predictions_0	predictions_1	predictions_2	predictions_3	predictions_4	target_0	target_1	target_2	target_3	target_4
1.1638138	1.5058973	1.6269778	0.92716706	-0.6629281	2.3855987	2.8263645	2.2824473	2.512109	-0.50865257
0.5758612	1.8253448	1.0695438	0.2636209	-0.8539909	1.3889623	1.5940887	1.7377455	1.0215622	0.3358595
-0.29339007	-0.6082264	0.15120491	-0.422934	-1.4899733	-0.35123816	-1.5789713	-0.20092426	0.32102507	-1.1978796
2.3288255	1.0703818	2.8462121	2.0304885	-0.0977675	2.989838	1.8649769	3.7289085	2.5084355	-0.70151156
-0.13360325	-0.83157086	0.5857054	-0.35375118	-1.5897659	-0.5581383	-1.0931714	0.53181547	-0.5677552	-2.1384861
0.8582635	1.8486233	0.8745965	0.55769616	-0.30184737	0.13243403	1.672691	-0.35330233	-0.51949257	-0.78178424
-0.2356208	-0.88164604	0.103775024	-0.40278083	-0.7040771	-0.05085914	-0.8990432	0.22259727	-0.5481647	-0.7316652
0.39732394	-0.032210335	0.85983515	0.18087994	-1.3284276	0.6244241	-0.3383934	1.3709016	-0.70251304	-1.1186796
-0.07173446	0.94823575	0.25453603	-0.23651887	0.09416103	0.49615481	-0.46601978	0.90825117	0.111487724	0.18108386
0.16387728	0.18391198	0.62681895	-0.04539442	-1.4646419	0.06604902	0.60820985	1.3464582	0.24950624	-1.12812
0.10091167	-0.80512714	0.78010523	-0.051779374	-1.4006729	-1.0840088	-1.7269843	-0.3741637	-1.8486034	-0.84449226
0.13342118	-0.53094184	0.67090416	-0.0074786693	-1.257561	-1.100636	-0.50018144	-0.16670156	-1.4892951	-1.5330942
1.6154826	2.7363417	1.8916104	1.2142838	-0.7669971	0.8304272	1.724986	1.3840512	0.41574374	-0.37782013
0.47624722	1.091793	0.61342263	0.24274902	-1.3020816	1.1987754	2.0213146	1.6150069	1.4718455	-1.3003591
-1.5811099	-0.6558951	-1.0803497	-1.6587784	-1.4034895	-1.4102906	-1.0871354	-0.4706707	-1.3157369	-1.1359973
-0.03520395	-0.7050339	0.17307845	-0.21353388	-1.350172	-0.7086533	-1.4935879	-0.48041087	-0.77630585	-1.2326268
1.682655	4.0929456	1.5903729	1.3784246	0.5026736	0.49620095	3.2987313	0.36478382	0.14995188	-2.7037187
-0.59967905	-0.32794997	-0.34761336	-0.71337837	-0.96852267	-1.5352436	-1.553662	-0.99267036	-1.6646187	-1.4732336
0.50920016	2.1115623	0.890818	0.14220785	-0.7297434	0.14237966	4.0495644	1.0359198	-0.10586327	-1.4861286
-0.3523623	0.09152427	0.19746256	-0.48986614	-1.2399894	-0.58977973	-0.08144354	0.14979023	-1.1709161	-0.5523615
0.32796696	-0.10427874	0.8257053	0.13307314	-1.6603742	0.07598225	-0.2232829	0.33806592	0.248787	-3.0307527
0.52626866	1.0915006	0.89897525	0.22433682	-0.46253532	-0.5652293	-0.3988945	0.71703917	-1.2608362	-0.85519904
0.48445973	0.6398803	0.84276474	0.27620357	-1.1128827	0.45934737	1.4481055	0.6823526	0.14243564	-0.9724107
-0.20944458	-0.133939	0.43278813	-0.3329895	-1.2576017	-0.45362493	-0.60766244	0.56467044	0.048737142	-1.5478772
1.0099548	1.3101277	1.299233	0.6780862	-0.89315856	0.5839389	1.3890091	-0.14161618	-0.48924646	-0.86692864
0.61758155	1.6881713	1.3674972	0.28072447	-0.14559472	1.2897247	2.021803	2.1544287	1.291098	0.63020533
0.575426	1.6599128	0.8590592	0.33706194	-0.14189257	-0.49932152	0.015619332	-0.03289459	-0.7042733	-0.5915403
0.44072065	-0.09372687	1.0582801	0.28951114	-1.429519	0.059185226	-0.37677628	1.053197	-0.18478253	-1.7517765
0.29398134	0.28604284	0.81399715	0.06591381	-1.0166823	0.1135821	1.1460259	0.459673	-0.6809936	-1.0725479
-0.16186598	-0.81022274	0.22537258	-0.32504553	-1.4971901	1.0991502	-0.2519837	1.565277	1.3684727	-1.3489825
0.57970446	4.6126657	1.1462152	0.2896856	0.991032	0.49845284	5.3906484	1.4694979	0.04316866	1.9203058
2.185628	2.3774312	2.285239	1.8382049	-0.3787458	1.8986604	3.5818686	1.6993282	1.9135245	0.3381565
0.96850234	0.62438226	1.4061787	0.7853464	-0.38437665	1.1684186	2.1426027	1.498333	0.45846325	0.45956805
-0.014541425	-0.21157633	0.30049816	-0.17434922	-1.4629792	-0.51550823	-0.37616053	-0.19780342	-0.4310102	-1.773466
0.5204421	0.119648546	1.0771896	0.34051347	-0.24287304	0.28099126	0.6468618	1.1380558	0.43697494	0.15228501
-1.6395013	-1.6080784	-1.1642418	-1.5754809	-2.0278797	-1.4202642	-1.3255663	-1.3283477	-1.2198658	-0.7833235
0.2561712	0.144389	0.6432959	0.047941446	-1.4522018	-0.61820203	-0.14150882	0.26481503	-0.5881792	-1.613461
-0.0058261603	-0.81843483	0.3207676	-0.17533052	-1.3627222	-0.23959167	3.7693748	0.30335778	0.4752457	-0.9206341
-0.71758026	-1.8622391	-0.3539128	-0.7312759	-1.0744373	-0.8698202	-1.6661892	-1.3894385	-0.7100507	-1.1969243
0.1930866	0.82927	0.36096898	-0.025868282	-0.1824803	0.64578253	0.86950624	-0.67628115	0.005005721	-0.74436057
0.58982295	1.9763305	0.7137302	0.21633975	-1.0704229	-0.09885155	0.5804153	-0.07713052	-0.5563948	-1.425708
-0.85706013	3.761851	-0.65443087	-1.278613	0.42534128	-1.7738515	5.472482	-2.049719	-1.647266	1.1183358
1.9352428	2.0828633	2.3454194	1.5879014	-0.74684024	2.6616018	3.482427	3.0612164	2.185734	-1.0063335
0.18004993	-0.011348635	0.6496991	-0.01902254	-0.7231046	-1.2212344	-0.83113825	-0.7470406	-0.48511264	-1.198174
0.57152987	0.8442209	0.9702624	0.30228376	-0.75204575	0.16322638	0.7923991	0.29718482	0.14241964	-1.3978324
0.47292683	0.8115541	1.05617	0.263492	-1.1449896	0.68391186	1.2852608	1.3436891	0.561787	-1.1235944
0.75449425	-0.22785792	1.5309151	0.5603798	-1.1049021	1.0543948	-0.77996916	2.156005	0.8281803	-1.1701834
-0.81648237	-1.0685207	-0.45888862	-0.83249354	-1.2016749	-0.89472836	-0.40177688	-0.5097396	-0.9626475	-0.7295294
1.4809221	1.8750002	1.6099784	1.2191544	-1.2064689	1.5611763	2.8048675	1.9995744	1.1692508	-0.07228491
1.537158	0.1894345	1.8869823	1.2828901	-1.5149513	1.0618571	-0.09016649	0.9013953	0.32685018	-1.324037
0.36665663	0.93402123	0.64897215	0.15623687	-0.75158966	0.078560315	0.068586856	0.5511188	-0.17398569	-1.1951537
0.2704937	1.2534633	0.6429247	-0.062392406	-1.1821545	1.0847203	2.6206486	1.5324786	1.487209	-1.2166967
-0.77360153	0.8738744	-0.36982325	-0.9863026	-1.1055086	-0.8201152	0.81931454	-0.723541	-1.3589023	-1.5517864
0.10858669	0.06258324	0.5761847	0.0128593	-0.81231403	-0.21390745	0.28331104	0.60240805	-0.13489231	-1.4731637
0.9899284	1.0741241	1.5804217	0.72405946	-1.0314372	0.7731432	1.2661678	1.883959	1.1863106	-0.22068502
1.759605	2.7754753	1.8376302	1.3292532	-0.33100355	3.3465183	2.938179	2.860435	1.6123664	-1.3637137
0.19283465	0.18557099	0.68542886	0.02286549	-1.1419826	0.7046644	-0.24977142	1.0100971	0.21282181	-1.6298735
0.64864725	-0.35309368	1.191092	0.40685618	-0.879724	0.66030174	-0.45526502	1.45376	0.23430105	-0.79512703
-1.4797827	-1.2194654	-1.0799586	-1.5331881	-1.306796	-1.6397569	-1.0577526	-0.28602362	-1.7215806	-0.8513085
0.8325455	0.6119534	1.1498146	0.56182694	-1.3492935	2.368203	-0.02740494	2.35275	2.2940977	-0.88927203
-0.53596586	-0.970168	-0.07930902	-0.62604606	-1.2372557	3.916216	-0.37437546	4.589906	3.2790143	-0.96844196
0.4546741	0.667706	0.8626071	0.20560645	-1.1395502	3.9255965	1.1653668	4.650439	3.1975145	-1.2510655
2.9490519	1.4249591	2.5886679	2.53722	-0.7600968	3.130832	0.8188331	2.3312907	2.6520333	-0.102163725
-0.9078719	-0.29488644	-0.43570706	-1.081185	-1.1744561	-1.5885069	-1.6546888	-0.581865	-1.8046958	-1.3584126
0.9867609	1.2986386	1.3002402	0.7516698	-1.0425391	2.070619	2.3485827	2.9926429	2.2188613	-1.0038345
0.041988492	0.3541415	0.21201247	-0.12145597	-0.92783904	1.0005176	1.0559549	0.9433716	0.5824076	-1.1340322
0.5516477	0.67610323	1.1289253	0.4102831	-0.8245644	0.8822314	0.23180507	1.0853873	1.0155152	-0.6724872
1.1469247	0.6376951	1.4165802	0.875587	-1.3045875	-1.1213179	-0.30639166	-0.46528718	-0.6472661	-1.5914003
1.2947936	0.16276613	1.5140307	1.0038084	-2.7925024	1.8963362	1.1595451	1.8964406	1.3180119	-2.9055154
-0.02284021	-0.16125034	0.35746065	-0.13110037	-1.3520432	-0.53732175	-1.1597093	0.096828595	-0.7397811	-1.6583768
0.87104267	1.8489656	0.7271464	0.68259525	-0.07384479	-0.5381912	0.10680723	-0.82499564	-0.7597606	-0.08446652
1.3277801	1.7621241	1.4363015	0.9955175	-0.77462137	1.0960371	2.189632	1.941846	-0.342567	-1.7050087
0.85382885	1.8635297	1.0419618	0.5861415	-0.14559658	0.55909014	1.684395	0.722099	-0.08643293	-0.8296942
0.6073548	2.4918668	1.0933076	0.20993482	-1.1053281	0.49600223	2.4897594	1.2554903	0.047696743	-1.1541252
2.3258402	3.0236142	2.2416024	1.875113	-0.5148113	3.419171	2.9211407	3.5203166	3.2476544	-0.6014028
2.9938958	2.0190594	3.264747	2.7921062	1.0483164	2.0379505	1.9304447	3.0373948	1.2039877	-0.028323961
-0.0070207193	-0.57587576	0.4044764	-0.16309044	-1.5487748	-0.5604909	-0.37547567	0.49211505	-0.62680566	-2.0499988
0.48018238	1.589896	0.5341239	0.24427848	-0.4108066	0.8306655	1.9496244	0.68641424	0.18831334	-0.009273144
-1.4166899	-1.4666317	-0.9010117	-1.3927075	-1.2865217	-1.4940679	-2.1850035	-1.2658689	-2.2218966	-2.0472627
0.13674381	-0.018288955	0.49499333	-0.05539058	-1.2094266	-0.55653274	-0.9296499	-0.55265534	-0.2443101	-0.2908845
0.41695225	0.7120459	0.966756	0.17256252	-1.2879144	1.03215	1.2461385	1.5140039	-0.7677527	-1.1337696
-0.21459755	-1.3025008	-0.07042697	-0.31831878	-3.2887127	-1.7217748	-0.89940584	-1.1367835	-1.8980243	-2.7950642
-0.4597434	-0.33123732	-0.12547904	-0.6553316	-1.2610134	-1.583192	-1.345527	-0.30625895	-1.7098695	-1.2366211
0.77173144	1.7984173	0.7813289	0.37401456	-1.1297233	-0.0348442	0.294082	0.11207137	-0.6320485	-1.4296913
1.538435	0.5888566	1.5131232	1.2307814	-0.53845155	1.9385339	0.9564606	0.6673086	1.796921	0.5445204
0.09965902	1.2885364	0.14848727	-0.16060936	-0.7424796	1.8450831	2.1154454	1.5799379	1.719085	-2.1416886
-0.667299	-0.9323529	-0.14334676	-0.8279605	-1.6613277	-0.080244444	-0.52729577	0.061445557	-0.33724338	-1.2827041
1.7409246	2.2717857	1.5963869	1.3706974	-0.83995914	1.8475567	2.3190176	1.1903696	1.1674742	-1.4755242
0.4184775	1.0659685	0.20523542	0.2896192	0.3663697	0.13406132	1.2447125	0.7134869	0.11182536	-0.6312627
0.04549689	-0.4807292	0.60286355	-0.06991159	-1.3931279	0.5059926	-0.057533316	1.1698136	0.59575576	-1.5218261
0.53516763	0.1918818	0.90820515	0.36099684	-0.9286382	-1.2955853	-1.2539803	-0.26312393	-1.5395572	0.14025432
-1.130934	-1.0150702	-0.67639935	-1.1886538	-1.212372	-1.3805585	-0.7339549	-0.81323737	-2.4988194	-0.99096864
1.408196	0.90059245	1.5043505	1.124833	-0.068011224	0.83425164	0.09458256	1.3022951	0.34254974	-1.8065186
0.67431045	0.17063066	0.8827795	0.38464046	-0.6819501	1.308644	0.5452379	1.8680727	1.1105363	-0.9109733
-0.12975985	-0.37829876	0.60331833	-0.20132795	-1.6110574	-0.4492788	-0.5411654	-0.43938908	-0.91899276	-3.3419924
-0.5807623	-0.6029203	-0.22068557	-0.64563745	-1.1872045	-0.30512598	-1.0905352	0.4164928	-0.50804067	-1.020712
-0.7094957	-0.32866344	-0.4746205	-0.78688425	-1.0497437	0.275816	0.46019408	0.41798723	0.6857481	-0.9032169
-0.28482416	-0.94750977	0.19678411	-0.409428	-1.4299799	-0.5739574	-1.282609	0.79411876	-0.49611557	-2.1314785
0.10846224	0.15768048	0.28099746	-0.077444226	-0.67055905	0.46165812	0.93417376	0.3257604	0.018114088	-0.52999413
0.4510264	-0.107089445	1.084168	0.24084343	-1.5157813	0.6201008	-0.24381372	1.0437857	0.25764838	-1.0734324
0.20846367	0.31045	0.54176545	-0.01879023	-0.99911475	0.032182306	0.13667825	0.47205526	-0.9790319	0.7796638
-0.30206075	2.4322405	0.24072178	-0.61163074	-0.24205083	-0.12722307	2.9565146	0.33458793	-0.41892692	-0.6037308
0.6123138	2.4444408	0.93449616	0.34077477	-0.18065311	1.3159294	4.418848	2.0082452	0.91763777	0.8269587
-1.0911936	0.41677096	0.8124728	-1.0664663	1.5215071	-2.0024507	-0.43813947	-0.6814861	-1.3507851	0.086535044
0.94623274	2.909443	1.134392	0.5532867	0.035233468	0.56784755	2.7965307	-0.6801312	0.048832253	1.0054163
0.13946596	0.0575296	0.5705234	-0.005848959	-0.8732413	0.12708215	-0.5909426	0.25509337	-0.076082475	-1.5569508
-1.211395	-1.3486627	-0.68428004	-1.2454486	-1.5497166	-0.6767946	-0.871407	-0.36462602	-0.8160793	-1.7568663
-0.89195794	-1.0193995	-0.5011543	-0.9447083	-1.1574004	-1.6218055	-2.8905263	-0.122973874	-2.299258	-1.7886989
0.23434272	-0.3899745	0.6146025	0.058617428	-1.3121537	0.346053	-0.86795986	0.36237404	0.027933879	-1.4246234
-0.49864897	-0.6917506	-0.08720079	-0.6175568	-1.3070736	-1.1720515	-1.1037955	-0.6999944	-1.3374531	-1.3252379
0.4978052	1.8684235	0.76455545	0.15644376	-0.6561352	1.8861791	2.8436015	1.3343635	1.7795911	-2.9370527
0.3314269	0.9666798	0.96039224	0.005445853	-0.70136213	0.48681608	1.3511609	1.5751603	0.17043062	-0.67008346
1.2949116	0.67893326	1.5845771	0.9850322	-0.62436914	1.054388	0.9671451	1.789788	0.31982034	-0.25816745
0.4474416	1.4011736	0.9923147	0.16107337	-0.91837263	-0.4030873	1.3189353	0.25918078	0.43667817	-1.1950023
1.4328576	2.2700014	1.8723005	1.0770004	-0.47989407	1.5876784	3.7310925	2.622719	0.8760987	-0.5375764
-1.4178271	-0.66663575	-0.926137	-1.5282335	-1.2866806	0.13452195	-0.63635856	0.08726566	-0.27179635	-1.5647476
0.21932453	0.28045323	0.6461233	0.08723299	-0.8495765	-0.5283094	-0.12505083	-0.18914603	-0.63611203	-1.0753595
1.0580782	0.87643194	1.404432	0.80989337	-0.99410725	0.45774257	1.4026312	1.3259406	0.715304	-1.798152
0.41279063	0.58926475	0.8730134	0.15973113	-1.2487613	0.51720154	0.6360777	0.61643773	-0.02509167	-1.2302127
-0.18554135	0.45635083	0.13295448	-0.46945107	-1.42314	0.04599544	0.5655069	0.84976304	-0.4810024	-1.4982675
-0.2888571	-0.41065192	0.06259248	-0.44506097	-1.29503	-0.19064525	-0.6650602	-0.33610228	-0.72782606	-1.393958
-0.8083787	-1.0274442	-0.39570156	-0.9090818	-1.3606108	-0.56540227	-2.0401058	-0.05414029	-1.3601141	-0.97346085
-0.64898294	0.781489	-0.66958666	-0.868482	-0.6734612	-0.2927463	-0.23395623	-0.08423232	-0.8057561	-1.3279594
1.1528317	1.7130517	1.6408757	0.8348634	-1.1183243	0.6454429	0.9538353	1.2459328	0.24448481	-1.6727241
1.9417173	0.2809846	2.3533788	1.6516321	-1.3885986	1.545705	0.3843278	1.9463689	0.59938216	-1.6363319
2.238578	1.7331996	2.2268052	1.914829	-0.5153989	0.3711071	0.10631102	0.46107608	0.42004323	-2.0764484
1.1870818	-0.1740833	1.6467102	1.0156924	-0.8240415	-1.173665	-1.5119917	-0.374609	-1.4948175	-2.060894
-0.046087004	0.039867014	0.7262992	-0.25915098	-1.6947719	0.25738683	-0.8766974	-0.68094575	-0.7791969	-2.416455
0.69005483	1.0564466	0.9681835	0.4951381	-1.499889	1.0631531	1.0757115	1.1768004	1.0528271	-1.010544
-0.65550107	-1.0012932	-0.24647146	-0.74436605	-1.4695493	-0.7560236	-1.0754551	-0.9590782	-1.3538928	-1.9240805
0.37727505	1.0995845	0.83008456	0.076834545	-1.0729008	-0.29508117	1.1384552	-0.31337097	-1.3619977	-1.9239998
-0.40165854	-0.77379036	0.08257058	-0.5309882	-1.5510334	-2.713482	-1.8396288	-0.43161482	-3.0400448	-1.629097
-0.37676919	-0.6163721	0.1959506	-0.51019216	-1.5530617	0.055309247	-0.100546345	0.72855705	-1.0913168	-1.3049554
-0.5430733	-0.7989732	-0.12295839	-0.64320016	-1.667529	-0.9301442	-0.99734366	-0.3729724	-1.2053959	-1.4327381
-0.61761254	-1.1142619	-0.32199344	-0.72229534	-1.4459299	-0.8794829	-1.6652532	-1.5896592	-0.60107654	-2.0382638
-0.4234333	-0.8781754	0.21890047	-0.56475145	-1.6899031	1.4059207	0.5608207	2.2193925	1.3531889	-1.3027879
1.2974237	2.1560805	1.6605945	0.8632376	-0.567765	1.3248405	2.974133	1.7184712	0.64605576	-0.7710688
-0.07562659	0.0426881	0.46560386	-0.28585285	-1.5183113	0.5233116	1.043084	0.90625155	-0.45182884	-1.3508261
-1.4315373	-1.218734	-1.0729308	-1.4772654	-1.2607954	-0.6484686	-0.65775865	0.21683738	-0.28469598	-0.83271337
-0.59827393	-1.0109426	-0.1160931	-0.5920157	-0.5449859	-1.2774884	-1.7252102	-1.0753798	-1.7374276	-1.7403836
1.8378934	2.3771179	1.783577	1.4344952	0.0065066814	0.8002777	1.9390439	0.43077984	0.598133	-0.6403627
1.9496361	2.8631508	2.3054736	1.5259622	0.09952739	0.15669943	2.6582415	0.7677226	-0.02166158	0.09493287
-0.3254291	0.124471515	0.24183008	-0.38718235	-0.87549555	-0.7760951	-0.48964313	-0.58363605	-1.3837981	-0.7671476
1.8313076	3.186397	1.9985566	1.456217	0.046805173	1.1697795	1.8381623	1.6793482	0.43590707	-0.407477
0.052518748	0.022071064	0.29801986	-0.058726534	-0.4449464	-0.9331342	-1.6407015	-0.785739	-0.53931797	-0.61726993
-0.19572887	0.5087174	0.30733195	-0.42217648	-0.7586173	-0.28256086	1.0793111	0.11997681	0.035733823	-1.4479728
0.31639206	2.065375	0.44802314	-0.13985175	-1.025643	0.06265573	2.8332858	-0.2103745	-0.093973145	0.71112347
0.12328646	1.6927094	0.38736674	-0.2076059	-0.41435856	1.3991418	2.2345085	1.9270828	0.8420537	-0.7736882
-0.41072848	1.3684561	-0.10743269	-0.6654506	-0.80879927	-1.5119352	1.2933311	-0.72946304	-1.8048283	-0.3727933
-0.37616	0.050644636	0.029041082	-0.6028563	-1.41386	-0.866678	0.26313692	-1.1608094	-1.3418207	-1.1298002
0.36193043	1.8754287	0.3737129	0.04967451	-0.8048222	0.4872535	1.2114832	0.62791777	0.6632519	-1.1638556
-0.35102165	0.009218663	0.30336288	-0.41119385	-0.9117571	0.48054746	-0.21588711	0.689434	-0.004802133	-2.3812246
-0.40766644	-1.0427883	0.0063494146	-0.46226066	-1.7449073	-1.0352151	-1.1297743	-1.8353503	-1.7758428	-1.7794713
0.5726436	0.029696912	0.92672336	0.42226285	-1.4433159	1.7932732	1.0891478	1.6549376	1.645563	-1.350785
1.0425041	1.3262972	1.346536	0.71931446	-0.8400058	2.674006	2.5920272	2.0120714	2.1988227	-1.1720853
0.4110965	0.14967334	0.6984072	0.16139384	-1.1184236	-0.45317245	-0.60748285	0.21253279	-0.55170715	-0.940157
-0.21550804	-0.82399404	0.19598243	-0.39977527	-1.6564122	-0.18906425	-0.3109839	0.26024634	1.3621285	-0.9794951
1.1845068	1.4254589	1.1219212	0.958076	-0.52968633	0.4938879	-0.5207411	-0.46283567	0.8885043	-1.7832824
-0.36513725	-0.38659802	0.30793205	-0.5092897	-1.5322726	0.36060035	0.48895234	0.7347725	0.018003326	-1.1005772
4.811509	1.8785753	4.6847887	4.1081595	-0.21714291	6.302029	4.233401	6.861404	5.533017	0.37380245
-1.7305425	-2.0011659	-1.2416155	-1.6530257	-1.832776	-1.2557827	-1.7354232	-1.2138687	-0.7421919	-1.8816894
1.8329161	2.5881035	1.6918417	1.3817105	-0.4786143	0.76186866	1.8772682	0.7509413	0.50210285	-1.686871
-0.044230826	-0.05263737	0.4759856	-0.20157601	-1.2975554	1.0516646	1.0002695	0.6304513	1.4290581	-2.5859597
-0.3285342	-0.6930538	0.13010597	-0.5096846	-2.095599	-0.73337436	-0.36075643	0.5154841	-0.9854005	-1.3889982
0.61239535	0.37795392	0.7894962	0.39985913	-0.03559333	0.7250499	1.5075035	0.45841587	0.77238655	1.2545841
0.004042886	-0.22282973	0.45462555	-0.022591129	-0.69654584	0.97034156	0.7284429	1.2235328	0.96274304	-0.5868971
-1.1598841	-1.3870595	-0.68500733	-1.1274189	-1.2324122	0.69658345	0.08306028	1.0051343	0.21492496	-1.4621594
-0.08106203	-0.067091554	0.14183488	-0.3085845	-1.3364073	0.73392916	0.25533956	0.97110444	-0.032979537	-1.6761369
-0.14938733	-0.25309983	0.24175283	-0.2868858	-1.3914834	-0.56426376	0.12985824	0.0018812217	-0.88879013	-1.418156
0.3091034	0.43394998	0.80950904	0.13790773	-1.088626	0.31132412	-0.31704944	-0.03227105	-0.83034045	-1.4068388
0.78954077	1.4675833	1.3203727	0.48640162	-0.9643216	0.5405449	2.426018	0.7294875	0.34226713	-1.7647383
1.3873805	1.4530742	1.8961005	1.1292163	-0.9423803	1.5584952	2.3259284	2.11826	1.3126674	-2.0042088
-1.0834011	-1.0445496	-0.4651185	-1.1784863	-1.5130297	-0.71353734	-0.7222233	-0.17041029	-1.0976168	-1.7355363
1.7729887	2.1786764	1.6593184	1.4177119	-0.32760113	1.6358147	1.27014	1.8138617	1.2300894	-1.7029256
-1.4587092	0.28744444	-1.1536493	-1.6276736	-1.0017362	-1.7987368	-0.06719821	-0.68796515	-1.654006	-1.4011126
0.26467288	0.43294826	0.67237866	0.11811273	-0.94831645	2.6279361	1.568632	3.1119378	2.2519343	-1.1890972
-0.09560951	-0.25525558	0.300399	-0.34216225	-1.8691045	-0.7816295	-0.8913075	0.2452825	-1.1806014	-2.1908996
1.4171786	-0.33954042	1.9499776	1.1674427	-1.7603245	0.90779924	-0.79582673	1.1508583	0.541855	-1.9263376
0.28983742	0.24686638	0.7117145	0.1570658	-0.74707544	0.09859078	-0.46069884	0.34044504	-0.20984615	-0.88031894
0.38619998	-0.053957418	0.89093757	0.24836527	-0.9112406	0.40479782	-0.17623283	0.78076863	-0.3486034	-0.90653235
0.62789863	0.9095137	1.277119	0.40979522	-1.1862195	0.6916358	0.8939751	1.3561411	1.0863824	-1.0302609
0.20289564	3.672223	0.29942113	-0.07182868	1.0034049	-0.5769033	3.3401618	-0.3139435	-0.48423916	0.3950893
0.114369415	-0.08437431	0.41427436	0.0034285039	-1.4150306	-0.9948743	-0.0009847215	0.18529321	-1.1809787	-1.6644776
0.88597226	1.4003046	1.2952888	0.70508736	-0.4533643	1.2479143	2.281348	1.3560745	0.98708373	0.20291841
2.755263	0.80240226	2.8539588	2.4053767	-1.6262571	2.9647167	0.83475393	3.0159338	2.8265	-1.9682674
1.3958346	1.3812206	1.6289747	1.0731031	-1.4219514	1.6575258	1.5155979	1.7688147	1.6380429	-1.5531735
0.44297716	-0.44142258	0.6002705	0.27858657	-1.075589	-0.3993644	-1.3344951	-0.5056808	-0.88613474	-1.0058445
1.5040709	2.8330488	1.6869037	1.0701946	-0.5153253	1.1066662	3.309497	1.9719179	1.3200309	1.1123586
-0.17758146	-0.37560922	0.35900527	-0.3256001	-1.4792784	-0.4283518	-0.3492334	0.20460156	-0.45272058	-1.4058411
0.6820182	0.90382826	0.9537904	0.37865973	-0.9585788	-0.29296702	1.1453459	-0.5642143	0.10472136	-0.688088
-1.3676594	-1.2137425	-0.92458546	-1.3722539	-1.5186545	-0.80453014	-1.1687355	-0.6807673	-1.5045304	-1.3406156
-0.5895437	-0.4740106	-0.1677787	-0.6593183	-0.7458031	-1.7482572	-1.5555158	-0.7737648	-1.5312737	-1.1723101
-0.47253147	-0.27323738	-0.10178286	-0.5623035	-1.040661	-1.1865402	-0.5228247	-0.59111017	-0.9316084	-1.5832888
0.6131685	0.2924799	0.97785294	0.39525342	-1.2005545	1.1365905	0.44159934	1.4688187	0.54602414	-1.6790221
0.7787804	0.038456947	1.183044	0.63059497	-1.6929325	-0.07126831	0.83060944	0.7052323	-0.07222024	-1.7426122
-0.083642006	-1.1468117	0.53176403	-0.2038774	-2.2737627	-0.80527765	-1.6754065	0.043788083	0.1503389	-3.17188
-0.82984704	-1.2028576	-0.38641098	-0.9013382	-1.2092085	-0.92522264	-2.0463421	-0.9365973	-0.93475133	-1.3262643
0.9552519	0.41536722	1.2805562	0.7631746	-1.4352518	1.9863414	0.92786616	2.1893253	1.7581005	-1.1991665
-0.85000783	-0.87488496	-0.3532941	-0.93909407	-1.2691103	-0.7564883	-1.4294608	0.1885348	-1.1891361	-1.3440336
0.43336198	0.015083343	0.98073506	0.24871473	-1.6845828	0.8690034	0.24683796	1.3170434	0.012103115	-1.7879242
-0.15951529	-0.5246562	0.17027819	-0.22091223	-1.0243993	1.1227397	0.58433086	1.4621853	1.2832667	-0.24624677
0.45320877	0.82725513	1.0481001	0.29694772	-0.4935328	-0.19246787	0.83152145	1.0625436	-0.29160935	-1.0361686
-0.92258286	-1.3128202	-0.38902035	-0.9440448	-1.6322495	-0.7676326	-1.0607498	-0.7807033	-0.8823423	-1.5183935
0.69128567	-0.30755267	1.0175747	0.55250984	-1.3371012	0.36013594	-0.31849617	0.40541857	0.37327886	-1.2841465
-2.4864593	-1.8298253	-1.7927778	-2.4748254	-1.9270941	-1.2628309	-0.7794483	-0.7393524	-1.2443972	-1.0379219
-0.7600684	-0.65036905	-0.39005157	-0.83222365	-1.0148199	-0.8432957	-0.39084417	-0.40208516	-0.6328406	-1.5575371
-0.94336534	1.522914	-0.085007936	-1.3105321	-0.84098387	-0.67860675	1.0090709	-0.20149879	-0.94197136	-1.824783
0.24259049	1.3898071	0.5240264	0.032893404	-0.39710322	0.85689574	2.2497842	0.71494967	0.035265263	-1.2129432
-0.9327591	-1.1539229	-0.42170545	-0.9704828	-1.014339	-0.8088004	-0.8905724	-0.7314608	-0.26733837	-0.32109165
0.39976308	0.64390683	0.5327184	0.18751381	-0.32093287	1.2041059	1.1556013	1.1532621	1.1493402	0.37485152
1.0676346	2.7113924	1.1864239	0.7318023	-0.22007245	1.9350072	2.917612	1.9439102	1.6357644	0.064453825
-1.141687	-1.2786366	-0.6872798	-1.1454363	-1.2796451	-1.687105	-2.3484929	-0.72601104	-1.5201362	-1.7666857
-0.6289647	-0.66596633	-0.17660284	-0.6975818	-0.78375185	-0.37899554	0.0766653	-0.24950945	-1.0911406	-0.86470854
0.23656207	0.5176332	0.8302522	-0.019310907	-1.3419455	0.23681171	0.10337804	0.38082734	-0.3210326	-1.171089
-0.22651654	0.07312122	0.052747756	-0.354429	-0.91670847	-0.67168283	-1.2771277	-0.4728462	-0.69518995	-1.4279723
0.30859435	0.22873947	0.76358914	0.15902181	-1.2083042	-0.19586784	-0.35679385	0.7082425	-0.12106206	-1.501584
1.1807677	2.3798912	1.1145117	0.8835659	-0.2904904	1.9559562	2.3602448	0.7636413	1.5599645	-1.0815254
0.49981055	0.7009921	1.0705918	0.30294383	-1.1456517	0.42993614	0.15636896	1.0031531	0.10806252	-1.7947159
0.4034315	0.5095141	1.1371945	0.19688071	-0.846552	0.32194903	0.5637214	0.8703698	-0.15817024	0.27058992
-0.7616465	-0.9397589	-0.37478414	-0.8241366	-1.8924787	-0.95688564	-0.3346786	-0.87186265	-1.5066444	-1.9155036
0.7510878	1.8218317	1.0758796	0.45696074	-1.0452855	0.0690954	2.451891	0.58241004	-0.27851456	-1.0751779
-1.0414522	0.6106285	-0.6075071	-1.15434	-0.18207026	-0.8725375	2.2657304	-0.27737296	-1.0617357	-0.35425192
0.1753079	0.15934125	0.7447839	-0.01720737	-1.2219433	-0.75147414	-0.50362486	0.40869036	-0.9478985	-1.6695933
1.1077738	0.51867616	1.1594903	0.86990654	-1.0662538	0.6035713	0.38781762	0.46636993	0.27860746	-1.1156183
-0.08456466	-1.1898165	0.091394216	-0.2054704	-1.1729877	-0.24870075	-1.4980416	-0.03817563	-0.23604244	-0.7250155
-0.39286807	-0.8097724	0.06612137	-0.43953228	-0.70948386	-0.9728298	-0.6269948	0.3961735	-0.6040844	-0.345311
1.1099411	0.18349382	1.2341756	0.98470116	-0.4565786	0.505718	0.06535558	0.6536844	0.99632794	-0.68721503
0.058672093	0.5444343	0.4045661	-0.14295779	-1.1784844	-0.57551575	-0.51067877	-0.7587654	-1.2912822	-1.251792
0.10267844	0.326767	0.66482645	0.037652746	-0.4665698	1.5022153	0.99075717	1.5849177	1.3721515	-0.45037836
0.36117914	0.23680419	0.96770513	0.1910802	-1.1272748	-0.20340855	0.24177404	1.2426087	0.9157095	-1.2173737
0.65648234	3.0722206	1.0994263	0.32192636	2.1503782	0.21509692	1.8629616	0.3333637	0.69078517	-0.4596288
-0.3722149	0.13274449	-0.4018704	-0.4931566	0.47643557	-0.859969	-1.4560915	-0.94567347	-0.6880235	0.556792
-0.07716123	-1.4297056	0.031692117	-0.20653452	-1.3109983	1.9333097	0.43121222	1.1189289	1.797487	-0.028513577
1.9674331	1.2236712	2.173483	1.7225397	-0.8231504	2.751362	0.5000794	2.8229048	3.1695993	-2.7885418
-0.71651083	-0.5746958	-0.5229186	-0.85234326	-1.4678286	-0.9147147	-0.5955332	-0.58708334	-1.2142841	-1.431092
-0.9231465	-0.5047201	-0.4991556	-1.0801057	-1.1647555	-1.1078726	-0.8210736	-1.3054762	-1.1052698	-1.1695361
-0.570542	-0.6440331	-0.24372515	-0.67818207	-1.207424	0.2760158	0.39735955	0.54287624	-1.1644951	-1.2454635
1.2026138	0.4024922	1.4573187	0.9073448	-1.5004482	1.8251299	1.2291024	1.9370397	1.5025868	-1.8363283
-0.541308	-0.30722684	-0.16725451	-0.65770257	-1.594044	-0.81962025	-0.89320487	-0.2828015	-1.972948	-1.787931
0.29338896	1.8632448	0.49601695	-0.042925566	-1.3660976	-0.2181021	-0.25452474	-0.7344463	-1.0792358	-1.77776
0.8797591	0.8455467	1.3374375	0.6421348	-0.85532594	0.5507817	0.057376288	0.76153857	0.28719088	-1.3407117
-0.32214883	-0.5798106	0.43928182	-0.49628836	-1.0794994	-1.1218139	-0.46947598	-0.6578164	-0.6197541	-1.3218098
-0.038367398	0.2914057	0.29210368	-0.25957114	-1.109789	-1.125276	-0.30033875	0.5077726	-0.029467955	-0.7919912
0.1969423	-0.611967	0.58561575	0.062724456	-1.7180344	-0.45289296	-0.34896752	0.40257064	-0.092197046	-2.7470238
2.571937	1.1977602	2.8100536	2.1569552	-1.0690067	2.0014234	0.6376278	2.7664175	1.3326482	-1.0866475
-0.014625683	0.9064574	0.6277768	-0.3108226	-1.2475927	-0.012570061	0.75687295	1.0982788	0.25504252	-1.4674017
1.8384722	2.4494925	1.9865273	1.5027217	0.20514753	0.65973216	0.63492125	0.93242943	0.7542674	-1.139248
2.238003	1.4562355	2.087366	1.8649192	-0.5266547	1.1196991	2.9174056	1.9914725	0.9336123	-0.1371
-0.041051902	-0.336414	0.2051557	-0.15683939	-0.95911705	1.104176	-0.6185469	0.92974496	0.967642	-1.2689519
1.0290437	0.47896674	1.8457993	0.83289087	-0.6298687	0.88484097	0.8948416	1.5894693	0.5872295	-1.3199948
-1.4318974	-1.1177684	-1.0664868	-1.4295567	-1.468243	-0.87804604	0.0067322324	-0.30385607	-0.7309454	-1.1839571
0.28590578	-0.08370407	0.76727915	0.08171804	-1.7454082	0.5891178	-0.27879244	0.90214574	-0.13581346	-2.6077008
-0.2971129	-0.08519611	-0.0023927987	-0.34865558	-0.70717394	-0.8847846	-0.63115275	-0.5455678	-0.348858	0.066260956
-0.29122397	-0.34100297	0.398499	-0.43772078	-0.8541725	-0.5186922	-0.66236883	-0.37193856	-0.143585	-1.6815526
0.26961908	0.9416735	0.34571648	0.015360519	-1.0314591	0.8968412	2.276784	-0.04068156	0.054653697	0.20254357
-0.0423797	-0.53980684	0.49290255	-0.19120991	-1.3110695	0.588176	-0.2369972	1.0182848	0.59778225	-1.1074435
-0.54483694	-0.2387877	0.07199091	-0.7563856	-1.5869995	-0.8875625	0.013470623	-0.50591147	-0.51129276	-1.5765963
-0.08026498	2.3570178	0.30139863	-0.46729094	-0.85866725	-0.782385	2.7320144	-0.8251978	-1.820786	-0.7744073
2.419971	1.1358308	2.524339	1.9404418	-1.2969688	4.0765033	0.053982396	4.6875324	4.208603	-1.3142626
-0.7426815	-0.10143937	-0.2896205	-0.87245214	-0.8516295	-1.6470901	-1.7209392	-1.4064875	-1.8948959	-1.7858963
-0.22573406	0.5831908	0.28413868	-0.48378587	-0.9942622	-0.44704324	0.04231361	0.26280472	-0.8928464	-1.3742269
-1.1606277	-1.2099618	-0.74570334	-1.1463289	-0.5097436	-1.4753325	-1.1365741	-1.2671103	-2.0502062	-0.20975995
1.5434538	0.21745929	2.154224	1.3643703	-1.5029653	0.08003577	-1.0475916	1.6118894	0.50877035	-1.2355341
-0.030186065	0.11853042	0.3648411	-0.27702582	-1.4372067	-0.9169906	0.5475646	1.2952343	0.41665396	-0.92847383
-0.2333262	0.6775726	0.2902231	-0.460311	-1.3497654	-1.0465771	-0.3762316	-0.40140256	-1.411229	-1.9199599
1.0768082	1.0114571	1.1619693	0.72160697	-1.1675946	0.7553755	-0.35500848	0.8010275	-0.21761017	-1.2831641
0.42724484	1.805656	0.6698257	0.18588458	-0.9242482	1.5142126	5.419894	0.98279226	-1.0205806	-1.6113111
0.32659194	0.09132379	0.7927067	0.0864418	-1.6177151	0.0065380973	0.015794247	0.67783767	-0.44527423	-1.5048704
0.057966374	2.8287568	0.68621457	-0.39385667	-0.83484006	1.1674253	1.8418736	1.3417022	0.75973666	-1.9967788
-0.4268106	2.0494604	0.2693723	-0.5161534	0.32986644	-0.52480346	1.4517806	0.32769272	-0.48444903	-0.28595006
1.186016	2.7745163	1.1574779	0.7904693	-0.38098866	1.0354925	2.5633	0.39095265	0.14270434	-1.798152
0.21833205	0.12722519	1.1315298	0.010624096	-1.3542813	0.24490607	0.22798517	1.1701728	-0.12789337	-1.5563167
0.052264817	0.44054362	0.5174194	-0.2135598	-1.370704	1.0493051	0.90505433	1.2354642	0.7785552	-0.9478528
-0.17528132	-0.20173791	0.28552544	-0.34037495	-1.4943057	-1.5000123	0.41694045	0.47543907	-1.5477304	-0.73041844
-0.3794742	-0.5861094	-0.029557109	-0.50673616	-1.1827419	-0.7744017	-1.0335013	-0.20862372	-0.78837776	-1.1814182
-0.33210838	0.29232034	-0.03354168	-0.57554984	-1.5811664	-0.22332285	0.9608949	0.46514434	-0.2443101	-2.3064437
-1.456532	-1.2488763	-0.9168713	-1.5260969	-1.9239472	-1.1575726	-0.9616411	-1.0722998	-1.6035721	-1.7462296
0.91731364	0.7539319	1.3101797	0.6995405	-1.5056534	0.8900781	0.7211283	1.6974427	0.9309511	-1.936666
-1.2089108	-1.4816457	-0.6941935	-1.213077	-1.177412	-1.0667573	-2.0342982	-1.9767448	-2.0318737	-1.2997673
0.97981995	1.7650745	1.6164639	0.6557515	-0.7970995	1.7994969	2.395421	2.844637	1.8090287	-0.2516025
0.7688493	1.8692296	1.227148	0.4643759	-0.7763723	1.4614166	0.13518883	1.8863645	1.1320658	-1.5480361
0.26884836	1.1402558	0.7152606	0.006935522	-1.1760424	0.056022458	0.9401015	0.31863108	-0.047314867	-1.0303903
0.22093204	-0.051591873	0.5493859	0.12527506	-0.9172288	0.9278115	1.0034494	0.9555115	0.31937957	-0.9599644
-1.2198182	-0.7857387	-1.0393434	-1.4198426	1.4886888	-0.53061706	0.062137794	-0.86137277	-1.4902949	1.1406943
1.3856488	2.1163635	1.0470867	1.0853695	-0.7990643	2.7468648	2.945763	2.4247825	2.1833203	-1.1328454
-0.13026842	-0.2306273	0.6377771	-0.31738618	-1.5482811	-0.7514124	-0.07805615	0.0006281817	-1.0022441	-1.6329052
1.2324938	4.8050046	1.3512328	0.7054791	1.8978726	-0.20718376	3.0007625	1.2184356	-0.90356225	3.5651774
0.28873065	-0.7883189	0.6670432	0.17936213	-1.2025955	1.6491557	-1.0607244	1.2888663	1.7288394	-1.6414709
-0.5255217	-1.2908757	-0.05024293	-0.64863366	-2.1890903	-0.39830017	-1.0409975	-0.60201114	-0.49316102	-2.2592087
0.46159217	1.2547585	0.8241198	0.027482703	-0.88887835	0.7064387	1.7373381	0.7443596	0.35781923	-0.85668904
1.0277371	3.865877	0.95789003	0.5840244	-0.3453764	0.7713581	3.2685668	0.38665068	0.25095388	-1.2202717
1.2662705	0.6540384	1.9225581	1.1421529	-0.56406647	0.1843989	-0.121235475	1.1789889	0.4086115	-1.7159201
-0.3779086	-0.32643667	0.002095133	-0.46219414	-0.9059702	0.74942595	-0.06324148	1.5330361	0.86037594	-0.6980601
-2.106791	-2.004991	-1.3167197	-2.052456	-1.3520652	-2.4248214	-3.1647873	-1.2332394	-2.7173116	-1.3060855
0.8057984	-0.35152158	0.9918717	0.6576635	-1.2581936	0.040213063	-1.2655535	0.44149613	-0.024441123	-2.3795416
-0.13324127	-0.90425646	0.34387615	-0.28663164	-1.746332	-0.29407156	-1.0734031	0.26814935	-0.7855096	-1.8772349
0.23705858	0.9042232	0.58757937	-0.02220942	-1.188296	-0.110327914	1.0183885	-0.6791347	-1.0722215	-1.4792749
0.46174368	0.265165	0.9686161	0.2690572	-1.2765555	0.5996745	1.2476488	1.3041209	0.1496912	-1.4109077
0.31618765	0.42268053	0.53732824	0.1403775	-1.0462543	-0.030082097	-0.34029973	0.33187088	0.22337638	-1.2787035
-0.67143494	-0.30142358	-0.09439853	-0.71527684	-1.1263144	-0.808356	-0.0876439	0.190795	-0.8146994	-1.5927974
1.2116445	2.1769521	1.4535826	0.9148421	1.4975513	1.7814653	2.6506717	2.8000007	1.3658183	0.014974803
1.3360041	0.2660105	1.6656855	1.0716525	-0.16163804	0.6102727	-0.65769356	1.249252	1.1665151	-0.13771623
1.3762524	0.09809384	1.8126448	1.14685	-0.5592419	2.2854838	-0.21367349	4.187194	1.9687616	-0.9585592
0.3768643	3.464313	1.0829438	0.025576994	-0.3107534	0.9198551	4.363383	1.4490123	0.23019838	0.4338052
-1.4886616	-1.2027868	-0.9295963	-1.4722489	-0.70299304	-2.1898043	-1.6517003	-1.6751624	-2.4512963	0.14929494
1.6834822	1.0945989	1.993385	1.4432231	-0.75792634	1.7795042	1.3936568	1.2002399	0.5909859	-1.5066574
3.3708138	2.0960226	3.4610028	2.9591143	-0.047525764	3.064641	1.5154569	3.1350842	3.0480902	-1.349602
0.92453927	-0.34169573	1.4903064	0.70393705	-1.9558293	1.5806102	-0.7248898	2.995416	1.7871569	-2.402714
-0.29987726	0.05343443	0.2554429	-0.43922865	-1.1787646	-0.4421793	-0.9619427	0.14858018	-1.0917609	-1.8380895
3.3988283	6.815471	3.7729058	3.0555303	3.2431726	3.128475	5.5235806	3.2650254	2.6338732	1.826456
1.0069296	0.30378124	1.8914111	0.6685888	-1.5158312	0.6599955	1.3906469	1.0390418	-0.35294628	-0.9892824
0.12884703	0.8978462	0.46154878	-0.038185284	0.027180552	1.7737713	3.5543084	1.6391182	0.08675509	1.7898278
2.2228758	0.3856044	2.5544393	2.0042489	-0.96718204	1.8006378	-0.31808573	2.6967967	2.353496	-1.1090653
0.7674838	1.2251333	1.2724097	0.5246721	-1.0264161	1.0770607	2.0471473	1.754326	0.81944555	-0.12628137
1.2523518	3.7615185	1.3577987	0.7273115	-0.33232033	0.69398844	5.187162	1.681276	0.44276893	-1.570355
-0.22236589	0.9750314	0.14094062	-0.52624184	-1.0872986	-0.67347634	0.24644001	-0.50997835	-1.673661	-2.3129966
2.550402	2.2863185	2.9734147	2.1131752	-0.7376336	3.4807644	1.1990658	3.7518566	2.7966716	-1.4290622
2.320014	2.3718288	1.9946705	2.0193508	0.06967309	0.75914145	1.771553	1.090349	0.21871634	0.76240516
-0.017430563	-0.8702301	0.65076286	-0.085643694	-2.0132117	0.45297927	-0.6428796	0.348599	0.20073085	-2.0772598
0.1711753	-0.5808599	0.553102	0.05711378	-1.0481864	2.4806502	0.79183984	2.5792153	1.7433558	-0.7490808
0.7524647	1.5484262	0.92435527	0.38683993	-0.3009554	0.62032986	2.5185206	0.49484432	-0.32318452	-0.9151921
0.3321121	0.55717146	0.76995003	0.15663953	-1.1665412	-0.25102592	0.6940301	-0.030067874	-0.40165251	-1.6549655
0.9239988	1.7359412	1.4549503	0.7096467	-0.48584008	0.9281829	2.667662	0.40532193	0.2354132	-0.71690875
-0.50234735	-0.9120743	0.3804932	-0.5772098	-1.7202976	-0.62630594	-0.8911828	0.05270721	-0.7377077	-1.1742662
-0.40719002	-0.75264037	-0.118248045	-0.50380623	-0.7716614	4.1208167	-0.36145118	4.0570025	3.2503536	-1.1320297
-0.51251	-0.772624	-0.041105717	-0.619591	-1.6176885	-0.38292786	-0.42158377	-0.24409318	-1.0716397	-2.0082388
0.15399027	-0.018802613	0.46943122	0.02381371	-1.2497456	0.05464396	-0.10618716	0.32384565	0.022821542	-1.1897326
0.16728652	0.858474	0.56930184	-0.054363906	-0.9055072	0.45481884	0.92657304	0.4214991	0.1901948	-0.95898473
0.18926379	-0.4752984	0.7707937	0.03876953	-1.8735746	-0.15910862	0.15272059	0.77806634	0.04305721	-1.4324286
0.056944124	0.91737187	0.36419192	-0.13877523	-0.09709296	-0.00092900504	1.5344764	0.60807776	-1.5983773	-0.3295589
0.43388125	-0.50153744	0.91237104	0.18929641	-0.6769407	0.305597	-0.15829395	1.1747272	0.08775626	-0.95972514
-0.1847915	0.50085545	0.84442186	-0.32876372	-1.3979642	-1.0545422	0.047941994	-0.5568539	-1.0461208	-1.9179159
0.06405153	0.55541086	0.4387573	-0.14886199	-0.8857163	-0.27773336	1.9893614	0.23980106	-0.5917502	-1.4507113
1.1259254	1.7659726	1.6755575	0.8674679	-0.757477	1.5269886	2.279158	1.9429793	0.87293047	-0.9855418
3.4946826	2.3479738	3.8307273	2.946535	-0.082833946	2.3911648	1.8906546	3.7339702	1.8076613	0.30539522
0.6446513	3.5446012	0.8922739	0.19428684	-0.7836945	1.0698308	4.237743	1.5881101	0.32888386	-0.6073175
-1.0119303	-1.1043322	-0.52766585	-1.0302525	-1.3740802	-0.8707405	-1.7541358	-0.3363857	-0.7347832	-1.2536657
-1.3166941	-1.017154	-0.8872367	-1.3503706	-0.95441365	-1.705496	-1.9765756	-0.5228351	-1.0958112	-0.48060182
1.1453022	1.2147992	1.6646425	0.9465003	-0.7460183	1.880207	1.8767391	2.800375	1.3864802	-0.592151
0.28052506	0.65469444	0.42612168	0.019262418	-0.88568974	-0.42503035	-0.5485942	-0.2543523	-0.82570153	-1.3425794
2.970147	2.5765917	2.832248	2.6243892	-1.0080949	1.5253905	1.1444546	1.8953502	1.4292749	-2.403762
0.37841734	-0.027493685	0.952163	0.25070965	-1.2749995	0.6933386	-0.082742006	1.6127859	0.6657278	-1.1506256
0.22186586	-0.42066014	0.744002	0.10860692	-0.47184294	0.73903334	0.34435025	1.3979366	0.59851676	-0.9220399
0.30737182	-0.18597461	0.9853029	0.17185165	-1.7641633	0.32774845	-0.362666	0.8310703	0.4534983	-2.050348
1.387389	1.215817	1.8906603	1.1646129	-1.2117945	0.1563046	0.9818552	1.3882067	1.1951717	-0.14078093
-0.80154246	-1.0374043	-0.0039903224	-0.8687017	-1.3724178	-0.5454662	-1.0165501	0.5666493	-0.5487405	-0.88631946
-0.018565401	0.37711838	0.28730404	-0.17807733	-0.62440014	-0.20177305	0.08676123	-0.2362611	-0.6458221	-0.050584957
-0.2642333	0.25108072	-0.119508	-0.42153513	0.5381993	-1.2835329	-0.89014393	-1.2663203	-2.4497766	-0.99982613
0.58870256	-0.35765943	1.103902	0.38130784	-1.4593246	-1.8556501	-1.894316	-0.22143044	-1.809135	-1.6411736
-0.5757144	1.4256082	0.13906848	-0.75829715	0.38992086	-0.46008617	3.5927553	0.26871526	-0.80178225	0.5636437
-0.04975895	-0.509125	0.31552282	-0.22004564	-1.5874864	-0.42489165	-0.8236693	-0.38524958	-0.23176488	-1.2490075
0.73615074	1.4502327	1.0936534	0.40115124	-1.1672368	0.4214526	1.2739837	0.91253376	-0.033258393	-1.3788977
0.5913208	1.3044341	0.84839094	0.29084462	-0.9169946	0.1540365	1.7224002	0.25323415	-0.40313846	-1.1266246
0.34065434	0.58403945	0.572724	0.12560792	-0.6974438	0.01988004	-0.096854456	0.34031174	0.36889955	-0.3795799
-1.6897389	-0.96822655	-1.2652746	-1.6861347	0.5457555	-2.376335	-1.7305142	-0.8957609	-2.2198658	-0.006726074
-1.5165564	-1.2347299	-1.066195	-1.5303514	-0.51437914	-1.9459646	-1.2792453	-1.3919431	-2.804987	-0.8217943
2.1197286	2.2407265	2.393596	1.7071466	-0.60656995	0.9365267	1.2789075	1.7778945	0.5570694	-1.8485607
2.3111582	3.4444299	2.3369303	1.7608726	-0.38707608	4.8060303	3.4810028	3.9701192	4.050574	0.123276256
-0.4151589	-0.07981986	-0.04832986	-0.4359519	-0.1690487	-0.69707423	-0.9188686	-0.55612683	-0.5860959	-0.21397789
0.0017032251	0.46095207	0.55775774	-0.24677417	-1.4390376	-0.1788639	0.14698529	0.5899035	-0.7335435	-0.9800979
0.70498186	1.9047165	1.0819371	0.33514178	-1.2338727	0.6752326	0.48921725	1.1058064	0.41682774	-1.5066782
-0.10537237	-0.23672676	0.41398937	-0.15784034	-0.14392354	-1.2064445	-0.9881411	-0.5067019	-0.81451607	-1.1842846
-0.14022198	1.2608205	0.109440476	-0.50190485	-1.6744639	-0.4131376	1.6432414	-0.5703259	-0.54242116	-1.5947661
2.8190014	2.9503937	3.024511	2.3079774	-0.18873185	2.5885885	2.290791	3.426351	2.4407647	1.2050958
-0.058964558	-0.40722847	0.31801316	-0.22101568	-1.3897526	-0.47601882	-1.2236114	0.8196727	0.23670599	-1.4972305
0.09075927	0.14847991	0.4131114	-0.12666358	-1.0804834	0.020467531	0.58716017	-0.65565246	0.10206235	-1.0858823
-0.740144	-1.4203091	-0.26094463	-0.80844307	-1.4155052	-1.0330902	-1.5090579	-0.20105211	-0.9653577	-1.5975589
1.322301	4.6678424	1.3031144	0.79435134	-0.91756105	0.38098022	4.3098774	0.45166174	0.027202781	-1.0857353
-0.078276135	-0.8059596	0.4824359	-0.30194408	-1.4282392	1.0126457	-0.73164576	0.57142496	1.2248173	-1.4980521
1.0088401	0.571977	1.7587106	0.7762166	-1.5903665	0.15325157	-0.11673874	0.42504558	0.5126481	-2.4882646
-0.11000356	1.3926826	0.2715404	-0.4083662	-0.96309865	0.11923468	1.5294482	0.64859045	0.24891178	-1.2990638
0.31795844	1.3950466	0.480793	0.08599512	-0.42400336	-1.0582099	4.1450596	-0.89617413	-1.3050654	0.30054575
-0.5836435	-0.43716133	-0.28522292	-0.7037532	-1.5766599	-0.79466176	-0.82289916	-0.043842923	-0.70437694	-1.3851606
0.20811364	-0.15554492	0.5779958	-0.017092437	-1.6493459	0.15741491	0.6753984	1.8737222	0.11620193	-1.6826748
-1.037451	-1.5825998	-0.5663866	-1.0958376	-1.482259	-1.5082933	-1.362935	-0.53411746	-1.8048283	-0.93290454
1.1016568	1.0181638	1.4983747	0.89257336	-0.13384199	1.0199763	4.028612	1.5497627	0.6043859	1.0122324
0.82687616	1.6461332	1.0161178	0.573008	-0.47512928	0.33397406	0.9948071	0.7724452	0.5392797	1.114557
-0.087457836	-0.33534038	0.5126072	-0.2545678	-1.6440607	1.5286611	0.36452633	1.631338	0.88661176	-1.8411156
0.90828323	0.061681896	1.2754623	0.75984424	-0.55052465	0.92013	0.16751288	0.39264855	0.89949995	-0.9912894
-0.18140616	-0.4977856	0.32729542	-0.30368167	-1.7986376	0.22439082	-0.87962824	0.63825786	0.29012272	-2.2378185
1.7364768	0.21279585	1.8963419	1.5657994	-1.3968081	0.1702421	-0.0387183	0.6019023	0.1517127	-1.454486
0.21519613	0.49464145	0.77618766	0.031024978	-0.9201133	-0.21829751	0.20067501	0.515305	-0.633703	-1.0299411
-0.89599454	-1.3776801	-0.45731178	-0.9618646	-0.6835208	-0.4487241	-1.2756256	-0.35657623	-0.5586037	-1.0889063
-0.17038889	-0.22072908	0.21474814	-0.3572925	-1.1131767	-0.42434818	-0.47685638	0.01604009	-1.3621879	-0.86932784
-0.28236613	-0.25265193	0.12262921	-0.47998214	-1.2475276	-0.37868062	-0.35763344	-0.86061585	-1.9963626	-1.7726569
0.2962284	0.76700187	0.6526127	0.0029242486	-0.8602166	0.7944161	1.7537445	1.6114336	0.44088745	-0.83074856
-0.10403236	0.7371974	0.29176047	-0.29095227	-1.1847878	-0.08542848	0.45123506	0.47466025	-0.22411925	-1.4365599
-0.07224206	-0.8340988	0.29128608	-0.18506224	-1.613101	-0.0033597995	-1.4166772	-0.47851664	-0.42986017	-1.4955744
-0.34075865	-0.8509476	0.08819991	-0.42676538	-1.37777	0.12166603	-0.37052646	0.24917983	0.08439794	-1.0991037
0.80819315	2.8647792	0.9793576	0.4646957	0.6596608	-0.7938521	2.3923292	-0.23359086	0.0048106317	1.3962133
-0.3214862	-1.139313	0.1595883	-0.39781904	-1.6971452	-0.7122084	-0.95102805	-0.7122589	-0.40206102	-0.75820196
1.061997	0.7957741	1.1484298	0.8677832	-1.0870032	0.46312815	0.34118408	1.3231152	0.76188225	-1.9133991
-0.4725568	-1.4949627	-0.20328948	-0.60129243	-1.6716238	2.1391194	-0.2639488	1.2632021	1.6524805	-1.5289553
0.25372368	0.6342125	0.6519306	0.039238706	-1.4196855	0.054191854	1.4734405	0.7875809	0.1729944	-0.9947913
-2.1615212	-2.1321263	-1.5042927	-2.0143673	-1.4719292	-2.101225	-2.147005	-1.3266938	-2.8510966	-0.7307096
0.634383	0.056625664	1.3758447	0.42450607	-1.4139551	1.0464419	0.8619889	1.6613517	0.26981127	-1.2388295
1.191905	0.6099466	1.6947024	0.89946187	-1.1649197	0.294483	0.34054855	1.2468451	0.32108846	-1.2630792
-0.43674162	-0.1408251	-0.11301538	-0.61126393	-1.6592461	-0.6977866	-0.31540316	1.0343301	-1.2443972	-1.8724871
0.81161517	1.3618097	1.061698	0.54654074	-0.97466385	-0.7557166	0.5348637	0.3821466	0.9543172	-0.40686458
-0.6040173	0.5612681	-0.15722087	-0.7507316	-1.1629697	-1.4220469	0.29351914	-1.306162	-1.4406343	-1.5734496
0.70994484	0.5385431	1.4541711	0.5584624	-1.384541	0.03059986	0.24766262	0.8098767	0.17879139	-1.5219241
0.6992075	1.5629773	0.66119266	0.46267277	-0.0039328933	0.60678536	1.7044815	0.62054145	0.06487566	-0.31487927
-1.4133186	-1.433529	-0.83556926	-1.4378259	-0.97700775	-1.5045854	-1.4524529	-1.207435	-1.7960123	-1.3251035
0.25463694	0.28206983	0.417569	0.15865846	-0.973091	0.5289042	-1.0583647	0.31432268	0.17234041	-1.5343874
0.106590755	0.33420077	0.41670084	-0.18710537	-1.3184291	-0.53508323	-0.2055447	-0.89368165	-0.27260184	-1.7652718
2.412314	0.9750869	2.5484943	2.0480733	-0.74058294	2.4026892	0.88744	2.294985	1.3851554	-0.66659826
2.3212788	2.8637645	2.155985	1.9538431	0.09382331	1.5339595	2.795128	1.9869255	1.0652125	-0.14530477
-0.3324283	0.5431291	0.09744629	-0.3818841	-1.435609	-0.36137122	1.7104149	0.10117912	-0.33317706	-1.5249908
1.5479294	2.903048	1.7096419	1.2053123	-0.10250771	0.8323629	3.636122	1.2913212	0.32898453	1.9083407
-0.4297754	-1.219932	0.19379881	-0.5520775	-2.3057692	-0.03471039	-1.4146148	0.026862426	-0.8762446	-2.4811954
0.0065100417	-1.4354135	0.3976504	-0.042133406	-1.2542506	-0.6662158	-0.52311194	-0.36828843	-0.95683134	-1.7025691
0.8041089	2.6730587	1.1828488	0.4074484	-0.5499103	0.33491802	2.7449234	0.6679826	0.015745584	-0.2298086
-1.2797027	-1.4585606	-0.71377754	-1.2706457	-0.8891641	-1.6009884	-1.4545032	-1.1284484	-1.8717502	-0.094881065
-1.0993649	0.15043113	-0.6749464	-1.2321393	-0.4648082	-0.5918111	0.8385745	-0.4741474	-0.7847746	-1.6591283
0.6758992	2.0642579	0.89288306	0.31537443	-0.2899917	0.528176	3.2827637	0.8392442	-0.07403529	-0.28156283
0.40356988	1.502217	0.54471064	0.24218191	-0.23956352	0.7740858	1.8518082	0.12565719	0.44121906	-0.5245486
0.75186175	0.083592206	1.2597172	0.6095059	-0.9686847	0.66139126	-0.059362136	1.1994067	0.16049889	-1.089909
-0.13957262	-0.38245937	0.28952694	-0.3809658	-1.7553166	0.26772237	0.20056228	0.7829622	0.17975926	-1.9373786
-1.4196839	-0.9400835	-0.80338943	-1.5131979	-1.7564889	-1.1088905	-0.8199022	-0.5328011	-1.3597181	-2.4336112
0.7656633	2.13979	0.90569174	0.4474607	0.40411517	1.6823937	2.470724	2.1698449	1.3226422	-0.022630783
-0.32554466	-0.087626636	0.14612225	-0.49449748	-1.2196156	-0.5398734	-0.30317965	-0.6290363	0.3133414	-1.5199585
-0.2833203	-0.65225995	0.16122654	-0.44734907	-1.4099615	0.49443436	0.33144724	0.7369637	0.3164709	-1.1610262
-1.639233	-1.5238539	-1.068031	-1.5979077	0.22778699	-2.075205	-1.5317498	-1.3326483	-1.8127886	0.15708126
1.0090342	0.008297354	1.2883052	0.8103364	-1.1394808	0.6545192	-0.5434578	1.0811722	0.93213737	-1.52221
2.7528143	3.4280112	2.4719949	2.3784919	0.736886	2.176677	3.9121432	2.3822734	1.81744	1.0030607
-0.48496047	0.38491192	-0.17869928	-0.65614426	-0.5172672	-0.97011065	0.3086038	-2.0327108	-1.6772889	0.04957272
-0.98197097	1.920233	-0.29676124	-1.4723517	0.050934404	-2.0011299	0.18336773	-1.7095356	-2.030189	0.57615995
0.19354293	-0.033302665	0.74949396	0.059904486	-1.2689677	0.25784987	0.28990212	0.14762506	0.30793414	-1.7818778
0.45808473	-0.33061984	0.91395414	0.25381106	-1.3869847	0.26159278	-0.82826525	0.20971219	-0.05351044	-2.007807
-0.6747226	2.5255454	-0.3030555	-0.96760166	-0.8404137	-0.019502815	2.0220606	-0.31493795	-0.88879013	-1.0354888
0.8482457	1.1660597	1.1276865	0.41913062	-1.5305017	2.0735776	2.6951525	1.9626162	1.3977951	-2.026481
-0.07536117	0.62559354	0.42612025	-0.31746393	-0.3888381	-0.042612154	2.4918957	0.007861026	0.36886153	1.1030781
2.4537556	2.9008968	2.510126	2.0500765	-0.2651685	2.6276715	4.0975056	1.1773924	1.9888742	0.021789668
-0.42481816	-0.83637464	0.03796923	-0.43876547	-0.9988214	-1.119094	-0.9907652	-0.58773005	-1.477954	-0.07420733
-2.477825	-2.273525	-1.6528074	-2.400207	-1.8683605	-2.2257788	-1.3763396	-1.8478447	-2.708811	-1.7290123
1.2367167	0.6880394	1.9839346	0.97937274	-0.79891896	1.8443643	2.0966117	2.8731503	1.9279602	-0.6784881
-1.1736202	-1.2164878	-0.8001498	-1.2163576	-0.7792742	-1.5320362	-1.9259391	-0.55878395	-1.4373468	-0.86146694
0.6531569	0.48744765	0.78902555	0.39347386	-0.52682745	1.7711009	0.0013678204	1.5302488	2.2433197	-0.8584004
0.96712893	0.79651845	1.306631	0.68761593	-0.28843063	1.3378744	0.90126264	2.2031267	0.9755877	0.9622404
0.06274145	0.26723495	0.5525919	-0.014530525	-1.1324592	-0.048499588	0.49970764	-0.21959312	-0.6971894	-0.6175493
0.040560506	-0.6727817	0.5082178	-0.10953458	-1.3887099	0.035035748	-0.43694472	0.35867387	0.026878871	-1.9714326
2.9474847	1.0712622	2.7341485	2.5215988	-1.9541332	2.4118903	1.2006419	1.8706737	1.6177235	-2.014356
0.13400853	0.05798596	0.5925852	-0.061307535	-1.5010358	0.121754475	-0.12824662	0.85649014	0.64151496	-1.5092821
0.08055871	1.6844217	-0.064661056	-0.16255489	1.3617617	0.03173043	3.1615844	-0.38725096	-0.77347016	0.27521208
1.792812	2.3298936	1.3728507	1.366652	-1.2821307	1.8845421	1.7326889	1.3436159	0.30545774	-1.1491058
-0.1242994	0.32180998	0.2890104	-0.37046158	-1.147487	-0.020234318	-1.5626917	0.3927317	-0.65846735	-1.3294542
0.81956786	1.7311517	1.1410509	0.45949548	-0.94593227	-0.1597168	1.7859883	0.37422088	-1.0513902	-0.9023907
-1.6017681	-1.6437436	-1.0436965	-1.5625285	-1.4805795	-1.6037756	-1.8518697	-0.9898417	-0.44449064	-1.2146753
0.6599545	1.2199079	1.1814907	0.3262679	-0.8170279	1.3237864	1.4770573	1.8622272	0.5814429	-0.85566795
0.9897564	0.63645554	1.5298436	0.73611605	-1.17232	3.1846764	1.0836825	3.355862	2.6101358	-1.2410723
-0.32253212	-0.22469851	-0.052511513	-0.53113866	-0.7147505	-0.6667513	-1.1069462	-0.7178341	-1.1496794	-1.8399433
0.9812973	0.96075237	1.3673279	0.7413586	-1.6529357	1.0264705	0.49118385	1.9061657	0.573878	-2.4289796
-0.0915894	-0.3816289	0.6993785	-0.168211	-2.2854807	-0.34035558	-0.7461794	0.38267443	-0.3237557	-2.4040024
-0.3669091	-0.7408222	0.045481563	-0.5243472	-2.1829216	-1.18553	-1.2663888	0.050035056	-1.273308	-2.229161
-0.070181996	-0.4003552	0.6388632	-0.23894364	-1.8902864	0.80676895	0.18047933	1.1286944	0.715304	-1.6706018
2.3076198	0.9358641	2.4491422	2.1982458	0.9001843	3.5070305	-1.0799397	3.3095765	3.384076	-0.802709
-1.6130497	-1.6349055	-1.0914793	-1.5403358	-1.0800784	-1.6736767	-0.8378499	-0.9993479	-1.5812938	-1.6969554
-0.45755538	0.58242977	0.048631415	-0.70698833	-1.0836017	-1.6326174	-0.112482846	-0.17749864	-0.71513397	-1.7962168
2.0055041	0.015187442	2.3708217	1.7162098	-1.1580664	2.56444	-0.22426116	2.6069682	1.8491255	-1.4132435
1.002504	2.629821	1.3090316	0.66943467	-0.5354438	1.2072115	3.501552	1.6832898	0.8949608	-0.47850394
-0.3128182	-0.5477426	0.41312605	-0.4916966	-1.2737888	-0.63498724	-0.5134679	0.3700629	-0.9517201	-1.9978408
-0.4144007	-0.97674215	0.12841213	-0.54612136	-2.3556082	-1.7299464	-1.4389188	-1.2359133	-2.0127807	-3.4212174
0.010170013	0.036361128	0.34666127	-0.1835417	-1.0283037	1.7039326	1.6071264	1.358018	1.7168665	-1.0455954
-0.69996446	-0.92576647	-0.22187018	-0.7721063	-0.9749508	-0.9280337	-1.1580206	-0.79780704	-1.1693721	-0.6969851
-2.2584627	-1.8562925	-1.4503924	-2.1931858	-0.92942035	-1.8780127	-1.6251262	-0.93481964	-1.564804	-1.7357268
-2.1548803	-1.482382	-1.4354475	-2.1120768	-0.64902484	-1.6973721	-1.5753026	-1.358006	-1.2035033	-1.5812967
-1.4061636	-1.3548336	-0.9801841	-1.3539292	-0.42291462	-1.7542918	-1.9644203	-0.8855238	-2.1363409	-0.889739
-0.26091892	0.058350474	0.13403234	-0.36223304	-0.52427757	1.114155	1.594396	1.8006489	1.0004885	-0.6269213
0.350209	-0.5636848	0.92236423	0.15619235	-2.4119828	0.43356213	-0.57679105	0.80613214	0.22184339	-2.1343126
-0.3223277	-0.6897081	0.13049322	-0.4384899	-1.3234227	-0.4780192	-0.70247537	-0.23441406	-0.3529082	-1.2673218
0.3085022	-0.46135584	1.0654896	0.17397691	-1.8822403	0.035229743	-1.1098542	0.82103765	-0.65595835	-1.912326
-1.1765778	-1.3657781	-0.6876285	-1.1756151	-1.3954371	-0.22034109	0.43707517	0.14177239	-1.0447621	-1.2713869
-1.4142327	-1.460259	-0.93641496	-1.3625562	-0.8277411	-0.46209377	-0.4265131	-0.35175088	0.24992678	-0.95574933
-1.0852609	-1.3658853	-0.42437539	-1.1148534	-0.9542705	-0.7052513	-0.9126152	-0.1056853	-0.41550267	-0.7739738
-0.37315318	-0.8228897	0.086589575	-0.4467113	0.18671927	-0.8715292	-0.6921272	-0.39105415	-1.2778658	-0.8921688
-0.37196717	-0.22395566	0.037035435	-0.50945324	-1.1036812	0.06242249	-0.7087024	0.28957212	-0.37308684	-1.6068546
0.23120958	0.95673347	0.7614081	0.00049847364	-1.0066619	0.17999426	0.42385393	0.7030141	0.1269214	-1.5263822
0.7094261	-0.29251057	1.2581441	0.4681366	-1.5157474	0.7767218	-0.54667944	1.2423737	1.4961349	-1.5589752
-1.2053689	-0.8857268	-0.8402339	-1.2729621	-1.4313573	-1.6381923	-0.656452	-1.0460856	-0.63261926	-1.9818861
-1.3418995	-1.2800704	-0.90832007	-1.3437195	-1.4611298	-1.5536822	-0.84650385	-1.1635333	-2.2198658	-1.9590522
-0.70993364	-0.9511322	-0.23322648	-0.83674705	-2.0240843	-0.81041366	-0.6187893	-0.37679195	-1.3521171	-1.8373351
0.1998392	0.2815952	0.7731832	-0.014537111	-1.5107064	0.043714806	0.63486916	0.60655814	0.11620193	-1.1702592
1.5048286	0.4984168	1.9201218	1.2956887	-1.3867115	1.2550715	0.43701962	1.4525751	0.9137308	-1.3163744
0.15018573	-0.23643821	0.4038555	-0.05426921	-1.8557502	-0.33769956	0.034863684	0.54522216	-0.02440739	-1.8046317
0.41063634	0.64136314	0.4847443	0.118538275	-1.4581592	-0.32784832	-1.3558395	0.25823835	-0.60662407	-1.6002126
0.101845704	0.46946558	0.7093874	-0.025849655	-0.2502327	0.32811987	0.46089208	0.42161644	-0.0043198178	-1.6290859
0.04665871	1.3449714	0.40181708	-0.18553223	-0.4111142	0.021622991	-0.46350247	0.48385763	-0.7882183	-0.9240541
0.25450546	-0.13232306	1.1248567	0.10588013	-1.0494417	0.25396553	1.9940745	1.418998	-0.3657069	-0.9616704
0.45538822	-0.32703978	0.7525734	0.27922195	-1.1728122	0.034327183	-0.09288412	1.2127179	-0.39532846	-1.6811522
0.30295905	-0.13013093	0.75093305	0.08428152	-1.7785342	-0.3900276	-1.351751	-0.0007294807	-0.47625187	-2.1319392
-1.1886059	-1.1039366	-0.73702025	-1.2322111	-0.9051863	-1.5609403	-1.5701466	-1.4325504	-0.84582365	-1.0073476
-2.0230997	-1.9937134	-1.3212321	-1.9145453	-0.4798219	-2.0882504	-1.2380676	-1.0051006	-2.456905	0.71344894
0.25788218	0.12536046	0.5960978	0.047884002	-0.93901587	1.056021	0.43545318	2.1597698	1.7335023	-1.046414
0.112998806	0.031759053	0.3148651	-0.032501534	-0.7149217	-0.27194074	-1.0162402	-0.28752956	-0.022783194	-1.1039996
-0.79594254	-1.0649794	-0.39234677	-0.84586674	-0.76712126	-0.48681325	-1.262372	-0.7813208	-1.0696094	-0.76503044
2.872473	2.5927756	3.2519732	2.5097246	0.18589082	2.9152803	2.5644782	2.975118	2.1374445	-0.27164704
2.4995286	4.456926	2.5049465	2.1130066	0.70177615	3.232013	3.536185	2.674804	3.2767537	0.5827944
2.1867938	3.0110013	2.1774886	1.7895466	-0.62331057	1.2459394	2.2009072	1.8153887	0.85066426	-0.37647986
-0.9475241	-0.72530365	-0.5587033	-0.9848263	-1.4592164	-1.731859	-1.9915301	-0.27575693	-2.1754746	-2.017956
-1.0737388	-1.225347	-0.5026077	-1.1372721	-1.5505933	-0.7388288	-0.68512994	-0.611208	-0.27650103	-1.2626486
-0.80665314	-0.8067943	-0.367524	-0.91190356	-1.9834993	-0.38919485	-0.79694057	-0.67211133	-0.78178394	-1.7258188
-0.61276907	-0.662446	-0.24229208	-0.7311954	-1.3888288	-1.7241458	-0.79911053	-0.34630978	-1.4725672	-0.85663337
-1.5510755	-1.823094	-1.0806799	-1.4838425	-2.0038524	-1.7018385	-0.9086623	-1.8144267	-1.9061843	-1.6021403
-0.09642703	1.0516574	0.030128136	-0.34925377	-0.19555488	-0.968173	0.26178282	-0.72057945	-0.9949943	-0.740099
-1.3937877	-1.1285824	-1.070068	-1.2887609	0.19803783	-0.5923354	0.57823163	0.008384022	-1.1927285	-0.34619358
-1.3916422	-1.3703623	-0.8778994	-1.3830982	-0.64481974	-1.9186391	-1.5029242	-1.9934802	-2.4022317	-1.9110634
1.2703686	0.6420233	1.6291015	1.1335999	-0.34647474	0.4088309	2.1850493	1.0935909	0.61585146	-0.6583651
-0.60793483	-0.4729237	-0.19249499	-0.71582866	-1.1032957	-0.15752959	-0.061853748	0.2780042	-0.85616606	-1.9231594
0.405104	0.9452586	0.70287085	0.19090192	-0.51511276	0.011089207	1.238127	0.30153975	-0.31442204	-0.82491136
0.05925872	0.2101501	-0.039767534	-0.14270703	-2.2677064	-1.1424794	-1.0328504	-0.61020595	-1.219017	-2.4047062
0.04109224	2.7427418	0.33402777	-0.37934664	0.4881142	0.7403423	1.8695412	1.3632965	-0.02695016	-0.3481317
0.13486448	1.0592619	0.69949186	-0.16710174	-1.6000193	0.6238252	1.8275076	0.83630943	0.21851079	-1.4521672
0.8607897	0.8952973	1.2880553	0.5041409	-0.5547723	0.44463897	0.7608302	1.8677939	0.7066989	-0.6558183
-0.4006611	-0.57858014	0.17139566	-0.54199326	-1.3233931	-1.1837331	0.07859511	0.29477057	-1.1486349	-1.0804257
1.4413629	1.0527971	1.7488307	1.2200114	-1.1313184	0.8677261	0.26022232	1.6072743	0.62194103	-1.5365942
1.0278951	2.041546	1.0511174	0.6791588	0.012144208	-0.1817959	3.3552978	0.0071237055	0.20871788	-0.93662333
0.6819338	0.7799392	1.155647	0.4254719	-1.4895154	0.33200967	1.0351273	0.4444508	0.19203858	-1.2209305
0.2889177	0.30521718	0.75785625	0.08365761	-0.9934747	0.052399546	0.6680577	0.80902714	-0.45484188	-1.2086846
-0.52229077	-0.2482777	-0.15170097	-0.67121434	-1.0514271	-0.29933247	-0.5145177	-0.46442083	-0.12922119	-1.6173617
0.6347981	0.5615773	1.0933653	0.40382427	-1.591542	0.33373013	0.17423326	0.834472	0.40424183	-1.4616024
-0.855635	-1.1080588	-0.39817402	-0.8985344	-1.6142503	0.3331941	0.09678286	-0.61528504	0.21827228	-2.5934987
0.4041598	0.853539	0.92087555	0.24924771	-1.048916	-0.25740224	3.4925	0.6515224	-0.7811386	0.7102943
-0.12138911	0.8966553	0.15253218	-0.3126642	-0.6816956	-0.29495758	0.01220455	-0.2612914	0.7625928	-1.2604223
0.9949277	2.4850228	1.0277568	0.5245798	-0.11613743	-0.8560294	1.2436411	-0.43731403	-1.9250687	-1.8165631
0.12910071	-0.43231004	0.6603863	-0.04775639	-0.61623	-0.45073277	-0.5299051	0.980653	-0.28782243	-0.6416438
0.5486206	-0.11736503	1.1499116	0.3487965	-1.4422202	1.1160529	0.45534578	1.6157008	0.85400546	-1.479761
-0.5996414	-0.6579608	-0.20355597	-0.6937835	-1.4643329	-0.49524522	-0.7693151	-0.2397953	-0.7001125	-1.9240723
-0.40828073	-0.24568531	-0.047775418	-0.5168967	-0.83908236	0.8490851	0.8087505	0.79058814	-1.284696	-0.3412884
-1.7630259	-1.5136809	-1.1170969	-1.8156334	-1.3533494	-1.3275042	-0.82960993	0.06596359	-1.6610925	-1.4179337
-0.01712782	-0.29400805	0.38150895	-0.18975215	-1.3967565	1.1656673	0.19090341	1.6295955	0.12001027	-2.2886
1.1781204	0.656885	1.3802447	0.9407002	-1.2780901	0.84519494	0.47693974	1.7826251	1.0509403	0.83274686
-0.38079482	-0.7480407	0.0786522	-0.599087	-2.0755005	-0.7501208	-1.5895511	-0.7213013	-1.4173552	-1.8758274
1.4913063	2.23378	1.7144794	1.0859789	-1.308245	0.26658517	0.91555256	1.3798498	0.5220938	-2.3210046
-0.16683379	0.39959225	0.048535153	-0.37195596	-0.6060953	0.14803673	-0.0090484265	0.16748908	-0.44646126	-1.0460203
-2.138721	-1.979174	-1.3943841	-2.0744648	-0.8039463	-1.9999176	-2.431962	-1.4915208	-1.9268339	-1.6384491
-1.3467808	-1.5189042	-0.8301736	-1.365756	-1.4946159	-1.1352547	-1.7825354	-1.4256462	-1.3689523	-1.5877997
-0.028604098	-0.40172458	0.5075901	-0.09932165	-1.6838114	-0.074187554	-0.2725576	1.0696003	0.7582525	-2.5733328
-0.44092095	0.20850062	-0.14991558	-0.6413004	-0.9969772	0.17061085	1.1049565	0.15482184	0.14553988	-0.7864357
0.6894955	-0.32521492	1.070269	0.44908547	-1.6594355	0.032851882	-1.6316297	-0.2002401	-0.1992267	-2.1107016
0.12159651	0.2066189	0.4982908	-0.03611736	-1.1052278	-0.20622878	-1.527666	0.16127749	-1.5447621	-2.0298688
-1.4090261	-1.4458787	-0.78655815	-1.3902924	-0.61648107	-1.3277824	-1.6682372	-1.0025362	-1.610913	-0.98826367
0.70577186	1.6600385	1.0416766	0.39303756	-0.24331355	0.039903563	0.550083	0.5870089	0.2487445	-0.7484615
-1.095913	-0.74318206	-0.40884897	-1.2772576	-1.8081111	-0.046336096	-0.84203446	0.34081906	-1.3258833	-1.9077077
-0.37582907	1.3737863	0.062029213	-0.7246282	-0.8135065	0.21511957	2.1314716	0.3912503	-0.21049851	-1.1241449
0.10837171	0.022296667	0.46108875	-0.049407244	-1.2439353	0.16452934	0.23889023	0.8052459	0.80276686	-0.8296942
0.06927129	1.3582392	0.44181558	-0.25532144	-1.2699412	0.0741491	1.9620916	0.39098403	0.2826346	-1.0759963
-0.39955103	-0.6608534	0.043086708	-0.544393	-1.5144266	0.0035535572	-0.4391495	0.2064616	-0.44400877	-1.7919201
0.28763834	0.069693655	0.6278554	0.0765654	-0.91839373	0.043365005	-0.16294473	0.27083784	-0.18213958	-1.5084771
-0.45201048	-0.5512413	-0.06285304	-0.59123737	-1.1269288	-0.46591985	-0.8782543	0.23688264	0.0033438893	-1.6727375
-0.71416646	0.36439565	-0.3552554	-0.974914	-1.4438336	-0.72655416	-0.33276367	-0.100432575	-1.269525	-2.5149803
3.9386876	1.826092	3.8404343	3.5385833	-0.34772304	1.9244138	0.4161811	1.9189906	1.2844363	-0.94797415
0.3896291	2.4332712	0.6213105	0.02731438	-0.9973558	0.17688057	2.159566	0.83992404	-0.5889119	-1.3158258
0.41056615	0.4589918	1.0143201	0.11994262	-1.0719963	0.4571624	2.552181	0.71624887	0.42640004	-0.82480645
-0.18449059	0.16469213	0.13369235	-0.37209213	-1.3245499	0.9051908	-0.27690542	0.4963256	-0.10461446	-0.78950787
1.4962945	1.4445472	2.0293071	1.2169946	0.46995947	1.5466768	3.4114347	2.6083887	0.9343541	1.9127054
1.1637367	1.3000714	1.5695632	0.8131217	-0.9039687	0.6562526	0.83951306	1.5535632	0.34452114	-0.9634594
-0.26381475	0.5028235	0.22814697	-0.5062883	-1.1385264	-0.55620104	0.097203255	-0.23664755	-0.69558996	-1.205101
0.89039904	0.9593202	1.0640925	0.62255514	-0.72788084	1.744487	2.0177333	0.8948001	0.42397735	-0.72180825
0.7061671	0.720183	1.2487248	0.34853816	-1.0693485	0.6805491	0.4030846	0.6363563	1.0095001	-1.3412884
1.636471	0.37995383	2.1532507	1.4240087	-0.94328845	2.4488156	1.4268676	2.9375858	2.2260182	-1.1742778
-0.4513439	-0.6951885	-0.061560363	-0.5472759	-1.5023291	0.18546718	0.4070136	0.5034278	-0.8486034	-1.7522511
0.3678126	-0.21269536	0.81487644	0.22255288	-1.1727792	1.6890644	0.77242565	1.5792094	1.6137056	-0.9459629
0.022784226	0.12933695	0.42785352	-0.16048469	-1.5070604	0.20029724	0.28413373	0.71482337	-0.13139503	-1.1044008
-0.3631859	-1.0173918	0.19420293	-0.5239136	-2.6668608	-0.8028223	-0.54431224	-0.12795536	-0.70074934	-2.1907036
-0.44586775	1.0782621	-0.288433	-0.7076965	-0.6638574	-1.4990289	-1.0621454	-1.0860052	-2.1591566	-0.5335178
-1.4363004	-1.7036304	-0.8518857	-1.4327497	-1.1734741	-0.804942	-1.542268	-0.68870705	-1.1917927	-1.4348998
-2.3505065	-2.0971448	-1.4855101	-2.3041353	-1.2406209	-1.6912242	-2.0015972	-0.79388463	-2.1058762	-1.6565073
0.15190727	-0.34585443	0.58029693	-0.0662721	-1.9847431	0.16293333	-0.63049495	1.4267684	0.34521952	-1.5014372
0.15416431	-0.06779125	0.62552	0.011639938	-0.8219826	0.03642996	1.2424111	-0.15760128	0.11670893	-0.65859556
0.917317	0.54107463	1.4215093	0.66951245	-1.3292693	0.8494776	0.6210879	1.5839757	0.6982508	-1.5989044
0.11650383	1.0884796	0.44133672	-0.13880564	-1.4132946	-0.18037978	1.1023593	-0.18016417	-0.37215883	-1.4746113
-0.6425969	-0.54261065	-0.17032364	-0.70514816	-0.44124392	-0.90501815	1.198171	0.06043827	-0.84529895	-0.94980276
-0.3659329	-0.31706947	0.04856965	-0.50449157	-1.2575532	-0.20524475	-1.099485	0.15763243	-0.13194756	-0.95565426
0.48208913	1.7276975	0.9917519	0.2370977	-0.784992	-0.16257747	-0.3792749	-0.34310535	0.022659155	-0.3838276
1.9343477	1.2029328	2.5895152	1.5591056	-0.57649386	1.8956454	3.3166246	2.4531178	1.6111751	1.340908
1.8687575	0.10347393	2.0616527	1.4854742	-1.157171	1.2015702	-0.48825514	0.9010565	0.7538713	-1.9211783
0.88921726	1.015073	1.5242864	0.6905424	-1.322689	0.56683755	1.2339051	1.4561193	0.555381	-1.6025863
-0.11892991	0.27463064	0.61156267	-0.4050485	-1.1840718	0.26702446	0.7383656	1.1618494	-0.28469598	-1.259539
0.87338144	-0.5479084	1.1446934	0.6937628	-1.1843501	-0.13620377	-1.2182561	-0.37702784	-0.07099582	-0.77745765
-0.5049945	-0.44364	-0.12965736	-0.59059787	-0.8753232	-0.34641105	-1.8728132	-0.5621146	-0.6747958	-0.95488113
-0.052722402	0.3350462	0.4293638	-0.25053906	-1.1059048	0.08927821	-0.03303762	-0.09143008	-0.39788532	-0.86867917
-0.25758368	0.8644655	0.026390865	-0.5339423	-1.2800393	0.47963968	0.9415107	1.0343153	0.47525805	-1.6328245
-1.1028048	-0.71529603	-0.59701324	-1.1723446	-1.6826451	-1.7231733	-0.78864807	-0.9020724	-0.9627679	-1.7280676
1.6227237	1.343106	1.880232	1.3574723	-0.9909291	3.567034	0.7347353	4.087112	3.017221	-1.059553
1.7748637	4.5527186	2.053316	1.4114225	1.060652	0.934819	5.5401278	0.9132347	0.90488285	1.042576
1.4420236	1.6954663	1.6186401	1.0863004	-0.78587663	0.7555715	2.11235	1.6421267	0.72642535	-0.92833006
1.4265116	1.203394	2.0369246	1.1765858	-1.0061063	1.7355514	0.8427094	2.6189938	1.7386782	-0.277679
0.010797046	1.27124	0.26449734	-0.13090253	-0.60213417	-0.7445022	1.2043755	-0.2863917	-0.8250775	-0.1430095
-0.025411077	0.21946448	0.026807934	-0.22990038	-1.0039266	4.102549	0.5161762	2.8583074	3.6044772	-1.4450309
-0.15061785	-0.19747615	0.29084057	-0.33234274	-1.2903191	-0.9018864	-0.70561343	-0.39182085	-1.3012468	-1.3685077
-0.46533355	-0.8427862	0.04056987	-0.52659786	-1.355769	0.5488667	-0.562715	1.5881742	-0.27908057	-0.56151426
1.9200187	3.1758106	2.1108584	1.5481448	0.18996033	2.202195	4.3084836	2.8832984	-0.20251302	1.145237
0.84795904	-0.19446945	1.533119	0.6310051	-1.2122349	-0.74525166	-0.88105303	0.7779945	0.17716175	-1.9183567
0.87061584	2.731832	1.1010584	0.4826368	-0.7220457	0.98168594	2.4993408	1.3448132	0.65459865	-0.8978046
-1.8046241	-2.1070201	-1.1395262	-1.700782	-0.9540695	-2.5447757	-1.5676254	-0.72548443	-1.9363892	-1.6450704
0.58180207	1.117404	0.9012221	0.3664766	-0.6571419	0.8322824	1.2807902	1.0410146	0.5633009	-0.35231686
0.15788025	0.002138257	0.6884024	-0.097066596	-1.7693194	-0.000498998	-0.3538924	0.7497166	-0.21786143	-1.7659575
-0.2926754	-0.12950474	0.19705065	-0.41248012	-1.0991664	-1.3553809	-0.59185356	-0.5118281	-0.86965847	-0.864523
-0.09002151	2.2075686	0.14715031	-0.46697092	-0.564056	-0.12642539	2.512937	0.38876092	0.93730515	-0.56089216
0.05457232	-0.18571697	0.3915527	-0.14498688	-1.2372152	0.19821781	-0.101323955	0.19429454	0.47743493	-0.059827123
-1.4997252	-1.5329516	-0.92550075	-1.4911828	-1.0646465	-0.77136606	-1.5936031	-0.4898398	-0.4506441	-0.7128106
-0.34893698	-0.6173563	0.008996457	-0.5160618	-1.5259308	-0.89328665	-0.15398401	-0.08602472	-1.0547428	-1.9605863
-0.931972	-0.95092463	-0.533198	-0.97373337	-0.7595768	0.10900345	-1.4459349	0.3221464	0.4920024	-1.6440319
-1.3487054	-1.4921887	-0.8322959	-1.3335699	-0.7303344	-1.0435607	-1.0183828	-0.32378587	-1.2522808	-0.41716793
-0.6463925	0.6738616	-0.1998227	-0.83606005	-0.84615254	-1.0700438	1.8533146	-0.49159688	-1.1180325	-0.7809214
-0.8837264	-1.0946454	-0.45485047	-0.84673953	-0.67416954	-1.2124025	-0.7756089	-0.8820533	-2.7559187	-1.1151024
-1.3686365	-1.2715304	-0.8917018	-1.3487946	-0.7433226	-1.1764959	-0.5913827	0.22636752	-0.6997335	-1.3521569
-1.0346005	-1.2568487	-0.6841762	-1.020842	-0.66620505	-0.5264608	0.43755236	0.05695104	-0.8957335	-1.0494967
0.8527213	0.966583	1.2347015	0.59193397	-1.3150632	-0.07824453	0.31707773	0.98142844	0.7509323	-1.357178
-0.509579	-0.7670909	0.011091024	-0.5590055	-0.983847	0.37837306	0.88621855	-0.554647	0.43697494	-1.0984035
0.09104694	0.022730023	0.55601054	-0.12287453	-1.0725843	-0.8844233	-0.99821573	0.032053202	-0.64013624	-0.8618407
-1.0163698	-1.0249131	-0.56063914	-0.9403086	-0.90397906	-0.78513557	-0.59402585	0.12246972	-1.473898	-0.3378179
0.122418724	0.4386209	0.52012944	-0.08356471	-1.0570426	-0.49729413	0.39005527	1.4563934	-0.79926914	-0.9848764
0.21264926	1.1601803	0.6318618	0.0041958243	0.43792042	0.07391401	-0.12722625	0.7718584	0.027698383	-0.2990372
1.5106974	2.7611716	1.974581	1.0674598	-0.5911869	2.2192545	3.3410344	1.6581342	1.1662164	-1.1882368
0.7786988	0.5243014	1.2738721	0.5863093	-1.0502914	1.3010547	0.9602876	1.5194049	0.7889644	-1.2415813
-0.1290392	-0.82805085	0.10021666	-0.102584675	-1.679194	-0.41411304	-0.6038039	0.32108048	-1.0964605	-2.221363
-0.36015445	-0.79484177	0.0645352	-0.45113647	-2.0090663	-0.5705212	-1.4257748	0.5020934	-0.11645629	-1.4983741
-0.119116746	0.1375126	0.30108202	-0.23811334	-0.71161294	-0.41815305	-0.38464165	-0.15475239	-0.5070884	-0.93591434
-1.3509623	-1.1685529	-0.81320214	-1.387257	-1.4967412	-1.4388127	-1.3570938	-0.52125585	-1.6069083	-1.179063
-0.37624153	1.8557622	-0.45564553	-0.6927657	0.034777552	1.7101624	1.3639344	1.0314733	1.3049058	-0.55680674
-0.20577091	0.3726165	-0.0050965846	-0.41442835	-0.63200283	1.0905656	0.6818776	0.61112213	0.6879283	-0.55300254
-0.011604704	0.9668287	0.5605247	-0.28273097	-1.2960916	3.132586	1.5310521	2.516972	2.7836185	-1.1663166
0.769826	-0.046168715	0.9731895	0.52387106	-1.3189117	1.0154043	-0.26939493	0.9287571	1.3950908	-1.1407809
-0.82180035	-0.80878484	-0.2788277	-0.8263105	-0.74191093	-0.43304917	-0.974144	-0.14738609	-0.4808612	-1.0642071
-0.01978641	0.872404	0.48132575	-0.31217492	-1.4130205	1.5839572	1.2619863	1.2508402	-0.60662407	-0.724892
0.8382078	1.1875631	0.8719075	0.6524095	-0.16641957	0.5874702	0.74976605	0.27446076	0.28572562	-0.062014543
-1.0137584	-0.6304116	-0.19046625	-1.1352838	-1.3539207	-3.208739	-1.8203499	-1.7251627	-3.2106955	-1.8545299
-1.2102542	-1.375093	-0.6227454	-1.254458	-1.6224132	-0.16977492	0.33768076	0.12397766	-0.7720451	-1.2892985
-0.3864119	0.7197181	-0.043537468	-0.6854883	-0.8875027	0.78945315	2.3698857	0.45325008	0.2412753	-0.33364573
0.07380583	-0.28630987	0.5174054	-0.09279312	-1.1973149	2.6097949	-0.33844337	2.798674	1.5732449	-0.5644044
-0.82100993	-1.0731831	-0.46877894	-0.90316004	-1.6543949	-1.3603495	-1.2014089	-1.0291162	-2.284696	-2.01876
-0.6574533	-0.8535919	-0.2109316	-0.74655247	-1.4937977	0.7569526	-1.2907852	0.36453965	-0.1380256	-1.8193299
-0.033870973	-0.4646999	0.50125515	-0.21197368	-1.9285828	-0.39109853	-0.6081683	0.41407448	-0.30631074	-1.710766
0.04296972	2.226622	0.5235963	-0.26747534	0.5380422	0.101499856	2.7671168	0.9249666	-0.74120945	0.6537175
2.1708167	1.5479937	2.401346	1.822494	-0.18311568	0.9899778	1.1741769	1.9086734	0.89716494	-1.0348351
1.1322587	1.2691709	1.2369165	0.83878314	-1.4259886	1.983219	1.2630655	1.2554694	1.5645981	-1.3183674
0.84747136	2.4390361	1.2045314	0.56257623	-0.0008095801	0.002969638	3.0182095	0.48014912	-0.17850228	0.003459489
-0.52340776	-0.49923024	-0.2292346	-0.6989379	-1.351748	-0.5466039	-0.75913864	-0.33064574	-0.16014555	-1.2219697
0.14086843	-0.44195846	0.66833895	0.02883093	-0.9469894	-1.093098	-0.53108406	0.16302411	-1.3685638	-1.0315655
0.2165496	-0.11997696	0.6655021	0.07644217	-1.4301472	0.035652034	-0.25053364	0.3908034	-0.29393542	-1.6087171
-0.49332422	-0.77498734	-0.15548277	-0.6118811	-1.2720819	-0.2788128	-0.9033374	-0.040081993	-0.46556133	-1.164661
-0.34375384	-0.57388467	0.008392841	-0.45541608	-0.5334397	-1.7380962	-2.0216997	-0.9059199	-1.6854274	-1.4895178
-0.13214591	-0.21236807	0.4146352	-0.26602876	-1.3545284	-0.9925497	-0.6557647	0.25372797	-0.6762793	-1.2169291
-0.024148524	0.6392708	0.08805083	-0.23452334	-1.2492297	0.9742386	1.2525334	0.36775118	0.62164927	-1.1598352
0.51929617	1.9138577	0.44900078	0.29007566	-0.38786143	0.048610028	1.7673738	-0.0781535	0.12191156	-1.0877558
-0.39031255	-0.7993759	-0.112861335	-0.5072819	-1.2274401	-0.3285482	-1.8295006	-0.69899786	-0.57674134	-1.6081576
-2.0304754	-1.9771271	-1.3120655	-1.9724107	-1.9300622	-2.139549	-2.3434634	-1.9970788	-2.6683085	-2.4537737
0.9852877	0.50391006	0.9405774	0.7808335	-0.60431576	-0.37230536	-0.65548587	0.058096852	-0.38417682	-1.347744
-0.06447128	-0.47740173	0.12930176	-0.20568283	-1.0178467	-0.23785593	-0.6138275	0.2543928	-0.3617982	-1.4946558
1.8270135	1.051333	2.0870872	1.5782431	0.6468322	0.93481153	0.034558482	1.3596368	1.228078	0.0952882
0.08877983	-0.14206794	0.62073493	-0.11228484	-1.5543122	0.21565393	-0.4614432	0.7629294	-0.3975586	-1.4266917
-1.8689523	-1.9149948	-1.295021	-1.780685	-1.3647919	-1.6809951	-1.4341724	-0.10437593	-0.89793766	-1.3923374
-0.6050958	-1.1007066	-0.13591331	-0.69392926	-1.4825138	1.4431812	-0.15538014	1.9202486	0.43221095	-1.1147857
0.87693334	1.0826075	1.4175401	0.57441765	-0.69154316	1.3056036	1.5149077	1.5710261	0.41943014	-1.2866669
0.6621733	1.1948005	1.2084371	0.48189974	-0.65600485	0.62768143	1.3906801	1.049935	0.41470042	-1.2890675
0.79705757	-0.818182	0.9005374	0.66901153	-1.1118311	-0.26517338	-0.8849679	-0.7903365	-0.08590293	-1.5070418
-0.41720936	-1.1891245	-0.15030834	-0.36371577	-1.2104586	0.22809346	-0.8701954	0.83428895	0.814031	-0.16483785
0.30646193	0.6505828	0.6567134	0.0074924678	-1.1852453	0.18335763	0.36492977	0.7899694	0.36287764	-1.0343593
-0.07003362	-0.28704247	0.28568286	-0.24003218	-1.4236605	-0.8199921	-1.3895831	-0.028746694	-0.67932737	-1.6506059
-0.39309016	-0.204151	-0.044024527	-0.5863821	-0.65035677	-1.3777938	-0.83642536	-0.7171782	-1.653032	-0.4679206
-1.4242028	-0.2898719	-1.031343	-1.5898987	-1.439595	-1.966371	-1.9670058	-1.3991421	-2.189492	-1.1188539
-0.5011465	-0.24942765	-0.063703775	-0.66860354	-1.3406975	-0.59487575	-0.6122263	0.22239743	-0.56439567	-1.205534
-0.14038566	-0.47863275	0.28022957	-0.2842362	-1.2508726	-0.5993292	0.44507226	0.08314733	-0.8037769	-0.7632824
0.821314	0.005787611	1.2304835	0.6149287	-0.8450384	1.0899463	-1.1646023	1.4536635	1.2224061	-1.0365905
0.84050304	0.9161395	1.206606	0.58957875	-0.41113	0.45234978	1.0309737	1.821717	-0.3767132	0.11861483
0.31051344	0.11338711	0.9150691	0.16393061	-1.1881748	-0.1863532	0.12350322	0.57074887	-0.55209535	-1.1929046
1.896258	0.63069963	1.9621167	1.5973154	-1.1932946	0.85137564	-0.6943621	1.0608056	0.2440807	-1.030024
2.3727088	2.4903758	2.7430508	2.034877	0.57804275	1.3294017	3.0452425	2.371208	1.2773228	0.27086625
-0.7054755	-0.9881556	-0.26402375	-0.7725073	-1.3193524	-1.0296029	-0.93770486	-0.5360998	-1.0219178	-0.77339995
-1.3109748	-0.9115646	-0.74684155	-1.3654721	-0.23865455	-2.118317	-1.3784626	-1.0681682	-2.4984107	-0.3481777
0.6800654	0.31956902	1.3582128	0.5109216	-1.2251998	0.4613944	0.13415547	1.0674422	0.3876388	-1.1063305
-0.78230125	-0.8245964	-0.48138097	-0.849227	-1.4662218	-0.11936789	-0.8120493	0.42404646	-0.5800361	0.22977138
-0.51443446	-0.7457379	0.33448905	-0.6269829	-0.87898886	-0.83450425	-1.2182561	0.1705667	-1.3865503	-1.3337268
0.32832265	-0.34918052	0.9652653	0.19823246	-1.348737	0.5251876	-0.16456595	0.83174694	0.43640032	-1.4860964
-1.1664141	-0.4577032	-0.67500746	-1.3537886	-0.9805025	-1.1527102	-0.8887193	-0.8670416	-1.6892173	-1.7800143
-1.0340652	-1.4991648	-0.50194025	-1.1018791	-1.4878734	-1.233765	-1.8138827	-1.0406468	-0.3331663	-1.8617091
0.9314397	0.6593107	1.3782725	0.6823707	-1.3133699	0.43267852	0.66536325	0.65554684	-0.6472661	-1.0068214
0.99170417	0.37909058	1.5250353	0.72560436	-2.3011515	0.2593143	0.5208565	1.8251276	0.5885095	-1.9627826
1.5728873	0.8177495	1.974584	1.4091041	-1.5112185	1.2876194	-0.45765665	1.8811326	0.6264244	-1.3126367
-0.4815462	0.04398799	-0.24924514	-0.63617885	-1.1045319	-0.7594395	0.13888857	-0.5071202	-0.82992	-0.67804295
0.2480469	1.4474773	0.5435797	0.12464483	-1.255402	0.36367932	2.9382138	0.4704877	0.625375	-1.597761
-2.2438488	-2.116651	-1.4385514	-2.170327	-2.089384	-2.4861565	-1.1978273	-1.602882	-2.834488	-2.69679
0.1789321	0.9188312	0.49159148	-0.084519945	-1.0998954	0.21587196	3.0342305	0.50568986	-0.6434851	-0.46680894
0.22328249	0.53290164	0.34914774	0.0076718777	-0.7804867	0.63537365	0.30602884	0.57908094	-0.43689778	-0.28641692
0.8335702	1.4152168	1.1414063	0.48490524	-1.5456501	0.37005377	1.0846628	0.47725117	-0.021154797	-1.7509134
1.4517922	0.8966427	2.097123	1.1931806	-1.1326342	3.2129612	1.9725991	4.093385	2.1998875	-0.7538631
0.63352185	0.98702264	1.2583464	0.40266532	-1.1549714	0.4341485	0.7512328	1.2566582	-0.22721912	-1.5742153
0.9389232	1.10701	1.270375	0.6901445	-0.5300389	0.5867095	0.5646224	0.69469845	0.69020414	-0.82892156
2.5396478	1.7542909	2.6438603	2.1222253	-1.3003684	0.70077866	-0.1520002	1.3826853	0.7125245	-2.4580138
0.84263796	0.6976166	1.5066516	0.6751839	-1.1353323	0.5558014	0.9383646	0.7767464	1.1337712	-0.5360822
-0.70298445	-1.014646	-0.2615219	-0.7313685	-1.1437827	0.27271748	-0.89897776	0.29194456	-0.17317832	-1.5945704
1.1210289	1.7791152	1.3389183	0.8449646	-0.026721716	0.46107954	0.70969933	0.5422108	0.40354902	-0.346981
0.25452876	0.4144384	0.82296383	-0.021735981	-0.99187493	0.31805554	0.66928375	1.0213981	0.39337593	-0.6803244
2.1414816	2.2901344	2.21458	1.7879363	-0.5136262	1.0548314	2.6409345	1.7909901	1.3881973	0.1653222
2.2128046	2.9729445	2.3446739	1.8902984	-0.044606507	1.1395705	1.8216766	1.9249016	0.51800334	-1.4404321
1.0678116	0.26925603	1.3500758	0.9035853	-0.94979763	0.50722724	0.87119794	0.8626381	0.3961437	-0.6910317
-2.0423293	-1.9124836	-1.3266301	-1.9606237	-1.5139577	-0.8713196	-1.7802784	-0.94490933	-0.59182465	-1.2329274
-0.40037057	-0.17293012	-0.18951473	-0.53268474	-0.95119905	-0.55742866	-1.857132	-0.38709304	-1.2298537	-1.5097908
1.2394996	0.18042362	1.7941047	0.9996332	-0.94729674	2.1798882	0.5838837	2.2770255	1.3594722	-0.866543
-1.3181072	-1.5437565	-0.8046286	-1.2996233	-1.201505	0.99348783	-0.024116725	1.91356	1.1044981	-0.94477886
0.5749744	2.1093228	1.0253155	0.26526147	0.28679493	0.94067913	2.9881523	0.7136759	0.1513966	-0.1846979
0.7999775	1.2854139	1.4491686	0.6831212	0.064513564	1.4776121	0.3934155	1.5952498	1.3848499	-0.85357994
-0.29404402	-0.27102393	0.62188506	-0.4623707	-1.0478271	0.3599297	0.34083942	1.065941	0.052202363	-1.5481045
0.86462456	2.142707	1.1669072	0.48954552	-0.8883115	0.21532527	0.5912515	0.92881054	0.3841988	-1.2233479
1.1461672	2.010229	1.6667545	0.66845393	-0.6817574	0.09492659	1.1755531	0.7608414	-0.28922457	-1.5630451
-1.2005411	0.12944463	-0.85472	-1.3650395	-0.1668346	-1.3947446	-0.45018852	-1.1428808	-2.2604485	-0.8239133
1.1091521	2.2208765	1.2232916	0.7604674	-0.34984714	-0.5631772	-1.2063327	-0.4371054	-0.02166158	-2.2631776
0.83216524	2.8846312	1.1597009	0.48858726	-0.06629008	-2.4312673	2.7222373	-1.8633285	-1.913245	0.065649755
-1.4828473	-1.1605947	-0.98508227	-1.4186912	0.9745182	-1.9324652	-1.8806639	0.42005804	-0.60662407	1.8276658
0.45408168	1.2448181	0.98063564	0.1577153	-1.1858357	0.80839145	1.0781778	1.2669234	1.0658205	-0.7014436
0.6954945	0.077004105	1.0426393	0.45444405	-1.1875895	0.14848495	1.2155157	1.2622334	0.89561146	-1.4815681
-0.042995818	-0.1031622	0.4488628	-0.19660453	-1.5013961	-0.17835788	0.1643445	0.79886067	-0.1353353	-1.7100464
-1.0948244	-1.1743114	-0.6802901	-1.1011008	-0.98843074	-1.0587806	-1.6396468	-0.5875357	-0.7299129	-0.9534548
0.90205926	1.3990713	1.2246985	0.656871	-0.90011466	0.38454732	1.0077994	1.4609212	0.04880503	-0.75697905
0.94136614	0.55748427	1.2821059	0.73311573	-1.3584753	-0.5289719	-0.2556208	0.9581994	-1.4484396	-1.5674202
0.35609677	0.0374662	0.5538558	0.1528414	-0.84105366	0.33654034	0.6939852	0.29084295	-0.7826788	-1.0845441
-0.15347672	0.23536503	0.3085998	-0.3929047	-1.3311383	-0.034735482	0.506476	0.072202444	0.16401215	-1.1129415
1.224628	0.6766517	1.7534845	0.89344764	-1.1324217	0.4553165	1.9776907	2.4005525	0.4171201	-0.3198215
-1.7175876	-1.7565795	-1.1368202	-1.6986762	-1.6499925	-1.5326988	-1.724116	-1.70022	-1.6316404	-1.8316654
-0.5326196	-0.8505353	-0.18993053	-0.611221	-1.053507	0.30983162	2.2449365	-0.010900279	0.04493055	-0.5875069
1.3759336	-0.016923368	2.071379	1.1662953	-1.2058969	0.9012423	0.3786298	1.4581213	0.45955992	-2.1031985
-0.4311436	0.2978072	-0.32478425	-0.65224844	-1.0017052	-0.9518492	0.35300535	-0.34740052	-1.4672304	-0.88709176
0.89661	1.106861	1.5369673	0.6219746	-1.082243	1.9343109	0.6991504	1.8463178	1.2253011	-1.1980693
-0.48600706	-0.6433629	-0.13294274	-0.6261135	-1.2614566	1.570707	2.7251396	2.376868	1.1901469	-0.74036777
1.2980782	1.3948927	1.5735093	0.9108076	-1.4652182	-0.44602463	0.943307	-0.8522935	0.024345955	-1.794065
1.9545768	3.4632215	2.262572	1.4987563	0.07256988	1.4619696	4.488397	2.2458014	0.9712176	-0.8887725
1.8838611	2.216845	1.7485713	1.436872	-0.43419948	0.20681848	0.5183628	0.001425852	0.0548304	-2.0202591
0.011054046	-0.13855797	0.5788536	-0.123415664	-1.2726779	-0.56297946	0.73980314	0.7242105	-0.34679776	-1.2196692
0.59855115	0.16762841	0.9196857	0.39265537	-1.3138351	0.83702993	0.4057045	1.1292046	0.23630054	-1.1202118
1.1343204	1.5973662	1.5396107	0.8433149	-1.2990932	1.259512	1.6822726	1.349581	0.6742905	-1.4493325
-0.8767644	-0.07857823	0.11239287	-1.0796857	-1.0877466	1.5564979	1.2270883	2.3834476	0.7339925	-1.6601615
0.8511095	0.95939183	1.3229272	0.60264736	-0.6554415	1.4668456	0.97923803	1.2140528	1.6859207	-0.5151774
-0.11396356	-1.1813124	0.48454142	-0.16950467	-2.2311263	0.19302067	-0.98874706	0.8163837	0.15163024	-2.0586252
-1.3473657	-1.3047404	-0.87735164	-1.3945593	-1.4915522	-1.2434683	-1.0901474	-1.093021	-1.2314664	-1.5016809
0.4889752	0.51986456	0.94734776	0.3047136	-1.115291	0.39535773	0.4314958	0.57374585	0.19609216	-2.097511
2.2702856	3.0579803	2.131594	1.92049	0.64064574	1.8936833	3.2223516	2.0897894	1.6781273	-0.32916507
0.63152677	-0.62118644	1.0024748	0.3580762	-1.7223103	0.18932922	-0.799346	0.5178467	-0.26047534	-1.4602685
-0.1047099	-0.009239674	0.18492824	-0.30531317	-1.1829845	-1.1720399	-1.2784626	-0.23336746	-1.1491467	-1.5462773
0.6882439	1.47771	0.91452765	0.3272305	-0.77937603	0.13299698	0.92386615	0.6277757	-0.03263834	-1.0687535
0.9924281	1.1237371	1.0861453	0.80421257	-0.57225245	0.69786984	2.7962296	0.84089255	0.7926619	-0.39262825
0.72121567	0.6411005	1.3672804	0.4497409	-1.5705122	1.9664582	1.5096626	2.4744573	1.8713315	-0.7987951
-1.0140375	0.23236486	-0.8234998	-1.10999	-0.03804201	-1.7740878	-0.9770773	-1.7194101	-0.88924223	-0.4047927
0.1542902	0.5786649	0.6185249	-0.008927077	-1.1184996	-0.15693775	2.028139	0.49518827	-0.30263656	-0.9589482
1.1908447	1.8017919	1.3088387	0.80417097	-0.8480158	-0.8413191	-0.017350072	-0.027461294	-0.57384366	-2.0244217
-0.26191112	0.42277935	-0.14984393	-0.4977181	-0.9725547	0.9286763	2.7012584	1.0652628	0.32161018	-0.63957745
0.19680417	0.43832526	0.48584908	0.019804105	-1.1564571	0.1361124	-0.3010225	0.91618794	-0.23427723	-0.75892335
-0.3714868	0.861899	0.31331962	-0.5978302	-1.056275	-1.1964816	1.2325324	-0.2305563	-0.47638306	-1.4332376
-0.55942017	-1.2031896	-0.21819195	-0.5638145	-0.6376717	0.8646403	0.6996315	1.5647086	1.364172	0.46313858
0.5127481	0.3833479	1.009427	0.3543542	-0.8219484	-0.3043502	-0.57331884	1.0967537	-0.88585615	-1.696738
0.93131703	0.9345174	1.4936445	0.6389991	-1.1465378	1.1233348	0.89041954	0.8048326	0.9681432	-1.9463835
-1.2841054	-1.5151547	-0.8003218	-1.2511411	-1.0435848	-1.688697	-2.0465484	-0.6302559	-1.0141255	-0.4405143
0.40447488	0.9226339	0.66428626	0.09456338	-1.2601805	1.2348158	1.871023	1.1596869	0.17171758	-1.7240212
-0.67224014	-0.9194064	-0.19118324	-0.8009053	-1.7452447	-0.82127535	-0.84338987	0.05675847	-0.8121143	-1.638522
-0.48060796	0.25051817	0.24578333	-0.7396274	-1.6599891	-0.59031457	0.18764736	0.6701562	-0.53887355	-1.9573094
0.12186556	1.7559031	0.44809315	-0.15506661	-1.0037581	-0.23504615	1.2578195	0.39060143	0.17918326	-1.0234588
-1.0010767	-1.610778	-0.5970106	-1.048638	-1.6883754	-0.85419804	-1.2411703	-0.39654294	-1.084059	-1.4582143
-0.09636226	1.8423989	0.034044355	-0.33795846	-0.29831538	-0.13500506	1.9193158	0.09791554	-0.21880795	-1.0374185
-0.73611957	-1.1523497	-0.42848	-0.820241	-0.7186214	1.5232487	-1.8382576	0.81902266	0.37348852	-1.0827484
0.8516476	-0.4694747	1.1618426	0.5804727	-1.8703302	1.5488553	0.19066557	2.2626197	1.7406718	-1.4341234
2.0125325	3.1578386	2.1297345	1.7858071	0.8716012	1.8393902	2.9744034	2.5673633	2.318809	0.69687563
0.31151864	0.48226276	0.35263252	0.107193485	-0.313781	-0.9677889	0.53893316	-0.8450585	-0.99869436	0.8475532
-0.06504673	-0.18869956	0.32077459	-0.24036562	-1.2906708	0.03293702	0.07362878	0.9490435	-0.4048501	-1.5821568
-0.6171091	-0.7104665	-0.39613393	-0.63613254	-0.30188778	-0.64336187	-0.3451974	-0.81891644	-1.0218602	-0.43786398
0.36491948	0.40748343	0.7370144	0.24665393	-0.7888888	0.05552771	0.73920405	0.5801206	0.4799854	-0.32365054
0.2707104	0.2716582	0.81943035	0.10658474	-1.070906	0.42683762	0.6868175	1.2806182	-2.1211972	-1.3816371
-0.181862	-0.91210973	0.86694515	-0.31054002	-0.853055	0.1339892	-1.3133951	1.9095082	0.6450597	-1.812994
0.5734709	0.30772123	1.1919756	0.36974156	-1.2349974	0.23623449	0.45105255	1.1567975	0.31056204	-0.8056555
0.3533571	1.2944561	0.6810895	0.11489831	-0.32856563	0.8417774	3.819026	1.2366441	0.6128075	0.009366582
-0.097111546	0.39607027	0.2844715	-0.32190794	-1.2376002	0.43882796	1.262626	1.2437228	0.18446046	-0.24310671
-0.12589073	3.9722497	0.49278834	-0.59895957	0.50904644	-0.5811135	2.8130703	0.1610592	-0.96074617	1.4003431
0.20094925	-0.4895574	0.5868814	0.011612609	-1.2183459	-1.0691204	-1.0687536	-1.2045617	-1.213697	-1.7544565
0.67643225	2.1649609	1.1317313	0.4602294	-0.087331355	0.29638	1.4890406	0.4496071	0.1374064	-1.1776924
-0.19936332	-0.9948385	0.42923114	-0.28642786	-1.9372804	-0.7823071	-0.84393	0.03185204	-0.6988233	-2.0800846
0.052496396	0.9453299	0.19479662	-0.23130633	-1.4028662	-0.6067576	0.8406133	-0.15548578	-1.0776883	-1.4531274
0.3326621	3.5459833	0.7194303	-0.07914164	1.0750347	1.1504277	3.989178	1.826873	0.5675443	1.7084874
-1.1669763	-1.3504364	-0.7110771	-1.2034806	-1.662238	-1.7587327	-1.0404592	-1.6612345	-1.4221995	-1.1922243
0.5277663	-0.26479286	0.5055753	0.39436883	-0.8303137	0.8265546	0.5130248	0.07843742	0.43668267	-0.02980627
-0.494406	-0.89076984	-0.13245523	-0.6071579	-0.8419032	0.15063079	-0.22174647	-0.30417103	0.0869257	-1.4406013
0.8500021	2.1834373	0.48020676	0.6289818	0.40979382	0.94187826	3.4788842	0.7295176	0.42501053	0.46825787
-0.27268216	-1.207476	0.2677695	-0.38356942	-0.08571869	-0.37750155	-0.82434404	0.20513816	-1.048988	-0.24182852
-0.889706	-0.29632044	-0.37419894	-0.9624807	0.8725071	-1.4665467	-0.95263195	-0.90706867	-1.5570233	-0.32015106
3.972748	1.9926021	3.894097	3.6314495	-0.35709426	3.1461852	0.30616316	3.7852576	3.159135	-0.07604565
-0.22335994	0.14082342	0.3319976	-0.37895805	-0.9909644	-1.2337524	-1.1943432	-0.9364289	-1.2447274	-1.8031452
-0.010752372	-0.8672608	0.503832	-0.16818735	-1.8454614	-0.77683806	-1.6103828	-0.26156834	-1.0630093	-2.0900462
0.36455858	0.19758928	1.1631315	0.24802022	-0.04845807	-0.8719451	-0.9380412	-0.588337	-1.3709793	-0.57055175
-1.2131768	-1.0438011	-0.8582715	-1.2417394	-1.039245	-0.8956404	0.64536834	0.05599902	-1.5286216	-1.3704128
2.5975282	1.3098685	2.8409195	2.308587	-0.5522752	2.4061987	0.8654401	2.669923	2.1802545	-1.3643208
-0.6610008	-0.8808106	-0.18189272	-0.735286	-1.5287414	-0.32768732	-0.5931019	0.24921161	-0.91108423	-1.3980476
0.82160443	0.95438886	1.2757194	0.57814145	-0.9504448	1.541252	1.5032569	1.8901484	1.6676073	-0.7891487
-0.5423051	-0.5696533	-0.19078693	-0.6723971	-1.2125218	-0.5507121	-0.49717736	-1.1957264	-0.4167928	-1.604107
0.8799314	1.0642831	1.4391333	0.63568014	-1.0079147	0.0055064806	-0.015963875	0.8006919	-0.025911009	-2.020698
1.1189672	0.48225352	1.3865215	0.91084075	-1.4554564	0.3298073	0.14835157	0.6675116	0.33642668	-0.8424535
1.5139523	2.4881203	1.6050436	1.1649021	0.12024996	2.3847654	4.299122	2.6536446	1.6426237	0.8197226
-0.38890657	0.7930497	-0.19598734	-0.5775787	-0.44681716	-0.3655702	-0.117759876	-0.61959505	-0.17688397	-1.5060111
0.2193974	-0.18571302	0.6260664	-0.0015682727	-1.0114204	-0.37845996	-2.070528	0.385483	-0.7192369	-1.8406324
3.606249	2.8678722	3.3401372	3.176168	-1.1990199	3.3017585	1.5859605	3.2213273	3.3098931	-1.1508411
1.4476545	3.2868001	1.1903796	0.93000484	-0.3560977	-0.5951273	3.1474125	0.34000385	-0.1390266	-0.12688051
0.6952831	2.2933595	0.919852	0.34494293	-0.39286566	1.5955244	2.468288	1.1838802	1.120133	-0.63029367
0.22682539	1.1688547	0.53322923	0.07238765	0.63573515	0.4535551	1.9202498	0.2838311	-0.11507074	0.01936659
0.79367393	1.6244129	0.7384962	0.525138	-1.0099908	-0.8353036	-0.470776	-0.2993717	-0.8618934	-3.241276
0.2696509	0.7398616	0.8096504	-0.020377234	-0.95439684	-0.41546264	0.15613572	0.32200065	-1.1891356	-0.76785165
0.35809556	0.48109564	0.5115285	0.11631559	-0.95574665	2.394571	1.6149834	2.386148	1.6251628	-0.5687349
2.055303	2.3008254	1.9542048	1.7856704	0.0042386055	1.163518	2.1444678	0.66070205	0.56590265	-0.48388046
-0.45345303	-0.48712072	-0.010244936	-0.5652908	-1.2393717	-1.0103495	-1.4420525	-0.13590723	-1.2020799	-1.4990582
-1.9853058	-1.8515339	-1.3990123	-1.9816504	-1.8440422	-2.7147744	-2.1887279	-1.7716151	-2.7111936	-2.0836318
-0.1930741	-0.25107622	0.29331106	-0.33422318	-1.5383152	-1.3447429	-0.46312162	0.0559514	-0.8372434	-1.6816329
0.49795684	2.4356263	0.9886844	0.13980202	-0.22204755	0.39417368	2.351289	1.3210357	0.06890292	-0.9618214
-0.37075815	-0.7262814	0.12318072	-0.50705105	-1.4985944	-0.28460032	-0.087056376	0.17349957	0.4552379	-1.5822747
-0.8531293	-0.39135382	-0.42531428	-1.0134299	-1.7991301	0.27448398	-0.09381516	0.9168225	-0.090834476	-1.1607337
0.34054622	0.20677039	0.77757514	0.12597106	-1.0279626	-0.40347517	-1.0264267	0.50969136	-0.62476563	-1.1391715
1.3421674	1.7867043	1.8295739	1.0638397	0.04574585	1.8633219	2.1842747	2.2533545	1.9936457	-1.3223227
1.4367685	2.343728	1.8099108	1.1052299	-0.78779745	1.3494341	2.8185096	1.847825	0.4933313	-1.295492
0.64803994	0.33543697	1.314462	0.535236	-0.53132725	1.0082006	-0.5216134	1.7137232	0.5812174	-1.5052294
-1.0591815	-0.29054978	-0.90070117	-1.1702815	-0.7220507	-0.7784136	-0.44459262	-0.81734043	-1.6958219	-1.4434464
-0.74440926	2.5232975	-0.6805612	-1.1283807	1.6170787	-1.7567298	4.039236	-1.3196144	-1.5352077	3.1018882
0.24421278	0.2554306	0.58632094	-0.008961409	-1.5429069	-0.46207762	0.24415387	-0.5826692	0.69262767	-1.30211
0.3205115	0.09310743	0.7641953	0.08605687	-1.5136725	0.9693987	1.2099034	1.8271321	0.9226213	-0.97222245
0.77063185	2.6089237	1.0655178	0.29384506	-0.8787265	0.87297416	1.6953603	1.8407243	-0.21104978	-0.7676213
-0.9083118	-0.8419237	-0.4830009	-0.99214137	-1.3102299	0.59035444	-0.7094568	0.6922191	-0.0384621	-0.81915796
-1.5395297	-1.4894823	-1.0007683	-1.5256978	-0.49547005	-1.3693675	-1.6358359	-1.4686244	-1.7524172	-0.70299584
0.65330905	2.0322728	1.3596921	0.33125508	0.25928757	3.7065768	1.0486007	3.8182242	3.410299	0.55691856
1.1485842	2.200541	1.2944113	0.84011245	-0.036257297	0.48738065	2.0962148	0.9945137	0.9272739	-0.5610155
0.30923954	-0.058853045	0.6293577	0.124113485	-1.2860765	0.8707475	0.1805753	1.0680797	0.5989541	-1.738136
0.3990887	0.55755866	0.9842309	0.18306611	-1.1267948	0.30228752	1.29767	0.7197404	0.750469	-1.3368932
-0.38737923	-0.18726674	0.02529876	-0.5763704	-1.3968172	-0.8961193	-0.10476397	-1.2696537	-0.87564176	-1.6175063
1.920664	0.29024467	2.0810173	1.6023824	-0.70771194	1.7395904	0.6393181	1.5896415	1.219741	-0.6719724
0.25330466	2.3837147	0.6687603	0.018939719	0.01788342	-0.07428914	2.1871161	0.07266926	-0.6960435	-0.14085858
-1.5828526	-1.4183455	-1.055186	-1.5844247	-1.0859121	-1.778575	-1.6443264	-0.4142033	-1.8968292	-0.093038246
1.0497468	0.23663661	1.2953805	0.85950005	-1.2994902	1.761363	-0.1260482	3.071085	1.5249412	-1.7364392
1.1441684	0.117625505	1.4972035	0.8683349	-1.2107598	2.2779276	0.15024637	2.2113955	1.559148	-0.46761194
0.6261233	0.9716939	0.9163449	0.3778906	-0.32978547	1.0289984	2.3475401	1.3864793	1.282721	-0.38771302
-0.48609376	-0.1719062	-0.2860441	-0.6160162	-0.94668865	-0.30154058	0.40474027	-0.6409638	-0.57631946	-0.24923173
-0.3691015	-0.51002836	0.016384572	-0.40212923	-0.8776108	-1.4969809	-0.37473887	-1.6503378	-1.3009955	-1.9502437
-0.23956972	-0.7813549	0.15852195	-0.34004354	-1.1106839	-0.19182798	-0.87944245	0.74922436	-0.2611682	-1.5744474
1.3921022	1.9753976	1.405438	0.9813287	-1.1490303	0.5584732	-0.086253494	0.3905574	0.2462165	-1.4025681
1.0894736	2.4465387	1.9671229	0.93741035	2.363019	-1.3242005	1.0052096	0.18052265	-1.2960123	0.4104278
2.2263923	1.2492603	2.8296654	2.0572982	-0.3177356	1.6562679	0.5569466	2.4630194	0.8047935	-0.71653205
-0.8566408	-0.795544	-0.6272489	-0.8750338	-0.67082345	-0.6980859	-0.1806308	-0.3220704	-0.29253554	-1.0315125
-0.4368396	-1.1116632	0.045446843	-0.53614306	-1.9322739	-0.83427703	-1.0466739	0.12964731	-0.92014784	-0.88658965
-0.80595773	-1.0574259	-0.20968768	-0.8751464	-1.5197219	0.19903141	-0.056094814	0.10629358	0.48181984	-1.1645948
-0.89646107	0.38674197	-0.87643874	-1.0766139	-1.3254997	-1.2648629	-0.86022097	-1.0118619	-1.708879	-1.7223939
-0.13499027	0.76714826	0.16220146	-0.4065891	-1.3375643	-0.30174965	0.27632624	0.2055039	-0.71672726	-1.7513181
0.5416823	0.29072306	1.1058851	0.36175978	-1.2462003	0.44929886	-0.047779236	2.144289	0.9254874	-0.944782
0.83287585	0.8450966	1.25917	0.59950966	-0.932739	0.1292818	-0.949171	0.516032	-0.08352725	-1.4765086
1.3508729	1.5128763	1.6954216	1.0595753	-0.7491635	0.35842457	0.45734683	1.0294051	0.22571822	-0.7852891
0.5403615	0.5214071	0.8147199	0.24216522	-0.17398489	0.018677441	-0.23365033	0.36683136	-0.016835498	-0.83733505
-1.0328805	0.65588856	-0.69885314	-1.2625512	-0.97366405	-0.4489909	0.9636862	0.15518881	-2.0572927	-0.3834995
0.20784235	0.47738495	0.431392	0.1503142	-0.8975351	0.91673344	0.6729467	1.4931983	0.8836593	-1.4077417
0.411544	-0.18504804	0.62408566	0.3504058	-0.61602557	0.9804991	0.89415264	1.2239366	0.41863295	-0.024499917
1.807042	2.73618	1.8104371	1.3871125	-0.6206015	1.8495635	2.2115664	1.7628925	1.5759804	-1.0920212
0.52442044	0.8864145	0.61798954	0.23325889	-1.112927	-0.043575097	-0.4325888	0.19980009	-0.19418436	-1.5671275
0.9471188	1.4699162	1.5343275	0.6733385	-1.0374916	-0.2250839	0.76949465	0.46182975	-0.34378648	-1.9856669
-1.831886	-1.8039075	-1.1873336	-1.797926	-1.4226965	-2.0049813	-2.4107902	-1.238029	-2.4603243	-1.3649838
-1.1426086	-1.0023237	-0.6357455	-1.1819035	-1.109532	-0.98753726	-0.27790773	0.04716198	-2.389012	-1.7463658
-0.67581946	-0.5475682	-0.30815592	-0.8060802	-1.2336627	-0.28145173	-0.33526894	-1.3653499	-0.22664061	-2.1505046
3.119405	3.5959694	2.8019974	2.726944	0.21635291	2.0441456	3.7296035	1.9990346	1.3417832	0.96340734
-0.7498051	-0.31296715	-0.22880888	-0.8223893	-1.0400226	-1.0270138	-0.1114643	-0.22529885	-1.1570091	0.06946717
0.30438727	0.69615614	0.86672616	0.086012706	-1.0934724	0.41516054	0.50412285	1.0780741	0.56562126	-1.2398684
0.2951849	0.17561218	0.9169022	0.155793	-1.0523299	0.2691603	0.46196193	0.6086934	0.27146402	-2.1325648
2.7339642	5.1542954	2.3735225	2.244247	2.2504785	3.4256208	4.8542123	2.4739263	2.6128244	2.288418
0.70464104	0.65253747	0.8178204	0.49470562	-0.29555726	0.30871472	0.37463042	0.013930569	0.18081988	-1.2028058
-0.7712454	-0.7748467	-0.3116748	-0.8503711	-1.065035	-0.52913344	-0.0025711989	-0.28044483	-0.6128073	-1.4580151
0.20471725	0.45515838	0.64993	0.04793422	-0.9934113	-0.16080607	0.025709035	0.44249013	-0.124453425	-1.1758056
0.32718223	0.08795175	0.9341482	0.15576552	-1.4478754	0.38551292	0.31374344	1.3438792	0.051560424	-0.84490347
0.31232575	2.665901	0.16507587	-0.27551782	-1.0885941	-0.53327256	1.9551189	-0.08212565	-0.78719634	-2.350002
0.07296946	0.06503034	0.44325107	-0.119225845	-1.0315374	-1.127867	-0.93421465	-1.6704998	-0.76349956	-1.483872
0.34772304	0.7070496	0.4079695	0.17823453	-0.1593092	-1.0215495	-0.21187545	0.1890807	-0.5754624	-1.1309961
-0.63794595	-0.85445	-0.19477788	-0.7327243	-1.4316103	-0.8229828	-1.3239472	-0.52888334	-0.87489265	-1.5625184
-0.58872664	-0.8300729	-0.19727731	-0.68883014	-1.1611259	-0.8347344	-1.0968976	-0.2354024	-1.2878981	-1.4169261
4.000995	3.6186821	3.7439492	3.4451272	-0.9730389	5.1064873	3.9718204	4.739291	4.8510365	-1.7772453
1.3787607	0.8007953	1.7989242	1.1978865	-0.8374996	0.9876476	-0.024184613	1.2921525	0.9740716	-1.2311887
-0.34683928	-0.09480238	0.15589067	-0.49028748	-1.1863123	-0.44164816	-0.7881999	0.018993486	-0.85848504	-1.5425938
0.7464104	1.9742386	0.90596783	0.40928495	-0.6817516	0.50053275	3.5649087	0.5628491	0.051045325	-0.44589472
1.2669086	2.1063867	1.33757	0.8142376	-0.70230854	1.4099839	1.4915639	1.142904	1.1832088	-1.5914824
0.43965188	0.43118176	0.83739305	0.25399166	-0.8715495	1.3007164	1.2270008	1.2105635	0.8714623	-0.9449699
-1.5227891	0.028483152	-1.2132168	-1.5859902	0.85320866	-0.83416927	-0.8588926	-0.5366499	-1.3260595	-0.92920077
0.41421664	0.10469136	0.93668854	0.26335776	-1.247796	0.089707054	-0.42674345	0.88267475	0.79561603	-1.0371828
0.3523329	0.47960928	0.58913183	0.21863084	0.852227	0.7182863	-0.29212525	0.6049075	0.8057224	-1.6823392
1.0933601	1.8444846	1.294502	0.76443106	-0.70448035	0.59125257	0.8813305	1.3060999	0.6308744	-1.7872553
1.7439113	2.4885023	2.019521	1.3840597	0.25222716	1.2219219	2.0486958	1.3158141	0.311196	0.09436652
-1.7016394	-1.6778078	-1.072499	-1.7106563	-1.3516287	-1.7037079	-2.7006326	-1.1359199	-2.2917566	-2.3002815
-0.5996369	-0.17827997	-0.2213513	-0.7001646	-0.9277251	-0.49876577	-0.6395912	0.37911388	0.0025266758	-0.96848184
0.07721033	0.39481536	0.47983274	-0.063357964	-0.78850913	0.38692513	0.5667309	0.9267812	-0.26656544	-0.5645216
0.37547094	0.7068709	0.94771373	0.16742425	-1.239325	0.30025193	0.8159381	1.023914	-0.02122799	-1.6748997
0.78755397	0.9290886	0.97098124	0.49037766	-1.4531254	1.2029188	1.8611199	0.97128123	0.84591776	-1.9682947
0.2921561	-0.37110415	0.67500985	0.12486507	-1.2802241	0.37448862	0.19734477	1.0420928	-0.25228086	-1.826581
0.5396387	3.7651522	1.1665024	0.3508848	0.98091805	2.7979665	4.8590093	2.9906287	1.6525667	1.7337092
0.093615554	-0.058018237	0.32980415	-0.013442054	-0.8845974	-0.46950406	-2.236072	-1.1526704	-1.3238622	-1.9278758
0.71160406	0.72107863	1.3791077	0.52300256	-1.0488948	2.2291625	1.7700807	2.639127	1.7201483	-1.3826212
0.656114	0.7920704	0.83069193	0.41455895	-0.72953117	0.10725979	0.11699075	1.1802561	0.25056434	-1.2265418
0.29312643	-0.040425897	0.90074015	0.14980213	-1.2410787	0.6102624	-0.43409628	1.4810688	1.35972	-1.7978858
1.3946201	1.5979296	1.9206022	1.1747559	-1.3124982	0.8672462	1.340965	1.306287	0.46061182	-0.5139516
2.410844	-0.3106426	2.2484212	2.148858	-0.79751456	2.7298243	0.12314884	4.135948	2.5617237	-1.0813234
-0.72043294	-0.45428723	-0.36776564	-0.80299574	-1.2800528	-1.3311654	-1.2933543	-0.53982735	-1.1858201	-1.4729849
0.27850154	0.3487635	0.7376509	0.0042598695	-1.3065261	1.033919	0.93044984	1.8685952	0.17324993	-0.87996626
0.80743855	0.26016715	1.2152315	0.5303157	-1.0622584	1.6982638	1.8328469	2.0447958	1.1114925	-0.3570445
2.1954048	1.3761971	2.3575206	1.8794932	-0.12250957	0.646361	1.8328437	1.4567856	-0.13132596	-0.60422415
-2.1602688	-2.1248875	-1.4323598	-2.098131	-1.6827217	-2.7868748	-1.7498181	-1.6909488	-2.363477	-0.9848618
-1.0224221	-0.9757955	-0.5888952	-1.1092207	-0.7749188	-1.0504982	-1.0476968	0.10215446	0.069640875	-0.4744726
1.9364427	2.4725108	2.3239574	1.642425	-0.5996944	1.6594297	3.0172508	1.8657796	1.4247118	-0.5540491
-0.6938745	-0.69848573	-0.37853566	-0.8409402	-1.048042	-1.0934168	-1.1004224	-1.0744917	-1.1995343	-1.3363522
1.5277293	-0.17568132	1.4631186	1.2204528	-1.0382106	-0.15436149	-1.5531892	-0.4645662	-0.42114985	-2.2568219
0.5929438	0.0048018396	1.1197387	0.44321102	-1.3293761	0.015664116	-0.24904056	0.16313782	-0.29824212	-2.3535519
-0.042738624	-0.3606934	0.4501135	-0.14421548	-1.2223992	-0.5424517	0.24981175	-0.37987188	0.726809	-1.7106365
-0.28877014	1.8435726	0.16765386	-0.6463323	-1.3094244	-1.0492605	1.8834342	-0.39729306	-1.1410847	-1.7618244
0.38388324	1.1305572	0.20706835	0.14119436	-1.4410459	0.24719667	0.6039605	-0.38798982	-0.60662407	-1.7764708
-0.2668453	-0.62029076	0.16956908	-0.37356332	-1.4881817	-1.0223842	-0.47570288	-1.366909	-1.2412677	-2.1092262
1.1140784	1.8705432	1.6511734	0.8185805	-0.7992747	1.7840608	2.1618576	2.2994108	1.6194435	-1.1701556
0.99013764	-0.18546137	1.6679286	0.8272438	-0.7706206	1.0515085	-0.3086508	2.106428	0.56280977	-0.9815403
-0.44700116	-1.1169324	-0.0192855	-0.5791553	-1.5591218	-0.94810075	-1.7954565	-0.12548319	-1.1165992	-1.8097444
0.88980407	0.57072234	1.211932	0.58066297	-1.2878015	0.5470714	0.88642603	0.43692786	0.40892977	-1.5476304
-0.22708166	0.14292973	0.19853571	-0.40745306	-1.2232162	-0.537449	-0.35875747	0.08400561	-1.0334021	-1.5750645
-0.20172966	-0.64646053	0.34576833	-0.31370974	-1.154449	0.716564	0.33534434	1.2613177	0.43487152	-1.3586096
1.1398264	3.4480245	1.3092473	0.7044462	0.94222724	-0.12673526	3.0160253	0.4294851	-0.34223542	0.23686326
-1.9470155	-1.7279352	-1.3473992	-1.9107034	-1.2929134	-1.9348016	-1.5596874	-1.092341	-1.9651896	-1.6896588
0.80684745	-0.132003	1.1392417	0.5537584	-2.2471287	-0.055374134	-0.86622155	0.7651067	-0.27026302	-2.7246103
2.170631	4.5584354	2.3171856	1.837707	1.565644	3.3987553	3.638348	3.3731046	3.05783	0.9610565
-0.7321544	1.1633987	-0.42131785	-1.0254517	-1.0947515	-1.3741153	1.6810601	-0.5673476	-1.890522	-0.99392575
0.9469126	0.21189427	1.3752682	0.6645517	-1.204958	0.9236291	1.3312254	1.7468407	0.97555643	-1.4846323
-0.9696796	-1.2963583	-0.47788993	-1.0175257	-1.2408459	-0.63494635	-0.8760914	0.12327688	-1.0244411	-0.81703633
-0.48172346	-0.29055342	-0.09025207	-0.6651247	-1.5798215	-0.62222654	-0.27739313	0.07687468	-0.11690314	-1.0648941
0.9416097	1.059044	1.4950577	0.7371984	-0.96037257	0.042640362	0.40137544	0.46727782	-0.0127452	-2.2787776
0.34565789	4.3996415	0.46606177	-0.11894591	0.8390025	0.17021672	4.7355723	0.252737	0.08449735	-0.40263247
0.42089823	0.79830384	0.91758525	0.17509942	-1.2810798	-0.086358346	-0.29275098	0.543203	-1.0920209	-1.4284738
-1.4703478	-0.48899844	-0.85041714	-1.4988707	-0.19461867	-1.5131938	-1.2302955	-0.90960586	-1.4633974	-1.4625944
0.7980812	2.3213007	1.2056009	0.56095517	0.0068400204	0.09779321	1.8308753	0.8552414	0.26485407	-0.8545008
-0.61706525	-0.75022495	-0.18265226	-0.7236063	-1.2259052	-1.1445007	-1.7041404	-0.23060995	-0.96120715	-1.4156703
-0.4682171	-0.8692392	0.14814228	-0.6210151	-1.7657987	0.22385731	-0.7694333	1.0136621	-0.28469598	-0.99758166
0.062315635	0.14177427	0.44818944	-0.10623212	-1.2195003	-0.07236767	-0.085659176	0.108922906	0.5679479	-1.1216618
0.5694941	2.7088516	0.8903825	0.17610778	-0.6352345	0.61756396	2.684806	0.77227503	0.42092544	-1.1469222
0.24529165	0.46844205	0.77314615	0.0022593588	-1.198196	-0.6503073	0.79540527	0.25553855	-0.73999184	-0.7879431
1.5244346	0.21478987	1.8189385	1.296825	-0.1997644	0.9946684	0.28364432	1.0417138	0.56052136	-0.8519605
0.35764605	0.2266464	0.8977349	0.17346035	-1.1276922	0.62655264	0.42906284	1.469536	1.0225861	-1.556991
-1.2183158	-0.4909102	-0.11809498	-1.3055781	-1.3774447	-0.5389953	0.2948784	1.1028582	-0.4132449	-1.1103536
3.0944436	1.365713	2.785851	2.7300434	-0.80124426	2.2933235	0.560596	2.5780187	1.9581493	-0.8396925
0.3173617	0.1471897	0.8146764	0.054746583	-1.6751271	-0.041837562	0.42071795	0.4249223	-0.75418127	-0.9663404
0.9149669	0.35775658	1.504992	0.6713166	-1.8000966	0.4575826	0.8314862	-0.004324537	-0.08869849	-1.3220913
-0.0347488	1.1782811	0.4990081	-0.34255856	-1.012495	2.4355137	2.3757238	3.410566	1.2769275	-0.28020245
-0.68087906	-1.5800266	-0.32977703	-0.65180475	-1.3375645	-0.46076682	-1.6291267	-0.3074869	-0.6506347	-0.81001776
3.0082173	3.9206307	2.5537634	2.5815113	-0.58880526	3.3589277	3.9411924	2.4352686	2.2712376	-0.71959615
0.15397409	0.4670929	0.4796572	0.019910902	-0.42875916	-0.17957915	2.1233704	0.20921256	-0.06264301	-0.11425388
1.0681866	0.22921953	1.273506	0.7452601	-1.2043855	0.8477805	1.084351	0.16795197	0.18649867	-0.345116
1.5091027	2.1182966	1.691782	1.2679622	-0.5494382	0.6201276	1.3134315	0.8845445	-0.4125108	-0.6002126
0.174364	0.26177347	0.8621541	-0.06550847	-1.431454	-0.05845292	0.736868	0.41094095	-0.54436237	-1.747986
2.4186747	3.4431927	2.2914507	1.9686222	0.22407565	1.7552065	2.6577816	1.6082398	1.6803048	-0.35748234
-1.4487982	-0.5769731	-0.82319033	-1.5382462	0.056681275	-0.04641837	-0.82721066	-0.4095552	-0.5182667	0.6742156
1.1196479	0.7561252	1.3922529	0.89846134	0.5751146	1.2878733	-0.26602632	1.8116243	1.6765708	0.46883786
0.065115385	-0.84644556	0.593127	-0.10425438	-1.9059757	-0.23141618	-0.6888169	0.09542213	-0.43670055	-2.736789
0.15887451	0.99475527	0.7649237	-0.043294445	-0.9324405	-0.5934281	-0.0059800935	0.3123187	-1.2612418	-1.1121212
0.8619657	1.9058781	1.2312801	0.5002406	-0.665138	0.14965221	0.069126986	0.6597502	0.25587004	-1.147183
0.69864297	1.7216004	1.0024959	0.39682496	-0.8284615	0.49436018	2.3002124	0.6381005	0.108031064	-1.909698
0.44978008	-0.2645939	0.8203697	0.27195162	-1.3247513	-0.43365976	-0.4012395	-0.124855615	-0.9053178	-1.754995
-0.10110686	0.45758864	0.33400312	-0.25103545	-0.9425564	-0.7665495	1.7590041	-0.92576355	-0.2880998	-0.17669271
1.4587408	1.3481994	1.9438677	1.2368314	0.2259557	-0.13819754	-0.0952285	0.3407497	-0.48053068	-0.553475
0.1801565	0.43602493	0.5038823	0.0065885335	-1.0098675	1.3296298	1.2113726	0.98788327	0.8834341	-1.1167982
1.0221074	0.1617789	1.5606164	0.84088266	-1.285514	-0.3228939	-0.7931171	0.57089764	-0.09025619	-1.8985112
0.27883902	1.6912396	0.41326034	0.043723434	-0.9996072	0.83816475	2.95622	0.21635874	0.49469507	-0.5457708
2.39913	4.0699077	2.337677	1.827183	-0.060017675	0.648696	3.2151408	1.2638096	0.34972608	0.42022225
-0.81982046	-0.939438	-0.39391908	-0.8778185	-1.4876076	-1.4098319	-1.0782508	-1.8779589	-1.1050185	-1.6532248
2.537567	4.3514123	2.1569912	2.1031475	0.64592814	1.5099609	3.65215	1.0239109	1.5922959	0.43562928
0.86728936	1.8345883	1.1714188	0.5275742	-0.81095433	1.7358524	3.0733993	2.0035229	0.75829023	-1.0638342
0.090273134	1.0844922	0.5267256	-0.16609526	-0.8414334	0.67217964	1.9054027	1.4790092	-0.07742603	-0.07967748
-0.16770557	-0.8672539	0.38981542	-0.2828685	-1.1856469	-0.12857176	-0.58952326	1.1089473	-0.013002495	-1.7977996
0.62590134	0.5828438	1.1028914	0.47398728	-0.91486895	1.1802447	0.7010592	1.6212283	0.93442285	-0.8350591
-1.2461103	-1.2830484	-0.69247806	-1.2919714	-1.5211848	-0.54972196	-0.74279845	0.33602607	-1.3435897	-1.024263
4.1976285	3.0470085	3.9486651	3.68558	-0.42929727	3.7859156	3.1600125	3.659075	3.3892033	-0.8921627
-1.4188051	-1.2325522	-0.69725704	-1.4611257	-0.60810995	-0.76917076	-0.69409245	-0.06826469	-1.754207	-1.9296111
-0.27310506	-0.54077077	0.28619972	-0.37478292	-0.96324444	-0.20092103	1.0085849	1.337619	0.37629804	-0.26056275
1.4627945	0.6520052	1.3420131	1.179916	-1.7974039	0.23288016	-0.057640936	0.35623473	0.29069954	-0.71380013
2.4972508	3.389993	2.3482032	2.1285515	0.524482	2.645289	3.379156	3.1247509	2.8755536	-0.5041796
0.9150023	0.34565106	1.4233265	0.650117	-1.3639501	1.2328823	0.096741214	1.5289781	0.25762984	-0.72900045
0.40349367	0.9639555	0.7727878	0.0029903948	-0.4723583	1.3152423	1.7520163	1.644453	0.36790422	-0.74244225
1.6298438	0.5415138	1.7890987	1.3901379	-0.4113826	2.8347807	2.3089666	3.1617723	2.775154	0.8575629
-0.69995224	0.6169976	-0.5010798	-0.7968849	0.9191334	-1.9399059	-1.1962614	-1.3772863	-1.8792754	-0.45232263
0.88155204	2.755538	0.8056905	0.5076771	-0.46265793	0.1467088	1.5878035	0.8938509	-0.14225103	-0.3745014
0.4216432	-0.09125513	0.89171386	0.27915794	-1.1728457	0.35426062	0.79307383	-0.21382926	1.2178043	-0.8388011
1.3559235	2.1248872	1.6343734	1.0465393	0.821733	0.07503111	1.9196155	0.23358518	0.2399207	0.7469827
0.23467153	0.8485341	1.1831926	0.021354541	-0.71491313	1.982413	2.5099216	2.3515644	1.9108678	-0.77365786
-1.0212994	-0.7139325	-0.25009274	-1.170655	-1.2869784	-1.0993124	-0.82107586	-0.52076894	-1.375175	-1.4547498
-0.5626463	-0.97777355	0.23047677	-0.5252888	-0.1730937	0.7391098	0.29064044	1.4814273	0.76694864	0.20624024
0.57512	-0.65203714	1.0452394	0.48425043	-1.6870036	0.75369287	0.6958277	1.147685	0.97965825	-1.9160339
2.0495286	4.2957025	1.8588144	1.5358871	0.5925591	0.593811	3.1427355	0.31725982	0.7854642	-0.57157093
0.635379	1.0981356	0.6054175	0.42091888	-1.016328	0.42387012	0.5896088	-0.3683629	-0.08318716	-1.1486089
-1.6574641	-1.7610605	-1.0628928	-1.624718	-1.555567	-1.2537119	-1.560943	-0.58575827	-1.0163268	-1.5351955
1.0922507	1.1330596	1.2885784	0.7441452	-0.5643928	0.08441458	-0.39342266	0.8497355	0.050855637	-1.2407575
0.82878727	0.7763846	1.0257217	0.49483544	-1.1136924	1.1096741	0.7085309	1.4090583	0.8708149	-1.919186
-0.32554367	-0.89913416	0.06188199	-0.36260623	-1.7865745	-0.41411453	-1.2250514	-0.03829563	0.27544597	-2.0178523
0.68407893	0.7878829	1.0040951	0.38910508	-1.4611136	0.06809543	0.0493291	0.91138643	-0.22509801	-1.2148256
-0.48106757	-0.04658419	-0.13013905	-0.5549786	-0.30603325	1.0315441	0.93599266	0.47139496	0.27433354	-0.1880753
0.80913323	2.936967	0.7756672	0.41104996	-0.36264315	1.4337612	3.5205178	1.2799312	0.9993258	0.19631052
0.5782088	1.0018591	1.0124643	0.2887016	-0.74835825	1.3793567	-0.1007648	1.0791967	1.0413599	-0.8197564
-1.5981371	-1.6481075	-1.1219357	-1.5492829	-1.518714	-2.0409977	-1.8721367	-1.5200924	-2.122701	-1.3990823
-0.505052	-0.6901854	0.07412067	-0.6027342	-1.6919343	-0.64590746	-1.4019802	0.05845801	-1.0413189	-2.7491856
0.45770285	-0.1903975	0.8442569	0.31070173	-1.4908584	0.64516264	0.47116372	0.89307487	0.47536734	-2.0475538
-0.29967237	0.53507864	-0.09237012	-0.60399705	-1.5384732	-0.011501788	-0.26229653	-0.21490958	-0.8026052	-1.7301633
0.036541216	0.16069755	0.35920408	-0.13746856	-0.7573043	0.030563474	0.22867833	0.3134843	-0.14640003	-0.76049745
1.6040083	3.1014652	1.5045515	1.2636001	1.252267	1.9496301	3.6149473	1.4878811	0.81797874	0.77227306
0.52249366	1.263709	0.45959416	0.30098212	0.20036349	-1.3803055	-0.23252788	-0.9168695	-1.3737968	-0.76754045
0.70222247	1.2999858	1.2992816	0.4294818	-1.0051005	0.37369263	0.61665916	0.3299806	-0.55308944	-2.1074054
0.5044315	-0.30688673	0.8301996	0.29556888	-1.4514676	0.22937065	-0.7966188	0.57688797	0.2886025	-2.1043463
-0.72544456	0.2180979	-0.32303527	-0.9279234	-1.1778902	-1.3241224	-0.7013658	-0.7704068	-1.5938617	-1.2737367
1.1501665	0.28288957	1.4046617	0.8325492	-0.92582667	4.0669885	1.8619941	4.2857213	3.5749586	0.09362457
0.80282587	2.0131958	1.4036002	0.6087954	-0.28544965	0.6176276	0.69872296	0.4964045	0.44374144	-1.1315919
-0.7201827	-0.75602007	-0.44165882	-0.64555407	0.062828094	0.35263798	-0.21542254	0.017019669	0.7184114	1.0395657
0.6287767	1.8393781	0.744702	0.28844678	0.07984367	0.6568476	1.2424737	0.7335185	0.3143868	-0.26869622
0.14422035	0.34832546	0.76552176	-0.05982788	-1.0617365	-0.039504413	0.25080237	0.73969257	-0.22007935	-0.87486583
-0.030257367	-0.38427073	0.3469044	-0.15464376	-1.2928928	-0.48987314	-0.9604061	-0.34359688	-1.3192956	-1.9307041
0.24897674	0.22147247	0.43584362	0.0038981736	-0.67724717	0.26657513	0.74475473	0.7047999	-0.049652625	-0.8849154
-1.2607619	-1.3939375	-0.7248969	-1.2870176	-1.1867715	-1.5730373	-1.7903568	-0.9688696	-1.1005847	-0.6348208
0.36687347	0.2876847	1.0483117	0.13789777	-1.1123427	-0.04140562	-0.78615916	0.2754284	-0.55075026	-1.6423876
-0.32978562	0.5919448	0.022275075	-0.49702942	-0.26319683	-0.55907655	-0.7524153	-0.21626209	-0.9883299	-1.2372941
-0.43493214	-0.48484614	0.009746298	-0.5943007	-1.5956305	-0.81879294	-1.1257693	-0.48107868	-0.97582567	-1.9246341
0.7382005	0.8821697	1.0862647	0.44568628	-0.7591113	-0.096607335	-0.23786922	0.06526387	-0.6410847	-0.99042296
-0.3112618	0.4007751	-0.0038018823	-0.50114423	0.15847293	-1.5719783	-0.11162889	-0.8462198	-1.6890029	0.122403726
-0.3198917	2.1616817	-0.17419681	-0.6951777	-0.03170654	-0.34421292	2.079838	-0.023193635	-1.6924901	-1.3216083
0.660117	0.40954056	1.0516822	0.48056996	-0.5703521	0.43627024	0.96982473	0.5887271	-0.30974874	-0.7851251
1.6250217	2.1232255	1.8357321	1.2393218	-1.0347822	0.274068	2.0521853	0.61892825	0.032221597	-1.4288517
0.2656837	-0.3129708	0.95993733	-0.029918477	-0.8527186	-0.27649936	-0.41849035	0.84455925	-0.115092725	-1.0555495
1.0525149	0.843871	1.4502556	0.76431805	-1.2179054	0.5222003	0.7571244	1.2365135	-0.093749695	-1.0719955
0.43725625	1.0726622	0.5839052	0.25615245	-1.1270293	0.08764791	1.1841806	0.83300984	-0.45054057	-1.6569953
-0.5300586	-0.34792075	-0.15839124	-0.655093	-1.1291598	-0.43979612	-0.017697133	-0.2826494	-0.80519557	-1.6255302
1.82085	1.9032655	2.2262218	1.5375313	-1.1085896	2.173063	2.0836415	2.2582998	1.8008188	-1.7377161
-0.41417903	-0.4052939	0.07851082	-0.4914537	-1.444398	-0.5017575	-0.5021589	-0.22140807	-0.3964226	-1.5618732
0.7694241	1.3043971	1.1371835	0.48503983	-0.49694794	0.60878736	1.828751	1.6387563	0.78341144	-0.87613916
2.0088093	2.1997194	2.4254692	1.663401	-0.9495977	2.0468845	1.607558	2.0816197	1.110085	-1.3904784
2.0359223	2.01299	2.5743594	1.6520227	-0.1292367	2.6502962	2.3488908	3.0867186	2.4987307	-0.26253518
2.3671358	6.094856	2.2163937	1.8869824	3.8599563	1.1501766	5.2023363	0.92048424	0.96870536	3.3202364
0.5545306	-0.08504802	0.90063	0.38004708	-1.2944721	-0.49809456	-0.5839025	0.20907131	-0.94153666	-1.0305984
-1.0516658	-1.2163877	-0.5515753	-1.0813159	-1.1668727	-1.7649367	-0.9105131	-1.2160087	-1.585569	-0.79647523
-0.43903273	-0.064107984	0.2705769	-0.6514276	-1.3642194	-2.1206863	-1.7449542	-0.20770974	-1.4096773	-0.6503634
-0.09784403	2.229782	0.31896755	-0.36641026	0.8132427	-0.8440733	0.4242029	0.5908092	-0.072249256	0.46030143
1.1798028	2.3400023	0.87530327	0.818485	0.5457052	0.782965	1.9107742	0.4978859	0.3130112	0.32408285
-0.4001925	-0.7744106	0.15674293	-0.502761	-1.1984808	0.5577669	0.20531666	1.2034084	-0.2645436	-1.258681
-0.06477819	1.017266	0.06650105	-0.3552341	-1.0211549	-0.7062331	1.844982	-0.7051741	-0.83494586	-1.3018644
2.6361914	2.661892	2.930709	2.2698245	0.083220005	3.8155956	3.476778	3.735372	3.5982628	0.15668614
0.9623944	1.3960668	1.3490313	0.6201726	-1.4690716	0.2441849	1.1396108	0.81593215	-0.38379806	-1.442603
-0.07673585	-0.6462312	0.4194212	-0.20428586	-1.7139072	-0.882624	-1.7253252	-0.565736	-0.55601984	-1.1146162
0.46966562	0.2793565	0.5041119	0.29784894	-0.75657916	0.7091358	-0.5717519	-0.028763195	-0.07410742	-0.73946023
-0.44583905	0.46615186	-0.23184201	-0.69044214	-1.1924045	-0.8786886	-0.33325368	-0.12887117	-0.08538718	-1.3768942
1.338104	1.1046745	1.3559854	1.2054881	-0.29386073	0.90149546	0.7212026	1.17148	0.07826838	-1.1006021
0.4307448	2.4546363	0.75173604	0.07035576	-0.11381023	0.28598535	2.3773763	2.3027542	0.2961499	0.102099895
-0.41747624	-0.77938616	0.08321071	-0.51664895	-1.3061203	-1.149861	-1.5714678	-1.1119895	-0.8943916	-1.3724406
0.37204066	0.6773517	0.9158037	0.085872814	-1.4509454	0.04192078	1.828626	0.21583174	-0.17021266	-1.5182599
-0.03989897	0.1731368	0.4766466	-0.25621486	-1.3509693	0.87074643	1.4468857	0.9835493	-0.23639126	-2.088051
1.556706	0.47566614	1.8272021	1.2601184	-1.54013	1.3545246	2.228453	1.9275079	1.2024806	-1.3586701
3.717118	5.8673015	3.6322267	3.19674	0.9029671	3.449856	4.451643	3.9591377	3.423584	-0.83929884
1.3036942	0.7657732	1.5075598	0.9658501	-1.7562546	1.0068496	1.4922563	1.6822766	0.43507475	-1.3374895
0.2967182	0.75658536	0.50789416	0.053963512	-0.73506266	1.1684084	1.3874487	1.1622422	0.60386294	-0.42065862
0.47153756	2.48336	0.88842595	0.21380542	-0.17423406	0.123191714	2.7198575	1.2065098	0.039683104	0.086134695
-1.1849135	-1.1815177	-0.68231714	-1.2517872	-1.7366189	-0.9633345	-0.9167209	-0.511604	-0.9032341	-2.1844592
1.5713452	1.6100156	1.7334677	1.2549975	-0.9833511	0.12161996	1.5003072	0.33431438	0.4276671	-0.6616131
-0.38634127	-0.544554	-0.03243321	-0.41927278	-1.2253667	-1.0777267	-0.5217821	0.34203988	-0.9627679	-1.586792
0.7288857	1.8534744	0.92761815	0.397892	-0.90041447	0.49886	2.3309138	0.3275705	-0.12234621	-1.2712862
1.0805	0.7393538	1.615197	0.8640672	-1.1652492	-0.18930286	0.9703946	1.4227722	-0.23354352	-0.49983233
0.030295052	0.028405845	0.7443366	-0.18032156	-1.4093276	0.060390063	-0.26809064	0.9776989	-0.44810644	-1.9567043
-0.29528397	-0.09414679	0.07527661	-0.4290982	-1.232975	-0.4268821	0.15311575	0.034719076	-0.21929148	-1.5428113
0.6139298	1.3614721	0.81268895	0.40019327	-0.6332191	1.6515172	4.7182097	1.9394172	0.8843782	-1.0837998
0.37732458	3.0182705	0.631734	-0.020899177	-1.0672324	-0.2776424	3.0510762	0.14969915	-0.41414043	-0.82121277
-0.14566967	-0.04531698	0.17150037	-0.32322276	-0.8619429	-0.62006867	0.39650494	-0.16295728	-1.2808232	-0.8450399
-0.11739052	0.06257379	0.24852994	-0.33012992	-1.4974236	0.56636846	0.980587	0.72320807	0.30370623	-1.52497
0.9105458	2.7460198	1.3981818	0.5081004	-1.2132899	0.52809626	4.9083195	1.606419	0.206466	-0.4219806
-0.46949247	0.34298775	0.046115458	-0.6661398	-1.2020586	0.22038133	1.5403236	0.6270374	-0.12525713	-0.5152248
0.097821794	-0.17349434	0.58640283	-0.071200654	-1.4273002	-0.5489196	-0.6039444	0.3074306	-0.70251304	-1.3212874
1.4164143	1.5242758	1.8568902	1.1545204	-0.542199	0.803376	1.6155953	1.3166091	0.5515604	-1.6822051
0.37290585	1.3387455	0.6576835	0.09668796	-1.5467674	-0.7041395	0.29748422	-0.2703289	0.37459743	-1.0902113
0.009593554	1.8436992	0.42896414	-0.34987962	-1.0600058	0.17210294	1.8022311	0.26333418	-0.14276907	-0.78594375
2.082928	0.8424561	2.3256755	1.8057691	-1.1249768	3.8701608	2.0296645	4.379549	3.3781357	-0.5765277
1.2529402	0.31469432	1.4204069	1.0127069	-1.2190791	1.3093005	1.2749143	1.4028163	1.3135607	-0.7691239
0.062340476	0.53114736	0.44706032	-0.15717137	-1.090915	-0.5939853	-0.46107376	-0.121672936	-0.96147263	-1.4272376
0.48293337	-0.20054704	0.815405	0.26496685	-1.7101704	-0.26116732	-0.7519262	-0.36958277	-0.717238	-1.0661424
2.3115854	1.6686966	2.526937	2.0723283	-0.017467141	3.8584347	3.1716561	3.7942934	3.6087205	0.6336044
0.40301722	0.45245627	1.0132924	0.1763414	-1.3070972	0.100841835	-0.09216085	0.30949003	0.36286795	-1.7193959
-0.08559205	-0.1815275	0.28915438	-0.35593897	-1.9787205	-0.504688	-0.48034143	-0.30924007	-0.54409826	-2.473869
-1.5128362	-1.4013218	-0.9967239	-1.5269675	-0.5757972	-1.0527283	-0.40694016	-0.8972182	-1.8796878	-1.4285991
1.5136007	0.8067256	1.5667489	1.3098104	-1.2748121	2.429349	0.6517203	2.3009229	2.5796402	-1.436404
2.5665886	2.7205412	2.4304798	2.1546295	-0.56968164	3.2293115	2.9169745	2.7219608	2.3431673	-0.5377561
1.3554114	1.2034065	1.6857013	1.0370479	-0.791597	1.2185028	2.0033243	1.4949272	1.3571668	1.0392586
0.8178921	1.2254959	1.2920524	0.5732935	-0.58249366	1.6063509	2.3881598	1.8897176	0.8675971	-0.6632165
-0.5572472	-0.28372118	-0.11619234	-0.70656645	-1.3333156	-0.9231828	0.07972752	-0.272104	-0.74920475	-0.951049
0.51075184	0.8215755	0.8769649	0.24375854	-1.066918	-0.7721387	-0.5097762	-0.57283956	-1.6428635	-1.7363157
-0.20198262	0.59682846	0.24826798	-0.34652027	-0.3996563	-0.64000124	0.31567597	-0.07717839	-0.7834292	-1.5487728
0.45742956	0.5814549	0.89917016	0.20609055	-1.9097655	0.23843029	0.60804194	0.08214433	-0.69281316	-1.3827288
1.3078461	1.3563226	1.3884561	0.9869219	-1.388321	0.975582	2.4906015	1.4223493	0.6199835	-0.98610204
0.7039444	0.4680762	1.1930166	0.45588726	-1.4067746	-0.26150087	-0.58808905	0.08378915	0.18314306	-1.9953194
-0.98160106	-1.272218	-0.41618714	-1.0460707	-2.1016078	-2.323951	-1.2645063	-0.73094267	-2.6297245	-2.3242507
0.037861474	0.6764091	0.40600502	-0.24725649	-1.3550608	0.15766433	0.69017625	-0.111456275	-0.4557456	-1.3967582
-0.55052763	-0.38046554	-0.22655043	-0.69011295	-1.3579153	0.22348797	-0.108865485	-0.20891163	-0.24297303	-1.3905212
-1.4130609	-1.624993	-0.83737254	-1.431127	-0.55924964	-0.80821794	-1.0213389	-0.3262437	-1.5093724	-1.0298269
-0.35573876	0.021275729	0.00057539344	-0.39857614	-0.49295068	-0.14153038	0.81634563	0.79000974	-0.72809935	-0.023953762
0.67647004	0.8299109	1.0641284	0.42549384	-0.97649646	1.5860652	1.2781748	2.1247988	1.975936	-0.827578
0.69400996	0.93758726	1.2132612	0.504579	-0.7779578	0.013736088	0.16672595	0.9755534	1.074585	-1.0481448
0.3386001	4.0771184	0.53322506	-0.10340428	1.0098826	-1.6735884	2.136678	-1.742888	-1.640688	-1.0595242
0.3507795	1.4488786	0.798712	0.06690805	-1.023529	0.3420361	2.8438897	0.89951736	1.5694088	-0.08551517
-1.4604293	-1.3520187	-0.9746622	-1.4617774	-1.2184757	-1.8393118	-1.4706445	-0.9280857	-1.1869187	-1.1441727
-1.2035753	-1.3861611	-0.7672317	-1.2063526	-1.3836027	-1.2437816	-1.0150207	-0.9620595	-1.2459625	-1.2523997
-0.86589885	-1.0296975	-0.42041537	-0.91778237	-1.2408215	-1.3216748	-1.756434	-0.8237348	-1.3957971	-1.4409863
-1.7656198	-1.8233857	-1.1267155	-1.7682797	-1.7111176	-1.4698582	-1.9069486	-1.0264767	-1.4076747	-2.6211274
3.4095829	3.179972	3.4437325	2.9170542	0.29425475	7.0375137	4.674675	7.6726103	6.3938127	2.026525
1.4350321	2.16624	2.0139756	1.1756028	-0.8413547	1.1651269	1.133867	1.8533458	0.5741748	-1.7860223
-0.9750132	-0.57117987	-0.52833486	-1.1128778	-1.5323397	-1.2800341	-0.7670292	-0.6056666	-1.3044492	-0.9202145
-0.4828637	0.19829813	-0.2643092	-0.7633162	-1.0862865	-0.5263076	-0.3978902	-0.55903167	-1.0176966	-1.869048
-0.12587978	2.2300122	0.22908655	-0.46234	-0.88020635	-0.26216692	-0.12642324	-0.30689391	-0.20572616	-1.4868287
0.4316316	0.9894495	1.0302378	0.16515656	-1.1700991	0.11915523	0.8824415	0.75414455	-0.3262838	-1.2491518
-0.11108308	0.5693549	0.10735233	-0.26886213	-0.5768791	-0.23032592	0.67447484	-0.1409337	-0.5884935	0.039491054
2.1316335	2.5384831	2.3026178	1.8179107	-0.09040728	-0.7470204	0.16994853	1.3751993	-0.21986574	-0.23656172
-1.8761594	-1.9321096	-1.1177171	-1.8472553	-1.5785412	-1.8600054	-1.997205	-2.0279083	-1.0215657	-2.5435674
1.0269881	-0.21893181	1.2312694	0.87281966	-1.4762046	-1.1688613	-1.2141353	-0.346875	-1.4211951	-2.469796
0.4759319	0.40440717	0.72874814	0.16761182	-1.6217805	-0.22194435	0.3862027	0.34817588	0.12431483	-1.1679741
-1.419659	-0.70222884	-0.64104295	-1.4208694	-0.108350515	-0.7589277	-0.5689057	0.0971838	-0.93790877	-0.27357274
-0.097145185	0.40174457	0.8891009	-0.33956847	-1.4327918	-0.38335177	-0.24580836	0.7810761	-0.7064542	-1.5401257
1.0165529	0.89956987	1.6939746	0.8121062	-1.0554323	2.2516265	1.7791913	2.4897518	2.1510663	-1.1257191
-0.13796344	-1.1037705	0.5636072	-0.14261015	-0.81435347	0.40598518	-0.14809883	1.3007559	0.41930893	-0.7632579
-0.46766233	-1.421342	0.101827934	-0.5768925	-2.277086	-0.32908627	-0.5028506	0.37095433	-1.0709958	-2.4487948
0.98836404	2.8994625	1.0272523	0.3611079	-0.54812324	1.3761376	5.17393	0.21003039	0.48454162	0.6325
1.8362824	3.4651194	1.7994947	1.2978892	0.3710493	0.22058035	2.20717	0.6645854	0.28903937	-0.54917043
-0.47700116	-0.8155097	0.03263092	-0.5303783	-0.56315315	-0.44451243	-1.273106	0.32751137	0.19517176	-1.1076963
-0.23155227	-0.6896291	0.25089577	-0.37222067	-1.613382	-1.2891971	-1.4338244	-0.9181824	-1.3435434	-1.2632234
1.0472375	1.0866106	1.4629482	0.77865297	-1.3047942	1.0290569	0.97457016	1.346496	0.41666493	-1.3647318
-0.95442015	-1.177269	-0.38709047	-1.0302547	-1.5557127	-1.0150968	-0.84526557	-1.1743295	-0.753808	-1.7123798
-0.23164299	-0.12457453	0.17196201	-0.46382135	-1.5954813	0.4011208	2.6991613	0.5124188	-0.013257217	-1.4264048
1.8742956	1.1877364	2.5915854	1.6858842	-0.5193743	1.0454121	0.895064	1.7051153	1.3551736	-0.6636433
-1.3863034	-1.7737877	-0.882442	-1.3355955	-1.1176213	-1.2806909	-1.8946708	0.47339907	-1.1895155	-1.6588845
1.4551113	1.0559907	1.9192071	1.154517	-1.1952381	1.112135	0.78766406	1.2514004	1.0778654	-1.1543547
-1.1688601	-1.1603358	-0.76706386	-1.1479107	-1.4113222	-1.2503228	-0.76954174	-1.5915511	0.29470742	-1.1737484
0.62847763	1.4288683	1.1451646	0.35769254	-1.0251522	1.9112607	2.7486885	2.7764568	0.9641988	-0.13776335
0.13091779	-0.3717355	0.6740842	0.030361071	-1.6238931	0.18284695	-0.06120063	0.7101198	0.56777114	-0.69047475
0.14829889	0.58477783	0.8819325	0.0009469241	0.47145167	-0.07317874	0.26665837	1.0833745	-0.3355189	-0.660754
-0.27891308	-0.0002400279	0.15612206	-0.50606483	-1.7001218	0.3076464	0.23339057	-0.3224399	0.5394826	-1.0441321
0.038367994	2.7387037	0.18138254	-0.4112693	-0.68290615	-0.4851289	2.4415038	-0.4319358	-1.0553703	-0.4180989
-0.48472455	-0.41459003	-0.102418095	-0.5764574	-1.0661249	-1.1083535	-0.69785684	0.3428004	-0.9474726	-1.2105192
0.87207335	0.2035625	1.0631979	0.5808786	-0.6877506	1.1452749	-0.24517834	0.4773366	0.55180526	-1.4646745
0.18744993	-0.29411444	0.9656985	0.0702707	-0.40101776	0.18240222	0.084221505	0.3382917	0.04816668	-0.47749782
-1.3649088	-1.4595133	-0.78644586	-1.3982354	-1.1606131	-1.1574359	-2.0481684	-0.7707855	-1.272045	-1.0033764
1.8355379	1.9063983	1.9856671	1.4689913	0.9521394	1.6816021	3.2296824	0.31176808	0.20073085	0.80088574
1.2017337	1.1796317	1.2958237	0.86624956	-1.3601925	0.26703295	1.3356208	0.62111354	-0.13498424	-0.9327271
1.1410905	1.6075871	1.5507163	0.85546315	-1.02491	1.1101868	1.6859317	1.6753967	0.7609552	-1.0929117
0.12570554	-0.34685463	0.70679295	-0.04473266	-2.0922177	-0.06885822	-0.9444784	0.65146124	0.9430732	-2.9880848
1.5048215	0.50603855	2.0177598	1.4198868	0.37462404	0.9496136	-0.9290629	1.485926	1.4245802	-0.7276804
0.9964146	-0.41638884	1.5016887	0.8514285	-1.1034733	0.019318625	-0.015679052	1.2308186	-0.0549846	-1.8284948
0.24340829	-0.09626913	1.1157252	0.076554134	-0.12569237	0.124298476	-0.8802556	1.8255969	0.066116124	-1.1909126
-0.26947343	-0.0690276	0.025948986	-0.39104778	-0.74610054	-1.0001116	-2.3263535	-0.64258796	-1.210018	-0.612653
1.378356	0.46422455	1.6745772	1.034796	-0.996402	0.721595	-0.84426	0.9758254	0.4131865	-1.7014183
-0.41881135	0.36546388	-0.18834439	-0.59529686	-1.027595	-0.1507733	0.7152458	0.113103725	-1.3282824	-1.5952657
-0.6749466	-0.80393994	-0.188907	-0.7382044	-1.0295655	-0.02782022	-0.49083504	0.363854	0.48658735	-1.3175633
1.2510809	2.4097555	1.5396093	0.79410565	-1.2232511	-0.027047899	2.3023033	0.11709199	-0.39471242	-1.6766983
-0.016862296	1.1215622	0.25229537	-0.2230655	-0.05255136	-0.88647354	0.5048927	-0.34184104	-1.1493422	-0.03255878
-0.46258086	-0.68388593	-0.090171635	-0.51729244	-1.0106368	-0.34543312	-0.91236705	0.099654146	0.052471478	-1.104257
0.6126743	0.19547892	0.9139036	0.4167058	-1.2917558	-0.08468212	-0.8264244	0.6666978	-0.30706787	-1.7645043
2.442383	0.11671704	2.6640384	2.2460847	-1.3761244	3.4772053	0.9500869	3.558797	3.2677608	-0.13703395
-0.7610781	-1.3186836	-0.53980565	-0.8026358	-1.0549432	-1.3041084	-2.1313648	-1.2030727	-1.444512	-1.1458006
0.18625963	-0.36636305	0.5870472	0.02803196	-1.5903522	0.2324758	-0.13445112	0.48099178	-0.11996725	-1.2677944
0.97318953	1.6630454	1.4407295	0.69666374	-0.5609182	0.15707685	2.024545	0.799166	0.26247114	-0.67206854
0.8299579	0.9458833	1.2757701	0.5937885	-1.4383507	1.1441197	2.0948951	2.1960933	0.6521131	-1.7002863
0.5136375	-0.32686347	1.0739812	0.4044237	-1.2590067	-0.002981924	-1.4185585	0.4314907	-0.42502916	-1.8877819
1.2825472	3.04203	1.4991196	0.94938207	-0.23858947	1.2961028	3.0763514	2.0101538	1.3317562	0.507471
0.6259905	0.51802814	0.8556261	0.35361362	-1.3713765	0.10057173	-0.39604264	0.64800584	0.14944963	-1.5834204
0.12742156	2.1924815	0.35725728	-0.37607977	-0.3874263	-0.90494615	1.8529596	-1.0359509	-1.2938235	-1.1490252
-2.3465388	-2.0876882	-1.6329519	-2.2265708	-0.21164832	-2.1891506	-1.9852215	-0.96069235	-1.2764624	-0.6479534
0.07849129	-0.08108559	0.6309442	-0.07015793	-1.3682865	0.35771015	-0.19629057	0.63649404	-0.23693247	-1.3715599
1.7479	1.6037343	2.0300534	1.4877025	-0.32529163	1.6073443	1.1031612	1.6020813	1.422317	-0.79455775
0.34814635	0.9270705	0.7565334	0.17149006	-1.2719454	-1.6847131	0.51216555	-1.2706352	-1.4032437	-1.5376278
-0.5542654	-0.11749557	-0.4637092	-0.6887696	-0.9465672	-1.5923072	-1.1419586	-1.5143735	-1.4801207	-1.2725415
1.5211507	2.219676	1.6904045	1.2117236	0.4545736	0.8154757	1.0602683	1.2371289	0.5086535	-0.9839878
-0.057797436	-0.6911254	0.43298766	-0.20833765	-1.9472386	0.028953578	-0.38721782	0.46861383	0.042451493	-1.5986174
0.019760214	-0.93157077	0.37040827	-0.0390075	-1.5246454	-0.5170143	-0.9752798	-0.044265177	0.07951101	-1.4610155
0.936968	0.73677945	1.1696556	0.57372636	-0.8171835	1.6817241	1.125871	2.021643	1.224069	-0.12298652
0.55952656	1.0659367	0.6842535	0.30768836	-0.83159983	1.3439913	0.47760868	0.7570162	1.2621436	-0.32579526
2.1995585	3.3365998	2.1658587	1.8851774	1.214231	1.2123369	2.0906744	0.62302446	1.1655414	-0.60485095
0.11309215	0.68849087	0.571005	-0.1717774	-1.3581458	-1.6456395	-0.024121506	0.003271516	-0.9367727	-0.9408716
1.8307565	2.925174	1.7154073	1.5075517	0.12771419	0.23658787	1.2999455	0.82787734	-0.1072056	-0.7960491
0.26061496	1.0704052	0.92028797	0.026619866	-1.0638282	-0.0938337	0.74070203	0.7410578	-0.2417861	-1.3093289
-0.36350298	0.38582268	-0.058085293	-0.55594385	-0.37391454	-0.7830186	1.1421425	-0.11136649	-1.3017956	-0.43644834
-0.33130956	0.37535128	0.26161918	-0.56345975	-1.8026763	0.087548286	1.1495712	0.5356774	-0.33287987	-1.6035029
0.22330502	-0.3180575	0.81848395	0.0119086355	-1.7933334	0.31859514	-0.031048696	0.86167556	0.38108358	-1.648297
2.105934	0.7578063	2.1260982	1.7233269	-1.2279724	6.024622	2.1987107	6.3589473	5.595082	-1.1715392
0.97382873	0.7743894	1.4597381	0.7546001	-1.4157052	1.3382664	1.2437652	2.1524768	1.2987444	-1.0604326
2.9484138	3.0184855	2.940544	2.5150747	-0.27061954	1.0242075	2.253686	1.6040771	0.50630593	0.24639598
-0.96966517	-1.428669	-0.5792812	-0.9949031	-1.2058938	-1.3783585	-1.3334647	-0.8279646	-0.8720138	-0.6566268
0.10686406	-0.021694124	0.5929792	-0.0116815865	-1.009004	-0.84362775	-1.5118115	0.012592319	0.019879393	-1.7036765
0.5127482	0.4332585	0.84831953	0.37555408	-0.19507687	0.970671	-0.1546276	0.6341042	0.686145	-0.83153677
-1.1018116	-0.6062664	-0.6493875	-1.2719129	-1.7298669	-1.6718746	2.391712	-0.8456174	-1.8753237	-1.4079983
1.3108355	1.6979351	1.9926773	1.0258245	-0.26122883	1.0901132	1.8585695	1.8257878	0.9658495	0.520402
1.2755419	0.27669045	1.6125873	0.9823055	-0.6606628	1.2785783	-0.66937256	1.7490238	0.11033563	-0.76701975
-0.20531964	-0.18337569	0.23599535	-0.3865167	-1.6470984	-0.58619934	-0.26819983	0.010507371	-0.2566907	-1.604921
0.15345737	2.0928373	0.29692265	-0.24105856	-0.7337948	-0.89646345	0.57855433	-0.44338113	-1.3078169	-2.4702024
0.5659197	0.7067801	1.117455	0.42295915	-0.5283503	2.1072698	0.35400718	2.4223318	2.3541496	-1.1853276
-1.8374308	-1.9628251	-1.1510535	-1.8132378	-1.1165749	-1.5845118	-2.3074827	-0.9220506	-1.2094697	-1.2743434
0.5808064	1.2855756	0.67352676	0.21517955	-1.679449	2.1293972	0.7684973	1.9826005	0.54199255	-2.5562983
2.703384	2.3981867	2.626058	2.2939556	0.5016457	0.8839359	2.5806344	1.7537993	1.0254159	3.00625
-0.16741198	1.1914734	0.23737128	-0.41872245	-0.8138066	-0.20245834	0.79306394	0.054914474	-0.8191566	-0.63141334
0.538251	0.35399643	0.9931723	0.2914287	-0.9675273	-0.16655025	0.27915192	0.33300656	-0.63291013	-1.385716
0.4661065	-0.05697161	1.0934166	0.36499995	-1.3151686	-0.17496562	-0.5796944	0.216697	-0.12680008	-1.3664442
-0.3577985	-0.8604965	0.09422064	-0.49251634	-1.8887516	0.045403976	-0.5854538	0.5855422	-0.13215913	-1.8199399
-0.15303451	0.4925395	0.44773284	-0.19908677	0.4836329	0.46793318	2.0432267	0.61539644	0.33482045	1.0215017
-1.087562	-1.1082469	-0.5927417	-1.109911	-1.7443948	-1.325468	-1.2591944	-0.42985258	-1.2800461	-1.4817666
1.9135046	3.6221907	1.8530047	1.3406758	-0.3538028	1.8922004	4.6476293	2.2369914	1.3425838	-0.66109145
0.4007222	1.023752	1.1205083	0.11841093	-0.8438544	-0.5616169	-0.39558852	-0.065896265	-0.80960214	-1.0827125
0.21378961	-0.2432583	0.52211446	0.09081836	-0.85735977	-0.5253356	-1.3424273	-1.4541436	-0.77851456	-0.45682573
0.6357995	1.556056	1.0035818	0.28747046	0.7262249	1.2657377	2.6200342	1.8749237	1.2067455	1.1819601
0.33545104	-0.3679334	0.7001819	0.1963809	-1.6172086	0.51332325	0.087858036	1.1419044	0.42215118	-2.0282023
1.8418826	2.7636151	1.5818808	1.4284773	0.3547761	2.096274	4.099257	1.9545761	1.4050785	-0.1833822
0.53861	0.6313571	1.0401571	0.30473	-0.9544376	0.55467105	1.3497177	1.0940684	0.17776741	-0.50804716
0.55860054	0.62953126	1.1317406	0.35099983	-0.922812	0.76194715	3.6902008	1.7460275	0.54949814	-0.27128732
2.0159962	1.6931722	2.041877	1.5342857	0.28385887	1.5373162	0.98314553	1.7874314	1.6496177	0.31114483
1.0025053	0.9048431	1.4170392	0.8259065	-0.53369415	0.911969	1.2870004	1.2804139	0.82932115	-0.47152963
-0.23611721	0.52368355	0.1703777	-0.42289853	-1.0316558	0.077578135	0.43775088	0.23907766	-0.28630355	-0.9444595
0.05918122	0.47747198	0.21802402	-0.14690019	-1.0167931	-0.23925897	0.6053721	0.17252408	-0.17908612	-0.7206704
-0.54847324	-1.0286041	-0.07373896	-0.614229	-1.16049	-1.1075383	-1.3168063	-1.5491616	-1.0954506	-1.276358
0.4999635	0.6943282	0.38275588	0.26550335	-0.094439745	3.9055412	2.578807	3.253239	3.752338	-0.8980047
0.13415769	-0.43394965	0.49274606	-0.07041131	-1.7778118	-0.24961372	0.007456153	0.8990864	0.23152322	-1.8325939
1.0666894	1.729194	1.1860323	0.6555928	-0.7821194	-0.8870359	0.5899283	-0.8434813	-1.982108	-1.2976574
0.37428975	3.3582234	0.22424637	0.036819503	0.6037233	-0.62199736	2.6790948	-0.049883183	-0.6372644	-0.9302875
0.13356936	1.0462519	0.20789011	-0.12325912	-0.33076665	1.0926203	1.680369	0.5022915	0.61006564	-0.10581836
0.5405009	0.73791575	1.0184261	0.3749615	-1.0128103	1.0969337	0.65402514	1.6835396	0.8876449	-1.5737624
-1.3561045	-1.4827373	-0.7926973	-1.3828874	-1.7861248	-1.0781785	-1.4659439	-1.179936	-1.4654132	-1.4669352
0.4048658	1.1226407	0.9891014	0.15519021	-0.73552287	0.45720553	2.137222	1.6120936	1.8449633	-0.6641438
0.83716255	0.8361635	1.2307869	0.59374094	-1.1664346	0.7459638	0.46093512	1.1994562	0.9594453	-1.7890435
2.7283075	3.146137	2.7641208	2.456726	0.34457842	2.1803384	3.5620127	2.302461	1.382739	0.738256
0.72116685	1.665908	0.92025363	0.3818792	-0.19442433	1.1444157	2.4588983	1.0813626	0.45105252	-0.62981546
-0.38916618	-0.78783333	-0.061870098	-0.4281683	-1.2091645	-0.5876884	-0.33977425	-0.32258418	-0.8101622	-1.8856698
3.2914226	1.2249718	3.26821	2.8429067	-1.1886566	2.9391153	1.5352875	3.3477564	2.4486737	-1.2466961
-0.5629932	-0.4801583	-0.17627862	-0.63589966	-1.5158519	-0.84029984	-0.46244073	-0.1616836	-0.86649734	-1.4420408
0.31115338	-0.34668514	0.67170423	0.17052422	-0.31787103	1.2857078	-0.14834943	1.469664	1.2022734	0.65047437
-1.5468148	-1.3372561	-1.0114282	-1.551435	-0.50113153	-2.3692522	-1.1350305	-1.1850243	-2.7968957	-1.4898906
0.9319965	3.0259502	0.8657849	0.6822937	0.48427835	0.12994435	2.677051	0.4075251	0.17164752	1.0611883
0.80121547	1.7336197	1.0516235	0.44606888	0.1796858	2.12447	3.4892955	1.7540406	1.9131764	0.8830222
0.88168263	0.11035755	1.5694443	0.7714726	-1.6719776	0.4459514	-0.65405583	1.7902912	0.36968192	-1.5995141
0.5768881	-0.14534768	1.2345905	0.38807714	-1.9281687	0.3961879	-0.3741586	0.76437944	0.031995807	-0.2926738
-0.011373736	-1.4667695	0.36694548	-0.061403766	-1.5248824	2.0634964	-1.7139846	2.2831106	1.2484512	-1.4041871
-0.73024124	-1.0525831	-0.35554883	-0.8557234	-1.2157123	-0.35435995	-1.1556442	-0.10199065	-0.6844481	-1.0715145
0.55071837	3.4501157	0.4485309	-0.0014626533	-0.23854388	0.93321955	4.7421503	1.1810533	0.25762984	1.9453886
-0.57503206	-0.47908267	-0.13526276	-0.69601	-1.4443489	-0.6500339	-0.6231535	-0.59471124	-0.5640113	-1.5767237
0.84454966	0.80653596	1.4202017	0.69233996	-1.1327391	1.3299284	1.297557	1.6633009	1.4438778	-1.5428472
0.49755952	0.027223617	0.87870085	0.3327152	-1.8787509	-0.25863284	-0.38175744	0.46472284	-0.88401073	-2.072474
-1.3991762	-1.1970634	-0.92763495	-1.4575952	-1.1876628	-1.6561491	-1.6677021	-1.871244	-1.5976168	-1.1031413
-0.31776634	-0.71763754	0.14125085	-0.5191781	-1.5291451	-0.70298016	-0.40090632	-0.03375207	-1.1573558	-1.6303755
0.17997661	-0.3809998	0.6294584	0.008654401	-1.3766352	-0.38229623	-1.0632784	0.1744247	-0.1984257	-0.96486074
1.8802665	2.5789728	1.9957322	1.625901	0.7507441	-0.9503217	0.39300182	-1.3729132	-1.5447621	-0.35085785
0.10410454	3.2330134	0.3350829	-0.23061314	-0.023967624	-1.06898	4.377823	0.5078767	-0.5709958	0.8241482
1.2744671	2.893677	1.3816093	0.863829	0.7214401	0.22353123	2.0368946	0.5225635	-0.972873	-0.5982222
0.021190725	-0.08599055	0.37246856	-0.16991298	-1.4197035	-0.68575025	-0.73984444	-0.22738394	-0.78417385	-1.6907847
1.9254049	0.55119324	2.3991373	1.6281532	-1.0587384	1.3777595	0.5318623	1.6995592	1.1166662	-1.2920313
-2.013021	-2.098012	-1.4269384	-1.9500607	-2.0844657	-1.6047704	-2.1257868	-1.3962814	-1.4087783	-2.677442
1.2039497	-0.3026126	1.3354869	1.011936	-1.2410733	-0.12147309	0.022690037	0.55621433	0.36413875	-1.3910834
-1.1778636	-1.3467542	-0.69295514	-1.1844126	-1.5992717	-0.33827558	-0.6918968	0.13068856	-0.56294173	-1.8671815
0.19767344	-0.26283726	0.67509264	0.060163125	-1.0004852	-0.4594371	-1.2840711	0.6147352	-0.75468135	-2.0010097
1.0619621	0.7386658	1.5301813	0.80238664	-0.94647515	-0.28834254	0.06235042	-0.025014477	-0.3086052	-0.89748365
0.046955816	0.011156172	0.435817	-0.13549702	-1.5999857	-1.1292228	-1.3247634	-0.83909404	-0.89661777	-1.8098937
-0.6156563	-0.6526562	-0.09771377	-0.7031428	-0.67704797	0.30675295	1.1003863	0.60537654	0.13020572	-0.2070832
-0.04568635	-0.27305368	0.6659533	-0.19842614	-1.5791306	-0.82769364	-0.36244977	-0.73020977	-2.2960124	-2.468629
0.44400528	-0.26472193	0.9974481	0.24254088	-1.924358	0.4755647	-1.031009	1.6796342	0.27308702	-0.006692775
0.23610505	-0.13967904	0.6634673	0.058870718	-0.9833665	0.28056934	-0.82283413	0.81384647	0.3115969	-1.38262
1.285691	1.8143964	1.6317403	0.9666611	-0.7162195	0.6555374	2.6446433	1.2229521	0.3985448	-0.10586808
0.9833495	-0.41211057	1.2746867	0.7061948	-1.6541287	1.878324	0.28378567	2.63347	1.5873641	-1.3758723
0.25431582	0.41256574	0.6847963	0.038456783	-1.3262285	-0.09041802	0.69537544	0.22487149	-0.44181687	-1.538663
-0.73671573	-0.9578273	-0.26563695	-0.826906	-1.2419549	-0.46301907	-1.350757	0.42981446	0.07684721	-1.375796
-0.81250316	-1.049792	-0.403492	-0.88043	-1.0116825	-0.7203144	-0.99288386	-0.10259015	-0.65261626	-0.96691155
2.0778162	2.887449	1.7078859	1.5171285	-0.00059103966	1.1720951	2.3572028	1.8684951	0.48246178	1.5595771
-0.93297833	-1.2176129	-0.58609176	-0.9334797	-1.0255709	0.48438248	-0.60831636	0.42251962	0.8143524	-1.1976593
-0.2790787	-0.5455198	0.1284804	-0.39897335	-1.2769592	1.039759	0.858234	0.8516954	1.5487372	-0.8100821
-0.61730033	-1.150013	-0.021162182	-0.7369171	-1.6953403	-1.0762384	-1.0738156	-0.14498696	0.3637425	-1.7737126
-0.1883994	0.2802963	0.47710955	-0.3534994	-1.2788963	-0.032401297	1.0380067	0.6820114	-0.28482836	-0.80727416
-0.8908655	-1.0716349	-0.40209088	-0.9687816	-1.4312118	-0.8533675	-1.4013858	-0.1786937	-0.88539505	-1.3996403
-0.42097208	-0.6389067	0.09785274	-0.53695685	-1.5573877	-0.91475326	-1.1154575	-0.36952686	-0.48268455	-2.395758
1.2798401	1.9085903	1.1872889	0.8717822	-0.66184855	0.6899475	0.3846662	0.78514713	0.22333728	-1.3810809
1.1361679	0.7755637	1.3372345	0.9326091	-1.2147665	1.3323478	1.621121	1.7489368	1.0290926	-1.475873
1.9984401	4.402879	1.7568783	1.4927441	0.33466253	2.1567113	3.8399556	1.5719861	1.9050987	0.9340284
1.9902636	0.4180582	1.9025053	1.7316829	-0.2487401	2.1488533	0.06856119	1.1196096	1.8963366	-0.66206473
-0.95686406	0.64989936	-0.6145884	-1.1947643	-1.2492853	-0.8735807	1.8777896	-0.543011	-0.51680195	-0.1927559
-1.1034526	-1.8143669	-0.5750251	-1.0569612	-2.3347814	-0.83337474	-1.4127711	-1.374459	-1.1582447	-2.1363826
-0.4588445	-0.2507879	-0.26780197	-0.49952155	-0.9315721	-0.8937382	-0.89941764	-0.34162214	-0.40415937	-1.600979
-0.9964753	-0.33501813	-0.8398316	-1.045031	-0.21141306	-0.5385539	0.7977105	-0.63468903	-0.32433808	-0.09563909
2.1334622	2.2817385	2.159357	1.8315878	0.9696702	1.9726193	1.5827962	1.2486537	1.220277	0.24667327
-0.9309223	-1.0245476	-0.26746663	-1.0394042	-1.3179508	-0.5202571	-1.3334326	0.38945717	-1.4212157	-1.882859
1.011218	0.57889795	1.0578722	0.7602895	-0.8830426	0.57258385	1.494915	0.846093	0.45020527	-0.21491404
0.42679593	1.6497058	1.1888052	0.19979106	0.5096667	0.6627559	1.7405047	1.1027787	0.40416524	-0.040222697
0.36436716	0.11189857	1.0898367	0.29603273	-0.748477	0.6211642	0.30235195	1.4743358	0.1496821	-1.117378
0.54193926	1.8737173	0.94385636	0.20660107	-0.9543202	-1.2714869	2.0119958	-0.2845493	-0.8910918	-0.03168127
0.3737658	0.75017273	0.17736283	0.1724924	-0.0036309063	2.2515152	0.41226727	2.5124524	1.4581575	-1.407569
0.15086997	0.7264639	0.79003584	-0.09471606	-1.3697878	0.07258746	0.8528647	0.8066912	0.60456705	-1.6204726
-0.029470704	0.6702651	0.31023288	-0.25255704	-1.1249306	-0.56373143	-0.21985233	-0.676733	-1.3648142	-0.052859534
0.3616193	0.3767157	0.97804654	0.20184363	-1.3711802	0.11760996	-0.013765895	0.8255831	0.118759185	-1.4124322
0.13953355	1.1432191	0.49297142	-0.04997416	-0.4873953	0.044361006	2.8282402	0.38280445	-0.1587816	-1.1899014
-0.5840068	-0.34601972	0.018036336	-0.76468796	-1.3655962	0.8345938	-0.1711471	1.2823946	0.055475235	-1.7806215
0.40353397	0.82251537	0.85625005	0.2109618	-0.973889	-0.6809951	1.3393846	0.88572025	-1.4001732	-1.4932973
-0.08171181	-0.305223	0.30019623	-0.23350488	-1.3837231	-0.823805	-0.7369969	-0.064180434	-0.7031907	-1.6727508
-0.6679325	-0.2009889	0.11248984	-0.7882494	-0.81201816	-0.46010053	-0.05711599	0.53565294	-0.6437459	-1.5798372
-0.48535207	-0.33663037	-0.07474592	-0.6509146	-1.450994	-0.6512068	0.093051456	-1.9287045	0.0025266758	-0.8600356
-1.0993311	-0.8908558	-0.73800397	-1.0827265	-0.91898	-0.13923359	0.02084043	0.03544285	-0.06613568	-0.8267088
-0.8701726	0.25295278	-0.5729947	-1.1417844	-1.4834332	-1.4394042	-0.9662376	-0.77059114	-1.724691	-1.1112763
0.9552488	0.8149891	1.0614605	0.7892809	-1.127646	1.9899027	1.8105887	1.427063	1.3199141	-1.1208856
0.37526235	0.8510332	0.8205583	0.14256863	-1.254189	0.8974277	1.7084612	1.5389283	1.2703995	-0.79472977
1.8098254	1.6945413	1.9719193	1.5676866	-0.06723949	0.6203124	1.1936452	1.0070494	0.8779867	-0.35536548
-0.14452139	-0.113306575	0.7367089	-0.3442426	-1.4134015	-0.14044239	1.2297705	-0.055875394	-0.5223059	-1.2334552
-0.2901328	0.17903209	0.27888888	-0.47394675	-1.0038476	0.19091702	0.5792039	0.22014384	-1.0303642	-0.94079995
1.0838474	2.3585312	1.1404853	0.78895515	-0.68124115	1.243038	2.859315	1.2665749	1.0796033	-0.64656585
0.760235	0.17595515	1.1934968	0.52832407	-1.485214	0.08295728	-0.25924578	1.0955185	0.28471944	-3.5330985
1.3660294	2.4950316	1.8929522	1.0237706	-1.1747551	0.46643347	3.6526346	0.8728957	-0.09904734	-0.71709687
0.5288407	0.8030356	0.8799517	0.4157201	-1.086378	0.29501164	-0.12245825	0.34116164	0.18877563	-1.3416154
0.18835822	-0.1718011	0.5477698	-0.028644577	-1.4778489	-0.29918382	0.036340527	0.35445136	-0.42425805	-1.5613493
1.243877	1.5125421	1.5648799	1.0195395	-0.8383231	0.9586553	0.3714845	1.3767368	1.4147196	-0.77613086
-0.3766769	-0.030608892	0.10245022	-0.43794566	-0.6535418	-1.0924515	-0.96147156	-1.0288897	-1.8150316	-1.2470032
-1.0484734	-1.7823912	-0.5723952	-1.113199	-1.4501725	-1.5471143	-1.7082528	-0.76922494	-2.2016158	-1.3551495
-0.3465192	-0.22442442	0.18336937	-0.3826296	-1.0737588	-0.3831811	-0.32649958	0.3507432	-0.41263965	-1.1222756
-0.7376246	0.21513435	0.20517921	-0.95617044	-0.7010474	-0.025610065	0.9362397	1.0623304	-0.8471834	0.7003004
-0.49356008	0.38080588	-0.5522884	-0.71672976	-0.44268644	-1.3086889	2.9429066	-2.505769	-1.7783732	1.3517565
-1.2706351	-1.5008919	-0.8075435	-1.2440307	-1.3775345	-1.0855798	-0.4792265	-1.3727877	-2.0073783	-2.284506
0.07375436	-0.2575365	0.49969164	-0.05357431	-1.0038975	-0.017534819	0.76403457	0.95099574	-0.23298325	-1.4060144
-1.7880795	-1.579475	-1.2501398	-1.7941058	-1.5299183	-1.7733264	-1.6062512	-1.6170714	-1.9167167	-0.9690424
-1.5685492	-1.453286	-1.0435116	-1.6469104	-1.5374564	-1.1803725	-0.7239533	-0.96418256	-1.7565702	-1.9535596
-0.20820579	-0.04385677	0.29490134	-0.3397801	-0.79742146	-0.19862114	1.055885	-0.025278982	-0.78278553	-0.11800631
0.86043304	1.1276157	1.0100746	0.54429096	-0.72702634	0.16614702	0.23209874	-0.43904012	0.25637108	-1.1651984
1.0299311	1.5908068	1.3992252	0.65213066	-0.45195377	-0.11513776	0.6158407	-0.52644926	-0.8015628	0.73304325
0.73239446	0.0689044	1.3594857	0.57332736	-0.74162453	1.2751193	0.34343514	2.6197133	-0.6502105	0.38300663
0.59780294	0.627105	1.111685	0.42439663	-0.8550104	1.2738944	1.6616399	1.7149459	0.47862628	-0.96399546
-0.81289226	-0.8592795	-0.34525767	-0.89687115	-1.4679755	-1.2729919	-1.4729065	-1.335062	-1.045684	-1.0954127
0.27873465	0.10953483	0.47787565	0.09211035	-0.8947227	0.953538	0.9672348	1.1351873	1.1538067	-0.070422076
0.3261417	3.3325312	0.66089964	-0.09528488	1.0222338	0.44759822	3.557623	1.2442377	0.42929637	0.6976174
-1.4081713	-0.35036752	-1.0681258	-1.4459212	-0.8445829	-1.5049046	-1.5580922	-1.2685168	-1.4529061	-1.6525599
-0.67770636	-0.6455461	-0.18595082	-0.90145564	-2.5649266	-1.140054	-0.82646066	-0.7500728	-0.09711081	-2.2847106
1.4555092	1.5303565	1.6420059	1.1179031	-0.80988324	0.7949953	1.6610581	0.98877126	0.78762764	-1.0241185
0.14440963	-0.019242272	0.71669996	0.01162672	-0.5610532	-2.0396137	-1.4560155	-1.2447127	-2.1287344	-0.8493567
0.56239396	0.20645961	1.1289953	0.38222367	-1.4103374	0.15703969	0.60020417	0.36546066	-0.1353672	-1.7679454
1.9901499	1.5454898	2.0191543	1.7170653	-0.9159676	2.1822991	1.2042195	2.3128486	2.9765208	-0.419899
0.271301	0.22103429	0.29299715	0.12764429	-0.14174081	-0.22173372	-0.39770037	0.3609862	-0.21986574	-1.0273142
-0.4404886	-0.938557	-0.0073129684	-0.58579856	-1.8125385	0.040772445	-0.5110351	0.5329483	-0.25251502	-2.4641726
-1.6119367	-1.780735	-0.8537444	-1.5671178	-1.8034052	0.040775113	-1.0641911	0.009085186	-0.45584893	-1.2557986
-1.5326017	-1.50528	-1.0079178	-1.5186709	-1.1417608	0.40751466	1.017769	0.656191	-0.16146742	-0.7007832
0.53086716	0.41682175	1.2096133	0.36701584	-0.84420115	0.5325999	0.09608912	1.0190874	-0.05688589	-1.5488071
0.9220357	2.6359828	1.2329788	0.60855836	1.0998235	-1.0191978	-0.22344056	0.13839364	-1.7267147	-0.15428458
-0.91883487	-1.0367368	-0.41616002	-0.94936514	-1.4028188	-0.24182142	-0.6343678	0.33327588	0.5897731	-0.65680444
0.78115976	0.3686826	1.3639728	0.56764525	-1.4994848	1.1842716	0.57315093	1.6201217	1.1618359	-1.15964
0.89372474	1.44175	0.9992533	0.56039363	0.9163103	0.70853096	-0.09497649	0.90491974	0.58081657	0.32219514
1.0680355	0.7739121	1.236539	0.95475674	-0.56859106	-0.028752659	-0.72083616	0.785458	0.28487504	-1.7318655
0.38948566	0.275058	0.8244668	0.24202375	-0.92431545	-0.41000775	0.8556498	-0.25969177	-1.0983459	-1.4505316
-1.2019871	-0.08364686	0.0028599799	-1.322806	0.20128253	-1.4359629	0.25554952	-0.5532838	-2.476801	0.059973557
-0.0072245	-0.28611672	0.5084195	-0.19571339	-2.153678	0.22387257	0.31263313	0.8991724	0.09790872	-2.959204
-0.66594225	-0.630746	0.33488673	-0.6970358	-0.7290667	-2.1692767	-0.59949964	0.24926129	-2.3212929	-1.6763933
-0.436894	-0.5271456	-0.07106653	-0.54645026	-1.2824136	0.8392566	-0.19513178	1.1039346	0.69212866	-1.0112705
-0.5106609	-0.57359326	-0.16104668	-0.6113412	-1.3592824	0.48018223	-0.30061078	0.61332774	0.7373281	-1.1036627
0.19418442	1.0693101	0.28025913	-0.058800846	-0.5592904	0.29049423	0.622299	0.5741777	0.37594226	0.91486603
0.97990376	0.30985162	1.4385353	0.8007146	-1.0760415	-0.31363055	0.16500692	-0.0036365832	-0.80368626	-1.544212
1.1390213	1.7023832	1.066116	0.87778974	-0.5581865	0.9681463	0.049254727	0.6575129	0.39699593	-2.3079698
-0.085585095	2.7380786	0.3220456	-0.17453729	2.368944	-0.1471293	1.1034026	0.6173657	-0.5712312	1.1980971
1.3245982	0.95871365	1.8048253	1.0560528	-1.2135181	2.6438916	1.310599	2.6171312	2.6311493	-0.83331764
-0.10229632	0.7222245	0.62700343	-0.32962155	-0.08096528	-0.65671337	0.9442521	0.73204917	-0.21986574	0.5485198
-0.054140963	-0.18613672	0.30543587	-0.1515963	-1.1643969	1.3456049	0.27945295	0.033739656	1.7580571	-1.2064966
1.1364532	1.0478003	1.7887572	0.9635962	-0.5202037	0.9664023	1.6520067	1.7815527	1.4347885	0.13467984
0.553019	-0.61058354	0.4920613	0.33768833	-1.5565776	3.2280476	-0.0798986	2.5056956	2.5816667	-1.2146875
0.65948117	0.4098864	1.1319407	0.4389637	-1.1850445	-0.51242626	-0.87685114	0.65843636	0.20073085	-1.9987619
0.09229771	1.0735246	0.70975536	-0.15391691	-0.73357767	-1.1591351	0.72740704	0.07396874	-1.6066241	-1.1738347
0.45863274	1.2427164	1.1033502	0.19835012	-1.0903691	-0.116060555	-0.26849675	0.93015605	-0.3210326	-1.7242013
0.13656995	0.08734295	0.6112991	-0.05872704	-1.1342521	-1.3850896	0.46318418	-0.45348814	-1.6215389	-2.0130067
1.531121	1.7799468	2.0859737	1.2931441	-0.5529547	1.2165878	1.0300357	1.9706191	1.4490429	-1.2808083
0.46284583	0.6801866	0.88884234	0.19817738	-1.3201745	0.63971084	0.3443517	0.8894345	0.58945507	-1.682666
-1.434199	-1.3455862	-0.7921146	-1.4297711	-1.6335683	-1.7119242	-2.2101912	-1.1011472	-2.3398905	-1.4705693
-0.9340661	-1.1014963	-0.36664078	-0.9881483	-0.76443076	1.2609351	1.6503614	1.4139282	1.1892174	-0.30626497
1.4709916	-0.52317727	1.8324101	1.3259634	-0.98503256	0.4185802	-1.0344771	-0.18277733	-0.12906055	-1.2044013
-1.7765977	-1.8580719	-1.2034702	-1.6814697	-1.5622122	-1.1459414	-1.1924149	-0.9605383	-0.7562255	-1.98169
0.80293757	0.94541323	1.0418816	0.55541015	-0.79406023	0.6276878	2.978355	0.62440646	-0.038128342	-1.7735494
2.2393222	1.8885362	2.5578532	1.9585068	-0.8911344	3.8751798	2.3807182	4.24977	3.7420464	-1.1138127
0.2559481	0.13834313	0.7557187	-0.026563436	-1.7433249	0.23359299	-0.28983647	0.5641074	-0.5037806	-2.0859833
-1.471829	-1.3493353	-1.1045421	-1.3608692	-0.8517767	-0.7633077	-0.06345982	-0.7572028	-0.92227244	-0.9297568
0.43688717	-0.043313563	0.95961475	0.22493632	-1.5120114	0.30102924	0.41605416	0.7947914	0.39228404	-1.3335537
0.11174796	-0.2278328	0.44567245	-0.10546768	-1.9761071	-0.8475827	-1.2400072	-0.7915512	-1.230859	-1.5641035
-0.43106493	-0.55965865	0.2170752	-0.5568188	-1.029908	-0.12300001	-0.78831667	0.2897127	0.030234434	-1.6626906
1.7925367	1.5841243	1.8762286	1.4521282	-0.9395007	0.6243236	0.68222356	1.7174122	0.95687544	-1.5759963
0.2574905	-0.36849898	0.7550049	0.0818523	-1.8007452	0.21846546	0.3826291	1.1340752	0.048146766	-1.4086887
0.9350055	2.676805	1.0660691	0.51011616	0.23654452	-0.0036911843	-0.24646139	0.97690785	0.31695458	-1.4801996
1.5398961	3.0556195	1.871662	1.2996684	-0.2747277	1.5525775	1.8117479	1.6583829	1.3993009	-1.6797115
0.5106809	-0.03999591	1.0787988	0.37233084	-0.8860725	0.49113563	-0.08892386	1.3686686	0.92864144	-0.2200285
2.1695724	1.3089957	2.5891688	1.8902385	-1.0392635	2.0676377	1.2473563	2.4685977	1.938431	-0.32236654
-0.7732027	-0.27195373	-0.58039594	-0.8689022	-0.46054086	-1.4886054	-1.3155724	-1.244284	-1.9411387	0.16499336
0.05962538	-0.70253605	0.5419108	-0.08281146	-1.8378364	0.2568672	-0.04409615	0.81830436	1.0085659	-1.2421677
-0.55505776	-0.23311588	-0.15811631	-0.64376026	-1.1289456	0.66689724	0.28129306	0.8156589	0.2961646	-1.7886983
0.83810645	0.154986	1.4809369	0.5844578	-0.8100325	0.1942744	1.2038773	0.57970804	0.22399446	-1.2990327
-0.19047694	0.10628262	0.6388738	-0.33397478	-1.2022682	0.57452524	0.8398904	1.7383889	-0.24689363	-0.6140254
1.3822081	-0.009818286	1.7675897	1.0450634	-1.0998136	1.4130541	-0.3930043	2.178573	1.1273142	-1.6730714
1.0192477	0.84418964	1.3730339	0.8275986	-0.44004995	0.37612626	-1.15162	0.94085073	0.18597431	-1.3550205
-0.4100002	-0.87385464	0.09392002	-0.5382249	-1.2928412	2.3366673	1.1599627	2.2993038	1.4095926	-1.1255028
0.5984612	2.0670366	0.99347353	0.32539308	-1.065886	-0.69666946	-0.51929986	-0.019049887	-1.2855647	-1.0988423
0.923227	2.4404392	0.60989213	0.4892162	0.0879136	0.0012932158	-0.052677926	-0.18686046	-0.5390667	-1.3193765
0.16293928	0.3739188	0.581283	-0.061016828	-1.477944	0.15546288	0.23561445	0.30661094	0.07675935	-1.3667371
-1.1099281	-1.0132474	-0.63722324	-1.1610738	-1.1818808	0.06472781	0.17838499	-0.24499477	-0.705257	-0.58060926
2.0174434	3.12029	1.9927993	1.5527729	0.26194802	1.4750167	3.986269	1.0147842	1.1748871	-0.16951284
0.62854564	0.46259513	1.1748743	0.4321316	-0.85842323	0.7673935	1.0095252	0.9736792	0.24540856	-1.6891567
-0.18453208	-0.55529374	0.15200976	-0.27568346	-0.80698085	-0.57730466	-1.3692311	0.042341925	-1.1509663	-1.9502093
0.09002436	-0.60051525	0.5441335	-0.03371039	-1.3715278	1.5169866	-1.2118603	1.1369251	1.6789216	-1.3388262
1.0072249	0.9375359	1.3169028	0.6619522	-1.4743626	1.362532	2.027773	1.0159581	-0.17850228	-1.6004248
1.8919138	2.1142497	2.4570017	1.650679	-0.94990504	1.4735036	2.1235251	2.2248833	1.166232	-0.803982
3.7528138	1.9664721	3.821588	3.421949	-0.2765873	1.4967762	2.0648086	1.9946657	0.5633009	-0.83651394
-1.7795558	-1.6879805	-1.1172191	-1.7330197	-0.7747979	-1.7826186	-1.4016166	-1.8064318	-2.0153153	-1.1513517
0.60150534	0.24802428	1.2571309	0.3420148	-0.6910411	-0.10497336	0.19610213	1.0214779	0.3002665	-0.98578906
2.536469	3.0603352	2.3464956	2.0545907	0.24658886	2.8700933	2.7302325	3.0056684	2.7291455	0.079436384
1.0858934	0.66185987	1.5322828	0.79499537	-1.2549548	0.69211996	0.86098915	0.8096812	0.63950485	-0.934469
1.5886565	2.1181087	1.3716004	1.2992554	-0.27474174	0.79766524	1.5158691	0.4995873	0.9131498	-1.245266
0.59739107	0.84275377	1.0336599	0.3983847	-0.68716264	0.15015683	0.25805143	0.5415968	0.33757216	-1.1123142
-0.7160195	-0.492705	-0.23854187	-0.84298694	-1.3002816	-1.8626692	-2.1535122	-1.6027395	-2.642512	-1.5081366
1.0531224	0.5410322	1.4516757	0.83087134	-1.1862878	0.11159869	1.2395592	0.3153573	0.4755434	-1.1900841
2.0602322	1.605383	2.263622	1.6916637	0.31526265	2.2998729	1.3293611	2.523487	2.0168555	-0.0141044315
1.4542209	1.3821005	2.1347551	1.1886778	-0.4154336	1.5608381	2.6243153	2.4851904	1.2932171	-0.85328686
1.0430828	2.1871057	1.6011535	0.7516125	-0.5407927	1.6311013	2.6585386	2.069959	1.1376688	-0.54105985
-1.6471019	-1.6309373	-1.0916789	-1.6285616	-1.2486533	-1.7793567	-1.5856472	-0.8267789	-1.4939901	-1.437457
1.664757	1.0543592	2.110765	1.3657424	-0.931743	1.1372048	0.49163163	2.0342956	1.8835174	-1.8193299
0.3001719	1.2310734	0.7340995	0.059591502	-0.9708754	-0.24132226	0.5633098	0.17951052	0.4815024	-0.8758391
0.72795874	1.7326162	0.9613955	0.44919014	-1.0719986	0.29150188	0.48336184	1.0905406	-0.4650708	-1.5578251
0.016134053	0.07898393	0.35451716	-0.16814111	-1.4184674	0.14521725	-0.2666799	0.71651876	-0.5532989	-1.3537992
-0.09363154	1.5378882	0.37957668	-0.41445267	-0.981668	0.5987169	2.2242389	0.91269255	-0.4248776	-1.311235
-0.40560785	-0.8083588	0.057233125	-0.628448	-1.5900294	-0.99413043	-0.9252437	-0.12721151	0.35273394	-0.3459187
-0.21398652	-0.5422815	0.46764457	-0.3759411	-1.8419374	0.12544341	-0.5467132	0.2683222	-0.54476213	-1.1055443
-0.49782005	0.30154458	-0.40519693	-0.6549306	-0.8493017	-1.6485721	-0.6984202	-0.96338654	-1.6150979	-2.49413
0.3269394	-0.30146208	0.7487581	0.1810085	-1.7255557	1.541182	-0.38691482	2.1002386	1.2803433	-1.6458836
-0.48007065	0.5339186	0.06692755	-0.70704234	-1.546776	-0.403272	0.04637875	0.14099853	0.32276624	-1.314379
1.4206189	0.6475198	1.6142	1.1464127	-1.2671762	-0.18062201	-0.5935528	1.0173872	-0.07995678	-0.36991492
-1.1059813	-0.9865564	-0.83066344	-1.1164837	-0.92574906	-1.5393575	-0.95305586	-0.2800956	-1.5416461	-1.390199
-0.33974546	-0.9094604	0.019985616	-0.4200595	-0.8916731	0.53760666	-1.219854	0.8482848	0.48652413	-0.9020448
1.1657037	1.9213288	1.4142985	0.94804156	0.06959158	-0.20730188	0.2593013	0.65309715	-0.038067006	-1.2582037
0.0041901097	-0.65978295	0.52440536	-0.19963393	-2.2004662	-1.5058819	-1.4367839	-0.48750222	-1.5700752	-2.504205
-0.48159894	-0.0669485	-0.011682957	-0.6553431	-1.1054759	-0.2037172	-0.57497144	0.18510309	-1.1473912	-1.208226
-0.62004256	0.42479077	0.033358842	-0.7355323	-0.5488955	-0.29539025	1.2976117	-0.110555165	-0.5523553	-0.5948989
0.46701035	1.4966593	0.49801558	0.22163819	-0.31475884	-0.27346307	1.959084	0.48828554	-0.10782435	-0.9496566
0.21269941	-0.08770512	0.70523465	0.05721779	-1.326182	0.2527626	0.1299251	0.5567103	-0.30344522	-1.2543368
-0.29008374	-0.70392334	0.26686513	-0.42454386	-1.329154	-0.7615042	-2.3139358	0.0819427	-0.4412585	-2.2713473
0.14163357	1.4743176	0.57119226	-0.114525564	-0.65330374	-0.58495957	0.09912945	-0.9333832	-0.45239216	-1.7361065
0.40264833	-0.2910521	0.79991055	0.19209616	-1.7005577	1.0684229	0.37383366	1.7255282	0.8780318	-1.048918
-0.6809349	-0.38223335	-0.15112758	-0.8160206	-0.47063184	-1.2816488	-0.65235305	-1.0724123	-1.0729748	-1.1333189
-0.35586074	0.008465022	0.08300087	-0.62421614	-2.0917113	-0.5830441	-0.6165093	-0.21217965	-0.52468354	-1.1234974
-0.56541115	-0.11475113	0.018186927	-0.7618476	-1.1419523	-0.9955364	-0.97797424	-0.19713083	-1.3287345	-2.280122
-0.19635472	0.64272773	0.19091973	-0.41786277	-0.7418325	0.93948066	0.5171828	1.330641	0.61624783	-1.6562524
-0.12531158	-0.15220067	0.25598148	-0.25930837	-1.153034	-0.11580513	-0.51490414	0.76275337	0.0029118226	-1.0991619
0.06809037	-0.068712056	0.37925386	-0.11810042	-1.5288094	-0.6257751	-1.48763	0.1554251	-1.4310058	-1.4950802
0.557859	-0.6979809	0.9398253	0.3190775	-1.3984941	3.8420842	0.741697	4.1614995	3.3416128	-1.7851341
1.3626956	0.3355455	1.9057779	1.0367136	-1.7896011	1.1086951	0.86647433	1.5492646	0.5750937	-2.263499
0.3596361	0.3070844	0.91889644	0.16061257	-1.4104394	1.7180773	0.82839847	1.6955756	0.4567744	-1.9063158
0.024042107	2.034	0.696511	-0.2767036	-0.14278623	-1.1745778	0.51165205	-0.087970205	-1.123056	-0.6776963
0.6717272	5.003431	0.948681	0.15668125	0.3329328	0.91648215	5.6899524	0.7491969	0.33280766	0.31740373
-0.35067686	-0.15294561	0.016851261	-0.5232334	-1.3981508	-0.67495	-0.8436154	-0.46222955	-1.3302879	-1.3121967
-0.69387835	-0.7622565	-0.28385743	-0.81950027	-1.3509033	-0.546633	-1.0937423	-0.06414928	-1.5392158	-1.4940195
-0.9717583	1.2644566	-0.494718	-1.1870209	-0.37809318	-0.48144978	-0.09677406	-0.20483929	-1.7223661	-1.3707353
1.4030397	0.7196114	2.2104082	1.225804	-0.1456081	2.2878258	-0.025850853	3.0122144	2.1547682	-0.4302741
-1.8048595	-1.7978079	-1.1728898	-1.789333	-1.5466037	-2.6560502	-2.027309	-1.8633106	-2.1224012	-1.918581
-1.1343317	-1.4974415	-0.5640639	-1.194718	-1.8717844	-0.54891795	-0.39423385	0.52428883	-0.60250074	-1.1370403
0.011547141	-0.73486555	0.6229565	-0.10376745	-1.9361991	0.64855963	-0.30386797	1.1171852	0.3184712	-1.3989165
-1.826921	-1.8500774	-1.2042239	-1.7728316	-1.4145006	-1.2201446	-1.5108598	-0.27595684	-1.1221155	-1.3060803
0.42354846	-0.11108416	0.7865765	0.28699726	-1.7696301	-0.5104078	-0.94429255	0.26529887	-0.9347793	-2.620644
-0.30694288	-1.0566498	0.26236832	-0.4176732	-2.0488172	-0.552944	-0.38995108	0.39070052	-0.57995677	-1.916673
1.0627652	2.1537926	1.0102905	0.8601283	1.1029419	0.4624634	1.8519834	0.97927463	0.34278342	0.20465481
-0.3541533	-0.8419819	0.14491001	-0.5097386	-2.4361634	0.21096686	-0.9041253	0.6893699	-0.047249135	-1.952534
0.1792582	-0.13743427	0.4402757	0.06894107	-0.8998755	0.7162654	-0.08845687	0.081304885	-0.07156181	-0.89330167
0.53026694	-0.27336887	1.0739837	0.35992515	-1.6862972	0.80484766	-0.76776105	1.3302943	0.3891861	-0.96313983
0.40488234	0.020074159	0.98108685	0.21517448	-1.6656097	0.6070952	0.61174643	0.60409427	0.15679842	-1.9002829
-0.15299058	-0.30888996	0.2580739	-0.18338688	-0.9049412	-1.3526744	-1.2945054	-1.1623901	-1.3359354	-0.9259028
-1.8357421	-1.858163	-1.2201455	-1.7656274	-1.2935294	-1.482435	-1.3621747	-0.90544814	-0.86794364	-1.1301234
-0.6795226	-0.6321397	-0.21323726	-0.77759624	-0.98887086	3.950475	-0.3354931	3.3793802	3.2965596	-0.7925924
0.90970826	1.4876412	1.1826662	0.554357	-0.32235646	0.831327	0.9014242	0.9527119	0.95145315	-1.710958
-0.41346982	-0.51787424	0.016824663	-0.37111455	-0.016031772	-0.2205048	-0.49810344	-0.1479937	0.62984437	0.28762928
-0.1518105	1.4171857	0.4210335	-0.24370836	-0.3402488	-0.3824516	1.6211963	0.41904122	-0.26016453	-0.57054037
0.5568009	1.7835929	0.6380278	0.26375484	0.6471535	0.27999416	1.7737468	1.2589865	-0.25228086	-0.0045698103
0.07104225	-0.5866534	0.5951804	-0.08142783	-1.973607	0.123199746	-0.42568663	0.9891367	-0.5168908	-1.8545024
3.034998	1.7936778	3.3854191	2.6473858	0.41134462	2.449429	0.8606649	2.283021	1.5328829	-0.49262905
0.58246475	1.0133569	0.524369	0.24199964	-1.2403805	-0.436541	-0.3675832	0.16715631	-0.78988403	-1.5616705
-1.5049757	-1.4204707	-0.95367	-1.5280854	-0.45303795	-1.4699087	-1.079724	-1.443411	-3.0135865	-0.86763954
0.24737754	0.147924	0.6737653	0.10908644	-1.5213627	0.7276136	-0.07904066	0.14879905	0.8106618	-2.4120991
0.9442739	0.42851403	1.2916714	0.8023821	-1.0273318	1.1996676	0.28570333	1.8258902	0.69154215	-0.978665
-0.9415509	0.3484151	-0.11644429	-1.0856313	0.011132956	-1.3442701	0.63695335	-0.79838103	-2.1647928	-0.09397911
1.112546	0.90784335	1.5320302	0.88304794	-1.0755093	1.1806502	1.6632048	1.8959966	1.3580489	-1.0022525
-1.982586	-2.0982084	-1.0716149	-1.9947935	-1.7244922	-1.7022798	-1.7085735	-1.2925355	-1.4552771	-1.4460859
1.7018317	0.77355635	1.770024	1.453879	-1.2699072	2.8814025	-0.13470739	2.767373	1.848536	-0.8846442
5.320967	3.4883955	4.563119	4.854395	0.06098199	5.719146	3.483915	5.3368077	4.9758153	0.28598362
0.15251017	0.9310242	0.5467522	-0.054618582	-0.6469083	-0.48850158	-0.24003315	0.009545675	-0.5783192	-0.93133295
0.6210347	0.48294708	1.1151187	0.40719134	-1.2394694	0.7950109	0.26479226	1.1920469	1.1704642	-1.3921368
0.3967796	0.335866	0.9112694	0.18388064	-1.3261333	0.86544615	-0.15629327	0.98881876	0.3928927	-1.4020855
-0.40595335	0.12622938	0.3135292	-0.67307246	-1.7200516	-1.870009	-0.48538107	-0.6095405	-1.7938418	-1.8365817
-0.61963093	-1.1259978	-0.16696447	-0.75372916	-2.2027721	-0.61812574	-0.92679465	-0.38557315	-1.2410926	-2.691848
0.030502543	-1.1550728	0.5865048	-0.104691744	-2.0483737	-0.50189734	-0.5406786	0.5082654	0.022877313	-1.7842029
0.17669371	1.3760669	1.1056936	-0.09815369	0.53599	1.6436508	1.8114718	2.12609	1.5463468	-0.41780046
-1.7800267	-1.867585	-1.1680099	-1.7486442	-1.3795178	-0.36442965	-1.020589	0.004270801	-0.4125171	-1.774206
-1.1908892	-1.5771538	-0.6548606	-1.1935223	-1.2137151	-1.6697989	-2.1155252	-0.88109124	-1.6855848	-1.3041716
-1.0072157	-1.227471	-0.631744	-1.0655546	-1.547895	-2.0515554	-2.679781	-1.8765419	-1.8487564	-1.9470447
-0.7084848	-0.9950175	-0.3008466	-0.7574826	-1.5827453	-1.9324877	-2.037815	-1.0746886	-1.9616612	-2.220265
0.014389984	-0.050792128	0.87171566	-0.11801584	-1.2213078	0.44422707	1.3031259	1.1926492	-0.35211703	-1.5157874
0.14854601	-0.038008302	0.6514125	-0.116964355	-2.5192835	0.70960104	0.9985249	1.2031627	0.5198598	-1.9417667
0.27170426	0.13853362	0.7689525	0.08249579	-1.0888072	0.3256686	-0.02374344	1.1609815	0.056922954	-0.8120847
1.7291024	1.4324229	1.9694805	1.4689891	-1.0276746	0.7206344	1.2462457	0.8081304	0.77047896	-1.4987758
0.8679464	1.6491246	1.2455693	0.5231436	-0.12186009	0.38053855	0.8445608	0.99633574	0.47397524	-0.68106
2.0971308	1.7618704	2.2787678	1.7200267	-0.17458992	1.3956625	2.3541641	1.26747	0.6573526	0.014022346
0.7356649	0.95208526	1.2513536	0.52298635	0.015704662	1.4783896	3.2406666	1.7213336	1.2468646	0.9203067
0.87528443	0.28189614	1.2438221	0.64954484	-1.6616781	0.27470145	0.29108644	1.2989709	0.21827228	-1.4815681
0.8879668	2.3712084	1.1217779	0.59224963	0.44349918	0.05006531	1.6239134	1.0592344	-0.11025234	-0.011943862
-0.9170988	-1.0041922	-0.41347703	-1.0688789	-2.2002883	-2.0776968	-2.0457797	-1.0734614	-2.4879954	-3.8407445
2.7431712	1.6992214	3.0849442	2.2858596	-0.75332713	1.532649	0.28589267	2.233854	1.2315084	-0.9401303
1.7699646	1.3676436	2.3055844	1.4851872	-0.85551536	2.3725264	2.383757	3.0450644	2.899706	-0.0059407027
-1.944641	-1.9520636	-1.2601774	-1.8679179	-1.5665561	-2.4544199	-2.0428653	-1.3288475	-2.3912172	-1.381399
-0.75710326	-0.85791874	-0.20456111	-0.79813135	-1.0989449	-0.72693384	-0.86055946	-0.64605695	-0.7671449	-1.2321506
-0.8716817	-0.68828714	-0.46233115	-0.947673	-1.2071297	-1.1323702	-0.48568103	-0.4510144	-0.63261926	-0.21480066
1.0316722	0.7948561	1.706363	0.7596224	-1.0650327	0.44791028	0.2848495	0.8066023	0.11821909	-1.670823
0.26978928	-0.09379113	0.73993695	0.1528997	-1.4110547	0.24576129	-0.6425256	0.98880684	-0.15063907	-2.4018798
0.7808512	1.3592988	0.91923046	0.3960753	-1.5691304	0.21970208	0.87750036	0.15937978	-0.37808886	-2.065038
1.3271321	1.6418768	1.6585598	1.0668923	-0.7848091	0.82745814	1.3997823	1.3566656	0.43274415	-1.0114535
-0.04967586	0.44359997	0.37999195	-0.17539078	-0.7514311	-0.73389673	-0.08277042	-0.27454048	-0.5576468	-1.8158118
1.5932902	1.2351307	1.700082	1.3925427	-0.31745964	-0.4224368	0.3518622	0.51011074	-0.024997933	-0.13507257
2.2592826	2.2413619	2.18996	1.8440144	-0.83700806	2.4382093	1.62508	3.2913072	1.2752398	-1.3355405
0.44703433	2.4854786	0.7805798	0.19604935	-0.607021	1.6818558	3.952356	2.430321	1.2299277	1.6605389
-0.06694616	0.5784397	0.310663	-0.1729726	-0.81272554	-0.36002824	-0.5794855	-0.25674292	-1.413245	-1.5787487
0.19686893	-0.17628573	0.6602287	-0.011001766	-0.96043694	-0.1431697	-0.40823406	0.11127842	0.7846081	-1.0496854
0.49329647	-0.19013426	1.0848548	0.31877708	-1.7865833	0.48388237	-0.08953146	1.270749	0.19751374	-0.8115556
0.7140439	0.4498603	1.0193077	0.5133745	-0.5704646	0.12773795	0.005560416	0.44359678	-0.07932391	0.025509888
0.06421966	1.4187423	0.23982519	-0.19348252	-0.39582017	-0.53494024	0.7225489	0.079592265	-0.33776703	-0.016142666
-0.57712644	0.37841442	-0.078713804	-0.78566504	-1.0918616	-0.92144626	0.73279417	-0.30564433	-1.311798	-1.3500915
-0.16657549	0.12962711	0.28017485	-0.42810917	-1.6459509	-0.63251674	-0.015000416	1.0182123	-0.37943947	-0.9842218
0.6888837	2.127025	0.6022055	0.2923712	-0.8115026	0.19914857	0.5634569	0.05106773	0.44894156	-0.269752
-0.87315124	-1.0930122	-0.21892181	-0.9856243	-2.3222406	-0.9646621	-1.001255	0.3100185	-0.93222886	-1.9450411
-0.23727879	0.37647524	-0.3079091	-0.42075616	-0.33017924	-1.2303271	-0.3699712	-0.80735135	-1.5116794	-0.9276883
-2.06817	-2.0196855	-1.3590509	-2.0173035	-1.4422334	-1.9466525	-1.8945738	-0.8560389	-3.6713326	-1.6306704
0.24417514	0.37027982	0.5459424	0.0652176	-1.2277215	-0.36509755	-0.084232494	-0.3856378	-0.82533807	-1.0033934
-1.2937651	-1.7510753	-0.9864383	-1.2881228	-1.4886318	-1.6354811	-1.688349	-1.3646561	-2.601904	-1.0405354
-1.8201003	-1.8088863	-1.2072253	-1.7565105	-0.44212088	-2.4530046	-2.4276538	-1.336568	-2.2006993	-0.7740769
0.11420917	1.8955789	0.22688806	-0.14156774	0.06461257	-0.060116652	1.5317954	-0.24774997	0.64510196	-0.7538779
-1.4926043	-0.9532378	-1.0141852	-1.5444381	-0.97748625	-1.2951697	-0.10605171	-1.2298189	-1.0140481	-1.1179955
1.1740583	1.8360682	1.2707413	0.89301014	-0.3711952	1.6099178	1.565371	1.7762682	0.72777426	-0.3616223
-1.0777303	-1.0056678	-0.72650015	-1.0070466	-0.47238287	-1.5210588	-1.6461643	-1.375955	-0.8048282	-1.9877708
0.5199059	0.26087394	1.0102327	0.32130337	-1.2521324	-0.3685718	-0.27671137	0.550504	-0.6971894	-1.437028
0.22022963	0.026475012	0.77366924	0.079828635	-1.1059519	0.4896168	0.11625354	0.73129773	0.38468787	-1.1743225
0.51797754	3.0063562	1.2271229	0.07959522	-0.5377911	0.71431583	2.637106	1.1621972	0.48352966	-0.96504647
0.03877621	0.438175	0.4316628	-0.22623238	-1.3446798	-2.1560996	-1.262443	-0.6589021	-1.4966282	-1.9190004
1.3834141	3.5048609	1.0824094	0.9360148	-0.49165404	1.2762088	5.002793	0.24724627	1.1550379	-0.16625132
-0.62914455	-1.2674873	-0.18246198	-0.6796114	-1.1477845	-0.4789996	-1.7090698	-0.2642415	-0.5775715	-1.7608273
-1.0132979	-1.938262	-0.41066316	-1.0557958	-2.1245167	0.88322926	-0.37118572	0.5066009	0.5428639	-1.8276477
0.105394416	-0.25906882	0.5239599	-0.080555335	-1.3127785	1.6674014	0.8293798	2.1339366	1.1968697	-1.9876713
1.3057824	1.1626738	1.6079311	1.0494034	-0.5861579	0.68863237	1.8248115	1.0806266	0.7323351	-0.59826666
-0.68357855	0.017899305	-0.44498518	-0.82895213	-1.2317961	-0.9706726	-0.6610314	-1.262467	0.22739814	-1.7304544
-0.006937064	-0.8754965	0.39334828	-0.20018913	-1.6481646	0.52591914	-0.5662067	0.757966	0.24967392	-1.5750521
-0.23278454	0.8062687	0.11388919	-0.43174994	-0.318922	1.1141033	0.6000809	1.2571574	1.0623975	-0.2273421
-1.400746	-1.4270115	-0.8983766	-1.367177	-1.1963902	-1.2360326	-1.6431384	-0.6462406	-1.1655926	-1.4094708
1.3771539	1.6227868	1.2831981	0.94043815	-1.0316268	0.24940604	0.28450665	0.68793905	-0.34684727	-1.1481427
-0.4279005	-0.019666344	-0.07539788	-0.5854821	-1.120149	-0.28381792	-0.10219704	-0.009763932	-0.80674803	-1.2829841
1.1933593	1.1686999	1.4943395	1.0058835	-0.57392675	1.6520487	1.9737148	1.9825191	2.031014	0.47929823
0.82525617	3.5352213	0.99031675	0.48035246	1.4294549	0.64432174	2.1759233	0.9979274	0.40868318	-0.95919275
1.3471172	0.8825041	1.5074811	1.1072222	0.101208806	0.3831902	0.4259229	0.68368596	-0.039541554	-0.25495335
0.39082184	0.3580326	0.82286465	0.23853032	-0.9669347	0.8600508	1.0755916	1.4873085	0.37162596	-0.36565682
-0.1802176	-0.4985349	0.35788283	-0.24726613	-1.1315515	0.06714544	-0.40759048	1.8659592	1.1398548	-0.23495021
-1.2354816	-1.1752963	-0.785009	-1.2676872	-1.3441886	-1.5865856	-1.8634633	-0.79046416	-1.9253299	-1.7337162
0.28062853	0.94188523	0.449902	0.058429092	-0.5349952	-0.24250267	0.8708422	-0.03417226	0.15797228	-1.3564829
0.042062007	-0.31617555	0.48451376	-0.18216403	-1.8980004	-0.13202733	-0.25078127	0.3913358	0.34181184	-0.7402731
1.9342932	1.735049	2.1245785	1.6769388	-0.8314178	1.3534864	0.59654975	1.8473028	1.0608242	-1.2170262
0.08691605	1.8618374	0.59382284	-0.25019148	-1.2427843	0.55798644	1.932849	1.2278337	0.8050865	-0.9466306
-1.7334572	-1.9896252	-1.1460027	-1.694434	-1.3626399	-1.8938918	-2.0992436	-1.2177213	-0.53995305	-2.488869
0.6600697	2.0588386	0.95246315	0.3451038	0.090783685	-0.0019649402	1.3853194	0.3346082	-0.92184955	0.31579936
0.7844804	0.7836807	1.2509493	0.6204648	-0.073750824	0.9604981	1.9633143	1.753576	0.60339314	-1.0102832
1.3196527	2.441715	1.4868519	1.0158567	-0.3090334	1.5173723	3.5956068	1.8762335	1.7997968	-0.6684601
0.4341617	1.2231368	0.8173348	-0.017680705	-1.5984347	0.22161531	2.9273474	0.8490089	-0.8189079	-1.3111534
1.4283851	2.3224788	1.8959681	1.037982	-0.61561215	1.6861728	0.29239053	1.5122803	1.5427766	-0.32178652
0.55816567	0.7451267	1.3800837	0.31815004	-1.3333383	0.6070328	1.5867634	1.2687234	-0.036929388	-1.1146767
-1.1543382	-1.1168485	-0.69572043	-1.2542001	-1.3742638	-1.2674088	-0.7260866	-1.2609853	-1.7887466	-1.5389221
0.4509711	0.9187001	0.6181125	0.15483065	-1.3779511	1.2177348	1.7463201	1.0653158	0.7595782	-1.0285136
0.77117854	0.5764086	1.3205047	0.54334	-1.216424	1.4657187	1.4797325	1.5526041	0.8468408	-0.5506986
-0.59585077	-0.13697675	0.12277227	-0.76832	-0.66050744	-1.0721658	-0.628304	0.07135495	-1.4307835	-1.4293894
0.3282019	0.37485614	0.82411754	0.14484458	-1.2323388	-0.014357459	0.9320601	0.41554424	0.13749759	-1.2342643
-0.8513107	-0.92229605	-0.42437485	-0.9051206	-0.6941619	-1.1333153	-1.7869585	-0.2916585	-0.95586854	-0.7854598
0.56298226	0.6864146	1.401907	0.2482255	-0.675894	0.035759263	1.1615361	0.30819458	-0.77773684	-1.2058984
-0.19128208	-0.2618199	0.25294703	-0.36840904	-1.1262519	-0.34487003	-0.52814114	-0.40056464	-0.51405126	-0.89765614
1.7009244	2.8233294	1.7963173	1.3398573	0.51294684	2.9576373	4.748239	3.2777278	3.089137	-0.6106762
1.757457	2.5568597	1.8752059	1.408861	0.18851188	3.0094724	4.365778	3.2207434	3.0727	-1.4782856
-0.0288971	0.16584703	0.3617883	-0.28780484	-1.4783144	0.1862873	-0.053448893	0.979757	-0.58176243	-2.2987738
-0.71279705	-1.1235965	-0.20284635	-0.7415756	-1.4830798	-0.64834243	-0.5645629	-0.023889832	0.19617239	-1.3333482
-0.05948008	0.4185321	0.23757565	-0.29404145	-1.0286055	0.20478849	0.19145781	0.53478247	-0.062303565	-0.44141752
1.1500949	3.0963995	1.4875176	0.78062904	0.0006097853	1.3771964	2.9480152	1.7840825	0.8728453	-0.89566845
0.14938673	1.5546459	0.80749094	-0.21966909	-0.921376	-0.8199052	0.7396011	-1.1913598	-0.9947953	-0.8144536
-0.58286625	-0.7647704	-0.22957087	-0.5695842	-0.6896896	0.6605332	-0.021039784	0.66738266	-0.04345651	-0.28437844
1.6963227	2.0002959	1.6536244	1.3161498	-0.9190303	1.5766305	1.9831566	1.6024445	1.1060421	-0.2951978
0.65354925	0.02247566	1.4573584	0.5545931	-1.0224824	0.29665235	-0.043119572	1.4530696	0.91854894	-0.51031125
-0.030543841	1.4220244	0.20559904	-0.2718951	-0.75832367	-0.5305774	4.242892	0.7902831	0.17221524	-1.5076023
0.041080944	-0.32853875	0.63996994	-0.11788322	-1.4178853	0.016277535	-0.48260322	1.0519848	-0.21986574	-0.39447618
-0.1943917	-0.6659074	0.17028354	-0.30328703	-0.92565167	-0.5987387	-0.9647361	-0.59642345	-0.6056113	-1.189285
-0.04321587	2.6692076	0.24208401	-0.48363346	-0.7388903	-1.6602846	2.1753771	-0.34399903	-1.0920509	0.3619308
1.3578137	2.5777378	1.7784531	1.053404	-0.2531707	0.5427121	0.5892659	1.3398504	0.7324687	-0.8254877
-0.1061767	0.46807823	0.47612107	-0.36554652	-1.2065257	-0.29645416	0.35289356	0.33845985	-0.7359382	-1.4392668
1.267402	2.844415	1.4913894	0.8619168	-0.5153614	2.0001523	3.7291188	2.153687	1.5202013	-0.7977982
0.92565584	2.1571271	1.0231196	0.5720335	-1.0541497	1.5294181	2.8708699	1.8209773	1.0869443	-1.0086178
1.390709	1.7735412	1.7740977	1.0158535	-0.91639054	1.2285657	1.8133855	2.2295346	0.66075736	-1.1599684
0.29383084	-0.5978962	0.34022027	0.06444864	-0.77479523	-0.15774034	-1.5102279	0.5488236	-0.87090605	-0.9401959
1.1654224	2.763472	1.3289733	0.71679693	-0.7175244	1.5672096	3.411019	1.8509523	0.61189574	-1.6290871
0.7884459	3.3079083	1.0577638	0.48386323	0.8642503	2.8668737	3.4622428	2.0901055	1.9748541	-1.9597344
0.01297719	1.46283	0.26125544	-0.3518061	-1.197198	0.21617667	1.1951165	-0.2921848	0.19953494	-1.3683602
0.55937076	0.70943844	0.8333634	0.41624784	-0.6890495	-0.4076188	-0.17746033	-0.2791178	-1.6291355	-1.1787869
0.035115056	-0.21434247	0.62089103	-0.1910445	-1.7459413	-0.7419661	-0.33436266	-0.64823544	-2.0093317	-1.2185948
0.5865564	0.62857544	1.2980548	0.38625425	-1.2481426	0.64408857	0.5710583	1.2689276	0.8157625	-0.45643556
0.15673614	-0.25180417	0.6966417	-0.01311864	-1.2524444	-0.4090305	-0.77306205	0.5267322	-0.8160559	-0.95301074
-0.53578067	-0.6415968	-0.19209251	-0.6444804	-1.3678842	0.22602883	-0.08723184	-0.3405079	-0.304825	-0.89796746
0.92172	2.4131489	1.4286392	0.5420555	-0.89744353	0.3301526	2.4370112	1.0740708	-0.19882326	-1.1046247
-0.008546002	2.025576	0.1984604	-0.3344245	-1.0252093	-0.4043726	2.6917236	0.11000656	-0.26998353	-0.88950723
0.51863825	0.24635586	1.3565792	0.2546221	-0.78724796	0.69276613	5.3584013	2.2229779	0.22848207	0.44628823
0.9842281	2.3941298	0.84155226	0.6263808	-0.5801129	0.15714839	0.84730613	-0.27060208	-0.32186705	-1.6846408
-1.0431027	-1.1739155	-0.47538248	-1.1618431	-1.5634782	-1.1462634	-0.52835625	-0.58476514	-1.1468965	-0.665181
0.8786438	3.3664656	0.9055613	0.45001572	-0.67465055	0.31364363	2.4489522	0.8290612	-0.39703417	-3.7701375
1.4568442	1.3070251	1.8110796	1.1464465	-1.1648346	0.89104164	0.79663783	1.3332143	0.46096823	-1.4581171
0.5231993	0.7787396	0.75964355	0.25540268	-1.1191024	0.4163182	0.62254333	0.44233656	0.47131142	-1.0873574
0.719835	0.60441947	1.1878802	0.4649229	-1.4043053	0.49422547	1.0945117	1.0065061	0.8466888	-1.177706
0.1829876	0.47378287	0.4331755	0.042886555	-1.0192322	-0.46608075	-0.5131527	-0.8202453	-0.86965847	-1.5022525
-1.3589396	-1.808496	-0.8028631	-1.4277459	-1.2462418	-2.2140172	-2.3339207	-2.2499595	-1.9974142	-1.6745751
-0.25797048	0.76445746	0.1174898	-0.57129717	-1.1955314	-1.0277777	0.26329172	-0.013773758	-1.7477583	-1.3650283
-1.6791465	-1.5415263	-1.1401786	-1.6458644	-1.4375987	-1.5957807	-1.292929	-0.8909198	-1.505268	-1.2386636
0.8415364	0.78566957	1.2785532	0.6368171	-0.3793423	0.55676067	-0.3905276	1.0766226	0.14404567	-1.318374
0.22597381	-0.6721617	0.456109	0.14384295	-1.200244	0.19056213	-0.064739116	1.2649199	0.5720664	-0.6097332
-0.22682896	0.30739674	0.05442837	-0.45801753	-0.9943603	-0.96638405	-0.20889886	-0.6710367	-1.913245	-1.7865303
-0.4634495	1.8793752	0.30579638	-0.774964	-0.35388	-0.79317886	2.0598586	-0.17555904	-0.09205091	-0.47308466
0.82670516	1.3792617	1.3093326	0.593101	-1.1884302	0.61342394	0.7325638	1.9334761	0.5910388	-1.435428
-0.32479337	-0.11618501	0.01669082	-0.45376736	-1.2288903	-1.4258238	-0.44780347	-1.0865558	-1.5244411	-1.2775084
-0.040991493	0.60187817	0.3164526	-0.22694586	-0.9675505	0.047339994	1.170232	0.4134873	-0.17318532	-0.88562715
0.56988144	0.7090081	0.9125601	0.30377632	-1.0852182	0.21973102	0.5477266	0.28320208	0.16328892	-1.1705359
0.5497372	0.5981786	0.93694484	0.31030995	-0.60964835	0.5842076	0.31707773	1.3413514	0.59336865	-0.8848731
0.4382725	-0.058912456	0.94388926	0.2806213	-1.4916025	1.268391	0.5909459	1.6457609	1.4462067	-2.0128677
0.9861378	1.0934215	1.4582453	0.77527463	-1.3469765	1.4611527	2.7056558	1.5701845	1.2912631	-1.5520432
0.43212202	0.6334696	0.88167644	0.099035546	-1.4136192	2.3335893	1.7367333	2.3839204	1.0592585	-0.573973
0.72821635	0.27442518	1.1601733	0.49304777	-1.242456	0.6378702	0.21692789	0.8422319	0.17163853	-1.522669
0.6233837	0.7585243	1.1127485	0.40649444	-1.0999136	-0.54264927	0.10999692	0.50456905	-0.90731484	-2.1237223
-0.0053673163	-0.45153195	0.68585324	-0.22528489	-1.3998965	-1.4118985	-0.8127379	-0.55116636	-1.561983	-1.4399006
1.843396	2.1280894	2.1998498	1.589967	-0.89642644	0.71377766	1.8696289	0.8851002	1.0398006	-0.9201088
-0.548672	0.16884813	-0.22563711	-0.76196134	-0.84751153	-0.93910706	0.6391826	-0.49233952	-2.3890634	-1.2419941
-0.07758532	-0.022084266	0.31352118	-0.17927705	-0.81996	0.233587	-0.8635895	0.81008327	0.40912598	-2.1868818
-0.9762988	-0.09724429	-0.19674003	-1.1246929	-1.3758655	-1.0014501	0.10370227	-1.2381898	-0.5730539	-1.3521994
0.23189327	0.4966946	0.65615255	0.024587095	-1.2210864	-0.38193202	0.7226713	0.71146363	-0.7701228	-1.0723413
-0.008042615	0.45878252	0.3660248	-0.24147329	-1.2822284	-0.16316801	0.271581	0.7656852	0.33268163	-0.82301223
-0.521532	-0.27554074	-0.06808144	-0.58291143	-1.1050253	-0.3322819	-0.2929344	-0.16992898	-1.1336217	-1.3492496
0.589708	0.38635156	0.7997931	0.38370997	-0.5137394	-0.23750518	-0.67817795	0.5770373	-0.4700918	-0.28833565
-0.18364716	0.0066106915	0.10895708	-0.2521699	-0.52606654	0.22092424	0.5001607	1.3121068	-0.16526617	0.26429242
1.1184683	2.4417703	1.5402517	0.7546847	-1.2299886	0.06467442	2.361785	0.19093685	-0.47822616	-1.3848822
1.3469154	0.8829615	1.9303671	1.094338	-1.0943614	0.016697008	0.79040647	0.85992235	-0.71574914	-1.5459839
0.033452384	-0.6937767	0.5740435	-0.17217088	-2.0609186	0.5546904	0.14650905	0.7347706	0.4522696	-0.44409335
0.38348547	0.63953483	0.37955925	0.20925803	-0.7892858	1.1341144	0.49562138	0.41456297	1.0870299	-0.30728257
0.20556739	0.26538333	0.51815665	-0.034206092	-1.2504401	0.705837	0.38853404	0.7572792	-0.9132449	-1.3548821
1.1005759	3.7907636	1.2611727	0.64961195	0.58702505	0.5710083	2.989208	0.98059475	0.26016182	-0.8922631
0.83914685	0.88752997	1.2551752	0.49422556	-1.5856858	0.6321474	2.0226417	0.9676632	0.4854487	-1.5405996
0.63923585	1.6236149	1.0377556	0.37137663	-1.2136974	1.5788072	2.358065	1.9810191	0.8433459	-1.8301075
1.5744629	0.52071583	1.4285811	1.2940164	-2.1578827	2.928399	2.049223	1.8170464	2.4621766	-2.9527385
1.8672754	1.9427545	2.7725658	1.5432919	0.052823246	3.06805	1.6021377	4.0044346	2.447892	-0.5265113
0.0026580915	0.6928904	0.28041068	-0.16200854	-0.9397404	0.3669167	-0.38663784	0.0962018	0.87151366	-0.88920975
0.6258518	1.2087388	1.0763059	0.42314452	-0.6190519	0.41217396	0.73173296	0.8691237	0.47943428	-0.5661324
0.3829064	0.9764838	1.0952572	0.021066412	-1.6641263	0.5065424	0.8911608	1.1294922	0.40300325	-1.4009532
2.3921907	1.7140882	1.9257073	1.9571714	0.2345322	3.2844677	2.355275	2.152079	2.541591	-1.4073838
0.19521722	1.2456657	0.39620215	0.12596469	1.0128893	1.1115962	1.9232194	1.3145833	0.7064881	0.80816865
-0.26812693	-0.41080484	-0.08949369	-0.37575632	-1.3621802	-0.39491096	-1.6977458	-1.1275624	-1.8801084	-1.6858866
-1.9711611	-1.9033	-1.3857577	-1.9407605	-1.8005742	-1.264071	-0.8284014	-1.1436838	-0.98199666	-1.6071117
-2.3680189	-2.122174	-1.5747824	-2.25897	-1.5214382	-1.7515883	-2.4880261	-1.3503491	-0.8372434	-2.8292859
-0.36833185	-0.07180601	-0.066159666	-0.50652456	-1.0000186	0.028041521	1.6774405	-0.0059238416	-0.33178404	0.6193823
1.2020388	3.352936	1.2169087	0.808429	0.12817985	0.05363726	2.7402391	-0.070455045	-0.3320216	-0.08119334
1.657992	1.0720818	2.1977017	1.4874221	-0.08214563	0.62191784	1.0145578	1.0671364	0.29010126	-0.2549816
-1.0012364	-0.019654721	-0.537235	-1.2513084	-1.5929867	-0.4314811	0.57075226	-0.058029763	-1.0120609	-1.0603782
0.5676636	0.30133966	1.0304935	0.372477	-0.9721788	0.62286305	0.45553473	0.38367236	0.007532335	-1.4783881
-0.0721708	4.777226	0.45756787	-0.50543875	2.1613157	-0.22020893	2.4315522	0.17257266	-1.8079174	0.5657465
-0.8667974	-0.6970322	-0.31895766	-1.0058358	-1.6713603	-0.5459593	-1.4510063	0.40609232	0.16927749	-0.8339912
1.920025	0.55085933	2.5024924	1.6838034	-1.519543	2.060991	0.5531054	2.4270067	1.825066	-1.4071463
-0.31483984	-0.6991242	0.1406433	-0.47230065	-1.5714446	0.038934775	-1.14313	0.097395964	-0.1482508	-0.68689555
-0.4242866	1.9395518	-0.006616637	-0.777579	-0.25232413	-0.02970285	3.865337	0.25434044	-0.457273	-0.27819306
0.8907885	4.614594	1.3129904	0.440813	1.8125821	2.2431154	4.557263	2.4509323	2.0857975	0.876427
-0.96183145	-0.55782795	0.017064452	-1.0869297	-1.3568156	0.015896091	-0.18776657	0.5653447	-0.4892142	-1.2094116
1.064655	1.4034694	1.3410724	0.67522025	-1.3551203	2.3545938	1.3758838	2.159328	2.0246592	-1.6151968
-0.29817536	-0.7298653	-0.09598154	-0.43846834	-1.9538226	0.009459711	-0.42150548	0.10572291	0.2550003	-1.4914225
-0.14078286	-0.1639184	0.23610845	-0.19177349	-1.8745188	0.14254428	-0.590736	0.5924117	-0.23994984	-2.035322
0.93749505	-0.48996013	1.3535707	0.8295876	-0.6593962	0.75773424	-1.3640836	1.4652328	0.09860722	-1.3592992
0.03433504	1.0034586	0.31732377	-0.18837836	-1.216698	0.25248438	1.670207	0.48522526	-0.33724338	-1.1773264
1.8189256	1.7703097	1.862171	1.4150699	-0.98633265	1.6152709	2.0698557	1.7625549	-0.35736927	-1.0181068
0.18531021	0.18418339	1.0162548	0.01004757	-1.0898	0.4452433	-0.5159409	0.9029039	0.024588905	-0.8693374
-0.7004986	-1.2045325	-0.17248768	-0.7459415	-1.0484828	-1.0963844	-1.709469	-0.54025793	-0.83648324	-1.4096804
-0.72975737	0.54771805	-0.077914655	-0.8750355	0.4112977	-1.9129715	-0.59004486	-0.9458873	-1.548094	-0.5780421
-1.2785735	-1.1634088	-0.8497801	-1.2234603	0.5636263	-1.7911471	-2.4039834	-0.7554603	-1.5832046	0.070684455
0.06274935	2.501944	0.8989425	-0.26650947	-0.0806112	1.4612104	2.3765666	1.427921	0.96222454	-0.4727932
1.6480857	2.161713	1.5892918	1.3363733	-0.1778145	1.3542428	1.9853058	1.3321573	1.0868887	-0.34352216
-0.22710389	-0.055173606	0.215629	-0.51696587	-2.5732944	-0.09519048	-0.716915	0.5553564	-0.04141479	-2.040099
1.4882337	2.4588294	1.7977891	1.1230632	-0.4666006	1.736258	3.0039334	1.9298282	1.4704247	0.7316276
0.53341085	0.057260424	1.09736	0.42868358	-0.5461626	0.17475681	0.20516343	0.57113904	0.25179073	-0.10070729
0.80844486	1.8837929	1.3145534	0.39065355	-1.5763565	0.52819777	0.3393249	0.52876425	-0.7821956	-0.1905552
0.2155334	0.20207056	0.46893036	0.075384095	-1.0373517	0.10795951	0.099122025	0.3811181	-0.2999968	-0.20117782
-1.3622397	-1.7118268	-0.83308816	-1.3518344	-0.8933487	-1.2291331	-1.4378622	-0.5082687	-1.7302096	-1.1064101
0.31751612	0.6810243	0.7238804	0.076611355	-1.1091818	-0.048371084	0.040411055	0.3853692	-0.73470265	-0.8676921
0.10667481	-0.43817496	0.79571795	-0.051295653	-1.805617	-1.9099554	-1.4936218	-0.72443575	-1.5570931	-2.4590185
0.6383163	1.3366203	1.13686	0.46687448	0.6965344	-0.22590293	-0.057180803	0.75776595	-0.46091884	-1.1785845
0.11414748	-0.4580475	0.72838604	-0.024949715	-1.7570463	-0.15278353	-0.9951523	0.67910624	-0.16025686	-1.8690177
2.161525	0.6947501	2.3187106	1.8635058	-1.247069	2.4068904	-0.17865755	2.6316378	3.6528096	-1.1459509
-0.55856425	0.075749755	0.12397233	-0.7098922	-0.83919036	1.4893708	0.46665734	1.5990435	1.8919574	-1.1923927
0.8804337	0.31267312	1.3373145	0.60546726	-1.2524228	0.27946776	0.2471126	1.1365693	0.35891536	-1.1147857
0.19599214	1.6522634	0.5387626	0.029343307	-0.16104907	-0.16341421	1.634799	0.48028937	-0.19817017	-1.2139652
1.7053441	1.2447157	2.4632325	1.4286283	-0.2699801	1.3533227	0.9669441	2.1467314	1.1330465	-0.8508822
-0.44304	-0.53646636	0.021130294	-0.5622869	-1.4445821	-0.038649507	-0.4608354	0.14963326	0.22769251	-1.1348089
-1.2607199	-1.5166748	-0.772151	-1.2717465	-2.073208	-0.84257734	-1.4002199	-1.6617091	-2.0282395	-2.6655028
0.8658272	0.9766927	1.3349688	0.7583011	0.2742466	-0.15260106	-0.19508521	1.1397102	0.6382482	-0.77451754
0.13039073	0.30642256	0.6841266	-0.096615195	-1.352122	-0.08631109	0.91062266	0.41652215	0.28053778	-1.7837635
0.71935046	1.5256085	1.4158998	0.35113847	-0.79173326	0.53834784	1.573339	1.0016564	0.44387785	-0.74541044
0.57379484	1.1100421	0.9387467	0.31096905	-0.9064795	0.65797514	2.3240302	0.71835315	0.5703867	-0.46609426
-0.677671	-1.0323396	-0.29313532	-0.70382774	-1.0287247	-0.31766626	-1.0385627	0.123110205	-0.4498263	-1.0983984
-1.6709507	-1.200217	-0.9802524	-1.7029085	-1.1413671	-2.111443	-1.6037102	-0.90176046	-2.5194957	-1.4290438
-0.21082765	-0.3235715	0.19014585	-0.33487737	-1.1396817	0.9051444	0.41148624	1.3738966	0.49979457	-0.92475706
-0.49878374	-1.23484	0.33684942	-0.5073	-1.6480315	-0.3407646	-0.36142617	0.13282478	-0.51196796	-1.3307661
0.2965671	1.295498	0.7512336	-0.016892985	-1.2255003	0.9020174	4.611295	1.703951	0.77548647	-1.1513801
0.58958894	0.70517886	1.0511073	0.4341027	-1.1043547	0.6925791	0.3090071	1.972929	0.16471416	-1.5234735
1.2097166	3.3588676	1.3364495	0.73000455	-0.87090945	0.28249907	2.0304608	0.23822454	-0.30211994	-0.67434436
0.5186213	0.83173025	0.58910364	0.27311105	-0.74710214	1.1057512	0.37767446	0.8103484	1.1015071	-0.4514997
-0.51874495	0.9711492	0.2809907	-0.7531151	0.65996885	-0.7060354	1.2340302	0.74161726	-0.3927861	1.5448204
0.20482838	0.75147927	0.6742091	-0.043882668	-0.75542367	0.03736174	0.8436205	0.8959564	-0.041712016	-0.84564286
-0.7579129	-0.11952707	-0.37238297	-0.95417875	-1.4158165	-1.4431682	-0.35266072	-0.20674957	-1.4275295	-1.9807237
0.35518742	0.08496559	1.0057496	0.13695492	-0.7091044	0.8569502	-0.37882137	1.189699	0.8000899	-0.8203469
2.470532	2.3677137	1.9134632	2.0778854	-1.2453798	2.1146958	2.1966126	1.7166461	1.3274101	-0.5373495
0.042582415	-0.7584518	0.775573	-0.2011522	-1.3196553	2.1672997	0.41169477	2.4785972	1.4238329	0.06951197
-0.01361341	-0.26731536	0.42426378	-0.16852017	-1.4204525	-0.14962669	-0.50310624	0.7434677	-0.3486034	-1.0242782
0.6010912	0.8924774	1.176093	0.2977789	-0.8869697	-0.16811728	0.28701723	0.1593804	-0.114770986	-1.1835375
-0.5207462	-0.9529114	0.016019315	-0.61022586	-1.866202	-1.2961411	-2.1777	-0.7096506	-0.8981488	-1.953882
-2.0197487	-1.724247	-1.304162	-1.9008795	1.1113911	-2.1984138	-1.9864407	-1.1699308	-1.4497107	-1.8589908
0.11198487	1.8726029	0.19218874	-0.2627141	-0.858268	-0.6826907	-0.8175289	0.1899358	-1.251135	-1.6342263
0.15692633	-0.2145235	0.62590545	0.010131672	-1.4284055	0.18455924	0.2701217	1.263713	-0.037438728	-1.0840018
1.3468251	0.2859364	1.620023	1.0575329	-0.717813	1.0016171	-0.7694857	1.5690862	1.1089001	-0.26098874
0.74234015	1.3931165	1.1859584	0.42904836	-0.94990814	0.28028157	2.0507534	-0.23959117	-0.346365	-0.9166839
0.44659624	1.4354733	0.89064085	0.15423058	-0.70444906	0.99744666	2.4476411	1.7162986	0.6279599	-0.021311259
-0.20638585	-0.4519527	0.20538422	-0.30710888	-1.4735787	-0.30021018	-0.32670003	0.32547846	-0.38076964	-0.6069195
0.45979908	1.7058865	0.83844936	0.1913492	-0.6408781	-0.041685004	2.1375186	0.34654012	-0.7151018	-1.4266403
-0.38166508	0.43751433	0.4721111	-0.57936275	-0.9608897	-1.7509037	-0.4821827	-0.5369364	-0.60853714	-1.1902566
1.7433602	2.3645632	1.6838444	1.3673031	-0.8125744	1.4140902	2.152728	1.1648991	0.7239392	-1.2436509
0.4556003	1.2318226	0.89077353	0.12567778	-1.4721385	-0.3294214	1.1361297	0.58396566	-0.02166158	-1.5097003
0.29769507	1.597712	0.7130601	-0.045208916	-1.1862509	0.1497148	3.3881721	0.4412958	0.55931985	-0.9892706
-0.13017833	0.07823783	0.2090154	-0.24342637	0.9347447	-0.797269	1.1901463	-1.6669368	-1.4394985	0.9593911
-0.36809275	-0.3153233	-0.040424526	-0.4886083	-1.2435406	-0.24311817	-0.98451626	-0.61112803	-0.12743787	-0.88140017
1.194252	0.543404	1.6583118	0.94966125	-1.1105677	0.63247925	0.058760725	1.2127469	0.78307205	-0.77830774
-2.0808156	-2.0272956	-1.4270968	-2.000045	-1.4450315	-1.6718836	-1.5956998	-0.9650105	0.14342582	-1.6826833
0.16489357	0.35699567	0.64232206	-0.07604037	-1.4579726	0.22825134	0.5847425	0.85424304	0.47500208	-1.7427325
0.22386971	0.5821768	0.8143941	-0.07217726	-1.1407652	0.5334995	-0.22303428	1.710611	-0.019971833	-1.0791657
-0.7646634	-1.0347552	-0.55290294	-0.77296597	-0.69343317	0.8541449	-0.49557045	0.3669624	0.557062	-0.37821683
-0.13694331	-0.13164148	0.018629402	-0.18383826	-0.26599166	-1.3659989	-0.19665687	-0.96504754	-1.8093139	-0.23497431
0.19835818	1.5317564	0.7754564	-0.13332143	-1.0809736	0.5429198	1.7022727	1.2762231	0.38865745	-1.335465
0.22137356	0.6442332	0.6367409	-0.046261564	-1.37685	0.3011722	0.33410814	0.2634498	0.24067204	-1.733617
1.2321887	2.0800974	1.3673579	0.8847532	0.026285678	1.9531314	1.761327	2.3117523	1.505932	-0.50240517
0.5556516	-0.9829868	1.8387173	0.46056497	-0.89742863	0.7889375	-0.62593323	1.6039989	1.0501968	-1.6622418
0.022779368	-0.5364227	0.778535	-0.100920215	-1.1364374	-0.58955634	-0.63246465	0.18270409	-0.2654761	-1.322104
0.025885664	-0.5979515	0.7727879	-0.0993488	-1.3048778	-0.4467693	-0.53289306	1.0259448	0.32577872	-1.3148103
-0.112024225	1.4174001	0.4581504	-0.4234849	-0.5160715	0.38776946	1.1340841	2.0310125	0.76181257	0.33631733
0.4937174	-0.30030468	0.9430759	0.2883249	-1.4070102	1.3308628	-1.0831409	2.1876335	1.4492015	-2.004603
0.05701538	-0.24477696	0.48384613	-0.14272757	-1.6606925	-0.120766364	0.7566106	0.33152062	-0.24024522	-1.0841985
0.36457032	1.2311277	0.65465784	0.01331158	-1.4562563	0.8693258	-0.44639897	1.1353691	-0.1689104	-2.0827358
0.19801518	1.2480655	0.5824469	-0.123731025	-1.2461861	-0.0396023	2.2035918	0.7238239	-0.035967123	-0.6249429
-0.2466977	-0.5864819	0.16056862	-0.36157578	-1.2501813	-0.8607735	-0.19937833	-0.21151735	-1.2462444	-1.6230031
-1.9339708	-1.9842433	-1.2673504	-1.9180503	-1.8939886	-1.3360459	-1.8046856	-1.4973764	-1.9961581	-1.980853
0.4450619	0.43407097	0.568949	0.2224072	-0.924989	0.84210557	0.8279293	0.9666443	0.65020114	-0.65885085
0.050576292	-0.3842011	0.43687585	-0.05137296	-0.1780301	0.014258706	-0.605512	0.09672305	-0.43319827	-1.1935247
-0.44316268	0.72467387	0.06050442	-0.6687435	-1.0867797	-0.5791238	1.4539558	-0.3447249	-0.7177078	-1.2258568
0.20606256	-0.18814993	0.59583986	-0.013898447	-2.0211942	-0.16821592	-0.1808994	0.4553464	-0.06570312	-2.3778872
1.5627509	1.1598604	1.9523461	1.3334119	-0.024034888	2.0596457	1.7995987	1.9553072	1.864873	-0.6730193
-0.25822797	-0.34324655	0.003295377	-0.43860477	-1.2528381	-0.5734384	-1.4154581	0.11243572	-0.45799398	-1.2374797
-0.96588445	-0.9567772	-0.5700401	-0.9040166	-0.076900184	-1.16867	-1.2432612	-0.60628676	-1.3555632	0.2153799
0.37815875	0.94147384	0.7901889	0.103606924	-1.4228302	0.17495336	0.39252743	0.3354123	0.93769646	-1.286104
0.09893414	0.46803978	0.23608008	-0.039861962	-1.6044825	-0.23644774	0.62454945	0.22209658	-0.12161181	-0.7800278
-0.9309824	-1.1266303	-0.5498605	-1.0271603	-1.4887837	-0.256801	-0.2676267	-0.22790657	-0.2374072	-1.4461019
-0.04833252	-0.5592004	0.38988858	-0.21448085	-1.9278313	0.12836297	-0.59801364	0.3712449	-0.00041360137	-2.2854273
0.39925507	0.63678277	0.76584387	0.23563586	0.99829984	2.6925926	3.380292	3.4291394	2.608891	2.456787
0.06289216	-0.9659606	0.5823082	0.016737536	-1.026386	-0.6097232	-1.1558689	-0.24244988	-0.7674778	-0.95185417
-0.1007304	-0.75602674	0.4380156	-0.22539125	-1.4654571	-0.25971437	-1.1951405	0.207552	-0.34272298	-1.7326763
-0.9510046	-0.6959762	-0.5424186	-1.0927533	-1.5311866	-0.6491712	-0.6963138	0.15641515	-0.87080044	-1.7048957
0.2137684	-0.04003489	0.72868836	0.041198567	-1.369868	0.31532148	0.3071019	1.0784276	0.21316256	-1.2417994
-0.0758939	1.3519896	0.58989584	-0.19978753	-0.018304557	2.2983408	1.8283184	2.486907	1.5853293	-0.7778297
0.57541543	1.8759985	1.0224926	0.24601047	-1.0684245	1.2941525	3.454111	0.5518606	0.79583955	-0.99329567
0.5175363	1.704125	1.0373877	0.24120899	-0.6070857	-0.5561409	1.0372932	1.27312	-0.81920123	-1.5051867
0.061454497	1.17308	0.24704415	-0.20896298	-0.74571633	-1.0166602	0.7571704	-0.59857875	-1.274478	-1.4380538
-1.9009005	-1.779858	-1.2428244	-1.8299279	-0.7194519	-2.1272993	-2.0717757	-1.6354835	-2.6735055	-1.3908831
0.1762385	-0.022893727	0.6170262	0.013613835	-1.1430728	0.18691792	0.20477948	0.57782817	0.4552379	-0.5780168
2.6664705	2.241205	2.7414875	2.0760357	-0.88017356	4.1515937	3.4741566	4.4164686	3.8955255	-1.1518465
-0.32016915	-0.6994791	0.088673934	-0.47247267	-1.5563744	0.22085972	-0.2641601	0.809386	-0.6367689	-1.3852335
-0.21979603	-0.9272915	0.20410699	-0.36350304	-1.4594266	-0.5730526	-1.0970125	-0.29977068	-0.70148605	-1.8428746
-0.058755524	-0.3221372	0.59889436	-0.17933841	-1.2825637	0.68994796	-0.030661209	1.4369496	-0.00492988	-1.27986
0.6321391	0.30310795	0.62261367	0.5622593	-1.5608302	-1.0915536	-0.74721265	-0.63006544	-1.1156491	-1.5509638
-0.48895606	-1.3044989	-0.3057767	-0.53677034	-1.133157	-0.13621333	-2.232526	0.24593678	-0.3356181	-1.4223024
0.72242516	2.8682654	1.1365495	0.38570654	-0.1672498	-0.71720463	1.6678126	0.27797225	-1.8970342	-0.9823816
-0.5742704	0.7913935	-0.20469907	-0.8528741	-0.9487277	-0.8529235	1.5774739	-0.8022048	-0.96301275	-0.17113969
-0.7077544	1.2815899	-0.28898343	-0.9244324	-0.1152949	-1.480526	-0.043330263	-0.7705825	-0.87194246	-1.1691803
0.044696726	0.9077779	0.19545287	-0.20106626	-0.9105953	-1.0399215	-0.9191168	-0.72340655	-0.43242	-1.1189578
-0.16339964	-0.3727479	0.40063575	-0.2563541	-1.1540902	0.6084451	-0.027231878	1.1575127	0.55720484	-0.6302336
0.5795833	0.045090586	1.160344	0.40421772	-1.4233932	-0.6244813	-0.60289705	0.86727375	-1.1439415	-0.9561232
1.1312882	0.615379	1.2552474	0.79887533	-1.3097731	1.7576456	1.1547831	1.4979883	1.7325634	-1.9202197
0.22360262	-0.24054639	0.73957837	0.05368215	-1.3320175	0.75202495	0.2903232	1.2318348	0.8726493	-1.4608377
-0.85642016	-0.9342245	-0.6839783	-0.92767215	-0.6236247	-1.1485931	-1.1699982	-0.5240627	-1.0205047	-1.894984
-0.35551772	1.4605849	0.30324155	-0.5732885	0.03162098	-0.88324356	2.6963148	-0.39075452	-1.5986402	0.10224164
1.1970872	1.0833465	1.9816244	0.9833282	-0.55888164	1.1368501	0.7269632	1.9802756	0.4239539	-0.665494
0.40870214	0.46235612	0.7330835	0.21494494	-0.9917338	0.9318964	0.78228444	1.1574222	0.7123123	-1.1690367
0.21207628	6.196139	0.10948029	-0.26834595	3.301471	1.8137195	6.192677	1.4355437	1.1331612	2.771044
0.2932739	0.5758053	0.9859084	0.19721757	-0.25486934	-0.7376214	-0.28423312	0.1085264	-0.24758151	-1.1691363
-0.0022421554	-0.46573496	0.547276	-0.11635958	-1.1482648	-0.11724976	-1.2541202	-0.14790498	-0.8522496	-1.1324629
0.5749596	2.0493996	0.6011445	0.33386588	-0.2000128	0.4685307	1.5689181	0.49014845	0.5656004	-0.7944372
0.7705098	1.3791938	0.72525877	0.44131017	-0.11330801	3.7341332	0.5554483	2.146415	2.8842285	-0.37244555
3.3111699	4.6515856	3.0230725	2.8574734	0.21275386	1.8062581	3.4657013	1.9335481	1.6338277	-0.9281092
-0.10001127	0.043195933	0.36728334	-0.22190268	-1.0985724	0.1383529	2.022828	0.32095677	-0.22586827	0.94055057
-1.4605036	-1.4018146	-0.976758	-1.4777617	-0.8977468	-1.7813101	-1.6326513	-0.72895855	-1.1574502	-0.21043065
-1.1722265	-0.8526815	-0.69871867	-1.2605145	-1.6694788	-0.7012101	-1.6714386	-0.6839651	-1.575745	-1.9853142
1.200229	0.43569246	1.76	0.98380494	-1.3014743	0.5867315	-0.58576953	1.1441565	0.60369855	-1.05531
0.38699612	1.035184	0.84811354	0.03430812	-1.2112656	-0.39087024	2.5421205	0.16707362	-0.024583247	-1.4009857
-0.26296413	-0.7715304	0.22329935	-0.3761742	-1.6014553	1.339811	0.5464875	1.4711334	1.6752557	-1.8334341
1.2785329	1.2751522	1.8998832	0.9743656	-1.491228	1.0378548	1.5191377	1.881992	0.9268694	-1.0341752
0.17236662	0.26041526	0.60720086	-0.0036620349	-0.9525771	0.06087763	0.033543807	0.2040378	0.53522533	-0.7600587
0.26647082	0.66234016	0.75977135	0.0049235076	-1.1928743	0.20698084	0.1895386	0.59596354	0.018147685	-1.3733635
0.2259678	2.4241033	0.42839596	-0.16673315	-0.64546156	0.4001491	2.5759907	1.0126259	-0.38170418	-1.3570987
0.6888757	0.8643236	1.0853741	0.3594985	-1.5416864	-1.2291862	-0.22434275	0.2512768	-1.2247101	-2.0681756
-1.2586179	-0.22683594	-0.6345664	-1.4009354	-0.43083987	-0.46778157	0.41364694	0.036459293	-0.68763936	-0.9959749
-1.1396778	-0.8523687	-0.6995888	-1.1182938	-0.62045574	-0.8477252	0.079789795	-0.5090329	-0.8337266	0.63461304
0.03536441	-0.5614066	0.4096754	-0.06397046	-0.28763855	0.65408415	-0.07263528	0.75936335	0.3791941	-1.4361318
0.6616996	-0.0076041967	1.3361251	0.51432276	-1.3190897	1.3732818	-0.107287586	1.6933502	1.9819021	-1.0373349
0.20721719	3.5084617	0.36321026	-0.30379212	-0.3259142	-0.17664309	3.62904	0.19241059	-0.60924405	-1.028007
-0.4072107	-0.4539659	0.20731923	-0.56101936	-1.9628752	-0.042585567	-0.060108807	0.76680875	0.2064819	-2.4686737
0.0132314935	-0.39410096	0.44645363	-0.13443652	-1.3175126	-0.01662091	-0.6273669	0.84360754	-0.21202618	-1.2925693
-1.3966469	-0.5268866	-0.93115985	-1.5449998	-1.105595	-1.956994	-1.1882223	-0.84547985	-1.8431561	-1.5045868
-0.24540529	-0.16709581	0.044842243	-0.41471404	-1.0947129	-0.30918032	-0.3358451	-0.19485974	-0.55625796	-1.0075707
-0.36895254	-1.0998251	0.22731979	-0.56602204	-2.9777532	0.23228024	0.060393665	0.5837087	0.16319	-3.064247
0.0422984	-0.15429753	0.22817191	-0.14033924	-1.2905239	-2.1809855	-1.9379305	-0.86124927	-1.9817466	-2.8299346
-0.074913956	0.86454964	0.076194644	-0.22718926	-0.16276419	-0.8698747	0.36564282	-0.67303646	-0.938835	-0.030360846
1.5087163	0.80281675	1.7832526	1.233964	-1.1121703	1.6300399	0.8387589	2.3406353	0.5836544	-1.9042923
-0.5207493	-0.81219184	-0.13274455	-0.60929644	-1.4137311	-1.6288679	-0.9620437	-0.8504687	-0.9522462	-1.210266
1.8367594	1.6412101	2.0278525	1.5351088	-1.3544829	1.5324148	0.39963052	1.6337616	1.0753223	-1.388634
0.3052744	3.1464238	0.33838022	-0.15018624	-0.6234182	-0.86078787	3.4749088	-0.2524997	-0.8315538	-0.83873874
1.8348594	1.8338764	2.1876066	1.5575293	-0.710543	2.2834826	2.5589418	2.2934816	1.2884762	-0.17497547
0.5644387	0.68938017	0.91158783	0.28682667	-1.4679629	-0.40674534	0.6662934	-0.14600408	-0.5676923	-1.2156531
1.528566	1.7950385	1.8420073	1.1803111	-0.9993415	1.7941053	2.1281683	1.6836356	1.4819956	-0.64518344
-0.7914176	-0.90193987	-0.3373625	-0.84663874	-1.3820971	0.49997327	3.1526833	1.0307235	0.036383912	-0.6618656
-0.107121356	0.2782974	0.2043879	-0.27513462	-0.73150635	-0.660626	-0.052004643	-0.35028228	-1.1959348	-0.877055
-1.2715644	-1.067852	-0.8090843	-1.3401889	-1.2708554	-1.4843893	-0.75133735	0.11883049	0.077874094	-1.8412884
1.1940482	1.3617646	1.5524	0.8911568	-0.6459669	1.63665	2.190766	1.6112585	1.1239003	-0.74966884
-0.79334134	1.1579051	-0.5537765	-1.069728	-1.2655487	-0.9335556	1.9318365	-0.15402809	-0.81743276	-1.3582987
0.19358435	0.49789938	0.62017465	-0.07105851	-1.4410738	-0.88265383	-1.5596272	0.40579662	-1.0569997	-1.7682737
0.30541304	3.1248822	0.36456117	-0.10393111	-0.6304801	-0.26073715	3.9490814	0.21900213	-0.63600117	-1.5766375
0.2181533	-0.11917648	0.6437299	-0.0066858083	-1.5475385	0.48517457	-0.3025439	1.0657295	0.02751107	-1.3057618
-0.3064421	-1.1870058	0.16021335	-0.33094156	-1.2664762	-0.46145967	-0.64502305	0.2096338	-0.57299984	-2.3620203
-0.7196763	-0.2430906	-0.3912461	-0.83264595	-1.1867584	0.32869634	-0.5955391	0.74470204	0.0782419	-1.0609974
0.7792573	0.6767422	1.1762456	0.5579381	-0.50160295	0.50526273	0.1940103	0.6883445	0.084727846	0.060124975
0.18318257	0.15820381	0.3279078	0.0536803	-1.3856992	-0.580184	-0.55311435	-0.63537943	-1.1054152	-1.1676338
-0.3209302	-0.702888	0.1120815	-0.45592457	-1.4045296	0.9515266	-0.26151365	-0.043282464	0.777166	-1.2884861
-0.00066928566	3.1077673	0.23456927	-0.449167	1.4803212	-1.9543241	2.8151314	-1.3992109	-3.2704918	0.75727063
-0.2598405	0.7231761	0.064697444	-0.50698876	-1.1470371	-0.09642629	1.8726435	0.4146743	-0.08278006	-0.8168943
-1.1439232	-1.3881724	-0.66815007	-1.181331	-1.1375363	-1.3973467	-1.6091136	-0.66644716	-1.7052926	-0.6078784
-0.3930656	-0.30644202	-0.21884269	-0.5096196	-0.7025589	-0.47274014	-1.3840467	-0.61991465	-1.4728308	0.17709516
0.705782	0.7223915	0.9497585	0.5163435	-0.09150717	2.6024253	0.6588316	2.2767916	2.6147928	0.30859393
1.1364309	2.3949203	1.5788839	0.7390414	-0.65632737	2.6864736	3.1690488	2.947655	2.6317046	-1.1578045
1.2263627	1.2964061	1.4140228	0.87247396	-0.9197712	0.44578382	2.1216965	1.9407237	0.49133593	-1.6834716
-0.9099495	0.98715234	-0.12791783	-1.1257757	-0.095860034	-0.4174626	1.1056888	0.32040507	-1.0342313	0.7288903
-0.31104448	-0.5189222	0.10473269	-0.39922523	-1.1914916	-0.9999006	-1.1447192	-0.6375086	-1.4597996	-1.5194247
0.85355926	0.47707668	1.2327151	0.61585057	-1.3515722	0.120674595	0.6367846	0.669994	-0.24419747	-1.9385811
-0.45469844	-0.66076577	-0.020036668	-0.61677504	-1.3621593	-0.2990566	-0.66099095	-1.3309566	-0.59191036	-0.7323459
-0.28111327	0.46131727	0.10171378	-0.51246667	-1.4164504	-0.71322453	-1.8738075	0.8301698	-0.3150463	-2.1092303
0.6708146	0.606933	0.6911488	0.46846777	-0.41919014	1.0527608	1.2333444	1.7279718	1.2579159	1.2229095
-0.24268398	-0.29930642	0.25900596	-0.42066497	-1.5021908	-0.41467935	-0.9612108	0.32077128	-0.5305655	-1.4207004
2.4892974	0.5569444	2.3882859	2.208927	-0.72861207	1.522016	-0.07467264	1.0593913	0.92060655	-2.6412747
-0.4598824	1.7219315	-0.010928705	-0.7908875	-0.88501	-1.0131731	3.0078886	-0.1160738	0.051384293	-1.0150238
0.694199	1.4062136	0.84797883	0.36141634	-0.81927776	1.8355691	1.9047394	2.02878	1.2045867	-0.5909127
-0.04998175	0.060452074	0.3761052	-0.23597288	-1.3212371	-0.11402448	0.13833568	0.5532686	-0.58762705	-1.2224662
0.7589672	2.251527	1.0353771	0.35476315	-1.2977884	-0.5422733	1.7472875	0.20465182	-0.0792326	-1.7673786
0.598599	0.77812576	0.9805709	0.41737962	-1.0797656	0.5108843	0.9943644	1.4945085	0.69207156	-1.321755
1.6127754	3.5802972	1.7669575	1.2463793	1.9997658	1.1873366	3.5498624	1.6621855	0.712937	1.7157947
1.7825737	4.0250316	1.67833	1.3567443	0.3170409	2.4012952	4.5685916	1.6240144	1.4600523	-0.58526736
0.59926397	1.0997956	1.1420727	0.3948654	-1.0451531	0.68904245	1.1877252	1.3006018	0.51417524	-0.63745546
0.88782126	0.76825464	1.3803415	0.6535449	-0.93356335	1.4012556	1.397394	1.9208523	1.1353618	-1.2039264
-0.2656244	-0.27398142	0.051026016	-0.49598473	-1.6924515	-0.47596043	-0.72249156	0.13601354	-1.5138205	-1.9162399
0.49096373	0.4043201	1.2331573	0.2838356	-1.3709084	-0.29148424	0.18004964	0.37501183	-0.18886459	-1.3423685
-1.1925904	-0.13555795	-0.47035846	-1.3164423	0.07510537	-0.92942566	0.4603268	-0.017798478	0.41278115	0.18997589
-0.30823338	-0.15231295	0.0023161322	-0.44685775	-1.1200022	0.20107435	-0.13421308	-0.104969114	-0.056255132	-1.6105614
1.3435384	0.7112417	1.5107398	1.0657153	-0.9191836	2.19688	1.2993401	2.5322678	1.6813787	-0.811848
0.7242185	-0.7794273	0.8586682	0.53715736	-1.2756909	-0.39007667	-0.38227117	-0.36733413	-0.69905335	-1.4617578
-0.46782652	-0.61823815	-0.20737684	-0.49734813	0.4241304	-1.4422736	0.36761665	1.1627373	-0.6770134	0.31153607
0.023307241	1.2813715	0.19552395	-0.24688813	-0.24197198	-1.0759689	-0.46109396	-0.8970465	-1.1769325	-2.2665951
-0.6227413	-1.7987287	-0.30135378	-0.6124578	-2.4039195	1.0454668	-0.5463795	1.1290222	0.76508653	-2.0403488
0.39861232	-0.011519194	0.9044601	0.15804596	-1.4490601	1.2432573	0.21859306	1.6127145	1.5599333	-1.5952523
1.1535469	0.74633515	1.6674385	0.755435	-1.0843451	1.6028327	0.7477393	1.7079325	1.0184358	-1.5949563
-0.007653497	0.38178387	0.3172592	-0.24270315	-1.3535695	0.108935885	0.53063136	0.37858957	-0.51590437	-1.4762598
0.8740298	1.0713515	0.798453	0.6902182	-0.3802349	1.8167201	1.656907	1.4598477	1.86386	0.4639706
-1.1751609	-1.3387957	-0.6722294	-1.2069092	-1.2007321	-1.1990569	-1.6549022	-0.8213832	-1.0195265	-1.1462893
-0.37024936	0.6185876	-0.07742366	-0.61923045	-0.50729	-0.78608644	0.35811156	-1.0272009	-0.96088356	-0.9964607
0.7891408	2.4732075	0.47270912	0.5167339	0.9832525	0.38890746	2.784195	-0.12532572	-0.43995944	1.7336268
-0.38686475	-0.79417515	0.17884874	-0.50017405	-1.9931039	-0.8774619	-0.49722624	-0.8554278	-1.1798103	-0.23165049
0.28688776	0.17322305	0.9034296	0.15948944	-1.2263637	0.502376	0.8784603	1.5948892	-0.33724338	-0.22893876
1.2994746	0.6386653	1.5918428	1.1037441	-1.3555274	1.3817099	0.9000545	1.9003843	1.0616337	-1.4873927
-0.24887857	0.297321	0.42846528	-0.47953445	-1.6159211	-0.3872543	-1.0537652	0.551865	-0.08986102	-2.5764484
0.61830544	0.6880971	1.283872	0.38608176	-1.1902903	0.5370787	1.3463786	1.1085567	-0.062314015	-1.0899496
0.79851747	1.7852986	0.8977674	0.4947399	-0.5824876	0.18688118	2.1988213	0.60554516	0.78013426	-0.85884845
0.74380714	0.66707313	0.9429898	0.4807909	-1.2535716	1.2885014	2.039594	1.8528762	1.5874891	0.4872503
0.02439975	-0.27138674	0.33608523	-0.1437959	-1.3625079	-0.8913966	-0.29078516	-0.20319842	-1.284696	-1.5571438
0.26596507	-0.12498468	0.54537535	0.08934568	-0.87562096	0.065653056	-0.68859416	-0.5016584	-0.4573651	-0.9364834
0.2764742	-0.010625064	0.6009229	0.077228114	-1.1829144	0.10683769	-0.9645426	0.3727148	-0.40152857	-1.7889336
0.63700205	2.9125974	0.8202758	0.22625394	0.079363585	0.8549712	3.1909063	1.8823744	-0.004302118	-1.0499909
-0.28113702	-0.29377523	0.24998188	-0.445827	-1.339098	-0.47323644	-0.025671931	0.01265444	-0.7252995	-1.0506189
-0.889907	0.31859466	-0.409942	-1.1255136	-1.3000506	-1.0405903	-0.15445015	0.01980461	-0.4335659	-1.2553841
0.20787612	0.47503623	0.6709951	0.012091696	-0.94082165	0.4242118	0.9583393	0.9547481	0.24527638	-0.96862525
1.4688901	1.2449857	1.7613357	1.202295	-0.4036255	0.42822394	1.4513433	1.0329945	0.19426154	-0.71273845
0.34596208	0.83875644	0.55463344	0.17519052	-1.3282907	1.0010017	2.16183	1.4274763	1.0581689	-1.0486184
0.24296558	0.7923237	0.5016295	0.08400138	-1.2349894	0.60004944	2.1272616	0.7574157	0.84686273	-1.0472065
0.7250147	-0.51891625	1.0119084	0.56832695	-1.1935601	0.13972656	-0.43456888	0.9244935	0.62215805	-1.866701
0.38486183	1.1047518	0.74643517	0.1430342	-1.0380683	-0.3097216	0.6166027	0.8065197	0.0049970006	-1.8977115
0.6889339	-0.24952775	1.2629291	0.52313375	-1.1327338	0.9569276	-0.25666606	0.65043014	0.6552783	-1.1534463
-0.6368629	-0.6324945	-0.1413264	-0.80928534	-1.3957361	0.72639763	-0.45140672	0.9537462	0.7342347	-2.1718428
1.312718	1.2841067	1.3648897	0.97380805	-0.778409	0.8650452	2.1057088	0.6906139	0.4377694	-0.8438207
-0.102316715	-0.34817618	0.46985972	-0.29287398	-1.4087061	-0.7374023	-0.37914845	0.8020664	0.055131786	-1.8547477
0.65996456	0.3299372	1.2911992	0.4989975	-1.1274707	1.7483008	1.5486904	2.279496	1.7480334	-1.1301885
-0.22948101	-0.9813497	0.29532942	-0.37015778	-1.2202398	-0.19146645	-1.1779191	0.6031509	0.13034151	-1.2376425
1.2385869	2.0230236	1.3872188	0.82346165	-0.59152734	1.7218283	2.8325126	2.3597386	1.3537877	-0.90218955
-1.1264385	-1.0997611	-0.60009396	-1.2212405	-1.2963805	-1.7260848	-1.2958894	-1.5265297	-1.9146837	-1.7316434
0.2902849	0.0059176534	0.7726574	0.13685907	-1.1162288	-0.19849089	-0.39359972	-0.03838958	-0.25053278	-0.7064424
-0.7056582	0.357973	-0.20804477	-0.9668775	-0.89663327	0.33583924	0.6828223	0.65205485	-0.6472661	-1.0093253
0.22128972	0.8310673	0.77926135	-0.055284858	-1.4200492	0.16653119	-0.09771734	0.7510576	0.08996822	-1.9642437
1.0046338	2.0320055	1.3256168	0.7717203	-0.21300413	0.2677303	1.490675	0.68003756	0.65259665	0.043404166
1.5766423	2.7564528	1.9182583	1.0931664	0.73221254	0.686878	1.6842902	0.74085027	0.73300964	-0.36462486
-2.2168155	-2.1182086	-1.407197	-2.1141367	-1.5230576	-1.9873178	-1.2070003	-1.0778666	-2.0216615	-1.4812548
-0.12293676	-0.820115	0.377479	-0.24114026	-1.5314789	0.24285959	-0.5850587	0.48445612	-0.15603134	-1.3588763
-1.0125096	-1.4150008	-0.09223825	-1.0455374	-2.2637753	-1.2613753	-2.026182	0.017308338	-1.011399	-1.7178384
0.027810715	0.3833587	0.20764421	-0.13331655	-0.43568638	0.39708236	1.7324084	0.15661046	-0.66849035	-0.48384902
2.3222868	2.712373	2.2617965	1.7896863	-0.67799556	0.7661784	3.29917	0.2667748	-0.78776413	-0.75332403
0.33084527	0.048850417	0.7634258	0.10352458	-1.0723598	-0.15372366	0.036499072	0.044487447	-0.70695966	-1.5472456
-0.6756332	-0.88597345	-0.22134668	-0.76143116	-1.1616522	-0.532547	-0.89915544	-0.1693404	-0.59173006	-1.3497672
0.51468366	0.5491576	1.0480396	0.2976268	-1.7674696	0.8626432	0.21515985	1.289426	-0.1788862	-1.9287864
0.020170607	0.17849895	0.31369328	-0.14293975	-1.1028191	-1.153831	-0.7634952	-0.58974165	-1.9364904	-1.0938666
1.1609942	0.9870057	1.6122335	0.90135515	-0.5619709	0.38464954	-0.106291085	0.6829299	0.085593216	-1.2102599
0.44826004	0.37680057	0.9998975	0.30384398	-0.7502913	0.79529077	1.0141076	1.4729525	0.58673155	-0.40301484
-1.2918552	-1.3973962	-0.7842535	-1.2913418	-1.2704045	-1.868394	-2.1328804	-1.5724273	-2.0273795	-2.0873737
0.38812268	2.7807167	0.43333676	-0.06765315	-0.34788567	1.7374719	3.5923638	0.9949657	0.45478436	-1.2448704
0.07849791	0.52145994	0.3102652	-0.1781557	-1.7159253	-0.14613979	1.2431594	-0.09082946	-0.03595269	-1.5757872
0.7093401	0.2850056	1.2947953	0.50102425	-1.3699257	2.408863	1.4273738	3.000512	2.2929327	-0.9996349
1.7054375	2.112356	2.135432	1.356893	-0.74420667	2.0203073	3.149016	2.6098611	2.0059507	-0.63414097
-1.22862	-1.3471369	-0.7404307	-1.2467276	-0.97498834	-1.4949582	-1.9669511	-1.639936	-1.8979377	0.021846827
3.3355863	2.0116167	3.4081624	2.9098663	-0.4188077	1.9889549	0.88056517	2.060385	1.4152993	-0.9590662
1.03168	-0.4312443	1.2136129	0.7128681	-1.5098128	1.7218614	-1.068382	1.6723933	0.89170223	-1.6091774
-0.9786518	-0.8760232	-0.5562643	-1.0733478	-1.0952156	-1.535384	-0.80505574	-1.6525966	-1.8887901	-0.8024271
-1.6149408	-1.5633913	-1.0982729	-1.5623822	-0.6650506	-1.9616756	-1.6444465	-1.9151835	-2.0678627	-0.94399166
0.52558696	-0.34453487	0.759555	0.4168064	-0.60960853	1.7902483	-1.149662	-0.8996106	2.0423262	-1.1816462
1.1550261	-0.8240824	2.2383413	1.0604981	-0.88365626	-0.48506203	-1.2625331	0.71577024	-0.60197204	-0.41048273
-0.6602457	1.9852431	-0.6299584	-0.917567	0.16744372	-0.91274804	1.3558481	-0.3390877	-1.5456786	-0.6731284
-0.3191006	-0.605719	0.20196012	-0.42703605	-1.3225508	0.49974424	-0.5692452	0.7891162	-0.03423131	-0.39574808
0.47383508	0.18786475	0.9108337	0.2958489	-1.4111767	0.45030826	-0.57213295	0.6283755	-0.21075709	-1.4216298
1.8553739	1.838269	1.8877486	1.5760531	-0.2961694	-0.06714514	0.9315026	1.2235216	0.062782995	0.076410055
0.22418898	0.58721995	0.5944424	-0.00029878318	-1.3206606	0.16008295	0.81998247	0.8484657	0.502978	-1.42324
-0.36164176	0.56082344	-0.2094092	-0.5628249	-0.778438	-0.76968616	1.976385	-0.93757814	-0.7313742	-0.6466518
-0.57025343	-0.8763745	-0.15887532	-0.6876289	-1.7181231	-0.65519947	-1.0880346	-0.28508037	-0.39194062	-1.6542826
-1.4304543	-1.3386728	-0.93185353	-1.4464613	-1.44813	-1.586146	-1.1784637	-1.1438428	-1.7205999	-2.2551672
3.0667567	1.7814131	3.1100967	2.8089197	-0.8662119	1.7653162	2.3869255	1.4728715	1.630478	-0.7655351
-0.5521199	-1.2463379	-0.041739047	-0.67471313	-1.4194033	-1.5626646	-2.2656863	-0.3862185	-1.3352424	-2.1112838
-0.123634025	-0.58200884	0.30964234	-0.26254213	-1.46546	-0.37070978	-1.3637694	0.4514789	-0.86515844	-1.3469242
-0.052182116	-0.65643597	0.16937384	-0.26827872	-1.4165363	0.17087662	-0.3273285	-0.06625011	0.12964854	-1.7875286
-1.1556022	-1.3185818	-0.71206284	-1.1577203	-1.1532178	0.20173952	-0.39109412	0.55664384	-0.44153666	-0.6575344
0.9510712	2.575734	0.75398195	0.5853672	-0.07117826	0.40354612	0.14414655	0.22231269	0.1654502	-1.0916822
0.2665262	1.8889976	0.42327434	-0.020570964	-0.36990798	0.60538733	3.9760053	0.628993	-0.21964023	0.06076234
0.50904363	-0.26651427	0.6729311	0.41207182	-1.546724	0.7317347	-0.4099752	0.91605216	0.57675993	-1.2241122
-2.1474724	-1.9417677	-1.4199787	-2.031901	-0.53890395	-1.8519876	-1.2373575	-0.47246557	-1.8696585	-0.8585596
1.7337333	1.354552	1.9340687	1.4008819	-1.1390003	2.1630914	0.09881021	2.7812934	2.1818576	-1.4021068
-0.5456314	-0.83888113	-0.15792385	-0.54072267	-0.84365135	0.39111236	-0.6773208	0.035022322	0.8002932	-1.2068545
1.967431	0.30909786	2.166685	1.6289394	-1.2786063	2.3798509	0.20896262	2.3890913	2.268951	-1.1914532
-0.6761652	2.2414362	-0.68141377	-1.0039712	0.54673433	1.7076986	3.5711198	1.6102374	0.9350319	1.4775921
-0.778166	-0.74009705	-0.3585181	-0.8217147	-0.906844	-0.30124974	-0.022505013	-0.11495666	-0.5963001	-1.4339043
0.6974891	2.2461076	0.8429735	0.3824647	-0.5421497	0.87255245	1.8164839	1.2025244	0.07716658	-0.93719983
0.3962522	-0.043444157	0.8447406	0.17778425	-0.80909896	3.2572277	0.6484638	4.1732464	2.0372322	-1.0884991
-0.41564226	2.2143261	0.109484136	-0.8356945	-0.7787194	0.3014092	2.786593	0.6193767	-0.19313386	-0.88300675
0.37198147	0.6645051	0.88135123	0.15362026	-1.0946175	0.18754217	0.55534774	0.6377271	-0.33134148	-1.1498597
0.16317776	-0.03440413	0.6795037	-0.011313245	-1.4403996	0.06976045	0.82790715	0.88869685	-0.35365734	-1.5774292
-1.8207362	-1.8458365	-1.198505	-1.7670358	-1.2058395	-1.3668681	-1.2562729	-1.0021197	-2.283944	-1.3419162
0.9507583	2.1032476	1.0278348	0.64266634	0.016627103	-0.138051	0.68703604	0.47922376	0.081941135	-0.5860759
0.37756494	0.5284319	0.9753598	0.19263355	-1.1014328	0.52021503	0.4882784	1.5022632	0.70878077	-1.1435313
-0.29077426	0.2716309	-0.28193966	-0.43012768	0.5003278	-0.4701093	2.273668	-1.3450739	-0.64813477	1.2821656
0.11331191	0.27745226	0.88124	-0.080537274	-1.1912862	0.09506445	0.21761112	1.0368	-0.6002288	-1.0193698
0.032827184	-0.7418716	0.6262851	-0.15885377	-2.1854007	0.07039014	-0.36869812	0.65734273	0.29680914	-2.210048
0.6098898	2.11144	0.7260077	0.35029495	-0.21309482	-0.09080566	1.6706486	-0.4802561	-0.29251716	-0.85497946
0.8740801	0.7162955	1.2008421	0.6485139	-0.6603595	-0.19661929	-0.26929048	-0.6243157	-1.3341138	-1.2669119
1.7539192	0.77610314	2.2669182	1.4636476	-0.778074	0.6799375	0.8532195	1.1420804	0.48971155	-0.77357656
1.0935488	0.09861621	1.9313263	0.89868927	-1.1837959	1.00951	-0.6466468	0.9010799	0.41982722	-1.196987
0.2214314	0.8743955	0.7027714	-0.08007075	-1.6173471	-0.34787214	0.9163296	0.6051829	-0.5137625	-1.8318987
1.9792823	1.5211923	2.212516	1.6986613	-0.36667284	0.5229433	0.40433276	1.2133139	0.3891892	-1.4952298
-0.10321549	-0.6982323	0.3782568	-0.15503992	-1.1032358	-1.0141184	-1.5980779	-0.31090656	-0.7110498	-0.96746737
0.3756435	0.11536497	0.86079454	0.25193447	-1.0601153	0.17632551	-0.40660167	1.7842133	0.93769646	-2.3707306
0.5726909	0.89389074	1.1338727	0.33841777	-1.0891302	-0.36380714	0.5283937	0.95870066	0.41608927	-1.1717519
0.015259795	-0.51338464	0.50508773	-0.102156356	-1.3633648	0.5952531	0.4810915	0.71274173	0.7011644	-0.9288771
0.383277	0.6096107	0.60403174	0.17158611	-0.9129362	0.12511218	1.4706112	1.052469	0.63189465	-0.9732501
0.13170645	-0.42277828	0.40189612	0.026011929	-0.6223905	0.32047763	-1.0244669	0.5469055	-0.39703417	-1.4764242
-0.802548	-0.74610484	-0.3289388	-0.8834598	-1.2875426	-0.73364586	-0.66948736	-0.47294465	-0.29351196	-1.3124002
0.82132083	0.4396263	1.5687706	0.49518842	-1.4648854	0.7373214	-0.07366041	0.5420396	-1.2198658	0.20066518
-1.0280619	-1.3942201	-0.425495	-1.0866997	-0.37706494	-1.3881894	-1.6865659	-0.7788812	-1.4076293	-1.1589922
-1.8810052	-1.8629818	-1.2838868	-1.8056282	-1.5133535	-1.8547652	-1.4400574	-1.2340426	-2.0471003	-1.5035665
0.6412777	1.2406414	0.88714635	0.4212556	-0.89758265	0.23242906	0.21982409	0.6309365	0.26804012	1.6074616
0.5670053	0.91774726	0.8838409	0.39217198	-0.17666776	-0.08272998	0.29188478	-0.19148707	-0.18227117	0.7855076
1.8447245	1.2585635	2.308026	1.5860776	-0.778864	1.0935211	0.91985685	1.3273273	0.9264441	-0.89329547
1.1997122	1.0546774	1.4959159	0.9733819	0.062119365	1.7978828	1.8454515	2.392988	1.6453092	0.708345
2.248431	1.324852	2.4221184	1.9724529	-1.5504649	2.214551	0.83808863	1.079766	1.4465989	-3.873231
1.1326567	1.1753286	1.3465631	0.817441	-1.1745688	1.4954991	1.3072389	0.98580176	0.91379464	-1.0747069
-0.19277477	-0.21107215	0.17046054	-0.34168583	-1.22506	-0.35206735	-1.0924952	0.44249675	-0.67715955	-1.848113
0.8674124	0.5549073	1.0144371	0.6720533	-0.5893193	1.5838617	0.77287775	2.2111218	1.019677	-1.2572721
0.6934132	1.6986401	1.1958648	0.40057003	-1.1171037	0.94017357	1.6908118	1.3780044	1.0826734	-1.3987374
0.20892403	-0.78112876	0.6541092	0.11031504	-0.78753847	0.31549597	-1.5248828	0.6104794	-0.37927237	-1.1182066
1.7795142	0.7073797	2.1031983	1.4784368	-0.8577358	2.314712	0.47506124	2.6298742	2.4669137	-0.5178073
0.052282512	0.06670135	0.18872368	-0.010373935	0.5637802	-0.5905752	-1.8229129	-0.66983813	-0.30705205	-0.4483201
0.39455312	-0.32744557	0.87553537	0.16981266	-1.8363361	0.62943107	-0.7121499	1.0483062	-0.21986574	-3.0715182
0.11332869	0.7011061	0.62590253	-0.13579212	-1.2931356	0.6770738	-0.57174873	1.4424181	0.9465989	-1.6027994
0.3775293	-0.096925095	0.78065956	0.23576312	-0.9789158	0.8764199	-0.45751	1.1248099	0.39324352	-1.292991
0.4204828	0.3483396	1.0115869	0.2703333	-0.24731302	0.7932972	0.35622945	1.5441085	0.3771478	-0.019542292
-1.0427488	-0.98280334	-0.55337846	-1.1092039	-0.98448265	-1.4937271	-0.785169	-0.70441556	-2.015338	-1.6986576
0.7272584	1.5134081	1.2192451	0.54585695	0.27014944	-1.6361566	-0.45783642	-0.25842676	-1.4865028	-1.8675302
-0.07178081	0.0016439259	0.23709223	-0.112759516	-1.0350281	-1.0687792	-1.2162825	-0.950857	-1.9854004	-0.37453687
0.26582906	-0.8498237	0.90807784	0.084667966	-1.1763632	2.3536859	-0.57368016	2.3688781	1.7997209	-1.3034344
0.9066938	2.138486	1.0970474	0.6405177	-0.5427655	0.2573709	1.2200078	0.67185986	0.09250509	-0.44026282
0.03767021	0.8067908	0.26625043	-0.19895807	-1.0742346	0.7520079	0.8625863	0.8750972	0.29082626	-1.5570931
-0.03306725	1.0604634	0.3289125	-0.2717633	-1.1503559	0.35309184	1.5128393	0.586489	0.10363919	-1.355997
-0.43785593	-1.1603498	-0.15577805	-0.5102217	-1.7662612	-0.81336826	-0.62348866	-0.566317	-1.1705315	-0.5050553
-0.38052464	-0.31183875	-0.16216025	-0.48880333	-1.1689678	-0.32742324	0.90382195	0.5519273	-1.8486034	-1.1520326
-1.225771	-0.58122015	-0.83454955	-1.3540689	-1.6149142	-1.1237864	1.2637898	0.030135915	-1.375554	-0.59730065
0.58400404	-0.14157128	0.7326727	0.3738792	-1.1034257	-0.22517517	-0.5094153	-0.14646445	-0.485654	-0.9539022
0.34690878	0.6663022	0.75607586	0.14377697	-1.1418198	0.3179226	0.020267135	0.23564541	0.33073992	-1.9379101
-0.37767646	0.27145293	-0.019978344	-0.62033296	-0.4996343	-0.5537903	-0.9429008	-0.2290838	-0.6310818	-0.7188758
-0.23043272	-0.8250997	0.27595198	-0.32425308	-1.9278994	0.89678586	-0.2528874	0.33758742	0.27273947	-1.3836832
1.7637603	1.4849032	2.04501	1.3784767	-0.96177137	1.6730162	2.605598	2.0172744	1.4638498	-1.0047712
-0.24693316	0.4240634	0.20967993	-0.46333808	-1.0773524	1.7990206	2.091832	2.6064713	1.8827941	-1.206742
-0.46818578	-0.40604973	0.025025994	-0.6380989	-1.6159772	-0.8815712	-0.30900612	-0.55232906	-1.338467	-1.597008
-2.4426737	-2.2387621	-1.6580737	-2.360036	-1.4795878	-2.2311704	-2.2989223	-0.97140867	-1.9372476	-1.1436664
1.7236857	2.6640708	1.634523	1.3725362	0.30313697	2.5398934	3.158711	2.2701998	2.448903	-0.42258316
-0.4789258	-0.74472	-0.14173812	-0.6097611	-1.4985727	-0.5792694	-1.033039	-0.43395433	-1.464742	-1.6649787
0.21277976	-0.39157552	0.6038351	0.10113715	-0.87601006	0.2328833	-0.6313725	0.29755515	0.19193512	-1.215597
0.103900395	-0.902254	0.4209284	0.014902696	-1.1949519	-1.4974371	-2.0849552	-0.8693138	-1.13179	-1.4781435
0.5622573	0.12318453	0.782163	0.30065775	-1.352532	0.68437004	0.44596794	-0.08004601	0.7871577	-1.6509064
-1.83161	-1.8963755	-1.2790827	-1.7667726	-1.5363467	-1.9673842	-2.3338852	-1.8880368	-2.3279355	-2.3362932
-1.1497524	-0.6524224	-0.71811175	-1.2635809	-1.2274331	-1.1371185	-0.9554484	-0.87203515	-1.4829001	-1.3077617
1.5961608	3.8665097	1.4074727	1.0615544	-0.258757	2.3909407	3.7804377	0.9314622	1.1665022	0.6987474
0.5773048	0.4622294	1.2326636	0.46458554	-0.801185	-0.08561327	0.053521134	0.55818677	-0.23516878	-1.0788807
2.3510005	1.9959004	2.4513574	2.0144527	-0.43261418	1.5181304	2.6816356	2.2590733	1.7187337	-0.9254884
-0.02708219	-0.17765234	0.41520125	-0.20486836	-1.414935	-0.25806075	-0.36888757	0.94511735	0.08634697	-1.5484346
0.56803966	1.1679602	1.1281565	0.29171634	-1.2030267	0.61911005	1.1621774	0.74138045	0.5633009	-1.1281441
0.034589864	0.29137567	0.42182767	-0.112283364	-0.82591057	-0.20779404	-0.70849586	-0.0643009	-0.5124975	-1.3977976
0.5855087	2.6289322	0.69890547	0.0688609	0.10346082	1.6326872	3.6321445	0.79798716	0.6932137	0.2400701
-0.94363797	-0.15976375	-0.65897024	-1.0237881	-1.0238683	-1.4890871	-0.9084073	-0.57732195	-1.913245	-0.92562276
0.14839578	0.8149922	0.5606152	-0.095639035	-0.80748224	-0.26393378	0.5936034	0.4195085	-0.19929989	-0.3637791
-0.09728425	-0.73960125	0.52331686	-0.18332244	-1.8654426	-0.05393762	-1.0035201	0.025798975	0.32934362	-1.7849596
-0.15244558	0.81628335	0.2611922	-0.43376923	-1.1310084	0.19296955	1.3448601	0.5960393	0.25112173	-1.1925675
-0.76643115	-0.585387	-0.48550007	-0.7751178	-0.44474623	-0.65116006	-0.45070934	-1.0980939	-1.8564875	-0.2888666
0.6134983	0.2511107	0.8625108	0.37112308	-1.3187412	0.8831857	-0.42786804	1.1449655	0.7080019	-1.4801408
-0.22185484	-0.6267061	0.24242589	-0.28517544	-1.1803861	-0.0005810614	-0.9481434	0.45761028	-0.17779955	-0.998551
0.071056135	0.5940515	0.41842186	-0.14374077	-1.0079057	-0.1888631	0.4665813	0.40283892	-0.11327913	-1.4162629
0.80003905	1.1391096	1.1370529	0.60984147	-0.9758681	1.0138195	1.7860299	1.1616962	0.5787843	-0.90670377
-0.3937366	-0.23946774	-0.077807695	-0.44131953	-0.31155443	0.2944871	0.42408985	0.69387984	0.27903	-0.2107151
-0.15417543	-0.7751448	0.3496301	-0.24385484	-1.2826066	-0.4693934	-1.2989029	-0.023251623	-0.5698801	-1.6493337
-0.41630632	-0.7117741	-0.0064100027	-0.44491172	-1.0641953	-0.7787956	-0.12873702	-0.04016132	-2.1390584	-0.8177934
-0.163546	-0.54777753	0.38745722	-0.31810784	-1.4853741	-0.15601057	-0.097435	0.82545096	-0.9366954	-1.9359859
1.1084639	2.5359328	1.3556604	0.7985668	-0.090709895	4.0309453	3.459496	4.4443216	3.0056376	-0.8270031
-1.0386002	-1.0880358	-0.65697443	-1.0531511	-0.7069682	0.7003724	0.15408294	0.062389962	0.3845451	-0.7606873
-0.89882076	0.9500735	-0.7430513	-1.1994152	-0.73622614	-2.1634815	-1.7021989	-2.3731463	-1.7874756	-2.3346627
1.5315559	-0.2864989	2.0837343	1.2190418	-1.5950073	2.094451	-1.6825686	2.6909113	1.0510479	-3.526212
0.48206285	0.39600143	1.0851837	0.31295598	-1.2974851	1.321147	0.2135555	2.2111003	0.7699162	-1.2394652
-1.450016	-1.4872009	-0.9752475	-1.404173	-0.9360173	-2.03014	-2.1230247	-1.4820246	-2.4125159	-1.4122295
-0.2345371	4.155979	-0.14487389	-0.7707557	-0.4677027	-1.0434825	3.306408	-0.41140428	-1.7159224	0.9013739
-0.1202609	0.7706164	0.18108436	-0.34386718	0.267139	-0.74266154	-0.038582206	-0.33450183	-1.0683043	-0.20945531
0.69046044	0.859594	1.1337663	0.45915073	-0.9632127	1.2558181	0.5146216	1.6219585	1.3073972	-0.8404099
-0.6117097	0.18420812	-0.15954968	-0.72774655	0.15962681	-1.2368323	0.07496465	-1.3426999	-1.1471925	0.43376642
-1.058298	-1.1620593	-0.52698016	-1.048724	0.3302419	0.17121671	0.20232564	0.6718298	0.009896504	0.48424456
0.34607577	-0.3413844	0.90693283	0.18090324	-1.661331	1.5310367	1.3830928	2.0640728	1.3448168	-1.6764545
2.541203	1.7995858	2.8237698	2.156068	-0.52857447	1.7527351	3.1330235	1.6692758	0.5934095	-0.1976601
-1.0043124	-0.06984511	-0.60295224	-1.2149546	-0.99238694	0.38367373	1.2499862	0.5596587	-0.7874755	-0.8501687
0.6220013	2.3213744	0.9716964	0.31482285	0.040791214	0.8290349	1.9434446	1.6271214	0.50736904	-0.5521
-0.40141457	-0.46351236	0.0195598	-0.4628132	-0.21546295	-1.1003561	-0.69638294	-0.46314058	-1.1266127	-1.8429734
0.1415714	2.5744712	0.66634715	-0.17844652	0.44832805	0.7929916	2.7333055	1.5649489	-0.5354543	0.7153255
-0.9993636	-0.51101947	-0.62803924	-1.1002573	-0.757156	-0.9752429	0.056159873	-0.59718895	-0.33664048	0.17479835
0.57144	1.5351189	1.0795488	0.34949422	-0.606294	2.8429496	2.0063925	2.72729	2.1666188	-1.0521293
-0.5259022	-0.3994074	-0.21294627	-0.60599357	-0.8268328	-0.4918656	-0.17264928	-0.026353724	-0.6379046	-1.0942694
1.035857	0.6005542	1.2342343	0.7599195	-1.4237214	0.31542945	0.13372716	0.005572744	0.46981105	-1.3768762
0.035962515	-0.13101831	0.45538214	-0.049761385	-0.9852904	-0.020016052	-0.7982809	-0.22282965	0.19934744	-0.70407027
0.027635895	0.2737464	0.3668702	-0.1881363	-1.289611	-0.12778963	-1.0392085	-0.265425	-0.23488441	-2.3619525
-0.6717607	-0.82526875	-0.21642342	-0.78308177	-1.5991894	-0.6864078	-0.03030004	-0.9301634	-0.3996525	-2.0265017
-0.2938495	0.67190015	0.0150535405	-0.53274983	-1.3140628	0.12681933	0.94241136	0.57577246	0.21623337	-2.0297732
-0.52289027	-0.75569415	-0.11127308	-0.6245133	-1.3797022	-0.010954457	-0.71494704	0.21430925	-0.20793219	-1.596144
1.8324641	2.4848254	1.7795254	1.3848778	-0.2425527	0.9993284	2.2247276	1.2205818	0.38373876	-0.45694008
0.63423395	0.6346134	0.9933536	0.37749624	-1.253113	-0.17171852	-0.14966196	1.4099501	-0.92024153	-1.2432913
4.1656933	0.7880564	4.7552395	3.7713976	-0.4807484	4.7446837	1.81229	5.5405283	3.879476	-1.730119
0.85683215	2.8251982	1.4263332	0.49088144	-0.027443647	0.5082779	2.8319488	1.3901194	-0.17209187	-1.2534429
-1.4852538	-1.7528228	-0.9370867	-1.4808526	-2.0547702	-0.19577505	-0.32349005	-0.03654205	-0.5899493	-1.4436778
1.4944371	1.3506523	1.7234485	1.1946481	-1.3836232	0.31407607	0.32936776	0.73524034	0.39195314	-1.892476
1.7104448	2.106407	1.9143667	1.5116533	0.0018884242	1.0873997	0.5909519	1.1372945	-0.019665632	-1.031703
-1.0671502	-1.3169835	-0.43042418	-1.1505957	-1.7018424	-1.1647185	-1.0567842	-0.7931756	-1.3426875	-1.6169958
-0.020820774	-0.5532639	0.56539583	-0.0841067	-1.5670344	-0.28395358	0.90807664	1.9279153	-0.31281057	-1.7390873
-0.57219625	0.43782493	0.15611538	-0.86257976	-0.40271932	0.6745442	1.4312754	0.5435834	0.5418621	-1.0112963
0.7536949	0.63085616	1.165778	0.5678653	-1.089179	-0.16932146	-0.2284211	0.53846884	-0.40629804	-2.2389882
-0.086591385	1.2033287	0.21434532	-0.38432437	-0.9340786	0.5585385	3.0731702	1.0477701	0.03668779	-0.04374743
1.9470385	1.4203073	2.1565218	1.6322125	-0.8899367	1.5563194	0.733627	2.2900076	0.6506065	-1.6394346
0.39634612	-0.3893848	0.9899976	0.277748	-1.5347563	-1.198681	-1.3353021	0.38917977	-1.2296021	-3.244036
0.5404425	0.30684248	0.9554919	0.32596081	-0.61183125	-0.27928087	-0.5314291	0.047642488	0.40868318	0.02403245
-0.09859113	0.17467025	0.40788037	-0.2601124	-0.7248192	-0.1832122	0.5046997	0.14773911	-1.2522808	-1.1327697
-1.027678	-0.31413785	-0.7370075	-1.102029	-0.09030712	-1.5275043	-1.6854227	-0.46576527	-0.95923406	-1.6389062
0.4300909	1.2348441	0.5482478	0.14377873	-1.3399671	-0.42396617	-0.282389	-0.09636481	-0.78200305	-0.7707754
-0.23177463	0.2945918	-0.06401914	-0.34834462	-0.8473606	0.40095004	1.2417204	0.14572908	0.7078511	-0.63624316
0.4784164	0.70178246	1.3041757	0.23050888	-1.3565158	0.13904361	1.0342288	1.3177978	0.58863115	-2.4155536
-1.3814863	-1.2241085	-0.91466844	-1.4011482	-0.78009176	-1.9292129	-1.7830716	-1.5460968	-2.3216417	-1.0750824
-1.206855	-0.813612	-0.8287765	-1.2606876	-0.46779218	-1.7585452	-1.7571942	-1.3355328	-2.513043	-0.45676878
-0.91637784	-0.8080354	-0.4247026	-0.99902284	-1.1833161	0.5919941	0.2476978	0.82679135	0.3230159	-0.23943307
0.7114892	1.4677116	0.99150205	0.38743734	-1.2407752	0.003954175	3.8531141	0.74671614	-0.24616772	-1.0318165
0.95012444	0.052387446	1.3867222	0.71418697	-0.81184113	1.8854746	-0.1039033	2.293562	1.304142	-0.68746454
2.0610852	1.7646582	2.4431865	1.7070975	-0.22449252	2.8014557	2.027375	3.3161538	2.3955667	-1.1764934
1.2586868	0.59315443	1.5488368	1.0088179	-1.3762877	0.2748415	-0.025101908	0.83817804	-0.22063935	-1.6076314
-0.25814867	0.046637625	0.03957975	-0.38056433	-1.2341503	1.8635567	0.76029634	0.7922398	1.078341	-0.42793047
-0.59965134	-0.4333122	-0.17452544	-0.70730627	-1.4018234	-0.6418392	0.6269971	-0.09159901	-0.8853037	-1.7344812
-1.0875323	-1.3714936	0.048478156	-1.1615077	-1.296724	0.630604	0.52029586	1.1928098	-0.035820764	0.106048845
0.48589334	-0.09139994	0.9938787	0.34140086	-1.3707311	0.5091671	0.5750412	0.6073952	1.7801342	-1.4847354
-0.8602686	-1.1708958	-0.543578	-0.9277065	-1.9132512	-1.4449409	-1.841653	-0.82085747	-1.7799221	-2.3408403
-0.023594864	-0.037430465	0.5132035	-0.22259952	-1.7044313	-0.4446294	-0.8859562	0.16377693	-0.64484733	-2.21849
-1.0809609	-0.5062039	-0.5484649	-1.217806	-0.8276355	-0.75817585	-1.1139075	-0.4272317	-1.1326929	-1.0949773
0.66239303	0.4742134	1.1872687	0.47775	-1.190997	0.99761856	1.0535195	1.9168898	0.07201299	-1.8105881
0.49367264	0.7952969	0.80139136	0.25396496	-1.0074667	0.6714574	0.3762783	0.7564369	0.65838253	-0.75921917
2.9053392	3.0645206	2.9899158	2.6168592	1.6867987	2.4251163	3.4726937	3.1755335	2.8560386	1.4051299
0.7108352	1.2364178	0.6932275	0.37572116	-1.2064055	1.0670985	2.6492457	0.46705043	0.18892466	-0.8204833
0.53235906	2.2208257	0.7505224	0.17188455	0.02370575	0.2388947	1.6552566	0.3593954	-0.40499023	-0.01079129
1.8334023	1.2980567	1.9078479	1.5040276	-0.27018005	1.367604	0.62736297	1.094995	0.7953711	-1.0506194
-0.57259476	-0.909794	-0.072886914	-0.70585996	-1.3920901	-0.7468382	-1.5269872	-0.6269016	-1.1652662	-2.092055
0.84770787	1.765671	1.2373569	0.52340776	-1.01259	0.3329892	1.6244695	1.090693	-0.12559763	-0.9376028
0.06232425	0.013073638	0.50127	-0.08406714	-1.9294364	-0.22277802	-0.78383344	0.6723983	-0.19031146	-1.6473628
-1.6285536	-1.7399739	-1.0785149	-1.5979859	-1.5396665	-1.5313922	-1.4062313	-0.904538	-1.269938	-1.4855844
-0.7990687	-0.8934368	-0.33577505	-0.8524386	-1.2885191	0.3370386	0.38697997	1.1627679	0.21562077	-1.0269029
0.082566135	1.0692178	0.5130278	-0.100352675	-1.0435063	-0.12245088	2.2431433	0.9354258	0.63018453	-0.8552135
-1.7939606	-0.70528793	-1.014005	-1.8830689	-1.1523594	-1.5620073	1.307482	-1.3275139	-1.1976916	-1.3046595
-1.4058965	-0.9365319	-1.075685	-1.4838244	-0.6750994	-0.03645403	1.1603636	0.42349476	-0.049900692	-0.18006334
-0.9434716	-1.236495	-0.43826756	-0.9760221	-1.1612736	-1.8641038	-1.5327475	-0.76994616	-2.4438946	-1.2523905
0.24218369	0.33601895	0.7175653	0.033943728	-1.2097194	0.18999417	1.0736226	0.046256486	0.053359427	-0.94469494
-0.4002737	-0.89198303	-0.21057689	-0.5084413	-0.7069243	-0.88799995	-0.7803721	-0.63910264	-1.7468367	-1.0865186
0.6791627	2.3323238	0.94101214	0.22682975	-0.81801355	0.39729276	2.7058508	1.224295	0.028126236	-1.0719242
-0.4669613	-0.21530339	0.3884254	-0.47035646	-0.9901606	0.58625066	-0.11353681	2.09188	1.0264791	-0.6996957
0.27272058	0.44061235	0.5772003	0.031683505	-0.8540846	0.55245554	0.78251225	0.8767532	0.7477191	-0.7716219
1.3751978	0.8277285	1.8361746	1.1113669	-1.4654955	0.8643051	0.35830882	1.4188763	0.3742095	-0.009074746
-1.3694528	-1.9889139	-0.7296239	-1.4062985	-2.2025433	-1.4696101	-2.2779994	-0.44385046	-1.3890728	-2.2532003
1.1200497	1.5687366	1.5151012	0.8288686	-0.79564786	0.22265294	0.5699959	1.0215595	0.08369798	-1.223839
0.38749582	0.6431043	0.98142934	0.1822509	-0.982985	0.11923286	1.1656841	0.6124388	-0.4475731	-0.96615785
2.3178418	0.094572335	2.4315443	2.0957444	-1.1754383	3.3056347	0.21407185	3.7425268	4.074321	-1.6632165
2.2958422	4.114692	2.1816645	1.857322	1.3177521	-0.12169965	3.6076436	0.5861005	-0.5679695	-0.587541
0.11891734	0.6749853	0.6563096	-0.014117807	-0.63178515	-0.5544666	-0.4125417	-0.459596	-1.1816759	-1.047828
0.30646837	-0.17597714	0.58534145	0.15885769	-1.5038816	-0.37202463	-0.7690404	-1.1931633	-0.8372434	-1.9115037
0.29898706	2.0211756	0.72084296	-0.016979486	-0.6409273	-0.43534774	1.1754977	-0.59556866	-0.4132449	-2.3706222
0.214713	0.5185087	0.6255089	-0.042796627	-1.3474274	0.019515488	0.25887877	0.31099138	0.35296515	0.16340402
-1.5527061	-1.6452204	-1.0476352	-1.5153935	-1.6183044	-1.2281322	-1.1763885	-1.1558732	-0.62396735	-1.4379697
0.47895965	-0.25541076	1.0296462	0.29112095	-1.858242	1.7769241	-0.040457375	2.2855551	1.7852712	-2.2204301
1.5340631	1.7555656	1.6382171	1.2952414	-0.18615542	-0.17986815	-0.047282875	0.17202231	0.0012330277	-1.255415
-0.9166988	-0.55207074	-0.45170668	-1.0434062	-0.9279944	-0.31257004	-0.7217006	0.09146598	-1.419773	-0.6098366
-0.11391328	-0.58347464	0.340773	-0.32283938	-1.8787314	-0.13411681	-0.24963224	0.24922942	-0.7079597	-1.160145
0.7926782	1.5323014	0.6959269	0.44848084	-0.39504254	0.35035026	1.2529613	-0.54371357	-1.1605477	-2.0223181
-0.4235386	-0.44657862	0.32790333	-0.5942959	-1.494398	-0.97129834	-0.41160616	0.03285197	-1.4766159	-1.6640252
-1.2121506	1.4173287	-0.63195884	-1.3778015	0.6772791	-1.2441444	0.3336169	-0.6555996	-1.7473232	0.18799432
-0.33591136	0.9154812	0.1535196	-0.41610813	0.16782758	-0.17747629	3.1853158	1.0768337	-0.18090051	3.2074594
3.2304823	3.4678261	2.993108	2.789382	0.21913269	1.5665102	2.9859407	1.6790942	1.6174474	-0.75614274
0.06551316	1.873523	0.23478183	-0.28203225	-0.86720526	0.30583635	1.7523115	0.50885725	-0.29308593	-0.58795893
-0.70312345	-0.9319161	-0.21779788	-0.8143117	-1.2472385	-0.40574473	-0.99715376	0.025058454	0.3294685	-1.5370106
-0.16692668	0.3134074	0.2656984	-0.30496588	-0.99311996	-0.1701011	0.68806696	-0.9150539	-1.5417938	0.28395945
0.4283251	0.7287816	0.96776927	0.07506423	-1.2911954	0.2742965	-1.4017277	0.54404396	-0.87194246	-0.50225246
0.7263107	2.031069	0.8488027	0.43166983	-0.27585965	2.9554238	3.779006	2.490052	1.9877439	0.2975464
0.47387823	0.07861683	0.88551974	0.2615413	-1.2789595	0.5976296	0.12786667	1.0473866	0.8015035	-1.2945372
0.5633991	2.9535272	0.7766621	0.3087178	0.195191	-1.126074	3.7657583	-0.7133887	-1.3857503	-0.7419154
0.49808225	1.5646584	0.7560202	0.14967756	-0.9422561	1.1357833	2.4086587	1.1673583	0.66256624	-0.85782504
-1.7392913	-1.83029	-0.9934815	-1.7354803	-1.0604812	-1.0045116	-1.6805675	-0.12070659	-1.0373348	0.05263222
1.5041502	1.608787	1.8810956	1.1838655	-0.8304164	1.1656878	1.4491526	1.5756754	0.86080617	-1.167284
1.1696405	0.53986967	1.4772488	0.9644655	0.11979595	0.38512513	0.24537615	0.5721466	0.08960819	0.18270749
0.4888856	1.0494622	0.69782287	0.2303526	-1.0961964	-0.15304515	2.2743201	-0.00296406	-0.72065157	-0.7210773
0.85028225	1.516069	1.0074661	0.47952753	-1.1243136	0.08061889	0.7750187	0.07604297	-0.32101557	-1.1310198
-2.1372201	-2.1107087	-1.3765659	-2.0324185	-1.4062947	-2.2663832	0.31279302	0.23312663	-1.238488	-1.4051601
2.1473868	4.0387607	1.8134181	1.6373253	-1.0136707	1.9808384	3.840136	1.7016886	1.9501233	-0.66639704
0.65109026	0.34398457	1.3854331	0.43514943	-1.0896968	2.1818151	0.8484908	2.488894	-0.18987173	-1.5362947
-0.110254236	-0.52552867	0.34537527	-0.3014426	-2.1679797	-0.3236139	-1.1525712	-0.5530781	-0.674496	-1.9886023
0.19661725	0.23971164	0.73722035	0.15225391	0.52794206	-0.47589275	-0.87010974	0.9782275	-0.8248046	0.42564353
-1.4481221	-1.6477871	-0.8938674	-1.4823693	-2.220375	-1.5035247	-1.8044357	-1.2565734	-1.5443499	-2.077774
4.268665	4.957948	3.8897054	3.4694	0.4363776	3.6288126	4.3751645	3.2685132	3.7065535	0.50474554
0.120378725	-0.4220754	0.53344476	-0.025667742	-1.3974975	0.2684192	-0.75614405	1.9874145	0.35891536	-1.243006
-0.39543223	0.08176434	-0.08220509	-0.5888855	-0.98382926	-0.65166986	0.20211826	0.060927223	-0.70251304	-0.17061213
0.2337611	0.7666652	0.5823947	-0.062988386	-0.42956558	-0.9330049	-0.4973552	-0.7668443	-2.6953468	-1.432429
-0.3338513	-0.54820776	0.059081495	-0.33764696	-0.6115071	-0.12708007	-0.7974165	-0.035974156	-0.5369302	-0.9600534
0.16821513	1.2519474	0.6135846	0.019704908	1.1658655	-0.5979542	0.26650673	0.42600048	-1.5500858	0.0015773398
-1.2523252	-1.0991471	-0.79913485	-1.3514413	-1.735175	-1.6403089	-0.75486207	-1.0625017	-1.708773	-1.7202849
0.5712727	0.9942515	1.3432236	0.40188783	-0.5307187	-0.064455494	1.458701	0.52228516	-0.7126874	1.194673
-0.7687472	-0.14264408	-0.28092298	-0.9468842	-1.6475328	-1.3597742	-1.07269	-0.9166628	-1.8061105	-1.4531153
-1.2249272	-1.4052504	-0.8135387	-1.0963873	-0.97216535	-1.7338794	-1.367513	-1.7315875	-1.9261084	-0.834959
0.8193902	0.5200293	1.572542	0.6307287	-0.59623325	0.8419646	-0.33551165	2.104814	-0.2869122	-1.4645487
-1.5560337	-1.7402543	-0.90204966	-1.5909623	-2.792854	-1.0683402	-1.4765569	-0.6541157	-1.0673531	-2.3877149
-2.2408578	-2.1549711	-1.458947	-2.1675634	-1.3740346	-2.0895383	-1.8656672	-1.074387	-2.7779212	-1.4968779
0.7699804	0.2681307	1.3377652	0.6259381	-1.488903	0.062363416	-0.040481627	0.2263119	-0.20385009	-0.8251982
-0.4028061	-0.09161529	-0.089241296	-0.43802762	-0.46692815	-0.23541595	-0.9956008	-0.28550988	-0.10250072	-1.4408056
1.9754573	0.60984564	2.3985388	1.6462859	-1.4635642	3.5690093	2.3597333	4.154892	3.0187702	-1.0196794
1.9268337	0.37880066	2.3873088	1.616095	-1.5145904	3.9221148	2.442778	4.4277515	2.9552379	-0.3842909
0.06579884	0.7947247	0.24556717	-0.33345088	-0.6598462	0.030315202	0.6439544	0.2704167	-0.4754817	-0.6483607
0.78659594	0.47675475	1.5594606	0.55836105	-1.0102614	1.4820824	1.0859277	2.289276	1.4882249	-0.044178013
-0.90827703	-1.0157081	-0.4213002	-0.9772536	-1.351236	-0.6913316	-1.1293906	-1.0095472	-0.39687002	-1.2227166
-0.008120097	0.3244255	0.23159833	-0.2428311	-1.1989856	-0.68902665	-0.8178593	-0.28690317	-0.8532727	-1.7348168
0.71200997	1.5266577	0.94213986	0.440668	-0.49070826	0.3578992	1.1696343	1.0687193	0.13095264	-1.5005906
-0.80921084	-0.8459755	-0.24725774	-0.8831838	-0.763328	-1.6710033	-1.1767783	-0.48488262	-1.8836118	-1.4332298
-0.13698804	-0.6448349	0.314464	-0.28530765	-1.981937	0.12424075	-1.3071496	0.24548192	0.5032001	-2.1943586
-1.8643298	-1.8771651	-1.2544335	-1.8014327	-1.911084	-2.0236793	-2.560299	-1.5125556	-2.1385694	-3.1811695
0.08033522	0.18036216	0.4939016	-0.105999425	-1.277844	-0.639221	-0.123100944	-0.3018442	-0.7043891	-1.7265084
0.24830541	0.299471	1.0125932	0.07583873	-0.5987413	0.0452949	0.2806697	0.97744036	-0.636394	-0.6224165
0.68938905	0.25035942	1.223005	0.42777383	-1.7459841	0.33276936	0.1406838	1.1756353	-0.37424365	-0.90997684
3.480989	1.9940956	3.956779	3.1587057	2.2657099	4.061485	0.84942836	5.00206	3.7172613	1.4640433
-1.2558033	-1.3201654	-0.7409837	-1.2698542	-1.258019	-0.19162184	-0.8031081	-0.24633037	-0.5377587	-0.89167005
-0.8559026	-0.6679115	-0.03560403	-0.86450076	-0.56621385	-1.8765575	-0.17199883	-1.0325532	-1.9819967	-0.98202914
2.7219098	4.7927966	2.4743652	2.2132645	0.78632414	2.2876542	4.157796	2.2765613	2.0413435	0.19741087
-1.2229453	-1.4780518	-0.65354204	-1.2720561	-1.5406208	-0.9371641	-0.65273315	-0.27513662	-1.1084926	-1.9180053
0.80559	0.51055753	1.3426722	0.5896752	-1.6782414	0.53391045	0.6953121	1.2465227	-0.0694463	-0.5667521
0.8848358	0.37568	1.2273383	0.6424924	-1.423899	1.3998544	0.08437402	1.129429	1.0924505	-2.0526407
-0.8289344	0.04277602	-0.22575697	-1.0283417	-1.7314316	-1.1688902	-0.3833207	-0.5107953	-0.9718074	-2.3260872
0.4844918	1.2896066	1.0860863	0.13268872	-1.1451368	-0.10632386	0.24149898	0.47937688	-0.09433486	-0.3245781
2.2594573	2.4253218	2.2394729	1.9464467	-0.19277556	2.2071326	2.67008	1.7330482	1.5211663	-0.6768271
2.4847515	1.4480586	2.2692025	1.7717445	-0.48318836	2.7018008	1.5870883	1.8575733	1.6287252	-0.6029162
0.040222548	-1.1286149	0.59406173	-0.02372329	-1.3481439	-0.67062795	-1.482836	0.17816132	-0.5154531	-1.96015
1.6533972	2.455263	1.6185746	1.2424326	0.64456606	1.0390059	4.2189384	1.2628019	0.59053975	-0.056024272
-0.10508354	0.116671056	0.291389	-0.2876822	-1.1339189	-0.23152831	0.89285606	1.4347275	-1.1200473	-1.3739048
-0.45472988	-0.6675949	0.17138469	-0.6233436	-2.0856414	-0.06382114	-0.68316275	0.09756553	-0.39316636	-2.53104
0.812372	-0.1349939	1.4173337	0.57336515	-1.4528197	0.331158	-0.7665879	0.9626743	0.013281035	-1.9970847
2.482913	1.607709	2.540541	2.0918057	0.07097319	1.0304353	1.1008599	1.9613258	0.68171936	1.1766149
0.16084957	-0.14043273	0.51446664	0.00078965724	-1.2303789	1.2209606	-0.0075489627	1.1123401	0.5905132	-1.1184648
1.9023887	1.3473349	2.2885096	1.6210394	-0.8929572	1.6181686	1.3406621	2.1259136	0.94620985	-0.71219873
-1.7500387	-1.8185482	-1.1638209	-1.7105242	-1.4266003	-1.7601287	-1.7626005	-1.730357	-2.2997909	-0.8649855
-0.12350444	-0.13373655	0.38236192	-0.31528622	-1.2469602	-1.0774632	3.3496048	-0.68996996	-0.52499795	-0.35672206
0.41361296	0.8646455	0.96820927	0.16717263	-1.3904958	0.79721814	1.0334903	0.59881413	0.28508654	-1.2928598
-0.22892335	-0.6190807	0.35326147	-0.35021418	-1.4289638	-0.017131874	-0.942382	0.4164122	-0.37183496	-2.098405
-2.37042	-2.140676	-1.638314	-2.27213	-1.5715294	-2.6188712	-2.1760585	-1.541052	-2.625751	-1.1750765
0.6826617	1.0735499	1.0145822	0.34378994	-1.2417055	1.9781625	1.8522046	1.9149005	1.4525517	-0.94177824
-0.6888806	-0.0047915876	-0.37386522	-0.8718407	-1.1155007	0.5489232	0.32485864	-0.48158	-0.1639865	0.2502628
2.9637666	1.7902231	2.6065052	2.6936314	-0.57644784	1.9868298	0.30129942	2.0241096	1.6837873	-1.4226602
1.1332021	1.9172976	1.4200411	0.9123744	-1.1431286	0.4387431	2.1112509	0.5825411	-0.034530066	-1.4407318
0.28873524	-0.46753073	0.5668378	0.15901421	-1.1662856	2.1591258	0.9894899	2.3927226	1.854798	-0.11552026
0.046928756	-0.6429443	0.45863867	-0.14377375	-0.8977665	-1.1783972	-0.80065566	-1.2042121	-1.4687606	-1.0186988
-1.614302	-1.6424471	-1.0594506	-1.5828784	-1.4767109	-0.8701322	-1.7672	-0.48120794	0.29427382	-1.071726
0.39303443	0.6375747	0.99223304	0.19318666	-1.1142416	-0.6538803	1.2114084	0.49260524	-0.6045197	-1.1750431
0.6783414	-0.09092802	1.2355092	0.4450708	-1.6585935	0.18829437	0.10592426	0.8218096	-0.9597996	-1.8376513
1.1495157	0.833884	1.4799142	0.8925756	-1.3447688	1.7138182	0.9373436	2.025008	1.8742085	-1.9658505
-2.3744762	-2.2536082	-1.6403654	-2.2362144	-1.6052793	-2.1647882	-2.0989337	-1.5365164	-2.3458917	-1.5321584
0.4254088	1.3240845	0.63639176	0.14039095	0.01332292	0.7762751	1.1988586	-0.27840057	0.15871999	-0.43056473
-0.06987391	-0.48112652	0.41086504	-0.15243186	-1.2248088	-0.050398003	-0.47959915	0.93928266	0.13414145	-1.1827246
0.5065734	0.5751306	1.0879178	0.32919246	-1.2505212	0.69062734	0.9214776	1.2824396	0.35488227	-1.2895514
-1.0691296	-1.1146177	-0.44455478	-1.1025708	-1.1593586	-0.32875955	-1.6180894	0.2378522	-0.26636082	-0.2560543
-1.2455277	-1.2458379	-0.65188754	-1.2675589	-1.0527718	-0.85262394	-1.7706118	-0.7266056	-1.0303019	-0.99137473
0.44240555	1.9298174	0.5541458	0.13796686	-0.26371336	0.45104462	1.9250515	0.52205896	0.2505314	-0.9746736
1.7268727	1.4144279	2.210306	1.4042196	-0.9029043	2.5016794	1.7533197	3.810268	2.1564324	-1.2996652
0.04611119	-0.40739578	0.5983592	-0.12807749	-1.5087938	-0.46455246	-0.7101379	0.036600035	-0.61778164	-1.1279609
-0.0536964	0.82260144	0.12606525	-0.33280325	-0.71439075	0.18351404	2.598336	0.22448377	-0.83886075	-0.4802221
-0.17751864	-0.50988257	0.49862957	-0.3698858	-1.4978824	-0.0617885	-0.26288587	1.0109346	0.11063165	-0.8981907
0.58680606	0.13132274	1.1347555	0.32308203	-1.23005	0.36111137	0.47976795	0.90591913	0.34463078	-1.2346387
-0.5330028	-0.8156128	-0.012957305	-0.5617017	-0.86206114	-0.4728104	-0.4619591	0.49128225	0.06624464	-1.1466606
-0.27944556	-0.7333509	0.051443964	-0.34182596	-0.6009202	-1.0568819	-0.8053915	-0.81837463	-1.0461177	-0.9992411
1.9543439	4.7967715	2.0553513	1.4920173	2.067928	1.2243977	4.178764	1.1164279	0.77896917	1.5339278
0.6002278	-0.11943939	1.0391235	0.41906798	-1.241254	-0.3297917	-0.7926046	0.28317454	-0.42135066	-1.3365964
-0.10014383	-0.1615474	0.070670396	-0.3350684	-1.5270544	1.7184504	4.068705	2.291258	1.6920723	1.1176897
-0.12494106	-0.34910458	0.025146693	-0.29740304	-0.3869425	-1.5303147	-1.557534	-0.7296038	-1.8200835	-1.6687871
0.13976476	-0.72760546	0.3303536	0.076066926	-0.9889139	-1.0471767	-1.8179277	-0.21351482	-1.8856741	-0.61353815
0.4226913	0.82097185	0.9501755	0.18481483	-1.2395617	0.6169915	1.0569375	0.94148654	0.28634918	-1.534686
0.30282047	1.4912596	0.40154183	0.03503099	-0.5150944	-0.7219635	0.37500742	-0.11145558	-0.5012943	0.059842993
1.4899129	2.549844	1.8283246	1.1849692	-0.0407497	1.289157	2.4788215	1.8348848	1.2066014	-0.32294503
0.19737023	0.5670868	0.74316096	0.09207593	-0.69935095	-0.45084596	-0.7684788	0.44725284	-0.16770047	-0.8727139
2.6392186	0.8800205	2.6527994	2.3205266	-1.3407294	2.4184499	0.3260635	2.3603692	2.308552	-1.05611
-1.5842379	-1.4688605	-1.0521346	-1.4963247	-0.9290856	-2.12091	-1.9445236	-1.1577979	-2.3717108	-1.1654321
1.8377758	0.82753825	2.0170622	1.6578946	-0.97853506	-0.48534077	-0.14627777	0.00422089	-0.2885371	-1.2119019
3.6433723	6.003157	3.3348734	3.0166779	1.3392118	2.9101222	3.8160849	3.5286603	2.8193984	1.4021555
0.012685351	5.6063952	0.25248525	-0.30119097	1.7936376	-0.089169554	6.0705376	0.5245731	-0.6890726	2.4613824
-1.4025983	-1.334593	-0.9130857	-1.4361181	-0.7861117	-2.1365852	-1.7213613	-0.9374653	-1.8048283	-1.3822747
-0.096322104	-0.78545475	0.25204745	-0.23416889	-1.4782141	1.6010338	0.050734162	1.7008649	0.95456666	-0.14402123
-0.39423177	1.2853987	-0.39493927	-0.6144062	-0.4062782	0.1648476	1.5759958	0.39548284	-1.7247101	0.05580459
-1.3358499	-1.382012	-0.78547096	-1.3311341	-0.92822933	-0.3547744	-0.7904203	0.39955175	-0.66630256	-1.5987324
3.1469185	2.5015323	3.2259228	2.9288123	0.4666033	2.3017344	2.9299066	2.3054118	2.1488338	1.0991781
0.88747966	1.3462707	1.4494369	0.6441742	-0.634305	-0.84044355	1.8481389	-0.10416005	-1.1209978	-0.3202012
-0.18474615	-0.41182494	0.21427125	-0.29257256	-1.1232976	-0.11100879	-0.37201962	0.50814235	0.10263834	-0.7174496
0.3360405	0.57515156	0.8610146	0.12565832	-1.1231134	1.2096934	-1.0126299	2.1949842	0.93713754	-2.8875177
-1.102611	-1.7812717	-0.3167762	-1.1404226	-1.3032047	1.2778572	-1.4771668	1.6975939	0.6930419	-1.3977401
-0.6278403	-0.8410219	-0.067260176	-0.7568903	-1.1600788	-0.26523015	-1.3974565	-0.27943635	-1.0024954	-1.2619855
0.4812524	0.0046180487	0.96055627	0.30289054	-1.5429269	0.37271217	-0.5138533	0.7695547	-0.19555184	-1.6492735
-1.0499473	-1.3256048	-0.5578301	-1.052664	-1.5078267	-1.267246	-1.8717465	-0.9978995	-1.5030574	-1.2481108
0.57846546	0.121711046	0.88637245	0.36604667	-0.7145047	0.81745845	0.7965077	1.3362966	0.07737018	-1.2149993
-0.07635498	0.09188473	0.4262044	-0.2929067	-0.58204156	-0.5052271	0.41281638	-0.03529751	-0.64491826	-1.1870521
-0.37998983	0.032686353	0.13529533	-0.5537429	-1.4268738	0.03792989	1.4964118	1.3683257	0.6477068	-0.8517513
0.8066428	4.7601914	0.94991684	0.38970125	2.9742484	2.6264448	4.4022837	1.9519535	2.2840955	2.1845675
-0.76527894	-0.45381483	-0.31839618	-0.83197176	-1.1419274	-0.9578607	-1.0783957	-0.5162329	-0.7669132	-0.8581139
0.88272434	0.5140089	1.380723	0.6497962	-1.4647821	1.1901752	0.86020374	1.6563314	0.67317796	-1.3701152
0.63341266	0.5711535	0.784323	0.4946782	-1.0240256	2.4880338	1.5757726	2.6700861	1.8357182	-0.65007156
-2.0052757	-1.9435499	-1.3477371	-1.960929	-1.4233667	-1.4190254	-1.3643157	-0.8198206	-1.3566782	-1.37799
-0.49274945	0.111011535	-0.04642871	-0.6795164	-1.8262912	-1.8105652	-0.5429654	-0.811161	-2.3590071	-2.6931143
0.0663523	-0.92931116	0.50461394	-0.07567535	-2.5318387	-0.0075608674	-0.44496378	0.680329	-0.015789501	-2.9815743
1.1640468	2.9089658	1.281441	0.8261454	0.24634245	0.8685617	2.753218	0.75523156	0.20860656	-0.8950497
0.44294766	0.5003538	0.97263384	0.2261071	-1.1456333	0.5569656	1.2984817	1.7009637	-0.15107444	-1.0436585
0.42450356	0.29573575	1.089894	0.21979915	-1.283597	-0.10988497	-0.31886882	0.5060072	-0.38063717	-0.68126446
-0.018318124	-0.7973336	0.37220904	-0.11715309	-1.0916983	0.5787144	-0.083345994	1.3009719	0.9924233	-1.466233
0.92972314	1.9139023	1.2400165	0.6834365	0.49762884	-0.38363093	0.5263061	0.014141044	-0.3997215	0.48844892
0.7202119	0.81982124	0.9410111	0.5443249	-0.5743895	0.4742262	-0.8567659	0.7973949	-0.16731836	-0.6276707
0.48907658	1.6841974	0.67860365	0.23822938	-0.6603576	-0.2638155	0.44866154	0.69118583	-0.0985666	-0.7406119
-0.012608182	-0.6623391	0.4458161	-0.19620156	-1.7698048	0.06803798	-0.67181236	0.5708435	0.13872798	-2.3407068
0.7741678	0.41252473	1.4596059	0.6144761	-1.6533527	1.4162726	0.39737824	1.799121	1.5318046	-1.728463
0.45926496	-0.17621735	0.94213605	0.29549795	-1.2138809	-0.03443806	-1.2253667	0.3248737	-0.35399482	-2.1270826
0.74041355	-0.22135669	1.0819376	0.52516717	-1.1778064	0.5015405	-0.1973375	0.9869557	0.7384873	-1.8102863
1.7292956	0.8927413	1.7692726	1.3735688	-1.1062132	2.5233982	1.6960478	2.550211	2.2709966	-1.2765446
-1.5398623	-0.8822311	-1.0088876	-1.5711535	-0.77536917	-1.0560317	-0.61568105	-0.80516756	-1.9807861	-1.7656108
0.937614	1.4875528	1.4943144	0.68823963	-0.15157576	2.185283	1.007596	2.7601426	1.9724821	-0.6749127
1.2275856	1.5319135	1.6862761	0.9919523	0.026999503	0.6610786	1.639319	1.8585591	0.77359647	-0.6058988
3.1592598	3.0367317	3.2808201	2.7461424	0.20355663	1.9452949	2.8092036	1.8751926	1.7949061	-0.17759246
2.2648218	1.8498805	2.4829924	1.9707654	-1.1525246	0.17108072	1.0759526	0.8974803	-0.2703406	-1.5264323
-0.9037756	-1.2941154	-0.2747315	-0.8815032	-0.7762861	-0.2794879	-0.90621805	0.36663884	0.0072641918	-1.2587936
-1.1507341	-1.1904906	-0.6445638	-1.2377491	-1.6354425	-1.791503	-1.373419	-0.8538803	-1.7197334	-2.1450434
0.34713253	5.2776523	0.65519154	-0.36574745	-0.8580389	0.11461927	4.028585	0.12950023	-0.13269289	-0.31166646
0.831354	0.5636852	1.2582116	0.5814357	-1.0868291	0.7343662	1.4399543	1.5623513	1.7121776	-0.5749414
0.9113702	1.7364722	1.3474884	0.64434874	-0.73836386	0.4771994	1.200111	1.2248709	0.32267666	-1.0493641
0.24105936	-0.3029906	1.062277	0.021033391	-1.0495198	-0.086131856	1.782223	0.19962443	-0.78605723	-0.15088217
-1.2848932	-1.341437	-0.7769941	-1.3107632	-1.4573469	-0.964988	-1.3542935	-0.69085085	-0.7123542	-1.5026587
-0.27055684	-0.50780594	0.10702011	-0.46233642	-1.3871951	-0.60873103	-0.19019027	-0.25602716	-0.7450725	-1.0683826
-0.5978916	-0.011462897	-0.23622528	-0.7765749	-0.68638265	-1.4065632	0.7200494	-1.0217184	-1.2263416	-0.4730749
0.16457942	-0.07125735	0.5776171	0.044937655	-1.2474592	-1.0201778	-0.73248494	-0.8563782	-0.8760846	-1.5556242
0.32102364	0.54553175	0.880587	0.15803187	-1.1061271	0.20412432	1.3832315	0.4452212	-0.3887658	-1.1824634
0.64720625	0.21860069	1.2738087	0.47840863	-1.2550418	0.62301874	0.05183102	1.0501822	0.8545661	-1.3980018
0.65509015	1.3377917	0.95406747	0.48302126	0.37839887	1.1494194	1.6530768	1.0759506	0.8561058	-1.3544484
0.47535285	1.1671883	1.0841967	0.16201614	-1.529772	0.28565994	0.479279	1.0439465	0.04316866	-1.5088183
0.2868961	0.02055031	0.97736	0.18373804	-1.53723	0.35040772	0.07394699	0.7870821	0.31632778	-1.4740285
-0.6971588	-1.0894028	-0.3743908	-0.6417475	-0.68829274	-1.0753143	-1.9708204	-0.8656438	-1.7563678	-1.3419287
-0.5256602	-0.8344716	-0.026184648	-0.6614431	-1.4826955	0.51678497	-0.15658402	0.5730321	0.1554356	-1.3391994
0.38036954	1.2243819	0.6597054	0.0741484	-1.0141239	1.8535287	0.7042004	1.644106	0.9553414	-0.85113645
-0.23218974	1.8943372	-0.041855305	-0.54527694	-0.24480505	0.72356886	2.2467456	0.04077968	0.09937603	0.5873491
-1.0833983	-0.94044995	-0.61980116	-1.1477631	-1.3457073	-0.8287968	-0.78580153	-0.21819441	-0.114770986	-0.4801947
-0.5562787	-0.5704794	-0.078470856	-0.7633082	-1.7642742	-0.4131706	-0.24371672	0.2931935	-1.1001872	-1.1432455
0.2592378	0.09730697	0.71206903	0.16835983	-0.7242265	0.009512668	-0.20681702	0.8738565	0.037124272	-1.1273198
0.31482336	0.28684875	1.0802529	-0.017351225	-1.2083659	-1.1701553	-1.5395278	-0.46487626	-1.2396338	-1.423341
1.2877868	0.8683959	1.6330273	1.0090265	-1.1630098	2.512419	0.42074296	2.496436	2.8872986	-1.3875272
-1.7368865	-1.7401881	-1.1450803	-1.6961733	-1.2271558	-1.9276747	-1.9460088	-1.4407053	-0.78719634	-1.2908499
-0.27419022	-0.930563	0.039361477	-0.36679137	-1.1564969	-0.0792968	-0.8339803	-0.28019533	-0.19782618	-0.93400216
-0.34609556	-0.37689224	-0.038045794	-0.37111205	-0.73693156	-1.0851758	-0.7237693	-0.8251832	-1.5489179	-0.21480538
-0.5240557	-0.32412988	0.15185031	-0.63698685	-1.1456274	-1.3989755	-0.71326405	0.342152	-1.7278261	-2.0397296
-0.3537873	0.5559275	0.031607807	-0.5573725	-1.2395873	-1.2802705	2.532258	-1.2976735	-0.94338393	-0.5613696
-0.64312154	-0.70783556	-0.2959201	-0.71372545	-0.7132991	-0.9676145	-0.9366236	-0.1982478	-0.8732576	-0.6395397
-0.25446042	0.1814279	0.15790096	-0.42498097	-1.3526107	0.30835062	1.1721488	0.47660056	0.36566055	-1.197822
-1.226872	0.15820137	-0.79446316	-1.4477278	-1.0076712	-0.3813523	0.654179	0.27060157	-0.2317133	-1.3468095
1.166492	1.1985677	1.5965466	0.77192265	-1.3731551	1.2838863	1.8512653	1.8399951	1.0041586	-1.1219714
0.047313526	1.1466974	0.24867347	-0.27835858	-1.3993286	0.5333132	1.5357285	0.9627871	0.024686936	-0.71009034
0.49905464	-0.05908321	0.97724605	0.3057304	-1.4875405	0.45075235	-0.4911536	1.199608	0.10895215	-1.4721873
1.6085199	3.425144	1.5799738	1.2256484	0.3716252	1.4136249	2.8763957	1.3851234	1.1641642	-0.7141523
-0.25987488	0.68005884	0.07445869	-0.41624272	-0.6252153	0.12819639	1.2667549	0.100620486	-0.66153646	-0.49743694
-0.16690561	0.20829284	0.5088099	-0.44728327	-1.411742	1.2270402	0.9071744	1.431223	0.9287828	-0.42903045
-0.5573514	0.1602574	-0.36916825	-0.7506165	-1.246311	-0.11592511	0.060817093	0.46297666	-1.2392832	-1.5834846
0.8715826	-0.60547864	0.60147536	0.6783887	-0.5922333	5.4466734	2.328329	4.814471	4.1685205	0.9573205
1.0847318	1.3852857	1.0164655	0.80769086	-1.2410922	1.2139251	0.108722776	1.6034149	1.268362	-1.4936754
-0.24622169	0.7809758	0.22226247	-0.47715658	-1.037903	0.120222345	1.1075164	0.219159	-0.26954544	-1.2852355
-1.3988674	3.5628128	-0.5795399	-1.6401483	1.9539715	-0.7931933	2.3870373	-0.81416804	-2.0150728	2.2427306
0.99195784	0.47528878	1.4696453	0.7340926	-1.0220723	0.63468057	0.8791546	1.0875287	0.86312276	-1.3881447
-1.5919828	-1.6785462	-1.0489852	-1.5446625	-0.85519505	-0.1369091	1.1813864	0.6853951	-1.6235328	-1.196455
0.08519723	0.25495315	0.63262427	0.0069337934	-0.70258766	0.9109569	1.0923597	0.8396771	0.52729064	-0.7453846
0.87485784	0.92695856	1.2540187	0.5410596	-1.4987758	1.3894765	1.4800832	1.1903405	1.4145317	-0.9324341
1.8995653	1.1859779	1.9858552	1.5679067	-0.47591656	2.139343	0.7525936	2.3641644	1.6325505	-1.3228154
1.4291782	1.2204688	1.5913454	1.0730128	-0.4554747	1.5819774	0.15275134	1.8042201	0.96265954	-1.5294384
0.01968678	-0.6062794	0.63825524	-0.08029285	-1.9644196	0.0011079734	-0.57527435	0.59561545	-0.19843867	-2.6321557
2.3925478	1.9754391	2.8891504	2.1383126	-0.21295145	0.44099477	-0.15759324	1.5964177	1.2671427	-1.0394667
-1.047751	-0.85451066	-0.6463785	-1.123431	-1.0403314	-1.3898711	-0.7981669	-0.62590617	-1.4108365	-1.7713108
2.0575128	2.671072	2.1937473	1.602762	-0.4876476	2.1132817	3.7279074	1.8974128	1.4048096	-0.5837616
-0.537994	-0.75927866	-0.18429473	-0.65269303	-0.8114674	-0.9672329	-0.9412007	-0.9646806	-1.4104128	-0.9690879
0.45114884	0.49533752	0.79775405	0.21814995	-0.86037076	2.806335	-0.25291607	1.9847059	1.8134886	-1.8748161
0.66489863	2.7398021	0.9015193	0.3972172	1.2606419	1.6128873	2.8611743	1.3609293	1.3662202	-0.32440075
0.5978391	1.6448816	1.0452573	0.3092729	-0.41592792	0.5812366	2.135653	1.2658535	0.31230688	-0.8794554
-0.20034432	-0.7118429	0.37222674	-0.32356477	-2.3218424	-0.30276552	-0.19985224	0.23791122	-0.46981105	-2.6952994
0.32383186	0.79034126	0.59196186	0.004019603	-1.5918075	0.8243899	0.41857114	0.94344157	0.5560578	-2.3912888
-0.40616125	-0.7737378	0.029502034	-0.5609825	-1.6539279	-0.58324724	-0.61819243	-0.19994028	-0.71638364	-2.4179401
-0.8781706	-1.0174195	-0.4961373	-0.88122404	-1.0255853	0.5841775	-1.5903455	-0.33627945	0.42391753	-0.51889724
0.22369039	0.32991394	0.5802294	0.021880284	-1.0265135	1.5460861	0.46128517	1.5715711	1.3091244	-1.3433015
0.97534233	0.7167741	1.6080897	0.7132896	-1.2773364	2.3274555	1.2864411	2.038256	0.542727	-1.16846
0.02489113	0.770098	0.42066824	-0.31692988	-1.1946404	0.6803013	-0.016738286	1.8238726	0.24307913	-1.6506997
0.8357313	1.9141154	1.0092417	0.54935485	-0.74608374	0.3613605	1.7702737	0.12838392	-0.6533112	-1.1632165
-0.44608966	-0.027325928	-0.26765314	-0.5925752	-0.7557399	-0.5606466	-0.26628965	-0.89212775	-0.543425	-0.37137547
-0.14862192	-0.9587109	0.5026624	-0.29528266	-2.187481	1.0685598	-0.4918799	1.5641272	0.5674243	-2.13176
-0.088877656	0.38376108	0.5953076	-0.33750272	-0.84942806	-0.55714536	-0.31812236	0.20273885	-0.9930098	-0.64581686
1.9987816	1.7678826	2.5820339	1.6336778	-0.8222714	1.678937	1.4495484	2.2165802	0.8982817	-1.1162397
-0.46691936	-0.5783961	0.058375075	-0.63491774	-1.2572589	-0.562462	0.083707444	0.24634434	-0.7655039	-1.2184958
1.0412136	1.419181	1.3492401	0.7488892	-0.97666085	1.0085487	1.7383457	1.079664	-0.053298872	-1.5567029
-1.1130545	-0.3210309	-0.7144741	-1.2433426	-1.1835574	-0.6842459	0.45031363	0.4257316	-0.76656544	-1.2162175
1.4007881	1.4978577	1.7428061	1.096125	-0.80787396	0.87292194	0.9287456	0.57685715	0.61575097	-1.6618361
1.1816107	1.3029766	1.8001373	0.9429357	-1.0243291	1.1169488	0.44679138	1.8253154	1.0007286	-1.3843237
2.5399432	3.1817234	2.0793726	2.1274924	0.25227877	2.075057	2.146006	1.79848	1.703469	-0.6007821
-0.50077593	-0.5511539	-0.11032426	-0.6512842	-1.425964	-1.0498172	-1.2508487	-0.46468273	-1.1006643	-1.7458643
0.7429449	-0.07787743	1.0004286	0.55254436	-1.0561075	0.13729493	0.85180086	0.9963651	0.10623305	-0.8643782
-1.1275848	-1.2336707	-0.6607835	-1.1604792	-1.6033765	-0.14767559	-0.73034585	0.011219464	-0.21301782	-1.6253773
0.23278728	-0.415492	0.5855775	0.025239691	-1.5208918	0.1986482	0.19616352	0.22354244	0.034079235	-1.6133221
1.5795894	0.3592526	1.7566628	1.289955	-1.2186353	1.604971	-0.98850274	1.4811407	1.1758513	-1.4782997
-1.0800091	-0.81706715	-0.7429893	-1.2183695	-1.5719763	0.26266772	-0.9016407	0.06732672	-0.901429	-1.1831884
-1.0435436	-0.7602365	-0.64157534	-1.0508736	-1.2255445	-1.3211398	-0.50577205	-0.9422523	-1.234018	-1.6985452
1.4009384	2.7981033	1.4278861	1.0427495	-0.75121975	1.3884327	2.406897	1.8061961	0.48160863	-1.5488071
-1.8192801	-1.8390528	-1.190425	-1.8034639	-1.6564453	-1.625416	-1.151164	-0.8362173	-1.4818103	-1.4991368
-0.22341731	-0.23491052	0.22764972	-0.2765795	-0.8355336	0.08926077	-0.6312518	0.4318439	-0.9132449	-0.9779558
0.93826133	0.94225156	1.326624	0.736425	-0.067472905	0.6725362	1.2414639	1.2482831	0.36361086	0.19854642
-0.23707584	-0.88505614	-0.086348504	-0.31318754	-1.0664649	-0.2240271	-1.8631281	-0.29346323	0.54061264	-1.624338
-0.76813334	-1.1079602	-0.32528147	-0.87402135	-1.78572	-1.2582675	-1.1223952	-0.8702076	-1.106611	-2.5115218
-0.37484744	-0.37139305	0.100973964	-0.5941074	-1.3486646	-0.6813725	-0.32329166	-0.18449903	-1.0209979	-1.4103109
-0.0014773235	-0.29679567	0.50284135	-0.14654967	-1.3286616	-0.30689383	-0.6047617	-0.7945123	-0.2879958	-1.7775222
0.07406547	0.9694494	0.37137884	-0.22181043	-1.2353117	0.20318572	0.65046847	0.65542644	0.066857114	-1.1975224
-0.60804605	-0.9326935	-0.24315056	-0.6421102	-1.2878047	-1.0317615	-0.9788163	-0.27924135	-0.30922315	-1.2607598
0.4876527	0.9319941	0.80510414	0.21075274	-0.64371693	0.70015496	1.8674893	1.24253	0.4230048	-0.81983775
-1.7256111	-1.8398725	-1.1885948	-1.6929703	-1.2855053	-1.6792179	-2.4427853	-0.8423721	-2.0297856	-1.3273484
0.25014946	-0.13641141	0.38899323	0.2843098	-1.160762	-0.75006557	-0.5713247	0.27118853	-0.0007117265	-2.0731342
0.9003463	1.2752653	0.97614515	0.65645003	-0.43183905	0.44089878	1.5043031	0.66446966	1.0741905	0.45207906
1.0158013	0.007016778	1.4625187	0.766809	-1.0063298	1.3359623	0.01963725	1.962382	1.1240554	-1.0546635
2.9686732	1.9249327	2.8917744	2.4400709	0.055867642	4.141937	1.549796	3.5947003	3.3806112	-0.4431834
2.6832082	1.4660223	3.222231	2.4582982	0.099325866	2.068885	1.3081536	2.9063962	2.0503135	-0.7802302
-0.09313256	-0.33548158	0.29772204	-0.2908066	-1.2278329	-1.3699611	-1.0911072	-0.8697243	-1.5944694	-1.0987927
-0.52409375	-0.029458284	-0.3325487	-0.6515521	-0.41280067	-1.0039992	-1.049777	-0.13239564	-0.28469598	0.4596534
-0.5925476	-0.5609623	-0.11103138	-0.68946385	-1.3941456	-1.0595869	-0.7813103	-0.2889003	-0.45979962	-1.3034908
-1.0462576	-1.269255	-0.6055697	-1.0883613	-1.4568894	-0.70467514	-1.208951	-1.410179	-1.3928982	-1.303433
-0.4119297	-0.9169253	0.064402655	-0.58322966	-2.4871662	0.83151364	0.37921476	1.0589616	0.48584726	-2.610658
-0.07829041	1.1662459	0.38838044	-0.38505	-1.3571498	-0.36275	0.93558186	-0.21000758	-0.7557727	-1.355585
-0.66117114	-0.9463928	-0.24930596	-0.7315803	-1.2892717	-0.41851118	-0.7623902	-0.53283495	-1.3923348	-2.7433283
0.3763396	-0.121237025	0.924693	0.20498188	-1.3163589	0.18300106	0.4880427	0.50106204	-0.68998367	-0.9938996
-0.40799084	-0.5253593	-0.037843198	-0.5322731	-1.3014212	-0.6888613	-0.5504563	-0.6961816	-0.92126495	-1.4449712
-0.22936442	-0.79916227	0.28182992	-0.38873067	-1.7451806	-1.5256071	-1.5237988	-1.1164061	-1.3482565	-1.4634147
-0.31273496	1.4842921	-0.050172687	-0.6077434	-0.65451515	-1.5986726	2.6851523	-0.8872265	-0.68274885	0.7266559
0.21845591	0.91846776	0.4482083	-0.019165605	-0.16633257	0.73345506	1.6895477	0.34940982	0.48124075	0.27111498
-0.20951352	2.0095685	0.2583457	-0.54065275	-0.14711463	-1.1413834	1.5974739	-1.1812747	-1.0641698	-0.13884696
-0.002419062	0.0394001	0.46289697	-0.147886	-1.1803173	-0.31337535	0.13380122	0.7917368	-0.8022578	-1.4554596
-0.3824686	0.87770236	-0.10905045	-0.6398953	-0.75669205	0.11175818	0.613807	0.066376664	-0.20269316	-0.61125666
-0.32864138	-0.5330097	0.03410521	-0.4723524	-1.4389123	-0.74529606	-1.1482944	-0.5653873	-0.85009545	-1.5757296
-0.5930558	0.41579887	-0.21912357	-0.8289458	-1.1053998	-1.5683229	-0.07923944	-0.8104223	-1.3028773	-1.3921622
0.7742218	-0.05632645	1.2701585	0.64789337	-1.2824093	1.2018749	1.3254532	1.2746279	2.443878	-0.64085454
1.1467971	2.7117813	1.4372908	0.7537791	-0.5035203	0.5659699	1.2107503	0.3457597	-0.31977248	-2.2357762
0.8090338	1.7094061	1.2963524	0.566448	-0.54794526	0.36979347	0.42122826	1.0566026	-0.11198025	-0.5768619
0.34494182	-0.3464996	0.76246977	0.1403058	-1.2287307	-0.5477616	-0.5342119	0.09338543	-0.4823477	-0.28292838
-0.0908964	0.92801166	0.5779943	-0.20339508	-0.15072161	0.0046703257	-0.9555289	0.89937276	-0.18594208	0.25171286
1.2096549	2.1023254	1.3682716	0.88032365	-0.26721418	-0.6983431	0.93631613	-0.026642855	-1.2334893	-0.86692154
0.17625982	1.6831763	0.39779365	-0.10837401	-0.21088591	0.5509879	2.0433137	0.76121694	0.97954726	-0.68249077
0.92131287	0.51553595	1.1039768	0.65691185	-1.1704475	0.7153395	0.3725878	1.3081013	0.78341144	-1.4709198
0.22899196	0.24128434	0.6595514	-0.0054145902	-1.2794495	0.45041534	0.19872317	0.8767213	-0.38924223	-1.2344673
1.9255612	3.0636091	2.0756345	1.5467471	0.049882233	2.2361703	2.734164	2.6907709	2.0445118	0.3059939
0.5098903	1.2087377	0.7971946	0.24586804	-0.6896988	1.667437	1.1003985	1.8124434	1.5879493	-1.0588753
0.4281694	0.3783231	0.8747426	0.27712613	-1.33485	0.44818684	1.1902542	1.0641477	-0.46861863	-1.0491099
-1.5486711	-1.7039317	-1.0773274	-1.4366926	-2.071232	-0.8108657	0.2644953	-0.30641794	-0.58243585	-1.1811768
-0.56293607	-0.38145268	-0.15271702	-0.6382639	-1.1629914	0.14808007	0.3579345	1.5774741	0.5094196	-1.2574012
1.3333052	0.62958753	1.0652738	1.1117383	-0.8750359	0.38913766	1.7619203	-0.007567149	0.04726094	-1.309477
-0.18702132	-0.72373015	0.30736396	-0.3591013	-2.1258216	-0.17854445	-1.2853124	0.41581282	-0.4828355	-2.5140722
0.42017868	1.2960451	0.5389519	0.16292362	-0.24307662	0.33889282	-0.030494979	1.1863064	-0.67707807	-0.6791094
-0.2905503	-0.9375814	0.07681802	-0.35179567	-1.2066811	0.55274147	-0.72828966	0.3021934	0.48452076	-1.9298784
2.3938437	1.7761624	3.0358207	2.0750594	-0.79418206	2.814744	3.4406369	3.4149368	2.8671021	-0.2331157
0.7431539	0.58413124	1.1133522	0.48460352	-1.7388669	0.25317493	-0.27662325	0.93050486	-0.09450841	-1.7790453
-0.057818726	-0.18592677	0.32782543	-0.2399812	-1.8273448	0.33043048	0.92495614	0.65567696	0.23094286	-2.3831725
0.7829479	0.59015083	1.3535771	0.5812318	-0.13212842	0.9417555	0.50562656	1.7463683	1.1195433	-0.21639436
1.7167575	1.2350397	1.9475149	1.4169097	-0.7632015	1.5077207	1.254757	2.2093263	0.829451	-0.9906302
-0.0178302	1.812242	0.095758185	-0.22841105	-0.5127603	-0.8619543	0.9876279	-0.40883142	-0.81404495	0.29034597
-1.9345505	-1.8768704	-1.2775426	-1.9056326	-1.1642388	-2.0109985	-2.236797	-1.4942111	-2.219601	-1.1541556
0.4715952	0.5914223	0.8857871	0.28108633	-1.0824524	-0.07366509	-0.22355165	0.7489768	0.23448303	-1.3358111
1.8202372	2.4002423	1.8083675	1.4351623	-0.32257265	2.227963	1.6217564	1.8520006	1.4004653	-1.5174035
0.88026583	0.049405307	1.4333696	0.7203823	-1.0690933	0.2976783	-0.55672866	0.79260784	-0.04098871	-2.2820365
-0.36567548	-0.056233585	0.2730665	-0.53221196	-1.1476411	0.12995584	0.88237953	0.7802464	0.26392987	-1.1886505
0.37674716	0.41825595	1.1671324	0.15907066	-1.0055097	0.2607904	0.8227669	1.9463168	0.77028614	-0.4477676
0.8172931	4.6076384	1.0096145	0.38325298	-0.36020917	0.8256695	5.2310367	1.5491766	0.5533066	-1.9232163
-0.7995593	-0.9003463	-0.32434258	-0.925113	-0.8706119	2.752001	-0.6399192	2.7758818	2.3529348	-0.6893335
0.117241286	-0.1636182	0.5641806	-0.14944935	-1.8078238	0.058263596	-0.15307684	0.5308924	-0.70572615	-2.3154361
-0.07875364	0.23171893	0.48164323	-0.28384322	-1.3024585	-0.024140956	0.85959953	0.14407249	-0.02166158	-0.41837424
1.4551955	3.3813493	1.9047579	1.0504134	-0.34427434	0.80562496	1.4581221	0.9848685	0.10206235	-1.2522893
-1.1956508	-1.8631382	-0.48681524	-1.2444879	-1.7467991	-0.12360814	-0.5415621	0.26192734	-1.4208553	-2.3108933
0.49146947	-0.37817973	0.89436936	0.3003837	-1.2724723	2.8236005	1.044602	2.799218	3.0002942	-0.407479
0.014648572	0.68457687	0.34871733	-0.24322674	-1.3719615	0.40813664	1.1904156	1.0168285	0.42701405	-1.5056733
0.25003353	1.6880897	0.6567818	-0.039129898	-1.2741815	-0.93616307	0.8525317	0.4761437	-0.8486034	-1.7595067
0.013772018	-0.3697899	0.48094156	-0.14306793	-1.8998866	-0.10535777	0.030632896	0.11236001	-0.50489855	-1.6723697
-1.1021328	-0.9867512	-0.64124703	-1.1472559	-1.43047	-0.72963166	-0.07785656	-0.6581237	-0.91193515	-1.4010363
1.4349087	-0.41738504	1.8163217	1.17105	-0.45113695	0.59177744	-0.9732814	0.5638726	0.112915605	-1.0825741
-1.0347067	-1.2401503	-0.47908476	-1.1705092	-2.3929958	-0.8950915	0.09362969	-0.814908	-1.6049092	-2.470407
-0.38782674	-0.92709637	0.30343696	-0.53870344	-1.3057417	3.1495183	1.4785935	3.7073839	2.9054823	-0.9972333
0.07653954	-0.6234123	0.521067	-0.13168551	-1.4530143	-0.17747699	-0.8180658	0.6945895	-0.40118077	-2.3028522
-0.100952014	0.9177445	0.27261153	-0.3636127	-1.2671541	-0.5259776	-0.49992138	-0.065461166	-0.81253725	-1.2038713
-0.86828166	-1.781115	-0.16609862	-0.91933465	-1.3758285	-0.36149457	-2.000415	-1.4025675	-0.8149243	-1.1882228
-0.9680932	-1.828001	-0.25630036	-0.99819636	-1.3230834	-0.30339438	-1.8071496	-0.20719576	-0.7295141	-0.35474506
-0.026346691	0.49488083	0.39420956	-0.2531861	-1.0740708	-0.7718096	-0.71794957	-0.715797	-0.77922046	-1.6808996
-0.09680999	-0.29798058	0.703766	-0.253713	-1.3984646	1.4720628	-0.5341323	1.553048	1.5339167	-2.0441585
0.74145937	0.81019056	1.3372622	0.51555216	-1.1501508	1.0496577	0.8424327	1.6916453	0.9384812	-1.4698268
0.38108432	0.36501446	0.74938536	0.16246308	-1.1721807	0.90377516	0.67622095	0.77171785	0.63194126	-0.97528106
-0.7794696	-0.75974405	-0.33933762	-0.89142835	-1.562045	-0.40194878	0.08311825	0.3684378	0.12599212	-1.0963137
-0.020365097	0.26715717	0.4454347	-0.18183494	-0.86297834	-0.3711609	-0.15155746	-0.06990138	-0.21269576	-1.4886197
-0.9890665	-1.1030473	-0.32407203	-1.0297043	-1.4790138	-0.022490347	0.79732305	0.51086265	0.014967026	-0.51047313
1.4419993	2.0021036	1.8216189	1.0333679	-1.3612405	0.36074856	1.5111108	0.77659816	-0.13504824	-1.814751
0.8830059	0.43127266	1.3952496	0.613343	-2.106005	0.5335855	2.0970852	0.59939253	0.41583365	-2.5741158
1.9180127	0.8625499	2.2867868	1.6398145	-1.6955512	2.305614	0.5798484	2.5061347	2.3122795	-1.1548183
1.3163476	0.43398294	1.6069891	1.0769515	-1.6457669	1.5617793	1.1712679	2.0876732	1.4414171	-3.002311
0.637761	2.724065	0.68657	0.24604283	0.35030052	-1.3957106	2.1326704	-2.1905246	-1.4999737	0.29826367
-0.7286004	-0.8010154	-0.26954588	-0.8492363	-1.5470713	-1.077825	-1.3593035	-1.1740717	-1.2793131	-1.1384543
0.7545516	1.2117887	1.2466884	0.46634036	-1.268917	1.2759225	0.43580896	1.6861534	0.91969633	-0.5460532
0.99589235	1.3705635	1.7870314	0.76440793	-0.6983739	-0.077225424	2.0533133	0.44505024	-0.94254625	-0.45630157
-0.33882454	-0.24902347	0.09196502	-0.5312193	-1.2678823	-0.6881078	0.54483324	-0.2344652	-0.8085106	-1.7716205
-0.628827	0.09933439	-0.17428559	-0.8542456	-0.81405556	-0.4601643	1.0098082	0.4389136	-0.21014194	-0.35187703
1.4650391	3.555663	1.4309288	1.0527041	-0.31806797	1.5920174	2.9266567	1.6092123	1.535706	-1.0870726
0.43101487	0.7402221	0.94311976	0.12677018	-1.3444635	-0.029803174	0.6934613	0.9625607	-0.30291337	-2.0512185
-1.527271	-1.3543473	-1.1076359	-1.5144517	-0.7188089	-2.1926808	-1.8562964	-1.1621938	-2.4660976	-1.3343743
1.4439064	2.110699	2.0552344	1.2271386	-0.44790906	0.0037485145	0.5357955	0.8948648	-0.24927334	-1.2438327
0.16269168	-0.43423137	0.65991485	0.0700687	-1.0506021	0.15319787	-0.2760641	1.3488605	-0.009567452	-0.811166
-2.2592301	-2.0443687	-1.4363762	-2.2122457	-0.95039284	-2.6558063	-2.1224215	-1.4192514	-3.4101467	-0.9938208
-0.2352938	-0.26658383	0.12219921	-0.4487648	-1.4823216	-0.77229136	-0.47979796	-0.85920924	-1.632412	-1.6054205
1.89881	2.2737665	2.3708317	1.5868287	-0.19329625	1.6664805	2.885454	1.9678802	1.1710129	-0.14929825
-0.3798591	-0.644421	-0.078368604	-0.42621803	-0.5556909	2.1204953	2.9282377	3.2349386	2.3095348	-1.2490603
0.36083156	-0.13939202	0.9397669	0.22250329	-1.2692705	-0.3802636	-0.94475406	0.7145801	-0.62420374	-1.035098
1.2660079	2.05966	1.3578291	0.92481256	-1.3489852	2.2340634	2.1043646	1.9047749	1.8354684	-1.3984345
-0.0056959763	-0.34142193	0.30145174	-0.18763342	-1.6257696	-0.569651	-0.8793177	0.020240437	-0.84396744	-1.8806329
-0.010648344	1.6802611	0.032974288	-0.3848493	-0.6538454	-1.0033284	-0.48680934	-0.3902397	-1.0497667	-1.7512475
-0.70931304	-0.9529823	-0.22258428	-0.83097816	-2.0826201	-0.3445251	-0.24163088	-0.13766962	-0.39318296	-1.9736276
0.11823126	-0.71935666	1.0015311	0.035943046	-1.7964789	0.828942	-0.2080141	1.5520924	1.0490158	-1.3293662
-0.6037198	-0.04172781	-0.32266888	-0.7801664	-0.86158824	-0.5506024	2.4471214	-0.2612573	-2.284696	0.50600094
1.8630787	1.3871334	1.8428801	1.472672	-0.34535065	1.3225478	3.2664573	2.2758386	0.9641988	0.59813356
0.22926742	-0.54068244	0.8100245	0.13130839	-1.5448872	-0.29478225	-0.59302706	-0.39170372	-0.25907966	-1.6455027
1.0946378	0.17839602	1.5837517	0.88793004	-1.2403724	0.9872432	1.2170737	2.1581504	0.79926586	0.33856097
0.40217233	0.8370161	0.810701	0.10607509	-1.5211841	0.8042459	2.2580624	0.71453655	0.31236064	-1.7959019
0.39539537	-0.5338378	0.90559995	0.24113916	-1.9844531	-0.23811594	-0.07150579	0.35647246	-0.40498737	-1.1736752
0.12450992	0.6226107	0.54690206	-0.10630184	-1.4670261	-0.23310763	-0.89294136	-0.5048951	-0.9367727	-1.6002126
0.25564125	-0.6587355	0.70933485	0.053985044	-2.026519	0.47417417	-0.3929164	0.61860365	-0.10433723	-1.6497847
-0.84637445	0.27103737	-0.3895991	-1.0009326	-0.8454207	0.4452629	2.3513553	1.024905	-0.41519564	-1.879553
1.610195	0.90475154	1.6478877	1.2858157	-1.0806994	0.68916667	-0.02349219	1.19467	0.31437534	-1.4763459
0.44953927	-0.05494024	1.0159883	0.3403684	-0.67410743	0.8813517	0.9271107	1.5962913	0.3021452	-1.4147577
0.6467334	1.8914089	0.7293842	0.4280073	0.3027967	0.23643191	3.7063334	-0.16427529	-0.09660934	1.545324
0.08510157	0.6402432	0.29017326	-0.0883515	-1.349537	2.38302	3.7648888	3.1259036	1.8494735	0.6123716
1.3153335	0.37919787	1.7579845	1.0413634	-2.241159	1.2226689	-0.27688724	1.2335871	0.60670066	-1.6058092
0.55836695	1.0814706	1.0346891	0.24411936	-0.28420788	0.7580484	1.9393219	1.0754176	0.7085941	-0.21035054
0.09618517	-0.40060934	0.67970675	-0.011449978	-1.2201586	-0.46149257	0.00096670043	0.00031051278	-0.8334166	-1.1481323
-0.24333182	-0.58965933	0.3347536	-0.37995082	-1.7360579	-0.28988525	0.30365145	0.5862684	-0.4876709	-1.8104964
-0.14512655	-0.506336	0.31155372	-0.23874027	-0.96683896	0.11037279	-0.2778155	0.97172856	-0.38780862	-1.2904342
-0.49577403	-0.6031146	-0.042363107	-0.54129493	-1.2406445	0.45477962	-0.54511094	1.0326885	0.21464562	-0.9523866
-1.4850184	-1.6972089	-0.9671482	-1.436774	-1.5494965	-1.5211672	-1.3726112	-1.7043498	-1.8819414	-1.8377354
0.38043904	0.31845906	0.6850393	0.11362137	-1.5216118	-0.46600685	0.29387382	0.34583884	-0.39411676	-2.0575147
-1.0263938	-1.678153	-0.70530605	-1.0585206	-1.3563378	-1.4906746	-1.5970708	-0.26552248	-1.652312	-1.5693058
0.26705617	-0.21228802	0.7849605	0.13775723	-1.2767462	0.29681957	0.074894	0.8715496	-0.12153474	-1.3346158
-0.6083085	-1.0034795	-0.20846725	-0.68551064	-1.5838325	-0.94836086	-0.83258235	-0.63369846	-0.5593353	-0.9566439
0.082297705	1.3225684	0.43538547	-0.2543873	-1.1992284	-0.71252865	0.27984747	-0.9991658	-0.5746813	-1.140647
-0.4911628	-0.6150571	-0.070785135	-0.630136	-1.3170696	-0.069629595	-0.18836899	0.50451016	-0.41009298	-1.465678
0.6010475	0.18864423	1.1480817	0.41277015	-1.1971521	1.2961322	0.5534198	1.4235256	0.8373988	-0.9085882
0.5085402	0.65183616	0.62930053	0.39536387	-0.10144982	-0.8565395	-0.9177856	-0.35738984	0.02132513	-0.22722213
0.036066107	-0.035882413	0.32327938	-0.093223736	-1.1480187	-0.45010796	-0.6142851	-0.34729004	-0.43717766	-0.87392694
-1.1817542	-1.4727986	-0.69879603	-1.1527367	-0.26797596	-2.243671	-1.801846	-0.9487677	-1.9531716	-1.2746416
0.71973544	0.11352688	1.3850851	0.58962935	-1.7547824	0.59851336	-0.2925663	1.4324408	0.57470727	-0.7960506
0.5352787	0.041252464	1.1412323	0.2856862	-1.8820368	0.5641046	0.6385635	1.7946136	0.266756	-2.2836754
0.29752615	1.0006897	0.8878628	0.066579774	-1.1680394	0.47022328	2.0398898	1.5067933	1.4319166	-0.59322935
-0.3671531	-0.58826005	-0.116080046	-0.41964012	-1.5286996	0.75202423	-0.26083308	0.2132758	0.59811795	-1.8782291
1.4908999	0.9195293	1.6292342	1.249537	-0.78274584	2.4840713	1.0602884	1.8496091	2.5586836	-0.8590334
-0.22689265	0.33011988	0.23942447	-0.41581744	-1.5343621	0.29001322	0.6648234	0.5624338	-0.41195565	-2.275702
1.824019	1.1934327	2.00269	1.580361	-1.4134134	2.2822614	2.4843338	2.1011462	1.624548	-1.4758208
-0.3732572	0.10807583	0.087762296	-0.5668011	-1.1686385	-1.0850914	-0.9084632	-0.0026761915	-1.1445328	-1.8393388
0.6588096	-0.33792531	1.6806972	0.47776926	-0.8475299	0.35503358	0.7471126	0.8644733	-0.21986574	-1.1817713
0.65182966	0.4466209	1.1889259	0.34386516	-1.1798991	1.2150775	0.19056873	1.9116195	0.6716221	-1.2660878
0.037774466	3.245448	0.2535167	-0.39927083	1.4791751	-0.42398986	2.2713983	-0.4684643	-0.5070884	1.2460946
-0.80736965	-0.7378876	-0.40737066	-0.90652883	-0.6417706	-0.04970113	-1.7124732	-0.17913069	0.027449813	-1.1311314
0.20446584	-0.72772825	0.55880725	0.011669204	-1.9377373	0.1476382	-1.1451571	1.1028125	-0.01200485	-2.0040154
0.47815904	1.5239779	0.802546	0.13233705	-1.088732	0.9408416	1.86247	1.0962219	0.39728355	-1.5641711
-1.0408653	-1.1870265	-0.6292323	-1.0576966	-1.0374539	-0.2027698	-0.01713135	-0.047212046	-0.45922703	-1.3624926
0.37000927	-1.9712272	1.1722981	0.22825043	-1.7053747	0.905072	-1.784896	1.8348892	0.115155876	-1.7531435
0.75440925	0.54636025	1.0095932	0.40324408	-1.5573956	-0.4684794	1.4797289	0.23988801	-0.9738068	-1.1168599
0.24014932	0.0037916005	0.91344225	0.08680643	-1.3890003	1.0429039	-0.1818779	1.1027465	0.98115736	-0.95594996
0.3837438	0.7164389	0.66227454	0.1676896	-0.7684047	-0.38814268	0.66427565	-0.46656868	-0.3150463	-0.9837638
0.956235	0.48653236	1.5151571	0.7527954	-1.5822684	1.337046	1.2720802	2.3041012	1.5057387	-1.8366481
-0.25487953	-0.69635487	0.26687488	-0.37591803	-1.4830462	-0.40804815	-0.95800704	0.23783967	-1.0010307	-1.5259515
0.9842954	1.4189887	1.5136924	0.7628288	-1.0651385	0.91506094	1.9794468	0.7788594	-0.48290014	-0.23764247
-0.4205033	-0.5131906	-0.05410859	-0.5339997	-1.3193111	-0.7791937	-1.4452567	-0.64519954	-1.0540577	-1.2447507
0.26391518	0.10263631	0.5444845	0.13337617	-0.81597066	-0.10236152	-0.5925683	-0.02233917	-0.6113881	-0.20352766
1.4958565	4.4812326	1.455578	0.8443847	-0.7896916	0.19688433	3.1060274	0.1471707	-0.3982319	-1.1237116
0.54362553	1.243618	0.99527	0.27500802	-1.1238135	1.0021974	1.3227018	1.9377947	-0.051231645	-2.1477003
0.41870204	0.69804084	0.8375211	0.10332908	-0.8025446	0.04908073	0.06361935	-0.10231329	-0.7072154	-1.7463729
0.11433958	0.35437354	0.72055864	-0.04575266	-0.9752928	-0.72861284	0.025586663	0.95295703	0.1513966	-0.8549487
0.021018945	-0.014833689	-0.04749766	-0.1676671	-1.0394073	0.6406904	0.17002107	0.42389336	0.639344	-1.3687563
0.9205261	1.5122086	1.2608634	0.65455455	-0.9079361	1.0883605	2.1427736	1.840949	1.3440294	-0.6447269
0.35038838	1.2158977	0.92573273	0.14166652	-0.5590549	-0.36650953	0.98528	0.20421062	-0.5141014	-0.9724654
0.42978412	0.84874713	0.7156776	0.10105465	-1.2862077	-1.1607332	-0.2476243	-0.7355715	-2.1407595	-1.1807729
-0.565689	-0.715818	-0.06550589	-0.60916823	-1.310228	-0.1387921	-0.7433601	-0.46120766	-0.22871646	-1.4892532
-0.82136744	0.95093036	-0.5424197	-1.0261737	-0.52604383	-0.2295154	1.2973942	-0.41838625	-0.5774858	-0.9140711
0.40769193	0.7055427	1.0354335	0.15271325	-1.3335392	-0.10729452	0.26907387	0.703644	-0.49583256	-1.3852432
-0.05705271	-0.1310184	0.38363475	-0.1913379	-1.2358077	-0.98376924	-1.2969074	-0.28767627	-0.7035567	-0.20271567
-0.5802017	-0.307864	-0.20004284	-0.68294466	-1.2000458	0.10271722	0.016434576	0.34357965	0.5633009	-1.1083595
0.3974737	0.12920266	0.9936774	0.20828663	-1.2315816	0.62550306	-0.17452465	0.5808967	0.53264695	-1.2097712
0.32778528	1.8649006	0.6481305	0.03716506	0.23009416	-0.84078443	0.79724467	-0.8652759	-0.72046345	-0.92343295
0.020931505	-0.5611243	0.43405834	-0.12563337	-1.721104	-1.3262985	-1.3684733	-0.7560068	-1.2174608	-1.5338515
0.34936213	-0.25553462	0.7181448	0.1618924	-1.4799442	0.6945405	-0.54471433	1.0931456	0.72531164	-1.6243638
0.5445131	0.66738534	1.0584478	0.3244329	-1.2240492	-0.6283399	0.43062058	0.98598206	-0.6967652	-0.7921968
-0.66644543	-0.38476112	-0.23832634	-0.75624543	-1.347263	-0.33195892	-0.54602176	-0.665146	-0.6995343	-2.1010695
2.020664	2.6891773	2.5538394	1.7271515	0.7557901	0.5903901	3.1532905	1.6026056	0.25854027	0.84968674
-0.13359168	0.35575184	0.3180187	-0.2711997	-0.2172139	-1.6740043	-1.0998359	-1.0821015	-0.83426875	-1.0710042
-0.45195886	-1.1393352	0.15252867	-0.5728482	-1.7889396	0.61301684	0.6091834	1.2448882	0.55057967	-1.7131066
0.48337904	0.9032531	0.54431736	0.316208	-0.17418733	-0.43133995	-1.1044328	0.1606596	-0.63851774	-2.4347289
3.2808876	1.3494303	2.9177878	2.8617039	-0.98883355	3.4441733	0.8815701	2.9385343	2.8705077	-0.702524
0.26562852	0.48464254	0.648549	0.14671649	-0.9170091	0.50246423	0.4942542	1.3793751	0.24287243	-1.9104784
0.011632077	-0.33950925	0.7129867	-0.18414581	-1.1555889	-0.11295391	-0.22590351	0.94546425	-0.95298797	-1.7187793
-0.51306593	0.636083	0.14605403	-0.72871435	-0.9440093	0.13079062	0.7352428	0.83519226	0.018114746	-0.22890419
-2.0671566	-1.7401677	-1.3512468	-1.9767228	-0.3723245	-1.3071767	-0.89911675	-0.9537426	-3.2059765	0.083595015
1.0214182	3.0335143	1.0776349	0.732862	0.4331672	-0.36634725	1.6128107	0.04221041	-0.46833637	-1.6652404
-0.03716416	0.9387255	0.28709778	-0.21028532	-0.1346295	-0.28632915	0.9514606	0.4064803	-0.53124046	-1.4831573
1.2424685	0.50519264	1.5390407	0.9531833	-1.2416227	0.21930459	-0.0856246	0.89409053	-0.6884228	-0.9838818
-0.92265135	-1.147978	-0.4612756	-0.9591877	-1.4863951	0.4554249	0.3747245	0.5491182	-0.33498442	-0.5588788
0.48628977	1.5377089	0.8795996	0.22813968	-0.62143034	0.108632594	1.6896436	0.8051717	0.57049537	-0.7126305
0.52528334	0.20985618	1.1497258	0.31717157	-1.4462864	0.99208736	0.77611125	1.319964	0.8096556	-1.4258505
1.3575369	2.7032719	1.5330642	1.016242	0.4107665	1.3449908	3.603894	1.1067408	1.2138464	-0.61319965
-0.5008127	-0.7454072	0.11106053	-0.6447467	-1.5738171	-0.16508564	-0.3012721	0.3619378	-0.4127014	-1.9254824
-1.3259171	-1.3749663	-0.8263614	-1.3278519	-1.0893583	-0.94728065	-1.4682212	-0.97979236	-0.5709958	-0.5397529
-1.0215803	-0.767377	-0.620808	-1.0707817	-1.5467907	-1.1520098	-1.285932	-1.0020585	-1.0216615	-0.57913184
-1.6260607	-1.5619295	-1.1282613	-1.5542552	-0.56278217	-1.53854	-1.3723818	-0.73518	-1.8462615	-0.18406044
1.4770337	2.3130372	1.8084227	1.1509643	-0.17632118	1.3878152	2.140825	1.8076097	1.6682211	-1.2814726
-0.32196882	-0.22342557	0.00464347	-0.49403638	-0.8804542	-0.6416623	-1.8539349	1.100961	-0.5746237	-0.7082867
0.3541478	0.22772989	0.9460548	0.17110805	-1.0578691	0.36533982	0.1680017	0.62551355	0.09270739	-1.114562
-1.0658712	-0.7655139	-0.5462121	-1.2168694	-1.4064755	-1.860645	-0.79575235	-0.22347125	-1.5250809	-1.2542053
1.168096	1.9882662	1.3185406	0.8638412	0.017449051	-0.15913656	1.5439991	0.08772235	-0.45676824	-0.90484947
-0.10838566	-0.72105193	0.058226526	-0.22582312	-1.2533858	-1.2611881	-1.266205	-0.9917764	-0.7621144	-0.67478776
0.40676382	-0.31844246	0.7521795	0.2218224	-1.7344018	-0.5314503	-0.7716569	0.16886206	-1.0745308	-1.8220319
-0.118954875	-0.7225938	0.28879482	-0.24857499	-1.4810226	-0.12847589	-1.4593319	-0.55862284	-1.2960123	-2.4280317
-0.32148015	0.13498092	0.24751818	-0.4427892	-0.30821973	-0.06539894	-0.09629328	0.96162	-0.5070884	0.22758783
0.03194853	0.04168716	0.4337425	-0.11207299	-1.05227	0.06174317	0.28338316	1.2480803	0.2551943	-1.3472055
-0.5045178	-1.7036461	-0.06353751	-0.54900146	-1.2328496	-0.022461029	-1.7073127	-0.49496067	-0.15538229	-1.82874
-1.0597637	-1.4555752	-0.25545886	-0.96684426	0.89551246	-0.878041	-0.8950017	-0.0011560385	-0.3734144	-0.11735903
-1.284412	-1.1477076	-0.90109	-1.2793074	-0.59907436	-1.3234122	-1.8513201	-0.72037876	-1.6851304	-1.4830575
-1.1058838	-0.7780906	-0.5215306	-1.1845875	-0.957772	-0.667182	-1.0651695	-0.28547466	0.49043256	-0.56477386
0.57736003	-0.15099335	0.9986855	0.38056892	-1.6590126	0.0024863016	-0.050606113	0.23112583	0.14046843	-1.7038412
0.17333037	0.8249277	0.5752735	-0.08532144	-0.49165863	0.6133406	2.1987257	0.79148114	0.1258207	-0.10072829
-2.057867	-1.6019819	-1.4244155	-2.0771427	-1.4279348	-2.2394	-2.105842	-0.80032563	-1.7453402	-1.4871094
-1.4110215	-1.3366034	-0.9723215	-1.3679457	-1.1323264	-1.6837027	-1.73544	-1.0618268	-2.7867002	-1.2582537
-1.1622427	-1.1321862	-0.7668358	-1.2086008	-1.030445	-1.5159699	-0.5940976	-0.95548075	-1.3870112	-1.7066063
0.28700018	0.07721737	0.5631032	0.10057972	-0.90370286	-0.08529004	1.4433801	0.3931442	-0.15474884	-1.1551675
0.22516635	2.4920979	0.3583633	-0.12281081	0.77985513	-0.31573832	2.9155486	-0.33580092	-0.45458087	1.0254648
0.8281384	0.60681164	1.5068828	0.5858283	-0.32995546	0.9989509	0.8498616	1.9310038	1.0123649	-0.29094878
-1.9067998	-1.3179858	-1.1127898	-2.0124288	-1.7456467	-2.1176128	-1.843294	-1.009191	-2.4679894	-2.3940742
-0.7282254	-1.1162244	-0.26555595	-0.7931205	-1.1811745	-1.4184924	-1.5859298	-1.0993842	-1.6912699	-1.1690493
0.59945774	1.7885337	0.939983	0.2666276	-1.1139761	0.53105855	2.7432737	0.42806894	-0.12693746	-1.3119276
-1.6692313	-1.7107353	-1.0133699	-1.6587293	-1.507656	-1.2708744	-1.3632644	-0.313816	-1.2274655	-1.5776758
0.97257596	0.98963475	1.6317694	0.7628125	-1.0737283	0.9700486	0.43768668	1.6730486	0.9174797	-1.5609591
-2.019408	-1.955184	-1.2783767	-2.049332	-1.7219551	-1.6038399	-2.1017187	-0.9450018	0.13034151	-0.6121332
-0.91035765	0.34521642	-0.24725756	-1.0809506	-1.1011584	0.064758874	0.3726087	0.7523751	-0.21213697	-2.3711345
-0.70264584	-0.46176517	-0.20550057	-0.83501625	-0.47962654	-1.2225597	-1.5562027	0.19573261	-0.5789388	-1.7013528
1.2147613	1.3432962	1.4759594	0.9034606	-0.4948293	3.122153	2.3422048	2.9746592	2.7681665	-0.32149243
0.21956158	-0.38771823	0.7996955	0.08770503	-0.93553317	0.40619364	-0.4869846	0.7318841	0.12923366	-0.5943979
0.13614762	0.99609923	0.52140903	-0.17224598	-0.86553705	0.018898452	2.3064208	0.39116964	-0.39789653	0.59080976
2.2059536	2.0270393	2.131708	1.868602	-0.5505959	1.892848	2.2483895	1.4662597	2.1978505	-0.7696857
0.34811255	0.17941251	0.70308685	0.022386461	-1.6554383	0.8337458	0.6430066	1.4913031	0.19677933	-1.8748416
-0.27658588	-0.87440383	0.1484668	-0.3771178	-1.3734913	-0.38730556	-1.0766352	-0.10232586	-0.17283647	-1.1143678
0.270036	-0.12412342	0.82175434	0.053595766	-0.91701436	-0.2244989	-1.1535276	0.7014121	0.16541006	-1.0464149
-0.3309458	-0.2982233	-0.11732003	-0.55338573	-0.91356075	-1.1301031	0.47506258	-1.2326134	-1.5341082	-2.4397943
3.5963118	1.1595247	3.56441	2.9559188	-0.92068744	5.5801187	1.7398517	6.1110826	5.058373	-1.000803
-2.155983	-2.1287093	-1.4123096	-2.0964851	-1.4733865	-1.4726733	-2.0944772	-0.67143005	-2.3073287	-2.9146678
-1.042504	-1.1912727	-0.5698817	-1.0515698	-0.9799434	-1.6760067	-2.0708878	-1.4120988	-1.8005222	-1.4571522
-0.002870448	-0.18015137	0.49895468	-0.16850065	-1.2530382	-0.52945197	0.18443742	-0.14376338	-0.3460697	-0.80096143
-0.3932059	1.2907512	-0.05470708	-0.5190127	-1.2656989	-1.196336	1.4742445	-1.3974763	-1.0678626	-0.44888687
0.07714016	0.7570118	0.4858116	-0.20669115	-0.9066007	-0.7291263	-0.54520565	-0.17089112	-0.82083404	-0.5976698
-0.86361235	-1.1917051	-0.4584796	-0.9284654	-1.8970354	-0.7301294	-3.0757723	-0.86037815	-1.1605331	-1.7949004
0.36633053	0.3709273	0.7933222	0.15895988	-0.8657025	0.8716202	0.5147785	1.5776545	0.2091352	-0.6195779
3.0686257	4.726634	2.8250787	2.5877492	1.4378303	2.7012384	2.857085	1.326794	1.95662	0.6812423
-0.040332563	0.19456878	0.28435096	-0.21663786	-0.9906877	-0.47117332	0.20642437	-0.23560196	-0.9595992	-1.5767483
-0.9582778	-1.0262773	-0.4627745	-1.077069	-1.5793622	0.030610247	-0.9945695	0.6140282	0.06325089	-1.5699402
0.34492067	-0.21318401	0.7507454	0.1320145	-1.505424	-0.412544	-0.32338607	0.41070557	0.042252585	-1.7667772
-0.9147364	-1.1723815	-0.6257535	-0.8976399	-1.3478626	-0.94493127	0.19341832	-1.174559	-1.0104787	-0.85605085
0.13573173	-0.5871524	0.55056334	-0.002439931	-1.203224	-0.29272088	-0.94535637	-0.14782947	0.7450514	-1.7522156
-0.1812898	-0.2883329	0.2510763	-0.36550033	-1.5152793	-0.120512225	-0.112651095	0.61339486	-0.88379806	-0.7149768
-0.007927287	-0.76393366	0.5259222	-0.14512256	-1.8527182	-0.6918378	-0.9024779	0.17330791	-0.46554843	-1.9785922
0.012051813	-0.26904	0.52595615	-0.12901942	-1.9163122	-0.43664727	-0.81062603	1.7623197	0.24581873	-2.0527248
-0.43954664	-0.47288898	-0.0016308129	-0.55726904	-1.2089719	-0.35589746	-0.10679273	0.25847626	-0.5798703	-0.76367694
0.38635087	1.8926497	0.83196247	0.043652207	-1.082787	1.0446104	2.6830275	1.3863688	0.31733325	-0.5669426
-0.85746485	-0.21814832	-0.58707	-0.9212936	-0.92944443	-0.5108131	1.1374426	0.07777511	-0.63712525	-0.94026756
2.1818151	2.814618	2.4726963	1.793937	-0.20915544	1.606979	1.7109874	1.5725619	1.3695923	-1.0030235
1.4881862	2.3259578	1.390535	1.1083469	-0.68649507	0.6550781	1.6998289	1.3918618	0.18084344	-3.185175
-0.86837083	-1.0171525	-0.30738208	-0.97723055	-1.8094019	-0.7939007	-1.2559375	0.08043421	-0.5799814	-1.5608053
2.161467	1.0986676	2.358271	1.8640826	-0.8274461	0.9940169	0.709128	1.6461105	0.7256579	-1.860804
-0.028371789	-0.4484918	0.3953442	-0.16274934	-1.3963872	0.08812137	-0.19549873	0.63188976	-0.06978246	-1.7823777
-0.81152636	-1.0236475	-0.64446926	-0.6468044	0.5558957	-1.2829552	-1.4804649	-0.75595486	-1.5997889	-0.91359854
1.1259528	0.6027317	1.4649085	0.94729817	-0.684834	0.3089215	0.026536735	0.8279869	-0.5700005	-2.3372285
1.1846228	0.51518047	1.4270965	1.0160443	-0.77246654	0.31338763	0.19348212	1.346055	0.2831041	-1.9509511
-0.022979327	0.42743936	0.10493988	-0.21226783	-1.0804147	0.9683563	0.8301412	0.4831471	0.105619624	-0.73522377
1.0268836	0.49734315	1.5837399	0.91360116	-0.72124016	0.60345113	-0.016468598	0.9668765	1.0497547	-0.5149455
-0.44652024	-0.76048994	0.0010861754	-0.5662895	-1.2547038	-0.63598883	-1.0475144	-0.04018385	-0.7162534	-0.6636356
1.1561558	-0.081087634	1.3144742	1.0062757	-1.3892759	0.5827649	-0.9252825	0.91073585	0.13502444	-1.4670689
0.96454424	0.51002216	1.283119	0.78069013	-0.8294132	1.2936567	0.19189219	1.4167382	0.28490555	-0.86831033
-0.15447104	0.2553667	0.79733574	-0.36537084	-1.2401077	0.54085624	0.46471104	1.0256516	0.4191371	-1.0347289
3.952891	2.8034744	3.593123	3.5600145	-0.11262724	3.131311	2.3270242	3.2941928	2.9171093	-1.8012915
1.2561084	0.36802736	1.4903865	0.95278573	-1.4409629	1.085239	0.7515237	1.8641185	0.7484302	-1.6786493
0.33903274	0.9997287	0.83572316	0.04679437	-0.9388771	0.3859069	0.8834636	0.6543036	-0.16767468	-0.9016733
0.46520635	0.058625758	0.9116452	0.33956277	-0.99178314	0.35322917	-0.025731599	1.56392	0.42004323	-0.77708346
0.056986116	0.1988537	0.32185453	-0.2140907	-1.1907824	-0.71213937	-0.68601173	-0.019455912	-1.0913168	-0.6114012
1.2423898	1.5572084	1.7795115	0.7909485	-0.7049797	1.7801839	3.1952274	2.5121915	1.8172512	0.12207128
1.1010703	2.61075	1.39147	0.709252	-0.395194	1.4150227	1.6545967	1.0344064	0.55121356	-1.1851751
0.052605562	1.1972368	0.506564	-0.21240552	0.24270847	0.83175355	2.8419163	0.80291325	-0.35686094	0.16233286
-1.0351634	-1.0232761	-0.6434721	-1.156035	-1.4414581	-1.109426	-1.755006	-0.93398345	-0.37915915	-0.88075525
-1.2937716	-1.4966389	-0.7497606	-1.3475208	-1.3993864	-2.0181174	-1.8935305	-1.1971985	-2.813075	-1.5789438
-0.35748658	-0.5982611	0.08786023	-0.43884265	-1.267366	-0.4640262	-0.08240114	-0.87047625	-0.6766262	-2.1816998
0.9560024	2.6938684	1.279006	0.58194125	-0.27464917	0.8878347	2.924902	1.5865945	0.72360593	-0.6163268
-0.18196884	0.3724695	0.10471921	-0.37974244	-0.956954	-0.9296797	1.1999155	-0.09245755	-1.1465678	-0.64540344
-0.09858198	1.2940215	0.6068099	-0.18252748	-0.24182315	-0.70855933	1.6325271	-0.47101393	-2.113514	2.009021
-1.2292582	-1.0165894	-0.7418797	-1.2752701	-1.0560694	-1.0930394	-1.3872225	-0.6354819	-0.7928024	-0.84079343
-0.24451157	-0.08806163	0.28645307	-0.4234597	-1.3822944	-0.5959961	-0.7061372	-0.22356796	-0.9179612	-1.5493331
-0.10422454	-0.45516288	0.48696285	-0.21514547	-1.3396909	-0.29845926	-0.16687347	0.3722427	-0.22429276	-0.7756674
0.23941287	0.85570776	0.71368736	-0.051787376	-0.5665287	0.6867747	1.5253994	1.52732	0.5457692	-0.15664753
1.9338635	1.4425194	2.2573748	1.574132	-1.0982202	2.218877	2.5442896	2.595398	1.7539873	0.41995224
2.22904	1.8817353	2.3007154	1.9036455	-0.5925636	2.263971	1.9909037	2.8871858	1.6126201	0.1689483
-1.7136441	-1.8682368	-1.020243	-1.6352259	-0.37019873	-2.038403	-1.9077903	-1.2903006	-2.3688588	-0.08448794
2.0705478	2.0700347	2.3159435	1.7004734	-0.29253513	1.7513669	1.5912209	2.4118335	1.3782531	0.15182166
-0.23094505	0.083249	0.25919226	-0.38161772	-0.7572322	-0.4774376	-0.3463538	-0.3336407	-0.21322747	-1.229899
-1.1213242	0.528075	-0.119056076	-1.3432127	-1.0968181	-1.0445744	-0.46806267	0.3002118	-0.91773933	-1.3490394
0.16061741	0.86616004	0.1663028	-0.090802476	-0.7199088	1.9935943	3.1575778	1.7426401	1.2400041	-0.2754069
0.05124583	-0.26246536	0.54293144	-0.1320052	-1.4384171	-0.13820727	0.047759052	0.5959503	0.91600657	-1.7139983
0.6551637	1.6654915	0.85383797	0.2730171	-0.28797385	2.7100463	1.5931545	2.0754683	1.6480091	-1.0283381
-0.024866022	-0.57096267	0.39635438	-0.11857654	-1.2183589	0.7087546	-0.09050745	1.465145	0.341515	-1.0844271
-1.1306193	-1.1608158	-0.69061434	-1.1380551	-1.1633537	-1.444051	-0.7633807	-1.0997872	-1.3632331	-1.8055336
0.6497288	1.3866161	1.0433439	0.39878458	-1.2425287	0.38129693	1.4341272	1.2157776	-0.24725403	-0.8927463
-1.2246383	-1.2830583	-0.77197087	-1.196168	-1.4418026	-2.1277907	-2.713473	-1.4076118	-2.6796112	-1.6159812
-3.2828455	-2.9699402	-1.8732777	-2.951842	-2.1407812	-2.2401545	-1.664973	-1.1514566	-3.2981308	-1.4511645
-0.20662582	4.786403	-0.16712412	-0.8109158	0.8906146	0.544356	5.442819	1.7322423	-0.5941427	0.2784126
-0.06689321	-0.40730226	0.34607363	-0.23839644	-1.7802194	-0.4004369	-0.6099999	0.32558784	-0.5067877	-1.5351015
-0.20885876	1.9087293	0.030587062	-0.55689	-1.2719682	-0.88635147	2.7454112	-0.6875875	-1.6955817	-1.4386733
-0.64204293	1.5673393	0.18757749	-0.7905711	0.5412283	1.7061871	3.6841524	2.9007356	1.3225901	-0.32783383
-0.11348119	-0.08031392	0.31292158	-0.27984476	-1.0882072	0.19731344	-0.055284932	-0.66700983	0.073757485	-0.95610607
-1.5042905	-1.3877946	-0.99083996	-1.4976877	0.13930228	-2.3617997	-0.87014294	-0.727172	-2.35582	0.18086301
0.99434215	1.7118163	1.4071131	0.6089577	-0.7574805	2.295508	1.8786298	2.5915976	1.6663845	-0.8902475
0.017050557	-0.580088	0.40654123	-0.14537127	-1.4998335	-0.21682794	-0.70728916	-0.5421215	-0.41430217	-1.7547004
1.8497953	0.95278716	2.037026	1.6389602	-0.25188923	2.1869044	1.2480973	2.1489859	2.0605152	-0.55649066
0.80072427	2.5493991	0.96593916	0.3242277	-0.89268863	0.059819203	1.1556762	1.0251318	-0.21767084	-1.3407743
-0.10736738	0.402298	0.33256143	-0.27555114	-1.0573397	-0.00042492428	0.23693433	0.6265369	0.63033104	-0.66933095
0.07454065	-0.028822467	0.45489478	-0.19801748	-1.6208062	0.33092052	0.5791991	0.38183784	0.5484324	-1.4365895
0.62584376	0.6229646	1.1610036	0.39892447	-0.4871691	1.8293201	1.5015091	1.9589052	1.1005306	-0.60043573
0.89822286	1.1044106	1.0438545	0.71275496	-1.0172213	-0.9020889	0.7670189	-0.075381845	-1.0587927	-0.96173054
-0.22557044	-0.3759113	0.16301367	-0.4073012	-1.4935648	-0.31969994	-0.5782345	0.4449239	-0.56061655	-1.7795072
0.77797216	1.2511786	1.1914932	0.53288805	-0.90580726	0.30501336	1.1251603	0.94296557	-0.15110353	-1.2266752
-0.7596026	-0.39003497	-0.3490577	-0.82938665	-0.78898233	0.16629274	-1.0020946	-0.8985901	-1.3634771	-1.5828604
-0.27421594	0.3523983	0.046751797	-0.42404118	-0.35346833	-0.9588152	0.845346	1.0512688	-2.0920508	0.7998389
-0.06486267	0.8209789	0.33517092	-0.3278759	-1.1064018	-0.9933754	0.09852188	0.43847704	-0.35978732	-0.8666906
0.63243717	1.0049076	0.9409509	0.361009	-1.1072603	-0.5737176	-0.57375	-0.73520565	-1.4139985	-2.1008945
-0.6679367	0.7350018	-0.39553806	-0.85128146	-1.2185141	-0.47378293	1.7583344	0.15928823	-0.28399608	-0.9618086
-0.8239128	2.0355566	-0.6568179	-1.1324644	0.32345238	0.20768107	3.3993309	0.57380074	-0.43411955	0.31935674
-0.4143098	-1.2683643	0.03087303	-0.5164029	-1.1238304	-0.1679692	-1.5783938	0.029249238	-0.78556466	-1.4293622
0.69410735	1.574968	0.8665402	0.49583173	0.13614106	0.48402786	1.0763671	0.33629093	-0.45641035	-0.5025361
-0.058675922	0.48254237	0.473219	-0.19316907	-1.074003	-0.998366	0.04576165	0.045256462	-0.9679613	-1.4586229
-2.3401394	-2.1295047	-1.5149648	-2.2432532	-1.3720955	-2.4228036	-2.8735216	-0.8560312	-2.145708	-2.6267092
-0.9769225	-0.5059479	-0.6530633	-0.9777654	-0.9494486	0.2664441	-0.14735563	0.83518404	0.029758736	-0.5295663
-0.3148193	0.28822985	-0.055773288	-0.5034015	-1.0263566	-1.5516585	-0.44603422	-0.74784505	-1.1357622	-0.9892157
0.59064555	0.47314695	1.0165973	0.4097398	-0.9598427	-0.09569142	0.41794115	-0.058581848	-0.6487004	-0.67405045
0.9513112	2.2701023	1.2387941	0.6382673	-0.4364318	0.2687967	1.1068687	0.52130574	0.35919917	-0.43805215
1.6768552	3.2057765	1.8221874	1.3915216	1.1366826	0.1014045	2.5245461	0.4100569	0.38994583	0.53269935
-1.2382452	-1.2369606	-0.75279903	-1.2719544	-1.3304751	-1.2729046	-1.4899389	-1.246107	-1.1554343	-1.3505774
0.88726336	0.73480797	1.5414804	0.7010477	-0.8850665	0.8193978	0.8215777	1.4724417	-0.011346362	-1.2997543
-0.2903824	-0.66826975	0.19932278	-0.5074637	-2.040671	-1.2465711	-1.0945154	-0.3598959	-1.0047253	-1.3138025
0.84607667	0.631387	1.1355281	0.5381745	-1.3095917	1.637617	0.7267916	1.4832535	0.9409009	-1.873231
-0.10973243	-1.3045189	0.07735664	-0.16727827	-0.05490005	0.15153503	-0.9728579	0.26032045	0.68659127	-0.68842155
1.2284104	0.934621	1.5539311	0.99148	-0.13903663	2.1056516	1.4475188	1.9980049	1.118198	0.039765477
0.47111246	2.0188136	0.71067667	0.12055741	-0.5374484	-0.5332756	-0.104496196	0.3194774	-0.067306064	-1.2774968
1.4888712	0.12312597	1.7560589	1.3757517	-0.35225224	0.22646242	-0.79185474	0.85135865	0.19906302	-1.210573
1.3043736	1.0146067	1.2809613	0.987818	-0.9984168	1.269294	0.5289296	0.111234225	1.4349169	-0.5669092
0.9827669	1.9578485	1.1410112	0.6399836	-0.8493068	0.68973774	2.0440881	0.35213065	-0.42752948	-1.3509711
-0.6682589	-1.3401704	-0.47362152	-0.5435536	-2.3905506	0.6109449	-0.10246011	0.34683433	1.0884477	-1.3805509
-1.311882	-1.3415968	-0.69476783	-1.3137631	-1.440041	-1.4711528	-1.423429	-0.7399141	-1.5077618	-2.2494662
-0.43135443	-1.2942923	0.04089883	-0.5284904	-2.269429	-0.077200025	-1.2629306	0.7474745	-0.057597067	-2.2274919
1.9839903	1.9654324	2.222096	1.6985476	-0.53025556	0.7426541	1.0789663	1.3339527	0.8257087	-1.0989039
0.01683908	-0.09297173	0.3574516	-0.12723829	-0.8971076	-0.32238057	0.3859001	-0.7298128	-0.18481608	-0.6860614
0.5033734	0.30790898	0.9165081	0.33080733	-1.1799784	-0.99519104	-0.4954337	0.22881573	-0.69428015	-1.2959747
0.65566534	2.077389	0.96969295	0.2407337	-0.8768225	1.8666581	3.0886328	2.4471154	1.4585339	0.19305854
1.1933633	0.4932311	1.7150615	0.83881116	-0.9078914	1.2653862	0.33989042	1.9177057	0.8803914	-0.5729235
-1.2472647	-0.372914	-0.73187256	-1.3645564	-0.99127305	-1.9646168	-1.8922343	-1.0953681	-2.5742025	-1.0787736
-0.939344	-0.9646299	-0.5047182	-0.99944437	-1.2259828	-1.0765013	-0.91281366	-0.79759157	-1.654012	-1.4241323
0.28785852	0.6797347	0.4018138	0.037545055	-1.4672643	0.10709154	0.7238685	0.11829454	-0.7611319	-1.2617738
-0.54814667	-0.51503414	0.2437267	-0.69454324	-1.4505447	0.18296729	1.0066779	0.8297113	-0.41923124	-1.0702287
1.1162868	0.0009726435	1.6312749	0.9161105	-1.1042995	0.14427435	-0.41056278	0.20934027	0.38377714	-2.0208814
-0.10109211	0.6664479	0.18198165	-0.23111606	-0.5180285	-0.12293318	1.4504145	0.03564327	-0.6198552	-0.83629394
1.5473557	3.140427	1.7360208	1.33477	0.64878404	0.27574882	1.5646651	0.96495646	0.3422218	-0.7984819
0.8771889	2.1668117	1.328298	0.53293335	-0.68694246	0.5029836	1.4173434	1.0518043	0.10897822	-1.6078247
-0.16491956	-0.18255536	0.40370083	-0.40546834	-1.8945094	-1.3762242	-1.0929843	-0.5512203	-1.7334738	-1.1848476
1.5201339	0.5255929	2.0746734	1.17094	-1.2259333	1.2389506	0.3598757	1.7645338	1.4417063	-0.6514087
1.1531287	1.3875605	1.5452234	0.9019302	-0.7043665	1.142088	0.9232206	1.9563836	0.9332079	-0.421532
0.9543583	1.8825827	1.3635722	0.69220394	-0.7317536	0.26174432	0.4897414	1.0468298	0.9878517	-0.33762127
1.6080706	2.1515293	1.4262187	1.2119452	-0.8622174	2.4596071	3.7072756	2.1424065	1.0211328	-0.6136844
0.109959714	0.013348699	0.24286982	-0.050691485	-1.0518436	-0.5140764	-0.46082348	-0.47083545	-1.162534	-1.0956
1.035521	1.4892389	0.87814987	0.7811736	0.151386	0.6420307	2.5349987	1.2269784	0.49876007	2.3615215
-0.1895785	0.04754716	0.1751129	-0.34482223	-1.2157823	-0.6017857	0.043035112	-0.42709875	0.17473564	-1.5844452
-0.09886113	-0.22407064	0.47174317	-0.2938729	-1.4031562	0.29448968	-0.6875697	1.0456996	0.9130116	-1.2076926
-0.81414604	-0.9938475	-0.3474898	-0.8516658	-1.4607948	0.046596028	-0.13894843	-0.056830466	-0.49725202	-0.8074818
0.7442703	1.308519	1.3451705	0.41663218	-1.3581904	0.3888471	0.6096193	1.3986062	-0.2688643	-1.3153901
2.5850182	0.47166798	3.0211315	2.410667	-1.0027633	0.703731	0.1345706	1.242297	0.21942738	-0.72639996
-0.38894376	1.3577517	-0.1557087	-0.7118925	-0.7323365	-0.8138296	0.42700142	-0.099846214	-1.4417717	-1.0147387
0.2541609	0.48717424	0.69550383	0.026840016	-1.2747089	-0.59524566	0.18236525	-0.12902717	-0.22782606	-0.6509222
-0.506475	-0.5110569	-0.0612351	-0.6404107	-1.8285973	-1.2765411	-1.9130424	-0.74595565	-0.46087384	-1.5654339
-0.5630449	-0.91083896	-0.19651863	-0.6955112	-1.3065641	-0.98079824	-1.0491525	-0.923211	-0.318506	-1.1297134
0.6804441	1.1265268	0.93760514	0.39211625	-0.47066018	1.1746893	2.2857823	1.17219	0.59494877	-1.0883986
0.7254498	0.4169564	1.3087108	0.5400392	-1.3150377	1.219644	0.8913004	0.63646686	1.4194231	-1.1600033
-0.17861676	0.100229025	0.2862987	-0.35455552	-1.244243	-0.2736001	0.03324002	0.2208646	-0.0035310357	-1.2926064
-0.48719344	-1.0496212	-0.08249816	-0.5849381	-1.1984041	1.2540468	0.13465717	2.1889632	1.0734876	-2.1058297
-0.71214527	-0.9470961	-0.30010942	-0.7945585	-1.4928535	-0.67242825	-1.5067847	-0.23795974	-0.6762793	-1.1639658
1.6393245	2.6075203	1.661009	1.2838637	-0.37855834	0.51791245	3.616554	0.6674557	-0.27915514	0.67412126
0.8350781	0.18839142	1.4587723	0.60024923	-1.3185327	1.4813771	1.0541171	1.8747184	0.55507404	-1.4682697
0.5573256	0.77961326	1.0279652	0.3667335	-1.0902965	0.81408054	1.7957733	1.3720955	1.2951308	-0.128526
2.189613	3.4194572	2.10987	1.7608292	-0.6960161	1.3769444	2.8390448	2.361156	1.6565307	-0.035723615
0.92263836	0.5545571	1.1542275	0.67103523	-1.4934374	1.3794026	1.1933622	1.4231215	1.0932705	-1.2819575
-1.641724	-1.4335351	-1.1128728	-1.6414292	-1.37837	-1.1286116	-0.6256615	-0.26359716	-2.3404522	-0.99898666
0.43309173	0.324774	0.9396682	0.19832145	-0.22807582	-0.26551577	0.6121928	2.8363228	0.940546	1.6095593
-0.3594476	-0.5693809	0.20374879	-0.5145707	-1.5579579	-0.6092891	-0.2360898	-0.339147	-0.9258081	-1.45331
-0.26043713	-0.5569118	0.056245327	-0.3424725	-1.0938404	-1.0314032	-0.7321755	-0.6001199	-1.2354155	-1.3312205
-1.89193	-1.5138174	-1.1500367	-1.9499924	-0.62584245	-0.79863364	-1.7779412	-0.7513356	-1.7566508	-0.52016276
-1.0950797	-1.1994935	-0.59660244	-1.1430385	-1.5729555	-1.1969752	-1.2663969	-0.8133937	-1.1493981	-1.5332518
3.1852124	6.5444756	2.6711247	2.5482779	1.4296645	1.3669991	5.8777485	1.0276154	0.51772237	2.1052506
0.40241617	0.070881784	0.9868821	0.2427236	-0.9064628	0.34989616	1.2811984	1.5588455	0.56052136	-0.8291414
2.2329888	1.6564305	2.815583	1.8044637	-0.7234666	2.284268	1.6526208	2.5595307	1.7293789	-1.1487106
-0.33459005	0.42741778	-0.119330615	-0.5241126	-1.0335337	0.512638	3.1170888	0.3761339	-0.08609084	-0.8901564
-1.8718696	-1.8173403	-1.2660786	-1.8435917	-0.92057204	-2.6841714	-1.7169663	-0.8117344	-2.6198614	-0.88790584
0.24660197	0.41435614	0.8088753	0.036583066	-1.3412888	-0.8780525	-0.51704484	-0.6180975	-0.9107955	-2.1884403
0.45440802	0.9877149	0.57715166	0.31493306	0.67786646	-0.0058051893	1.3098564	0.6463802	1.0839318	0.8872274
-0.7870633	-0.84105456	-0.5426626	-0.8404942	-0.9034127	-1.2846612	-1.0552312	-1.1480561	-0.4366991	-1.3874608
-0.7944909	-1.0796674	-0.30562958	-0.8581693	-1.7394714	-1.0822521	-0.8031249	-1.045714	-0.88924223	-0.87941635
-1.4480042	-1.2257802	-0.8556913	-1.4411111	-1.1055058	-1.1230556	0.77102095	-0.7151857	-1.9249173	-1.442211
1.4967849	1.6637253	1.708958	1.1888938	-0.26172194	1.645876	1.8029165	1.4534153	1.2865372	-1.7099783
-0.6574262	-0.641664	-0.20976514	-0.628298	-0.796775	-0.3878029	-0.42605832	0.0035847044	-0.24618424	-1.1080756
-0.41748658	-1.0331187	-0.00693202	-0.5264025	-1.2395859	-1.0751094	-1.8876843	-1.3495506	-1.8778698	-0.6546202
-0.348719	-0.7517618	0.1795187	-0.4651907	-1.4890376	-0.15126982	-0.6351947	0.89869404	0.77826554	-0.87131053
-1.3665211	-1.295561	-0.9517243	-1.3407018	-0.8965876	-1.8115404	-1.1511207	-1.7500051	-2.5577145	-1.8745341
0.54166806	-0.5173721	1.0561014	0.4575789	-1.3307294	0.2123828	-0.3107204	0.58516955	0.3848244	-0.9343757
0.95925456	0.6330651	1.2229228	0.69399005	-0.67032784	0.7691581	0.5067876	0.36888206	1.004995	-1.0091864
-1.8632666	0.8529061	-1.4972315	-2.0764766	-0.77492595	-0.7115052	3.524637	-0.014327292	-1.5801519	-0.9249783
-1.0681574	-1.1957744	-0.5910591	-1.111641	-1.3253142	-1.1197797	-1.0432711	-0.22627465	-0.69651884	-1.4182855
-0.30703178	-0.7529528	0.09462364	-0.41275394	-1.4231116	-0.16209184	-1.1643568	-0.03196732	-0.7310808	-2.3790736
0.52507114	0.4083028	1.1110619	0.3022918	-1.0455874	-0.7413634	-0.96090096	-0.72783494	-0.47977868	-1.4543298
1.1499033	0.9828708	1.1925685	0.9377241	-0.76463616	0.29842648	1.5574043	0.21440917	-0.110489264	-1.31997
-1.4379607	-1.4412093	-0.9707078	-1.4245453	-1.1603538	-0.6847137	-1.3378499	-0.46278054	-1.2960123	-0.94216037
-0.022694416	-0.26268297	0.7270944	-0.15252037	-0.7073523	0.13913152	-0.77865255	0.56613415	-0.39923772	-1.1509535
1.7560123	2.456278	1.585555	1.2333066	-0.93338525	2.1079388	1.9947538	2.0717094	2.034992	-0.61419946
1.0292288	0.5265353	1.0323011	0.8144292	0.1633217	1.154251	2.6922753	0.31999245	0.89196706	1.1441157
-0.40937018	-0.87571883	-0.06828797	-0.4916575	-1.326141	-0.40058997	0.12753266	-0.39000234	-0.89527404	-1.2560508
0.90881026	1.446342	1.0057298	0.57377887	-0.54714954	0.84151685	0.48061547	0.9242172	0.49712652	-1.2754799
0.13595226	0.7450026	0.900987	-0.14421247	-1.2327259	0.23504476	0.8083444	1.8292269	0.5714871	-1.4507335
-0.1401127	0.483758	0.49491468	-0.291449	-1.1944152	0.3444808	1.4039456	0.7514101	-0.6605196	-1.0181178
0.7575812	1.3444757	0.74769616	0.38411897	-0.9335505	0.02273487	1.9513398	0.631235	-0.08320392	-0.99803084
-0.96041095	-0.59698784	-0.35617027	-1.0994638	-1.3834705	-0.11187598	-0.16340233	0.5474769	-0.22283402	-0.7676213
-0.51525396	-0.24775529	-0.14340946	-0.6240041	-0.80282885	-0.92737377	-1.3628808	-0.9887665	-1.1848004	-1.3846371
0.91851765	0.88381004	0.9438871	0.61185634	-0.7085161	0.85536695	1.4219215	0.1145997	0.3646863	-1.1041418
-0.19305834	-1.0117952	-0.16128221	-0.19213887	-1.7476617	1.0108547	-1.0118958	2.2405183	0.4424175	-1.1554393
3.9054356	5.7230105	3.9945734	3.3915906	2.404614	4.347079	4.591669	4.2968903	3.8852923	1.2905525
3.6860638	1.7180843	3.4964774	3.2883904	0.1671637	4.0744143	1.5663809	3.5402515	3.5501332	-0.06813616
-0.94309604	0.420148	-0.659932	-1.1539747	-0.99522734	-0.38093308	-0.41765803	-0.15473412	-0.90286565	-1.521191
-0.3158562	-0.07368863	0.1433242	-0.54792273	-1.658241	0.32697895	-0.30522424	1.0085541	-0.21416308	-1.9256883
0.11395683	0.044088334	0.48765993	0.035770997	-0.092267215	1.0138559	1.2934783	0.6442311	1.3155339	-0.44928718
-0.24986169	-0.6793368	0.15602443	-0.40970725	-1.7274319	-1.0622381	-1.7792811	-0.41609302	-1.0633712	-2.1130526
-1.6862222	-1.4361528	-1.2704405	-1.5973418	-0.7689693	-2.6239579	-2.6854227	-0.39004874	-0.5070884	-1.3345867
1.1867479	1.4783648	1.5888262	0.85252655	-1.472767	-0.29352224	0.14809719	0.017547	-1.4091184	-1.9750086
0.49103203	-0.07132691	0.9826354	0.27612895	-1.5150224	-0.09920123	0.37563044	0.86412334	0.067067966	-1.6187584
1.3275924	1.477507	1.7064887	1.0543824	-0.8284582	0.6321234	1.2821836	1.3861263	-0.3055084	-0.92526025
0.25434965	-0.29448307	0.6112928	0.037857816	-1.6292865	-0.76681834	-0.41281524	-0.13723135	-0.39087683	-1.8622892
-0.18977854	-0.9681895	0.2227278	-0.39111894	-1.6809225	1.4026582	0.7733463	1.5498356	1.7394923	-0.14564669
-0.62062746	-0.77029693	-0.23007968	-0.73020667	-0.98358727	-0.9355663	-1.4278976	-0.63405204	-0.42542583	-1.8970149
0.35226578	0.8787459	0.59562814	0.14551805	-0.75733805	0.8468255	3.2458773	0.75984967	1.0259244	-0.49742353
-0.48603973	0.21954367	0.19398767	-0.64536995	-1.0052768	0.047233507	-0.46699652	0.9764606	-0.08616648	-1.6853292
0.26728794	-0.7045009	0.42957994	0.083125606	-0.05814147	-0.45126975	-1.514978	-0.49587274	-0.6550473	-0.25972676
-0.34411222	-0.65000796	0.09131226	-0.4440577	-1.1217544	-0.40761498	-0.18619627	0.84626555	-0.16526617	-0.7943386
0.46317825	0.2552865	0.82637084	0.20750205	-1.2099898	-0.01699724	0.5413607	0.63774663	0.040200386	-1.0578603
-0.40756837	-0.59011054	-0.0974631	-0.5374394	-1.1991324	-1.1649349	0.83748335	0.31196147	-1.1895155	-1.0716835
0.8588773	0.5467241	1.4354208	0.67975473	-1.2514677	1.4081093	0.5067274	2.0153437	1.0372322	0.013527857
1.9913334	5.5079465	1.8184063	1.3799577	1.4255357	1.595364	4.769144	1.2244734	0.79427385	0.32902032
2.7914922	1.902679	2.9291303	2.4791255	-1.1037555	2.867069	2.4549263	3.4321327	2.9336467	-1.2155626
-0.07216376	-0.29343712	0.43457255	-0.25512576	-1.5257195	-0.18593505	0.7644763	0.4649959	0.27849355	-1.995475
-0.5456461	-0.67987096	-0.19953117	-0.6082178	-0.70220053	-1.2929046	-1.104895	-1.0625292	-1.6785023	-0.958845
-0.48265287	1.125562	-0.22924453	-0.76598966	-0.7327647	-0.4168931	1.9990312	-0.021185644	-0.8520466	-0.77927995
0.46065763	-0.12345654	1.2611862	0.3370362	-0.65273166	1.2734276	0.3569214	1.2802303	0.803996	-1.1126812
0.13838279	-0.27626342	0.5138602	-0.03402354	-1.3846345	0.24078646	-0.008543792	0.39349473	0.111546606	-1.5492566
1.2465545	0.90581226	1.6262227	0.88269556	-1.3172545	1.9538556	1.2450895	2.271575	1.5760591	-1.41517
1.3829778	1.6338193	1.6386752	1.1472243	0.074533075	3.2787569	1.7070687	3.7345397	3.2901635	0.47046056
1.4553093	1.7398294	1.7105091	1.1843791	0.1655055	1.8954349	1.926592	2.435748	1.5502292	0.13612907
0.56535774	1.4993979	0.74269056	0.3510393	-0.99060094	-0.73489445	0.09002826	-0.12335836	-1.6923125	-2.3932564
0.35607737	1.8791106	0.7091339	0.009363875	-0.53834164	0.16719534	4.264017	0.5168262	-0.10087123	-0.028389491
-0.78059226	-0.7354506	-0.24425459	-0.8895065	-1.6491917	-0.3048081	-1.1064109	0.7772453	-0.34588572	-1.1120191
-0.51596695	0.41463414	-0.028381735	-0.78445965	-1.3742439	-0.6245372	0.57180864	0.051951915	-1.8149298	-2.2935576
2.505986	5.2682643	2.1078682	1.9487042	1.4716645	2.4831867	4.396188	1.655457	1.771207	1.2823329
-0.32878187	-0.009510994	0.027734756	-0.47815472	-1.1556219	0.7622723	1.1465943	0.67896473	0.34377807	-1.3914418
-0.1952821	-0.5282277	0.5426163	-0.3555354	-1.3683956	0.20285141	0.15024891	0.8399824	-0.4109761	-1.234651
-0.64369655	-0.17104909	-0.22353157	-0.7233441	-1.2226274	-0.81906027	-0.36588785	-0.013833741	-1.9170896	-1.3837821
-0.4395104	0.13007674	-0.10778704	-0.5377313	-1.065105	-0.54959375	0.24084245	-1.2248179	-1.4558686	-1.2716266
0.10025906	0.35221973	0.71289504	-0.10262709	-1.3710924	-1.0937546	0.91541564	0.23225434	-0.31757292	-1.897143
-1.2368618	-1.3423456	-0.6979089	-1.2525544	-0.7272688	-0.5601238	-0.37321472	-0.6061291	-0.74557805	-0.6675067
-0.40874022	0.16299704	-0.08928883	-0.6270808	-0.75133514	0.15423875	0.1544186	0.21318494	-0.54287785	-0.72098863
1.6468158	0.6355269	1.8948332	1.3804297	-1.1680249	2.891204	2.6306982	3.132378	2.2167523	0.83926845
-0.7909945	-0.6623034	-0.480956	-0.9246021	-1.1902385	1.1782123	-0.5643526	0.6107178	0.065513425	0.4054437
-1.2643875	-0.94729054	-0.8013644	-1.3356663	-1.4867547	-1.4280814	-0.8471491	-0.9174856	-1.253436	-1.881868
0.2768242	-0.35384572	0.5746982	0.08006893	-1.7536317	0.198828	-0.082200035	-0.34915373	0.027432838	-0.90566593
0.8063346	0.41975394	1.3475623	0.5836936	-1.087501	0.41978645	0.62144244	1.4794817	0.6513966	-0.5232215
0.007973574	-0.45083475	0.31832042	-0.051053748	-1.1984049	0.22489879	0.7975771	0.90219414	0.46094203	-1.4295312
1.6550038	1.0330886	1.9523501	1.4111445	-0.41851783	1.549842	1.3459358	2.1988761	0.84764045	-1.2479833
-1.2472177	-0.31051257	-0.9016309	-1.3072704	-0.45496306	-2.3177607	-1.4639198	-1.2870264	-1.4102268	-1.5071169
1.5718447	2.5690427	1.4813701	1.2076068	0.049830943	3.2464345	4.1289725	1.8456831	3.336752	1.8717942
0.97869927	1.2573866	1.3677053	0.66912395	-1.0551025	0.81167394	0.9309773	1.4175042	0.020335848	-2.4736695
0.8083452	0.11593911	1.0552721	0.6011264	-1.0666587	-0.07905221	0.73360384	0.20974901	-0.86965847	-0.41767174
-0.95214945	-0.6547725	-0.6991042	-1.0434049	-1.3603716	-0.83065253	-0.61732554	-0.46846488	-1.0806518	-1.5349839
-1.215183	-1.4137431	-0.66781104	-1.2669086	-1.3798355	-1.6346556	-2.0478914	-1.2964202	-1.8815403	-1.4493611
-1.543314	-1.6780869	-1.0187863	-1.4417925	0.0047500134	-1.8361102	-1.7225996	-0.8740337	-1.5237923	-0.9174639
-0.9732573	-1.2633802	-0.4631767	-0.977971	-1.7544293	-0.45114404	-0.8271244	0.008263847	-0.56851965	-0.95679134
-1.5887952	-1.3137896	-0.9359124	-1.5761318	-0.990481	-1.9168415	-1.6463866	-0.16560552	-3.3835242	-1.6642057
0.5050563	0.11834589	0.7591115	0.32062078	-0.531517	-0.39470372	-0.92813605	0.38573113	-0.24109696	-0.70624167
1.5060918	2.556093	1.8046105	1.1316283	-0.66267586	0.4118519	1.565743	0.41585022	-0.056122154	-0.97329646
2.077182	-0.47984818	2.164921	1.7790253	-1.7810391	0.6045616	-0.22475109	0.15596046	-0.06706477	-1.2961581
-0.12295478	0.9247422	0.85777724	-0.38124007	-0.7472088	-0.64202046	1.7557005	0.18383652	-1.2614352	0.94771737
0.5147944	1.7042304	0.64057183	0.18077664	-0.9919603	-0.024285909	0.8285014	1.7036461	-0.35047948	-0.3039045
0.884526	1.7203898	1.1138953	0.5217418	-0.81208134	0.42339227	1.0015574	0.8307804	0.33508664	-1.3445139
0.57561815	0.44701484	0.838837	0.33382398	-1.2464554	0.07033455	-0.052304737	0.4257588	-0.27673566	-1.4022402
0.44165018	1.0577619	0.7968073	0.16474445	-0.8911848	0.6701419	1.7805252	1.4061339	0.82315516	-0.4104373
0.27604404	-0.08251311	0.79572916	0.09123613	-1.3133025	-0.79434866	-0.6351724	0.21863155	-0.69626755	-1.7621799
1.3640018	1.6198976	1.8170376	1.0528842	-0.93640494	1.9578046	1.8485309	1.8641131	2.0721927	-0.26641217
0.29563063	2.2395475	0.43322688	-0.058695152	-0.8995087	-0.59574234	1.5703979	0.083952405	0.073757485	-0.76540977
-0.21738097	-0.27410725	0.2597965	-0.3965106	-1.1124302	-0.39876965	-0.5509999	0.4744971	-0.5269281	-1.2272619
1.5975895	2.2868195	1.5926101	1.3874012	-0.047908485	0.6680143	0.46358064	1.3672765	0.098398514	-0.5986574
-1.0824445	-1.3014964	-0.5623654	-1.1158404	0.2648107	-1.5405066	-2.3399396	-1.2579563	-1.9974734	0.47084856
-0.364369	-0.45206285	0.13201247	-0.49072683	-1.4003448	-0.22530714	-0.07218143	0.20649311	-0.47548592	-1.3931901
0.013336159	-0.35822406	0.4740632	-0.21844164	-1.4744138	1.2012515	0.078883864	1.4344456	1.0601467	-1.586105
-0.5233912	0.018608809	-0.085359305	-0.66698503	-0.91565025	-0.11034841	0.9440174	0.20701933	-0.8620246	-0.68156886
-1.4997475	-1.6072245	-0.97728705	-1.4790787	-1.3483659	-1.2088363	-1.7430013	-0.4348145	-1.3356597	-1.2708118
1.2677572	1.2785659	1.5433204	0.99054015	-0.6590464	0.10220521	1.1921768	0.608637	-0.1442624	-0.70463276
-0.2226485	-0.3342725	0.22396293	-0.3549567	-1.1700228	0.20872091	0.071191944	0.1567505	0.10756037	-1.242268
3.122629	4.4010673	2.661812	2.4548373	1.0940484	1.2562027	3.6137786	0.49085483	-0.00836164	0.7170162
-0.08231173	-0.33973965	0.50207496	-0.23556598	-1.4406422	0.13767876	-0.42557228	0.4012111	-0.28288767	-0.8748578
1.2671158	1.6012478	1.4559331	0.89611745	-0.708964	0.9931757	2.2407966	1.195197	0.9930604	-0.22657764
0.289513	0.50543237	0.50640106	-0.0150476545	-2.218259	0.9503248	1.0971385	0.9383146	0.31357569	-2.1372924
0.12693852	1.1708302	0.587553	-0.15461303	-1.2764016	1.8371578	1.7064569	2.1498992	1.2571827	-1.273519
-0.615306	0.26182994	-0.06247309	-0.7710233	-0.5539056	-0.33363405	1.0264517	0.13898812	-0.7785733	-0.14324148
-1.2024907	-0.6463604	-0.8243933	-1.255984	-0.33612552	-0.09114696	-1.6809447	-0.37333906	-0.5052263	-1.4757107
0.4717454	-0.99825156	0.7772223	0.294613	-0.97977996	-0.2489644	-0.08358149	0.5190727	0.15673283	-1.6538814
-0.46847138	-0.6893165	-0.0032157302	-0.59428114	-1.580047	0.82668597	-0.97867495	0.9937905	1.001809	-1.5629303
0.44669762	0.5058446	0.7514647	0.28768885	-1.1201494	0.049386524	0.2056929	1.0256197	-0.3456391	-1.442659
-1.1285285	-0.8971392	-0.46533713	-1.224075	-1.6866388	-1.1514091	-0.78707325	-0.004302415	-0.93043995	-1.5773624
-0.34750718	-0.42561644	0.031377092	-0.48808295	-1.367292	-0.62464625	-0.25430238	-0.48421103	-0.6309643	-1.0794041
1.2650837	0.96074855	1.6518005	0.89409566	-1.1229949	0.86555856	0.83761036	1.1799215	-0.06364284	-1.1977614
-0.3780611	-0.43159392	0.17608133	-0.44388932	-1.1787697	-0.23710959	-0.52613777	0.19465001	-0.12425883	-1.0496956
-0.12426726	-0.52002	0.37006584	-0.31596333	-1.8414611	-0.83202904	-0.8259626	0.18463002	-0.4546621	-1.216986
-0.7095164	-0.8002945	-0.44830123	-0.817848	-0.8628421	-0.6804691	-0.90428483	-0.13473414	-0.47134143	-1.7415043
-0.6192778	-0.8298403	-0.2093403	-0.6817744	-1.3429966	-0.60876644	-0.7329061	-0.346963	-0.90527415	-1.3297186
-1.0099715	-1.3278215	-0.6054963	-1.0795473	-0.6579323	-0.47508305	-2.0261803	-0.15122229	-1.2676207	-3.6755006
-0.28957412	0.53722155	-0.06045714	-0.49068803	-0.4301935	-1.6510643	0.24653031	-1.5030987	-1.7904019	-0.501133
0.16360003	0.43031862	0.45090383	-0.09989087	-0.8440819	1.1364709	0.95724756	0.62577164	0.7751553	-0.332109
0.81158745	0.09378424	1.3099301	0.64827406	-1.0208985	0.58571434	0.74225134	1.2553371	1.798536	-0.13229102
0.100470774	0.86532164	0.44837672	-0.1027593	-0.5784193	0.14448024	1.926398	0.7553755	-0.009787006	-0.78195065
-0.4716867	0.18185827	0.2736287	-0.71815634	-1.709666	0.018534945	0.14807081	0.42882913	-0.45979962	-2.254716
-0.09924672	0.53369474	0.49955052	-0.28841442	-1.0868009	0.25319475	1.206288	0.6988104	-0.25260067	-1.201033
-0.35671604	0.06813088	0.07196179	-0.55908483	-1.5907851	0.654437	1.108629	1.1474618	0.111307934	-1.3468263
0.28750715	1.2587554	0.6119901	0.022652596	-1.2212284	0.2713953	3.2743874	0.4580753	-0.38318995	-0.70615035
0.349077	-0.32221156	0.7816274	0.22808443	-1.470045	0.124528095	0.13110578	0.8890228	0.10936707	-1.5823492
0.37234673	2.0190303	0.53551054	0.12926786	-0.27789146	-0.102966815	-0.054808423	0.10976867	-0.0641161	-0.8026037
0.9993456	0.84878695	1.538283	0.75359863	0.100239486	-1.583792	-1.0882815	-0.085648604	-1.1042947	-0.870861
-0.2723646	0.18062761	0.09409076	-0.4538769	-0.8859222	-1.1617715	0.028324414	0.4964658	-1.2035761	-0.8719491
1.4363471	1.5678229	2.0283902	1.2077428	0.59675634	2.0669413	1.9937574	2.0288646	1.573535	1.8989879
1.4539794	1.6160616	1.7354717	1.1129527	-0.2974602	1.1952451	1.3920635	1.4105612	0.8713541	0.37861162
2.1373374	1.6218885	2.5110362	1.762178	0.16239986	2.4586985	0.37445042	2.681669	2.5902407	-0.3789492
-1.7082464	-1.925628	-1.1866281	-1.6611481	-1.5410982	-1.5807666	-1.7977792	-1.4690578	-1.4912759	-1.4509617
1.3029958	0.15456423	1.7245758	1.1471428	-1.1140081	2.5872958	-0.42080685	2.750592	2.067233	-1.8564553
0.3605534	0.45072582	0.7144953	0.15190722	-0.2900598	0.45898965	-0.9261126	-0.21571772	0.25178933	-0.3608883
0.8266885	0.8792577	1.1591879	0.49379337	-1.2267083	1.2985101	1.3919083	1.9873663	1.2454921	-1.2417432
0.41438514	0.23893628	1.017056	0.22039457	-0.029518485	0.061460216	0.43406233	0.7639739	-0.3070931	-0.41003248
-0.043581016	-0.5288332	0.60256183	-0.20111315	-1.0529565	0.05688414	-0.4081786	0.4389248	-0.089464694	-0.8937552
-0.25754192	-0.3889876	0.0057647526	-0.35509408	-1.3531016	0.30956337	0.94749963	0.51615405	0.1038057	-2.1214066
0.33415952	0.6189079	0.5898267	0.08572714	-0.8881607	0.13862252	0.34565258	1.2824174	-0.13694437	-1.2319722
0.244546	0.091335356	0.74217415	-0.0084848255	-1.6479651	-0.6218508	0.113094546	0.19975305	-0.22746548	-1.575632
0.25071806	0.94628775	0.51164806	0.06822206	-0.6225277	0.18509664	1.6086409	0.36962757	-0.49535325	-1.1151804
0.56490237	2.5754929	0.70546746	0.07515375	-0.5130483	-0.23024869	2.6347358	-0.8027877	-0.7774065	-1.0813793
-0.34713244	3.016448	-0.09774238	-0.7027032	0.7201687	-1.3097188	3.180469	-0.9345063	-1.9439068	0.40659115
-1.0935568	-1.2659732	-0.60305834	-1.0933526	-1.1074437	-0.4665665	-0.80130374	-0.0072381366	-0.5339955	-1.572197
-0.10392528	0.08863571	0.024849206	-0.20210686	-0.017520726	-1.2361794	-0.63069457	-0.9275902	-1.2007525	-1.0941384
0.47468838	2.3863704	0.79346836	0.16347541	-0.056195527	1.1447722	3.3294134	0.99536794	0.92775077	0.20022571
0.2504464	-0.29877603	0.7064346	0.11772059	-1.3377188	0.3840952	-0.53124183	0.8165775	0.36189	-1.5867466
0.007133268	-1.5848134	0.5914147	-0.071522966	-2.0234742	2.2205272	1.068422	2.5107088	2.0059905	-1.9648397
0.20788771	-0.2498594	0.86576533	0.0008480847	-1.5917581	-0.2096841	-0.15817165	0.19712496	-0.73215497	-1.3352194
0.29091457	1.0531344	0.65715194	0.16588576	-0.00047317147	0.518135	0.035918463	0.5609688	0.45001367	-1.5047961
-0.078951634	-0.56632435	0.3432099	-0.12565012	-0.92253983	-0.65442365	-1.2998257	-0.05020361	-0.044762116	-0.9355818
-0.16323438	-0.9767026	0.106665194	-0.22626324	-1.0562595	-1.078939	-1.8555571	-0.98389417	-1.162373	-1.3481969
-0.6358103	-0.60126793	0.030968845	-0.7502804	-0.90710557	-1.1719931	-0.8786568	0.86920446	-1.6066241	-1.4128035
-0.10831708	-0.267174	0.24602191	-0.26626578	-1.7724799	0.37443125	0.52661085	1.4827921	0.05969313	-1.4667362
0.77328277	1.2076708	1.3100095	0.53767115	-0.94066274	0.4307827	2.2460976	1.484717	0.41268063	-0.8857986
-1.0778956	-1.2329714	-0.68456686	-1.1322646	-1.4644188	-0.59275776	0.5495461	-1.2023023	-1.0539955	-0.48125184
-0.029194362	0.10054648	0.34044796	-0.16897245	-0.8707466	1.7845224	1.1783019	2.2392716	1.4292507	-0.4671491
-0.1406833	-0.12488896	0.34917015	-0.3125835	-1.4459307	-0.15227227	-0.20034295	0.4244234	-0.13608323	-1.7461038
1.1248057	2.1856806	1.4633019	0.7589778	-0.20675042	-0.25944623	2.3186605	0.20556045	-0.56927055	-1.0492777
-0.559766	0.70558035	-0.33712873	-0.73809886	-1.2503219	-1.1197174	0.5745648	-0.52099264	-1.1684171	-1.888576
0.2601807	0.73876834	0.52997816	0.089718565	-0.43056118	0.614709	2.099983	1.4117527	0.44618842	-0.7301209
-0.46550456	-0.90086627	-0.040340275	-0.586322	-1.2833083	0.7008671	-1.1048044	1.183014	0.615233	-1.6720243
0.25013247	0.9761987	0.50958955	-0.052479804	-1.1213117	-0.032871164	2.046524	0.60538375	-0.8150463	-1.107536
1.8177645	2.8285544	1.555589	1.4071635	0.23066893	1.414529	2.9163857	0.81769645	0.3699109	-0.61994576
-0.014515109	-0.19501768	0.5941161	-0.21650472	-0.95112336	0.32121766	0.45152074	0.7156099	0.111650825	-0.93547356
2.2342846	4.225016	2.2317193	1.7682886	0.31058946	3.2816153	4.0664773	3.5692492	3.242013	0.126138
-1.6476572	-1.6396738	-1.0938867	-1.6190147	-1.4546715	-1.5804138	-1.2984437	-0.30938092	-0.8653074	-0.9382289
0.022973433	0.86641	0.56979954	-0.23310286	-0.9200274	0.34691405	1.6064888	0.8802814	0.30055436	-0.6492563
-0.69985145	-0.8813443	-0.16965422	-0.7141969	-0.6534427	-0.43361318	-0.46652073	0.13498184	-0.4557422	-0.7472938
1.5714818	3.5324833	1.6450171	1.155073	-0.47752178	1.2437037	3.557842	1.653974	1.4533056	-0.4802774
-0.16988254	-0.565577	0.2663355	-0.31042045	-1.5969617	-0.40336415	-1.0223639	0.2217194	-0.28209886	-1.8370616
0.9215198	1.4545866	1.230431	0.6219125	-0.53591913	0.70721924	2.8798323	1.0353993	0.5095001	0.9325231
0.66984046	1.110319	0.83218026	0.47699565	-0.75566316	-1.246758	-1.1465979	-0.6114121	-1.4176557	-1.7160383
0.80426556	1.5727437	0.8551121	0.544299	-1.1762422	0.40372705	0.4467982	-0.07148264	0.30603164	-1.4366615
1.7119131	2.1109285	1.6997275	1.4357672	-0.1863982	1.2211871	3.0305512	1.295303	1.4057063	0.64694005
0.63070554	0.3546534	1.1529813	0.535898	-0.7213149	1.2451117	0.03625597	1.5078499	0.980254	-0.5987157
1.5397408	0.9681697	2.0934556	1.2373371	-1.0694852	1.0627931	0.9848191	1.1877785	0.6951781	-2.4932973
1.8574247	0.20710829	1.8689996	1.730827	-2.2310014	2.1559112	-1.5803787	1.4485216	2.0765672	-1.5886298
-0.39188167	0.2236732	-0.1645371	-0.46765184	0.33935902	0.43222582	1.8382443	0.43461898	0.27763885	2.4316947
3.6353595	2.2623305	3.3550751	3.2102673	-1.3792297	1.6469516	1.5504538	2.4115732	1.0095366	-2.5951195
0.6572475	1.5392501	0.9572506	0.3585831	-0.34578526	1.2255533	3.0865972	0.784638	0.72359157	-0.29320332
0.009485565	0.14642435	0.34571227	-0.1306834	-0.30396938	0.32517332	-0.07123229	0.26778832	-0.2020668	-0.8771472
1.068692	1.8930569	1.3633285	0.6646857	-1.1567289	1.2721459	1.0707325	1.3918016	0.9796385	-1.5726188
-0.82565945	-0.9855007	-0.35049424	-0.8950127	-1.5406176	0.23061547	-0.09873139	1.1482532	0.3114831	-1.6313095
-0.36598262	0.8661734	-0.041557282	-0.5828699	-0.49488384	0.08442902	1.3024406	0.7878118	-0.8315538	-0.3534405
0.45629135	1.4302008	0.8339708	0.06640045	-1.4649656	0.50212455	1.8770037	0.9210715	0.14181925	-1.1030552
-1.1774504	-0.7921182	-0.6720469	-1.3139398	-0.46986797	-1.460277	-0.24610199	-0.14931576	-1.325891	-0.66651213
0.555587	2.65748	0.8913157	0.1454346	-1.0851703	1.4568075	2.978477	1.3337995	1.242275	-1.1438342
0.14386952	0.0465883	0.5022097	-0.055199355	-1.2790085	-0.37833703	-1.7980318	-0.3131792	-2.553338	-1.3040123
0.7985471	0.7055936	0.84480095	0.5372137	-1.2653699	0.51383495	0.3114098	-0.03548693	-0.29873464	-0.8674352
1.481588	1.0151488	1.8867099	1.1992458	-1.4197234	1.9553225	1.5599812	2.2121873	1.1078129	-1.4252062
0.24269775	1.0334713	0.5548136	-0.06695226	-0.6831143	1.1090684	2.329707	1.2931354	0.20666166	-0.052026547
-0.0647786	-0.35376316	0.43795475	-0.24935585	-1.2218367	-0.058797605	-0.65222126	0.19389771	-0.31164458	-1.4048072
0.8861502	2.3810282	1.151631	0.5161954	-0.6192554	0.29419696	2.0516286	0.6578348	-0.328904	-1.3500586
-0.14247176	-0.8402991	0.18695715	-0.27948815	-1.2989713	-0.38779664	-1.515931	0.13015586	-0.49038944	-2.0902994
-0.17652485	0.7190857	0.21571614	-0.3862018	-1.0102096	0.578682	1.2528607	0.49174988	1.2704765	-1.7326779
4.1738753	5.075875	4.2232766	3.5827863	-0.003934443	5.1193113	5.2800174	5.2037134	4.83976	-0.83044004
0.9134336	1.5197241	1.1779007	0.640842	-0.90743494	1.5899282	2.1898985	1.604163	1.8736845	0.31041223
1.3579775	1.5954329	1.3020449	1.1910938	-0.6504402	1.8873057	1.6279261	1.5528665	1.6282616	-1.2443296
1.0782449	0.17509058	1.5141428	0.8930744	-1.2779145	1.699259	0.8477676	2.3217967	1.7757717	-0.5122866
2.639469	4.002271	2.347236	2.183978	-0.34391415	2.7915409	4.2554975	2.8485534	0.9783384	-0.6002126
0.97309035	-0.36258197	1.7902652	0.7937281	-1.4496773	1.1249187	-0.69382995	2.3660595	1.2619371	-1.9143533
0.72915334	0.33158007	1.243796	0.5219519	-0.954543	0.44620526	-0.48863962	1.5620731	0.9216808	-0.36181653
0.2471444	0.31523016	0.7095192	0.046740264	-1.6135634	1.759555	0.4118635	1.9491255	1.6137353	-1.5512506
0.5746633	0.8032143	0.8799511	0.2959516	-1.337852	0.17809394	1.5861485	0.6715834	-0.6154983	-0.6667462
0.13946614	0.27226767	0.43249887	-0.11214565	-1.7821984	-1.093361	-1.2648259	-1.03324	-1.5070884	-2.0176423
0.38361272	-0.020458102	1.0120287	0.11726968	-1.4667761	0.23620903	-0.8116162	0.23583591	0.34591773	-0.9750286
-0.8184594	-0.7130066	-0.42676184	-0.9446828	-1.3168888	-1.2830888	-1.0846971	-0.62511957	-1.4213196	-1.3336924
-1.3896075	-1.5772808	-0.9251493	-1.3697407	-1.8601385	-1.2245667	-1.5504968	-0.5497483	0.009500112	-1.686701
0.5298897	0.24067229	1.0986404	0.49540162	-0.63197184	0.550232	-0.93874234	1.3965875	-0.08864555	-1.1076357
0.13700461	-0.016077548	0.5428299	-0.0894158	-1.3046721	-0.6764102	-0.3130345	-0.6630952	-0.44225818	-1.3535726
-0.44536102	-0.41088384	0.22898123	-0.6144332	-1.4068952	-1.0149488	-1.003067	-0.8246775	-1.1369745	-0.9966075
-0.3839611	2.9128237	-0.10084447	-0.65507966	1.1736289	-0.13481697	1.5513381	0.71981853	-0.25228086	1.2223163
-0.1289579	-0.31696412	0.27985793	-0.29244757	-1.312648	0.51282513	0.6527395	0.056948382	-0.39685386	-0.65698385
1.8856256	2.8883615	1.9179678	1.4392908	-1.0066082	0.4657352	1.1866869	0.7045089	0.37954694	-1.5947802
0.4431	1.1257896	0.84371126	0.26848853	-0.91945875	1.5184152	1.1679275	1.5497723	0.9124942	-1.7237278
1.0797044	1.8851478	1.3021652	0.7730032	-0.7481874	-0.20049185	0.5503141	0.7809791	-0.58243585	-0.6466979
-2.060043	-1.8738002	-1.3366035	-2.0092936	-0.520753	-2.727742	-2.9411042	-1.2967502	-2.1822658	-1.0002198
1.3169613	1.6491892	0.94983494	0.9178879	-0.47614107	0.362997	2.0633671	0.69841754	0.053986948	-1.0607939
-0.29696345	-0.07321015	0.07423058	-0.39695656	-0.7974417	0.2401061	0.0787779	0.9639412	0.04662056	-0.8138198
-0.58280927	-0.65736794	-0.25009724	-0.7556664	-1.8119978	-0.54513526	-0.4294258	-0.44743958	0.0068817884	-1.0926267
1.1508423	1.5275562	1.506354	0.79346013	-1.602237	2.5028617	2.7377305	2.4831123	2.6904204	-1.047029
1.7358457	2.5545096	1.7375294	1.3590876	-0.351326	0.63211113	1.9338301	0.46191317	-0.044762116	-0.5502779
0.33973476	0.20504144	0.960253	0.09164478	-0.9986007	0.799051	0.023137856	1.1862404	0.061579574	-1.7270187
2.653499	1.8714914	3.1044667	2.2641106	1.1575019	2.980635	1.6093326	2.9962244	2.771082	0.48057532
1.7829572	2.2419055	1.7986032	1.43991	-1.1744512	0.866071	0.27025625	0.99892616	0.49112985	-1.5964622
-1.2337627	-1.6036179	-0.7746682	-1.2487084	-1.714721	0.1554642	-1.3095555	-0.13468434	0.20695178	-1.9178603
0.5695671	1.7688928	0.7205329	0.17135172	-0.81878996	1.6514164	2.075722	1.5471922	1.1449169	-0.3907929
0.4667618	-0.21593212	0.8274596	0.26599914	-1.2625756	0.32634416	-0.2794155	0.348062	0.14171393	-1.3418967
0.15575027	0.6655884	0.41750872	0.046177268	-0.5340986	0.31123576	0.66594845	0.44245136	-0.10627413	-1.1178409
-2.3151696	-2.176654	-1.4952445	-2.246141	-1.577615	-1.953615	-1.8782058	-1.3084791	-1.9018849	-1.4970027
-0.7048518	-1.2311951	-0.25764582	-0.7194049	-1.6997677	-1.0646195	-1.158225	-0.66166073	-1.0697066	-1.5991815
0.02753257	0.16001475	0.39449558	-0.18696578	-1.6286601	-0.04399675	0.15525663	0.7205719	-0.3126003	-1.5148697
0.13590801	0.58290017	0.2893118	-0.081857145	-0.4932143	0.4512647	0.850712	-0.2465429	0.4311643	-0.61692715
-1.413108	-1.6146986	-0.90642214	-1.4157728	-0.97230875	-1.4737437	-1.4766418	-0.48616025	-1.8723586	-1.0083654
-0.44871202	-0.116787046	-0.14506581	-0.56945014	-1.1484352	-1.7455232	-0.82651216	-1.2394074	-2.08317	-0.2950388
1.2915953	2.3981676	1.341902	1.0032308	-0.54650635	-0.24706468	1.1138527	-0.2603284	-0.47230163	-0.23575482
0.34199023	1.0178875	0.5881566	0.069732025	-0.68678546	-0.86673373	1.2108216	-0.66513973	-1.5499301	-0.30852735
-0.27359977	-0.2956623	0.41372085	-0.5003802	-1.843531	-0.70421845	-0.095648505	-0.4240168	-0.8540059	-2.200152
-0.3709181	0.22237363	0.09420359	-0.48130715	-1.1766806	-0.5727216	0.09976999	-0.24442546	-1.1452048	-1.396229
-0.38395876	-0.12208131	0.036071613	-0.51839286	-1.2420113	-0.7758848	-0.50237125	-0.13829556	-1.6014152	-1.6353481
-0.33258602	-0.7451651	0.103744626	-0.5146874	-1.4136357	-0.69987833	-0.290853	0.1366326	-1.0229399	-1.1758567
0.34230325	0.81204736	0.8257991	0.07611404	-1.2735004	0.5638828	3.244399	0.6566608	0.24997687	-1.9289562
1.0279785	1.8182695	1.385197	0.7121408	0.11200297	-0.50642604	-0.32486928	0.4710363	-0.9843479	-0.93258846
1.8875734	1.8096769	1.9488254	1.5019848	-0.44111234	1.0460393	3.3715177	1.2272245	1.6678458	-0.23399058
3.150601	4.231251	2.66104	2.6577435	0.6331973	2.707641	4.186975	2.014941	2.051025	1.3104714
-0.54298747	-0.23582116	0.04390502	-0.7362321	-0.95114684	-1.8847452	-1.466598	-0.36206508	-0.6885058	-1.7243184
0.40294674	1.389382	0.60254735	0.12980582	-0.77096623	-0.15844472	1.0626372	0.30122477	-0.104552925	-1.0959259
-0.09817383	0.28733692	0.26750508	-0.3013355	-0.9172138	-0.52872235	-0.33258343	0.27374312	-0.6582292	-0.96947974
-1.4814825	-1.3888068	-1.0950338	-1.4827281	-0.8812585	-1.3616832	-1.5217818	-0.17164505	-1.077439	-1.1709918
0.115627594	1.124546	0.41516855	-0.05804488	-0.17421648	-0.9199346	-0.79681176	-0.108086646	-0.18481608	-1.2809303
2.3496783	4.3177176	2.0361943	1.7250907	-0.45435795	0.6193753	5.4762216	0.7426966	0.16923353	-0.13663094
1.8127779	0.39116094	1.7398993	1.5091655	-0.75801617	1.5685228	-0.5234556	0.8565634	0.43028542	-1.1075643
-0.7874445	-0.53643703	-0.31121	-0.9566034	-1.683264	-0.92302406	0.98494154	-0.40837875	-0.87877125	-1.5450687
0.27617857	-0.5293399	0.5788709	0.20770739	-1.1775287	-0.9142593	-1.1059455	-0.23074257	-0.66233623	-1.3499322
0.90136796	0.5349456	1.3157942	0.6016312	-0.79950446	0.8113935	1.6742573	1.3482839	0.27217394	-0.7742752
-0.14450356	0.4950715	0.1790461	-0.40980136	-1.0746596	-0.6721591	0.32246834	0.08577986	-1.4406412	-1.0234199
-0.2710892	-0.96301985	0.23008823	-0.42789406	-2.254336	-0.13666041	-0.48685807	0.73717546	-0.68160295	-2.6425233
0.9595652	0.9347645	1.2071623	0.6981045	-1.3530074	0.60447484	1.4579773	0.769691	0.2441271	-1.3755149
-0.1764301	2.9876728	0.11703636	-0.6632233	-0.93325484	-0.66078687	3.769428	-0.0153540205	-0.6603613	-0.80715424
0.2272388	0.9348643	0.6697823	0.051728502	0.24974552	1.5691414	1.9295465	1.3223205	0.94712865	-0.24681589
-1.8239017	-1.9977039	-1.1444664	-1.8593966	-1.5545171	-2.1322944	-0.9613725	-1.0099218	-2.3014565	-2.5525327
-0.17842469	-0.6121579	0.10533765	-0.3025278	-0.8181019	0.36916047	-0.41275024	-0.0964577	0.040200386	-0.8818056
0.14315197	0.7859831	0.63072103	-0.1750593	-1.3501259	0.67733866	1.3923138	0.058157254	-0.23823002	-1.2459466
0.9902459	0.8785255	1.5228381	0.81120384	-0.9974127	-0.11940639	1.1917905	0.15415037	-0.4628845	-0.3792569
1.1434602	2.5461342	1.3022069	0.8104985	0.3744075	0.49659863	2.4441035	1.4095343	-0.0014372296	1.2822084
-0.33216304	2.3663998	-0.3031228	-0.6860673	0.75256073	-0.79717934	3.853294	-0.2664927	-0.8340302	1.1345787
-1.5804133	-1.7317895	-1.0808567	-1.5549958	-1.2529417	-1.7386979	-1.8371102	-1.1917434	-1.9546905	-1.3991345
1.1014906	1.526319	1.5626473	0.7810492	-0.9569484	0.80400217	1.2099067	1.0983912	0.73353857	-1.4340811
0.61541086	1.3100239	0.9378066	0.4520887	0.25004664	0.082681075	1.1635082	0.07520018	-0.13385336	-0.97902316
1.873619	2.8279111	2.2988636	1.5229778	-0.15614222	1.0711452	1.9760896	1.6515688	0.56432796	-0.35597575
0.24496585	-0.07330468	0.27523538	0.027608499	-1.7532197	-0.52625674	-1.1489172	0.03212396	-0.47740695	-1.662321
-0.049419858	-0.56173134	0.35584316	-0.15891102	-1.514284	-0.07910144	-0.22996317	0.5254626	0.12851328	-0.8170016
-0.9001576	-1.174721	-0.3984966	-0.94755113	-1.4125148	-0.3029852	-1.4375043	-0.59952885	-0.5507484	-1.1978964
2.0627015	1.3063527	2.2465465	1.7003195	-0.8458921	1.8088899	1.9972899	2.4233592	1.4408386	-1.0971051
0.8806582	-0.48517907	1.3863852	0.59688306	-1.589061	1.4495199	-0.23746258	2.1484618	1.1983734	-1.997423
0.3916184	0.012770906	0.6714978	0.2012323	-1.0536797	0.9467977	0.19598472	1.0474747	1.1082102	-1.1064738
1.1593347	1.2032887	1.3848047	0.90756047	-0.39260298	1.5290332	2.4777782	1.7376857	1.0637654	-0.17129533
-1.0815389	-1.1228149	-0.5447718	-1.1597917	-1.2677635	-0.30401868	0.22516714	-0.07932364	-1.121041	-1.0377895
-0.83799666	-0.8098371	-0.5600611	-0.95335895	-0.87442005	-0.92031413	-0.70249134	-0.5468673	-0.61519337	-1.0302916
0.99082595	3.6434631	0.6369039	0.5425101	-0.20748278	-0.13551697	4.8260717	-0.4690536	-0.70578444	-0.5081755
-0.013581306	1.4564679	0.5315834	-0.27974063	-1.1953171	0.15310137	2.720899	1.1005133	-0.7149862	-0.7380318
1.4376976	-0.45117623	1.801346	1.3189441	-1.6461487	2.323007	0.054407783	1.9402434	2.5490313	-1.600047
0.45388314	1.801677	0.772627	0.1725537	-0.06294963	0.4562216	0.32056317	1.0777141	0.02556449	-1.6248581
0.42251924	1.003424	0.40962088	0.20337828	-0.10643348	0.19013828	2.6611474	0.81810635	-0.023156082	-0.705087
-0.78334683	-0.29442373	-0.3625963	-0.9066788	-0.5988096	-0.60655576	-1.5603682	-0.35622397	-1.213697	-1.45935
0.33957714	-0.72258663	0.914045	0.1125675	-2.4092288	0.6341248	-0.18970735	1.4091369	0.111251004	-2.1485941
2.8852398	3.660887	2.6374774	2.3913996	-0.114280164	2.9335442	3.3406744	2.9216154	2.4211204	-1.0362264
0.86462545	3.540479	1.2990166	0.41541988	0.16730323	0.25992295	1.4722117	0.77636063	-0.7221284	-1.0629312
0.88473964	1.8804533	1.3219949	0.612881	-0.7656208	-1.3674904	-0.027901756	-0.66448826	-0.77019334	-1.4177531
-0.005936034	0.7816646	0.26617858	-0.19659345	-0.36325967	-0.5461314	1.5835683	-0.852573	1.2365977	0.57227665
0.20915371	0.5353898	0.54272556	-0.032725796	-1.0476468	-0.010920242	0.756181	0.16705698	-0.3737091	-1.2804745
0.7677119	1.9990716	1.0225567	0.5237236	-0.000580132	-0.9670119	0.5202536	-0.068115845	-0.9627679	-0.4461789
-1.1576549	-1.2739271	-0.62005067	-1.229668	-1.7014736	-0.93030787	-0.791561	-0.22889371	-0.76480407	-1.7040781
1.6084834	0.7190281	1.7025539	1.3126671	-0.04844916	0.9612059	0.32734492	1.5858753	1.1148988	-0.5937545
-1.3451787	-1.4451339	-0.6956245	-1.4077269	-1.579679	-1.5943145	-1.8584297	-1.3088682	-2.3774586	-2.2143555
0.48820946	0.3755494	1.0156226	0.29199553	-1.4037522	0.22073466	0.75761676	0.2748391	-0.011205018	-1.0817007
1.8805442	1.3787771	2.195451	1.614134	-0.40531257	2.4841185	1.3969194	2.4341943	2.0009673	-0.098434195
1.0099914	0.9280584	1.628028	0.8536571	-0.85524833	1.0656667	0.46444574	1.8658924	1.9914694	-1.402018
-1.3398782	-0.85713065	-0.8931893	-1.3938649	-1.483179	-0.9996837	-0.46026453	-0.37201735	-0.93789434	-1.3011525
-1.2762382	-1.4339204	-0.78873444	-1.2808195	-1.3947678	-1.105424	-1.3459994	-1.0832456	-1.2215806	-1.49666
-0.8915871	-0.56003106	-0.5956472	-0.92285687	-0.7589328	-1.1783907	-1.5270172	-0.41625234	-0.9624782	-0.7108189
0.94728595	2.0466402	1.320625	0.7203696	-0.21668962	0.52803093	2.8127084	1.1351897	0.13652292	0.2732822
-0.93096745	-1.0420982	-0.33645764	-0.9996684	-1.5478607	0.037686337	0.54328364	0.6484157	-1.1762793	-2.3502343
0.9524061	0.5156777	1.5375553	0.7625912	-1.1037558	0.71290994	0.2440077	1.4653118	0.09972672	-1.3396724
-0.0599093	-0.023898572	0.45408422	-0.28117144	-1.2293057	-0.6062438	-0.25736105	0.2061563	-0.6949596	-1.1207842
-0.3707597	-0.51235974	0.16777906	-0.469249	-1.3741322	2.435942	-0.31872714	2.4812024	2.189128	-1.5440646
0.19316936	-0.2943548	0.5398445	0.0062711537	-1.1051484	-0.48749506	0.55200166	-0.26471582	-0.7900112	0.0182789
-0.20432979	2.2497056	0.13745809	-0.6024896	-1.0729784	0.1920737	1.0706769	0.70059454	-0.2681989	-0.120986044
-1.0408902	-1.2839496	-0.444643	-1.116302	-1.7457167	-0.829085	-1.1011333	-0.22765298	-1.2940742	-1.3389701
1.3565682	2.7325528	1.5442132	0.7979591	0.6245794	2.1883826	4.4896607	2.3636734	1.3255849	1.3466489
-1.0600988	-1.0962616	-0.61251724	-1.0870001	-1.2974006	-0.22102053	-0.66834223	-0.83518636	-1.5688138	-1.6588285
0.06861367	0.42309406	0.7481111	-0.08983351	-1.2071702	-0.801532	0.94076747	-0.96072227	-1.116052	-1.7023258
0.7276237	0.62974226	1.0911365	0.43343967	-0.88042605	0.29430437	0.6935994	0.9040762	0.24298897	-0.23579508
-0.068698995	0.008956283	0.36498833	-0.21104397	-1.2435591	0.19176139	1.1332898	0.7843186	0.051774397	-1.2495432
-0.20628798	-0.117737904	0.46664086	-0.32352084	-0.7402324	-0.00859695	-0.704874	0.8821397	0.7394751	-0.8912885
0.57965225	1.196293	1.0282319	0.37709486	-0.57500684	0.6300866	1.4950359	0.925281	0.07916632	-0.9079973
1.1011927	1.0925115	1.7034819	0.7529899	-1.0238451	1.7093055	1.7916648	1.8764019	1.077295	-0.8730172
0.22830403	0.83751905	0.7824116	0.046017274	-0.96983886	0.046940923	-0.03805804	0.31577525	-0.6762793	-1.3753115
-0.23351204	-0.23323843	0.08358249	-0.49422038	-2.1272917	-0.68605673	-0.64477056	-0.42756572	-0.70689815	-1.9075736
-0.93452984	-0.7725291	-0.29212853	-1.0522184	-1.4015368	-0.7503059	-0.8642039	0.011522803	-1.2475017	-1.7827336
-0.98883146	-0.68909603	-0.59804773	-1.098323	-0.283161	-1.2321376	-1.4312809	-0.9548589	-0.7730704	-0.94309056
-0.4556389	0.3252447	-0.13283399	-0.6324488	-1.0861391	-1.1751417	-0.85379	-0.44043028	-1.5116819	-1.3690677
0.9839067	-0.3642354	1.4934083	0.7843514	-1.7462387	2.7373607	0.2841483	2.4157805	2.1089396	-1.0802336
0.31574646	0.23140243	0.69356096	0.19027974	-0.21454349	0.12398658	-0.80276406	0.006902383	-0.34981677	-1.2982196
-0.07279246	0.13185087	0.39311555	-0.27631027	-1.1562967	-0.6712434	-0.7516976	-0.024502298	-1.0492113	-1.3470699
-0.9177166	-0.5442378	-0.7273209	-0.99274206	-0.8004336	-1.3723434	-0.98266286	-0.6507017	-1.4687606	-0.95757765
2.9396162	2.0350983	3.3031158	2.5380797	-0.118195534	1.8700477	1.424654	2.43657	1.5427163	-0.9457726
0.48322174	0.75766194	0.73032784	0.32479072	-0.8403765	-0.8133369	0.067775406	-0.42351475	-0.6590743	-0.3436409
-0.50429416	-0.25347742	-0.20234594	-0.5899501	-0.8496648	0.60485065	0.09691513	1.1002588	0.028934347	-0.6956879
0.37483284	-0.011081666	0.8532903	0.15493251	-1.4764215	-0.07817218	-0.67205346	0.74810857	-1.023852	-1.1052353
0.9735021	0.5300691	1.3151435	0.72626185	-1.1978511	-1.0785214	0.7278305	-0.085622795	-1.0057609	-1.6497422
-0.74614185	1.9745162	-0.54874825	-1.1881992	-0.9448004	-0.87981445	2.2793894	-0.32892582	-2.0421813	-1.310112
-0.7013491	-1.0541712	-0.26221526	-0.73335594	-1.6536584	-0.7868315	-1.4791945	-0.672261	-0.9191096	-2.2129495
-1.0483223	-1.4864731	-0.5076287	-1.0093514	-1.6040493	0.034261964	-1.1466832	-1.2369989	-0.14150198	-1.0790279
-0.22167823	-0.985466	0.28520104	-0.3314274	-1.538252	0.18008226	-1.1867414	0.18550079	0.04363002	-1.4770027
0.59026295	-0.09278828	1.1441461	0.42450976	-1.6841766	0.4155268	-0.027165493	0.91715425	0.6422799	-1.4388208
-0.31036317	-1.0235014	0.14248136	-0.35967207	-1.1599463	0.34204176	-0.7449166	1.0728285	0.49735102	-0.8139651
2.2053494	1.9742002	2.6232517	1.9443023	-0.36060297	2.7013032	0.5925199	3.5057657	2.1531062	-1.1485786
-0.051684003	-0.23331857	0.38665038	-0.22855829	-1.3083937	-0.27729097	0.6260628	0.92811865	-0.57977504	-1.1284419
0.50866115	-0.89479315	1.2491877	0.3302524	-2.0083137	0.64631283	-0.8219955	1.17586	0.36375988	-1.7945505
-0.34278262	0.762143	0.19233304	-0.4476521	-0.777661	-0.16962233	0.36757517	0.9374652	-0.93753403	-0.8065936
0.57571226	0.048600852	1.4538813	0.35583192	-1.4485055	0.13878241	-0.104877435	0.0016253671	-0.25228086	-1.4347105
0.99601907	1.4080238	1.357207	0.718788	-0.8459344	0.65621865	0.8291438	1.538485	0.40015748	-0.98387194
-0.1745654	-0.7929622	0.109577596	-0.32074702	-1.2672701	1.458555	-1.0993845	1.230469	0.6869794	-1.6090077
1.1171659	-0.63509697	1.4891084	0.9159148	-1.3904979	1.2362609	-0.5890541	1.1217179	0.63477844	-1.5328673
1.2203512	2.128961	1.3078771	0.85781157	-1.2799758	0.6646365	1.5982293	1.0732942	0.30735266	-0.49560875
-0.18125011	1.5838119	0.02743879	-0.5295492	-1.3167732	1.1453506	2.425645	1.9395114	0.46600446	0.58685064
0.14118221	-0.62462926	0.2993367	0.012519941	-1.004038	-0.110316984	-0.76874185	-0.17864096	-0.7317831	-0.8459484
0.32983765	0.00018754601	0.830302	0.1826344	-1.8000866	0.9632867	0.092877336	1.6325982	0.6139208	-2.505229
1.1662993	1.9104106	0.8221973	0.79663306	-0.658337	1.7080914	1.724062	1.369267	1.0402004	-1.18149
-0.47874317	-0.79447746	-0.077406466	-0.64782786	-1.6867913	-0.8077895	-0.06791327	-0.40843117	-1.3214735	-1.3913835
-0.097520776	-0.2298508	0.3527659	-0.21084203	-1.3293285	0.44359815	0.000455232	0.9139206	-0.14192295	-1.735808
-0.5062554	-0.2686092	-0.10426912	-0.61469364	-0.044398665	-0.66685665	-0.785296	-0.6714845	-0.8098353	-0.9661167
1.5714831	0.32776347	1.558799	1.1731901	-1.2721628	0.6255415	0.6152198	0.7754279	0.72218204	-1.0485221
0.0014770553	-0.32123527	0.44763687	-0.16717099	-1.6646521	-1.0695721	-1.8742831	-0.29868728	-1.30068	-2.2427168
-1.1947743	-1.2422385	-0.7903154	-1.233282	-1.7222878	-1.2233435	-1.7136139	-0.8912461	-2.067306	-2.0626035
0.15117103	0.30145428	0.33137697	-0.07935417	-1.3654999	0.7724713	3.4886217	1.4216821	0.2423955	-0.93294203
-1.1519332	-1.3067456	-0.73298955	-1.156905	-0.61404526	-2.343139	-1.7912952	-0.1901853	-2.0343828	-0.19625087
-0.024802424	-0.5674411	0.3760924	-0.104497924	-1.043527	0.22155644	-1.4766642	1.090082	-0.30883563	-0.726081
1.0090996	3.5320487	0.6745579	0.66908705	0.54358995	-0.23805058	2.8992326	-0.84062773	-0.7025728	-0.6905527
0.93242675	0.70074	1.2886317	0.68411255	-1.5393671	0.18029074	-0.20806879	0.8114581	0.42947274	-2.350535
0.51660955	-0.110346794	1.3170975	0.32096905	-1.636341	0.49938747	-0.16289806	0.94450396	-0.1223473	-1.0219615
-0.9968548	-1.0437309	-0.51819587	-0.9779214	-1.1833566	0.6863544	-1.0221913	0.86309254	-0.13063705	-1.0034472
-0.5160781	-0.10824713	-0.34279308	-0.56668407	1.7036606	-1.1176568	-0.85661185	-0.7848463	-1.2353735	0.22649457
0.25496653	0.869576	0.67987955	-0.04084073	-1.4135085	0.30401376	0.20235285	0.26727626	0.07986667	-1.8952916
-0.09776353	-0.20876177	0.4459956	-0.27501762	-1.4484463	0.10693054	0.4095301	1.7701703	0.08028556	-0.8684448
-0.9948115	-1.2281737	-0.58229387	-1.0741746	-1.5742787	0.5493234	-0.9143717	0.79425484	0.5855017	-0.97871834
0.17053589	-0.4111648	0.80290496	-0.018712953	-1.9937824	2.7079225	2.0957205	3.665132	2.7687867	-0.4745682
2.1792638	5.1972938	1.4171898	1.6139832	0.11075029	2.2239392	5.3943696	0.3356241	1.3055769	-2.0279145
0.36905074	1.9298458	0.6865575	-0.06299223	-0.9026183	1.1785127	2.56955	1.3476784	1.2387705	-0.47423282
-0.4474794	0.31955096	-0.17084524	-0.5702739	-0.58712363	-0.6801017	0.30952674	-0.21463649	-0.8474199	-1.2214123
0.84351176	0.70782506	1.414243	0.5596626	-0.6259778	1.8691733	2.1360748	2.0490913	0.78281593	-0.3202365
0.040469296	-0.75139105	0.52458775	-0.14220957	-2.008167	0.11848131	-1.0829935	0.39623824	0.26088285	-1.8432279
0.47336456	2.795935	0.7599857	-0.029090628	-1.0261515	-0.51718754	1.1430448	0.22819743	-1.837928	-1.3064089
-0.08844184	1.6706399	-0.088487834	-0.40669435	-1.307713	-0.43608317	1.0597414	-0.3418973	-0.65135837	-1.798841
0.3075664	0.28604475	0.6296585	0.085764125	-0.98760235	1.0992877	1.3038467	1.5534313	0.60779023	1.1181072
-0.5106637	-1.0762032	-0.04232672	-0.61852056	-1.5644494	-0.58765817	-0.2584865	0.05310697	-1.4072663	-1.4989377
1.0187068	0.57985616	1.0767256	0.7304191	-1.0414966	-0.49607426	-0.7124049	-0.06537733	0.055735387	-1.1994802
-1.5307088	-1.3535709	-1.0450122	-1.5057214	-0.51093566	-1.0646795	-1.1399056	-1.2515548	-1.1446824	-0.5070812
1.901957	2.6496062	2.03212	1.527069	-0.5777131	3.128849	3.2102323	3.1109746	1.715304	-0.22170092
0.010796092	-0.7475443	0.36438432	-0.10655905	-0.7317755	1.0259526	-0.44419906	1.2468418	0.69843864	-0.4518639
2.670645	1.360912	3.103891	2.4521997	0.06483874	1.9382461	1.2908835	2.3539512	1.521608	0.015411902
0.7735666	1.5207974	1.1749672	0.54912686	-0.36769542	1.0238068	1.951275	1.9529845	0.66203743	-1.6397936
-0.16580465	1.8786948	0.19983745	-0.5251764	-0.6463661	-0.09640028	-0.17446059	0.33162865	0.4493472	-1.05797
-0.2891878	1.3109341	0.30490476	-0.55066615	-0.24269594	-0.5100853	2.321915	0.05432121	-1.0057609	-1.0632236
0.6909711	0.13620916	1.1997628	0.5360448	-1.1955473	1.3701379	0.04324561	1.4850883	1.7886535	-1.0760627
0.94503695	0.73803544	1.2126398	0.6901361	-0.90435123	1.184795	-0.20936006	1.5609009	1.0863663	-1.0573591
-0.10561214	-0.5076916	0.43319115	-0.13495745	-1.0699601	-1.3705204	-0.929077	-0.88241935	-1.2830905	-1.5123029
-0.4332039	-0.3451513	-0.016005546	-0.5170524	-1.0249574	0.1921004	-0.0748155	-0.032482073	-0.72663623	-0.43359607
0.3039921	0.4159496	0.76481974	0.15557967	-0.6485208	-1.3974142	-1.1077166	-0.2643994	-0.7544701	-1.1172717
0.35109195	0.019981474	0.30894867	0.2144415	-1.2024002	-0.42109373	-1.2510251	-0.28723302	-0.5683569	-1.7363392
-0.8491529	-1.3494539	-0.3390853	-0.8981118	-1.6353244	-1.9158548	-2.3003993	0.11863386	-2.99116	-2.296338
-1.0200034	-1.5587784	-0.41221675	-1.04735	-1.1595378	-1.8423985	-2.1956084	-0.24917	-1.9979608	-1.6036745
0.23498663	0.80255055	0.75338805	0.017126322	-0.99830437	0.042802256	0.8002972	0.31177402	0.042928748	-1.0011233
0.520612	1.1085907	0.95251954	0.18808107	-1.5925078	1.522939	2.3470266	2.542579	0.66183597	-1.5050553
0.18927315	-1.0505328	0.37757096	0.19901057	-1.6452694	0.072188385	0.26428837	0.47403774	-0.70572615	0.2897395
0.19104004	0.24267891	0.53881335	-0.026840433	-1.5242127	0.06552542	0.40806273	0.26102203	0.22605892	-2.2186747
-0.07550881	0.3742434	0.37235785	-0.333095	-1.4690691	0.3479532	0.46024498	0.9366667	-1.1207637	-0.640772
-0.024650201	4.908749	-0.17214671	-0.45143735	1.6086138	-0.5248774	5.566656	-0.97910655	-1.8130618	2.7310913
1.953569	3.0623348	1.8290848	1.4600884	1.077426	0.89111465	2.0211284	1.0969201	0.49790773	-0.08798869
0.7148836	0.10578793	1.1800364	0.48931694	-1.2332911	-0.040872402	-0.17792037	0.23524545	-0.20816727	-2.3870852
0.76320964	0.1859456	1.2926112	0.51220006	-1.3292121	0.59709615	-0.032265186	1.1946214	0.46299756	-1.0552474
0.03081908	-0.0799692	0.84499097	-0.113929406	-1.1473101	-0.02731786	0.48879033	0.39948377	-0.24884178	-0.9039482
1.045495	1.4782497	1.4071376	0.69611686	-1.21978	0.20534138	0.71353984	0.92651457	-0.06723684	-1.3556417
-0.51778734	-1.0535284	-0.09570652	-0.6158912	-1.6291164	1.3416	-0.50873816	1.7196149	1.0221654	-2.0377119
0.66650635	0.32709214	1.1431205	0.41705644	-1.8810691	-0.3092833	-0.09221267	-0.13877521	-0.6241236	-2.3717918
0.38879937	1.6537743	0.883132	0.08063047	0.09396303	0.6597265	1.0449423	1.1675555	0.16562289	-1.2215916
0.44723126	-0.46099713	1.0315404	0.31674218	-1.2476794	-0.18135478	-0.5487005	0.5154129	0.12721509	-0.70336264
-1.4177302	-1.0651877	-0.9972311	-1.454293	-1.0459253	-2.3442457	-1.7812574	-1.1460202	-2.0689437	-0.70825016
-0.38317862	-0.5456399	-0.079601616	-0.39929932	-0.97184634	-0.62358135	-0.53371495	-0.558119	-0.7579608	-1.88733
1.0907314	2.2316117	1.2986752	0.77368355	0.13967496	0.605321	2.190767	1.4138647	0.2830387	1.253708
1.1585969	0.7305093	1.3223838	0.98147845	-1.0531429	0.43756762	0.09566048	0.4534573	0.2194562	-2.168597
-0.2177715	-0.6872951	0.2922787	-0.34490716	-1.7691019	-0.24822715	-0.143476	0.29244232	-0.533749	-1.3336182
-0.17618763	-0.6567799	0.333242	-0.31310433	-1.7863137	0.30395693	-0.7900315	0.631774	0.08149893	-1.7466707
1.633632	1.6085222	1.8019505	1.2789226	-1.0805722	0.7305353	1.717031	1.0323504	0.21278502	-1.387158
-0.5232111	0.5182136	0.6213161	-0.75450337	0.13589898	0.4885101	0.83473086	1.7934985	-0.10582597	-0.2191444
2.260002	3.0014412	2.3968756	1.9911208	0.2144911	2.1853802	3.861934	2.2977004	2.4776833	0.01182174
0.6696692	-0.20453465	1.0111867	0.46588147	-1.2228724	1.0707113	-0.12655939	2.18252	0.4680353	-0.8180141
-1.4605279	0.19152609	-1.0774273	-1.6328362	-1.6012173	-1.6436994	0.62529343	-1.099285	-2.6500456	-1.8742788
0.08820712	-0.09050074	0.84111583	-0.026801482	-0.92331254	-0.7306738	-1.1341847	0.38713804	-0.42171556	-2.244072
0.39697728	0.007360399	1.0369909	0.17801641	-1.0607733	0.653113	0.24281333	1.2343315	0.81890345	-1.0876149
-0.38231894	-0.14166999	0.00011993945	-0.5635661	-1.3549224	-0.6181617	-0.8254126	-0.00448011	-0.46876058	-1.2013069
0.7381046	1.1791945	1.2725682	0.58604443	-0.8974948	1.0604057	0.45463136	0.05366199	0.37215146	-0.07865062
-0.57876474	-1.17452	-0.23844552	-0.64512885	-0.5961108	-1.9075085	-2.0558994	-1.2638061	-0.9203055	-0.9292307
0.4532248	0.27790865	0.4526823	0.2335005	-0.52270466	1.6396745	1.0651606	1.1931965	1.491618	0.5503459
0.20224461	2.5998285	0.5869174	-0.117902264	1.3048193	0.04991499	0.6758109	0.5055063	-0.4815498	0.24527799
0.5832598	-0.07262671	1.0247386	0.3986892	-0.9241259	0.7036339	0.51090825	0.77930444	0.99043256	-0.70712775
1.6258947	1.4412575	1.7008129	1.2903744	-1.1494552	1.6173108	1.3025122	1.3095845	1.0731874	-1.0025648
0.87995356	2.266081	1.0605042	0.50249237	-0.103818536	2.2624037	2.6157644	2.2312028	1.4820323	-0.10195964
-1.1100644	-0.67346466	-0.82334733	-1.1791303	-0.74143976	-0.27410695	0.05490008	-0.32298383	0.31658006	0.8978802
1.5258738	0.9371383	1.7884043	1.1735756	-1.1580843	0.55432236	0.4526562	0.2398719	0.75099057	-1.0665098
-0.8290265	1.6813323	-0.08370492	-0.9193506	1.353489	0.042970806	0.81255525	0.91277856	0.12951164	0.35140112
2.286969	1.4980344	2.4376001	1.9446449	-1.1182078	1.8532649	2.0127115	2.1241722	1.1039754	-1.8818207
0.8822077	1.5156667	0.92056465	0.6909526	0.6935197	1.4191768	2.074096	2.165778	1.1682242	-0.48856974
1.447137	5.051518	1.4974755	1.0811341	2.5629983	0.048031546	3.1563993	0.3224149	0.022891907	0.46907803
0.4027813	-0.10746311	1.0787066	0.22497101	-1.3386339	0.666769	0.2901518	1.0571369	0.59273887	-1.053415
-0.39565954	0.3836935	-0.067320436	-0.708568	-1.891007	-0.4541111	0.43236595	-0.08402831	-0.430357	-1.6844635
0.94675726	0.955096	1.0988891	0.7079499	-1.0855206	0.67024046	0.3894166	0.6243619	-0.06761944	-0.73538196
-0.62511504	-0.7583151	-0.13036647	-0.7154314	-1.6393808	0.7471294	-0.1692686	0.46593666	0.413618	-1.812202
0.15589851	-0.4903337	0.73974454	-0.032704517	-1.5431384	0.97782165	-0.40005675	1.7725369	0.67812747	-0.9527464
-0.33109272	-0.8920171	0.0870402	-0.4908275	-2.119718	-0.15037495	-0.40448317	0.52848196	-0.20251302	-2.221701
-0.9856313	-0.37711856	-0.6437955	-1.1016175	-1.1156638	-1.7377748	-0.29303893	-0.8730625	-1.5174307	-0.7026596
0.8419557	1.6511824	1.0203267	0.45752925	-0.60321194	2.727074	1.6873462	1.9460121	2.0422308	-0.5273585
-0.48587492	-0.35593835	-0.12490398	-0.64654523	-1.4728388	-0.8343295	-1.3251785	-0.84693503	-1.4221995	-2.0330584
0.47787085	1.0809803	0.91489196	0.2583875	-0.7607093	1.1444136	1.9232576	0.70597005	1.0835677	-0.95974296
1.3455065	0.75941944	1.6097972	1.1449893	0.14988223	2.1152034	1.954251	2.0430586	1.4769021	0.27453497
0.3650538	0.8547479	0.80540943	0.10731237	-1.1903744	0.5907434	1.3979338	0.5926679	-1.3573693	-1.2051874
-1.9811138	-1.6978399	-1.3225415	-1.971105	-1.5807573	-1.7381897	-1.9926863	-1.6277692	-2.2215805	-1.7752743
0.067844965	-0.05670409	0.45821822	-0.07575475	-1.1435248	-0.01713856	-0.5467752	-0.0005402986	-0.49770316	-1.1767781
0.88400173	0.72445583	1.3718253	0.72195977	-1.1509048	1.1010506	1.5837718	2.2705193	1.3164709	-0.55164444
1.5579741	0.59099734	1.6878917	1.3371542	0.6894342	1.2514405	0.2733941	0.49248058	0.7091352	0.6764276
1.2644602	0.8137541	1.9192224	0.93437815	-0.5188409	1.1762574	1.3057255	1.1515872	0.9278818	-1.0433314
0.45864967	1.063965	0.90018237	0.23422526	-1.0997844	0.5549221	0.3826807	0.7161706	-0.6091049	-1.0905135
0.71324337	1.4110972	1.3101921	0.46022272	-0.5175289	1.455207	3.3642652	1.9429288	1.4439083	0.5420321
0.6034405	0.8109782	0.91982865	0.36804527	-0.49574384	0.8815454	1.043258	0.96408087	0.47790998	-0.7341154
-0.36887172	-0.43203363	0.09631631	-0.5958048	-1.7007262	-0.03805645	-0.38082385	-0.32050216	0.13928702	-0.49456266
0.68100655	1.311018	1.1700069	0.3695537	-1.1778848	0.3988839	0.5425886	1.579971	0.20004655	-1.5862248
0.34083095	1.7458518	0.6016507	0.014958337	-0.70531774	0.09564507	1.020981	1.2468303	-0.23872495	-1.00643
-1.0139672	-1.0266275	-0.5240774	-1.0426127	-1.3501618	-0.52435166	-0.9692608	-0.41767952	-0.5768273	-1.4450299
-0.066215016	0.3068013	0.54220533	-0.22917902	-1.1413503	-0.40171444	-1.2087356	-0.5924809	-0.032763332	-1.0425177
-0.2619037	0.53953457	0.83742416	-0.48814738	-0.04778731	-2.3534157	0.44222993	-1.8255707	-2.1247163	0.20372243
-2.3501623	-2.2612724	-1.5302684	-2.2537696	-0.7365326	-2.7270272	-2.4973402	-1.0737184	-2.3926294	-1.0259235
0.046580993	0.20486686	0.46423805	-0.09343813	-1.4824116	-0.0764013	0.1663631	0.3052639	0.65550685	-1.7257434
-0.33314183	0.08799374	0.0062523186	-0.5158485	-1.2646931	0.45807937	-0.8283859	0.95109385	0.08675509	-1.0049081
1.0862819	0.34119144	1.8573351	0.9382713	-2.0788326	0.8289794	0.5142151	1.8366258	0.7993073	-1.9729092
-0.43577543	0.0845539	-0.04942915	-0.6238756	-1.6977738	-0.2711439	-0.42478493	-0.10043917	-0.40137628	-0.8206875
-0.50539964	-0.90311146	-0.07451925	-0.6129311	-1.619665	0.08595708	-0.44072473	-0.2766406	-0.09258536	-1.9008453
1.6560768	2.1900516	2.0869668	1.2597	0.41761002	1.9100245	2.855664	2.177852	1.4228445	0.8546206
0.6695368	2.4113834	1.114129	0.3143118	-0.95101976	0.25380522	1.8176323	0.7639012	-0.14105827	-1.1299125
-0.56939936	-0.895967	-0.17521754	-0.6057291	-1.2604805	-1.2374659	-1.3756886	-0.57443917	-1.2127275	-1.1276137
-0.021713383	0.52209044	0.45599243	-0.2545391	-1.1813122	-0.020701174	0.38587958	1.3411255	-1.5837634	-0.4670578
-0.12038038	-0.32346252	0.4383662	-0.25936526	-1.2091454	-0.2797132	-0.7972079	0.17378245	-0.9597996	-1.0764693
1.1586715	2.540513	1.1788783	0.8756467	0.08966681	0.739174	2.481459	1.3497604	0.2536296	-0.55711955
0.26792488	0.17358002	0.5882079	0.08510946	-1.0215211	0.43293768	0.1493999	0.16382861	-0.48294646	-0.96270746
-0.63489324	-0.33949503	-0.08203116	-0.7765103	-0.8993685	-0.54032546	0.65927523	0.22409056	-0.24810518	-0.8389962
0.3147551	0.37123755	0.5910239	0.13055684	-0.9348291	-0.54022384	-0.38131142	-0.45276585	-0.5648039	-0.86269754
2.394677	0.37547556	2.436591	2.0444143	-1.4889557	1.9488455	1.937101	2.0295548	1.5112306	-1.3972665
0.65507156	3.2547433	0.88461936	0.19800143	-0.31219643	0.8384985	4.557502	0.5438165	0.331555	-0.2452829
0.8369655	1.6258926	0.9984609	0.5129721	-0.75553405	-1.4486042	0.09883338	0.0953308	-1.1267563	-2.1032743
1.5982546	1.1146035	2.2250633	1.3870537	-1.2457588	0.83084434	0.9979853	1.4277323	0.6261217	-1.8154333
1.0823977	3.7573624	0.9642341	0.5265368	-0.07354489	1.8003114	3.3756518	0.38500786	1.4175487	-0.7926417
-1.3775797	-1.0339181	-0.72180414	-1.4968089	-2.101315	-2.545374	-2.017077	-0.8099869	-2.9339833	-1.90587
0.065911345	0.9127809	0.42969176	-0.11324304	0.49251047	0.6141469	1.0945287	1.0133511	0.5859973	-0.37045717
1.5403826	1.558085	1.9947101	1.2470802	-0.672977	-0.060113665	0.5386226	0.91899127	0.0007062369	-1.2388299
0.52200407	0.65144944	0.55195963	0.35276675	0.074525446	-0.71007466	-0.2364301	-0.8275674	-0.6895154	-1.52401
0.06690913	-0.3377707	1.0179037	0.0005956441	-1.3227394	-0.43212345	-0.21140668	-0.07730439	0.18495369	-1.7893101
0.91927385	0.5309963	1.1941179	0.6683663	-1.3501351	0.4292221	-0.42360008	1.0201505	0.39972222	-0.14571878
-0.27761444	-0.7774955	0.10641757	-0.41659617	-1.1883179	-0.55738467	0.25965735	0.44242144	-0.78298116	-1.4124609
-0.0618468	0.16303632	0.2625001	-0.26555437	-1.1823323	-0.16067006	0.13631901	0.07728139	-0.42692664	-1.5607954
-1.5712582	-1.6993556	-0.98979366	-1.5500028	-0.6097275	-1.9814427	-1.7316397	-0.88792723	-1.3516707	-0.6103742
-0.05386219	-0.3462164	0.51514924	-0.24246724	-1.7572455	-0.41615087	0.045256928	0.19095384	-0.96935403	-1.1319624
1.6277014	3.2141426	2.066875	1.358464	1.9584581	1.1605626	1.9190898	1.6962452	1.093658	1.5413115
-0.8817274	-0.77249324	-0.4274011	-1.0189515	-1.300259	-1.2669133	-1.408243	-1.131729	-1.2387075	-1.8239119
0.8775247	0.41580728	1.285138	0.5816798	-1.2220919	0.6663574	1.0084738	1.2754416	-0.048238497	-1.2494445
0.89653295	0.44842455	1.5367353	0.6909212	-0.99121463	0.73984164	0.7689992	1.9641284	0.9506258	-0.8823038
4.100681	4.103673	3.1883807	3.0924044	0.07063243	2.2941594	3.3251271	1.0361841	1.538838	-0.6427009
-0.93004936	-0.8671415	-0.41874745	-1.02399	-1.3268248	-0.110323764	0.2445603	0.49230495	0.36244026	-0.83601505
-0.24774507	-0.65306115	0.2756308	-0.33774328	-0.91384864	1.0712105	-0.6566372	0.91811603	1.5181268	-1.0885255
0.600061	0.76817465	0.95547307	0.3252833	-1.3689951	1.2153707	1.7352581	1.7382455	1.0933616	-0.8752467
-0.21229783	0.3534223	0.26971263	-0.4726227	-1.6202939	-0.11921068	0.87455034	0.16866463	0.37476978	-0.94823724
-1.3165264	-1.3034661	-0.78765297	-1.3873497	-1.5808263	-1.3479465	-1.6683583	-0.66979027	-1.0747968	-1.6507239
2.5308478	4.2768893	2.62424	1.8804307	0.38889995	3.8284194	4.880066	3.9604561	2.825799	0.15096985
0.6308852	0.91445506	1.0216011	0.3179673	-1.3347262	-0.16522695	0.6312568	0.82397014	-0.65595835	-0.21834192
1.0764143	2.0631227	1.3235699	0.62639666	-0.88781595	0.9651968	-0.019770844	1.3439959	0.0888924	-2.0548773
-0.005155869	-0.39758873	0.41431105	-0.19026192	-1.637813	0.22468556	-0.1710231	1.1226549	-0.18442187	-1.7234043
0.8678538	1.0713611	1.6183466	0.5428728	-0.5515148	0.8621203	0.6639792	1.907165	0.4451741	-0.12245874
-0.6710852	-0.11496869	-0.37894794	-0.9231981	-1.0524389	-0.60485256	1.0476338	-1.3315645	-1.3432297	-1.5571619
0.25193688	-0.36041182	0.6462902	0.111093774	-1.0323211	-0.44744515	-0.80298245	0.22080295	-0.7859585	-1.5889999
0.3703672	0.24462593	0.4851704	0.15765516	-1.2104452	1.4223033	2.2587612	1.7276229	1.0402004	0.32280988
-0.0672499	0.7579764	0.16452694	-0.33026415	-0.98172045	0.3244169	0.8385209	0.29776326	-0.17627932	-1.0287737
-0.107967526	-0.65575874	0.3547732	-0.275912	-1.7924008	0.2513397	-0.54606384	0.8962221	-0.19853465	-2.511012
0.7781649	-0.25799793	1.1429642	0.5121575	-0.8704705	1.3168442	0.75864166	1.1285058	0.89411	-0.8394566
-0.6692557	0.40280262	-0.1849302	-0.85593736	-1.114667	0.014219437	2.2839568	0.5238198	-0.7055891	-0.33727434
-0.041111387	0.48284397	0.49417272	-0.24507608	-1.8107888	2.0253224	2.7707167	1.8163817	1.6407167	-0.4191663
0.1648747	0.57442	0.8189304	-0.104570806	-1.0315415	-0.7000236	-0.45067996	-0.14948015	-1.863722	-1.473838
1.0253211	-0.42036748	1.1824644	0.8782208	-1.0380197	1.848139	-0.65799254	1.7343155	1.6480185	-1.1696621
-0.35232252	6.401155	-0.32037178	-0.9352038	1.8800527	0.248696	6.608522	0.19470681	-0.27709624	2.84232
-0.25448188	0.47924164	0.27156922	-0.37545153	-0.9441445	1.7494104	3.185932	1.9229771	1.797186	0.33922452
0.94187456	-0.51446134	1.4570346	0.7904005	-1.5431662	0.5919924	0.15428418	0.9468997	0.5485952	-0.029555015
1.6633655	1.3906686	1.9788134	1.3346246	-0.49871773	1.6689309	1.105186	2.3675604	1.2970359	-0.34359396
-0.37316614	0.47528067	0.115051866	-0.5687342	-0.91753924	-0.63011706	-0.57401115	-0.23160389	-0.99568075	-1.6702005
1.0641023	4.013947	1.2912037	0.64738953	0.8533269	0.81039184	4.330776	0.65441966	1.0240732	-0.10837697
0.08560442	-0.13010308	0.33240515	-0.037172183	-0.8599634	0.25299603	0.57645655	-0.09346704	0.37923634	-0.3295124
0.117441736	-0.6329931	0.5474944	0.032721773	-1.3205887	-0.22044592	-0.24938299	0.08173478	-0.089469574	-1.4452155
-0.48051155	-0.45671415	0.018414706	-0.6150443	-1.5757493	-0.2902852	-0.3916334	0.15867884	-0.11608815	-1.7545885
0.7852731	0.27855965	1.1583492	0.5411261	-1.1668725	-0.007718962	-0.50944614	0.60996145	-0.29515776	-1.4999329
2.089288	4.0160646	2.0025246	1.5391841	0.290687	2.0741918	1.1002073	2.4093688	1.62543	-0.38730258
0.7529118	0.8387102	1.2359548	0.5399641	-1.044927	2.1309593	1.7505723	-0.2842186	0.077874094	-1.0856394
0.31103882	0.4540117	0.34942806	0.1550539	-0.33802408	0.17180249	1.0333545	-0.5145505	0.2992684	0.10852661
0.26058972	-0.91178155	0.66424954	0.08123015	-1.5414178	-0.7193035	-1.292765	-0.3369458	-0.8711753	-1.6938815
0.30371025	0.67386186	0.7135551	0.07308005	-0.8065939	0.8816831	0.9084426	1.2720028	-0.0050618313	-0.760594
0.78992784	0.023766309	1.4687066	0.6183149	-1.5498883	0.7618197	-0.841349	1.6921737	0.94107974	-1.754793
-0.9095409	-0.8516319	-0.5410212	-0.92059076	-0.820053	-0.50080144	0.48625466	0.37038815	-1.345127	-0.7204566
1.5160885	0.77758384	1.9692235	1.2114719	-0.74835753	0.6767302	0.47616452	1.3660893	0.48136216	-0.75445634
0.24700597	0.84860754	0.3254397	0.21262284	2.9052343	1.593567	2.3343546	1.6344779	1.7651861	3.4309404
-1.8597041	-0.94039583	-1.3125893	-1.8429419	0.09313491	-2.3310902	-1.6438475	-1.9698137	-1.6066241	0.1479117
2.0871427	0.4028338	2.3337748	1.7790253	-1.180302	2.0295088	0.7735557	2.615791	1.643513	-0.51829976
0.5981528	0.37523314	1.1660717	0.44992065	-0.98706913	0.7241043	0.19301488	1.1408137	0.7597473	-0.9769876
3.276662	2.9902647	2.904089	2.7048726	-1.5963415	2.3424659	2.2963269	3.1175008	2.5981846	-0.6478262
-2.0326803	-2.0062752	-1.285405	-1.9786212	-1.6339458	-1.7224327	-1.3107768	-1.3384289	-2.5687675	-1.943493
-0.65008634	-0.17994115	-0.19980952	-0.81048274	-1.5126541	-0.7159407	0.09874133	-0.11042985	-0.66136014	-1.5246527
0.8029407	-0.13754967	1.0523123	0.6216409	-1.3080813	3.9150064	0.81028384	4.437248	3.0563622	-1.4123975
1.3230368	0.8087152	1.4655061	0.9764961	-1.5926	3.053478	1.9431068	2.259473	2.8320227	-2.331988
-0.6633055	-0.6423418	-0.20710045	-0.75947934	-0.976163	-0.71470994	-0.921988	-0.5111639	-0.8488216	-1.2228156
0.6042627	-0.5798386	1.3793525	0.41450167	-2.01381	0.68979275	-0.79653865	1.2560012	0.09448915	-2.247291
-1.7932398	-1.728872	-1.2135713	-1.6785359	-0.79765344	-1.8684328	-2.0753603	-1.3404138	-1.5343909	-0.9299233
-1.4191295	-1.5239868	-1.0450933	-1.3373857	-1.4427347	-0.7128714	-1.1144673	-0.5316801	-1.1064533	-1.6357332
0.96101815	0.6419288	1.4194591	0.704929	-1.8574699	0.8775683	0.03903584	1.4859021	1.2261598	-1.8956289
0.27387953	0.73906887	0.63614607	0.00026266277	-0.30299076	1.0066142	0.97739255	0.53276587	0.5402004	-1.1133559
-1.276507	-1.4189752	-0.5649775	-1.2793651	0.11142725	-2.4089017	-2.2510712	-0.7503997	-2.2905786	0.26292402
-0.8432912	-1.6865752	-0.32903722	-0.9131756	-1.9746621	-0.5380515	-1.3643183	-0.799714	-0.6917096	-1.6448407
0.18640065	0.024706274	0.8059372	0.07299812	-1.0847082	0.32751063	0.26618016	0.68461305	-0.4335659	-1.1980689
-0.05363851	0.7752353	0.26836142	-0.2965594	-1.2918385	0.484284	0.4363684	-0.14433233	-0.21806034	-2.804194
1.4595122	1.1238537	2.0671368	1.2516644	0.18216583	1.5838945	1.3826591	2.056637	0.72460765	-0.09871381
0.32676697	-0.15372473	0.5498601	0.052513137	-1.5237598	2.1801949	0.06526729	2.1126363	1.7720349	-1.2727968
1.1172101	5.627834	1.6959833	0.66504323	2.3533928	1.0052791	2.3294065	1.7232944	0.34768793	0.50102997
1.3200666	0.7567123	1.9657605	1.0463985	-1.2305932	1.3650938	0.82239246	0.6455713	-0.6997335	-0.3412884
0.25291798	1.0608296	1.0698347	-0.051713154	-0.92131436	3.2492042	2.1317506	3.376482	2.9267924	-1.4714494
0.95557445	1.5302638	1.1505923	0.6403122	-0.8291838	1.824656	4.050977	2.4497263	1.4722614	0.77710694
0.6195193	3.3889275	0.7376776	0.11790751	0.2918578	-0.27529666	2.9522948	0.10223338	-0.8581578	-1.8196782
1.7282728	0.8944875	2.083833	1.4059045	-1.9967548	3.5600457	2.631958	3.2915251	3.0777013	-0.7918278
-1.1073656	-1.2371566	-0.6830834	-1.0816668	-1.5121435	-1.1515316	-0.50941104	-0.7175127	-0.9286754	-2.0675035
-0.07647521	0.66233444	0.095851436	-0.3370319	-0.8912051	-0.43862784	-0.34576952	-0.16318353	-1.4226913	-1.5998504
0.046537124	-0.26210675	0.569818	-0.0196421	-1.1881851	0.088246055	0.14071642	0.7564617	-0.0045754076	-1.4817042
1.3225899	1.0780399	2.079409	1.0396001	-0.2034827	1.8101622	2.6091704	2.36789	1.3002665	-0.33810347
-0.30613407	-0.762131	0.78333616	-0.35712034	-0.9796289	0.36187834	0.6627294	1.1402985	0.0002777535	-0.8011102
-1.9150046	-1.8455646	-1.2917136	-1.8844006	-1.0779245	-1.1385535	-1.2447696	-0.99478394	-1.3526559	-0.9918037
-0.3459309	-0.22160336	0.030449152	-0.5097727	-1.3098712	1.4753386	0.7166309	1.3688427	1.14397	-1.7683955
-0.99415904	-0.9093095	-0.47680143	-1.0813954	-1.6886859	-1.3189144	-1.4267232	-0.97111773	0.13682674	-1.1306106
-1.1917872	-1.3348327	-0.7560587	-1.2131008	-1.1278088	-1.255776	-2.1017952	-0.80696934	-1.7578945	-1.2545259
0.02699273	1.3062063	0.23420417	-0.20069349	0.019726306	-0.12103355	1.9092165	1.1064163	-0.026095724	-1.1258956
0.16852418	0.915185	0.6577512	-0.15149982	-1.196052	-0.5567644	0.42939037	0.05363396	0.23640104	-0.5916771
0.10514938	0.5528606	0.2146106	-0.073367834	-0.5033619	-0.8492981	-1.6790458	-1.3616711	-0.104795404	-0.042521965
0.27292782	-0.036193043	0.7664716	-0.0050783604	-1.873066	0.26287106	-0.09703699	1.0866193	0.3818472	-2.4144652
-0.16044241	0.5059017	0.19610667	-0.3884302	-1.1880567	0.46267843	0.8817314	0.68705624	0.2909088	-0.9177615
0.7267059	1.5880773	0.99962676	0.47447312	-0.6872926	0.72365487	-0.68657726	1.1458864	0.37572196	-1.3248429
0.4855006	0.14171213	1.2598939	0.27087563	-1.7905465	0.74576664	0.26841167	1.5971242	0.36701173	-1.4955913
-1.466168	-0.40173295	-0.4483964	-1.6115348	-1.0906405	-0.5402316	-0.2938125	-0.04928962	-0.5623394	-1.833846
0.6507476	2.9661498	1.0504485	0.301104	-0.3193236	0.66412157	2.2790673	1.5419884	0.38553634	-0.14332314
0.25068912	0.9752753	0.7775761	-0.097503975	-1.2346505	-0.357105	-0.2206937	-0.0026820877	-1.0280926	-1.2276312
0.044800326	0.70344114	0.6501035	-0.2126725	-1.4387244	0.14888756	1.147755	1.1561661	0.36509675	-1.043156
-0.004329838	-0.49171764	0.55199003	-0.25590658	-2.4732168	-1.6856205	-1.4250339	-0.64452255	-1.9655131	-2.7519495
1.1842024	0.89846444	1.5092502	0.9132323	-0.99208164	0.69903773	0.3064305	1.4314103	0.3087144	-1.331824
1.2829411	1.5966637	1.7607684	0.9474058	-1.192098	2.2045577	2.5744956	1.9215434	2.0966353	0.48382604
-0.27460724	0.049392015	0.28818914	-0.4556232	-1.4999334	-1.5100075	-2.660735	-0.9514205	-0.5931929	-1.0997529
-0.026330587	-0.83445656	0.4960304	-0.16608173	-2.0219324	0.5120027	-0.46322766	1.0476844	0.22290237	-2.0444553
-1.3673618	-1.4003345	-0.78635037	-1.3762625	-1.6271678	-0.7461453	-1.2842743	-0.5068344	-1.0397701	-1.9675072
0.71878827	-0.4190902	1.4933523	0.5488055	-1.3023454	-0.73321086	-1.1770785	0.18906805	-0.7443361	-1.4246984
0.42099187	-0.23857579	0.90318215	0.2861179	-1.740734	0.20829026	-0.6576617	0.6444421	0.18473211	-2.1373258
1.6334304	2.6588907	1.7823477	1.3259953	-0.20734674	1.8453639	1.0774999	1.6539071	1.7107189	-1.1477003
0.33778316	0.06925246	0.7404834	0.10709138	-1.4135463	0.89396554	1.0437062	1.5671159	1.1253114	-0.5250352
0.34385163	0.6014713	0.9205891	0.13784854	-1.1170028	0.41995093	0.6496281	0.72300386	0.58051324	-0.92034596
-0.7589178	-0.9917146	-0.2783334	-0.9184952	-2.1373644	-1.0288916	-1.2332102	0.29820877	-0.9680877	-1.8436973
0.6772832	1.718673	0.98659396	0.34190607	-1.0733407	-0.16461198	2.8064208	0.8096647	-0.8120423	-0.8701735
0.44472584	0.49482617	0.81750786	0.28531992	-0.5847171	1.5050081	1.2967	1.62055	0.7027595	-0.46588153
0.11383014	2.088147	0.6242684	-0.11961977	-0.51780766	-0.100533284	3.6014001	0.32741913	-0.35898268	0.31572658
0.99577314	2.0362272	1.4231355	0.6634797	-1.0094136	0.931586	1.5073079	1.0685558	0.2294562	-1.2033621
0.18619728	-0.16911252	0.88765323	-0.018875971	-0.65566486	1.4864945	1.3564216	1.8704903	1.0481874	-0.49986354
0.8847117	1.0334939	1.2235	0.75166494	-1.0956453	0.52382684	0.86799145	1.0572743	0.4182376	-1.2037339
0.0030977204	0.7973429	0.40832666	-0.25312206	-1.0548211	0.28612703	1.0752107	0.965339	0.03883549	-0.26668382
-0.6655953	-1.0155792	-0.2163192	-0.6473097	-1.6728185	0.71249485	-1.1607171	0.9218703	1.0161389	-0.6464762
-0.3042947	-0.39007097	0.3281015	-0.4292698	-1.2585611	-0.8090117	-0.093210325	0.72647524	-1.9949943	-1.5669817
0.93846434	1.177115	1.1703839	0.60674214	-1.0978671	1.8078269	2.336633	2.5926163	1.899555	-0.9748584
0.75414056	1.7948437	1.066904	0.43525004	-0.63918704	0.26359877	2.148831	1.0376049	0.56647146	-0.2932618
1.1847576	3.186225	1.4584523	0.7063433	-0.26961493	0.14995258	1.3813208	0.54955864	0.041662082	-0.52284366
-0.021718822	1.4792067	0.3079855	-0.27467588	-0.21769917	-0.41876364	1.922076	0.41198915	-0.48221177	-0.6180403
0.033224724	0.08053452	0.48327667	-0.15251876	-0.95113254	0.8659789	0.91349816	1.9817363	0.78696066	-1.4343415
0.08484077	1.8457403	0.609444	-0.19060759	-0.49186152	-0.77664846	0.43126294	0.1384654	-0.6902221	-0.7217637
-0.02705086	-0.082556516	0.37921646	-0.2101203	-1.2016547	-0.3884265	-0.46053085	-0.09795989	-0.18021575	-0.7817604
0.29165012	1.0997823	0.71634877	0.035746694	-1.1839843	0.8086426	3.0784595	1.8113508	0.3002665	1.3755399
-1.0638875	-1.360225	-0.56621265	-1.0844114	-1.4753163	-1.742303	-1.3027424	-1.6671609	-1.7740316	-1.2815422
0.1774126	-0.18088493	0.514228	0.018942043	-1.2860857	0.0062696966	-0.59338427	-0.11072235	-0.43664616	-1.763764
-0.12038792	0.13996032	0.07464498	-0.3445738	-0.53538316	0.5295463	-0.28027537	0.65643483	0.43054387	-1.2432498
0.41245613	1.5759184	0.6937871	0.11300568	-1.0242096	0.23868592	1.3935229	-0.47024387	-0.29718682	-1.7125846
1.2803508	1.2114533	1.5409122	1.073513	-0.95602334	1.1526607	1.326631	2.6692796	0.7308866	-0.37585354
-0.28413564	-0.6044409	0.107676536	-0.43537349	-1.5739328	0.204825	-0.9873489	1.0183108	-0.22289516	-0.8056853
-1.2881646	-0.9752002	-0.9272629	-1.2629371	-0.20375672	-1.5876626	-0.34456632	-1.1662041	-2.8448536	-0.1922318
1.1053033	0.49391308	1.7389212	0.8527963	-1.0336097	1.5389444	-0.46675247	1.3333135	0.9754223	-1.0127041
0.19886997	0.45936313	0.66593444	-0.025609314	-1.3453475	-1.5091403	-1.7355701	-0.30714756	-0.7196671	-0.86351275
-1.5057589	-0.5855528	-1.0825655	-1.5936308	-1.1546069	-1.6659697	-0.7830202	-1.3807582	-1.7741139	-1.3966473
-0.7294907	0.28270915	-0.49910012	-0.90174335	-0.9352672	-0.71066344	-0.39324453	-0.5719762	-1.2090735	-1.0790344
0.74596673	1.7542001	0.82199585	0.45260286	-0.7349954	0.8254176	2.7965772	0.72623706	0.55999124	-0.3784339
-0.461994	-0.60288894	-0.0431661	-0.5730802	-1.27679	-0.26718137	-0.9320975	-0.7606203	0.43308628	-1.1802691
-0.081721015	-0.032345682	0.5408904	-0.20512901	-1.4745511	-0.34770006	0.086611316	0.006673274	-0.5746818	-1.5147424
-1.2101376	-1.4897584	-0.6656734	-1.2438604	-1.2047786	-0.49804974	-0.65656483	0.54652727	-0.7052926	-0.9380953
1.5164264	1.1092709	1.880448	1.2551656	-1.1017	0.9075165	0.89772975	1.2858204	1.2537764	-1.3801974
0.5826339	0.67507064	1.0115292	0.3195899	-1.6471527	1.386092	1.2368399	2.6873825	0.50787485	-1.0543476
0.5892038	0.86367834	0.59508574	0.36509544	-0.9366056	0.2910431	0.40170887	0.4490841	-0.122650124	-0.44049418
-0.6037388	-0.4781078	-0.3550097	-0.6688157	-0.4866498	-0.653885	-0.4292091	-0.43253735	-0.71123433	-0.8709454
0.47062293	2.0452003	0.33024135	0.0679089	0.70349026	0.5875317	1.5454974	0.6075569	0.345366	-0.80836684
0.84014237	-0.24005659	1.293513	0.6277235	-1.3960733	0.8200364	-1.0779046	1.1875578	-0.0216383	-1.4785556
-1.0553526	-0.6419201	-0.6346699	-1.1754638	-1.0622281	-1.5832894	-0.6302777	-0.83918476	-2.0754623	-1.6622458
0.10651215	-0.19864938	0.5591949	-0.06544908	-1.4403763	-0.210935	-0.70901215	0.9014405	-0.15440618	-1.990389
0.404123	1.0634222	0.8450514	0.20377846	-0.5197176	0.69916284	1.2146035	1.1510051	0.2499421	-1.291424
1.3088765	1.0944735	1.5705947	1.0674188	-0.6923163	1.1340922	0.49341184	1.180135	0.15273367	-1.1071725
-0.12786216	2.736776	-0.13775352	-0.713287	-0.60587275	1.2269602	2.7331088	0.8645068	0.3314256	-1.8535533
1.3868467	0.9846535	1.1405057	1.0987753	-0.33489367	-0.46820238	1.0472503	-0.252016	-0.4409333	-1.0571244
0.08354337	-0.4612602	0.56207705	-0.061918087	-2.022016	0.16839343	-0.35795364	0.572499	-0.050603017	-2.1621594
0.52148014	-1.1536238	0.93888605	0.41704106	-1.5438447	0.8333945	-1.4644185	1.150944	0.60264856	-0.9382778
1.1621158	1.193572	1.7091002	0.9707804	-0.6233946	0.29898337	0.5056231	1.2582779	0.030646918	-0.99876976
0.44963488	1.0432405	1.0049833	0.18086241	-0.43397948	0.24073151	2.2570877	0.55702704	-0.5372599	-0.62082726
0.644227	1.2014514	1.012593	0.35987633	-0.82672495	0.43282706	0.31224096	0.12614924	0.17469029	-1.0003569
-0.57006484	-0.7436303	-0.14130563	-0.63165957	-1.0376247	-0.7629566	-0.93634516	-0.517978	-0.16731836	-1.4667716
-0.3463039	0.99551356	0.08351681	-0.5697458	-1.0588897	-0.54776525	-0.110649936	0.52210075	-1.2036322	-1.8566396
-1.3231512	-1.4661088	-0.7793809	-1.2860749	-0.7111044	-2.0166905	-1.6531713	-1.0355613	-1.7094584	-1.6714686
0.06670254	-0.5780137	0.59108007	-0.052643493	-1.7239044	0.39155325	0.98612434	0.6119152	0.54995364	-0.36996973
0.5516195	1.0775328	0.77464974	0.2985837	-0.630314	-0.7626426	-0.3850952	-0.030348647	-0.37544	-1.2897581
0.086399935	0.47011915	0.3581821	-0.021261618	-0.36653292	0.05210086	-0.14483392	0.5234733	0.0023106798	-1.6950202
2.0817368	1.3024552	2.0687063	1.9318101	-0.6966014	1.16493	1.4985201	1.0389194	0.88555145	-1.2364985
0.45903233	1.2734165	0.74843955	0.2647686	-0.33677712	0.88028437	1.8632562	0.6405507	0.9633292	-0.54562134
1.2024099	1.1370952	1.5232285	0.9034698	-0.8311887	-0.027155887	0.023843693	1.1026958	0.17891876	-1.9964393
2.340199	0.74732614	2.4142153	2.071772	-1.0104704	2.6835032	1.7255782	2.0192986	1.9603351	-1.0175245
0.36227736	0.4796494	0.94476426	0.1696087	-1.0393591	-0.5055157	0.30439314	0.45940438	-0.13970016	-1.399155
0.052119575	-0.2061002	0.42365208	-0.075767055	-0.3931709	-0.32852706	0.7805682	1.19256	0.85578585	-0.8982396
0.28107217	1.6440362	0.3206874	0.04036732	-0.36081445	-0.6644281	2.8577585	-1.0916523	-0.6510248	0.52434355
0.7954122	0.023224443	1.1310554	0.5346927	-0.68360543	0.11645771	-1.353591	0.875476	0.91670316	-1.6638222
-0.1349861	0.9700669	0.08265856	-0.32290572	-0.7513717	-0.40440208	1.7469723	0.37490347	-0.22037245	-1.0250456
-0.8623452	-0.6129446	-0.5560875	-0.9880362	-1.3349028	-0.88200283	-0.7217831	-0.4334418	-2.32032	-1.398814
-0.34072468	-0.99145436	-0.19379598	-0.45998728	-1.4565353	2.188636	-0.57378685	2.7402322	2.076283	-1.7268107
0.41943946	6.313929	0.83934736	-0.1787652	1.6505495	-0.31037617	5.607754	-0.3876613	-1.0479907	2.98
1.5140089	4.524358	1.566899	0.96973145	0.4973	0.93703777	5.3415914	1.2077602	0.64754456	1.9200857
-0.9975915	-0.57081914	-0.5844482	-1.128202	-1.8061796	-0.3441061	-1.0818478	0.16313519	-0.5076224	-2.051514
0.12686768	0.029455572	0.6782836	-0.09570183	-1.542398	1.1677212	1.361052	1.5170604	1.8973231	-1.122468
0.5352264	1.2378298	1.0924214	0.16377191	-0.5669555	0.07658101	1.8804665	0.6082906	-0.40391257	0.11027179
-0.58831483	-0.5027747	-0.2125853	-0.7011233	-1.338381	-0.14989148	-0.12702173	0.4889331	-0.35268268	-1.8138247
1.1705457	1.4670961	1.4077686	0.79522383	-1.2117951	3.0573719	1.05547	2.2738557	2.0770986	-1.6158172
2.6796434	3.1220555	3.0036037	2.403283	0.3735204	1.1108184	3.2833636	1.9774928	1.0385509	1.9673978
1.1717284	1.769125	1.4219047	0.6348854	-1.0312039	0.8769777	0.9870569	0.7096415	-0.74350166	-2.024077
-0.017079704	-0.05168563	0.44698274	-0.2617344	-1.4346045	0.38639227	-0.045529503	0.73122096	-0.1433976	-1.5109749
2.3610826	3.9984448	2.1759531	1.9026523	0.13708645	1.297104	2.908378	0.79912853	0.5823311	-0.05974995
0.3900111	0.4625779	0.62931836	0.33001196	-0.4866212	0.26696008	0.26962948	0.8538195	0.023989646	-0.83602196
0.63893753	2.6777234	0.5404571	0.12982066	-0.90385115	1.745598	3.9782817	1.6465575	2.006736	0.007855235
-1.4994701	-1.4817562	-1.0026983	-1.4937594	-1.1937535	-2.3490436	-2.105609	-1.6524092	-2.4335945	-1.8127416
-1.4700592	-1.0514133	-1.0065081	-1.5226595	-0.34626374	-1.8288252	-1.082572	-1.0468209	-1.647266	-0.90762776
-0.41735744	-0.5403883	0.82466006	-0.60754937	-1.5875081	1.1137083	0.08373246	2.079956	0.30507028	-2.3928
1.3549622	2.664215	1.5898991	0.9793906	-0.14534289	0.55450237	1.9242043	1.7807165	0.1643942	-0.9695753
-0.07223249	1.0708627	0.19451442	-0.34337348	-1.2775083	0.13999273	1.409435	0.03740793	-0.10957976	-1.6158175
-1.3587692	-1.3881667	-0.89761364	-1.3491427	-1.2164292	-1.8775525	-2.166968	-1.5149863	-1.5653734	-0.71607035
-0.27756754	-0.090396255	0.54143703	-0.42828494	-1.3026382	0.27028275	0.07603294	0.92496186	0.2754257	-1.8311055
-0.6690908	-0.6730423	-0.22320074	-0.79264534	-1.1956954	-0.21169464	0.5107361	-0.15710771	-0.7951458	-0.48075563
0.8816865	2.2312868	1.2274805	0.47877824	-0.8693348	-0.5334251	2.5943627	0.48833928	-0.951977	-1.249768
1.3040867	2.479753	1.2352618	0.9917488	-0.8819032	0.29111844	2.4597175	1.193441	0.1654439	-1.2130542
0.3149072	-0.15299913	0.83936405	0.15478693	-1.3045466	0.16311882	-0.2120784	0.9048819	0.02053882	-1.3733908
-0.38046497	-1.5329943	0.035172433	-0.42684942	-0.97554326	-0.89874315	-2.1301565	-0.9647222	-0.9973919	-1.7602423
-0.23852643	0.23357993	0.07732943	-0.4838575	-1.4005481	-1.1613632	-1.3566861	-0.54857516	0.3688196	-1.0069712
0.013823576	-0.62372893	0.52367365	-0.0962916	-1.7576234	-0.41819075	-1.0877514	0.5479205	-0.19237065	-1.3712093
2.056602	0.62111056	2.29205	1.7412691	-1.2659774	2.0204983	0.84341025	2.2725523	1.3085617	-1.3523787
0.7365569	0.47310653	1.182829	0.6506879	-1.236053	1.0726366	0.61370945	1.8661367	0.65579295	-1.96491
1.7948455	0.70189357	1.937136	1.5367002	-0.470785	1.5373448	1.5724146	1.6635238	1.1008658	-0.27174628
-0.1386612	-0.25923035	0.31406754	-0.36216587	-1.2013463	-0.6483536	-0.7683731	-0.19160569	-0.7352153	-2.0242333
0.10981416	-0.43231827	0.5969314	-0.046575934	-1.6451744	0.062571846	-0.52891135	0.67759484	0.26556107	-1.3498251
1.1834831	1.6326785	1.8648633	0.888312	-0.21856758	0.4459232	2.4046195	1.2459303	-0.19985205	-0.008817323
0.06921355	0.07435721	0.5443841	-0.1815212	-1.4994489	0.11465256	1.0946944	0.34771734	-0.26482636	-1.0236961
0.1737285	-0.6308783	0.8018315	-0.0450207	-2.072377	-0.4035699	-0.87463164	0.23078501	-0.660575	-2.3021903
-0.427323	-1.106747	0.10326651	-0.44894618	-1.3807749	-0.5855178	-1.3798046	-0.35140994	-0.9208853	-2.3887072
-0.63891906	-0.8211503	-0.24693891	-0.7258862	-1.3837277	-0.091184705	-0.5643526	-0.96473193	-0.25716475	-1.3028381
-0.13107488	-0.5137948	0.3448509	-0.2824956	-1.7746751	-0.9340568	-0.28495258	-0.37987635	-0.41074458	-1.2951875
0.76422197	1.2504984	1.0615726	0.46421796	-0.9067682	1.9140834	2.4546313	1.9007496	1.5050057	-0.50400823
-0.003973417	0.46504006	0.54809225	-0.24427603	-1.0495795	-0.22400987	0.72701806	0.7970824	-0.038461123	-0.9089634
0.5843803	0.8285564	1.2703956	0.42774957	-0.011604637	-0.84009296	-0.67176944	0.3931521	-0.612307	0.8452753
0.4779885	-0.29706478	0.9954399	0.28396928	-2.0609598	-0.0102026425	-1.0222019	0.21663445	-0.4529001	-2.0659215
-0.04332248	0.7986598	0.6666956	-0.27499288	-0.70842314	-0.20995535	1.4494683	1.3669859	-0.5538542	-0.671489
0.18327782	1.5643045	0.42891517	-0.20503937	-1.0151241	-0.8700894	-0.5748155	-0.13323794	-0.9915511	-0.9606813
-0.27510145	2.2907608	-0.20975012	-0.54846203	-0.6043088	0.31651345	5.623443	-0.27240625	-1.063025	0.44711983
0.6033152	0.4632291	1.0817095	0.28098267	-1.8863573	0.110495046	0.005246336	0.8528107	-0.13911594	-2.1326485
0.864373	2.1681843	1.2264066	0.58220094	-0.74194753	1.4557838	1.5637691	1.8409597	1.751053	-1.652304
1.6856648	1.6170847	2.0107217	1.4235516	-0.90181756	1.5581325	0.9106575	1.9914116	0.92373484	-0.9610001
0.009462483	0.8119112	0.28716958	-0.1910633	-1.0502357	2.00631	1.9265774	1.8128359	1.9732223	-0.885673
0.31533226	-0.6129074	0.3903438	0.026599422	-3.4139633	-0.30816337	-0.28463402	0.2967383	-0.37383342	-3.569839
-0.13293573	0.35187307	0.07967484	-0.28617215	-0.46032354	-1.3976482	-1.4752798	-0.7318547	-1.2961549	-0.7581575
1.9673864	2.720737	2.3277423	1.5244249	0.28353474	0.74191743	1.9660463	1.7067183	0.54945016	-0.17261454
0.5196453	0.69846416	0.8359009	0.26491767	-1.1685297	0.50745153	-0.28310886	1.0790867	-0.021032356	-1.2581261
-1.2377169	-1.5532701	-0.78779197	-1.2091389	-0.50902426	-2.0489929	-1.6817455	-0.9990552	-2.027868	-1.2642894
1.2732195	1.5635457	1.6090657	0.91125274	-0.7419404	-0.005538682	1.4802684	0.68830377	-0.1732434	-1.0259116
1.0793563	3.042688	1.3415294	0.74134743	-0.21232033	0.4527459	2.0946364	1.228717	0.29434276	-0.24777675
0.9120823	2.226278	1.2237693	0.48108548	-0.85999703	0.85708934	2.1953957	2.4012973	0.28127623	-1.0873916
-0.3172457	0.0849213	-0.07086885	-0.44307166	-0.34586304	-0.40284604	-0.66821134	-0.50656015	-0.9735914	-0.43262306
0.25874263	0.69751525	0.56894493	-0.011261299	-1.0688313	0.7037211	1.4661276	0.93122816	0.32356766	-0.39659724
-1.0210328	-1.206316	-0.4853042	-1.102261	-1.638187	-0.5216373	-1.0285923	-1.092467	-0.78172773	-2.407344
-0.5889813	0.019465536	0.13423716	-0.76355183	-1.0083563	0.737618	0.6962994	2.047573	0.7568328	-0.56075305
-0.8367719	1.9975955	-0.6088331	-1.1715937	-0.308437	-1.4490018	1.4153115	-1.275242	-1.6063119	-0.018701106
1.3430547	0.96334374	1.6709703	1.1117748	-0.65593207	1.5293431	2.315619	1.1590742	1.43129	0.45658058
0.9236224	3.088631	0.97170246	0.39991474	0.82832754	1.556213	2.9037933	1.5642011	0.8630666	-0.45069546
0.22293779	-0.44546506	1.0495771	0.035240933	-1.5025204	1.3283652	-0.14502305	1.5282731	0.28277943	-1.0264318
-0.33817974	-1.0109612	0.28204727	-0.5077147	-2.136372	-0.19091766	-1.0770186	0.08886693	-0.49662814	-2.008706
0.02873566	0.3341017	0.07355967	-0.07864268	-0.509926	-0.806315	-0.25418594	-0.05801502	-0.87080044	-1.4394933
-0.86827666	-1.0938612	-0.4338676	-0.8713894	-1.1913636	-0.64452887	-0.16810504	-0.39441627	-0.8362638	-1.942929
1.3279461	1.492112	1.905874	1.06141	0.15307054	0.7007903	0.25622684	1.0103585	0.71399146	-0.24119514
-1.0314263	-0.93509793	-0.4859729	-1.1135602	-0.82348	-1.4035472	-0.7809119	-1.0204633	-1.7023027	0.8106163
0.46686193	0.8096843	0.9648746	0.25139475	-1.2476653	0.2840808	1.1590632	1.0475497	0.6599333	-0.9372475
-0.1656523	1.031195	-0.15895227	-0.3038887	0.085517555	3.404545	2.8162534	2.7991228	3.0823286	-0.8446091
1.374752	1.6421009	1.62407	1.0296618	-0.9604647	1.7623802	1.337836	2.1733894	1.4113564	-1.6059903
-0.40406582	-0.45218334	0.20574963	-0.518891	-1.5984982	-0.792389	-0.4054863	-0.09340132	-1.0879407	-1.597426
1.3386306	1.6813537	1.4098358	1.0804639	-0.7946111	0.9296481	1.18874	0.14704123	0.49986207	-1.7175027
0.08300584	-0.5045104	0.5613382	-0.04168977	-1.6697007	-0.21695307	-1.2722901	0.14297843	-0.46476564	-1.5502337
-0.5894072	-0.91352606	-0.20000443	-0.6771251	-1.5173686	-0.68317604	-0.58732986	-0.38099653	-0.41003177	-1.0387199
1.5515049	1.4657192	1.768716	1.1987679	-0.7741659	1.9608864	2.1919956	2.0921254	1.6939147	-0.06334329
3.9524724	2.1238503	4.0912185	3.5940251	0.15743038	3.1910672	2.490111	3.644661	3.0869756	0.17397803
0.24570268	0.044502527	0.70888615	0.09089674	-1.1941483	0.3689265	0.6994621	0.5104363	-0.12305952	-1.7707679
-0.6702133	-0.55407083	-0.07288849	-0.8257523	-1.3702489	-0.5736301	-0.4582728	-0.17764999	-0.6975134	-1.3311527
0.024549864	-0.2955613	0.5865855	-0.15295042	-1.4264299	-0.60993034	-0.8567936	0.17008208	-0.8531174	-1.6367649
2.2195365	3.9609454	2.1920578	1.8776286	0.9733515	1.7707477	3.2599826	1.5737793	1.2867914	-0.9251901
-0.33029148	0.9802593	0.08537009	-0.62467986	-1.5228416	-0.9018136	-0.04536865	0.47798717	-1.3613709	-0.44413894
0.60396147	1.0485225	1.0612475	0.3598011	-1.178099	0.17104255	1.3773923	0.120872535	-0.06613263	-1.3945895
-0.34761328	-0.5758649	-0.038351774	-0.49690706	-1.3138665	-0.45920375	-1.066454	-0.28885224	-0.5083383	-1.6075568
1.1816927	1.3616681	1.5220054	0.87311864	-0.97838306	2.6070054	2.4909406	4.632328	2.3482559	0.017642587
1.2957308	2.5421047	1.5712336	0.9176849	0.042986006	1.8169665	1.271281	1.5178565	1.1346775	-1.201151
0.50740904	0.1462386	1.250107	0.31970263	-1.8702675	1.0277127	-0.85583955	1.6115636	1.1303415	-3.2782845
0.093499176	1.6242071	0.17614996	-0.15382054	-0.2238068	-0.22397335	0.5089828	-0.19362718	-0.72794694	-0.9000255
0.019488119	0.12819773	0.46417704	-0.10706	-0.86346173	-0.9176972	-0.30687273	-0.41539398	-0.9677704	-0.99386996
0.09006741	-0.5945333	0.7229291	-0.040728197	-1.6535045	-0.31621045	-0.15056218	-0.03948518	-0.581068	-1.4230211
0.5552339	1.3929633	1.0470614	0.15696709	-0.7741715	1.8325032	1.0985465	3.2140853	1.4571223	-0.33112633
2.01848	2.5426247	2.1841116	1.626893	-0.13219634	0.95765895	1.1604005	1.4427869	1.4759054	-1.0311605
-0.9034888	-1.0867455	-0.38327262	-1.0003726	-1.2871279	-0.41985315	-1.0511091	-0.13468495	-0.45428652	-0.86340266
0.10538969	0.34767202	0.5005344	-0.0665295	-0.69461346	2.590484	0.88315237	2.9772801	1.403239	-1.7346954
0.5275871	0.6195376	0.8309814	0.33313274	-0.14779916	0.06638807	-0.26184306	0.60058844	0.085615106	-0.28354824
-1.0569373	-0.66716003	-0.837922	-1.1269524	-1.3977185	-1.8939565	-1.2188071	-0.59409493	-1.9000088	-2.164715
1.2779045	1.2838641	1.9109234	1.0365798	-0.57201666	2.1638126	1.0677625	2.0312676	1.8553472	-0.9488976
0.80271316	0.8604305	0.92380273	0.521683	-0.8559768	-0.30735615	0.80229	0.79882216	0.09849926	-1.2218945
-0.492264	-0.5859423	-0.10096544	-0.6683887	-1.7691109	-1.1700859	-1.8395752	-0.07575401	-1.7567753	-2.1149535
-0.29204345	-0.5451238	0.06889692	-0.39009336	-1.4567568	-0.6677203	-0.6505773	0.0972043	-0.35890707	-2.1335375
-1.7265109	-0.9233029	-1.0111253	-1.8448609	-1.3715231	-2.4474945	-1.3197706	-1.4076371	-1.9988009	-1.0571299
1.5731796	2.1225502	1.7827624	1.1897569	-0.35913038	3.0637345	4.1797543	2.7698176	3.0505362	1.4708071
0.15763313	1.0179309	0.28376868	-0.03700398	-1.1333246	-0.021133602	0.7834121	0.4283284	0.5515118	-1.3885679
-0.9343038	-0.9930059	-0.45161417	-0.9986428	-1.143796	-0.70392346	-0.58889246	0.11913016	-1.3004714	-0.14682126
0.089430146	0.55173993	0.75925374	-0.08044644	-0.9477726	1.1623243	1.3401035	1.6012793	0.5913804	-0.6858612
1.0235723	0.99368656	1.230562	0.6985517	-1.5941797	0.3359615	1.1522782	1.9188116	-0.43397877	-1.3432262
1.8584772	2.594517	1.648881	1.5012963	0.25527164	0.034462396	0.6004222	-0.059408437	-1.457586	-1.1518215
-0.48949605	-0.09969172	-0.19528863	-0.6800181	-0.9802183	1.0376251	1.2857705	1.3533664	0.7207715	-0.63361746
0.64929277	0.2382558	1.1929884	0.45725518	-1.2682165	0.72370344	1.5556147	0.9869458	0.844587	-0.73230064
1.5419275	2.2882802	1.8241062	1.216717	-0.71533453	0.5337997	1.4246907	1.2157575	0.14292686	-1.0029511
3.048536	1.9511383	3.179776	2.717131	-0.51928157	4.163086	2.2330487	3.9694052	4.359343	-1.5833606
-0.6923876	-0.46029997	-0.40718862	-0.7365579	0.85960555	-0.92146605	-0.71760714	-0.04549311	-0.84134436	-0.14147022
-0.07422897	1.2267362	0.6205424	-0.34106898	-0.8099108	-0.6054563	1.9764222	0.32994542	-1.1398312	-0.92381686
0.52426666	0.16482762	1.0102749	0.36854768	-1.2329348	-0.17094728	0.18255192	0.06062232	0.08647882	-0.61472654
-0.04579479	-1.2929665	0.17127064	-0.2107372	-2.0906153	-1.539844	-2.0644352	-1.0696746	-2.1525335	-2.2106185
-0.667359	-0.7565162	-0.26919863	-0.7091272	-1.1099297	-0.81664175	-0.9955948	-0.4405706	-0.94641614	-0.7374934
0.29836476	0.41233864	0.46061265	0.048012078	-1.0466614	-0.9379396	-0.9798426	-0.70957303	-0.5907032	-0.9174901
0.71293604	2.3017693	0.9489697	0.44959313	-0.044297993	-0.60651505	1.6040353	0.17654389	-0.5944233	-1.0946603
-0.84051746	-1.1073697	-0.47234496	-0.8275909	-1.5304092	-1.1507255	-1.5198947	0.022797566	-0.67293197	-2.2759018
0.11013668	1.6592963	0.5037093	-0.21895203	-1.0247262	0.2613927	1.5571408	0.99962753	0.6979513	-0.95075125
1.4160017	0.85741615	1.4971	1.1947773	-0.90750504	-0.6953545	-0.5037188	-0.4626248	-0.7975352	-1.978787
0.3961246	0.7615695	0.7213261	0.18390231	-0.9584975	1.3391536	1.2682867	1.443571	1.3168495	-0.22474559
0.12365339	-0.004363179	0.47789314	-0.046573922	-1.18951	0.14930479	-0.15026194	0.59974515	-0.103668556	-1.1283792
1.233513	1.7851112	1.3491845	0.93784225	-1.0043918	1.0907098	1.4480541	1.1801267	0.9421632	-1.1813619
-1.7515453	-1.4944375	-1.2306737	-1.7639	-1.7685066	-0.9380803	0.062327527	-0.64203674	-1.746396	-1.7568885
1.0956174	1.6027868	1.7559365	0.7552817	-1.2603517	1.3692659	1.7149026	2.3412519	1.3287818	-0.66473806
0.10645176	1.0149422	0.66399693	-0.16839777	-1.0907786	0.079214536	1.4657269	0.58201224	-0.1975548	-1.2552587
3.161554	2.2822652	2.7547388	2.7510736	0.7859417	3.5517771	3.7394307	3.4211648	2.7206862	1.4651276
0.3002499	1.1928576	0.6413545	0.0098774135	-0.8357099	-0.08512254	1.7235867	0.3758413	-0.89793766	-0.3319224
1.2103914	1.3290515	1.6514639	0.96206963	-0.16865164	0.9077882	0.88425976	1.3377756	0.85404956	0.4364971
0.5476439	0.36782536	0.9295691	0.34352642	-1.0301272	-0.16028617	-0.35614955	0.16682783	0.12489297	-0.40816918
0.7980451	1.0536358	1.3974769	0.58469224	-0.9271344	1.0399002	1.4748368	1.250638	0.38714883	-1.0793306
0.96519977	1.2619646	1.5569162	0.75267565	-0.9025836	1.2456703	1.6878455	1.8788298	1.4365544	0.0074700275
-0.33540952	-0.6053696	0.13988402	-0.43077135	-1.1056975	-1.1267234	-1.431138	-0.34674054	-1.4019682	-1.6081797
-0.7443541	-1.0645223	-0.20687413	-0.8567574	-1.539849	-0.511974	-0.9336156	-0.18989514	-0.8152107	-1.6087493
0.62093604	0.04813066	1.0317328	0.4124778	-1.1272048	0.7208548	0.27814862	1.1097431	0.10133474	-1.5335902
-1.1939821	-1.3931621	-0.71744287	-1.2451277	-1.0397125	-1.3380538	-0.31033808	-0.188657	0.45820615	-1.1016536
-0.70706564	-0.7946613	-0.2908453	-0.7955578	-1.1956768	-0.83788306	-1.2409817	-0.7586256	-0.95959467	-1.5280812
-0.2883496	-0.1831455	0.16779494	-0.3748542	-1.0995581	-0.69484615	-0.66528213	0.18346648	-0.3116031	-1.3042881
-1.399695	-0.8957287	-0.9908253	-1.4647362	-1.0201377	-1.1691955	-1.7456237	-0.92578024	-1.1326929	-1.0463969
-0.5564146	-0.13084877	-0.06548962	-0.7299637	-1.7618524	-0.8549401	-0.71623725	-0.20173915	-1.0033065	-2.2540033
0.63876814	1.4581134	0.76041937	0.35795057	-0.8498157	-0.29720625	1.3183337	-0.055252414	-0.73967487	-0.7317666
0.09845003	2.172036	0.4032612	-0.280446	-0.13626462	-0.7145194	2.262528	-0.021141917	-1.1592964	-0.62976944
-0.25054735	-0.094913036	0.78150296	-0.33659178	0.34949085	-0.57095623	-0.29645157	0.4798481	-0.75677013	0.31614003
1.4579035	3.109009	1.5748847	1.0625706	-0.7942735	1.5512607	4.04846	1.3113507	0.07780356	-0.9958665
0.055897437	0.40597072	0.27223957	-0.14305817	-1.1105279	-0.5369589	-1.0809706	-0.29599044	-0.5742026	-1.1588528
-0.33527097	0.35256305	0.019927442	-0.5392079	-1.0807998	-1.3255949	-0.9375829	-0.47439405	-1.503531	-1.2284932
-1.2926952	-1.3638045	-0.81625617	-1.3369888	-1.6445965	-1.1229537	-1.1731145	-1.098963	-0.9679895	-1.2966372
-1.3428433	-1.6466504	-0.83372366	-1.3607976	-1.6271769	-0.82272816	-1.0606654	0.7566216	-1.159737	-1.2711903
-0.41974124	-0.09326553	-0.07928106	-0.6003396	-1.7869151	-0.9003288	0.34555364	-1.4922274	-1.2151557	-2.2997773
-0.43365493	-0.4377778	-0.038359106	-0.540065	-1.6185176	-0.11128424	-0.60799426	-0.0017904527	-0.3230171	-1.8342699
2.2328477	1.4544586	2.3817368	1.9197166	-0.78351605	3.125693	1.9145039	3.7157698	1.944879	-0.6871597
-0.91103256	-1.2878251	-0.4676483	-0.9349904	-1.7219106	-1.8560122	-2.0700605	-0.696715	-0.8402058	-2.1150863
1.3216375	1.914711	1.4074507	0.94589126	-0.88622344	0.7321068	3.397042	1.2631468	0.6394011	0.14007704
0.88572234	2.5549273	1.1352043	0.3624857	-0.89751184	1.8420836	3.6927085	1.7763518	1.0287663	-1.2910683
0.013701968	0.92575336	0.29716173	-0.29710537	-0.61989	-0.20572263	1.708692	0.35931548	-1.4262425	-1.5625476
1.0265553	0.4331142	1.3762994	0.7933441	-1.0454819	0.51822615	0.2569679	1.1633642	0.6716902	-1.5356151
0.6029634	0.19797152	1.1050457	0.35664433	-1.7166276	-1.089383	-1.3705192	-0.12529637	-1.6050687	-2.0709646
0.87558997	0.12385276	1.5076314	0.70113873	-1.5944225	1.0952967	0.99240756	2.2653568	1.6774905	-1.2938
-0.48564032	-0.70416033	0.09341383	-0.57237583	-1.613921	0.7818685	-1.0530761	0.50356096	0.6203122	-1.9961412
0.54133266	1.2071248	1.0528722	0.3046031	-0.68461657	1.1165563	2.7237265	1.1405499	0.62142533	0.6904744
-1.8308628	-1.8481138	-1.1854919	-1.776324	-1.256724	-1.9606189	-2.3290708	-1.9807628	-1.4899083	-1.3098679
1.0689216	3.204279	1.5733289	0.70804536	-0.3956508	-0.46167788	3.7451475	0.46448192	-0.035004754	-0.07560442
1.0952934	1.315099	1.2484998	0.8542104	-1.174621	1.02005	1.1155953	1.0635979	0.97449434	-1.6548172
2.1958346	1.8063173	2.563353	1.8541427	-1.133288	1.202007	1.8620082	2.689259	1.5861309	-0.889133
-0.6192365	0.5178766	-0.11522201	-0.79218274	-1.1206028	-0.35529026	0.05896424	-0.34036458	-0.04815138	-1.2374412
0.7401701	-0.6176993	1.4733425	0.5186186	-1.700103	0.41453788	1.1231141	1.2863426	-0.13753994	-1.3582482
0.32400376	1.4333236	0.2007269	-0.034326836	-0.077450186	-0.89469	0.038783804	-0.87871164	-1.1108911	0.2505142
0.6715485	1.1237093	1.059976	0.3770423	-1.4058267	0.21664529	0.03306983	0.6103088	0.07039629	-1.6022813
1.2324547	2.1990027	1.4554913	0.97673774	-0.43239847	0.2821165	0.42626324	0.51703215	-0.26901603	-1.1033682
0.16827351	0.88546455	0.61816484	0.060649708	0.109614015	-0.34366223	0.26839277	0.2209155	-0.77088344	-0.58468455
-0.79127425	-0.43318948	-0.29767933	-0.9374627	-0.98640203	-0.9058415	-0.6416411	-1.6183474	-0.41381046	-1.7206743
0.08010902	-0.9593719	0.13172325	-0.07836987	-1.3330923	-0.41997752	-1.741902	-0.5255042	-0.7348744	-1.3992562
-1.0504892	-1.2129136	-0.587451	-1.0864941	-1.4155028	-1.2000779	-2.1714702	-1.2715012	-1.1070259	-1.7100031
-1.4592679	-0.956432	-1.0135299	-1.5632663	-0.95895016	-0.98186433	1.952837	-0.64651936	-1.5460749	0.93660295
0.1289098	0.4873455	0.29267684	-0.0941623	-1.534783	-1.4133161	-1.2346245	-0.70679295	-0.6472661	-1.3772153
-0.26667345	-0.6955097	0.072886646	-0.33055693	-1.4976358	-1.0634934	-1.4861574	-0.1752835	-0.964377	-0.89759403
0.287836	0.45300218	0.87961495	0.072495475	-1.3155719	-0.11209344	0.04177552	0.18481478	-0.25228086	-1.4173485
0.5244756	0.7278569	0.8607837	0.28141958	-1.475421	0.8921127	0.3196822	1.4853864	0.80557966	-1.1120515
-0.28139207	1.2075187	0.2696968	-0.5378009	-0.4426567	1.234481	3.5111468	1.5907886	1.2840067	-0.07023032
2.2322583	2.2002356	2.2983527	1.9261281	-0.548373	1.3410841	1.6829813	0.8010039	1.2343999	-1.195068
0.38930276	0.09894252	0.9058472	0.21985169	-1.4886223	0.87162185	0.36062762	1.48674	0.8873789	-1.3879919
-0.68197286	-0.23514047	-0.2838011	-0.8174243	-1.4619598	-1.6814978	-2.1519496	-1.4126557	-0.9203055	-2.3286667
0.12743378	0.009879649	0.2601004	-0.031178758	-0.825786	0.22771004	-0.1984305	0.5548071	-0.08713642	-1.1169617
-0.48898098	-0.7551081	-0.02993995	-0.5855466	-1.1775423	-0.709694	-1.318548	-0.45602593	-0.9711212	-1.0359913
-0.09292022	-0.11176741	0.34907737	-0.26432127	-1.4142371	0.2549638	0.4877061	1.077417	1.014038	-0.94347095
-0.5679629	-0.9847425	-0.25478503	-0.6171183	-1.2991608	-0.9780432	-1.9828025	-1.4209476	-1.975097	-1.4021659
0.44592473	-0.16930965	0.7285818	0.25919193	-1.1995332	0.20932989	-1.2019154	-0.17586258	0.3779829	-0.5947684
1.1315336	0.932858	1.7588143	0.94214094	-1.1500342	0.93665534	1.4951688	1.7855607	0.871662	-1.3577514
-0.0022412017	-0.34413013	0.6322338	-0.17440419	-1.4747066	0.54200506	-0.8868081	1.4181639	0.017101077	-1.2512845
-0.6339683	-0.08781192	-0.20900476	-0.76478285	-0.76437783	-1.2501166	-1.0202063	-0.46011674	-0.65219367	-0.61641353
0.60052407	0.030990213	1.1683934	0.35705584	-1.6775422	0.66681516	-0.12454254	1.4437809	0.19089074	-1.9511807
0.651039	0.57839215	1.133468	0.4163019	-1.111604	1.0355332	0.7168201	0.78655493	0.7777298	-1.284852
-0.07650247	2.4250376	0.19713533	-0.5180031	-0.20693164	-0.5981678	1.4682859	-0.7997413	-1.0881873	-0.9091246
0.52444303	0.5653112	0.95762634	0.23528354	-1.2703598	-0.33470976	0.48613626	-0.38384628	-0.9692291	-1.2613145
0.96741813	2.3275268	1.1273081	0.59823847	-0.9723481	0.22894806	2.088136	1.4422809	0.6979513	-1.9710503
-0.122699	-0.88065314	0.7139827	-0.23851453	-2.0720901	0.26891062	-0.9817733	0.5999958	-0.41971445	-2.0979931
0.3926343	0.81240964	0.77051985	0.123145476	-1.27381	-0.5271268	0.8064161	-0.088598445	0.27887037	-0.8495952
0.40493146	2.308249	0.5404022	0.04549645	-0.5576584	1.6545136	2.5254924	1.4282854	1.126031	-1.3597776
1.3623991	1.9434357	1.689593	1.002866	0.43311045	2.5764248	1.6555165	1.7994233	2.0947857	-0.82509226
0.5597453	-0.115618885	1.3151737	0.39195442	-1.4947144	0.26449674	0.4520575	1.3206221	0.18869126	-2.0247872
0.22789356	-0.1167402	0.7925968	0.07449876	-0.33206624	-0.58330274	-0.099928804	0.7791149	0.2291594	-0.29474202
1.3851708	0.7740861	1.7942547	1.0830997	-0.7940819	0.07115562	-0.18930542	0.7521219	-0.18174104	-1.0614153
0.32840878	-0.30396998	0.750252	0.18610032	-0.6181003	-0.0014698503	0.48518646	0.78501403	-0.48333064	-0.8817662
1.8443173	1.5633612	2.5104144	1.594143	-0.34870946	2.105994	1.7005178	1.7584648	1.3536394	-0.9835979
0.28277948	1.5440655	0.6313412	-0.04297079	-1.0766957	0.5186716	2.236257	0.5662082	0.06052138	-0.61247975
0.41943973	-0.015136644	0.83933794	0.22957633	-1.3487642	0.43885544	-0.7284853	1.174245	0.48793384	-1.7432986
-0.35362992	-0.6762842	0.012373775	-0.36487693	-1.1249211	-0.35137376	-0.7779447	-0.28759697	-0.14544876	-0.32569185
0.6204501	2.137063	0.9288579	0.34648848	0.3007755	0.33056784	0.74048454	1.0919818	0.44647107	-1.0589972
0.65039426	0.5032283	1.0233673	0.35968244	-1.3196957	0.018985704	0.69349957	0.33989304	-0.188453	-1.2388039
-0.798719	0.60818076	-0.6123886	-0.92282605	0.8373332	-1.2379593	0.3515461	-0.5535641	-0.8584421	0.40013665
-1.359309	-1.4673333	-0.83023274	-1.359209	-1.4868691	-1.2793144	-1.7976284	-1.0236536	-1.5610652	-1.6356078
0.37260744	0.6817496	0.771629	0.14420079	-0.9027548	0.06563959	0.21164308	0.240874	-0.16748783	-1.8216987
-0.00065050274	-0.19134504	0.3900577	-0.1358258	-1.5365175	0.567636	-0.39776352	0.93222934	1.0163238	-1.1053632
-0.034702756	0.28922603	0.09388378	-0.24182852	-1.2062793	-0.9673849	-0.8010443	-0.44732153	-1.3725088	-1.2694774
-0.5097831	-1.4906514	-0.19495675	-0.52174246	-1.5444231	-2.524936	-3.1915295	-1.9044034	-2.6421733	-2.1168709
0.26570347	0.88163745	0.7005872	0.0005220026	-1.1472929	0.26366156	3.1066906	0.83111036	0.1672232	-1.3706322
0.25868547	0.8571843	0.5670401	0.011398464	-0.29468012	0.39228854	1.7420522	0.69556665	-0.026847458	0.25891048
-0.23059401	0.87600374	0.32079244	-0.3980444	-0.5314955	-1.1109653	-0.7301811	-0.7557655	-1.6066241	-1.0531241
0.27974164	4.069544	0.11410704	-0.047945663	-0.32208562	-0.18014374	3.6611686	0.65023935	-0.63846636	-0.5269329
0.6607737	1.3442096	1.0032897	0.42894387	-0.81183803	-0.29453495	0.070914835	0.4287443	-0.27759916	-1.7212034
-0.9188194	-0.7167231	-0.49450174	-0.9750284	-1.014164	-0.81027645	-1.6028227	-1.1391451	-0.9042582	-1.0057695
0.2761865	0.18209615	0.8668668	0.12579156	-1.4886274	0.15792426	-0.68483907	1.097413	0.15467098	-1.9560841
-0.017890431	-0.52949333	0.34180602	-0.14336665	-1.4582613	2.4275918	0.92079407	2.8603897	2.007196	-0.81395596
-1.1056603	-0.7495768	-0.71815395	-1.195107	-0.89294374	-0.7258333	-0.8283831	-0.18067898	-0.7337353	-1.3921846
-0.6560561	-0.8696592	-0.19392842	-0.7425897	-0.67909575	-0.50511837	0.24534643	-0.21067014	-0.09281806	-1.0988125
-1.1214976	-1.50509	-0.67599785	-1.1708497	-1.3405366	-0.020966968	0.2162388	0.044763938	-0.62076366	0.8147304
-1.145434	-0.92648506	-0.7326809	-1.2288868	-1.4341065	-0.50713074	1.0127965	-0.31331417	-0.29010698	-0.8239995
1.7556244	-0.4336671	1.8398929	1.622022	-0.6471287	2.5981908	-1.1585504	1.2331712	1.7574842	-1.3667102
-0.064711474	0.39252976	0.2773232	-0.3405066	-1.5511917	0.024564354	-0.11395199	-0.36676922	-0.4312494	-1.9393706
0.19801435	0.40348372	0.54180706	-0.014554262	-1.5227646	0.13950731	1.175869	1.0984269	0.34041378	-1.3458104
1.9184426	4.3594017	1.8172247	1.1431046	-0.27825582	-0.6493013	5.4454465	-0.098974794	-1.946073	-0.23621538
-0.8896975	-0.9534571	-0.5147954	-0.97082186	-1.0332123	-1.4365468	-1.7897639	-1.412217	-1.9035623	0.312254
-0.20694089	-0.18488413	0.19334234	-0.42331007	-1.4398663	-0.5929082	-0.046790026	-0.09325553	-0.9424169	-1.4357638
-0.97572345	-0.91096485	-0.6959748	-1.010089	-0.87481725	-1.2290945	-0.95464253	-1.0605385	-1.3689948	0.018869774
0.5671227	0.053595275	0.831831	0.3912223	-0.30443195	1.1460282	0.8886416	1.3057102	-0.06497201	0.9660995
-0.6244115	-0.8559749	-0.15654054	-0.6518702	-0.7626778	-0.5056138	-1.2068982	0.29586124	-0.83185345	-1.8280913
0.5499456	-0.017028287	1.0669211	0.37857884	-1.314141	-0.25888902	0.08601621	0.2457439	-0.45370492	-1.3747327
0.7779593	1.4475126	1.6121572	0.50152427	-0.21059506	0.8162423	1.8810736	1.9480461	0.66580087	-0.30460468
1.2596332	0.65309334	1.4097797	0.8950356	-0.42033356	0.5449271	1.7895314	0.8459564	0.48181888	-0.4877243
0.46404132	0.11057609	0.73554677	0.38400745	-0.51029134	0.66866654	0.55176884	0.8880643	0.4688416	-0.9429153
0.6470612	-0.28994113	0.92119026	0.54708534	-0.89869714	0.8432725	-0.3711106	1.0820458	1.1340435	-2.0876036
-1.1340363	-0.670841	-0.7119591	-1.1913788	-0.13053241	0.6082416	-1.7368752	0.77433443	1.3860219	-0.60600466
0.7674199	1.717746	1.0432775	0.4468779	-0.3124622	0.22636169	1.9143977	0.9234276	0.1987375	-0.61461675
0.560812	1.3959829	0.45696452	0.28107983	-0.5443196	0.65518004	1.8681929	0.18940891	-0.2160711	0.34867132
-0.37382233	-0.54648745	0.05589609	-0.49788368	-1.1767887	-0.2580255	-1.6075739	0.007983633	-1.272045	-1.7960371
0.047103606	0.020434082	0.45366734	-0.10352965	-1.2981265	0.3814168	0.06919881	0.2549972	0.110565044	-1.8128945
0.8152981	2.979357	0.6534613	0.2591468	-0.2897247	-0.15251163	3.8892944	-0.14712015	-0.811055	-0.23317836
-0.42553774	-0.72969973	-0.01919797	-0.53720355	-1.2679874	0.4137015	-0.90985644	0.36500618	-0.1493008	-1.1216117
0.69099456	0.19927141	1.0777781	0.41169262	-1.7136072	0.88084406	0.7641004	1.5393271	-0.02166158	-2.033172
0.015195817	-0.7170851	0.80781174	-0.059382543	-1.9884342	0.6760215	0.04674777	0.5112886	-0.0035310357	-2.20687
-0.49684462	-0.50928867	-0.17347082	-0.47421122	-0.87485373	-0.03554521	-0.21110386	-0.13175444	-0.21905313	-1.3289922
-1.4232635	-1.4057839	-0.9946786	-1.3228619	-0.69132423	-1.7019018	-1.0503991	-0.5920973	-0.7874755	-0.6499242
-1.5065316	-1.6759284	-1.0212033	-1.509273	-1.7542828	-1.0623089	-1.2540479	-1.2725772	-0.76805824	-1.9697009
2.1770496	2.689206	2.1978543	1.8066006	-0.044027954	2.2497582	4.225979	1.5249778	0.82224226	-0.439973
1.7810503	1.9069223	2.0974371	1.5050712	-0.40768048	1.4501406	1.491113	1.9113315	1.6461555	-0.7259366
-0.7407361	-0.5319873	-0.308794	-0.86570126	-1.1177201	-0.37626344	-0.238266	-0.15135142	-0.57990724	-0.8026974
-1.8968673	-1.7668358	-1.4097039	-1.7388244	-0.9160217	-1.6836232	-1.4602934	-1.0942014	-2.6762092	-1.4879991
-0.61440164	-0.75151074	-0.27411422	-0.5858958	-1.2922287	-0.880083	-1.2005129	-0.21639659	-0.4446128	-1.4210052
0.8512092	-0.1369256	1.1319811	0.65792394	-1.3218478	0.2655414	0.8341273	-0.24658804	-0.03676847	-0.6643429
0.14817765	2.1765454	0.4973258	-0.2580273	-1.1243181	-0.4217338	2.8055987	-0.31757948	-1.4791807	-1.0406762
0.8415361	1.3103845	1.1782701	0.57541883	-0.5690322	0.50597113	2.3316822	0.6536578	0.09381564	-0.6622735
0.050221868	1.385137	0.29258946	-0.13593374	0.6549227	0.031410042	1.0329593	0.35529763	-0.4555935	1.1341116
-0.4653055	0.5908642	0.20369585	-0.7279423	-0.5455974	0.9126713	1.5037448	2.1616032	0.61602277	-0.71497613
-0.22587082	0.4395006	0.42019302	-0.49162775	-1.3110944	-0.4606104	1.8858318	0.43976194	-0.7914516	-0.5297958
0.7115717	0.36603817	1.2518888	0.5044749	-0.7415228	-0.041747678	-0.2745818	0.30764282	-1.1824548	-0.6127681
-0.052219555	-0.9132519	0.5171685	-0.14390123	-2.1305768	-0.1635323	-0.49642473	0.4820149	-0.42848653	-1.3950714
-0.23263642	-0.90085995	0.20723638	-0.28668267	-1.7035203	-0.6869426	-0.76840085	-0.3845272	-0.6778492	-2.1506605
2.842805	1.6195564	2.7864618	2.4692328	-0.7976515	1.7650135	0.9274943	2.006605	1.4334986	-0.29153672
-0.8036836	-0.5211723	-0.29467973	-0.9284998	-1.1331476	-1.433138	-1.4221497	-0.6253313	-0.8069844	-1.4160246
0.10463705	-0.5766178	0.6141088	0.029796645	-0.49441293	-1.4937092	-1.3241895	-0.8753056	-1.6204114	-1.0038364
-0.7414363	-0.5458206	-0.42351404	-0.7421826	-1.0143205	0.5589801	-1.1461856	0.74167585	0.10895215	-1.0741438
-1.0975109	-1.4230111	-0.5597342	-1.1317613	-1.3169434	-0.88500446	-0.7634224	-0.23148571	-0.67171913	-1.2230073
1.7514123	3.398033	1.7538968	1.3813264	-0.07375699	0.88236773	1.7365183	1.4931616	0.65685725	-0.7810447
0.7669243	1.2538476	1.1841795	0.59873384	-0.77472043	0.48013577	3.9882445	1.2248399	-0.31790313	0.10215016
-0.19926706	-0.5525936	0.33196333	-0.19897331	-0.4426318	-0.8249225	-1.4531564	-0.496502	-1.0628489	-0.5098059
-0.44251016	0.12867674	-0.3352972	-0.6020081	-1.376141	-0.53363556	1.3223536	-0.34547177	-0.73697066	-1.0120674
0.26541084	-0.18193369	0.720984	0.07555811	-1.6316986	0.009240953	-0.035388555	0.7576737	-0.07236881	-0.9582656
-0.7591664	-0.05667746	-0.106591344	-0.9251497	-1.0157791	-0.9298447	0.23620641	-0.44894272	-0.52419275	-1.517663
-0.80818355	-0.932089	-0.41192284	-0.847016	-1.5856389	-0.6082388	-1.0163171	-0.18761247	-1.003531	-1.5766344
-0.34038362	-0.5266397	0.14767912	-0.45975423	-1.5473812	-0.042764172	-0.15252368	0.3386294	-0.394936	-1.8272886
-0.20601189	0.005447775	0.15396996	-0.37873685	-1.2188871	-0.8491818	-0.47354582	-0.39991236	-0.43670365	-1.4609687
0.3702961	0.6418288	0.452761	0.14281629	-1.0429783	1.6227242	1.255973	1.4667751	1.3416919	-1.1760416
-1.4925368	-1.538803	-0.9652761	-1.4701762	-1.4151467	-2.2222254	-1.8505611	-1.4117155	-1.9472542	-1.57936
1.3484155	1.6012015	1.3383081	1.0124396	0.5835787	3.2026124	-0.015268552	2.2340548	2.9155147	0.1844245
-0.47046223	-0.4890795	-0.017810166	-0.62153643	-1.4947703	-0.3256228	-0.8163434	-0.19482808	-0.5413024	-1.5456911
0.8674552	0.07605544	1.4485043	0.64178604	-0.8405749	0.67544776	0.15640227	1.5774674	0.09670486	-0.80966914
-0.37324786	-0.56430054	0.1679771	-0.48819506	-1.405055	-0.46479303	-0.26589686	0.32830444	-0.69504863	-1.3989881
0.8430981	0.447871	1.0958108	0.7066166	-0.9185326	0.9718236	-0.032167993	1.1656826	1.3335673	-1.5062231
-0.22337702	-0.2514406	0.08749667	-0.4428953	-1.1785084	-1.07048	-0.5269862	0.030073423	-1.2305171	-1.6476471
0.07788425	0.10918212	0.40060797	-0.09265216	-1.1587536	-0.38216612	-0.33227962	-0.09869344	-0.88535136	-1.5808994
1.235545	1.3228747	1.5881383	0.987362	-0.27567157	0.60614043	2.8657317	0.995617	-0.0024070987	0.8365954
0.04313089	1.038553	0.082466856	-0.1600939	0.1299822	-0.16814518	1.0651923	-0.26111957	-0.72947437	-0.6755429
0.69866276	0.34159604	1.297005	0.51890504	-1.1272191	-0.3926477	0.017337123	1.6387655	-1.6762793	-1.0099328
3.2615898	2.243785	3.5559003	2.9636848	0.41331598	3.0651982	1.704468	4.046593	3.1979938	-0.31287932
1.963581	2.2200317	2.1404731	1.6487339	-1.1527452	1.8966303	2.7874792	2.4029212	2.1579812	-1.4693171
-1.709581	-1.7485559	-1.1541278	-1.6819454	-1.6021918	-1.7343417	-1.4937105	-1.2031409	-1.7891765	-1.6339774
0.41402903	0.411523	0.8311869	0.2028941	-1.1044431	0.13885404	1.0719718	0.86899084	-0.19273959	-0.8538971
0.26231286	-0.31766993	0.72118187	0.14765193	-1.0080551	1.0506132	-0.62610036	0.784775	0.81600565	-1.1695101
0.0010994002	2.2911785	0.19610374	-0.30355626	-0.48702055	-0.18007113	5.3674116	0.36464357	-0.4232321	2.2772272
0.40401176	2.572316	0.55777967	0.0024784952	-0.62053394	0.11379041	4.9033804	0.22393592	-0.5695698	2.462958
0.8547083	0.33948585	1.3370535	0.5704786	-1.0861857	0.19489686	0.5804651	0.15345028	-0.3733314	-1.2566334
1.0833437	0.8872893	1.4545549	0.8397733	-1.1381841	1.6101865	0.45715967	2.1349869	1.6718907	-1.4884582
1.0350522	-0.25546098	1.3415996	0.8726101	-1.1626853	2.0272186	-0.7852513	1.3015002	1.2273982	-0.68474686
1.062444	4.073582	1.3520796	0.7184341	0.92690694	0.7489838	5.4924607	1.2713841	0.5038198	0.84840924
0.18707469	0.49963316	0.41163963	-0.052863955	-0.12169765	0.43227813	1.0148671	0.9247242	0.9666642	0.05951922
-0.61716676	-0.5548599	-0.22309008	-0.797109	-1.9155715	-0.9250346	-0.7156089	-0.16054918	-2.0723329	-1.6945844
-0.31894037	-0.19513986	-0.11739871	-0.36200827	-0.38968763	2.010196	-0.77397496	0.939215	1.6357274	-0.828241
-1.1228368	-0.6726951	-0.78128505	-1.2689954	-1.2517349	-0.57814574	1.326794	-0.030793032	-0.28469598	0.11100182
0.33909637	0.43579665	0.84779227	0.13312666	-1.5187681	0.15159164	-0.43894544	1.0441289	0.51297647	-1.5855774
-1.5152444	-1.3370006	-1.0353713	-1.5029273	-1.2390996	-1.995135	-1.5755365	-1.731566	-1.929473	-1.0066967
0.25478965	-0.026560485	0.7574276	0.01826176	-1.2980511	1.2779133	0.35709545	1.6781623	1.7192633	-1.4088874
0.0032372698	0.25587413	0.60483634	-0.16808708	-1.363497	0.7121804	0.37050456	1.2234176	1.0529075	-1.233041
-0.786204	-0.8980304	-0.48819098	-0.87124026	-1.0609173	-0.10549814	-0.6658955	0.4215929	0.030673807	-1.402127
0.50904137	-0.31152448	1.1133497	0.36795568	-1.7254455	0.873106	-0.40759173	1.9388291	0.5264075	-1.185157
0.5445219	0.10662785	1.0410227	0.30209905	-1.4782797	-0.16023634	-0.66941255	1.1649839	-0.43512526	-1.8768313
0.43190655	-0.32068563	0.9336096	0.1779647	-1.6986426	1.047898	-0.7640302	1.681918	0.8693547	-1.2726146
1.6504405	1.0953772	2.293498	1.4134421	-0.81483436	2.1983438	1.1559023	3.2509205	1.6793834	-0.6759975
1.6125897	3.292261	1.6059078	1.1475229	-0.77292687	1.9794478	4.7827497	1.2759091	1.3772446	0.9235133
-1.3531376	-1.3897237	-0.8458743	-1.3007622	-0.8571458	-1.9683846	-2.334755	-1.0698396	-2.2127256	-0.7970086
0.61289376	0.8986602	0.78246474	0.3887434	-0.5448073	0.4631947	0.37250805	0.8253598	0.6490179	-1.2762148
-0.338055	-1.1617545	0.19122466	-0.44797444	-1.9586226	0.33995155	-1.1970248	0.66219634	0.27515286	-1.2034849
-0.2720492	-0.6142616	0.18008465	-0.35834876	-1.0803423	-0.08226106	-0.2818753	0.3308351	-0.22175677	-0.91922504
-1.4872018	-1.1908033	-0.9148278	-1.5326027	-1.3783013	-1.2080417	-0.21965341	-0.5097084	-2.3897908	-1.5752326
2.142076	1.8026624	2.2152135	1.7614273	-1.3977929	1.9875779	2.7520332	1.1919392	1.7351359	-2.2194917
0.38037273	0.051928848	1.027114	0.14056157	-1.1583138	0.367997	-0.115563124	0.8287666	0.046427768	-2.9811394
0.5319329	0.7534518	1.0230409	0.30639374	-1.263485	0.5867895	1.0400715	0.9874814	0.1702318	-1.3149736
-0.09617177	-0.114636526	0.24055955	-0.2780238	-1.345832	0.17462508	0.8754177	0.21988615	-0.09983562	-0.9473392
-1.4235661	-1.519722	-0.9516679	-1.3827207	-1.4633534	-1.6521714	-1.723074	-1.0877107	-1.6836027	-1.4351904
2.9126706	1.3519392	3.482661	2.5772305	-0.5857619	2.2398396	1.1714382	2.865774	1.9922382	-1.0463303
0.19228393	2.060683	0.36740112	-0.22347042	-0.92142975	3.5621915	2.2641532	3.1769676	2.1698837	-0.77692276
1.8544338	2.16657	2.0045247	1.4648006	-0.44304582	1.3906105	2.3588924	2.3773563	1.0333257	-0.84769493
-0.6403379	-0.89598584	-0.29887292	-0.6599838	0.3964884	-1.4229738	-1.7994636	-0.8784842	-1.1886467	-1.0473183
-1.4411832	-1.7264454	-0.62123215	-1.4443443	-2.1682754	-1.4095477	-1.5332909	-0.5773495	-1.310759	-2.2665546
0.8746186	0.3545811	1.2152313	0.6181314	-0.44372624	0.9986968	0.1220535	1.029137	-0.020006085	-0.14014745
0.34244004	2.2842581	0.5917505	0.090624884	0.010089964	-0.40468368	1.2905983	-0.3463571	-0.78583795	-1.3480713
0.12603486	-0.5762638	0.63157284	-0.033850938	-1.785994	1.1511188	0.055246986	1.5386121	0.99236536	-1.521883
1.9983333	1.0191317	2.3527486	1.7632997	-1.1816695	2.0565145	1.8869036	1.4679652	0.715304	-0.7747103
2.495509	3.4747155	2.5880344	2.0779614	1.0537249	2.051448	3.9703164	2.1406958	1.872388	-0.23405871
-0.014108911	2.4544413	0.29058528	-0.47836554	-1.4728805	-0.026336145	1.913038	0.34102374	-0.6849361	-1.6107136
1.2693933	2.214701	1.3286967	0.9031631	-0.31593108	-0.075102426	2.1886642	0.17076628	-0.35898268	-0.5005706
-0.14531136	-0.32065445	0.24954301	-0.31994694	-1.5114292	-0.35382295	-2.1046908	-0.050977282	-0.5715618	-1.7570516
1.5659622	4.653335	1.3358197	1.0060338	1.4292953	1.690284	4.715204	1.3542575	1.0472456	1.0761305
-0.84298944	-0.7735263	-0.44267264	-0.93409765	-1.2961708	-0.825769	-0.55439085	-0.06199207	-0.84811133	-1.5882628
-0.18166286	1.2151114	0.41374198	-0.50923884	-1.40631	0.6768877	0.7874541	0.30897352	0.84838814	-1.4869438
-0.37992567	0.26759675	-0.027255028	-0.627164	-1.1145444	-0.42030507	1.1364785	-0.65673393	-0.9092566	-1.7481904
1.8461634	2.6165276	1.8153706	1.4285581	-0.96759486	0.025982132	1.3934858	0.121401876	-0.23214458	-0.7955519
1.5260423	1.1246262	1.8024265	1.2078125	-0.48848635	0.46078056	0.7453344	1.418689	0.438846	-1.0322248
0.2949734	-0.91255486	0.8235463	0.06605534	-1.8195817	-0.2302078	-0.92610323	0.30409595	-0.49499428	-1.3251053
0.6437114	0.6176511	0.8829242	0.44370812	0.52665806	-0.31360716	-1.0753597	0.7067091	-0.50600743	-0.5751893
1.3286775	0.29852137	1.6101741	1.0629743	-1.0642256	0.41948172	0.99731404	0.48456237	0.49406904	-1.3249327
-0.41458613	-0.847507	-0.07600364	-0.4912284	-1.2550436	-0.1505942	-0.1821605	0.48545286	-0.531526	-0.16280724
0.22793835	-0.5029749	0.72668076	0.0264619	-0.33735785	-0.33118397	-0.005505054	-0.1338824	-1.284696	-0.17360453
0.4466559	0.21360505	0.9141393	0.21185039	-1.071816	1.7187322	0.99626267	2.2562678	1.4643575	-0.92829734
0.75238365	1.1997197	0.6279938	0.52593905	-0.45750567	0.9296703	2.1554468	0.09270325	0.31220466	-1.3327948
0.743531	3.6643746	0.9332682	0.26319844	0.65664184	0.10063964	3.416869	0.8090619	-0.10781822	1.5345547
2.2568219	2.1316302	2.226622	1.9059329	-0.10653356	0.72945744	0.86095595	1.3802135	0.20929486	-0.8955131
-0.20139834	0.05796495	0.100020096	-0.36465144	-1.1079898	-0.60548	0.74080604	-1.1448919	-0.86982787	-0.53099257
3.9449294	1.5594805	3.5260425	3.4516792	-0.16311161	1.7897354	2.1283355	1.5048476	1.4088923	-0.30927533
-0.008917145	-0.39741704	0.46555442	-0.16753143	-1.6903663	0.29794294	0.08645562	0.84967285	0.0161187	-2.0045576
0.52904445	0.45225468	1.1534315	0.39885217	-0.95961034	0.4221037	-0.16563627	1.1214473	0.032567006	-1.3794187
0.0772016	0.64467204	0.7821263	-0.08096874	-0.42203638	0.32971245	0.3673609	1.6419044	0.4552379	-0.70666045
1.3042606	2.8000662	1.3084952	0.9322138	-0.12722994	1.7250817	2.770575	1.2284786	0.9319666	-0.4019175
0.7045132	0.27469012	0.84219456	0.4821018	-1.274677	-0.17042437	0.030293358	0.2702215	-1.0413876	-1.8454792
-0.06891344	-0.07256895	0.46038726	-0.26261455	-1.0123302	0.9011661	0.62063766	1.3876381	0.28066105	-0.6890338
0.77698296	0.7042749	1.1124696	0.48449808	-1.1878902	0.45261142	1.8212414	0.43560162	-0.24540429	-1.1163841
0.87821734	0.6208887	1.0251703	0.4974919	-2.2295222	1.7771572	1.3783376	1.545837	1.2247537	-1.2030755
1.1913118	0.8827176	1.4137676	0.88308966	-0.682545	0.8670664	1.1271933	1.1882199	1.6959841	-1.1109878
1.5424716	2.0727692	1.9602201	1.2389487	-0.48069012	1.2759593	2.7050042	1.9379996	1.0075084	-0.33955702
0.9176534	2.562877	1.274045	0.7106323	0.24555925	0.4463563	3.06272	1.2336873	0.2464293	-0.019873733
0.6331726	0.6707585	1.1120228	0.4659468	-0.5116905	-0.33531544	1.0476499	1.4202707	0.012976493	-1.4324851
0.43604848	-0.5100813	0.97628665	0.33374774	-0.73669386	0.26981902	-1.0749824	0.5758624	0.7125857	-0.08668799
-0.52753854	-0.24173647	-0.16768953	-0.6810908	-1.3123385	-0.25072187	0.011978289	0.039639365	-0.6939562	-1.6253053
0.018085025	-0.21121892	0.5604836	-0.17039643	-1.6004032	0.48973316	-0.196591	1.6568741	0.76308995	-1.5355314
-2.0189621	-1.6172466	-1.3152177	-2.0465221	-0.8875408	-0.63564235	-1.1698481	0.11429597	-0.4298455	-0.3884443
0.43236783	1.3339522	0.47526437	0.2179703	-0.06798679	-0.451949	1.4749111	0.576701	-0.6814787	-0.0012886109
-0.42931843	-0.7995852	0.011338308	-0.51382136	-1.5568988	3.8061438	0.4304607	1.9577739	3.6288364	-1.846108
0.58935726	0.18457684	1.3219967	0.3680086	-1.4835453	1.3038245	-0.27134767	2.352752	1.0264225	-1.2613783
0.6690438	3.5688958	0.58969915	0.3754182	0.5356891	-0.34905866	4.258708	-0.031478226	-0.7378361	1.6167576
0.009044193	1.6676329	0.08792141	-0.30628276	-0.43262637	0.08357576	0.22791009	0.27706987	-0.8596552	-1.8086535
-0.7066906	-1.141876	-0.38120654	-0.7540817	-1.1529983	-0.7408408	-1.0511317	1.087387	0.36509675	-0.14770034
-0.6759498	0.031384915	-0.31496158	-0.7937232	-0.86094177	-0.7815026	-0.7155055	-0.8291322	-1.0809605	0.009705868
-0.55251765	-0.99252594	-0.3082424	-0.5700073	-0.3461503	-0.9948822	-1.0734521	-0.7947302	-1.1941055	-1.2722622
-0.20142508	-0.34604388	0.31152672	-0.29911947	-1.260857	-0.5361777	-0.8383007	0.23090994	-0.47433084	-1.2447337
-2.0450191	-2.003173	-1.3329782	-2.043032	-1.645202	-2.6647828	-2.8044171	-1.4606867	-2.8080351	-2.3675394
0.9132733	3.0436873	1.0649184	0.470437	-1.2322303	0.77000886	4.2220855	1.2442569	1.3002665	-0.5200422
-0.08679164	0.99583817	0.4297406	-0.31217098	-0.7736273	-0.73933554	-0.11161245	-0.25886923	-0.68904686	-1.7495306
-0.6062375	-1.0446804	-0.197413	-0.6945435	-1.0752094	-0.6154888	-1.3733234	0.16726352	-0.59714675	-0.7769933
-0.5206077	-0.69509864	-0.13569725	-0.6289281	-1.1011492	-1.3770227	-1.3932565	-0.7635648	-1.1222194	-0.50149745
-0.36664018	-0.5399418	0.039640307	-0.47888458	-1.5284363	-0.105674475	0.022534966	0.60416836	0.046465583	-1.0845394
0.5142392	1.1567585	1.2418308	0.26313263	-0.7501308	0.33402362	2.617965	1.3443998	-0.25139338	-0.8903392
1.2668037	0.9680848	1.5025537	1.0186545	-0.6623616	1.8104136	1.7798126	2.5254517	1.6980349	0.04864592
-1.6991717	-1.5931422	-1.1232061	-1.6859691	-1.0760158	-1.723232	-1.4433677	-0.5531635	-1.2434424	-1.227777
0.030382834	0.19088975	0.52481055	-0.12157942	-1.1835941	-0.34568587	-0.43783608	0.01768268	-0.6515323	-0.94829917
-0.021428809	1.7397436	0.3496306	-0.4388855	-0.98842037	0.8243365	1.9479274	1.6308204	0.12516288	-1.5885235
-0.48770002	-0.8520638	0.047284067	-0.6043124	-1.5005755	1.0217457	-1.1610954	1.5294003	0.46775228	-2.3760264
0.5425711	-0.35825253	1.2255201	0.36520147	-1.4263101	1.1912661	0.25018	1.7064097	0.95197374	-0.92170006
-0.3947566	0.94079244	-0.039270252	-0.72090816	-1.2353168	0.29395628	-0.49647307	0.6178959	-0.15118644	-1.4534441
1.0480734	1.9898903	1.2920593	0.7378224	-0.43608034	1.668988	2.5044198	2.1113777	1.7532011	-0.5653569
-0.007441908	0.9957944	0.37210178	-0.2859729	-0.8194041	0.36750582	1.0513301	0.7109106	-0.42493528	-0.7254576
1.0327767	1.6533754	1.0713319	0.67338806	-1.2724675	0.5219048	1.2537422	1.0137851	-0.82323617	-0.66205746
-0.9234678	-1.3452381	-0.4969636	-0.95349765	-1.3908417	-0.6396434	-0.82976466	-0.07089847	-1.0057609	-1.6112684
1.8328477	1.8253384	2.1393447	1.484023	-0.6656256	1.4783292	1.36018	1.5094688	1.1465499	0.7807525
1.6766194	1.7826777	2.0125043	1.310627	-0.90461504	0.52661806	1.528297	0.49018148	0.96743476	-1.0253476
-0.2183547	-0.42156827	0.32925254	-0.33167714	-1.2535539	0.33307758	-0.44693998	0.68296784	-0.043260872	-1.6448449
0.40212798	1.0800831	0.50839245	0.052788362	-1.2902116	-0.035038643	0.6834926	0.19351408	-1.4613526	-1.7243377
0.09804257	3.447924	0.5563053	-0.4153034	-0.5026295	0.10602239	2.6633716	0.37336725	0.97743493	-0.6542995
-0.7741425	-0.463358	-0.38590047	-0.87092125	-0.92728734	-2.0088673	-1.0415411	-1.1414064	-2.3011465	-2.4098015
0.36894765	0.48228434	0.29418835	0.17661269	-0.28406468	-0.4471135	-0.23029993	-0.8000453	-0.24817486	-0.3459136
1.5250288	2.518375	2.185754	1.227103	0.10514131	5.814808	3.1611593	6.581124	5.2587857	-0.61675435
-1.3625791	-1.2907674	-0.8500266	-1.4033432	-1.7425108	-1.5200514	-1.4661105	-1.0411043	-1.4630127	-1.1250157
-0.8025806	-0.77619123	-0.4088867	-0.9360912	-1.2548636	-0.41255298	-0.12465873	-0.027888376	-0.40420538	-1.0680116
-1.5219611	-1.7230906	-1.0535784	-1.419505	0.27280715	-1.4486835	-1.1436983	0.25076747	-1.7992692	-0.17571688
0.40164506	0.35127172	0.748804	0.19170798	-0.4167955	-0.05970327	0.06255061	0.46242478	0.44726712	-0.42398098
-0.051958866	0.3109906	0.19853503	-0.30278665	-0.9683533	1.1439923	2.2261465	1.1249378	1.2679152	0.5146717
0.03540244	0.53126657	1.0532309	-0.18120573	-0.38771954	0.6286892	0.91521096	1.2500403	0.6329782	-0.41208068
-0.2763108	-0.28164762	0.28477207	-0.40592813	-1.1638699	0.6056711	0.3502953	1.0915569	0.025669152	-0.94267786
0.7331478	1.5329087	0.9523269	0.3772924	-1.212582	1.2107182	4.216668	0.9028878	-0.015277799	-0.24676521
-1.0452814	-0.024579078	-0.64851594	-1.2053772	-1.2064775	-0.057172906	-0.33799797	-0.45943245	-0.6352043	-1.7182089
1.2479365	0.53146803	1.633511	0.939448	-1.4737397	0.52830243	1.601038	1.7320356	-0.5669592	-1.6894501
-0.96065784	-0.94773316	-0.41682282	-1.0427037	-1.26947	-1.1652489	-0.7512263	-0.34352395	-0.6835048	-0.7436664
-0.7975259	-0.25427505	-0.3625619	-0.9534806	-1.2728636	-1.4228203	-0.98270506	-0.9013894	-1.2905915	-1.8502089
0.6072387	2.1417918	0.8650657	0.21489103	-1.0561024	1.3423169	1.5010464	1.5053214	0.04056079	-1.7273391
3.5142105	1.5311766	3.8282576	3.2438076	-0.59033775	3.1348183	1.7270157	3.2865043	3.4822037	-0.79334396
0.95739156	1.1389887	1.5228363	0.79745305	-0.85190976	1.7917762	1.8938938	2.2313626	2.036541	-0.8971724
-0.76895803	-0.97933626	-0.32579598	-0.8509515	-1.3761394	-1.1121632	-1.1643633	-0.261768	-2.5664732	-1.7659799
0.73724794	-0.32205403	1.0532832	0.5745568	-0.98705554	0.12899524	-0.5001189	0.7482223	0.14071856	-0.8711994
1.3356827	1.1712403	1.7253463	1.1544039	0.46850547	0.3484922	1.3368591	0.95412594	0.925791	-0.56861305
0.30484244	0.39379403	0.75072575	0.09099351	-1.1693916	0.97644246	2.0564065	1.2574363	0.67108655	-0.6363536
0.48335317	-0.57052654	0.90964544	0.3147694	-1.9590957	3.3852198	0.75229865	3.1519814	2.2762287	-1.5007737
0.90137964	1.3806077	1.2262608	0.6864334	-0.1340692	0.35107395	0.21766576	0.22656502	0.827991	-0.26056337
0.10611083	1.2336289	0.39652145	-0.17183423	-0.5476785	-0.42349395	1.083995	-0.2521451	-0.23030464	-1.054155
-0.29724365	0.21215317	0.15830803	-0.4614179	-1.0367596	-0.30023152	-0.53735465	-0.10278434	-0.36019444	-1.5063607
-0.39000592	-0.35009995	0.20776394	-0.52716947	-1.408607	1.3534734	0.06883005	1.3679072	1.0214418	-0.46704498
0.85612595	0.082273155	1.0689038	0.6227556	-0.7813465	0.94275016	0.9532352	-0.112813205	0.89749926	-0.5881386
-0.54354495	-1.0740627	0.004869938	-0.5751389	-1.4423206	-0.049499974	0.048143804	0.6554674	-0.49749303	-1.7575498
0.69874823	1.5007704	1.2751303	0.43176258	-0.95239735	0.9013837	1.5841839	1.9432979	0.2792863	-1.0606886
1.0671735	1.096064	1.2974498	0.8386228	0.010347664	1.6666732	1.0284611	2.1669774	1.9539251	1.4009053
-0.23405686	-0.11678076	0.3055722	-0.44479698	-1.6128823	-0.13947834	-0.26457104	0.4059757	-0.3345255	-1.7555804
0.1513845	1.2832578	0.48343968	-0.047212556	-0.25284865	0.41096368	1.154909	-0.4109892	0.40136695	-0.13070975
-1.3144326	-0.96557665	-0.57711303	-1.3350962	-0.5278871	-1.5922602	0.26509103	-0.40121987	-2.0311484	0.039733853
0.33170348	-0.5453589	0.6916961	0.17514561	-1.1608644	0.11498557	-0.61031383	0.53412527	-0.66384196	-1.6843735
0.27325937	0.103776276	0.61226296	0.09757392	-1.268265	0.48434883	0.5142808	-0.15649192	-1.1129506	-1.6502771
0.7259669	1.2199486	1.2165186	0.53179306	-0.9926908	1.1134427	2.893932	2.210209	0.15881526	0.7586723
-1.5218295	-1.8134724	-0.95966685	-1.4945463	-1.9269136	-0.8745593	-2.171138	-0.04990797	-1.0014937	-2.9729836
0.25769433	0.4224358	1.001108	0.085866734	-0.75551564	0.22059108	0.5121566	1.1246651	-0.36048192	-1.7608987
0.3579311	0.23591954	0.46681014	0.09150286	-1.3640373	0.09911461	0.31930757	1.1187195	-0.060889214	-0.63216895
-0.23228812	0.17195109	0.077343345	-0.41655323	-0.65351	-0.7047199	-0.01870587	0.470075	-0.86373025	-1.0749754
-0.36586532	-0.42458713	0.05715233	-0.45758355	-1.1906533	-0.09571626	-0.23553167	0.560248	-0.23951332	-1.227282
-0.047608294	-0.27944642	0.46659344	-0.14866458	-1.2760005	0.05681389	-0.030586421	0.6081619	-0.16395582	-1.2824743
-0.37177002	1.0106785	-0.01666829	-0.7217803	-1.4389658	0.08142349	1.8749621	0.2608453	-0.13188976	-1.4635081
-1.7922604	-1.4738404	-1.1788582	-1.7693253	-0.8284428	-2.5104969	-1.976831	-1.3199221	-2.12018	-0.9760072
0.948499	1.3197615	1.0431067	0.7079446	0.6973318	2.4928231	1.7083468	2.923013	2.3881366	1.0657989
1.3873049	2.4651647	1.6324551	0.99431	-0.90879285	1.6086544	4.038426	1.5920323	0.9951076	-1.2866669
-0.9793952	-0.6151914	-0.5530064	-1.1109308	-1.5794617	-1.5102222	-1.2158871	-0.25962257	-1.5702593	-1.7493488
0.003942676	-0.1641567	0.392254	-0.15201958	-1.4246541	0.49238563	1.0105424	0.21096073	0.4522696	-1.5620433
-1.4265807	-1.2618183	-0.87196815	-1.5215337	-0.8001462	-1.2218944	-0.8166152	-1.3360825	-1.7110498	-1.9906838
-1.5289607	-1.4209969	-0.9729196	-1.5507452	-1.4138867	-1.8076923	-1.7034758	-0.49747342	-1.3589827	-1.3860008
1.9523875	1.2878911	2.5604033	1.6563169	-0.44555753	2.1932056	1.9751798	2.9268932	1.401683	-0.1309325
-1.4449483	-1.5400299	-0.9307767	-1.3780279	-1.53343	-1.5001624	-1.0769022	-0.18733661	-0.35110375	-1.2762699
-0.70032424	-1.1155773	-0.17911133	-0.7420585	-1.3666579	0.20785832	0.07387746	0.2596114	0.10413779	-1.0543852
-1.2911457	-1.3043898	-0.7244787	-1.2973664	-0.7049608	-1.7348456	-1.9501654	-0.9863602	-1.7791969	-0.6443412
-0.5852879	-1.3372953	-0.09071228	-0.6687309	-1.3451378	0.43424028	-2.5594141	-0.42244056	0.46155402	-1.4256961
1.6685348	4.1127653	1.8489782	1.169651	-0.051527917	-0.509923	1.6978256	0.08035769	-0.5925947	-1.4164565
-0.25891083	-0.6065819	0.23265705	-0.35299337	-1.0760406	-1.0470802	-1.2258986	-1.3591453	-2.0216615	-0.78672755
1.8767155	2.1786156	1.8935127	1.6208099	1.5535302	2.3293731	1.7320421	2.0262992	2.1775844	0.8869709
-0.22103193	1.2022045	0.18579689	-0.46291107	0.047579706	-0.048073195	0.90426606	0.88289803	1.4372482	-0.099791326
0.12281459	-0.028743505	0.63201237	-0.047128007	-1.2817074	-0.096244566	-0.6421225	0.77647525	0.063897304	-1.2808383
-1.734152	-1.8113725	-1.1117845	-1.6703815	-1.1497531	0.23394415	-0.5678644	0.63306236	0.3316928	-1.0130745
1.4896426	2.0644014	1.5664674	1.1313324	-0.5791423	0.96096367	2.0581176	0.87340677	0.8534538	-0.046846837
0.9439208	3.0152147	1.4200643	0.5244762	-0.6575847	-0.0659097	2.094924	0.44351232	-0.028585728	-1.2748781
1.7258363	1.5712626	2.302562	1.504359	-0.053552806	1.8235408	2.0779622	2.306905	1.6128722	0.63221794
-1.7668374	-1.8058112	-0.6299124	-1.6711714	0.2550266	-1.3466656	-0.8744629	-0.40625882	-1.1036918	-0.35283968
-0.70366114	-0.9284402	-0.23770729	-0.7061336	-1.3930544	-1.0510551	-1.4394263	-0.06497762	-0.95251846	-1.1544567
0.3171179	0.21766403	0.7492045	0.043078706	-1.435863	1.4964875	1.2973427	2.0627975	1.7968533	-1.7874103
-0.813318	1.4295193	-0.3691226	-0.8245239	0.3941085	0.86779124	4.415996	0.7078363	1.138065	2.5504751
0.8425825	1.4308343	1.0064923	0.6252226	-0.5825042	3.3649325	2.317094	3.3336987	2.84077	-1.1407342
0.5071939	0.7522112	0.9648142	0.24670397	-1.1805439	0.34662887	0.78327316	1.147659	0.20562157	-0.8965681
1.9156623	1.6083684	2.4635057	1.6479455	-0.6847547	1.0946273	1.7552419	2.3311257	-0.5477304	0.26652092
-0.6643562	-0.8617165	-0.2553019	-0.76653886	-0.97311616	-0.54409397	-0.6853057	0.26161572	-0.67555195	-0.59139085
-1.1091628	-0.79416	-0.5038651	-1.1254991	0.6585995	-1.9151474	-1.5713415	-0.88894093	0.5897731	-0.9110663
-0.81004035	-0.7902343	-0.6204876	-0.8180427	-0.98148024	-0.5611417	-1.9073069	-1.0184618	-0.4103046	-1.6633334
0.88790005	1.0402379	1.160248	0.73876905	-0.3748119	1.4051801	1.6806576	1.7872559	1.3395826	-1.1135836
3.983312	3.937115	3.646448	3.2972622	-0.86214066	2.5239785	3.7703507	2.5069504	2.3404047	-1.4846781
0.54713887	1.5652807	0.86738515	0.18919496	-0.5796719	1.1710715	2.0818083	2.1825361	0.8329959	-0.17797624
0.43848702	1.3252051	0.6893861	0.041789815	-1.4835286	-0.8834617	1.1903982	-1.5581363	-1.2838463	-1.7562832
1.0036865	0.11611542	1.5113184	0.76410496	-1.41128	0.18736358	0.13389544	0.27772546	-0.33055976	-1.4016522
0.12493052	-0.38584086	0.63292456	0.06587528	-1.0982088	2.5601933	1.720734	3.0787	2.2895606	-1.453024
1.4658114	2.0034566	1.5074267	1.1874937	-0.07149923	1.7054892	2.2967217	1.9197057	1.1269517	0.17104207
-0.4620179	0.36890355	0.14486742	-0.716594	-1.5632446	-0.24331379	0.4353376	-0.010010488	-1.114771	-0.70712775
0.69088036	-0.11397213	1.1984749	0.51268	-0.85811245	-0.37579116	-0.5578153	0.517989	-0.81373596	-1.2735438
-0.36187664	0.49027696	0.031190932	-0.5700606	-1.2262537	-0.03533168	2.2555249	0.33343074	0.7204952	-0.25683865
-1.0797039	-1.3552824	-0.6588372	-1.0670795	-1.2008438	-1.6717867	-1.9105217	-1.3646103	-0.8801083	-1.0228955
1.3673298	0.28388527	1.0228989	1.2246932	-0.8358197	-0.66558963	-1.5253232	-0.39091593	-0.44843957	-0.62848485
1.7581077	1.6333972	1.9137902	1.4465503	-0.735438	1.2337203	0.4857863	0.846564	1.0211424	-1.0911989
2.494092	-0.14504239	2.4684062	2.1717007	-1.5185869	2.6481805	-0.8573192	2.6833036	2.5088944	-1.3317881
-1.7421436	-1.779223	-1.0482663	-1.722117	-1.1855861	-2.0596673	-1.8266867	-1.0513736	-2.2175105	-1.3176864
0.36502394	0.017830104	0.31638294	0.21747674	-0.16386145	-0.70454985	-0.9956921	0.056456067	-1.3363599	-0.13874292
-1.6484988	-1.7118174	-1.1204795	-1.6082106	-1.6354121	-1.7568616	-1.9611102	-1.6968504	-1.9138672	-1.3162555
-1.1543224	-1.4821514	-0.6921282	-1.1394577	-1.560334	-1.2608795	-0.75461507	-0.56360346	-1.5188133	-1.7842135
-0.68418616	1.1934214	-0.5011263	-0.85987496	1.0558482	-1.3994669	1.0102016	-0.5047649	-1.7003629	-0.026384491
0.45312718	1.7573649	0.6398368	0.21859328	0.036406577	0.33384386	0.4298696	0.5378846	-0.37407258	-0.6501708
0.9117153	1.178006	1.489028	0.7184771	-0.99925923	1.3246392	1.9133613	1.6561433	0.19420898	-1.0748885
0.77164525	1.7338516	0.9013381	0.45689505	-0.081129044	-0.3055956	0.084495105	-0.058774713	0.12530422	-1.7745408
2.477918	2.224459	2.594213	2.0373976	-0.79267263	2.0816178	0.7811218	2.2377956	2.1033137	-1.1578677
1.4374709	0.088517636	1.4976938	1.1258737	-1.5201224	3.1035697	0.5623883	2.343921	3.1754074	-1.4825727
0.9279633	1.3409108	1.5297031	0.71419096	-0.53793633	0.85078317	1.1729167	1.1867081	0.9374714	-0.23969926
0.110860385	4.567822	-0.058801264	-0.3215214	0.63315773	-0.63764006	2.8946645	-0.1920156	-1.0015001	-0.7778473
-0.48064908	-0.71578157	0.018827915	-0.579761	-1.1402397	-0.42483985	0.15093458	-0.06595937	0.91763777	-1.2513682
2.454322	1.7731323	2.9823558	2.1841636	-0.48210698	2.464158	0.4651179	3.2326758	2.2522955	-0.7535884
-0.45508912	0.41491112	0.06459087	-0.70671827	-1.3559415	-0.5357587	-1.0601107	0.088253915	-0.50671065	-1.1940104
0.3665606	-0.455557	0.9030981	0.29366285	-0.89140403	0.32394296	-0.11096223	0.69459146	0.17196397	-1.2352384
-1.7101513	-1.7670115	-1.1303257	-1.6640056	-1.5735948	-1.3646011	-0.8411209	-0.70454013	-1.3392731	-1.4758285
-0.64548606	-1.8612313	-0.32786593	-0.79704916	-1.7245826	1.9874109	-1.860348	1.564072	2.299117	-1.4964963
-0.39534518	1.0737101	0.030046642	-0.6786978	0.2743508	-0.07678573	2.1328402	-0.15554348	-0.10922185	0.67004156
0.1480838	0.64969885	0.3989047	-0.030269787	-0.6092151	-0.85235476	-0.64236027	-0.8399825	-0.89406246	-1.38642
-1.7851838	-1.777544	-1.1205635	-1.7904886	-0.80933	-1.2357241	-2.317529	-1.1425339	-2.0689673	0.18061642
-0.08048586	-1.0133991	0.7141063	-0.19303934	-1.0108037	-0.6986882	-1.7031195	1.012348	-2.2106955	0.253382
-0.19015601	-0.6058736	0.55776393	-0.33604783	-1.1016414	-0.2839208	-1.0487728	1.2956616	0.3182253	-1.0204725
0.3350372	0.5140592	0.9100535	0.120956644	-1.1529661	1.0122542	0.42120615	1.6696199	1.0339158	-0.7906091
1.0078604	-0.36179662	1.7771479	0.7934016	-1.9144562	1.1372592	0.38871822	1.7665385	1.2816603	-1.967833
-1.1419853	-0.6146364	0.009555742	-1.3317024	-1.045345	-1.0947177	-1.0215203	0.32038438	-1.32545	-1.0993729
0.87528473	-0.83228695	1.4650044	0.7445309	0.17378625	-1.3136848	-1.2981327	-0.65987825	-1.7441276	-0.4602845
0.21132803	1.0310252	0.43202254	-0.03654866	-0.6467192	0.9885472	1.9217929	0.5778957	0.893793	-0.60540885
2.5789354	2.6301453	2.6523778	2.2178707	-0.67322946	2.819503	2.8348897	3.7619154	2.7144704	-0.44587165
0.5733098	0.59882236	0.99792767	0.3289311	-1.0305113	1.3069054	1.8381319	1.6535212	0.71440655	-1.000038
-0.3216571	-0.9492208	0.18542182	-0.49131984	-2.2106001	-0.22989787	-0.8998437	0.5413335	-0.8368999	-1.6702924
-0.72924185	0.9458451	-0.6529056	-0.8825974	0.88838184	-1.3286711	2.1707745	-0.85537213	-1.904522	2.0893886
-0.09611216	-0.3555456	0.44482806	-0.30453098	-2.0430057	0.18756501	-0.25261015	0.29098848	-0.23457819	-1.6465062
0.7041563	1.3101369	0.9078294	0.47194248	-0.6174239	0.5374284	0.7352055	0.42622536	0.70465046	-0.5408797
0.9881225	-0.8763732	1.356353	0.73864186	-1.5150508	-0.14986828	-0.46936712	1.172271	0.3811124	-1.6059394
-0.31159142	0.7087517	0.111232996	-0.6069462	-1.2926098	-1.014834	-0.96789825	-1.1926249	-1.3798825	-2.01596
-0.6524894	-0.6428087	-0.24374664	-0.7742834	-0.6176601	-1.1604217	-1.3128994	-0.4349957	-1.1254026	-1.0462492
0.75722235	2.672512	1.1122682	0.42083383	-0.042347103	-0.6767047	4.282279	-0.5886351	-0.7796771	1.421069
-2.0013046	-1.8744177	-1.3818376	-1.970242	-1.6903487	-2.1944427	-0.36855403	-1.1829768	-2.5477304	-1.7970092
0.25016847	0.94975364	0.787858	-0.029447332	-1.3041867	0.39060676	0.6827222	1.074112	0.011507163	-0.9365522
0.641755	0.02407369	1.1080294	0.46363515	-1.4500304	0.45666066	-0.52437025	0.57165366	0.09398835	-1.4606425
0.6132455	-0.00053429604	1.0197295	0.4055388	-1.0420223	-0.3928938	-0.46887225	0.025326677	-0.5111066	-0.9192744
1.3193147	1.3169067	1.7542821	0.94273186	-0.8940873	1.1841726	1.0202537	1.0210092	-0.29848868	-0.4677544
0.64710104	3.9814756	1.1369079	0.17157714	-0.41506732	-0.29882607	3.7970815	0.0011429881	-1.0828786	-1.3920997
-1.6065464	-1.9061477	-0.9773176	-1.5533468	-1.7161107	-1.9228563	-1.1957408	-1.537136	-1.5934895	-2.4010975
0.0959264	0.08800718	0.5583979	-0.12399469	-0.6839633	-1.0120562	-1.0711339	-0.14960015	-1.0479753	0.13893104
-0.28249106	0.11314574	-0.1414124	-0.5322787	-1.9590466	-0.110671625	1.7816936	-0.5182962	-1.0731919	-1.0759522
0.015648998	0.24163795	0.2637002	-0.20678417	-1.5204729	0.55517125	-0.12315155	0.0058669276	-0.65060586	-0.83446455
1.845174	0.5102205	2.075712	1.6151825	-0.83052176	1.5825026	-0.6124353	1.7343961	1.4788908	-1.0660564
-0.05869095	0.32444164	0.19798444	-0.35995412	-1.6185848	-0.05658227	0.8220227	0.26318228	-0.27919897	-1.4130585
-0.4146756	2.2154784	0.33352965	-0.8304834	-0.38186285	-0.7741899	2.708323	-0.32228878	-1.2280371	-1.0745912
1.494885	1.3151689	1.68871	1.1873274	-1.407534	0.7353193	0.8419511	0.8555689	0.48582444	-3.4886458
-0.119290836	-0.649297	0.29094777	-0.25009835	-1.7761984	-0.53940713	-1.339121	0.08833216	-0.9536604	-1.7434795
0.15326938	0.31166258	0.44119343	0.03716193	-0.4768213	-0.77702254	-0.4721107	-0.21460399	-1.0114253	-0.29987875
2.7823646	2.5829542	2.5319753	2.3823457	-0.19850023	3.4364693	2.796462	2.3630738	2.9761121	-0.17216243
1.5342736	1.5260556	1.8152875	1.2096999	-0.9846388	1.870678	2.4718933	2.719923	1.8212473	-0.56890786
-0.12032991	-0.29191655	0.2674817	-0.26142395	-1.2232597	-1.0388241	-0.5842117	-0.73652446	-0.53634983	-1.4918333
-1.0121663	-0.972563	-0.61861014	-1.0064952	-0.28270313	-0.95660144	-0.8640836	-0.5711199	-0.88879013	-0.40144143
-0.70583886	-0.88348675	-0.27818367	-0.78551894	-1.4588696	0.16753963	-0.884838	1.004453	0.42397735	-1.0711819
-0.6374417	-0.39471456	-0.23438969	-0.8023932	-1.9810382	-0.29278666	-0.24483423	0.55407405	-0.32265118	-2.0273492
0.097207166	-0.2274256	0.4866161	-0.17914744	-2.1584992	0.20115645	0.732521	0.87983596	0.15748052	-1.7912573
-2.5736115	-2.302082	-1.6863432	-2.4724066	-1.1391354	-2.5768454	-2.1168475	-1.5919877	-1.8898258	-1.356265
0.4748405	-0.26038986	0.9676533	0.31603098	-1.6047844	0.012331165	-0.16822673	1.0573845	-0.6800859	-2.486398
-0.051632255	1.2203063	0.33692133	-0.2387844	-0.5586005	-0.22932623	1.0300475	0.11752643	0.03255921	-0.22677468
0.30644742	0.76696193	0.73558974	0.091725215	-1.1230247	0.13954735	1.0671122	-0.3140446	-0.30749285	-1.0931437
-0.11358408	-0.48347235	0.27779666	-0.24833481	-1.7745086	-0.26289228	-1.106399	0.22343028	-0.7187524	-1.4806075
0.5070636	1.3838532	1.1336725	0.24576719	-0.70301354	0.7468831	1.4261259	1.597336	0.9560425	-0.76469785
0.18666077	2.0439892	0.4691442	-0.23509589	-0.9169576	0.03991286	1.2462461	0.30194482	0.1990972	-1.4137981
-0.82442486	-0.88432896	-0.4480773	-0.9264271	-0.97460055	-1.2324017	-1.9921244	-0.62110245	-0.6979277	-0.7582504
0.036144294	1.7703497	0.08028211	-0.2687532	-1.2473022	-1.4771006	1.5334353	-1.2482388	-1.9894658	-1.1376668
3.1901057	1.8727586	3.6430776	2.7713847	-0.81452733	3.723488	1.6633301	4.144948	3.9108446	-0.7876206
-0.37880722	-0.45320898	0.065192014	-0.4369564	-1.0180699	-0.64363545	-1.5495311	-0.6693848	-0.5358012	-0.993341
-0.24369669	-0.2302301	0.38451383	-0.30279398	-0.2737103	0.55827063	0.2770122	1.4114594	0.4195118	-0.7309205
0.13054016	-0.3585545	0.46571216	-0.02913998	-0.9737015	-0.9801244	-0.8886856	-0.9045476	-0.9326191	-0.45307153
2.3244593	1.2148099	2.863572	2.004037	-0.7253401	3.508489	2.258028	3.6323647	2.688343	-0.9327657
0.7161338	1.9352815	0.5134121	0.60925114	0.554973	-0.3492651	-0.8395749	-0.59970367	-0.47093588	-0.7023221
1.1281425	1.6857772	0.78564596	0.7854258	-0.7573577	1.3729658	2.0190246	1.1957043	0.87014276	-1.0790279
0.042180307	0.10364753	0.5390836	-0.22113898	-1.2198421	-0.0491808	0.31304687	0.7628507	-0.41519564	-1.1696835
0.26590177	-0.5673355	0.6157111	0.048495486	-1.9190855	-0.9958301	-1.2251551	0.012110954	-1.5244521	-1.9493597
-1.0612313	-1.1265626	-0.57452416	-1.1168497	-1.4304308	-1.014536	-1.8595611	-1.0635787	-0.86347705	-1.0491952
-1.5037757	-1.4048569	-0.8748654	-1.518263	-1.2714852	-1.3697531	-0.87594426	-0.38352188	-1.7285981	-1.4532188
0.94923407	1.9445326	1.299597	0.74529254	-0.34078893	1.5600307	2.120789	2.2954972	0.91401213	-1.0098357
0.52156764	0.07222524	1.1106777	0.4298185	-0.7517822	0.78200775	0.53988266	1.7116889	0.732351	-0.4572338
0.307658	-0.3889674	0.8841741	0.15928902	-1.1964066	-0.46114796	-1.1139865	0.55537426	-0.69300085	-1.1179743
0.6529641	-0.16643423	1.0326519	0.42152423	-1.7026165	1.4790195	-0.31501645	0.9204214	1.3589153	-1.6263769
-0.18286577	0.81003237	-0.19284064	-0.33365196	0.1281476	0.204087	2.6289659	0.3223391	0.9062057	-0.18027753
-0.71804726	-0.7511841	-0.29030398	-0.83173144	-1.4664664	-1.5147138	-1.5802851	-0.5899961	-1.34424	-1.6635944
0.6665706	3.0929487	0.8158562	0.27894193	0.7873211	0.043580454	3.3237762	0.4245018	-0.58243585	2.0628486
0.0053462163	-0.74827075	0.81820905	-0.10615659	-0.95116067	-0.1957295	-0.54147995	-0.024045072	-0.5909806	0.047303714
-1.1804796	-0.0849852	-0.0354262	-1.231427	-0.9455695	-0.038792875	-0.14503495	0.9998796	-0.10250072	-1.637056
-0.66234183	-0.98037076	-0.31621942	-0.6485856	-0.9434999	-0.78629315	-1.592728	-0.18878469	-1.2278143	-1.8220947
-0.37995175	1.0448489	-0.10351086	-0.50324416	0.08410528	0.14275727	3.6755848	0.44189626	-0.52036595	0.9134149
-0.3150745	0.39348313	0.32793093	-0.46236336	-0.43373194	-0.29640576	0.7935846	0.7496391	-0.5045967	-0.48028407
-0.22726807	0.53037405	0.1478126	-0.41545922	-1.116686	-1.7931409	0.46363425	-0.09245051	-0.48290014	-1.5513029
0.19352582	1.0067368	0.6553658	-0.07802001	-1.3731375	0.21091704	1.9984996	-0.18864611	-0.11295054	-1.0673386
1.0527766	1.5012084	1.0819128	0.827858	0.15679225	-0.55761606	-0.25727502	-0.32502404	-0.9342625	-1.4792662
-0.38987216	2.1521695	-0.09554306	-0.8478434	0.09366846	-0.4598795	2.1259763	0.067494616	-0.61451817	-0.8487879
-0.13859782	-0.45526728	0.3489141	-0.32018328	-1.2146212	-0.22515488	0.8734223	-0.21831667	-1.1917732	-1.3109497
-0.34985653	-0.80086637	0.1844084	-0.46318465	-1.3668593	-0.90385437	-0.95431143	0.4860044	0.2430502	-0.7717044
-0.023874022	-1.2227864	0.46094832	-0.16670014	-1.5119305	0.4812825	-0.7331895	0.40685233	-1.0447621	-0.8748207
0.13226348	1.044576	0.5564294	-0.1728826	-1.7274505	0.4031694	0.9042945	0.9604452	-0.10968709	-1.6518835
0.5852405	1.5138104	0.6553481	0.27566487	-0.7281827	-0.50874263	0.73701054	0.6828599	-0.24659133	-1.1895117
0.099235915	-0.7175497	0.71331954	-0.023873776	-1.9138235	-0.42565784	-0.4201216	0.1168548	-0.74629456	-1.7124146
-0.091722764	0.23227796	0.35812056	-0.20204769	-1.2433833	-0.78341204	-0.54922676	-0.13035317	-0.5753116	-0.89111406
-0.7505822	-1.1747304	-0.27277312	-0.8181832	-1.4250422	-1.3287386	-1.5710421	-0.40015382	-0.9634343	-1.5032022
-0.07367156	-0.028658688	0.22820792	-0.21075295	-0.6946105	0.89767534	0.39453453	0.6088926	0.5466699	-1.1569784
-0.4532759	-0.28615102	-0.21416101	-0.54780895	-0.94482934	0.25577107	1.4197389	0.43235093	0.116771944	-1.0633045
1.5706252	0.14130744	1.8568414	1.4178418	-1.5365134	1.7059191	0.06388519	1.6907161	1.431292	-1.4662379
1.5834042	1.9876866	1.9815824	1.3385948	-0.8700923	0.7880964	1.1217136	1.3104726	0.8631461	-0.23826669
-0.42968616	-0.5268574	0.11362252	-0.5565817	-1.3537736	-1.5513681	-1.3635664	-0.89421785	-2.0458364	-1.360816
-2.0419486	-2.1218915	-1.410279	-1.9268627	-1.9888145	-2.457167	-2.4896557	-1.7126784	-1.3390223	-0.98344547
0.55020255	0.11035052	1.0503676	0.28757024	-1.885414	0.030011581	-0.19409494	0.17588101	-0.21986574	-1.7928576
-0.6494661	-0.5952924	-0.24766266	-0.78807294	-1.5018632	-0.2691137	-0.9887808	0.4822465	-0.22932923	-1.2654488
0.49843517	0.275835	0.74993634	0.2778023	-1.2751232	0.5465737	0.4452159	0.7191971	-0.08037957	-2.2910602
-0.24005654	-0.32077214	0.2085869	-0.36842257	-1.1811479	1.2830236	0.68895894	1.1407818	1.0195522	-0.66240937
1.1760839	2.3547509	1.6552509	0.83623314	-0.90241885	1.0436832	1.8566098	1.665999	0.60895795	-0.6191513
-0.3237643	0.26890126	-0.017372996	-0.50160444	-0.23341067	-0.9029724	1.7140272	-0.266028	-0.8720138	0.40256393
0.399714	1.429147	0.7057916	0.05344169	-1.3658922	-0.12285623	1.394727	0.35047117	-0.014418152	-1.5157627
1.0871469	1.6740588	1.1988007	0.8037543	0.026202649	2.0083966	3.6214092	1.8768581	1.7928486	0.6667541
0.29504994	1.4879895	0.29377723	0.06257029	0.27375093	-0.8647182	0.58031565	-0.22500743	-2.0836549	0.6024717
1.3825444	0.72708225	1.8232388	1.1474457	-1.5377975	1.4086204	1.6304772	2.17171	1.0323383	-1.2260517
0.9441605	1.0051717	1.294566	0.627187	-0.9417124	0.62056684	1.7869211	0.78243965	1.0162332	-0.8707352
0.24188974	0.4443908	0.7456567	0.0018872619	-1.1404681	1.0399023	1.1984866	1.199543	-0.22782606	-0.4193243
0.13556403	1.6178932	0.19592991	-0.14341456	-0.4236611	-0.82250684	-0.51295817	-0.76742	-0.9586554	-1.585884
-2.2301686	-2.1488614	-1.3801137	-2.2293012	-1.8886598	-2.0032053	-2.29563	-0.67540944	-2.3427186	-1.4634131
1.2405208	0.32541206	1.6198957	0.99664414	-1.8280246	2.6331792	0.8509659	2.5210233	2.0409806	-1.2011744
0.3901956	0.7135955	1.05908	0.08700292	-1.1805786	1.8268278	1.263476	1.9934462	1.1909324	-1.4652771
-0.07607166	-0.518764	0.30797917	-0.24064586	-2.0263703	0.07622632	-0.24431553	0.27437997	-0.5564374	-2.6185355
0.017421119	-0.14662887	0.56677306	-0.21836565	-1.3777647	0.09756285	-0.59766227	0.76438457	-0.6199448	-1.5024284
0.64493805	2.142122	0.8216286	0.32611132	-0.40071747	-0.029173717	2.011026	-0.22940838	0.36509675	-0.8037403
1.0791115	1.0252992	1.5317721	0.7908113	-1.4108515	1.8335502	0.9557917	2.3059509	1.6339637	-1.2664101
0.06580288	-0.109002054	0.5122715	-0.108691856	-1.2560033	-0.21501356	0.35661265	0.20221661	-0.5255264	-1.6673892
-0.65906495	-0.21573535	-0.41061148	-0.7403392	-0.75135386	-1.4818718	-1.0055218	-0.6482103	-1.3146584	-1.0302824
-1.2489303	-0.28979185	-0.8967532	-1.4071739	-1.3246498	-1.5173826	-0.6277464	-0.11325634	-1.031526	-1.2833925
0.8121116	1.7033085	1.1166214	0.5426025	-0.7988554	1.1185184	2.8917727	1.4392277	1.6516548	-0.23779996
0.83581895	1.0581657	1.1257126	0.5123951	-1.4515309	0.039379843	0.23227562	0.45629576	0.33268163	-2.1962059
-0.07845494	-0.32257518	0.33187813	-0.2630157	-1.3413687	-0.67583674	-1.2200933	-0.6407426	0.57920164	-1.6036215
-0.7502011	-1.6020631	-0.45901343	-0.8619243	-1.4070619	-0.66479665	-2.134666	-0.37557876	-1.5326235	-1.1172019
1.3489133	1.3664402	1.8677332	1.1602526	-0.11687896	0.8822374	0.14003995	1.4503465	0.7657899	-1.149174
1.1326153	0.82244027	1.5880485	0.814735	-1.3024118	0.4771078	1.5230043	1.5780523	0.35094458	-1.1652591
0.5726163	0.5847366	1.1410753	0.3775314	-0.80673647	-0.22844514	0.05634646	0.5115186	-0.11113474	-2.123378
2.8159535	3.040033	2.6304638	2.3712616	0.76188576	1.2857679	-0.1437146	1.2198442	0.61967	-1.912901
0.27913645	0.32756236	0.68195736	0.18802036	-1.0596942	0.18549456	0.7997586	0.45392448	0.011116118	-1.822118
-0.44044194	-0.6584811	-0.14173189	-0.511747	-1.099975	-1.0628029	-0.24546067	-1.1772445	-1.1525152	-0.37056363
1.453819	2.3473463	1.8613235	1.148804	-0.70660055	1.2091451	1.4559926	1.4495654	0.638399	-0.6966233
0.19465956	0.10455242	0.6708889	-0.04873179	-1.49087	0.09847699	-0.2766516	0.583468	-0.50576085	-1.1245351
1.3627118	2.0012758	1.6396842	1.1708558	-0.16708255	2.0551732	1.8168541	2.6276634	1.9851874	-0.89366335
-0.7566362	-1.2381825	-0.35016474	-0.78179145	-2.1313307	0.22493206	-1.3821776	0.7956616	0.24673837	-0.96586204
0.068277575	0.15220374	0.82199085	-0.15623435	-1.0923553	-0.68439174	-1.0994174	0.34918997	-0.14441653	-1.4120854
2.4376504	1.0332053	2.6138687	2.0753748	-1.3739417	0.8281229	0.46788716	1.8388699	1.3493273	-1.7954178
-0.6979261	-0.838819	-0.27513096	-0.7960228	-1.1456888	-0.650067	-1.449785	-0.50569284	-1.2149923	-1.0990438
1.1373129	0.6263256	1.6983769	0.9081907	-1.22906	1.9984052	1.5612204	2.1523464	1.6958013	-0.6349895
0.7247508	0.0032268465	1.0474449	0.6104543	-0.058104485	1.4678577	0.47903278	1.5600995	1.9099813	-0.3271588
-1.2862293	-1.2428627	-0.8612083	-1.3231399	-1.3487943	-0.18373965	-1.2825632	0.30259776	0.64742404	-1.1858102
-0.08030567	-0.60525095	0.48717445	-0.24217106	-1.735485	3.1255941	-0.4361734	3.7203584	2.5915818	-1.4587617
-0.6616214	-0.50028396	-0.25805026	-0.7364318	-1.0596375	-0.62346834	-0.95044434	-0.45763996	-0.71537644	-1.2074224
0.764877	1.4339097	1.0933315	0.4806856	0.18798962	0.4974201	1.4222599	0.43712488	0.6220334	0.8792778
-1.3342957	-1.3927485	-0.7582332	-1.3432488	-1.3985018	-1.1661805	-1.3407958	-0.5642237	-1.0778689	-1.2782255
0.19093713	1.2844474	0.2989724	-0.11571301	-1.1929176	-0.13116923	1.8727173	0.02678804	-0.5868597	-0.57167804
0.72608525	3.1892834	0.78239524	0.33940512	0.63203585	-0.5752328	1.9774268	-0.016307041	-1.0174257	-0.8978978
-0.5568388	-0.46204755	-0.18135932	-0.69094455	-1.2893765	-0.21866365	0.050073523	0.0975098	-0.17649041	-0.8057746
-0.089488864	1.4941907	0.2884255	-0.3802504	-1.1085763	-0.91238636	2.0211165	0.19091558	-1.4709835	-1.1883302
0.58286625	-0.29109722	1.1083138	0.4450395	-1.0002435	-0.0947625	0.2510417	0.28782067	-0.89306605	-1.3306271
-1.2071127	-1.1278523	-0.73236513	-1.2828989	-1.451994	-1.1520109	-1.6277071	-0.62878466	-1.0920141	-1.6942655
0.010595895	2.0648093	0.44927853	-0.33666492	0.1403406	-0.07400919	2.4413188	0.37186152	-0.4252431	-0.16771562
-1.7986385	-1.6295245	-1.3376964	-1.7907228	-1.6943148	-1.5560769	-1.9883698	-0.8926702	-1.5717493	-2.4369917
-0.047789104	0.6348963	0.19902743	-0.30555856	-1.1636119	-0.08222172	0.812219	-0.17804939	-0.47734106	-1.2740285
0.15315324	-0.20020467	0.49885944	-0.012797728	-1.1974993	-0.19039226	-0.87493116	0.9494107	-0.08784044	-1.4407296
-0.7287299	-1.1003692	-0.27580997	-0.7708395	-1.1760976	-1.0286962	-0.6799204	-0.7201863	-1.5358012	-1.2871181
-1.5704018	-1.204273	-1.0675992	-1.5590112	-1.0344781	-1.4173732	-1.4763045	-1.0888468	-1.1405064	-0.3567213
0.32083985	0.5441245	0.6212987	0.078569904	-0.9704732	-0.21633439	-0.008413501	-0.10518142	-0.42987555	-0.90857106
1.4142017	1.1229894	1.7428995	1.2206367	-0.7244141	0.19004448	0.6707581	1.0028667	-0.12297978	-0.5410414
0.790261	1.0984064	1.3095503	0.54790926	-1.0429429	-0.5431117	0.76326627	0.616531	-1.0025926	-1.115698
0.552529	1.3278577	0.85201	0.25362343	-1.179095	0.59092766	2.482596	0.95049924	0.0825438	-1.9748995
-0.32390493	0.0013534427	0.16278565	-0.44203615	-1.053804	-0.8164908	0.60229963	0.26279444	-0.6885058	-0.7665082
1.0351325	0.7924142	0.97091746	0.7525846	-0.960129	1.4352773	2.1761894	1.3376434	-0.25228086	-0.17571472
1.23772	1.3470292	1.5983132	0.9419577	-0.7044616	0.5719699	2.189158	1.698578	0.7808269	-1.508026
1.7260016	3.115052	1.7624811	1.2908137	-0.31189138	1.4890062	3.0263531	1.7360748	0.97678185	-1.1062473
-1.1964434	-1.4736012	-0.6659415	-1.2092377	-1.8475584	-1.791711	-2.399265	-1.0710644	-1.9149152	-1.9706296
0.43316028	-0.67248654	0.29371634	0.2995804	-1.3550442	-0.102811925	-0.63432246	-0.19468553	-0.654605	-0.61519676
-0.531484	-0.47146502	-0.107724816	-0.6003538	-1.1607821	0.50323045	0.82176995	1.3734896	-0.79926914	-0.71833926
2.9745138	2.8741672	2.9418502	2.517027	1.2308874	3.0772865	3.096353	3.3534846	2.3299127	1.4265344
-0.16854373	0.8240068	0.23597202	-0.5043772	-1.4013501	-2.1535342	-0.3882719	-1.6346558	-1.9656311	-1.267846
1.0776384	-0.27764094	1.5041914	0.94734895	-0.90218973	1.7217714	0.41544414	1.4264972	1.5389903	0.29604852
-1.0079608	-1.0976328	-0.50240886	-1.0571823	-1.2300289	-0.9975067	-1.3857504	-0.09293149	-1.4963313	-1.2983861
0.013884395	1.8020265	0.15044804	-0.32879162	-1.1349669	-0.9528496	0.4302001	-0.41855305	-1.0596443	-1.0257374
-1.367085	-1.5207165	-0.8803828	-1.3832607	-1.5324149	-1.5402129	-1.4575828	-0.36289644	-1.935672	-1.1872463
0.3219106	0.007319212	0.84738266	0.17556278	-1.4591802	0.6484877	-0.009290947	1.081617	0.5475274	-1.627142
-1.2741252	-1.4072677	-0.7902098	-1.3055105	-1.2445594	-2.0728292	-1.8975096	-1.5488014	-2.7733436	-1.5911466
0.83486265	4.01741	0.7986133	0.26169002	-0.0508067	0.8156806	2.7556663	0.772605	-0.13875064	-0.6522406
-0.46021494	-1.2537439	0.11683202	-0.6149936	-2.1899352	-0.6885647	-1.6667283	0.3365252	-0.29128212	-2.2109382
-1.7013538	-1.6433864	-1.1110482	-1.6576499	-1.0558211	-1.4823158	-0.48811245	-0.6734458	-2.2470155	-1.5043548
0.41683236	0.89522195	0.39782032	0.15506099	-0.89548707	0.38589314	2.2105243	0.4843109	0.22499852	-0.88626754
-0.2994875	0.91708934	0.47124097	-0.5391729	-0.33940667	-0.17304757	0.12623785	0.34863195	-0.25228086	-1.666644
0.6788128	1.5718437	1.1600323	0.3240689	0.012205929	1.8968658	2.7509186	2.3538773	1.7083781	-0.3185209
-1.3948929	-1.3968823	-0.9066385	-1.4185845	-1.3210534	-1.1152561	-1.2411771	-0.86531144	-1.3634771	-1.2322292
-1.7375392	-1.7252566	-1.1932966	-1.6704546	0.51383054	-1.1572499	-1.4755957	-0.85469353	-0.5339955	1.1946024
-0.079961695	0.054231375	0.4063078	-0.21403964	-1.2247647	0.077150516	-0.8145925	0.59016013	-0.6541794	-1.380091
-1.0318547	-1.4794558	-0.57762444	-1.0247965	-1.6336836	-1.8018646	-2.3456483	-0.72749436	-1.1011366	-1.6360654
-0.44863454	-0.7122029	-0.006436527	-0.5823085	-1.4459755	0.06267864	-0.21083088	0.5798773	-0.18954274	-1.4002647
-0.2573786	-0.06830093	0.166709	-0.3768629	-0.93686235	-0.47168747	-0.6441273	-1.3208386	-2.1129506	-1.6557626
1.8576535	1.3903457	2.2158327	1.521972	-1.10971	2.4263484	0.79242975	3.0011344	2.2085133	-1.4993484
-0.76945287	-0.9749106	-0.46494898	-0.8402281	-0.64613366	-1.5461928	-2.4617505	-1.545609	-1.9832648	-1.6009761
1.9052234	1.2187595	2.2052486	1.5842276	-1.0036161	1.056979	1.843152	1.8701781	1.2874985	0.2584152
0.65148854	0.84654593	1.2241204	0.4636441	-1.0956807	0.6576993	1.667593	1.6827732	0.64295423	-1.0071102
-0.063522734	-0.2791089	0.47547993	-0.1868471	-1.3830212	-0.7557166	-0.73034346	1.5921557	-0.46087384	-0.9311989
-0.68326026	0.15710744	-0.28783676	-0.8602772	-0.22909436	-1.6894594	2.6639168	-0.80548036	-1.3830255	0.3917989
-1.1583034	-0.7973844	-0.7737864	-1.1916609	-1.2817605	-0.74491936	-1.301536	-0.75641084	-1.4818894	-1.2720711
0.5602963	1.9805746	0.90183485	0.22081225	-1.1170236	0.083091445	1.3698602	0.8081226	-0.20529279	-1.1267855
0.13431844	0.6001533	0.48890737	-0.11244498	-1.1713309	0.9295568	1.5066383	1.0584328	0.86478823	-1.8276455
-0.59655803	-0.9673114	-0.08300385	-0.7474687	-2.0871992	-0.7147372	-1.0920249	-0.20359059	-1.0339853	-0.95255107
-2.2639368	-2.2759085	-1.5265691	-2.1695192	-2.0843992	-1.4390336	-2.6299925	-1.1249386	-1.7835679	-2.3629215
0.6742679	0.08380881	1.3409199	0.4605229	-1.4363245	0.112572074	-1.3012196	0.8499479	0.047517583	-1.4928496
0.053942837	0.6428617	0.5413407	-0.2059109	-1.3951998	0.11054475	0.6481598	0.62346125	0.14839077	-1.6913689
-0.12451271	0.452583	0.28585133	-0.43666255	-1.0921758	-0.5588133	-0.6620116	0.0356149	-0.893643	-2.1008885
1.5022271	0.40003452	1.7779751	1.2842495	-0.8983923	2.0365481	0.7070763	2.675428	1.8184804	-0.90531695
-2.04185	-1.9369152	-1.3301704	-2.0258322	-1.1055934	-2.28158	-2.124968	-1.3125558	-2.3404565	-1.7270298
-0.34593445	0.1397506	0.12686309	-0.50951815	-1.4053079	0.7830673	0.7765595	2.2778635	1.4007124	-0.6134487
0.10741211	0.15658462	0.49927053	-0.083777845	-1.0609876	-0.08597994	-0.015928635	0.17393431	-0.78583795	-0.74577135
3.0082865	2.248988	3.1110742	2.6744537	-0.4350945	2.0995712	2.5264385	1.4811434	0.48322892	-0.2077728
-1.4117728	-1.8039396	-0.93718266	-1.370626	-0.7438978	-1.7806289	-1.3893967	-1.0943213	-1.4512964	-1.2913128
1.0720516	0.8900058	1.4133708	0.8142955	-1.211553	1.2591122	1.6278863	1.2305279	1.1828884	-1.3217206
0.064002834	-0.3872038	0.6187395	-0.13656597	-1.5823287	0.5640855	0.36081398	1.0682534	0.46031016	-1.4019123
0.79654044	1.1379752	1.1456194	0.54426455	-0.9320345	-0.24667524	0.16923383	0.6692865	-0.05239603	-1.0511385
1.4748548	3.65651	1.4234364	0.99290574	0.09664264	1.7097653	4.078775	1.8615408	1.6670787	1.7296237
2.834092	4.241767	2.810599	2.452147	0.8181318	2.8549786	4.4852347	3.2730978	2.6081185	0.18950395
-0.5772238	-0.9019432	-0.1989806	-0.67397976	-1.4004035	-1.1097282	-1.1074489	-0.89424103	-0.7123581	-1.5366188
0.6166912	3.0151892	0.5776447	0.12053089	0.036127776	2.2804818	3.1709013	1.3081125	1.6662527	-0.5324958
0.68514544	0.78653955	1.0052035	0.50415206	-0.8171425	0.13875759	0.37874466	0.8066242	-0.18299058	-1.3742176
0.049692802	0.37377217	0.51200706	-0.18650593	-1.0034149	1.1237806	1.1535429	1.2702916	0.5325489	-1.0576155
5.03799	4.658773	4.5765476	4.3437586	-0.009878904	4.214059	4.93362	3.9977515	3.8490443	0.72535574
-2.096835	-1.6817175	-1.3716581	-2.0762594	-1.0938342	-2.6322737	-2.4205067	-1.5212858	-2.6176794	-1.452861
-1.404479	-1.4295776	-1.0526749	-1.3361186	-0.96396816	-1.6500163	-1.1791416	-1.5246329	-1.8956912	-1.1941828
-0.36339068	-0.52132523	0.21062914	-0.48266608	-1.2419888	-0.26613036	0.22662671	0.8627046	0.20073085	-1.2782844
-1.2897674	-0.486698	-0.75756323	-1.4380946	-1.52588	-1.758881	-1.9421877	-0.48866674	-2.3007858	-1.2003726
1.6599596	0.2252017	2.2310128	1.4072063	-1.6283462	1.1880232	-0.2792811	1.8050114	0.5016165	-1.4148501
-0.40312463	-0.98926926	0.07005368	-0.48253727	-1.6033084	-0.86200154	-1.6258619	-0.27172992	-1.309402	-1.2039346
0.60709506	0.81648624	1.2890954	0.37527502	-1.2241104	-0.1973543	0.044012703	-0.28599715	-0.68958354	-1.8104963
-0.96079814	-0.5760019	-0.58875537	-1.0785258	-1.3457959	-1.3384305	-1.1769007	-0.9094582	-1.2223219	-1.6530621
-0.09401559	-0.26872844	0.3840757	-0.27718693	-1.4079899	-0.35590887	0.5311188	-0.34990957	-0.5477304	-1.1407809
-0.6979219	-0.74229085	-0.37600693	-0.7604141	-0.66124225	-1.6140902	-1.4701681	-0.8368408	-0.9465635	-0.69573146
-1.202201	-1.5732687	-0.7101307	-1.205782	-0.5936837	-1.1922579	-1.240358	-0.98877484	-1.3832653	-0.29152182
0.5823797	0.4299939	0.751024	0.45806432	-0.8544605	0.56970686	-0.8055941	0.98970264	0.18754429	-1.5471307
0.9745212	0.48417333	1.4336714	0.7985647	-0.36882484	-0.038127627	0.052034266	0.2891445	-0.7419016	-0.5481693
0.1671552	0.17417929	0.54270315	-0.13621423	-1.6728745	0.094726354	0.11832261	0.41205615	0.16275664	-1.7156898
-0.13100007	-0.6904472	0.30780384	-0.17702384	-1.5129622	-0.34139103	-0.92584276	-0.247106	-0.009567452	-1.2566797
0.23651695	7.3903527	0.3284794	-0.31972653	2.7373385	0.5001643	6.142066	0.6787205	0.004693429	2.3283281
-1.0132929	-1.1881381	-0.54271066	-1.0362668	-1.4363539	-1.610918	-1.9187691	-0.9185096	-0.9038008	-1.5347197
2.692386	2.056763	2.7816808	2.2116458	-1.0129983	1.1366944	0.88130546	2.6548645	0.64053804	-2.4381864
1.08804	2.397066	0.5887497	0.7382696	0.19771269	1.0002533	2.3967068	0.45720255	0.3867115	0.36191097
-0.25677314	1.0085769	0.15107785	-0.5482837	-1.1605664	-0.9113335	-0.89714724	-0.62153083	-1.4245441	-1.0885221
0.15840217	-0.5772365	0.60315037	-0.016700134	-1.8526529	-0.433813	-0.7236305	0.62653875	-0.044762116	-1.5615876
0.56304646	1.1264899	0.9128548	0.21410601	-1.2266777	1.4483995	1.1154437	1.5827391	1.0465137	-1.0032197
-1.95728	-1.9911774	-1.2939503	-1.8910062	-1.2793485	-2.3380733	-2.1483004	-1.4470742	-2.7052822	-1.406532
-0.014454104	0.36419126	0.46192428	-0.23055318	-1.3668962	-0.029384023	0.40435818	0.54021865	-0.23445389	-1.2889897
-0.07903985	-0.15193698	0.3348208	-0.18895917	-0.81153417	0.04031167	-0.19696029	0.66455495	0.23371069	-0.87824273
-0.34479827	-0.17958072	0.1926873	-0.53051174	-1.491591	-0.5059216	0.54945195	0.11779343	-0.7701228	-0.4667109
1.8172566	0.9727621	2.2049372	1.446858	-0.88444114	2.0202122	-0.68069243	2.6441631	1.906494	-1.7983571
0.30915135	1.3471396	0.6133485	-0.003935799	0.07579541	0.8267906	1.4182478	0.94158083	0.20944002	-0.09560419
1.3057176	2.473683	1.8177049	0.8766439	-0.31943423	4.1689487	2.6627803	4.3883796	3.3173704	-0.79779994
0.5423589	0.8648881	1.0189493	0.37873876	-0.6046124	-0.49036068	-0.15389276	0.67525107	-0.63490325	-0.6997482
0.27345526	0.40932223	0.83148336	0.058098897	-1.2604156	1.2280389	1.5923634	0.6735419	0.49590164	-1.3030158
0.10649974	0.18395117	0.41619563	-0.1069186	-1.3520591	-0.007615108	0.310176	0.4402798	-0.071635604	-2.058074
-0.083511986	-0.51143134	0.34512168	-0.2665428	-2.1589274	-0.89913964	-1.6240591	-0.60435915	-1.1012028	-1.8499585
-0.1287652	-0.75211453	0.53390896	-0.2703752	-1.6477636	-0.1916638	-0.76157194	0.3701843	-0.5093473	-2.2578094
-0.20760188	-0.30209666	0.38869944	-0.26319045	-0.93666744	-0.97304714	-1.8352274	-0.6763835	-0.7858743	-1.0870439
-0.38017628	-0.058636278	0.17135778	-0.56933904	-1.5496329	0.74917954	1.331497	1.3686956	0.63424474	-1.4599239
-0.12010483	-0.76497865	0.36276326	-0.2729745	-0.901587	-0.1587737	-0.480239	-0.26987135	-0.6297674	-1.0035621
-0.14186531	0.23730117	0.2194171	-0.33581346	-1.1492373	-1.4735781	-1.5601441	-0.40635142	-1.8726432	-1.9915643
1.3149397	2.4691978	1.5636574	0.8337965	-0.2822588	0.9069761	2.983149	0.07105293	-0.89793766	-0.86315554
-0.25667283	-0.6190052	0.11399472	-0.24720088	-1.1621199	0.08480805	-0.11294004	0.4561084	-0.12185139	-1.4076744
0.40292633	0.5484328	0.8339362	0.23246478	-1.1542104	-0.19665495	0.26459527	0.32324034	-0.19768997	-1.318949
-0.59251505	-0.60099626	0.041996837	-0.7025938	-1.1642686	-0.25396982	0.059914842	-0.086100526	0.007111847	-0.8481752
-0.09366701	4.1151767	0.555539	-0.58289474	-0.23319246	0.29482457	4.8062987	1.1402841	0.41809377	-0.10319822
1.1060463	1.2996637	1.8183732	0.80109346	-1.3630463	0.99028283	1.4302058	2.037091	0.76408476	-1.599724
1.4127877	2.9543135	1.0063455	1.1162276	0.835587	0.28633943	2.2298105	0.09612709	0.28007197	2.6960554
-0.46380797	-1.172838	-0.023985833	-0.5655876	-1.3669335	-1.4594676	-0.5497035	-0.22451457	-0.9038154	-1.6488954
-0.36944276	0.7230122	-0.06924042	-0.575247	-0.14912465	-0.23754804	0.60006547	-0.3820894	-0.54011106	0.010256959
1.2833514	0.89683104	1.8180219	1.0370103	-0.715724	1.687421	0.6636719	1.7501961	1.2961555	-1.6808809
0.8592968	0.86142516	1.2606925	0.7206069	-0.2951509	1.7547821	2.17002	2.4284897	0.914038	0.77847445
0.6178839	0.6308768	0.98186374	0.5039432	-0.41008037	1.543476	1.3869814	2.3624501	1.2455744	0.6020849
-0.52024996	-0.4248422	-0.14933214	-0.6148937	-1.1555889	-0.8516644	-1.4359304	-0.28501388	-0.4074427	-2.0500686
-1.3143965	-0.75453377	-0.8453728	-1.4010495	-1.3804598	-0.9425271	-1.4580992	-0.5541103	-0.48440287	-1.4608524
-0.155698	0.13519907	0.14765167	-0.36847234	-1.4741166	-0.55698687	1.1788595	-0.58446497	-1.643585	-1.6987085
0.97947603	0.79865444	1.4386365	0.72463447	-0.78097725	0.8666948	2.536169	1.1410294	-0.060648944	-0.03416781
1.6325678	0.8253795	1.9612715	1.3748286	-1.025257	1.5099536	1.5462422	1.4793499	0.8528075	0.07785936
-0.70585996	-0.7585677	-0.26863036	-0.78593004	-1.4847467	-0.26167697	0.05664342	0.51721543	0.1707773	-1.2826512
-0.71430224	-0.26915982	-0.3462896	-0.8362697	-1.0749326	-0.5304475	-0.5552941	-0.289986	-1.8752705	-0.99401516
0.57668	0.19874051	0.846354	0.32783705	-0.20860605	-1.077064	-0.733006	-1.0173837	-1.2210631	-1.0255486
0.9240359	1.0594112	1.1042246	0.73228407	-1.122564	0.07921113	0.95738184	0.21693847	-0.3598635	-0.9404436
-0.13656886	1.3413478	0.26994297	-0.4703194	-0.64988995	0.86972123	3.143653	1.3202673	0.44647357	-0.8946988
1.3042864	0.9321394	1.9455372	1.0735985	-0.83137953	0.64602506	0.59986794	1.5742695	0.3908008	-1.6851398
0.029588178	1.786984	0.36844605	-0.16768464	1.3039002	-0.785105	2.2463372	-0.25996894	-1.7021056	1.5677363
0.49607345	1.276821	0.95188785	0.24401315	-0.65741754	2.0242422	3.7567027	2.6183658	1.41332	0.009546559
0.8751138	0.44192496	0.99371064	0.6314094	-1.1797945	-0.18121412	-0.7517208	0.66963726	-0.23220353	-1.5840706
0.61876696	-0.02697286	1.5344161	0.41476238	-1.1159009	1.2416942	0.09266027	2.6912587	1.2059933	-1.5353315
1.3735834	2.3865702	1.4412766	1.0856726	-0.073783726	0.11881078	1.0464317	1.1558022	-0.03862295	-1.491173
1.8664957	2.3762121	1.7989482	1.3960677	1.0041331	2.899344	0.6258098	-0.18420427	1.715304	-0.09570324
-0.35893616	-1.0593249	-0.027710885	-0.34572327	-1.3622934	0.165489	-0.49760696	0.27915892	-0.07672578	-1.0415758
1.1075087	0.79895854	1.4154556	0.9612653	-0.8840351	-0.060532052	0.7061355	0.9800622	-0.048232593	-0.7925992
-0.57878053	-0.60696256	0.04409212	-0.69985235	-1.4226575	-0.4074373	0.11181476	-0.24173777	0.24771914	-1.0791959
-0.23241276	-0.91287553	0.29297984	-0.32532278	-1.3617659	0.22186731	-1.3093244	0.36264908	0.24771914	-1.6160861
-0.08053682	-1.0805005	0.2776986	-0.15330984	-1.0057523	-0.2381756	-0.48730856	-0.039166074	-0.6140102	-1.4756927
-0.52653575	-0.7318057	-0.17774242	-0.60440415	-1.3383815	-0.99119	-0.5475408	-0.05754163	-1.0213411	-1.5344061
-1.3473392	-1.3305118	-0.9055568	-1.3328283	-1.0168386	0.0062651727	-0.18190919	0.43815398	0.06385324	-1.6615639
2.3526156	0.49863437	2.1745734	1.9621377	-0.4226486	1.57925	-0.12127433	0.9471122	0.7797843	-0.5402704
-0.5215845	-0.9706888	-0.116758674	-0.6014466	-1.0515223	0.13108416	-0.18759534	0.6719502	0.5010878	-1.1668594
1.2168097	1.9830611	1.5038557	0.7739507	-0.7631299	1.5724868	3.0287926	1.5964034	1.3925061	-0.6268263
-0.2998955	-0.37801605	0.10400708	-0.46368587	-1.0797167	-1.0298653	-0.60920995	0.29646134	-1.1217875	-1.3845189
-1.2921094	-1.3498927	-0.75985575	-1.334143	-1.5881414	-1.8080072	-1.5775324	-0.05382025	-1.6074774	-2.0281131
0.45678154	2.0115268	0.6305935	0.15002786	-0.8042648	0.04582994	3.4171247	0.6040059	-0.5762329	-0.7314832
-0.947229	-1.2988989	-0.51801455	-1.0709099	-1.4922478	-0.9028803	-1.2000129	-0.18953778	-0.4230228	-1.6962812
-1.5732057	-1.5668224	-1.0210791	-1.5810446	-1.49201	-1.0689472	-1.5998055	-1.0163827	-1.5503324	-1.5189935
-1.1799808	-1.3120271	-0.67402494	-1.2372036	-1.7145288	-1.2871395	-1.4388717	-1.8650925	-0.7596043	-1.4406754
-0.88867056	-0.98281157	-0.36784503	-0.9435641	-1.3972843	-1.0978348	-1.0735809	-1.3660194	-0.76079136	-0.85780805
-1.4012538	-1.266595	-0.90786517	-1.4334793	-1.1633594	-1.2226727	-1.8500482	-0.54294896	-1.2131621	-1.2986856
-0.3540102	-0.4195075	0.054580376	-0.49559903	-1.357985	-0.23563945	0.07837182	0.6007926	-0.62076366	-0.38180447
3.134649	0.56135726	3.308181	2.7669895	-0.9581845	3.656305	0.6033398	3.2737808	2.5572007	-1.4267825
0.37239918	1.0869418	0.8423543	0.097526744	-0.96163046	-0.47132152	0.09704876	0.17947762	-0.5656722	-1.2925104
-1.6177491	-1.4024591	-1.0158986	-1.6631093	-1.4214617	-2.004032	-2.1422324	-1.2738167	-2.0189881	-1.0648829
1.1568133	0.74687874	1.2744495	0.8943362	-1.6357079	1.5681506	1.5402861	1.5857643	0.1310756	-1.8303969
0.3997887	0.6263809	0.8947774	0.14989023	-0.96852756	1.829182	1.1868976	1.2689315	0.96312505	-0.69831353
-1.741276	-1.7577443	-1.1278195	-1.7333405	-1.4068469	-2.0814724	-2.0264134	-2.4972591	-1.1020682	-0.57581353
-0.30744174	-0.20013753	0.09911916	-0.4346859	-1.2089819	-0.421322	0.5328083	0.0056823255	-0.32447582	-0.6605087
0.8955422	1.0941303	1.3296758	0.5230228	-1.547975	1.8197792	1.9024628	2.09983	1.4929459	-1.027166
0.6678453	0.19259274	1.2922734	0.48524886	-0.7800541	-0.24580309	0.97811234	0.5739454	-0.7242792	0.32551178
-0.65735614	0.53662837	-0.27808365	-0.9150248	-1.320923	-0.17450608	0.90136576	-0.14054652	0.014560132	-0.798311
-0.91395485	-0.08092782	-0.6713228	-1.0307084	-0.47262314	-0.86428535	0.122670464	-0.39949438	-1.1151193	-0.7620481
0.3644989	1.1863172	0.8014052	0.030578598	-1.5568879	-0.32570654	1.8910366	1.0816082	-0.06555167	-1.2926862
-0.4049282	2.5817225	-0.27131197	-0.86535704	-1.1107955	-0.57390875	3.7601767	-0.7204873	-0.74412763	-1.4295505
0.44530484	1.3526604	0.65542805	0.08359687	-1.7300229	-0.84871674	2.4608693	-0.47050518	-1.698995	-2.233271
0.32290676	2.611386	0.5246602	-0.044880137	-0.79876065	0.92895764	4.776696	0.48861474	1.6628366	0.6292693
1.250784	2.2924514	1.6346893	0.93240476	0.22195205	3.0338895	3.774194	3.6666982	3.1436067	2.6534355
2.004186	5.704083	1.9090972	1.6508052	1.9718815	1.7323755	5.201704	1.7989086	2.4289916	1.8252734
-0.1059545	-0.36768597	0.2363945	-0.29671073	-1.6185675	-0.9163983	-1.316743	0.16371919	-1.0692267	-2.1305377
1.1424621	0.75111485	1.5807736	0.967273	-1.149934	1.4326751	2.6357763	1.8680922	1.293213	-0.0969781
-0.6400389	-0.5853082	-0.26444998	-0.6884216	-1.0100121	-0.21634373	-1.5073135	-0.43842986	-1.4314536	-0.783112
1.1176578	1.7923698	1.3980039	0.9084276	-0.026731253	1.030959	2.5215776	1.3092426	0.8011767	-0.17674042
0.5866191	2.2135015	0.80749464	0.3688718	-0.032411546	0.88917136	1.2414085	0.60659117	-0.25014266	-0.65569246
-0.0963935	0.59364414	0.3056836	-0.32760084	-1.3703052	0.09546573	1.1016114	0.36940637	-0.35661927	-0.861134
0.7019864	-0.43826753	0.6370361	0.5716019	1.1457833	-0.108892694	-1.2208833	0.0642469	-0.7441435	-0.3069653
-0.34635025	-0.5320395	-0.22679868	-0.40630358	-0.7584573	-1.3499627	-1.1716268	-1.1722739	-1.3522011	0.03822625
0.8309674	0.87437797	1.107414	0.53971285	-0.51963115	-0.27865353	0.014394078	-0.34877264	-0.8943342	-1.3565693
1.0618806	1.3690408	1.5716121	0.7849987	-1.0206277	-0.42349926	-0.4887489	1.2547199	-0.1705315	-1.2152153
0.7211298	4.905264	0.8231714	0.46824366	2.550926	0.2871655	3.9089139	1.6167904	-1.1821921	1.2084458
-0.3778657	-0.9238056	0.068694755	-0.48955965	-1.8203905	-1.3448577	-1.2460343	-0.87363946	-1.4302186	-1.4045742
0.17625579	0.03636387	0.61470664	0.0044490546	-0.7331531	0.78708744	1.5841821	1.0851746	0.193722	-0.85280055
0.24273115	-0.18357666	0.61152583	0.017439961	-1.9013736	-0.11281371	0.78230727	0.6962161	0.24581873	-0.333903
-0.39972523	-0.9847926	0.11839208	-0.44739574	-1.0196785	-0.67619056	-0.9329684	-0.6188329	-0.9182819	-1.6497757
-1.4945693	-1.4451859	-1.0107242	-1.5013242	-1.4963667	-1.409863	-1.1189816	-0.82489777	-1.4275247	-1.6637613
-0.5590191	-0.31067064	-0.15611348	-0.71213603	-1.5029052	0.49377504	0.17248625	0.09121498	0.12139294	-1.88554
-0.2178208	-0.12639667	-0.06329268	-0.39169967	-1.1850252	-0.5727421	-0.3831743	0.42260814	-0.3727849	-1.1451297
0.80519325	-0.032693118	1.0982105	0.6148372	-1.0605938	-0.16866316	-0.77053016	0.3021535	-0.6985451	-1.2530853
0.44044605	-0.55548453	0.63565207	0.38536882	-1.0720084	0.8591592	1.1002026	0.87879294	0.19312823	-0.5502844
0.3277354	0.2225483	0.42812338	0.18922673	-1.8373655	1.0605251	1.1866854	0.05823981	1.2556899	0.014866468
-1.2845949	-1.3986158	-0.7059014	-1.298123	-1.5826038	-1.4802414	-1.1633581	-0.34571064	-1.511365	-1.6996377
0.5857636	1.8529105	0.9717326	0.22678511	-1.183861	0.7735541	1.8302279	1.6563784	0.5633009	-1.0866373
0.5620637	1.7906466	0.99555254	0.20131762	-1.2071303	0.4831327	1.8765645	1.2424421	-0.29243046	-1.9062545
-1.5876163	-1.4333847	-0.99945736	-1.578704	-0.94350684	-1.6236829	-2.405755	-0.34793586	-0.96531737	-0.73146546
-0.27954486	-0.40582538	0.26803914	-0.47543532	-1.6372076	0.44607338	0.38863257	1.595769	0.7034095	-2.2782698
1.1887443	1.1856676	1.7026768	0.9025403	-0.99474454	0.55505174	2.0402093	1.0112231	1.5643723	-1.364583
-0.52823365	-0.64890325	-0.13232341	-0.67367214	-1.541481	-0.73610497	-0.98974645	-0.9324051	-0.5400932	-1.365138
-0.73875433	-1.1779584	-0.1860851	-0.81005996	-1.067987	0.14825998	0.18931355	0.9496435	-0.434876	-1.6655988
2.5122924	3.0198174	2.3620493	1.9598467	0.115838796	1.0678121	3.070745	0.9623537	0.8728154	-1.1997745
0.27940962	0.9721869	0.571936	0.02096112	-0.9875597	0.37949428	3.2144284	0.462548	0.24302725	0.12020682
-1.4321697	0.24951932	-1.1064942	-1.5434114	-0.8551099	-1.6859845	2.7541256	-0.79467297	-2.6848161	-0.1347691
1.9654323	0.11675048	2.542367	1.7385496	-0.7045456	1.555418	-0.21988085	2.7294827	1.4282523	-0.6682275
-0.36416802	1.5732638	1.0343984	-0.7345829	0.58393145	0.19450893	0.5237394	0.0108894035	-0.6997335	0.3717268
-0.90675044	-1.1232274	-0.14708889	-0.97723556	-2.0228038	-0.27303657	0.060590394	0.25730327	-0.17887984	-1.6994053
0.27674744	0.5105355	0.94302666	0.08934729	-1.0085084	0.38801974	0.4524606	1.1860595	0.5102475	-1.3853115
0.23095214	0.9803095	0.5942472	-0.06818643	-1.0746619	-0.32803053	-0.16067511	1.0779392	-0.95683134	-0.6508386
-1.3383687	-1.1307976	-0.980006	-1.2849697	-0.5868211	-1.4072216	-1.661153	-1.7689302	-0.86965847	-0.22908042
1.8195823	1.0184604	1.7064936	1.5761569	-0.7239478	2.7097955	1.0518626	2.4460697	2.244632	-0.7215001
-0.71627563	-0.89079404	-0.24558914	-0.8076136	-1.2779003	-0.8345846	-1.6016278	0.19806294	-0.649822	-1.5153146
0.17723778	0.41524062	0.5388074	-0.035653457	-1.268639	-0.7565298	-0.12310629	-0.29989576	-0.7930449	-1.835736
0.5924531	0.3109366	0.95284617	0.34743357	-1.1070356	0.74459225	1.0096638	1.1482726	0.5326673	-1.5487403
-0.39673126	-0.7036567	-0.12467411	-0.4729395	-1.2256526	-0.0012915079	-0.8236626	0.33272037	-0.77006143	-0.6084236
-0.59076196	-1.5404278	-0.20747933	-0.71700025	-1.7085748	-0.14009482	-1.2373662	0.82737255	0.28148535	-1.2949569
0.3770743	0.2972313	0.8922243	0.23358713	-0.59924924	0.5553275	0.62792176	1.2614213	0.20179333	-1.0044944
0.6058082	-0.3143949	1.1568316	0.46616805	-1.1981895	1.4159555	0.009167068	1.7716078	1.2169161	-1.365748
-0.20312119	-0.36350885	0.0445036	-0.26949	-1.0278423	1.3377223	0.67246825	0.36509225	1.2325323	-0.5389064
1.4428519	2.2160413	1.6031005	1.0625488	-0.44090617	-0.92225426	-1.4395206	0.62451845	-1.9028656	-2.4212673
-1.3856344	-1.7561959	-0.8796638	-1.3458183	-2.2322514	-0.8368468	-0.5309123	0.09661709	-0.15397093	-0.64694285
0.18472067	-0.29771867	0.6151272	0.0059947222	-1.4722313	0.108413436	0.10411482	-0.12373581	-0.5070884	-1.1739478
0.5578171	0.753266	0.612445	0.27125543	-0.6967946	0.3986119	-0.8683609	0.76313275	1.033851	-1.1566538
-0.95962673	-1.4034097	-0.47552577	-1.0040392	-1.2760727	-1.1501291	-0.3022694	-0.15627679	-0.13269289	-1.2180153
-0.9831411	-1.3230617	-0.55143106	-1.0162817	-1.5415102	-0.81758755	-1.4852365	0.022186054	-0.3686037	-1.6135148
-0.24038693	-0.55266833	0.115188405	-0.36074647	-1.1787908	0.7276908	-0.8886756	1.2185864	0.4873619	-0.9536097
-0.37088642	0.5200373	-0.06804997	-0.6065504	-0.7727753	0.47075576	2.0176964	0.17003924	0.26556107	0.7701559
-1.1079924	-0.86696124	-0.6769711	-1.1972656	-1.2420139	-1.5409718	-1.437728	-0.5964112	-2.0077617	-0.91764003
-0.9650194	0.45954493	-0.6530514	-1.141031	0.34597465	-0.011873953	3.5551317	-0.09923648	0.99541193	2.626656
0.93788606	1.4380758	1.1986848	0.7640061	-0.6401758	1.9103198	2.639532	2.2539725	1.1672436	-0.09087795
-0.6765247	-0.5740735	-0.26837924	-0.7149036	-0.97240734	-0.7222218	-1.5503607	-0.77364284	-0.24126771	-1.8387066
-0.011146672	-0.17332816	0.4015449	-0.24213119	-1.305911	-0.19518337	-0.53718513	-0.11060357	-0.5140157	-1.7542976
-0.21863213	0.60593235	0.8081169	-0.3211889	0.18192187	-0.22435105	-0.21404448	0.6375123	-0.47256717	-0.33705282
1.1672882	1.4730413	1.5163713	0.90169644	-0.96047497	0.85105443	1.142377	1.683251	0.8961877	-1.1184568
0.7921267	2.9688745	0.9657824	0.5233287	0.77532494	0.5029851	3.5227497	0.2992188	1.8621454	-0.05001601
-0.36140615	-0.48118043	0.15593734	-0.49350548	-1.3814086	-1.0058558	-1.1566923	-0.010818946	-1.3787712	-2.3094895
-0.84670854	-1.6045629	-0.32420775	-0.8597584	-1.8081414	-1.1170046	-1.8276583	-1.1317527	-1.7478851	-2.2996452
-0.4599136	-0.74676347	0.008481085	-0.45020276	-1.2100865	-0.60055	-0.5152058	0.56646323	-0.41482854	-0.50646275
-0.24961367	-0.6752913	0.22487698	-0.41052586	-1.8352066	-0.40413642	-0.2801615	-0.00054928684	-0.60880095	-1.9917771
0.08466565	-0.42873275	0.8856193	0.08110301	-0.55919266	0.1463302	0.75194126	1.0446081	-0.2961561	-1.0391755
0.2760579	-0.20981026	0.6574589	0.08916856	-1.1879998	-0.34582707	-0.11189733	-0.26784587	-0.38648716	-1.4127988
0.30564788	0.85794175	0.86428785	0.09221341	-0.56880766	0.4600631	0.51118594	0.8140442	0.9564812	-0.086102426
0.7469423	0.5023216	1.2646044	0.46485144	-1.5023674	0.19088867	0.40745604	0.3783497	0.07851103	-0.6256096
1.4745022	1.4372611	1.784977	1.2473874	-0.47562897	0.78716195	0.22088422	0.9509588	0.67526096	-0.8374633
-0.13320509	-0.73272014	0.1643844	-0.22605689	-1.2998267	0.72720295	0.3799072	0.9528197	0.014864297	-0.2866841
-0.33633304	0.5868467	-0.36863002	-0.43077374	1.115298	-1.8049829	-0.3030204	-2.3480997	-1.1622285	-0.56558394
0.22094896	2.1845107	0.4251556	-0.19769028	-1.0671406	-0.0069346046	3.736363	0.06541263	-0.88083786	-1.3456695
1.008101	1.2435533	1.4177176	0.72132117	-0.38693112	-0.21966355	1.0362372	0.4639104	-0.38288683	-0.9944292
-0.4705567	-1.5462854	0.09920412	-0.5002446	-0.6705748	0.849839	-1.8336792	1.8902742	1.1546217	0.54757047
0.5432352	1.9434507	0.418545	0.28447932	-0.41281745	-0.30445766	2.637825	-0.10488878	-0.5623111	1.3640934
1.0823964	0.72682726	1.5951737	0.8489895	-1.1165289	-0.9246102	0.07083507	-0.18047363	-1.0783192	-0.77784055
-1.4982408	-1.513302	-0.92374575	-1.429279	-1.0258671	-1.4659021	-0.82350755	-0.8836888	-1.5532305	-1.6193137
1.3510132	0.39873108	1.6139909	1.0322813	-0.76136243	-1.3142802	-1.1392418	-0.22288476	-0.7052926	-1.2131895
0.11945059	0.2255378	0.6151806	-0.0574034	-1.2284466	-0.244852	0.42820314	0.46922958	0.40014642	-1.0048333
-0.78380513	-0.3248348	0.092041165	-0.87973857	-1.5619196	-0.9642516	0.5578568	0.91360927	-1.5023177	-1.61436
0.3641325	0.94628215	1.0174063	0.12637319	-1.0807232	1.4676912	1.223202	1.8514967	0.9291302	-1.2582687
-0.9225802	-1.0667145	-0.45597896	-1.0139905	-1.4631841	-0.67656773	-1.6763687	-0.5979418	-1.307465	-1.1797051
0.2120085	0.1563285	0.5207504	-0.028406098	-1.2311518	0.05075543	0.32425007	-0.79496956	-0.13685386	-0.5935871
-0.6647285	0.42247453	-0.44341174	-0.8193413	-1.1750959	-1.1607256	-1.0897733	-1.0866444	-1.1591651	-1.3638324
0.42424193	-0.08258055	0.83628297	0.20765103	-1.618549	0.57146573	-0.08070466	0.8789459	-1.12675	-1.1042551
1.7649744	3.8868687	1.6538423	1.3430498	1.6663908	0.14784989	2.0941002	0.38816762	-0.20576634	-0.07803267
0.1814478	-0.069225594	0.59891796	-0.035262123	-1.5283028	1.3671108	1.1149925	1.8210278	1.1684415	-0.8422355
0.95075375	1.7149342	0.7923809	0.76882243	-0.07319942	-0.6278261	0.6042522	-0.05248665	0.08089911	-0.6452596
0.19431046	-0.6778716	0.5938575	0.00035120547	-2.3396952	-0.24602014	-1.2029327	-0.42987064	-1.938558	-2.495051
-1.5516318	-1.5951351	-1.071122	-1.4988924	-0.78031135	-2.0767095	-1.947749	-1.171503	-1.5847007	-1.3215778
0.32127586	0.711668	0.66381824	0.22186963	-0.46176767	0.32127857	0.59606284	0.7789782	-0.32808247	-0.34486467
-0.010528214	0.0019449294	0.47951064	-0.18951793	-1.254798	-0.4868104	-0.22027327	0.7124156	-0.002877937	-1.4091637
-0.90198165	-1.3052571	-0.3840054	-0.8766227	-1.2151471	-0.816444	-0.99791944	-0.6193576	-0.9522235	-1.6616652
0.4442334	4.3507457	0.6477067	-0.06950855	0.49868074	-0.5232556	1.402031	0.005303414	-0.8520155	-1.5839267
-0.10512372	-0.33780128	0.50450313	-0.27749434	-1.026859	0.573053	0.030393276	0.8591788	-0.19407612	-1.9374735
0.5123774	0.6621351	1.1920232	0.30475748	-1.2461991	0.26823825	0.4767479	1.471488	0.28527308	-1.3911095
2.8855782	2.7523518	2.6729453	2.2934558	-0.86944056	1.848356	2.2552116	2.2840846	1.8824157	-0.8417952
0.2746232	-0.016973048	0.74916947	0.01565148	-1.7452992	0.6722397	0.25818416	1.5090842	0.2103191	-1.4209003
0.5744892	0.3871192	1.0142494	0.3788044	-1.1555911	0.20847483	-0.10219704	1.2154781	-0.20572616	-1.5698389
-1.3533828	-1.6045568	-0.5519011	-1.4050504	-2.0662308	-1.0766696	-1.8949916	-0.7716565	-1.2307465	-1.8029112
-0.38560176	-0.87665224	0.03397	-0.5080742	-1.5216117	-0.37394723	-0.19064528	-0.1469227	-0.3115633	-1.5252929
-1.0685674	-0.76171255	-0.66125953	-1.1600006	-0.98307765	-0.76653445	-0.43571213	0.11567929	0.715304	-1.5754032
-0.25854322	0.63408506	-0.2110773	-0.42157438	-1.2002996	-2.2816432	-1.1353232	-0.15377241	-1.8504795	-1.393539
-1.2264581	-1.6142948	-0.6824753	-1.2277132	-1.4895593	-0.6620559	-2.623076	-0.98284864	-0.55771446	-1.5033839
1.0921919	0.7220348	1.439929	0.8422562	-0.31630492	2.4870248	1.80094	2.9331107	2.031416	-0.69499576
0.24827856	1.9282088	0.7661985	-0.17885132	-1.1200839	-0.90298384	2.4377728	-0.52223766	-0.14521846	-0.8849638
-0.15037534	0.17979875	0.011643827	-0.36837578	-0.586885	0.09099978	0.87246656	0.7583761	0.09728283	-0.40557614
0.504299	1.5009682	0.62349766	0.20442055	-0.5452647	3.277199	1.338418	3.306281	2.3950953	-0.8836592
-0.06524499	-0.3390377	0.2845338	-0.2666538	-1.7350484	-0.45402285	-0.1279062	0.05326481	-0.6301331	-1.9751865
0.36473304	0.32354012	0.86165595	0.18889205	-1.4088813	0.048799653	1.2128676	0.5779422	0.2349553	-2.1845372
0.04048253	-0.2623315	0.42415202	-0.14460064	-1.4960983	-0.06319879	-0.20343052	0.50036955	-0.99529415	-1.3210084
0.6541936	1.0822368	1.1627697	0.3832687	-1.2903839	1.0389978	1.5066367	1.4493208	1.1064068	-1.3379858
1.6824716	0.24914846	2.1833642	1.3549138	-1.3631059	1.4248692	0.06084911	1.9459082	0.62043273	-2.0683763
-1.3585271	-1.2188941	-0.8584223	-1.3302176	-0.5682438	-1.0934676	-0.84877133	-0.32651833	-1.6632077	-0.65592873
0.36190146	0.6058991	0.80569863	0.08262585	-1.2913734	0.8154195	0.7743885	1.3632402	0.56102777	-1.7103587
0.98705846	0.4913608	1.2501523	0.68867284	-0.84374535	-0.64096946	-0.48945898	0.61722904	-0.9127918	-2.7187698
0.6643271	2.2760918	0.76680124	0.3364702	-0.8223133	0.43859777	1.8127722	0.56127113	0.7094627	-0.78441036
1.0824316	2.7671223	1.2383419	0.528259	-1.2532693	0.97649366	3.0240567	0.697427	1.1277174	-1.0038046
0.84139514	3.7033331	0.8953576	0.3221298	0.6723374	1.6017381	3.4826977	1.3173108	0.5193651	0.37711975
0.3414348	1.0218513	1.2721306	0.14012443	0.087938875	0.6533947	2.0254328	1.0440576	0.40967745	1.5284274
-1.0013665	-1.5552567	-0.45214096	-0.98825455	-1.788802	-0.84913766	-1.6468387	-0.91473496	-1.3550553	-1.7331368
-1.1557703	-1.087925	-0.68399346	-1.2414374	-1.7770768	-0.7725419	-0.54515547	-0.5795829	-0.4615867	-1.7292728
0.35565767	1.7994955	0.28099406	0.11749254	0.38511518	-0.42150375	1.7119384	-0.032889105	-0.810835	-0.503194
-0.110927	-0.48403943	0.32175675	-0.30214816	-2.0289598	-0.16295728	-0.81503564	0.2183509	-0.50285375	-2.3812895
1.8206885	0.10989952	2.4043868	1.6006602	-1.5574747	0.83724207	-1.0722905	0.6774583	0.35454407	-2.0017831
-0.12406219	1.3429394	0.33689868	-0.41347504	-1.1154425	-0.17768481	3.4136145	0.34979534	-0.4243591	-1.1490917
0.020143948	-0.14187321	0.19416586	-0.15387873	-1.0029327	-0.0037925919	0.8027851	0.24106717	-0.3299636	-0.9459313
-0.45323652	-0.36173153	-0.2550249	-0.5936275	-0.9151684	-0.10838725	-0.21982184	0.02697765	-0.32605946	-1.1290585
-0.93094057	-0.581475	-0.26500848	-1.0805411	-1.3981055	0.055392966	0.6769337	0.11989094	-0.4300212	-0.54361933
-0.06342558	0.4487094	0.27868253	-0.30864546	-1.7777797	-0.1731967	0.012127575	0.08898196	-0.73329693	-1.4238981
-0.9925447	-0.11327472	-0.46548113	-1.1103277	-0.52598953	-1.8535148	-1.1094637	-1.2699202	-1.4929111	-1.5168439
0.7688546	2.1265175	1.0250331	0.41920483	-0.19497824	-0.27042654	1.9719859	0.1822996	-0.2215806	-0.22840925
0.18875298	1.8437052	0.57179487	-0.12141634	-0.9968915	0.7488251	2.10461	0.85258734	-0.5252122	-1.0868877
0.11530038	1.1360259	0.5153314	-0.29391533	-1.2888448	-1.7197511	-1.6485941	1.503207	-0.28469598	-1.9663404
-0.19743568	-0.37546256	0.21667066	-0.32197946	-1.4054843	0.37991765	0.5296338	1.1039797	-1.0557753	-1.7036375
0.40362516	0.41105404	0.935475	0.24721812	-1.1975232	0.54139245	0.5270272	1.4194819	0.44413447	-1.1266392
2.275145	2.3722374	2.150719	1.9544787	-0.350767	2.7752972	2.6072917	1.9785573	2.5795949	-2.3395972
-1.6324042	-1.2878455	-1.1345611	-1.6531353	-1.3425153	-3.2593813	-1.3804867	-1.6682237	-0.44225818	-0.76248395
-0.5071689	0.020827502	-0.20225197	-0.70668936	-1.1757737	-1.0812681	-1.194209	-0.51159847	-0.9011808	-2.2365017
-0.011818148	-0.78258	0.40955755	-0.13318805	-1.2349815	0.14298336	-0.92943865	0.75759286	-0.1586874	-0.96810746
0.4283492	0.077040166	0.9393282	0.24955194	-1.209567	-0.19742748	-0.42531744	-0.17493403	-0.25708985	-1.5611645
1.1377711	1.4960773	1.3807899	0.82193506	-0.52451706	0.58640975	1.097396	1.1211762	1.2442204	-1.0334923
1.107969	-0.10037026	1.3881811	0.8089412	-1.1181431	3.2654867	-0.27522898	3.4978805	2.4071133	-0.28648078
0.38949206	-0.44425994	1.0335026	0.20449854	-2.2188675	0.5700418	-0.20494606	1.3751817	-0.14759962	-1.9558738
0.33229372	-0.6389189	1.0463006	0.27590305	-1.8008022	1.1026235	0.16754563	1.2461612	0.26023164	-1.7360138
0.9153616	0.5668597	1.0638242	0.67256665	-0.54710174	0.34078193	0.6804215	-0.03170625	0.79568136	-0.069697835
-0.1619251	1.3529674	-0.33824608	-0.27840793	1.3670198	-1.1107979	-1.1486421	-0.84769773	-1.2886798	0.26889428
-0.92631376	-0.5559114	-0.6277075	-0.99633455	-1.2147897	-0.4734021	-0.36444524	-0.2303899	0.009626395	-1.0787903
-0.62155384	1.300057	-0.39064202	-0.8979317	-1.0361315	0.4241368	3.4472752	0.22690047	0.63188404	-1.2091973
0.5218295	0.3103803	0.8861785	0.27915162	-1.2515963	0.2685251	0.34487092	0.33104086	0.5410164	-2.0397625
0.08801211	-0.27949253	0.6629416	-0.14031371	-1.9652408	0.017917868	-0.37468916	0.62510586	0.29222164	-1.4077634
-1.2248372	-1.2183579	-0.7991091	-1.301328	-1.6793782	-0.72985923	0.017337123	-0.10790155	-1.0938171	-1.3342412
0.83711094	2.3007975	1.2139676	0.5751646	0.13538411	1.2341585	3.3125432	1.6683159	1.5428022	-0.5887186
-0.04946453	0.13322961	0.43361878	-0.20414655	-1.3935064	0.32183367	-0.47414652	-0.22981337	0.445219	-1.7324874
-0.13839892	-0.030583948	0.45676187	-0.23714904	-1.0559348	0.14433898	-0.15834004	0.7013028	-0.3183296	-1.4263575
1.7654506	1.1943235	2.2769861	1.3506882	-0.8144629	2.2367036	0.9478186	1.4781665	1.8081764	-1.611843
0.30517158	2.305011	1.4847298	0.14507629	1.3317016	1.5367717	3.301421	2.9169815	1.5271034	1.8028903
1.018085	1.3853754	1.4411792	0.7240602	-1.2076143	0.39052695	-0.54021245	-0.08916358	0.4522696	-0.74460244
-0.455948	0.13249585	0.025744736	-0.8076241	-2.0455124	1.1812893	1.9138421	1.0452354	0.9221667	-1.2441998
-0.29701316	0.8082411	0.4513361	-0.49783397	-0.9468639	-0.0015352741	1.0939425	0.5586155	-0.10888712	-1.1070989
-0.3177758	0.10884991	-0.016694933	-0.47473508	-0.9555868	-0.003965663	0.01774662	0.24065231	-0.6504529	-1.2305098
-0.52903074	-0.728094	-0.047564447	-0.65617687	-1.3886651	-0.07892987	-0.59671146	0.3239308	-0.41869223	-0.90196985
-0.06974254	-0.5458101	0.24244344	-0.15165566	0.20595422	-0.72754425	-1.261817	-0.06354278	-0.27859494	-0.26770207
0.09483562	0.9681741	0.46362975	-0.0636373	-0.7847742	-0.82336795	-0.23696935	1.3007439	-0.03199457	-2.5618384
1.4164482	3.5191016	1.9592388	0.85653293	0.20100799	-0.13956492	1.3042575	-0.3601415	-0.3434565	-0.8820058
0.050578587	0.051933885	0.35913432	-0.12311573	-0.7554699	-0.86257505	-0.5143749	-0.54328656	-0.44952998	-0.4948867
-0.47620213	-0.3929694	-0.25242612	-0.6139361	-0.79107887	-1.3872344	-1.4733276	-0.34914342	-0.9974733	-0.5934996
1.2423418	0.050919652	1.9148133	0.9591775	-1.0669651	0.084103994	-0.41809535	1.445323	0.005005721	-0.7142848
-0.6883366	-1.0069106	-0.27750692	-0.81806946	-1.8164228	-0.41859123	0.15816857	0.28367332	-0.42731032	-2.0443504
-0.8519673	-1.0086173	-0.43218455	-0.848814	-1.1615648	-1.224123	-1.2023985	-0.9131637	-1.7522808	-1.4930632
0.437651	1.0053693	1.0029567	0.13372408	-1.0067395	0.55016387	1.1326188	0.5323718	-0.58447933	-1.1108251
1.5295893	5.901648	1.3204153	0.9117987	1.8279876	1.1142116	6.429205	1.8053539	1.3602524	3.3506844
0.81797457	0.6957452	1.3046194	0.61876345	-0.86026764	1.0792366	0.7404001	2.015036	0.9379463	-0.94262964
-0.22969744	-0.36976957	0.15551692	-0.27388668	-0.8619108	-0.7379132	-1.0872117	-0.3703558	-1.5895506	-1.3502282
-0.02193962	-0.02323924	0.4814639	-0.23874015	-1.676421	-0.6206485	-0.30619496	0.24816643	-0.9187013	-1.8376001
2.711653	2.6514244	2.5800261	2.3026235	-0.3700277	2.6575842	2.555222	2.8580122	2.1217031	0.24573071
0.40691814	1.5182803	0.5960631	0.042422682	-1.2238355	0.34835997	2.6128976	0.63251245	-0.18059878	-1.2237265
-0.046954878	0.7332798	0.13488832	-0.27597508	-0.7035687	-0.48222724	-0.042668123	-0.26664728	-0.0802947	-1.0629854
1.1193646	2.4084969	1.1923552	0.74477357	-0.86929786	1.5242625	2.9181137	1.918522	1.683735	-0.09278082
-0.76860446	-1.0221206	-0.3342879	-0.8068864	-1.3165206	-0.4387034	-1.0401111	-0.70808065	-0.6400215	-1.7174395
3.069888	2.59505	3.3859692	2.801509	0.15335318	2.666442	2.8389196	2.2816844	1.9603122	-0.024392784
-0.2600381	-1.1017334	0.35757324	-0.36952943	-2.3734033	-0.52636904	-1.37284	0.0302832	-1.1836101	-2.9163818
1.3546984	1.0931748	1.4333372	1.0799309	-1.0931305	0.684087	-0.31623414	0.47946522	0.40908644	-1.3168415
-0.90334386	-0.40215048	-0.6138325	-1.0368845	-1.3063207	-1.7230014	-0.66334045	-0.7265849	-1.4189434	-1.6363842
0.10831029	0.9478415	0.35314047	-0.12926835	-0.6017306	0.14377569	0.005754679	0.7366472	0.3962805	-1.7869247
3.764281	0.9868765	4.117226	3.1828842	0.02401942	-0.44788995	0.112996966	0.6737075	-0.5558925	-0.13298187
0.44784138	1.0488397	0.49617085	0.2333311	-0.6557861	0.9502779	0.8269286	1.060824	0.037835862	-0.79891855
0.17075121	1.7156305	0.5075083	-0.10169448	-1.0089133	0.55281043	2.9103262	0.11559118	-0.38379806	-1.1111745
0.4228483	0.28312245	0.93345785	0.24265675	-1.33313	-0.49167892	-0.055667102	-0.13037384	0.51820636	-1.4820175
-0.61602956	0.22394195	-0.10717076	-0.6608257	-0.70643437	-1.6862935	-0.94417214	-1.1972529	-1.2561487	-1.5306801
0.4171196	1.1367106	0.7336308	0.015486643	-0.92024946	1.7535605	1.2840103	1.1371866	0.8844541	-1.1332741
1.546394	1.4286338	1.7360424	1.2822413	-0.29272833	1.3294103	0.9560786	2.672467	0.9604042	-1.3899565
1.804034	0.23169735	2.0196614	1.565665	-0.9262105	3.0722578	0.50058955	3.4020631	2.982589	-0.6837062
5.1889277	4.275873	5.4665174	4.3999863	1.9883233	4.96377	3.717783	5.8555417	4.56692	1.0328245
0.40075216	0.39993057	0.5762172	0.2534473	-0.35105997	-0.35085917	-0.06763858	0.22547701	0.085329965	-0.42349052
0.030318916	1.6261618	0.26931998	-0.34291846	-0.5050086	0.27595448	2.4266222	0.558026	-0.11505473	-0.6705062
-0.9466025	0.3578948	-0.7273524	-1.0701863	0.3829715	0.08481035	0.33690313	-0.29443583	-1.1248927	-0.049732476
0.20478764	-0.02944392	0.7161384	0.0008083731	-2.6880746	0.63424873	0.15236916	1.0892059	0.23355034	-2.8004394
0.6913298	-0.20060334	1.4309716	0.54120886	-1.2891213	0.31672937	1.0640486	1.5597624	0.5066433	-1.4636685
2.3212762	2.0519075	2.5878227	2.0039575	0.74331796	1.8420199	2.4941862	2.3953776	1.9632326	0.35821578
-0.48835835	-0.00092723966	-0.07451087	-0.7170377	-1.4103099	-0.24147338	-0.7796526	0.508366	-0.3824964	-1.9620767
0.4415582	0.8386184	0.860495	0.12472807	-1.1061791	-0.69750625	0.8696396	0.28520212	-1.1562375	-1.0016661
2.9116676	4.638537	2.9623199	2.3025239	-0.72312015	3.0094573	4.6015606	3.566982	2.3382952	0.15829116
0.21333551	1.2125916	0.23812911	-0.16883148	-1.4801449	3.0040336	2.0663092	2.1779768	2.7324536	-1.4679486
0.71595615	-0.22417733	1.0290971	0.60026	-0.5579874	0.2963158	-0.6225327	1.1264517	0.47273558	-0.4999588
-0.16536042	-1.1002457	0.23897156	-0.24705233	-1.8369455	0.7200866	0.39503667	1.0187105	0.75686616	-1.7863929
-0.3781785	-0.23831818	0.019456923	-0.54091614	-1.3251797	0.23416609	0.36990723	0.4285505	-0.14585654	-1.2418617
0.88435364	1.0245464	1.0831721	0.5452597	-1.0056813	1.1964532	0.8443847	1.3781512	0.32022217	-1.1926959
0.88631153	-0.02051863	0.5905684	0.7136215	-1.8223045	-0.06969766	-0.92757446	0.3015273	-0.28733945	-2.3414545
0.9246827	0.09461412	1.4690922	0.68180037	-1.1231992	0.78559095	-0.51711434	0.6571385	0.16164078	-1.629784
0.9667067	0.39085457	1.1611468	0.74790776	-1.159254	-0.2638056	0.425211	-0.03880387	-0.04917552	-0.49448505
0.39816725	1.3342359	0.6856544	0.19584043	-0.5664427	0.21767503	1.2264683	-0.025858346	0.01160621	-1.1287017
1.034485	1.0844226	1.2106705	0.7283155	-0.89728856	-0.94680476	-0.5636316	0.02716314	0.3164709	0.19600184
1.0869861	1.0449674	1.2577937	0.77801067	-0.904161	-0.10754512	-0.39001012	0.6026096	-0.77260184	-0.77711886
-1.0786451	-1.2287889	-0.37242195	-1.1374533	-1.3953657	-1.5573133	-1.2515153	-0.033774976	-2.122521	-1.6553979
0.19270328	0.88048995	0.07376288	0.042669445	-0.6515838	-0.14362049	1.3875837	-1.17426	-0.40568316	0.50141925
-0.66912246	-0.49614748	-0.3354775	-0.7526049	-1.0413506	0.47708708	2.9192467	-0.015832908	-0.1591651	0.30013993
-0.8759585	0.78066456	-0.6828941	-1.0323792	-0.6317719	-0.89481187	0.2490805	-0.39007747	-2.3007836	-1.447525
0.43315932	0.7676923	1.0587716	0.2277032	-1.1277467	0.060567707	-0.14901458	1.005161	0.026655274	-2.314057
0.4164087	1.4034785	0.64315677	0.15713023	-0.6041099	0.64094836	-0.312471	0.7639928	0.51393586	-1.111626
-1.3385104	-1.4754635	-0.8843399	-1.3021911	-1.7070819	-2.03338	-2.4992077	-0.93121374	-2.2263374	-2.2781706
-1.595664	-1.5892591	-1.0725416	-1.5338762	-1.5072273	-0.96052784	0.16982408	-0.38977146	-1.1075276	-1.1705981
0.59778494	0.69428766	1.0373665	0.3345852	-1.1268427	0.2146813	0.537912	0.53628033	0.11397145	-1.4621544
1.3055649	0.1481173	2.0781221	1.1520141	-1.6693834	0.48904485	0.17444073	1.3637191	1.1790601	-1.4779804
-0.2723215	0.36180273	0.12379147	-0.45704544	-0.24479456	0.809344	0.9085899	0.8703804	0.27757177	0.39615807
-1.1251127	-1.2345288	-0.6211009	-1.1752421	-1.5647472	-1.5274179	-1.3923048	-0.96067363	-2.1332827	-2.1810186
0.24897483	0.37726733	0.6457454	0.039175794	-1.0438302	-0.42419648	-0.51112586	0.08211053	-0.6689559	-1.4234818
0.20328641	0.61068714	0.5096451	-0.0022694021	-0.8311365	0.5089089	0.2906481	1.0230187	0.30842423	-0.93958956
-0.8408326	-0.1462948	-0.46370324	-0.9432161	-0.3855367	-0.14690624	0.18018472	0.011208007	-0.16140565	-1.1059233
0.42184117	0.63370967	0.48707432	0.15178491	-0.51050884	-0.06539963	-0.23609836	0.50455207	0.009139529	-1.405897
-1.1014336	-1.2331313	-0.5415398	-1.1525686	-1.2865144	-1.3423479	-1.5999275	-1.0858785	-1.4221995	-1.4696285
-0.012064017	-0.21999362	0.28517595	-0.07241608	-0.8044281	-0.46271634	0.18123391	-0.33378777	0.077909134	0.43859038
1.3829584	1.8260846	1.4847324	1.0547158	-0.27300757	-1.1141047	-0.9835105	-1.0335133	-1.4965779	-0.46052736
0.32710412	0.57760644	0.8975867	0.14048158	-0.6060139	0.55505335	0.53234404	0.9158051	-0.17301382	-0.36276984
0.95607287	0.549348	1.2400012	0.71889246	-0.6267232	-0.31798455	1.858595	0.47106117	-0.007118052	0.6889995
1.3628591	0.23102197	1.7901317	1.0858746	-1.6057429	4.6936765	0.66248834	4.5984325	3.638399	-2.2726378
1.5048981	2.5257442	1.828227	1.1853446	-0.78329325	1.5674196	2.6468098	1.6672753	1.0336399	-0.60649645
0.46806088	0.04757616	0.6072788	0.25036234	-0.7815223	1.1667366	-1.0329313	1.292374	0.35080826	-1.5483199
0.6761698	1.7038786	1.0912813	0.3143819	-1.0077635	0.19239928	1.6057914	0.6267903	1.4182376	-1.4766378
0.67338115	1.782629	0.8982285	0.45753217	-0.47466668	0.8200417	1.453425	0.3613667	0.41451842	-1.0451434
-0.517754	-0.41057083	-0.34174898	-0.6476086	-0.6061337	-0.50335985	-0.40495682	-0.6066244	-1.1953279	-0.9923114
2.0305493	0.5444733	2.2995555	1.709435	-1.1274439	-0.6856897	-1.057946	-0.06804452	-0.124873914	-1.2824827
-0.562353	0.6296569	0.3434653	-0.7382871	-0.7761556	0.80148846	1.3851923	1.1308851	0.6613892	-1.4546403
0.36184332	-0.0047693998	1.0278416	0.19844405	-1.5523094	0.3662989	-0.3500875	1.553855	0.30563787	-1.399881
1.1983308	3.397885	1.1767038	0.7938454	-0.008962244	1.3508625	3.27322	1.2859224	0.672067	-1.2152412
-0.5823213	-0.9096401	-0.17727974	-0.69723296	-2.4117923	0.39491692	0.38666666	0.31258643	0.25591952	-2.621852
0.4876381	1.5572702	0.7387425	0.121426776	-1.0116385	3.1538622	2.1115394	1.688856	1.9251947	-0.5178541
0.60353035	0.9020406	0.99909914	0.34477454	-1.0862074	-0.32519755	0.264042	0.7805375	0.072461754	-1.0660805
0.4277493	1.2386115	0.5309864	0.047954768	-1.8181633	0.7448914	2.212082	0.900972	0.63802415	-1.0178528
0.2550562	1.52752	0.28982583	0.11584042	0.6032202	-0.8602101	0.91875154	0.7319787	-0.12076366	-0.12816456
-0.45472512	-0.83825505	0.1685318	-0.58480084	-1.3342327	0.48257953	0.041783072	1.0089254	1.3589153	-1.6876754
-0.6730999	-0.05174586	-0.43903622	-0.8045176	-1.1678537	-0.5788661	-0.8746923	0.05654226	0.046444707	-0.8094809
0.72904277	-0.118247956	1.3302113	0.5554978	-1.6914583	0.49807394	-0.47954288	0.99282146	0.32576084	-1.8548558
1.8070278	2.1280887	1.9067297	1.4787041	-0.3889403	1.3756294	2.4672723	1.448818	2.3949754	-1.6027088
0.7265013	0.9466057	1.0442839	0.35634208	-0.9966928	-0.015334806	1.2103034	0.5889904	0.5157456	-1.0846134
-0.42130336	-0.77085614	0.03012757	-0.4827265	-0.7238071	-1.0913945	-0.7600871	-0.6227464	-1.0942446	-1.7513167
0.68030304	0.62564147	1.053394	0.41952658	-1.0803099	0.15710084	-0.09708046	0.8350952	-0.18767537	-1.8674042
-1.1999781	-1.3008043	-0.6991974	-1.2054046	-1.124888	-1.4446384	-2.1309988	-0.3685537	-1.381289	-1.7906145
-0.1942687	-0.25423962	0.24318132	-0.3333851	-0.5219929	-0.0682036	-0.6007181	1.1913413	-0.4054465	-0.7200416
0.797633	-0.7668452	0.9716407	0.5399302	-1.9458271	3.2626073	-0.8698099	3.2666802	2.837401	-1.8971059
-0.07110566	0.8628967	0.1580118	-0.25589088	-1.1666616	-1.8835288	-0.9317951	-1.0380328	-1.8486234	-1.9628397
1.926987	1.7187978	1.9158367	1.6050153	-0.5285574	0.32528532	1.8044347	0.23032795	-0.1598918	-1.4539157
-0.31981906	-0.61297095	-0.10625705	-0.44466716	-0.98681664	0.0746059	0.004358607	-0.09477507	-0.8207134	-0.49947065
2.6957784	2.8410316	2.8821685	2.3299067	-0.23798266	0.9821456	1.5702858	0.86901045	0.49562323	-1.3384092
0.38939723	-0.25850686	0.79314756	0.1267765	-1.600841	1.1884239	0.16717178	1.6702654	0.8581948	-1.0340753
1.795655	2.10061	1.851438	1.4292372	0.06848431	2.5383873	2.6331556	2.077887	2.1586528	0.21728542
0.55653167	0.9118259	1.0624509	0.3802098	-0.56190294	-0.68666387	0.047785215	-0.8102415	-0.3077965	0.10779731
-1.5082859	0.96198833	-1.1727949	-1.7825435	-0.9301872	0.02252989	2.4690213	0.092861935	0.6328418	-1.0189905
-1.1166521	-0.80728173	-0.78961754	-1.1880519	-1.1680653	-0.75973934	-1.612057	-0.84339696	-0.8015362	-2.256712
0.553134	1.1018901	0.666957	0.19490157	-1.2093726	-0.8994457	1.9685843	0.4944947	-0.50956744	-2.3209674
2.3248322	1.8570597	2.7903383	2.055015	-0.33127803	1.671128	2.146923	2.0761847	1.5406517	-0.23915543
0.70102876	0.63477993	0.9993261	0.48795044	-0.65581036	1.0598959	1.6596158	1.2051976	0.7780785	-0.98823845
-0.8636301	-0.88359725	-0.39777133	-0.95675534	-1.3598465	-0.7326241	-0.5928752	-1.0611994	-0.44492593	-1.7449863
0.78625286	1.0546451	1.3849049	0.5487611	-1.3499383	1.5137347	0.983818	1.900803	1.6625805	-1.1226624
0.2000139	0.6205008	0.1475971	0.010911211	-0.6495807	0.72466654	0.03454114	0.39735922	0.7421055	-0.22392352
-0.16930251	-0.12922156	0.35146445	-0.3224488	-1.5792779	-0.23634465	-0.18815714	0.59201044	-0.63213956	-2.5712347
0.33198717	-0.26961875	0.73852503	0.17841457	-0.35276887	0.56860703	0.41820782	0.76906294	0.3665834	-0.6910339
3.936128	3.7496417	3.4762802	3.531838	1.7619404	3.880197	3.9904099	3.5886374	3.7155387	0.98364216
0.2681092	0.09163529	0.78710747	-0.010246038	-1.7118233	0.463161	-0.082292385	0.6554543	0.55020416	-1.6607159
-0.4546239	-0.056396395	-0.03565827	-0.576458	-1.0724165	-0.8581511	-0.16497035	-0.53003156	-1.3521171	-1.4866962
0.16907322	-0.25312734	0.77922356	0.02730082	-1.0899531	1.1787025	0.25311843	2.004552	1.0176564	-1.4064078
0.63734406	1.0764688	0.9600141	0.4289738	-0.8148099	1.5045302	2.9179583	1.2711449	0.9202971	0.34623244
-0.3359464	-0.30221638	0.10698447	-0.5016057	-1.873545	-0.5965439	-0.7793978	0.24922583	-1.3376944	-1.4055568
-1.2101961	-1.2650445	-0.7472733	-1.3057454	-1.3870648	-1.9595501	-1.0689965	-0.5954792	-2.0195215	-2.0241997
1.6277254	1.6020656	1.4618548	1.2978997	-0.90397215	0.41649368	0.8583088	0.051121596	0.54411864	-2.4405112
0.38996127	0.045698255	0.77439106	0.23565952	-0.30023903	1.7690758	0.29921895	2.1015227	0.8452424	0.49066308
1.1410125	1.158339	1.0226233	0.8610774	-1.4695212	0.664577	-0.14898495	0.81899583	-0.04189881	-0.41663817
-0.88324285	-0.90892303	-0.4382696	-0.96197265	-1.3941784	-0.4127402	-0.98266286	-2.0888014	-0.8796878	-1.4058326
0.06975096	0.36263314	0.6579792	-0.23761337	-1.2989752	0.6586881	1.2519511	0.7992046	0.06895097	-0.9246504
0.47165057	0.6195024	0.8457209	0.28094494	-0.86850345	1.3721068	0.393404	2.1243227	1.4996083	-0.7048395
0.6530275	0.07577291	0.9769932	0.4360612	-1.1574006	0.124459065	-0.45133248	-0.14157036	0.21156204	-1.8022892
0.30446693	1.241568	0.57660663	-0.062466606	-1.2025973	-0.45992947	2.2961996	0.15479918	-0.68062466	-0.7983453
-0.014389731	-0.80990064	0.53189343	-0.13574375	-1.3335701	-0.67080265	-1.2443842	0.16465533	-0.2337655	-1.087895
-0.50480986	-0.8946997	-0.2010982	-0.5472764	-0.8406547	-0.092854984	-0.664492	0.9287034	0.38538775	-1.6166481
1.3718921	1.3401366	2.1692832	1.1328251	0.66079617	0.65323967	1.2208788	2.069925	-0.042192753	0.25725883
-0.1262837	1.3237424	0.689178	-0.32439777	0.034261614	1.6896336	4.6000447	2.911712	2.2018409	0.90838325
-0.20335197	0.009374768	0.23414125	-0.37678623	-1.5876253	-0.41351458	-0.83927923	0.10235429	-0.9795855	-1.7758665
-1.4715939	-1.4206544	-0.9830166	-1.5378898	-1.9412651	-0.8407165	-0.86269945	-0.5396948	-0.45596534	-1.7326629
-0.9746458	-0.8780159	-0.37166837	-1.0563853	-1.6904281	-0.6655615	-0.3036656	0.42733783	-1.0292706	-1.2966883
-0.5908683	-0.78642786	-0.15115517	-0.72719806	-1.6594334	-0.97167873	-1.0635186	-1.0039661	-0.8491547	-2.0021043
1.626069	2.272916	1.5084721	1.2853687	0.92299545	0.48618406	1.059697	-0.3276838	-0.21986574	-0.38870844
2.857045	4.330135	2.3527956	2.4000485	1.6502713	3.4616055	3.666112	2.5794168	2.8387346	0.16051541
-0.6939268	-1.1641533	-0.08975273	-0.76165205	-1.7059084	-0.7782539	-0.31626213	-0.18874602	-1.0709038	-1.54941
-1.4392171	-1.606643	-0.9477184	-1.4542489	-2.001059	-1.3707017	-0.97159004	-0.7323159	-1.4597996	-1.7449659
-1.800358	-2.0980418	-1.2572917	-1.7077078	-1.3030068	-2.090205	-1.9825436	-0.56140286	-1.9637338	-1.0968974
1.0544792	1.5551136	1.4761802	0.7599628	-0.52284896	0.79704833	1.6185337	-0.7811314	-0.21986574	-0.018048512
-1.0002033	-0.8611933	-0.34262642	-1.020697	-0.8657994	-1.679795	-0.41457132	-1.2839568	-1.8432798	-2.04389
-0.11915941	-0.64501524	0.21942616	-0.17681815	-0.7584939	0.003908784	-0.45945853	0.7198429	0.025834525	-0.16720772
0.80793864	0.06932205	1.0076699	0.6580002	-0.9904908	0.5511532	0.11789562	-0.118931845	0.43125045	-0.94572306
-0.714541	0.51108325	-0.5451478	-0.90124065	-0.5606174	0.808024	2.4908347	0.9290254	-0.026051765	-0.90325546
-0.24182865	2.2183647	0.6696591	-0.6107757	-0.71478546	0.34579018	3.306978	1.1443118	0.03943665	-0.3735936
1.2157404	1.4421301	1.1493994	1.0095216	-0.64840627	1.6450653	1.388635	2.02136	1.4222682	0.513082
-1.6576601	-1.6937497	-1.0445302	-1.6198374	-0.83581805	-2.088126	-2.928136	-1.6524726	-0.76409864	-1.9570665
1.7567208	0.62508	2.2332327	1.4403296	-0.84313726	2.0860057	-0.24099235	2.77871	1.7961183	-0.7161282
2.1772163	1.5388603	2.3307934	1.805846	-0.82971096	1.3057101	-0.14681743	1.9319001	1.0598364	-1.4016747
-0.46895468	-0.7742158	0.036549717	-0.5497665	-1.4260875	-0.5673888	-1.2055079	0.47988582	-1.0334021	-1.3112913
-0.14638725	-0.31736106	0.29542184	-0.3211216	-1.7765805	-0.06425586	0.5147245	0.5873472	0.018362362	-1.1123891
-0.41743276	-0.78242946	-0.0034050345	-0.53534293	-1.6202179	-0.17960241	0.057979107	1.7623739	-1.1490555	-2.0367396
0.5979759	0.6133771	1.1594483	0.45981324	-0.57983667	-0.005732236	0.022309594	0.96809006	0.1598335	-0.9014722
-0.15334496	-0.75522983	0.49594417	-0.29512027	-1.5292277	-1.0270284	-1.519135	0.5070327	-1.4173319	-0.3189312
1.5280393	1.0229136	1.7334702	1.2138569	-1.0844802	1.878788	1.9932867	1.5604389	1.5009576	-1.0731833
-0.8904887	-0.6904578	-0.47873917	-0.9482602	-0.27496052	-1.4222788	-1.1450828	-0.77466685	-1.3230616	-1.3290417
-1.5941669	-1.5580356	-1.2087694	-1.5435712	-1.1947795	-1.3864151	-1.42601	-1.1610943	-1.4075539	-1.0756084
1.3062428	1.2810024	1.6252289	1.1313026	-0.5510476	0.86038744	1.1434724	1.652747	0.8530026	-0.20379128
3.9536855	2.4668405	4.188186	3.5294948	-0.4961087	4.327248	3.6684184	4.783407	4.109432	-0.21223855
0.168053	0.27378634	0.55154335	-0.053329393	-1.045239	0.3289424	0.8684758	0.58772695	-0.116910994	-0.8562228
-0.7442301	-1.0798945	-0.26569626	-0.7819413	-1.6027182	-0.6469142	-1.5397365	-0.8986819	-0.3991077	-1.6570396
-0.12537915	-0.30932927	0.29349732	-0.2684761	-1.2946141	-1.0481997	-1.054969	-0.4015333	-1.3721051	-1.2296338
0.9903304	1.7631621	1.381932	0.68804705	-1.0765626	0.5033299	2.6748059	0.98339266	0.15824294	-0.73994166
-1.7037723	-1.7047906	-1.096948	-1.7131407	-0.9562298	-1.0738758	2.2461557	-1.0783352	-1.662619	-0.92674553
0.478963	0.47031412	0.86149573	0.2539807	-0.9807811	0.21155944	-0.44529423	0.98973185	0.33524096	-1.4081943
0.30166975	0.8467952	0.6304878	0.08204572	-1.0694783	0.30819777	1.1695827	1.3131106	-0.46526822	0.04364364
0.1167125	-0.13406426	0.79007864	-0.1392271	-1.6543195	-0.5439728	-0.9903001	-0.18889518	-0.8510931	-2.0542605
1.1308833	3.489438	1.3058366	0.58444715	-0.8543867	0.041692838	3.4383874	0.49904627	-0.8923348	-1.558478
-1.239376	-1.5210943	-0.866868	-1.2437881	-1.570861	-1.4693179	-1.0269653	-0.98315966	-0.9291409	-0.9951899
-0.38748994	-0.6863227	0.1237275	-0.53212416	-1.8955365	0.77058923	0.12762651	1.2353636	0.22688697	-1.7538714
-0.38090077	-0.72435665	0.3546562	-0.5444414	-1.8980172	1.2567971	0.8604383	1.4966521	0.7671351	-0.6283531
-1.3291861	-1.4234755	-0.8015852	-1.3723351	-1.50167	-1.0581872	-1.3530147	-1.0464945	-0.9698449	-1.5054357
-2.2313359	-2.1553502	-1.4819953	-2.161321	-1.7139915	-2.343319	-1.7940426	-1.7233357	-1.0782452	-2.0145779
2.8681066	3.5164888	3.0144322	2.519118	0.10064581	3.0768259	2.9803526	3.1159205	3.0372322	0.43924233
2.1949189	1.9885194	2.4890609	1.8546362	-0.28929004	3.3146195	1.0172062	3.3478155	3.543502	-0.28335753
-0.06250397	-0.29776078	0.3843102	-0.100127384	-0.76935613	-1.9322476	-1.387578	-0.7672423	-2.4691114	-1.8523048
0.82888556	0.43707266	1.0305037	0.71038294	-0.22923473	1.1342728	0.610483	1.0434564	0.62742424	0.23428223
0.19497296	0.07481304	0.6242221	0.026853621	-1.4523805	-0.025827628	0.15585163	0.6504772	-0.7300838	-0.83281636
1.0979081	1.151792	1.0946794	0.8787246	-0.77970314	0.6834304	1.4721689	0.772844	0.7748973	-0.14160068
-0.5576802	-0.21996185	-0.016075343	-0.7206812	-1.2035342	-1.2760712	-0.31953427	-0.97442245	-0.88379806	-0.10095459
0.06919817	3.2213542	0.76654255	-0.26834255	0.78910697	-0.6906006	5.1465855	-0.15495227	-0.72562295	1.0308824
-0.9640786	-0.4711526	-0.048546284	-1.0693648	-1.7572734	-0.42883712	1.5411894	-0.28831226	-0.8165346	-1.1338387
0.60452706	3.224142	0.8493352	0.11010127	0.049883157	1.1113281	3.3421483	0.1352175	-0.2684916	1.8064628
0.22201553	1.1610343	0.57659984	-0.07948637	-1.484228	0.5138299	0.61505777	1.0346553	-0.08677673	-1.59764
1.6440201	2.693732	1.4382174	1.5182538	0.0540936	2.9599972	4.207938	3.2121441	2.5993862	1.9219909
0.80198437	0.33044186	1.1705905	0.5609362	-0.7929398	0.26342553	-0.50262856	1.2292908	-0.35690206	-1.2205982
0.70672107	0.23281604	1.3916757	0.48396206	-1.4456909	0.5982074	-0.027821314	1.2283734	0.5719842	-1.3345454
-0.66074824	0.35889485	0.182185	-0.79878384	-0.39040443	-0.6365767	-0.50694317	0.10605943	-1.2588631	-1.8662223
2.011842	0.9346925	2.3124108	1.7470222	-1.2026134	1.2187606	1.0305898	1.8359193	0.872435	-1.9010918
1.2894496	4.034205	1.6503843	0.9663172	0.3008918	1.6841002	4.532065	1.685451	1.1760637	-0.6293886
0.47146377	1.0457567	0.6834397	0.124301895	-0.87179565	0.15971029	1.8597735	0.08606202	-0.40458182	0.21700524
-0.7576353	-0.7906246	-0.26413098	-0.88804233	-1.1554041	0.6512503	0.49504688	1.0905892	0.52121645	-1.3921038
0.94313365	-0.015286177	1.5780913	0.82232416	-1.1016905	1.1572894	0.6420159	2.547371	1.0542989	-0.9425514
0.06573286	0.17620865	0.4089261	-0.12806185	-1.1341524	-0.22705288	0.6407578	0.05399209	-0.09190415	-0.8522693
-0.49501115	1.7410122	-0.534603	-0.7071788	-0.046276003	-0.6694862	2.692349	-0.24395366	-1.326016	1.3954142
0.89524776	-0.18248248	1.3486513	0.7110497	-1.4752535	-0.6255888	-1.643851	0.04759604	-0.53908217	-1.8379165
1.0721697	3.0524426	1.0282315	0.7000097	1.0804167	-0.19398996	1.4449515	0.35380852	-0.7320425	0.059335772
0.8705818	1.4233582	0.987906	0.64417607	-0.9157834	1.0369979	1.4915571	1.7154179	1.4400328	-0.7848416
-0.22554207	-0.7338885	0.4304402	-0.3763017	-1.514162	0.5792727	-0.25895786	1.2711786	0.99629885	-0.9555416
-0.13632965	-0.4802514	0.31152633	-0.19684361	-0.7854569	-0.4376505	-1.7157623	-0.17200771	0.053960916	-0.52032876
-0.8298594	0.23954162	-0.47927102	-1.0220227	-0.7378253	-1.8272474	-0.25755632	-0.21129364	-1.7319598	0.30766845
0.63483715	1.2289611	1.0645754	0.36574578	-0.8903506	0.39078546	1.518884	0.79239297	-0.6360578	-1.8904638
0.430876	-0.4951867	1.007025	0.22577481	-2.2720125	-0.13081874	-0.07695821	0.52318925	-0.6527509	-2.5047529
-0.77295387	-0.92483985	-0.45336673	-0.8410323	-1.6395429	-1.1274987	-0.88403946	-0.62448907	0.67046416	-1.1495826
0.56772286	0.6728822	1.0299855	0.22804211	-1.5373324	0.4765791	0.8217921	0.58450466	0.16901705	-2.125359
0.18180194	-0.25698957	0.88472056	0.003616795	-1.8133312	0.693089	-0.36822248	1.226594	0.20118968	-1.9037082
1.004719	0.2907298	1.2279363	0.8075559	-1.6490743	1.464044	0.8753251	1.3640431	1.248499	-1.5448307
1.2421389	0.9619894	1.0906473	0.98806715	-2.01011	0.47428507	0.4141329	0.81148905	-0.021405064	-2.0144658
-1.1735016	-1.5987682	-0.809677	-1.2212511	-1.2295948	-1.2000403	-2.0319815	-1.0225561	-1.6123397	-1.4514023
0.16333023	-0.4314662	0.5890776	-0.005113587	-1.7053314	0.60793227	-0.18028845	1.2659208	-0.08236529	-1.4033011
0.6997131	0.8191649	1.0160853	0.3925618	-1.5542015	0.0827459	0.30846715	0.12157895	-0.6544017	-2.2782085
2.6454842	3.3454316	2.8732703	2.2095404	0.6316873	1.8475374	3.7946308	2.0099277	1.7778474	1.4525079
-1.9364262	-0.9477637	-0.67852986	-1.9859358	-1.5787257	-0.33129242	0.3180585	0.08320495	-0.7522809	-0.7740329
-0.85857785	-0.9728664	-0.38382402	-0.94011307	-1.2658831	-1.1701273	-0.5641172	-0.71898514	-1.7644347	-1.3430731
0.7476934	1.0908574	1.0036685	0.47758162	-1.4021223	0.028048163	0.4322783	0.48399457	-0.114442945	-1.6060003
0.3264323	1.2293755	0.6535774	-0.033758357	-1.4559584	0.3480597	1.4654229	0.52505076	-0.88637894	-1.1996963
0.6617649	1.4829192	0.5041148	0.32672238	-1.3469824	-1.5988365	-0.3552664	-1.3649138	-1.9159695	-2.0559952
0.023140214	1.064571	0.1469852	-0.27379853	-0.9223943	-0.9315657	0.17220312	-0.60937905	-1.0656722	-0.95274115
0.9363385	2.074459	1.2308087	0.7405014	0.4207078	0.6831097	1.9168218	1.2870821	0.046344135	0.19798082
0.13456053	1.0933274	0.63938785	-0.08032589	-0.9052608	0.60241485	1.108042	0.12117922	-0.33668002	-0.7759911
-0.297215	-0.5117551	0.070647925	-0.41171455	-1.5319082	0.20211217	0.35830882	0.7894642	0.06937238	-1.3254809
0.93006736	5.0770903	0.8405162	0.4379853	0.3274394	0.16147324	4.3838487	-0.22627094	-0.43803594	-0.020430679
1.0701896	0.6078794	1.3108783	0.76781714	-1.021836	-1.0556598	-0.6122965	0.26441684	-1.3844037	-1.119016
0.5644053	1.0048171	0.9556714	0.31337243	-0.48672605	0.4487076	2.098962	1.1609089	0.53370535	-0.51218843
0.4168767	0.6945256	0.8899255	0.18487833	0.13800442	0.32243997	0.43504718	0.5876911	0.22251017	-0.027637018
-0.8840915	-0.90751815	-0.3218573	-0.9448512	-1.212837	-1.6599635	-1.1450231	-0.9691595	-1.234018	-1.9029353
0.08990737	-0.16327885	0.39649418	0.002495125	0.2627305	1.0082226	0.5267264	0.8407957	1.2468306	-0.03773895
0.59180266	-0.31187177	1.0281898	0.34432936	-1.7413365	0.093180686	0.18373403	0.8721708	-0.37779182	-3.031255
-0.8018412	0.038464785	-0.30682144	-0.8652704	0.06679818	-1.1080979	-0.45600587	-0.697797	-1.1161323	-0.2510135
-0.63907266	-1.1964214	-0.12669963	-0.771924	-1.4055622	-0.88604456	-0.32290262	0.35727787	-1.3077965	-0.9788472
0.3305614	1.2806861	0.43347457	0.09063558	-0.493572	-0.5882696	0.85131526	0.4826328	-0.63853425	-0.2611604
1.5924011	3.2443128	1.7800958	1.1872909	0.38809684	-0.76295346	0.8280615	-0.32913443	-0.9902224	-1.2187884
-0.4060679	0.4790884	-0.22450936	-0.60004306	-0.14477114	-0.84775454	-0.29369247	-0.53786165	-0.45239216	-0.2687062
2.6075742	1.9003625	2.6454375	2.227866	-1.0041054	2.4505184	1.5831485	2.463974	1.6241865	-0.8215643
0.18352368	-0.2656055	0.3363689	0.05526848	-1.4967173	0.8483759	-0.43580353	0.0933482	-0.15678225	-1.3628792
-1.0257539	-0.7987696	-0.61094785	-1.0704125	-1.1697274	0.18800072	-0.6367186	0.3308108	-0.25228086	-0.73113376
0.13661778	-0.9439336	0.74671066	0.021119148	-2.3742461	0.34164348	-0.5762356	0.9336111	0.43971825	-2.5828364
-0.53003097	0.26142463	-0.26852325	-0.5988544	-0.20478614	0.07316955	-1.7008487	-0.5125537	-0.43941817	-0.9960877
-0.5189714	0.7446172	0.08197899	-0.8035569	-0.7225379	-0.92140114	-0.17235619	-0.5700684	-1.5219138	-1.002184
-1.0772125	-1.2670298	-0.52979255	-1.0394222	-1.3671279	-1.9141201	-1.8855904	-1.5300549	-0.9708128	-1.8562698
3.070367	2.4193506	3.0890527	2.8214407	1.4998792	3.0836887	2.9689658	2.995545	2.926558	1.4148642
1.363709	1.279369	1.3954957	1.0041609	-1.0720147	-0.1222891	-0.49421936	0.15640438	-1.1838328	-1.6778553
-0.896044	-1.1125574	-0.24369225	-0.8877544	-1.4393094	-1.2269704	0.38702273	0.15400384	0.029876534	0.1339801
-1.7989093	-1.892572	-1.2874972	-1.7865429	-2.401518	-1.864761	-2.1664453	-1.8289584	-2.0304422	-2.0668218
0.10983818	0.7999362	0.3015561	-0.13077185	-0.8306551	0.053245064	-0.67584866	0.2777254	-0.39264905	-1.6464897
1.380334	0.9163039	2.2547712	1.1591717	-1.1788404	1.0213625	1.4270638	2.3590665	1.1584704	0.013092902
1.1036956	1.5446061	1.3048208	0.87332106	-0.6242598	1.2985675	0.380592	1.2787482	1.0628624	-1.666365
0.36224848	0.7204325	0.7045245	0.115117416	-0.626667	0.15292832	0.56461686	0.36418092	0.19730392	-0.5439287
1.5832163	3.0696342	1.6525755	1.1463073	-0.5245633	-0.30805546	2.9814036	-0.8303377	-0.66872585	-1.508699
1.8790845	2.1819355	1.9823661	1.5016	-0.4316212	2.5729523	2.7937667	1.9892623	1.700361	-0.50896776
-0.502546	-0.9529835	-0.11356336	-0.5223131	-0.5893229	-0.9837192	-0.9194832	-0.6381795	-1.1223649	-2.0538914
0.75412667	1.1100944	1.2011894	0.53505117	-0.99327326	0.88417923	1.8569195	0.9756021	0.13297822	-0.8246224
-0.30794773	-0.17358705	0.4078227	-0.35659978	-1.2459434	1.7133818	2.1937532	2.6722102	1.5751563	-0.44547707
-1.5739719	-1.5549283	-0.96704674	-1.6268991	-1.7351679	-1.9617649	-1.5592077	-1.1300511	-2.289976	-2.150019
0.68546546	1.1178927	1.1420716	0.3999579	-1.3247192	0.79140645	1.8817188	0.9606027	1.078955	-1.9145168
1.0673425	0.54498017	1.4664447	0.7667645	-1.4988692	1.225547	1.3065921	1.295895	0.8021186	-1.97574
0.055277184	1.5505961	0.32858214	-0.22741133	-0.54505813	-0.55549294	1.7625966	0.10365111	0.19517176	-0.82600224
1.4110881	0.8045635	1.4325088	1.1568253	-1.0814843	1.0237657	-0.9169881	1.4116359	0.723897	-1.8584585
0.56062806	1.042722	0.9227103	0.4719969	-0.0019886196	-1.9367166	0.011078378	-0.46713516	-2.0007882	0.15917458
0.7131431	2.6904352	0.69124764	0.30638844	-0.6397815	0.42981318	1.6395766	1.4082483	0.44889832	-0.8342159
-0.24668136	-0.45567358	0.15177849	-0.35017264	-0.75837636	0.5849522	-0.26129708	0.7802298	-0.322246	0.25994402
-0.36413032	-0.3964434	0.2727474	-0.4855644	-1.4505727	-0.30996403	0.06894354	0.4928692	1.2458187	-0.8747474
0.7463737	0.7429086	0.9205147	0.47770286	-0.60760057	0.5335351	1.4787701	1.2642789	0.62244743	-1.2460214
-0.51884913	0.94116664	-0.22506213	-0.73089916	-1.0435448	-0.97903097	-0.2901493	0.45805672	-1.0561222	-1.0679785
-1.5883821	-1.7277803	-1.1511054	-1.4774735	-1.2485808	-0.75571287	-1.4033687	-0.8065865	-0.9338595	-0.6123977
0.19181949	1.0268322	0.7416917	-0.11319681	-1.1482346	0.72165185	1.6219667	1.211167	0.14476699	-1.2268455
0.75016755	-0.6039232	1.0125628	0.6068544	-1.2134057	0.63123494	-1.0508395	0.46998766	0.91763777	-1.723595
1.049554	-0.072780445	1.7445792	0.81380457	-1.4761072	0.7376242	-0.21291308	1.5641124	1.0173866	-1.6620045
2.2789319	0.23602492	2.6076698	1.8237531	-2.7803984	2.010268	0.31232387	2.5688276	1.6245371	-1.5282524
-0.40730008	-0.7678251	0.1815658	-0.5211796	-1.3385159	-1.7307452	-1.9097272	-0.92280453	-1.8719611	-1.8525985
0.90332544	1.753591	0.8601203	0.67034566	1.0859133	-0.46354216	-0.17268889	-0.1001333	-0.33744574	-0.29960462
2.5072653	2.8509164	2.6080098	2.23812	1.0980812	2.2424786	3.1060655	2.1382694	1.9520957	0.4337421
-0.45193398	-0.76446605	0.024296522	-0.5623818	-1.612689	-1.1818618	-1.2256321	-0.6440387	-0.8471476	-2.4916148
0.2637555	-0.01717326	0.45625237	0.16156714	-1.1909044	0.23347239	-0.40813798	0.2395643	0.5674243	-1.3498251
-0.21539196	-1.1372441	0.37165594	-0.26800764	-2.4351645	-0.16548467	-0.9351066	0.6257455	-0.29774922	-2.6938717
0.6414674	0.9964303	0.8476981	0.4650448	0.31931183	-0.7162272	-0.46991056	-1.6536645	-0.91272724	-0.24127054
1.429279	3.4320695	1.5548881	0.94489336	-0.4798132	1.1685693	2.123533	0.6015121	1.1375651	-0.8979159
0.45452365	-0.09105402	0.71404135	0.18386434	-1.2770776	0.6122769	-0.23851745	0.6474822	0.22597982	-1.2135665
-0.22636136	-1.0094415	0.497826	-0.39235005	-2.5319693	-0.080349445	-1.0250477	1.1322311	0.6584321	-2.05981
1.2962986	4.380388	1.5314356	0.7894014	0.7466426	0.69189394	4.6426277	0.6363735	-0.36513156	0.40269107
-0.60015935	-0.41161814	-0.24906719	-0.77663124	-1.1408277	0.7309155	2.4935257	0.5520646	0.4691556	0.7289594
-1.3319074	-1.8306035	-0.91430426	-1.3508995	-1.7557818	-2.140543	-2.04099	-1.3466848	-1.402061	-1.4238893
5.767436	0.05082676	5.4966354	5.190741	-0.9489728	3.2627637	3.6118078	3.3448362	2.751409	-1.0097513
1.1008538	1.8746352	1.4759645	0.808992	0.35044327	0.4514442	1.5495687	0.34174308	0.75260997	-0.8565471
1.1909518	1.3259981	1.3789829	0.9346695	-0.76030433	1.3364985	0.40115845	1.3006681	1.13445	-1.6306629
0.79482627	1.3420134	1.4757568	0.55101746	-1.0469161	0.58286977	0.8960857	1.4378133	0.41407043	-1.2576501
0.66317457	0.9245361	1.2999983	0.50112295	-0.3347063	-0.4343384	-0.52571714	0.11874327	0.013809135	-0.17021693
0.06627949	1.0598836	0.4215675	-0.23930097	-0.50530994	2.170764	0.9693174	2.540172	2.1305516	0.13147937
-1.7825601	-1.777379	-1.2317482	-1.6992155	-1.7256892	-2.0022895	-1.3378499	-0.91073203	-1.2914516	-1.8346124
-0.26918125	-0.88884795	0.1717327	-0.4034915	-2.1416373	-0.123696506	-0.15371828	-0.6573394	-0.48259014	-2.3801365
0.3958781	0.27461293	1.0257467	0.21270387	-0.5389329	0.86158025	0.9466531	1.5305877	0.16822438	-0.9698623
1.0683638	1.3681386	1.406967	0.85364676	0.39057007	0.7717445	0.074742556	1.7833757	0.6893451	-0.5713721
0.28576759	0.4478267	0.66639423	0.055707753	-1.3325417	0.0739366	1.9530146	0.57599306	-0.35592362	-1.3383404
-1.5703428	-1.282884	-1.078816	-1.549539	-0.7374405	-1.4226992	-1.8873045	-1.8044685	-1.9183791	-1.6252879
-0.48902133	-0.7497592	-0.074526876	-0.60086817	-1.1434118	-0.45927864	-0.29575235	0.15650123	-0.37136072	-1.1902728
0.24665132	1.283442	0.46886003	-0.048380345	-0.93967247	0.49463454	1.4082583	1.0517617	-0.24112578	-1.5465524
0.09098361	1.04369	0.29394537	-0.21102646	-0.70893455	0.03929132	1.7738787	0.2840997	-0.74913293	-1.2554014
0.6683453	0.94061077	1.4903656	0.47137654	-0.8699906	0.48976192	0.40988228	1.462745	-0.02166158	-0.7294956
1.9141301	2.0343924	2.4438105	1.5443351	-0.12581095	1.162508	1.8165314	1.4017432	1.159268	-0.90775645
-0.509454	-1.0425253	-0.040272444	-0.55862904	-1.6592807	-0.455907	-1.201854	-0.33075905	-0.88117975	-1.256199
0.9445135	0.9266745	1.1411006	0.7335036	-0.22229615	1.1338342	2.0273037	0.8344852	0.7430972	-1.0089985
0.15862405	0.7699282	0.56058776	-0.14482494	-1.3552384	0.72720045	0.3942327	0.93837345	0.26748332	-2.2378287
3.8465273	2.366084	3.7754035	3.464114	-0.11126968	4.0246744	2.620867	4.1468344	3.5559218	-0.7511606
0.12155805	1.5261036	0.50572765	-0.17429768	-1.0664828	-0.630822	0.869419	-0.024011636	-0.840462	-0.9369801
0.12568876	1.9114892	0.18963557	-0.18556392	-0.11315848	-0.541318	0.30523205	0.67034584	1.9783385	0.10240154
-0.13399193	-0.6824168	0.3607534	-0.25271863	-1.3233593	-0.28289682	-0.62163323	0.42102376	-1.7143368	-1.6592653
-0.033846296	0.13370124	0.30464187	-0.13060279	0.009562224	0.30482027	0.19261932	0.5863125	0.5402004	-0.13383986
0.5976657	2.9973567	0.67282355	0.095632866	-0.8719964	-0.16947167	2.308306	-0.6923025	-0.5191448	-1.2767223
0.010873124	0.18251005	0.5287034	-0.2659273	-1.8264703	0.20771421	0.47307357	0.5757933	-0.23867013	-1.5260769
0.21455047	0.71728146	0.5203091	0.004628241	-1.1333407	0.52106035	1.1710496	0.6097005	0.23895183	-0.8039216
0.5262544	0.4915392	0.8105756	0.3542381	-0.53627783	-0.052655388	0.14544123	0.14024751	0.19960427	-1.0929824
-0.14455286	-0.16366738	0.33882806	-0.37033004	-1.4306666	-0.43060833	0.29579282	0.027342105	-0.35928833	-1.2456096
1.3406172	3.3846042	1.1538938	0.8079461	-0.6392393	2.3645892	4.670036	1.475996	1.2640808	-0.24885422
0.51501983	0.37022915	1.0209634	0.33259612	-1.3186526	0.30481365	1.1306196	0.92407805	0.3742095	-0.9760913
1.3782526	1.0494196	1.5685124	1.0316738	-0.8534863	3.1997387	3.2635489	3.4999275	2.3984914	-1.1824664
-1.3345166	-1.287256	-0.8790597	-1.4033308	-1.9028827	-0.8657532	-2.1263547	-1.2312117	-1.5814587	-1.0405061
-0.22132644	0.41273984	0.11641882	-0.4954515	-1.5221761	-1.016071	-0.6236022	0.2376898	-1.486838	-1.826996
-2.2756402	-2.1026523	-1.5194491	-2.1543453	-1.1892669	-1.4165933	-0.6241813	-0.8459511	-1.503989	-0.07961581
-0.46515664	-1.2262022	-0.06001115	-0.5134602	-1.4754351	-1.2632366	-1.5964178	-0.10200402	-1.3674297	-1.7419032
-1.3746752	-1.3394744	-0.92784226	-1.3508373	-1.0092478	-0.58158714	-0.54630804	-0.6090794	-1.099339	1.0223231
0.2913509	1.2044116	0.74812317	-0.0046494007	-1.2836114	0.7037306	1.0759634	1.0465626	0.115648285	-1.0615305
1.0611452	1.0710628	1.4638406	0.83445895	-0.46680254	0.7609912	1.0908175	2.0381937	-0.02330782	-1.0760324
1.4271473	2.486961	1.9876246	0.9750285	0.23992047	1.0679507	3.2904644	1.5855576	0.85175973	1.7361946
-0.9908329	-1.0243721	-0.53174794	-1.0643877	-1.7652782	-0.79732823	0.91052634	-0.8744514	-0.18615249	-1.427105
1.5264578	1.8140545	1.8683993	1.1347106	-1.1171559	1.8670717	0.33489838	2.1101587	1.2273982	-1.468968
1.7772049	2.8299026	1.6808295	1.4954913	0.69412744	2.1832824	1.3683487	2.3284235	2.0788078	0.3358866
0.62848204	1.4619985	1.2242771	0.33896756	-1.0163072	0.39002487	2.108221	0.6090864	0.579226	-0.61353624
-0.3277973	2.4186056	0.0778065	-0.7293556	-0.53536826	-1.2979988	0.89285606	0.2261333	-1.8457801	-0.78978676
0.5240719	1.2504658	0.7194705	0.22220592	-0.9635712	-0.62552416	1.9917258	0.16560318	-1.0933975	-1.2856333
-0.19992515	0.5398326	0.12879679	-0.3611663	-0.9590496	0.09714897	1.6872343	0.38494158	-0.31746846	0.32671663
-0.18878953	-0.6383873	0.28231496	-0.2509431	-1.0642662	-0.2996775	-0.9784694	-0.10696955	-0.04395749	-0.8197136
-1.4282049	-0.65923214	-0.98928964	-1.5037767	-1.3382443	-1.7699323	-0.9344015	-0.41658476	-1.8987063	-1.3922795
0.43053427	-0.62046814	0.7442486	0.25626868	-1.497681	-1.0685892	-1.6632077	-0.9094129	-1.5907924	-1.7442368
-0.6478746	-0.6292958	-0.25485718	-0.79358107	-1.4396528	-0.5742359	-0.86659265	-0.3240827	0.077874094	-1.2058095
0.07701912	1.8765106	0.37214082	-0.36106658	-0.41610703	-0.05419429	1.338831	0.29380217	-0.3356904	-1.4101888
-0.3424805	-0.16614601	0.03228268	-0.45561928	-1.0235162	1.660455	1.8840688	2.5696135	1.3651717	-0.33283088
0.38366416	1.3735108	0.6687331	0.072185144	-0.97338367	-0.19599658	-0.68781894	0.08755206	-0.7555464	-2.18141
0.56106144	0.3185223	0.9655912	0.31363142	-1.1893442	0.02002316	0.32367095	0.8282049	-0.15337747	-1.0513191
1.4300016	1.395605	1.9782617	1.160099	-0.5266139	0.8776028	0.5865718	1.4439509	0.6375534	-0.1981917
0.6132156	3.1016114	0.35768518	0.2951396	1.9922365	0.7483522	2.8388867	-1.061327	-0.57694745	0.10152472
0.8751764	1.9188836	1.394932	0.65067345	-0.45316732	0.14596216	0.22584283	0.82654333	0.46295506	-0.88384396
-0.8460479	-1.2529964	-0.26210168	-0.92062414	-1.5252627	-0.49576437	-0.42684904	0.41408738	-0.21986574	-1.5636867
-0.363401	0.6479286	0.069544405	-0.6087407	-1.3108726	-0.17940904	1.1982627	-0.022264224	-0.50956744	-1.4924809
1.072738	2.3422706	1.0709273	0.7129922	0.25683144	0.3921478	1.1467766	0.6575359	-0.47304052	-1.1966041
1.7358024	2.9646118	1.8708032	1.3834774	0.14214805	1.0808892	3.9433415	1.2430226	1.2149223	1.0811098
0.06395646	-0.19895767	0.7293228	-0.12310925	-1.4634331	-0.23094313	0.5142463	0.99045587	0.20073085	-0.61110085
0.15800384	-0.87593913	0.75089836	0.072857246	-1.9406493	0.2910017	-0.36273146	0.8466776	0.4297973	-1.6791404
-0.27814928	-0.5527986	0.1605644	-0.34303403	-1.3694297	0.019014193	0.06307766	0.44722983	-0.14798756	-2.3040085
-0.45296398	0.15172863	-0.09241301	-0.6264086	-1.5413471	-0.6675203	-0.49947935	-0.3931354	-0.6958407	-1.9919791
-0.032973148	-0.35580528	0.44533932	-0.20795994	-1.6594857	-0.565303	-0.2528874	0.29138973	-1.5085866	-1.9893086
0.4418911	0.23750615	0.9824196	0.3544128	0.18943444	1.0062159	-0.18069245	1.0438023	-0.08849353	-0.6903983
0.73070675	0.8739649	1.380353	0.51170903	-0.7955401	0.33864826	1.0147467	1.1508623	0.10501803	-0.059045747
0.12126791	0.22705907	0.6226771	-0.061365023	-1.2622097	0.61680543	0.99726284	0.81117576	0.78267115	-1.4379963
0.061547227	0.31778798	0.4653627	-0.11906631	-1.0805447	0.53597754	0.790844	0.30937973	0.13034151	-2.3371782
-0.9425167	-1.2437621	-0.4845504	-0.927868	-0.8110605	-1.6758983	-2.1274674	-0.64544773	-1.2517271	-0.6621778
-0.51985466	-0.4560161	-0.28806862	-0.62334764	-1.2045894	-1.1444833	-2.134666	-0.31812721	-1.9819967	-0.7433881
0.67473876	0.41440067	1.1590977	0.44127214	-1.383346	0.45592806	0.20971256	1.9910797	0.41317758	-1.5027305
-0.2706857	-0.78674316	-0.15079024	-0.35920626	-1.5124744	-0.34059852	-0.93796957	0.26144856	-0.39104787	-1.8451748
0.21204194	0.8396143	0.8409023	-0.012918562	-1.0382267	0.1046269	1.4765712	0.43379033	-0.776145	-0.32310054
0.19379985	0.8162831	0.5255772	-0.062386006	-1.0148656	-0.6445062	1.1995951	0.44561023	-0.56061655	-1.1886327
-0.107100315	3.706755	-0.09527728	-0.47727573	1.576536	0.83502764	4.599048	-0.5278954	-0.44185504	0.81034523
0.14909112	0.3377835	0.58887076	0.07142137	-0.5252829	-0.77937573	-0.5409078	-0.4150127	-1.0206542	-0.14849319
0.62300175	0.07076773	1.0143458	0.47379744	-0.96239996	0.22406814	-0.21079597	0.35613608	0.10524162	-1.3492367
-0.40759835	-0.43626416	0.3720756	-0.5844332	-1.8978479	-0.13903995	-0.7954392	1.0200316	-0.5041068	-1.1102023
0.58076817	0.72998846	1.0405309	0.29569727	-0.7447708	-0.1424246	-0.6097557	0.6083205	-0.7775939	-1.4071776
1.0369189	1.2369335	1.1000553	0.89579964	-0.7867868	0.5136772	1.6042655	0.72391057	0.43975952	-0.728561
-1.5335983	-1.6694069	-0.9265431	-1.56845	-1.5945704	-1.9732008	-1.9387078	-1.8030168	-1.6084756	-1.4331651
-1.1588975	-0.8861985	-0.79579735	-1.2014381	-0.34935316	-1.564466	-0.07160236	-1.0521945	-0.87877125	-0.6032955
-0.46630958	-1.2895175	0.120482504	-0.565041	-2.2207785	0.61455494	-1.6059587	0.7758504	1.0547669	-1.4965922
-0.4885161	0.35376057	-0.124941826	-0.7113112	-0.9519634	1.2823979	2.9226525	1.295241	1.1897073	0.041880164
1.0931367	2.2142835	1.2786534	0.84822667	-0.7671188	1.2675526	3.5131755	1.1093252	0.49384433	1.1820993
-1.2037787	-0.6173072	-0.461363	-1.3085767	-0.58851683	-1.5670358	-1.392971	-0.97867656	-1.6515981	-0.5388386
0.54775375	-0.29224995	0.8924066	0.3508085	-1.2342873	0.9448	-0.04500582	1.6204879	0.8615341	-1.1085186
-0.67340606	-0.74416935	-0.272063	-0.81082106	-2.0813174	-0.5597382	-1.1331282	0.48039874	-0.812749	-3.021836
0.107589446	1.4343706	0.4235559	-0.23130035	-1.5943983	0.6327076	2.677024	1.132667	-0.28469598	-1.2166729
0.033496685	3.334709	0.13035023	-0.35967672	0.44996276	0.16583908	2.010109	-0.32270965	-0.32064903	-1.0677934
0.091518484	3.4255517	0.19386497	-0.29095912	0.8902565	0.20979808	0.90201795	-0.11470254	-0.8513533	-0.9475325
0.4169013	0.7082236	0.3894275	0.2860554	-0.47294283	-0.40626615	-0.6357663	-0.1747069	-0.18177882	-1.8570566
-0.0049125776	-0.28249872	0.39110768	-0.17936449	-1.4212658	1.4690368	3.139433	1.4551326	1.2377176	-0.25820896
1.8381243	2.9813383	1.9439178	1.4556594	1.1859846	1.3351548	3.4790025	1.6178112	1.6953148	0.68737906
1.6473669	2.3806484	1.8303417	1.2609495	-0.022997648	2.8341515	3.2080538	2.8619797	2.4351606	-0.6717199
0.32804736	0.21245357	0.5949551	0.07576911	-1.1993277	-0.032872457	-0.6535126	0.116046846	0.14552493	-1.3483701
1.1263189	1.4009973	1.3790197	0.80902886	-0.8850037	0.38424328	0.75277025	-0.30167064	-0.4819967	-1.1657292
-0.952025	-0.24559847	-0.58288026	-1.104367	-1.3775219	-1.2701942	-0.19817506	-0.7897904	-1.6542568	-2.0111134
0.13034162	1.5475549	0.48216164	-0.16640186	-1.0234748	-0.5783313	0.5814265	0.16633801	-0.76482636	-1.7078518
-0.30869842	0.6631043	-0.05063328	-0.55580074	-1.0219593	-1.4494635	-0.4226664	-0.26793817	-1.7591838	-2.243394
0.47670272	1.4857173	0.88065255	0.16651128	-1.2005639	0.15539935	1.5387193	0.6520197	0.040200386	-1.1372424
1.7856348	1.799864	2.1801748	1.4418324	-0.50796115	1.1654657	0.3553585	1.5452648	0.9851089	-1.8172777
0.94785744	1.7093374	1.3002616	0.598398	-1.3506498	-0.3198381	2.6045506	0.79808825	-0.3562515	0.10262031
0.3107552	0.6005428	0.81612146	0.028059795	-1.4141058	0.95880276	1.3366505	1.1874251	0.30220804	-2.1055954
0.26060465	-0.24331388	0.82405114	0.081100866	-1.2930589	0.6876537	0.026309684	1.4676459	-0.055859014	-1.0599695
-0.3954278	-0.13690999	-0.03660822	-0.5036441	-1.0728407	-0.38303158	-0.4664515	0.04346761	-0.3530978	-1.2092134
0.34979853	2.4127197	0.3850477	-0.046362728	-1.0937157	-0.04284394	4.187255	-0.21388133	-0.20692621	-1.4046292
-0.23965475	0.63865685	0.08641115	-0.44594073	-1.2692246	-0.32958353	1.125944	0.8772408	-0.4471526	-0.5337145
0.029357813	0.55955005	0.3920055	-0.17366754	-1.0002861	0.92278624	0.35838887	1.1538218	-0.02962561	-0.5456571
-0.42088675	0.21105537	-0.15565273	-0.5797758	-0.9732014	-0.9748731	0.41938376	-0.5774161	-0.9980704	-0.5823282
0.17211038	2.3728373	0.14216115	0.080723956	1.8858916	2.1841812	4.327624	2.1273408	1.9086926	2.1103776
-0.26310724	0.04759839	0.08142239	-0.38184762	-0.99928737	0.89557356	0.96551794	0.42562982	1.0749905	-1.5417998
0.054575756	0.03671664	0.6155634	-0.12591375	-1.4990362	0.42893317	-0.13939233	0.7615554	0.5192955	-1.6956325
0.65587336	1.5205498	1.0824771	0.37892687	-0.988997	-1.0838643	0.5245485	0.119539686	-1.3842317	-0.7477967
0.35108578	0.45522723	0.69832826	0.10268156	-0.8314708	0.09670503	0.44015595	0.88763666	-0.33347312	-0.50212914
-1.1255555	-1.2966152	-0.5522407	-1.121626	-1.2989435	-1.9230651	-1.838994	-0.83958757	-2.130463	-1.2292877
-0.85196763	-1.2888334	-0.41264114	-0.90914756	-1.7897507	0.12878683	-1.1664735	0.5236612	0.12119782	-1.6424173
1.6347567	3.0884182	1.5909798	1.3193797	1.5568768	3.2209697	4.794858	2.8604448	2.7350035	2.4539433
-1.4464267	-1.4166069	-0.8817166	-1.4784088	-1.1633155	-2.1887102	-1.3788122	-1.3368567	-2.6052206	-1.4258324
-1.3707844	-0.7995405	-0.98882115	-1.4364493	-1.1463163	-0.6064892	0.29837734	-0.2942092	-0.8107648	-1.3662143
-1.8591344	-1.761048	-1.2127141	-1.8676007	-1.7396051	-1.607221	-1.6798248	-1.088893	-0.9880331	-2.246543
1.8483499	0.84320056	2.0133333	1.5573974	-0.48346186	2.2687197	0.9260575	2.5050611	1.9738036	-0.66610014
0.83612573	0.6155329	1.4250695	0.5780779	-1.5520995	1.2759429	1.2011786	2.003067	1.2171129	-1.6015806
1.3051683	0.5995494	1.8083824	1.0355561	-1.4622444	1.6567228	1.1396898	2.203543	1.3279154	-2.5535645
0.78903925	1.3746024	1.1982671	0.52520776	-1.0169741	1.3700987	3.0536103	2.0270483	1.1962173	-1.2927083
0.041991033	0.048219353	0.6331841	-0.13355313	-1.3831754	-0.32280502	-0.5371261	1.045532	-0.38102183	-1.8128963
1.5891606	3.9894497	2.1469522	1.1461813	-0.1191307	0.80585027	3.9901543	1.7537266	0.42296776	0.160727
0.70496446	0.6350534	1.0187091	0.43165535	-0.848481	0.124949604	-0.6638883	0.15817825	-0.41178617	-1.4875599
-0.73818725	-1.1838921	-0.41858503	-0.80602485	-1.3098665	0.4970215	-0.29317564	0.6855284	0.7794656	-1.1358641
0.37373066	0.72839785	0.9294461	0.18655501	-1.7439687	2.9112399	1.4787836	3.1335125	2.72221	-1.8307129
-0.51717895	-0.4438843	-0.3524231	-0.57694554	0.59806156	0.074126996	-0.340088	0.15776138	-0.18841489	0.009787517
-0.2517802	1.0160944	-0.04152569	-0.47369868	-0.261891	-1.2565023	-0.70127565	-0.6696496	-1.5815907	-1.794591
-0.13617209	-0.84052	0.42176825	-0.25518522	-2.2080636	-0.0033768201	-1.1335615	0.87997305	0.33274847	-2.3275132
-1.0041001	-0.8619094	-0.5366055	-1.0660126	-0.9186224	-1.6010913	-1.3408974	-0.7899787	-1.3724197	-1.2465774
0.6028851	-0.18044177	1.3504958	0.4156502	-1.2375481	0.58015966	0.19023651	1.5389917	0.16935493	-1.1613209
0.7053997	0.6331428	1.363113	0.57051635	-0.7055519	0.8874677	0.75568163	1.6671568	1.5889077	-0.22700328
-0.1666233	-0.011181116	0.21420074	-0.34593815	-1.3528662	0.4782888	1.242761	0.7355799	-0.5205806	-1.087091
-0.68994313	0.34959808	-0.38403872	-0.8199587	0.3952541	-0.23716062	-0.035129976	-0.16850835	-0.7592806	0.4494382
0.6173373	0.44320688	1.334119	0.44608122	-0.9958539	0.89219743	0.9547944	1.8209845	1.2881676	-1.1400485
0.849201	-0.8907305	1.2659613	0.6754575	-1.8010994	1.6934867	1.0283425	1.2497919	1.6302382	-1.2861761
0.92866695	0.1652478	1.5979385	0.7437685	-1.3619021	1.5718381	0.026470125	1.8313987	1.6635921	-1.9878274
0.2853917	0.6260501	0.70184135	0.07607116	-1.0863119	-0.036835946	0.39205393	0.27488855	-0.25761575	-0.9018178
-0.63941485	-0.64641297	-0.294754	-0.7706959	-1.6700637	-0.847513	-0.66817015	-0.7685458	-0.86084795	-1.465861
0.56252676	0.26041108	1.1395688	0.38410145	-1.0418855	0.5064129	-0.03621824	1.4322003	0.47930083	-1.4852531
-0.033954896	-0.062125444	0.5419523	-0.19167234	-1.247927	-0.0016340995	0.1304634	0.6303923	-0.5840651	-2.0604432
0.2113795	0.3087664	0.8567209	0.042228967	-1.0977105	0.356541	0.36654943	0.6030094	-0.1470315	-1.4793857
-0.9911106	-0.5942216	-0.704599	-1.0080976	-0.2261562	0.11535706	-0.690707	-0.28326732	-0.5268706	-0.50651604
0.80462325	2.2760797	0.8060956	0.482912	0.58425057	0.18406315	1.4264733	0.34085876	-0.27384052	-0.7698015
1.5506805	2.5368474	1.5452528	1.296042	0.22828075	1.3240538	2.0746367	1.5629374	1.0258548	0.7801789
0.40090677	0.84678197	0.7205504	0.22392957	-0.65012	1.9133434	1.6878521	2.8739333	1.65872	-1.2406936
0.219049	1.3691281	0.3783002	-0.15501556	-1.0959741	-0.6300799	-0.23462446	-0.11417522	-1.0766095	-1.2393004
-1.0383707	-1.1787549	-0.60092974	-1.0736624	-1.398231	-1.4494414	-2.0524545	-1.1743695	-1.9026244	-1.4454113
-0.07193828	-1.0820681	0.46338093	-0.16988298	-2.687758	0.10480745	-1.3308464	0.6214584	-0.08437702	-2.5818899
1.655399	1.5688281	1.9529167	1.3338213	-0.42423898	2.0693839	1.5728611	1.2148539	1.3446785	-0.41696438
0.18649548	-0.9354515	0.47237873	0.0022215992	-1.6854473	0.45303506	-1.8547634	0.75874096	0.17748526	-1.998224
1.6430556	1.0835531	1.9558591	1.2658432	-1.5351967	1.7854774	1.7466581	2.2755945	1.6517748	-0.78491205
3.2046244	2.4526687	3.1768332	2.7489977	0.18836865	3.2915137	3.13734	3.418365	2.8240273	0.8540026
-0.5098265	-1.0620384	-0.12869212	-0.537089	-1.2699283	-0.7007666	-0.77123606	-0.3491288	0.24699743	-1.5205718
-0.28004766	-0.5432321	0.098997444	-0.38032973	-1.1831012	-0.4911929	-0.6713471	0.31963015	-1.018075	-1.4225504
-0.47459075	-1.2367643	0.2673947	-0.5434024	-1.9914662	-1.7005398	-1.299816	-0.9665741	-1.1365621	-1.8866076
2.758767	0.37357745	2.3741462	2.3195376	-0.92562926	1.1302123	0.64529145	0.3563591	1.2123599	-0.22970463
0.38584802	0.38225594	0.7497057	0.19114031	-1.1943171	0.53208184	-0.5358142	-0.054212075	1.2577176	-1.9849801
-0.095390774	-0.6647656	0.57963294	-0.24495693	-1.3608673	-0.5881272	-0.44845107	-0.0199955	-0.7461692	-1.5752143
0.8311028	0.44837883	0.90095925	0.53159964	-0.81759286	0.048771728	-0.08965009	-0.28156918	0.056707915	-0.75126976
0.9636374	1.4854249	1.359393	0.5781252	-1.2062622	-0.1269002	2.3470473	-0.80986947	-0.8131201	-0.8266424
1.352846	0.3617278	1.7100961	1.1329765	-0.98320615	0.43676028	-0.33632162	1.3613349	1.6342652	-0.36239588
1.0344763	1.1993828	1.4087154	0.73896766	-0.89339435	1.1681879	1.3174151	1.2009826	0.20552304	-0.821604
-0.56152415	-0.6514864	-0.10090673	-0.68290883	-1.4336183	-0.75127983	-0.94904613	-0.64733446	-1.1743685	-0.9701047
0.93254274	-0.25918317	1.8947179	0.7633138	-1.03046	-0.21628807	-0.90053076	0.34648648	0.15332219	-1.1672542
1.0845284	2.3186834	1.2440219	0.7543837	0.03182161	-0.3312062	-0.1525883	-0.14029297	-0.89878166	-0.940088
-0.82218665	-1.2274216	-0.38308665	-0.8888425	-1.2543246	0.33637512	-0.5436575	1.622606	0.9589196	-1.0787834
-0.01733426	-0.98187137	0.41353068	-0.18038423	-1.5803019	-0.65201104	-1.4574534	-1.1306671	-1.4268557	-1.8478434
1.9299221	1.0587074	2.25526	1.537104	-1.057893	2.5885909	1.9024065	2.3154678	1.6805185	-1.4524415
-0.12368361	-0.32255477	0.40636784	-0.28290677	-1.3465393	-0.42266366	-0.6632387	0.16265841	-0.40055475	-1.5935328
-0.5865077	-0.5802089	-0.11357048	-0.64507896	-1.0591425	-0.8829182	-0.63827926	-0.25717375	-2.1865377	-1.6019497
-1.642882	-1.2590218	-0.95255494	-1.7066383	-0.8549682	-1.8010371	-1.9744811	-1.2471704	-1.7545387	-1.2341121
0.5301829	0.36052844	0.98207307	0.24706535	-1.8994519	1.926456	0.47993526	1.8139058	1.810387	-2.0605054
-0.94948304	-1.2847022	-0.6696826	-0.95667875	-1.0554726	-1.0368761	-1.1045703	-0.54703003	-1.5901994	-0.903447
-2.2039597	-2.0976257	-1.4215117	-2.1447954	-1.4304255	-2.100671	-1.6349783	-1.3663144	-2.7163725	-1.2993749
0.3436359	0.7349453	0.5415257	0.09596829	-0.9520086	-0.7096032	0.13157527	-0.82402885	-0.71397024	-0.32340008
0.36910993	0.82383895	0.82196414	0.07693206	-1.2879827	0.44002172	0.79051614	0.73804104	0.7921694	-2.133229
1.0835646	0.8364855	1.342127	0.79918075	-0.39797568	1.3271506	1.5646119	0.879098	0.74247295	-0.96827865
-0.017448239	-1.0232501	0.5369514	-0.15233994	-2.4549632	0.08103098	-0.26711938	0.578094	-0.2937379	-2.1532707
1.1859151	2.3814733	1.7105999	0.8076054	-0.1375397	0.60042316	1.9454865	1.1581513	0.7235959	-1.0397695
0.42831144	1.0271986	0.5517154	0.25290442	-0.7078594	-0.34981245	-0.21105991	-0.10322037	-0.029945286	-1.0380869
0.051763505	-0.7575849	0.56550384	-0.007909954	-2.1907892	1.6072872	-0.60332096	1.4290149	1.857016	-2.4540825
2.376295	3.4725554	2.1775038	1.9805279	-0.34979275	1.691381	4.005138	1.6388226	0.94778997	-1.4723554
0.7016786	2.7511928	0.94268763	0.2034413	-0.65561914	1.4244143	4.52189	1.187497	0.22759323	0.4367466
-0.6570278	0.30405965	-0.040968418	-0.84937954	-0.8621646	-0.4363189	1.1588037	0.45944172	0.13721354	-0.2527636
-0.43590775	-0.705809	0.08265832	-0.51118875	-2.0203223	-1.0267308	-1.5924447	-0.16017568	-0.90591925	-1.7629075
-0.62143254	-1.4304216	-0.34490845	-0.66490495	-2.0645344	-0.08464262	0.10594228	0.1807228	-0.25167358	-1.1769431
0.8144893	0.68927026	0.9623922	0.6761988	0.14938387	0.07839978	0.8643249	0.4583409	0.5622776	-0.26809514
-0.032371394	0.4060426	0.38334173	-0.25081465	-1.223735	0.7378296	-0.28842896	0.08045382	1.0724705	-2.5821881
-0.13604018	-0.0578717	0.042170078	-0.36192685	-0.57385015	0.45896834	1.9533504	0.36567545	-0.24960493	0.46207958
-0.06867004	-0.40347734	0.26779324	-0.20870426	-1.2988352	-0.15954751	0.18785737	-0.10371984	-0.16431582	-1.3244141
1.1204804	-1.6941931	1.3836739	1.0085812	-1.1027995	2.431198	-1.2879827	1.9607762	1.816318	-1.279387
0.49149147	2.6331532	0.49985448	0.122146055	-0.41861063	-0.8162153	1.369433	-0.256224	-0.87947893	-1.2614
0.035163186	-1.0011429	0.73564917	-0.029981688	-0.912061	-0.21252699	-0.6978274	0.1087945	0.07137601	-0.34359273
-0.20454189	-0.28009805	-0.13323736	-0.2701193	-1.512529	-0.63275063	-1.122508	0.053550683	0.28025356	-1.8661367
-1.7507905	-1.0900283	-0.81847286	-1.7819297	-0.5063573	-2.5646536	-1.2956924	-0.9953956	-2.6066241	0.85053647
-0.49595895	-0.34425053	-0.034463793	-0.6329551	-1.3855954	-0.017234156	-0.3997788	0.05478756	-0.22782606	-0.8427634
0.2772902	0.4776446	0.8492576	0.06572424	-1.2830589	-0.14338577	0.96519846	1.6228263	0.36854583	-1.0028913
-0.7457716	0.11474079	-0.39136615	-0.8962195	-1.0837393	-1.6611942	-1.7175674	-0.7990018	-1.7318679	-0.09547443
1.5933923	2.760699	1.5171294	1.1776925	-0.61782944	-0.115345694	1.3521335	0.2837394	-0.60761386	-1.1161722
-0.4012118	-0.24602753	-0.1595509	-0.52514684	0.06383088	-0.8860871	-0.646619	-0.65499264	-1.0047424	-0.31549385
0.48396668	0.03772083	0.85456455	0.30468243	-0.6175233	-0.52740103	-0.2824991	0.66869617	-0.6762793	-0.7652344
0.05619178	1.4046652	0.14210662	-0.20273888	-0.65003777	-1.3527777	0.58614856	0.31096336	0.20648806	-0.23553635
-1.271026	-1.48397	-0.73755157	-1.2973212	-1.5861834	0.02210341	1.3348347	0.71501803	-0.4126756	-2.207073
2.4446843	4.236387	2.3208983	2.068327	1.3426235	1.9688222	3.561582	1.4900006	1.455859	0.3948077
-1.7702599	-1.6365608	-1.2696006	-1.6749463	-0.9785267	-1.5422502	-0.9803393	-0.87478334	-1.7907825	-1.2421154
0.8726747	1.6368319	0.9659047	0.52957076	-0.05724588	-0.12413745	0.27799255	-0.4250934	-0.84491736	-1.9572157
1.1812309	1.16584	1.4054874	1.0023242	-0.40777898	-0.18185243	0.46123475	0.559806	-0.44568968	-0.2616873
-0.4170919	0.003883332	-0.05814618	-0.6313647	-1.5772488	-0.47578365	-0.7268227	-0.22371815	-0.49666536	-1.9172438
-0.39666075	-0.17279729	0.05413136	-0.5077808	-1.062103	-0.42549095	-0.31349167	-0.6427676	-1.1441298	-2.2361872
-0.72027975	-1.0569838	-0.2689323	-0.76892674	-1.2183036	0.24628395	0.048297524	0.69959843	-0.15541416	-0.95358783
0.5828291	0.095516294	1.4146575	0.42429483	-1.0581844	0.7937998	0.2027731	1.5538483	0.74018145	-0.67600346
-0.23855811	0.21686965	0.10032132	-0.40804464	-1.321806	-0.11202825	1.2777765	0.48958382	-0.04950424	-1.5854714
-0.54567915	-0.28696513	-0.40064195	-0.620082	-1.1805195	-1.5154446	-1.4420944	-0.948771	-1.3218129	-1.929255
1.2332612	0.29496673	1.3934821	0.8924625	-1.2911302	0.758395	1.3054295	1.1470296	0.37846774	-1.2159956
0.5492062	0.9796294	0.9218054	0.37785876	-0.88017106	0.14652677	0.6915969	1.464002	0.042294282	-1.5892985
0.39242586	0.57691205	0.80321836	0.1109433	-1.3103856	0.4099366	0.4813891	1.0196073	0.21555534	-1.4123954
0.17504603	0.542441	0.8912302	-0.12441005	-0.6524538	0.9400562	0.94327134	1.6691191	0.83732057	-0.7277429
0.21375671	0.12654886	0.6072005	0.015372738	-1.4864477	0.11677386	0.17385446	0.6116611	-0.30232823	-1.3097655
1.6975081	0.82356274	1.612094	1.3955994	-0.66770124	1.6882513	0.7071259	1.3603916	0.9638952	-0.70494455
-1.2596778	-1.2407049	-0.8043946	-1.230674	-1.3438256	-2.1247246	-1.7799191	-1.5955311	-1.3330126	-1.9855084
0.25294968	0.49628934	0.65042186	0.02177468	-1.2721612	0.544925	1.0932263	0.13927935	0.5327522	-1.1209822
0.6167382	0.08823958	0.8424102	0.39940035	-1.2111756	0.12147322	-0.27403325	0.6737595	-0.69418436	-1.4321872
0.9578803	2.887247	1.4641029	0.6266862	-0.45744845	0.8564816	3.6377923	1.3484954	0.6221946	0.415961
1.742479	2.611743	2.2820385	1.3253921	-0.78243816	1.2091407	2.0767303	1.7068582	0.05448496	-0.47092953
-0.5949109	-0.6703445	-0.10776842	-0.65110713	-1.1577829	-1.1425831	-0.63150454	-0.013244136	-0.76482636	-1.1988775
1.8773669	2.8020241	2.15227	1.5176668	0.66395426	1.8760978	2.4521432	2.000231	1.1235471	-1.1218262
-0.86148864	-0.12579241	-0.36257848	-0.9692709	-1.1614248	0.6486389	0.90901995	0.9425351	0.38958472	-0.10724976
0.101221584	0.35380384	0.49605784	-0.12965778	-1.266976	-0.41904348	-1.2538116	-0.22119558	-0.37190938	-0.6911171
0.16272083	-0.0038253963	0.4071276	-0.03730358	-1.3255587	-0.036127716	-0.2965361	0.25991556	-0.5693622	-1.2989123
-0.7353357	-0.76559484	-0.34386435	-0.85713583	-2.0301142	-1.2429333	-1.287995	-0.6324689	-1.2015817	-2.2046204
1.8493949	2.726014	2.0591888	1.5226939	0.006713927	1.328055	1.6140256	2.713246	0.5066433	-0.6001592
0.6099211	0.733773	1.0028673	0.32087463	-1.2354915	0.93231064	2.5317812	1.4640851	0.66610277	-1.4713428
0.06271932	0.3962159	0.3463106	-0.11393376	-1.0723714	0.22764839	0.6238123	0.7359491	-0.6757225	-1.2045254
0.580673	0.8979548	0.9954684	0.36374158	-0.84615993	0.9354099	1.3438097	1.5111741	1.1648118	-0.8789808
0.97135705	0.93730354	1.2872198	0.8556695	0.34193322	0.07630623	-0.3748179	0.17649424	-0.16509542	-0.6691803
-0.49083623	-0.8054366	-0.09082389	-0.6023567	-1.3249727	-0.2832024	-0.114128545	0.116876714	0.103452645	-1.3707969
0.25782552	0.088608414	0.65805185	0.11697002	-1.2338165	0.38911426	0.7709902	-0.042445417	-0.36882517	-1.0301393
0.81478614	-0.35678774	0.97327363	0.71992457	-1.3522221	0.6373097	-0.05852374	0.6767218	0.447864	-1.2948189
-0.49021986	-0.46456817	-0.25609666	-0.5365371	-0.7856194	-0.28367344	-0.17788123	-0.054454003	-0.615168	-1.1925448
1.1176677	2.3711925	1.6570603	0.8599111	0.47683623	0.7756392	1.0665436	1.2458817	0.48294798	-1.7174793
0.1850352	0.26917282	0.68888557	-0.069927275	-1.246255	0.3741892	1.22378	0.8566817	0.25122252	-0.91479814
-0.48589548	2.231485	-0.43609485	-0.9225216	-0.99470294	-1.5312874	0.8926779	-1.3637046	-2.7641861	-1.9140533
-0.08960066	0.55120933	0.25557664	-0.3018467	-0.89185035	1.0214907	1.1891129	0.6431773	0.49061683	-1.0821601
0.22023466	2.452703	0.51407814	-0.10892801	-0.5741838	0.22721304	2.9285257	0.0951015	-0.43603542	-0.93057007
-1.4766974	-2.2695727	-0.99261284	-1.4125472	-2.4310343	-1.5076011	-3.0331645	-0.2640563	-1.0699433	-1.8520169
0.110236846	0.5540409	0.812866	-0.0640042	-1.2128317	-0.12670295	0.6184827	1.2059357	-0.26996586	-1.7256104
-1.222144	-0.07238945	-0.8546318	-1.4001896	-0.88615644	-0.9021076	0.9160403	-0.4137255	-1.3306646	0.33748928
4.1889205	4.6713037	4.1055627	3.5405636	1.0555699	3.6917312	4.978407	3.0484655	2.622655	2.243452
-1.4397904	-1.5464411	-0.94990623	-1.3907241	-1.5317968	-1.1677392	-0.7180047	-0.6657025	-1.1601522	-1.1925944
0.83036464	-0.016248047	1.3303742	0.6154722	-2.0645251	0.013083247	-0.60072577	0.680321	0.215449	-1.8008375
0.91340804	1.0157433	1.3181767	0.5878169	-1.1130238	1.0112556	0.45770139	1.7490399	0.5603977	-1.8360195
1.4908285	2.3205438	1.5333043	1.292178	1.0707141	-0.41626057	0.9233001	0.24252687	-0.3038276	-0.10271616
0.19524989	-1.078203	0.62756586	0.03702198	-1.3134931	0.687764	1.2654829	1.0019144	0.605018	-1.3499831
1.5151608	0.48578295	1.9353402	1.3459159	-0.95861363	1.4028927	0.8702275	2.01014	1.5826149	-0.91334385
1.6040195	0.93585145	1.5462831	1.5055109	-0.2805242	1.4257579	0.9514946	1.5265291	1.4702532	-0.69619584
1.2412659	1.3863341	1.5657161	0.97261083	-0.39978582	0.15889028	0.58164805	1.1116453	-0.7744779	0.32367072
-1.6664414	-1.7407767	-1.1092976	-1.6010729	-1.1437027	-2.266372	-2.0282607	-3.7201574	-3.0974545	-2.6117196
0.93881243	-0.5626178	1.4680034	0.8463516	-2.1252658	0.59870327	-0.19272485	1.4424436	0.6225753	-3.340487
0.5684373	0.72623396	1.1569042	0.35808814	-1.0711643	0.9437466	0.960195	1.6347657	0.9155464	-1.9750841
0.5710161	0.73988116	0.8899498	0.35514522	-0.72527444	-0.6332949	-0.17882995	0.13404985	-1.0423775	-0.6491877
0.003264986	-0.9348216	0.5679147	-0.1568772	-1.9198638	-1.1062307	-1.5817583	-0.16165489	-1.3879335	-2.64978
-0.16337755	0.37678215	-0.21651497	-0.38480008	-0.7701256	0.92792416	2.4772234	0.6159901	0.39337593	1.3717731
0.7110767	1.3591412	1.106396	0.38644183	-0.84988725	-0.16830695	1.236643	0.42871523	0.10199736	-0.6018713
-0.15448973	-0.46376348	0.4778892	-0.31903875	-1.5945437	-0.18471242	0.52867603	0.17807221	-0.17691015	-1.5112728
0.8164464	1.9773581	0.99687386	0.48390627	-1.0306244	1.9173152	3.4968948	2.4046152	1.3158745	-0.6858986
-0.16817081	1.0522487	0.017862707	-0.519101	-0.8368275	-0.6063034	2.52912	0.3292097	-0.93976176	-0.19847494
0.05383087	2.5003223	0.34522074	-0.26436073	-0.39469922	-0.3714368	1.4304531	0.2499954	-0.84235775	-0.8591041
0.44756708	0.53871286	1.2050487	0.29112655	-1.0754333	0.5570323	0.62006193	1.1845628	0.55507404	-0.07256114
0.67193836	2.571679	0.8592733	0.31472367	-0.6374153	0.4866855	1.7943714	0.37977913	0.20871788	-0.6779156
-0.593749	-0.44192028	-0.3115537	-0.69935834	-1.394138	-0.9629949	-0.72458965	-0.42517522	-0.8469915	-2.3577583
0.89783573	0.6266731	1.3284447	0.52062964	-0.95908785	0.19137184	0.32510415	0.60513365	-0.39177686	0.049574133
-0.078070484	-0.7002926	0.37618047	-0.22420494	-1.776761	-0.1922554	-0.9706038	-0.07639434	-0.46299207	-2.4091206
0.7068071	1.0972056	0.8097758	0.47586596	-1.1205757	0.7237008	1.0904303	0.48515543	-0.12694013	-0.95744497
-1.7825805	-1.7434769	-1.0929939	-1.7808753	-1.5641297	-1.5740428	-1.7909071	-1.5135458	-1.6382289	-1.5352696
0.25980517	0.20817557	0.6769111	0.08747403	-1.1083843	0.60835344	0.7729583	0.52772325	0.5707823	-0.5676185
-1.2455297	-1.2358146	-0.8141577	-1.3064373	-1.2105047	-2.2770917	-3.0855877	-1.7104934	-2.9042149	-1.2197907
2.0768173	3.838422	1.8072428	1.737129	0.6904799	2.307906	4.670226	2.4598763	2.573285	0.6739598
-0.9927289	-1.0051277	-0.6309781	-1.0720079	-0.5810564	-0.265131	-0.8227652	-0.7804114	-0.92265683	-0.94447994
1.446318	1.346476	1.791681	1.3352239	-0.4278965	1.6988157	0.876053	2.220719	1.1023064	-0.7017551
-0.0805635	0.6625482	1.328949	-0.23673531	0.19964275	-1.8542135	0.8320751	-0.4393863	-1.772045	1.1892891
4.6612496	3.598159	4.3727136	4.211693	1.4485809	4.3697147	3.5112555	4.3471947	4.0764127	-0.07910212
0.36027685	0.88194156	0.6438776	0.091376886	-0.9072434	0.74033904	2.4221308	0.21448845	-0.16731836	-0.81763554
1.4541922	3.5102572	1.6061069	1.1410956	1.675579	1.5847952	2.5028722	1.4591851	1.309367	0.2301819
1.2872906	0.08717573	1.2602417	1.1095465	-0.50096756	1.7572069	-0.4490461	0.46503067	1.4490321	-0.7394988
1.766112	0.23026586	1.8283411	1.443047	-0.8486438	1.976899	0.44151625	2.1961346	1.9551926	-0.79709136
1.5309571	0.070405185	1.8241459	1.2091699	-1.1974342	1.0225903	-0.0076063	0.9152374	0.5426661	-1.1332983
0.075714536	-0.12844121	0.7299944	-0.10965943	-1.4317626	-0.4898192	-0.6293548	0.6683873	-0.48924646	-1.3128048
1.8410054	1.6782966	1.9811925	1.6387894	0.09714958	1.2697392	2.0521393	1.0723586	0.5867551	-0.18150355
-0.04787626	0.3757471	0.54958653	-0.28077185	-1.1813271	-0.039853353	1.3752552	0.7039773	-0.085330494	-1.0431092
1.3421692	0.09097335	1.706064	1.1817778	-0.93614864	1.2335916	-0.44625348	1.1680473	0.82064456	-2.2603467
1.0015539	1.9122615	1.3772508	0.7486311	0.9794098	0.35772786	0.78162956	0.8048437	0.15194078	0.24733499
-1.280612	-1.2815882	-0.833315	-1.2506418	-1.122551	-0.10032214	-0.6013201	-0.054176793	-0.93403447	-0.98740315
1.6301177	2.45762	1.8505514	1.239445	0.15034291	1.9829012	4.844886	1.7013531	1.0402004	3.1893036
0.12611282	0.7567135	0.5968243	-0.12139259	-1.0751638	-1.0304059	-0.16608773	0.08884062	-0.894982	-0.63232183
2.857264	4.485236	2.7258565	2.3600955	1.6315023	1.750172	2.2858586	1.7041074	0.8517539	-0.008268782
-1.9000088	-1.8554598	-1.184269	-1.8666455	-1.1988964	-1.7005913	-1.1558524	-0.6866644	-1.7166352	-1.1991447
-1.4195844	-1.1188403	-0.9664376	-1.4491727	-1.1354641	-1.3000073	-1.0586047	-0.8853391	-0.28747553	-1.473306
-1.0884192	-1.1356068	-0.61644316	-1.1369693	-1.3669908	-1.6709659	-1.6734662	-1.2807094	-1.206794	-1.1318291
-0.065309085	1.1535188	0.49542004	-0.31588724	-1.1104355	0.4552805	1.5351064	1.0054951	0.4211739	-0.6982191
0.17736134	1.0007317	0.6570904	-0.05199112	-1.1840792	0.96827924	1.8264192	1.1680398	1.0227062	-0.8254203
-0.4341837	-0.3265565	-0.09062743	-0.40195382	0.51004004	-0.105171114	-0.16948849	0.8066581	-0.08256752	-0.2538987
-0.6682027	-0.58732367	-0.3982437	-0.7550907	-0.49176207	-2.224183	-1.2758789	-0.34671736	-2.2072275	-0.25008425
1.2143264	1.437209	1.4414849	1.0001854	-0.55461586	-0.06668937	0.25389495	0.21591957	-0.12350635	-1.0011419
-1.8503323	-1.0843467	-1.2372906	-1.9383521	-2.2153108	-2.3907812	-1.1040916	-0.34580544	-1.4586716	-2.2412863
1.2450225	2.3396504	1.3792709	0.8850199	0.2031227	1.5036012	1.6737982	1.8935022	1.1227336	-0.9054848
-0.25339508	-0.46288309	0.20694578	-0.4530455	-1.3937238	-0.8958773	-0.5643335	-0.12069702	-1.1884258	-1.6609994
0.9838069	1.3128232	1.5147007	0.7599464	-0.74383277	1.8718812	1.6391048	2.1777847	1.327626	-0.8807598
1.0461563	1.5865449	1.5395855	0.7996083	-0.36519462	2.245983	2.007778	2.3300216	1.5091984	-0.28447717
0.15421683	-0.01693891	0.5744269	-0.024244428	-1.2670797	-0.019417202	0.15488246	0.9779271	0.14379852	-0.44466284
-0.9106047	-0.29669324	-0.3988665	-0.9298136	-0.43223134	-0.21820384	-0.41940945	-0.040974747	-0.22427262	-1.9282175
-0.09953184	-0.30168816	0.36270618	-0.2695521	-0.18562435	-0.6357838	-0.7387404	-0.29517394	-0.76266015	-0.8198105
1.5668675	0.92679	2.1183524	1.3363127	-0.8228406	2.0727088	0.3477395	2.1917253	1.2709708	-1.3936473
2.1244717	1.6381943	2.1353729	1.704916	-1.1043428	1.2154399	0.9015014	0.61422205	0.63652295	-0.5274562
0.030831747	-0.76633275	0.46006462	-0.03348802	-0.4586646	-0.0444154	-1.0137863	0.25303188	-0.14418955	-1.4477037
1.8384199	1.7581282	2.1864858	1.569638	0.14804003	0.26544446	1.9482533	0.93792635	0.1320222	-0.010092733
0.19734141	0.18168047	0.8430902	0.056285188	-1.0436628	-0.93032956	0.37295583	-0.53916734	-1.3004321	-1.7985244
1.1762004	1.4520403	1.6040119	0.97954214	-0.9610318	0.84877497	0.91641736	1.5347931	0.49387884	-0.6727006
-0.6485012	-0.5730906	0.19741234	-0.7601471	-1.5609024	-0.33984125	-0.66778356	0.56232303	-0.087206565	-1.1005061
0.8130941	0.18317148	1.6312356	0.6609355	-1.2164646	1.140824	1.4716913	1.7737744	1.2748989	-0.8117781
0.07411771	-0.58708644	0.45373574	-0.049543187	-1.584835	-0.13601942	-0.79846054	0.11289749	0.0074385987	-1.6395233
0.7484001	0.9110069	1.3815147	0.5064967	-1.085172	3.2266214	2.774912	3.8196938	3.112012	-0.8244871
1.3014503	0.6534636	1.6505375	1.0181924	-0.19629306	1.147664	1.1206332	1.3209838	0.7539237	-1.1579332
-0.69396037	-0.38768098	-0.4274561	-0.8006823	-1.0214607	-1.069669	0.20443276	0.25205463	-0.8900981	-0.07972424
0.16385329	1.4114053	0.5289618	-0.099282935	-0.77903855	0.20918986	0.4752925	0.88183284	-0.21695304	-0.44221896
-0.41131678	1.1703422	-0.058884352	-0.812938	-1.4506782	0.08213459	0.08845969	0.6532254	-0.4995306	-1.4408329
0.45244876	1.0300766	1.1256292	0.23292126	-1.261008	1.0737345	1.554599	1.7051181	1.0851845	-0.9101936
-0.123289295	-0.30524877	0.32910308	-0.23181476	-1.2717568	-0.55393714	-0.7110549	-0.061159935	-0.738224	-1.3143705
-1.1984607	-1.3228546	-0.7314856	-1.1784325	-1.5178636	-1.7243704	-1.3308688	-1.0660138	-1.5452664	-2.0197914
0.7335196	1.17205	1.280089	0.38160974	-1.5708905	0.82019305	-0.36138207	1.3202683	0.25654307	-1.7643386
-0.23201403	0.4306585	0.3719156	-0.5555452	-1.3979863	-0.85397226	0.5657466	-0.22639352	-0.6346612	-1.6323377
2.347932	1.8638616	2.4837253	1.9030578	-1.3571566	2.5209963	1.8762764	2.5847878	1.9068487	-2.053373
0.5603084	1.0220375	0.97369945	0.4315263	-0.7413393	0.3671535	1.3524536	0.66854936	-0.94980115	-1.3047246
0.84973115	1.4796576	1.5184289	0.57854813	-0.7044368	-0.24450576	1.0297958	1.104618	0.29241168	-0.95049596
0.5349394	-0.695845	1.0792215	0.3228792	-2.1722944	1.5798265	0.90124184	1.7657826	1.0531075	-2.0925674
-0.42533663	0.13835552	0.008317456	-0.6286977	-1.0716349	-1.1386375	-0.8913005	-0.17857671	-2.1998134	-0.513998
1.1586819	1.8685825	1.6632516	0.77297276	-1.2310064	1.0224553	1.7037568	2.152474	2.0737574	-1.8724762
-1.0739708	-1.4832532	-0.48411736	-1.1034755	-1.2395121	-2.5116777	-1.6342622	-1.5835426	-2.844443	-1.8876554
-0.3504188	-0.11133331	0.6938249	-0.62692326	-1.8603877	-0.23280583	0.20916653	1.0030426	-0.6022061	-0.918224
-0.49839434	-0.14083746	-0.1898166	-0.67036444	-1.0087501	1.6377816	3.1798136	1.9247384	1.2893858	-0.9190945
-0.70129114	-0.71613944	0.18361972	-0.8188139	-1.2347151	-0.5880731	-0.12992588	0.15552713	-1.3152848	-1.466871
0.9793394	2.177873	1.6533953	0.6957307	0.19652376	0.2519157	1.3140113	0.8303257	-0.3070345	-0.2984481
-0.99700266	-0.7303046	-0.5953189	-1.1131679	-1.2459996	0.35740033	-0.054098256	0.09389864	-0.37805024	-0.8376642
-0.30938536	-0.65163094	0.32401088	-0.36143064	-0.790716	0.29994634	-0.3002478	0.9518068	0.15889615	-1.364307
-0.8241236	-0.56806964	-0.29411855	-0.9238504	-0.4608037	-0.5395153	0.0011860521	0.47618896	0.40868318	-0.7097712
0.19384786	0.62337446	0.55350626	-0.05580893	-1.2584168	-0.13404329	-0.07708196	0.66630125	0.39946774	-1.3875871
0.43466792	-0.2036283	0.66300726	0.19328709	-1.0271875	-0.66780955	-1.4532356	-0.44722414	-1.037582	-1.9593422
0.16271496	0.12337926	0.7649158	-0.03137009	-1.0026524	0.57989556	0.23728333	0.5266259	-0.18294656	0.07417143
0.49659595	0.3237268	1.0744851	0.31934863	-0.99410117	2.0594983	1.6303687	2.4266415	1.9834421	-1.4017656
2.6014376	3.1329706	2.734344	2.1531024	-0.44694817	1.6888881	3.330092	1.8995339	1.9322367	-0.39810544
-0.19233525	0.07816756	0.506183	-0.38538808	-1.2887267	1.4715246	0.7992218	2.016748	1.3836988	-1.2157784
-0.39731392	-0.72549665	0.16513255	-0.4961149	-1.2640778	-0.9493187	-0.92423075	-0.33634466	-0.9904378	-1.1497798
-0.38254824	0.95362747	-0.29044917	-0.57640487	0.5897163	-1.2320824	-1.8712932	-1.1488041	-0.9159948	0.5583312
0.30055538	-0.19399324	0.89694595	0.10983507	-1.394195	0.29052982	0.0043991865	0.09833295	-0.6410847	-1.8454021
-1.5040382	-1.5898751	-0.9814514	-1.4958702	-1.596739	-2.353115	-2.0820792	-1.3955942	-1.0499407	-2.133242
-0.1098556	0.09575036	0.244665	-0.3253122	-1.2618136	-0.38942996	1.0688704	-0.40590978	-0.20081028	-1.2158872
-0.477157	-0.42772472	0.08141282	-0.5976618	-1.3210279	-0.6322459	-0.80131817	0.5065376	-0.48924646	-1.604811
0.38361567	1.4214833	0.9021137	0.16813715	-0.31725195	0.22766642	1.5635237	1.5541911	-0.04183647	-0.112737864
2.0193324	1.7699261	2.2402759	1.681536	0.094308555	0.828731	1.5986955	1.3725114	0.69018996	0.1505721
0.14255705	0.6945629	0.6269647	-0.08643314	-1.0710647	-0.31582856	1.2267038	0.01506717	-0.21923627	-1.6834422
-1.7506495	-1.5061737	-1.0853181	-1.738401	-1.0593666	-1.3086138	-0.6455827	-1.029351	-1.6246315	-1.8606563
-1.4886243	-1.6556003	-0.9794091	-1.4376202	-1.682216	-1.6770021	-1.9665554	-0.44541752	-0.8923348	-2.7923586
1.2189829	1.274966	1.523621	1.0352504	-0.47927096	1.9425044	2.0788708	1.3859599	1.794823	-0.5866145
-1.6495978	-1.7730505	-1.1104597	-1.5895878	-1.5560809	-2.274925	-1.9919713	-2.4036446	-2.129045	-1.7474413
0.3064789	1.2535101	0.5774157	-0.035684332	-1.4811757	0.32615364	3.121035	0.30085954	-0.04076572	-1.1939404
0.16676116	-0.088157564	0.50189424	-0.037235305	-1.4126897	-0.030880991	-0.10063188	0.31757498	0.092842445	-2.0739589
0.02875375	-0.75260746	0.4322991	-0.16048545	-1.623146	-0.303804	-0.6964724	0.3523698	-0.2817277	-1.4701958
-0.87278956	-0.4037951	-0.39659974	-0.8283436	-0.4436839	-0.36298835	-0.79212993	-0.1946712	-0.8444431	-0.8910978
0.64117604	0.43434647	0.7779536	0.47532237	-0.44031763	0.26749	0.47222728	0.3303137	0.41841763	-1.9794902
-0.13126549	-1.0997477	0.48980883	-0.26537952	-2.4444423	-0.04972028	-0.8259857	0.032545697	-0.47734106	-2.9221406
-0.63000154	-0.60098064	-0.21955904	-0.7349322	-1.4972657	-0.5234607	-0.50665474	-0.328053	-1.0097988	-1.608839
0.30678946	-0.5160154	0.87610066	0.14654593	-1.75393	0.14009619	0.03730645	0.006694806	0.1626955	-2.9541352
0.019334905	-0.38680604	0.45214534	-0.088040456	-1.3040011	-0.66394293	-0.87599736	0.47948322	-0.9629291	-1.52931
0.029090859	1.6033857	0.3593921	-0.18152884	0.76397216	1.7018232	1.4511869	2.063417	1.3808908	-0.4061683
0.36595476	0.86252487	0.9515407	0.19753246	-0.4357661	0.36602777	0.07299412	0.83690923	0.12904775	-0.5379732
0.38119152	1.544338	0.61234194	0.059234023	-0.8379936	0.6602933	1.8487124	0.66846687	0.4672541	-1.367473
0.33917907	0.1609787	0.41084474	0.1183988	-1.3475975	0.49555227	0.39625284	0.5377357	0.3653451	-1.2252463
0.03548447	-0.003473103	0.6351869	-0.19114944	-1.9176829	1.0221215	-0.36201972	1.7119828	1.0585077	-2.0824065
-0.25307837	1.0204713	-0.28124192	-0.4913299	-0.83501065	3.1297693	2.4169407	2.1618073	2.5830035	-0.012804751
0.6630067	-0.12245562	1.2071278	0.4862439	-1.4006692	3.0053144	1.2641397	3.0597522	2.6861823	-0.89443725
-0.6625711	0.13088322	-0.5219815	-0.66874856	2.1328166	-0.5551184	-0.20728749	-0.5927747	-0.58824444	0.79502046
1.1977156	2.8726408	1.2449322	0.71506065	-0.85071766	-0.16711184	2.315024	0.2650681	0.42676488	-1.7942966
-0.03063456	-0.17345306	0.52584743	-0.16916077	-1.2842371	0.55082643	-0.04594366	0.9875425	-0.13889544	-0.86389333
-0.5486528	-0.33739302	-0.12765136	-0.6970013	-1.2538407	-0.71040714	-0.7486565	-0.58536696	-1.7205232	-1.114966
0.22880751	-0.10340603	0.9283707	0.002695471	-1.4023753	-0.2569405	-0.7728775	0.8345323	-0.68168753	-2.1096668
-1.4637086	-0.5987679	-1.0319915	-1.5804602	-1.1170393	-1.4815356	-0.915948	0.037940443	-0.09205091	-1.8567641
-1.2385048	-1.2191548	-0.6911495	-1.2092154	-0.921697	-1.0428543	-0.37425128	-0.36427155	-0.02166158	-0.8063385
-0.45337006	-0.080076724	-0.06480259	-0.5734365	-0.0051139295	0.5002425	0.76586914	0.32062742	0.11897102	-0.4231915
0.4949712	0.45724759	0.90289533	0.24162497	-1.6854907	0.32921064	0.42985052	1.2298316	1.0322297	-2.2025213
0.07520082	0.15404335	0.6998693	-0.06473343	-1.1573781	0.49986807	0.9954123	0.8553715	0.06046429	-1.1206026
-0.8711198	-1.1697212	-0.5309495	-0.9833474	-1.4294447	-1.7266873	-2.1848657	-1.7786767	-1.8224914	-1.7734448
0.59852123	5.555635	0.7588967	0.28342152	2.4150825	0.7476462	5.548112	0.37938434	0.32801935	3.5045319
0.28788108	0.45851234	0.6012243	0.022830978	-1.0599091	3.2724333	-0.14799769	3.5230885	1.4124025	-1.9627826
0.43754372	0.22661766	0.9186151	0.26756638	0.015744925	0.017670572	-0.64438903	1.3505753	-0.3548239	-0.9697528
-1.034798	-1.1493222	-0.53481317	-1.086539	-0.8354658	-1.1691222	-1.2469171	-1.0123754	-1.6267864	-1.18187
-0.049915887	1.1588283	0.136503	-0.39548826	-0.93582463	-1.4844195	-0.40206695	-1.4932029	-2.2106955	-1.5492537
-0.71315855	-0.15298572	-0.38087592	-0.8366135	-0.9516921	-0.17867213	0.831467	0.3579399	-1.4445372	-0.98305637
2.2382653	3.9469993	2.100672	1.7694573	-0.10714993	1.1283545	2.6020508	1.8344252	0.87247896	-1.1809382
0.24497843	0.25591758	0.6459334	0.08069931	-1.0287576	0.2990559	0.063583866	1.2350049	-0.13305648	-0.9844142
-0.95334184	-1.7898169	-0.6252073	-0.92484754	-2.1455197	-1.2112062	-1.2225007	-0.3302232	-1.7468469	-2.2961287
-0.4425128	1.7958219	-0.4219325	-0.7611613	0.07484591	0.789611	2.7533505	0.53469634	0.7626219	0.3081296
-0.46753275	-0.58261955	-0.017816216	-0.61196625	-1.5033172	-0.21828471	-0.01099071	0.3975337	-0.09415329	-1.9625432
0.14944473	0.5932512	0.48689547	-0.03636758	-0.6434177	0.09842875	-0.026028415	1.2112942	-0.3612275	-0.91327953
-0.258954	-0.2883671	0.26949662	-0.4493482	-1.4898417	-0.25850934	0.19632757	-0.043316096	-0.12892637	-1.205789
1.4209648	1.8408921	1.8247007	1.1021389	-0.516351	1.0897907	0.64717346	1.7980123	1.6136211	-0.55879265
0.23660117	-0.02223362	0.71891844	0.077041045	-1.1147671	0.67118007	0.264142	0.9463824	0.39237309	-1.0563389
-0.577729	0.15453294	-0.37954006	-0.7169663	0.07585099	0.16539131	1.1728991	0.61763316	0.15471637	-1.0812277
1.4708067	3.0566812	1.8596406	1.1311821	0.9771286	1.7488172	3.8759074	1.9456486	1.9571954	2.2085807
0.2994412	0.34277686	0.5999045	0.04031129	-1.33557	0.20038454	0.39689273	0.75207174	-0.3538268	0.49608055
-0.73159605	-0.83250606	-0.15022701	-0.7962601	-1.3478581	-1.5270159	-1.3604983	-0.93886405	-1.9545001	-1.3671165
-1.0955235	-1.6106217	-0.49829486	-1.1318591	-1.8034387	-0.95052683	-1.7683991	-0.41568378	-0.87598455	-2.1248395
3.550246	2.370707	2.9494183	2.9851413	0.76322305	2.6531537	0.95555794	1.3980577	1.8663515	-0.22443807
-0.9009861	-1.075598	-0.4382514	-0.93792146	-1.2491124	-0.28364843	-1.445798	0.009347809	-0.6728466	-1.1330132
0.21066523	1.9436333	0.6286074	-0.09115591	0.6787393	0.7124026	3.203434	1.3267463	0.38800752	1.239305
0.43490753	0.6980928	1.0305613	0.2840414	-1.0604302	0.21514165	0.5525323	0.18018927	-0.027317887	-1.8036308
0.6088138	0.53470683	1.2473968	0.34829462	-1.2689217	2.3493993	0.33991835	2.3273752	1.3345289	-0.98251563
-1.2908849	-1.4655282	-0.88613796	-1.3149904	-0.9627321	-1.9391578	-1.5729705	-0.8565045	-1.8699075	-1.6028157
1.8981992	4.307137	1.808665	1.2577223	-0.3447716	-0.041028235	3.5765927	-0.39039534	-1.4829001	-1.5177504
-0.23438734	-0.8715075	0.016588062	-0.37091285	-0.87944293	-0.84234905	-0.81104344	-0.32615054	-0.47886717	-0.20634276
0.25981015	-0.3569367	0.74839985	0.0438869	-1.6404994	-0.024951525	-0.53853637	0.56458086	-0.1590743	-1.8732842
-1.836395	-1.8790623	-1.2840253	-1.7629391	-1.314211	-1.8653438	-1.857914	-1.1092606	-1.669196	-1.4487131
-2.1771421	-1.438597	-1.4749768	-2.167109	-1.5151445	-2.0862868	-0.54790676	-0.50975704	-1.8126271	-1.9343231
-1.1665293	-1.180623	-0.7332895	-1.1556122	-0.82405436	-1.3866049	-1.367085	-1.7233794	-1.7681353	-1.6132402
-1.0511032	-1.1559426	-0.58944273	-1.1002264	-1.07283	-1.1764468	-0.18309127	-0.1080714	-0.86347705	-1.1941715
-0.56114095	-1.0945979	-0.2652816	-0.6230786	-1.5028311	-0.49702713	-0.91810423	0.2303424	-0.3974863	-1.3894726
-0.7825195	-0.7894833	-0.34266648	-0.8698937	-1.6465782	-0.48273242	-0.81212693	-0.4966178	-0.87292624	-1.8937149
-0.83011645	-0.8272002	-0.38881478	-0.9293069	-1.455464	-1.6578305	-0.9294818	-1.3924341	-2.267542	-2.4039588
1.3054223	0.57174957	1.755469	1.1440791	-0.81294465	-0.20220526	0.6029639	1.0558404	0.8047503	-1.6835375
-0.08056036	-0.55547917	0.36776304	-0.2471628	-1.6526588	-0.6334134	-1.0251597	0.02990272	-1.0791667	-1.1660087
0.3483625	1.6019722	0.5645701	0.10650782	-0.38744095	1.0300921	1.4431965	0.59933716	0.47971228	-1.1577481
-1.331682	-1.7809049	-0.8286874	-1.3009942	-1.4091904	-1.6758996	-2.0297778	-0.63433	-2.4905992	-1.3572594
0.189414	1.0335987	0.55314195	-0.07020815	-0.8354829	-0.41782817	-0.06737352	0.12958083	-1.0751344	-1.3256681
1.110841	2.5135226	1.2800775	0.6964159	-1.0211084	1.5049754	3.2294893	1.5599139	0.63226694	-0.16069728
-0.7475775	-1.4374006	-0.13274363	-0.76309377	-1.3314146	-0.26678765	-2.2572725	-0.32244137	-0.29016462	-1.5444388
1.1415789	0.33971938	1.2158239	0.88785136	-1.5379449	0.75224113	0.094787546	1.2351469	0.388987	-2.1974568
-1.1516201	-1.41684	-0.6642785	-1.1268718	-1.4879831	-0.59205145	-0.6608811	-0.82082725	-0.92624253	-1.657556
-0.41882464	0.35935888	0.056252778	-0.5739876	-0.4017495	0.045055885	-0.7808662	0.029160732	-0.21432003	-1.5000666
-1.6450102	-1.4364307	-0.8380922	-1.7058504	-0.373801	1.3840814	-1.0087181	1.5303206	0.6032124	-1.0313287
0.08910733	0.7013334	0.3933359	-0.054033175	0.14900902	-1.2433401	0.045402803	-0.0537599	-0.65392977	-1.6850523
-1.0784981	0.9205003	-0.6832342	-1.2587906	0.25112423	-0.7434165	0.8761061	-0.77637124	-1.3360637	-0.09914228
1.3008672	1.1381308	1.5038189	1.0415376	-0.9966899	1.5429938	1.4180264	1.5862731	1.187541	-1.1170319
-1.3314669	-1.4285212	-0.8757063	-1.3011882	-1.1358551	-1.1108336	-1.1910712	-0.5061677	-0.5738136	-1.2068717
0.49304613	1.5915372	0.9757829	0.35281336	-0.36734986	1.9560162	2.760319	1.7875016	0.8581368	0.15218936
-1.5185968	-1.6630309	-0.9855114	-1.4402174	-0.2630779	-1.8864043	-1.6735386	1.1780852	-1.8100195	-0.25456834
-0.7252787	-0.9632398	-0.34388152	-0.8086359	-1.6554104	-1.9723799	-2.3425906	-0.91327214	-0.25228086	-1.939487
1.5689504	1.3233209	2.1072087	1.202865	-1.0849141	2.1378005	0.6870481	2.7545419	2.2284656	-1.3907015
0.5533831	0.3390619	1.2219682	0.39427078	-1.1814835	-0.07715942	0.017759902	0.9206825	0.33528522	-1.9527563
1.4302479	3.5666347	1.4384731	0.9437928	0.9777708	1.3190618	2.831712	1.484674	0.8503298	0.46195552
0.0444287	-0.7276964	0.46698993	-0.053741112	-1.1744787	1.0793535	-0.15207046	1.9531721	1.8699285	-0.27852297
0.07418298	0.12951833	0.669525	-0.17254186	-1.6850517	0.38212404	-0.13268217	1.0065219	-0.034394886	-1.6037331
-0.9176034	-1.0375196	-0.39783046	-0.98068863	-1.53486	-0.5803346	-1.6187893	0.47485486	-0.7457528	-1.5882028
-0.09353589	0.17651293	0.3210991	-0.24300933	-1.2488438	-1.3573562	-1.0606654	0.17698066	-1.0943348	-1.8552994
-0.093932725	0.00020077825	0.39125913	-0.2725552	-1.3871626	0.025946511	0.259016	0.9105205	0.29907036	-0.111025855
-0.94921464	-1.0364345	-0.4071035	-0.99819756	-1.3139915	-0.79182905	-0.7791156	-0.75264716	-0.39561582	-1.0927057
-0.70543146	-0.27291748	-0.22707698	-0.7882142	-1.1848068	-0.453904	0.3030664	-0.84582704	-0.49499428	-0.19754769
0.25300094	0.5328264	0.629846	-0.02863434	-1.4954641	0.031258266	0.22002043	-0.3633268	-1.6723452	-2.0829668
0.91926277	1.8385952	1.1151578	0.640478	-0.040049642	-0.30216342	2.8863206	0.19828393	-0.049940743	-0.15275358
1.5339181	3.4760926	1.5599744	1.0744607	-0.38063043	0.6935542	1.62534	1.3441396	-0.08651418	-0.18181811
1.3964204	4.66301	1.4695816	1.0214212	1.087169	0.4258429	4.9642944	0.794007	0.9143893	-0.064143226
0.71613973	1.4673165	1.0402883	0.3622234	-1.0840755	1.0597639	2.6719072	1.2661377	1.2985295	-1.271887
0.39912406	3.9224432	0.545943	-0.113391414	1.2625536	-0.31993055	3.9813986	0.55038095	-0.6906613	0.8943473
0.90454954	4.583299	0.87430394	0.33478802	-0.4179539	0.30371955	4.3970904	0.63505	-0.029214807	-1.0872078
1.0571052	0.8797096	1.405181	0.75591105	-1.3739557	1.1671631	1.6664722	1.0651766	0.40178028	-0.7257434
-0.662023	0.2833908	-0.43575773	-0.83494586	-0.16803111	-0.6291241	0.31773287	0.32812533	-0.41678962	-0.7937991
-0.36529082	-0.7560322	-0.053185463	-0.4932199	-1.4216803	-0.5238404	-1.5079318	0.18065639	-0.7100141	-1.2944162
3.8746345	4.698696	4.041124	3.3093555	0.11130738	2.7837996	5.662483	2.1507173	1.3157552	0.9587253
-0.683767	0.80331624	-0.46229616	-0.9396981	-0.5861782	-0.6936483	0.059726603	-0.5019556	-1.0623035	-0.85554785
-0.4132969	-0.6002462	-0.03475812	-0.5913175	-1.4164897	-1.1187495	-1.7136344	-1.2595811	-1.4917502	-1.6125368
-2.062497	-1.9511206	-1.4035383	-1.9836061	-1.0423355	-1.1372619	-1.1131262	-0.15482403	-1.6673183	-1.5625271
0.15945587	-1.3369231	0.6726992	0.031253383	-1.5496713	-0.54415715	-0.9636193	0.07148409	-0.4870235	-1.4237305
-2.051121	-2.01068	-1.4098866	-1.9726557	-0.79501766	-1.6740756	-2.1182604	-0.5641339	-0.08282146	0.22195336
-1.2435781	-1.2145509	-0.7469137	-1.2808185	-1.288495	-1.4546807	-1.7805067	-1.0266529	-0.70073414	-1.3434987
0.5057115	0.9179417	1.0268738	0.27739698	-1.1568273	0.46748137	0.79046166	1.2819316	0.19391465	-1.0598519
-1.9418619	-1.9675189	-1.2889785	-1.937766	-1.4836117	-1.8112222	-2.2373517	-0.9643739	-1.9744943	-1.7298448
-1.7285528	-1.4240719	-1.229447	-1.7298906	-1.2208965	-1.7146754	-1.389831	-1.502511	-2.1061802	-1.0815797
-1.8298975	-1.624853	-1.2366667	-1.8073478	-1.4490058	-1.1299096	-1.297208	-1.4551152	-2.755494	-2.0716078
-1.6169218	-1.7617886	-1.0175431	-1.5643263	-0.88505495	-1.492935	-1.9117783	-1.757333	-1.8698891	-1.2225373
-1.9617342	-1.7592661	-1.2601523	-1.9187135	-0.7334225	-1.3379601	-0.94873554	-0.741891	-1.5363978	0.23254758
-1.8488457	-1.8196981	-1.2894317	-1.8080633	-1.6198466	-2.1433613	-2.4034038	-0.7051899	-1.4000088	-1.8114113
-0.53195184	-0.8706274	-0.077338755	-0.60434264	-1.4920679	-1.1506993	-0.6959534	-1.9467101	-2.2156932	-1.6790136
-0.61418635	-0.8194059	-0.22227865	-0.70313936	-1.5181366	-0.32208538	-0.39742705	-0.20592742	-0.396499	-2.1098676
-0.53302157	0.052693546	-0.27693924	-0.6452652	-0.6222162	-1.1591932	0.03140622	-0.8368411	-0.9970523	-1.2258792
-0.8092923	-0.8386371	-0.39516297	-0.87463516	-1.0414506	-0.91677755	-0.70625293	-0.24137163	-0.4072586	-0.92982584
-2.1816378	-2.0962386	-1.5075419	-2.0790443	-1.2670867	-2.5133867	-1.2587441	-0.6788007	-1.4819967	-1.3419771
-1.6208977	-1.5839449	-1.1472081	-1.5744469	-1.4235283	-1.5503545	-1.7063327	-1.3887932	-1.3139441	-1.1589693
0.16232911	-0.3998481	0.4411087	0.05482681	-0.8103204	-1.3417659	-0.8407067	-0.48088983	-1.6066241	-0.3112385
-2.190746	-1.5569382	-1.515617	-2.158023	-0.97242284	-2.4727619	-1.9254042	-1.6000392	-1.792107	-1.612501
-2.1807055	-2.1612816	-1.4641021	-2.0936906	-1.5182594	-2.3588636	-2.6954207	-1.70513	-2.2235382	-2.1437767
-1.4707222	-1.4027619	-1.0208491	-1.3890003	-0.62922335	-1.7640897	-1.9224362	-1.2933371	-1.7358129	-0.76977146
-0.7017385	-0.937204	-0.40639445	-0.80358493	-1.0939991	0.38236532	-2.371705	-1.7767961	0.5767013	-1.513142
-1.6620045	-1.4227489	-1.0946478	-1.714135	-1.2837069	-1.5750775	-1.3894694	-0.2534159	-0.37780538	-0.571368
-1.9019778	-1.8961366	-1.297285	-1.8520075	-1.5224322	-2.0140493	-1.5101787	-1.5685667	-2.438303	-1.879781
-2.0696218	-1.8399782	-1.468723	-1.9868238	-1.5807949	-1.9773386	-0.93417245	-1.5080534	-3.0272207	-1.6005325
-0.20169407	0.09426403	0.06432569	-0.32644957	-0.5444589	-0.6411926	-0.60374886	-0.42857507	-0.649271	-0.4648389
-1.2342179	-1.3848617	-0.70008886	-1.2462574	-1.2017361	-0.72867304	-1.1176369	-0.46317124	-0.2817277	-1.1429685
-1.4119885	-1.0073041	-0.96916676	-1.4043204	-0.47975016	-1.7748947	-1.8446475	-1.3383578	-1.8276889	0.5747374
-0.9954825	-1.2004012	-0.6170479	-1.0274001	-0.9618087	0.18980217	-0.27576283	0.060539976	-0.4553018	-1.1265353
-0.7200252	0.24288467	-0.44144836	-0.8879962	-0.5842119	-1.3692981	-1.0220782	-0.5451031	-0.95106435	-0.73939323
-0.39886317	-0.11762783	-0.12801465	-0.5799288	-0.9141362	-0.89402294	-0.8469893	-1.2382606	-0.90428394	-2.1151156
-1.8255559	-1.7423275	-1.1925225	-1.7862066	-0.73585725	-1.8692721	-0.99711937	-1.8961564	-1.2960123	-1.2941318
-1.9085839	-1.8168435	-1.3402251	-1.8767569	-1.2700645	-2.12044	-0.75133735	-0.99374557	-2.0737967	-1.4428407
-0.9615352	-0.113975674	-0.75033367	-1.0194185	-0.72041404	-1.2139783	-0.29652637	-0.0019480973	-1.257273	-1.140058
-1.4918177	-1.5079087	-0.8961612	-1.4853431	-0.587232	-0.3958876	-0.8514183	-0.28698245	-0.92279935	-0.5352425
-1.7297032	-1.7432983	-1.079965	-1.7209865	-1.3983994	-2.0259383	-1.8424416	-0.69503504	-2.0662966	-1.3493991
-1.7386808	-1.9729495	-1.114692	-1.7573355	-1.5519642	-2.0142794	-1.2405248	-1.0255207	-1.774478	-1.7659696
-0.17925319	0.88042283	-0.13870507	-0.4334072	-0.97037387	-1.3787293	0.78347087	-0.045876253	-1.573325	-0.93448436
0.0023979172	-0.23608658	0.46004665	-0.13834617	-1.480107	2.9086444	0.44083843	4.056425	2.692456	-1.0305442
-0.53943044	-0.6074022	-0.08705792	-0.6841894	-1.4167563	0.038002815	0.16690297	0.37654316	-0.19332202	-1.5068978
-1.0357594	-0.009921759	-0.625577	-1.2297027	-1.6181176	-1.3325227	0.46117854	-0.49730605	-1.7515591	-1.6870117
0.622051	3.5941398	0.27493325	0.37464368	3.1473393	0.72928256	3.7514634	-0.029168025	0.08529726	2.7901697
-0.6511753	-0.60990727	-0.23215258	-0.74788254	-1.3290676	-1.7722448	-1.3656975	-1.3199686	-1.3246568	-1.3434324
0.9094484	4.128098	0.8549862	0.41208047	-0.5870534	0.37285024	5.211804	0.7366785	0.2919167	-1.2304277
-1.7041341	-1.5308309	-0.92940176	-1.7068925	-1.6296979	-2.655325	-2.8035688	-1.5293574	-2.180086	-1.9404668
-1.2890841	-1.5014457	-0.86329544	-1.2974101	-0.86514807	-1.5133564	-3.092346	-1.1638898	-2.7398436	-0.5404041
-2.2500892	-2.1638787	-1.5685343	-2.131376	-1.710863	-2.2239332	-2.2227662	-1.1001859	-2.2564647	-1.6750677
-1.3816102	-1.8998624	-0.8278563	-1.2987053	-2.0236557	-1.2389797	-1.6592035	-0.5377974	-1.1609647	-2.2834458
-1.9218769	-1.843864	-1.1962149	-1.8804014	-0.9325073	-1.7870857	-1.3629311	-1.0746989	-1.8345755	-1.1975639
-1.4660218	-1.4348887	-0.98759425	-1.3988631	-0.64960265	-1.7220465	-1.3902141	-0.08160147	-2.060973	-0.13891058
-0.6778187	-0.5176854	0.08719453	-0.80263907	-1.4700938	-0.2534703	-0.09174018	0.1147247	-0.18396194	-1.4725722
-1.3946238	-1.5534401	-0.896423	-1.3385702	0.64863455	-2.0205963	-1.7932869	-1.4689023	-1.7522808	-0.67664474
-0.8588335	-1.1463792	-0.53815603	-0.88771266	-1.3637403	-1.287284	-1.6549661	-0.7383208	-1.5340753	-1.8431755
-2.5097697	-2.3737965	-1.5631187	-2.4204364	-0.5403359	-1.9529806	-1.5675061	-1.0759846	-2.2482443	-0.78920954
0.50095844	1.0165225	0.70077634	0.26154113	-1.0339315	-0.89736766	-0.9135887	-0.23222893	-1.2804753	-1.8787534
-0.1793341	-0.6353948	0.019199342	-0.26425284	-1.6411861	-0.037830528	-0.74413127	0.2244759	0.5795053	0.021198137
0.11101078	0.13800767	0.6839497	-0.0965179	-1.3897476	0.41735265	0.76072353	0.84621227	-0.012468889	-1.6758349
-1.6548842	-1.6101226	-1.0945444	-1.6280066	-0.8307704	-1.4146879	-1.8243384	-0.8367325	-1.1312945	-0.54497707
-1.6730561	-1.2776562	-1.251893	-1.6373428	-0.75506604	-1.939855	-2.003362	-1.2292658	-1.413245	-0.9641873
-1.4157116	-1.4437256	-0.982265	-1.4248407	-0.86768353	-2.4608428	-1.7321194	-1.0333422	-2.7779212	-2.1261816
-1.4100853	-2.0605197	-0.9335575	-1.4084489	-1.539611	-1.0067476	-1.228351	-1.6535136	-2.1295884	-1.9825958
-1.0409925	-1.0422199	-0.58626044	-1.0836668	-1.3814702	-0.6387363	-1.1052097	-0.8884301	-0.42606106	-1.3151515
-1.8582488	-1.580454	-1.2674322	-1.8730643	-0.6614239	-1.9154198	-1.7103472	-0.90679437	-2.1132154	0.10170466
-1.2904545	-1.3583485	-0.7064574	-1.3416336	-0.7395144	-1.2938281	-1.4441736	-0.70412034	-1.6868577	-0.9380876
-0.2869925	-0.7083409	0.08396503	-0.40552592	-1.6448886	-0.60055107	-0.39717215	0.0988371	-1.3057384	-1.4470404
-2.0334854	-2.0467763	-1.3722425	-1.9831964	-1.4735072	-2.4677022	-2.725837	-0.9926918	-2.6653433	-2.0918107
-1.7373756	-1.9457645	-1.1491874	-1.6957088	-1.7765676	-1.8230375	-1.5453687	-0.8712077	-2.2198658	-1.2339528
-0.64010775	-0.7831838	-0.2741175	-0.65689456	-1.0008645	-0.9285776	-1.762317	-0.37544835	-0.94153666	-1.1909631
1.0987571	2.1875384	1.3579205	0.7315819	-0.6076358	0.55964017	1.3002335	1.1227467	0.63935435	-1.4076929
0.9078856	1.3765137	1.1508281	0.58781	-1.1549397	1.3036085	1.823077	1.1283929	0.63457346	-1.3551394
-1.1381738	-0.023699254	-0.7966466	-1.2621927	-1.1350232	-0.57754004	1.0785822	-1.224208	-1.1129506	-1.4503345
-0.32039112	0.19413707	-0.20018414	-0.32272512	0.75017476	0.15550265	-0.07892575	0.11673019	-0.25228086	-0.75243306
-1.92894	-1.9492809	-1.264886	-1.8859446	-0.25070682	-1.9358383	-1.6857541	-1.867025	-1.9563233	-0.667342
-0.9817965	-1.1373669	-0.6638603	-0.9994806	-1.6939448	-0.41702697	0.090287104	-0.880066	-0.72099596	-0.562319
-1.9285076	-1.8653929	-1.2260938	-1.9076396	-1.2434438	-1.5241097	-0.39558852	-0.44700143	-0.48290014	-1.0171083
0.37876564	-0.49472138	0.8470242	0.22135352	-1.222861	-0.7019052	-1.1306927	-0.46660972	-1.2578826	-1.4314203
-2.0454578	-1.8636372	-0.7057644	-1.9054586	0.2997891	-1.7512249	-1.5671128	-0.70806324	-1.6485598	0.5406727
-2.0188873	-2.3344796	-1.2842294	-1.9579389	-2.1315668	-2.3332176	-2.24046	-1.5421088	-1.3488263	-1.6602844
-0.059369817	0.2389153	0.3110737	-0.24888223	-1.1665858	-0.55856293	-0.8018427	-0.16596106	-0.71607107	-1.4833723
-0.3020728	-0.57595	0.2225757	-0.4667787	-1.4175838	0.3046947	0.6881597	1.0284487	0.002014344	-0.5103103
-0.8884447	-1.2135755	-0.45477888	-0.887306	-1.3383489	-0.7480713	-0.99106073	-1.1864146	-1.3200383	-1.0237944
-1.6781192	-1.5570756	-1.1058029	-1.6760218	-1.436167	-1.7384999	-2.0175076	-0.7277783	-1.7051303	-2.1242812
-0.7913512	-0.9798652	-0.35473576	-0.83321327	-1.4952569	-0.28363803	-0.704846	-0.044081878	0.5999912	-1.5431004
-1.0453913	-0.9340588	-0.6140517	-1.1353483	-1.4289572	-1.22844	-1.3672967	-0.40236726	-1.6017703	-1.9183106
-1.652384	-0.9946594	-1.1612573	-1.7209879	-1.3985542	-1.614929	-1.5487832	-1.1939615	-2.6448116	-1.2935383
-1.806155	-1.6074253	-1.2643355	-1.7428566	-0.2882038	-2.1105244	-1.8993274	-1.7213186	-1.6916865	-0.09196324
0.2262893	0.42978415	0.9091219	-0.06921983	-1.3857679	0.040965173	0.15764356	0.9782767	0.42972517	-1.409729
-1.7787414	-0.13124797	-1.3161565	-1.8595767	-0.5301155	-1.8271455	-0.75439197	-1.3730587	-1.3391438	-1.5974098
-1.2529219	-0.9521023	-0.72948146	-1.4360793	-2.226317	-1.7287704	-0.99228585	-0.85742766	-2.298242	-2.2762632
-0.8022992	-0.66804284	-0.33330485	-0.8901559	-1.2837259	-0.8786909	-0.25469303	-0.17583996	-0.7728885	-1.2939665
-1.1054202	-1.0680087	-0.7178799	-1.1266626	-1.6500953	-1.9395068	-1.5904346	-1.3155407	-3.0678627	-1.7768275
-1.9635197	-2.0067506	-1.3155943	-1.8453797	-1.1345375	-1.1161513	-1.6497434	-0.59480125	-0.90282816	-1.2472901
0.613339	0.10682243	1.182928	0.42945284	-1.6433078	1.2084448	1.0890315	2.2858748	0.66350144	-0.91737235
-1.8357881	-1.6149836	-1.2628667	-1.8001809	-1.1236829	-2.310375	-0.6930369	-0.19124727	-1.7152805	-1.7447
-1.6896074	-1.8019376	-1.1641632	-1.6764481	-2.2706957	-1.2235858	-0.8482024	-0.51107657	-1.0708735	-1.8430259
-1.7659903	-1.7649454	-1.1573797	-1.7332207	-1.4181455	-2.249777	-2.4205253	-1.4491518	-2.6968086	-1.2577101
-0.7971816	-0.6122353	-0.38562754	-0.8895051	-1.4870466	-1.1936018	-0.9128181	-0.7209081	-1.7895344	-1.5401274
-0.7038176	-0.8885832	-0.42012593	-0.78831017	-1.1598418	0.46012348	1.5982631	0.18803616	0.4500113	-0.7405934
-0.164678	0.21079615	0.07657093	-0.38454783	-1.1090628	-0.10266939	-0.052463245	-0.3656799	-0.00611856	-1.7291691
-0.4019954	-0.4610674	0.057231814	-0.5000342	-1.5327455	-0.92455745	-0.23559546	-0.98516816	-0.98378885	-1.5455673
-0.30803627	1.6118833	0.034761816	-0.4531436	0.6310469	-1.3878728	0.22038755	-1.1289009	-1.3316209	0.56349
-1.5704618	-1.5016885	-1.0992372	-1.5470637	-1.0065963	-1.2865286	-1.1076412	-1.5962782	-1.2726018	-0.56485623
-1.5308636	-1.4513489	-0.9666077	-1.5420984	-1.0273091	-2.148848	-1.7869731	-1.3007991	-1.0175382	-1.2627416
-1.1535536	-1.353713	-0.6778071	-1.1836993	-1.4069332	-1.4670177	-2.0910025	-0.5870452	-1.6072139	-1.8618021
-2.6106827	-2.4457428	-1.6464036	-2.5450993	-2.3622985	-2.5894337	-2.4009042	-1.0888287	-2.677985	-1.7443933
-1.4350516	-1.5536473	-0.9005488	-1.399504	-1.6880685	-1.6901482	-1.9102817	-1.3719051	-2.6792974	-3.2605634
-1.3348392	-1.4501776	-0.8667238	-1.2844692	-1.4236609	-2.3152063	-1.9161304	-1.6065215	-2.4787104	-1.7780254
-1.1960528	-1.3117912	-0.7791232	-1.2251855	-1.7385405	-1.781886	-2.4017277	-2.0091248	-1.6895155	-2.32213
-0.8169117	-1.991683	-0.28316703	-0.82089853	-1.7173401	0.855906	-1.5049531	0.71693635	0.44385374	-1.6904132
0.74622136	2.723181	0.88326526	0.24910735	-0.34100077	0.027106166	2.3791873	0.43387127	-0.16941607	-1.0177433
-1.7122179	-0.92687094	-1.1442178	-1.7991055	-1.1625291	-1.2960824	-0.64090496	-1.5522044	-0.92212594	-1.0845169
-1.7918103	-1.8792981	-1.1646055	-1.731871	-0.15198201	-1.195965	-0.8745365	-0.46509284	-0.85700756	-0.83437145
0.99701446	0.50476193	1.654037	0.7496251	-1.4862341	0.6158687	1.0637401	1.1798	0.4098401	-1.1463529
-1.1072623	-1.2249779	-0.5892756	-1.1454937	-1.4114776	-1.4544952	-0.59559375	-0.7598769	-1.6896065	-1.3929033
-2.2643342	-2.0917423	-1.5487313	-2.1840205	-1.0489554	-2.7823873	-1.9589959	-1.3660939	-3.1429608	-1.7209063
-0.5942145	-0.49192846	0.09836778	-0.6757186	-0.1355985	-0.270657	-1.1003581	-0.18482772	0.36566022	-0.60642725
-2.153114	-2.1632164	-1.3730676	-2.119951	-1.3789197	-1.029951	-1.1461856	-0.34179255	-1.9545474	-1.3830627
-1.6150079	-1.17228	-1.1689919	-1.4540164	1.2143861	-1.5637171	-1.290173	-1.1654449	-1.7916293	0.93166244
-1.9085174	-2.0284095	-1.3181843	-1.8489581	-2.2547953	-1.5313243	-1.4250196	-0.8000244	-1.7451739	-2.1414034
-2.1283505	-2.0434406	-1.4372189	-2.0950875	-1.4476401	-1.2683723	-0.16323513	1.439245	-1.7701228	-1.7726569
-1.5173	-1.278845	-1.1137276	-1.4983062	-1.1012027	-2.0675764	-1.6266193	-1.0276431	-2.7602234	-0.6020148
-2.2591193	-2.2709668	-1.5365356	-2.17045	-1.253885	-2.5146024	-2.4735792	-1.5811573	-2.857483	-1.1161394
-1.7372339	-1.8121367	-1.2037362	-1.6871095	-0.99111307	-1.6453534	-1.0915245	-1.2745252	-0.6933735	-0.5341009
-1.4917302	-1.5107456	-0.89602137	-1.5074415	-1.560681	-1.7696123	-1.4139305	-0.99760705	-2.2569885	-1.4763846
0.6232745	1.3372678	1.0850087	0.37973505	-0.71907556	1.0927587	1.9168139	1.38883	1.1517515	-0.7995993
0.20447978	0.58807456	0.33542907	0.008170813	0.043990433	0.21371806	-0.7662172	0.02714882	0.31783846	-0.6835184
-2.179866	-2.0366156	-1.3828084	-2.125582	-1.3086848	-2.1529043	-2.449776	-1.4094267	-2.238985	-1.9741015
-2.0799928	-1.9131919	-1.3467575	-2.023199	-1.2066844	-1.9378315	-1.6165235	-1.1261674	-2.3320403	-0.19196
-1.1510878	-1.7080619	-0.60079134	-1.1672779	-1.311267	-1.4408835	-2.426619	-1.1101148	-1.563025	-1.6604007
-2.1560943	-2.0962944	-1.4045199	-2.0686421	-1.0291125	-1.883029	-2.615758	-0.9421912	-2.5558255	-1.41473
-0.9108354	-0.97779036	-0.4357119	-0.99125856	-1.3717958	1.2575575	1.8023007	1.3679162	1.4008225	-0.030044213
-0.1776593	-0.812129	-0.059374124	-0.33756703	-0.93373764	0.4607232	-1.1069456	0.19514945	-0.11141897	-1.0233923
-1.3732749	-1.371943	-0.88509953	-1.3377311	-0.3782037	-0.3172845	-1.2076101	0.1691896	-0.6967652	-0.45973685
-0.97687966	-0.8808073	-0.6719315	-0.99126273	-0.51099324	-1.6338155	-1.3757304	-1.025201	-2.3403556	-1.6840411
-1.6235764	-1.3895541	-1.2100986	-1.5634605	-0.27381542	-0.28889194	-2.2908018	-1.0644693	0.4733247	-0.9323816
-1.2519026	-1.3838265	-0.7138256	-1.2897928	-1.2669914	-1.6143018	-1.4876505	-0.7341759	-1.7667595	-1.4724993
-1.1256069	-1.3461494	-0.61329055	-1.1037545	-1.1489229	-1.1667808	-1.268799	-1.3337641	-1.6211632	-0.84793127
-2.0037968	-1.8145655	-1.2885525	-1.9650897	-0.8303203	-2.4755352	-2.1155028	-2.048494	-1.8719424	-0.8667981
-0.19472572	1.287411	-0.36095408	-0.35479546	1.0385126	-1.3580678	-1.3890259	-0.7662672	-0.99504185	-1.3288575
0.15363362	0.93974745	0.09136963	-0.04389684	-0.80086565	1.7852116	1.5975827	1.5760455	1.3745781	-0.75191504
-1.4013149	-1.4193368	-0.8997433	-1.403029	-1.0698773	-1.7555702	-1.515365	-0.52400905	-1.6080931	-1.5430001
-2.61358	-2.2202783	-1.6927501	-2.4739847	-0.76976097	-2.8811293	-2.4712431	-1.6763595	-2.3812492	-1.3865196
-2.0072963	-2.0187323	-1.2999147	-1.9757262	-1.994279	-1.6239895	-1.0991732	-0.61468685	-2.8207488	-0.82792544
-1.7917116	-1.7916776	-1.1659232	-1.7593127	-1.1378195	-1.5357643	-0.6059907	-0.57695216	-0.48967066	-1.127243
-0.5834567	-0.9942752	-0.12567174	-0.6241733	-1.4190344	-1.5717319	-1.3758	-0.7757898	-1.7550714	-1.7412745
-2.1205468	-2.0549593	-1.4043499	-2.0462122	-1.4390243	-1.717694	-2.0973504	-1.1474609	-1.8666902	-1.1940578
-1.9672067	-1.8466114	-1.3772761	-1.9334031	-1.5102131	-1.6034675	-0.8701169	-0.63314027	-1.0678626	-1.5277704
-2.0040784	-1.9698803	-1.3225102	-1.9263827	-1.2583045	-1.9036345	-2.0589514	-1.5306702	-2.2780735	-1.7659053
2.2505405	1.5864314	2.331248	2.0167747	-0.622583	1.7922119	-0.18305421	1.881752	1.3799404	-1.5664262
-1.9274659	-2.060713	-1.2487257	-1.9259325	-1.7464387	-1.8746347	-1.9226556	-0.8444279	-2.1047168	-0.93930805
-1.1663955	0.03571096	-0.6647382	-1.3480518	-1.2245781	-0.9697187	-0.75176173	0.34796363	-1.7981308	-1.0106117
-1.0256432	-1.6472166	-0.5120467	-1.0301147	-1.6937703	-1.1957966	-1.7256399	-1.3828702	-1.1777091	-1.2132789
0.6144352	-0.047959402	1.120379	0.4475829	-1.553708	1.332472	0.6957348	2.0229058	1.3863468	-1.1025226
0.22392604	-0.56725717	0.4627887	0.17706312	-0.9015204	-0.44807982	-0.7736354	-0.27528158	-0.13517767	-0.97436124
1.6074345	0.06874308	1.6942109	1.3667772	-1.1206452	1.7086282	-0.22820973	2.0495172	1.2361819	-1.2005788
0.43509045	-0.34973857	0.9320382	0.23043565	-1.7695838	0.16929185	-1.0211798	1.1852467	-0.06252144	-1.7177614
-1.3551396	-1.4657791	-0.9308952	-1.2501601	-1.7732841	-1.4820704	-1.5833197	-0.82663983	-1.5517923	-1.9472148
-0.5779674	-0.0284096	0.10541096	-0.77269864	-1.8449278	-1.358963	-0.7678838	-0.57412046	-1.2744951	-1.693423
0.24815735	-0.54211736	0.569839	-0.0040745437	-0.4374355	-0.3177074	-0.7890445	0.25208727	-1.2038054	-0.2047822
-2.082134	-2.0142355	-1.3237902	-2.0430913	-1.0212022	-1.7474438	-1.4791232	-1.3463303	-1.6632231	-1.2531589
-1.4753805	-1.8065492	-1.0098326	-1.3259239	-1.517991	-1.2677032	-1.9533271	-0.81201416	-1.4422581	-0.25566202
-0.3287805	-0.726127	0.10120237	-0.42700136	-1.12287	0.5204101	-0.34886307	0.9502533	1.0057267	-1.8181515
-1.218159	-1.4530735	-0.68128407	-1.2204777	0.73542964	-1.5855199	-1.7255515	-1.556625	-1.3313063	0.23864564
0.932478	1.2881244	1.2749885	0.6188402	-0.5006815	1.2245868	2.1773732	1.9659194	0.35500523	-0.31164703
-0.91323715	-1.1218896	-0.56632805	-0.91364634	-0.8719348	-0.8299233	-0.31213227	0.65742403	-1.0043077	0.18092977
-1.1690626	-1.4458444	-0.7148067	-1.1574388	0.8483459	-2.4612036	-3.1513793	-1.7369274	-2.1650848	-0.24411885
-2.4123955	-2.271741	-1.5672283	-2.3053286	-1.5277911	-2.8566952	-2.588842	-1.3855528	-2.5874226	-1.1831647
-0.87522167	-1.3825933	-0.3585309	-0.9154066	-1.8202404	-2.2160976	-1.687207	0.048398886	-2.139501	-3.1222756
-0.46317908	-0.401076	-0.07330957	-0.6621534	0.7004498	-0.97770005	0.019993437	-0.7300578	-1.4411364	-1.2404772
-1.4930423	-1.5507317	-1.0544419	-1.4374592	-1.8616999	-2.054063	-1.7534025	-1.5545666	-2.2544472	-2.7212408
-1.1132724	-1.4167376	-0.7404181	-1.0824089	-0.22107005	-0.91216636	-1.6038488	-0.30153167	-0.635761	1.1231388
-1.932679	-1.7324347	-1.3462132	-1.8197278	0.014058083	-2.0267038	-2.3907723	-2.0318217	-2.1848764	-0.057176758
-0.9794884	-1.4748995	-0.74951243	-0.98369926	-2.5124176	-2.3014908	-2.9200218	-1.4708582	-1.3260595	-2.6965153
2.4395704	0.38149664	2.1515198	2.143287	0.33507136	-1.6980089	-0.99279416	-1.1619083	-1.3287568	1.8302499
-2.4839282	-2.3537772	-1.6381557	-2.3689346	-1.3573552	-2.4134262	-2.5406582	-1.3296293	-3.1336772	-1.2180222
0.19221526	-0.71360135	0.646134	0.0019493699	-2.3039365	0.12447561	-0.74510336	0.9183097	0.16866232	-1.8787199
-1.1150044	-1.3616556	-0.5592723	-1.11205	-0.8744544	-1.8859587	-1.8376807	-1.2516127	-1.6567386	-0.9338503
-2.076564	-2.0646353	-1.3677524	-1.9384934	-1.2771862	-2.0509617	-1.1141204	-0.8217415	-1.8007116	-0.072813205
-1.2637874	-1.5809643	-0.67724967	-1.3365948	-2.353308	-2.2800229	-2.115954	-1.3366965	-2.3055224	0.34687367
-2.1696236	-2.1480196	-1.3198912	-2.0584168	-0.56791335	-2.9691865	-3.02508	-1.3055235	-3.4383802	-0.84885424
-1.0573739	-1.3586354	-0.7071744	-1.1178408	-1.1257473	-1.2433736	-1.665247	-0.905104	-0.6639688	-0.323126
-1.3614379	-0.7830756	-1.0329334	-1.378443	-0.4317963	-0.47421122	0.5351026	-0.46459568	-0.2627836	-0.9519826
-1.0972912	-1.3986726	-0.46279356	-1.2107114	-2.1735044	-1.3169556	-1.3836969	-0.19968472	-1.2457489	-2.317473
0.4449115	-0.32540733	0.8860973	0.27825046	-1.7042826	0.5186042	0.19804071	0.4154167	0.016547527	-2.6835375
-1.8219427	-2.0087945	-1.273749	-1.7689354	-1.4718611	-2.623966	-2.3304064	-2.337824	-3.1126168	-2.4613442
-2.2888274	-2.2155128	-1.608257	-2.2505827	-2.0646927	-2.8246565	-2.0146685	-1.4236952	-1.6831822	-2.4324703
0.3205804	-1.4155018	0.23516485	0.09099047	-0.580593	-0.34272787	-0.92531896	-0.3556729	-0.609627	-1.2593286
0.28631446	0.5358895	0.53920734	0.08553295	-1.8064107	0.39555246	0.5981713	0.5455834	0.11995351	-1.848578
-2.1810253	-2.3261604	-1.4838285	-2.025008	-2.1326537	-2.2104602	-2.2257164	-1.1437386	-2.5028632	-1.4777646
-0.9182149	-1.1266413	-0.4829565	-0.93675673	-1.4697016	-0.5150236	-1.0308981	-0.4065311	-0.7099924	-0.5058384
-1.6531017	-1.9103594	-1.3142416	-1.5354108	-1.544587	-1.2358027	-1.2287474	-1.2989626	-0.922111	-1.6545768
-2.884384	-2.5990422	-1.8790333	-2.765493	-1.5501413	-2.742462	-2.2257068	-1.9426076	-2.9359102	-2.1793008
-2.0657394	-1.9879273	-1.3817259	-1.9569885	-1.2489003	-1.0288844	-1.1067846	-0.8456169	-1.1883434	-0.5136147
-1.2804886	-1.3639657	-0.7645607	-1.227613	-0.95210147	-0.46677062	-0.7629889	0.09712269	-0.60312706	-1.2436737
-0.72113895	-1.1293086	-0.27721992	-0.85488826	-1.7042483	-0.6287171	-1.3069876	0.08999358	-1.0083182	-1.8373286
-2.0730555	-1.9278294	-1.4658873	-1.9863737	-0.006971568	-2.002464	-2.0087368	-1.9163107	-2.151464	-0.16491678
-1.5152311	-1.5778811	-0.9973748	-1.449613	-1.0590638	-1.7397668	-1.5671707	-0.06589105	-1.3249961	-1.0168834
-1.5309926	-1.8211799	-0.956648	-1.4843711	-0.4628822	-1.3528352	-1.2779994	-0.28854504	-2.7997465	-3.274708
-1.5635747	-1.7086041	-0.91649675	-1.5547454	0.113411754	-1.575261	-1.9497229	-0.5935751	-2.1677518	-0.059104316
-0.84917396	-1.1851739	-0.39738408	-0.9683709	-2.9366584	-0.8720903	-1.1145396	-0.3007091	-0.8074383	-3.1700656
-1.7448273	-1.4298145	-1.092457	-1.7721457	0.10302064	-1.7187515	-1.5739208	-1.0354248	-2.5837634	0.25828436
1.318448	0.3389354	1.7494321	1.1159549	-1.2657212	2.0411282	0.26609653	2.6034443	1.4310051	-0.6266848
-0.52837586	-0.7252774	-0.14614129	-0.5213184	-0.5432288	0.651618	-0.15140288	1.8116515	0.8032255	0.8645222
-2.4652255	-2.0274632	-1.6256038	-2.3168366	0.28728136	-1.9775509	-1.3707078	-1.319269	-1.4664292	0.038229343
-1.2514014	-1.5537462	-0.7653388	-1.3162347	-1.6541461	-1.612966	-1.4597933	-1.1657197	-2.5826972	-0.15990953
-1.9654695	-2.0209322	-1.3097985	-1.9195809	-1.5785041	-1.7206748	-2.1924908	-0.93364483	-1.6005163	-1.9587997
0.09590959	-0.5559909	0.5371984	-0.09196372	-2.3385515	-0.33490697	-1.2863867	0.11865591	-0.6638037	-2.9650064
-1.9008063	-2.025536	-1.1260353	-1.8777211	-1.7691954	-2.3877974	-1.5572462	-0.9059347	-2.1374805	-1.5586424
-2.597856	-2.459304	-1.7258573	-2.505394	-2.2375154	-2.531505	-2.991736	-2.2288349	-2.4046276	-1.6677566
-1.2793695	-1.7414039	-0.7917304	-1.2190185	-1.4783547	-0.98132473	-1.1507126	-0.6768934	-0.73204947	-0.017320218
1.5921469	1.6518095	1.7009529	1.2970369	1.1725	0.707933	0.7540792	1.0001966	0.5828054	1.2807189
-1.7231432	-1.7938203	-1.2167258	-1.631263	-0.043737978	-2.611782	-1.8369707	-1.1708986	-2.2569802	-0.1807978
-0.457784	-0.5171579	-0.101067126	-0.52818173	1.2234861	-1.4998099	-0.7864445	-1.283418	-1.5128205	0.5196048
-1.7695605	-1.6784331	-1.1531647	-1.700794	-0.8460622	-2.0738912	-1.8995669	-1.8827952	-2.8243244	0.9593346
1.1542821	1.0386715	1.359593	0.9761872	-0.8080748	1.4930185	0.9919952	2.2581718	2.0045547	-1.2700019
-0.6092711	-1.0550033	-0.074864775	-0.6016332	-1.1336225	-0.8604668	-1.0268912	-0.36084998	-0.6526436	-0.3911936
-0.43774128	-0.85960543	-0.042005807	-0.6243087	-2.2428665	-1.1069069	-1.0731515	-0.8037706	-1.4770156	-2.0389254
-0.8541783	-0.44283414	-0.5448066	-1.0090269	-1.3429458	0.37129974	0.8406338	0.77538204	0.17575249	-1.1997708
-2.0009387	-1.9527254	-1.2952394	-1.9002131	-0.2571385	-2.3275566	-0.67688584	-1.3704339	-1.5783192	-0.10966279
-2.1625855	-2.2006755	-1.4130911	-2.028047	-1.3454672	-2.3545673	-1.9949871	-0.2418021	-3.2319598	0.09216789
-1.8562131	-1.9443613	-1.3640614	-1.7574818	-1.0506222	-1.7211409	-0.67426753	-1.4272857	-2.335343	-1.1114538
-2.1050665	-2.0425582	-1.4283442	-1.9568136	0.72436047	-2.2084694	-2.281327	-1.491545	-2.3122592	1.2420655
-1.6178993	-1.6991389	-1.056571	-1.5587091	-0.58675945	-1.79352	-1.5944237	-0.9758823	-1.3608962	-1.0256011
-1.9280193	-2.2087486	-1.3078274	-1.880128	-1.4887483	-1.5656095	-1.9826629	-1.1289318	-0.5536131	-1.3160923
-1.6420765	-1.747693	-1.0598284	-1.5947417	-0.7826216	-1.1922325	-1.574591	-1.0506682	-1.2614609	-0.0418793
-2.1295867	-1.3745885	-1.5671802	-2.0797243	-1.2847822	-1.9359987	-2.033681	-1.4093041	-1.929186	-3.1387615
-0.93225986	-0.84024143	-0.69079936	-0.9570289	-0.85846436	0.5357033	-0.43604463	0.6836986	0.13783269	-0.9972603
-0.95959675	-1.3119462	-0.49110553	-1.045768	-1.4044943	-1.4886937	-2.120949	-1.0597646	-2.050375	-2.1342216
-1.2901148	-1.8910508	-0.8187276	-1.3075846	-2.7423544	-1.644504	-2.10496	-1.0337363	-1.773191	-2.2648034
-2.0390885	-1.7493702	-1.2371157	-1.9299133	2.6661742	-2.1072578	-1.9991586	-0.64124966	-1.6066241	2.0394874
-2.395088	-2.2445574	-1.493763	-2.295364	-1.1326892	-2.4449627	-1.1225988	-1.5102881	-3.2340178	-1.1882538
-0.17716351	-0.808511	0.22692129	-0.3631754	-0.8881284	-0.21171294	-1.0592538	-0.38186374	-0.25032303	-1.3799974
-0.21988136	-0.38197228	-0.06058517	-0.39939103	-0.9854578	-0.7736828	0.06412423	-0.22977696	-0.39908573	1.0665896
-2.1418214	-2.0620692	-1.460959	-2.0408196	-1.9582645	-1.5466914	-0.6044235	-0.90383255	-1.748091	-1.5866321
1.3979954	1.2467158	1.6485105	1.1041812	-0.31836832	1.0293108	0.63002026	0.6986626	0.3332303	1.6430635
-1.4020011	-1.7888789	-0.92576945	-1.4059443	-1.3444222	-1.0826772	-1.0583586	-0.65396535	-1.4215194	-1.466139
0.23521858	-0.6867704	0.67168665	0.04191543	-2.4430954	0.3303656	0.21607468	0.7958826	-0.018775988	-2.052516
-2.0995772	-1.870537	-1.2879864	-1.9670625	0.2420434	-1.63786	-1.5678141	-0.49226907	-1.9311574	-0.4023668
-1.3218156	-1.6694673	-0.802899	-1.2860222	-1.3561336	-1.328484	-1.2798215	-0.7625166	-1.441289	-1.0756794
0.038748704	-0.44126037	0.22064939	-0.064307585	-0.870371	0.6958674	0.98272234	0.82898784	0.7352818	1.0175037
0.455425	0.40846792	0.5636277	0.23132588	-0.3309327	-1.5741407	-1.7599043	-1.2671115	-1.4171463	-1.0992408
-1.093865	-1.3593434	-0.7784842	-1.0315818	-1.619009	-0.9325839	-1.1458781	0.049731113	-1.5296756	-2.221701
0.59803337	-0.63529944	0.97900903	0.42765337	-2.3097146	1.2494819	0.122305654	1.4830278	1.014387	-1.4680144
-2.021114	-2.0742064	-1.364536	-1.9152575	-0.5547245	-2.2973416	-1.8170257	-1.0457325	-1.9767313	-0.8595676
-1.7857294	-1.935518	-1.2709277	-1.6882616	-1.6480272	-1.9874738	-2.2442164	-1.0737956	-2.4454892	-1.8269826
-0.8238047	-1.1181121	-0.2641928	-0.8225425	0.09380293	-0.6944163	-1.191262	-0.2564176	-0.36350724	-0.13613667
-2.1899638	-2.2796595	-1.5598779	-2.0930204	-2.3675778	-1.3519902	-1.2549158	-0.5310357	-1.5783192	-2.1283617
-2.1066551	-1.8936753	-1.2168949	-2.0004647	0.6674725	-2.4139266	-2.9578276	-1.309191	-3.0442686	-0.010759125
0.087337755	-0.755105	0.5474658	-0.014872387	-1.7458616	-0.4616631	-0.49310336	0.59754336	-0.52164435	-0.5559746
0.49224576	1.7925549	1.1410458	0.27134055	1.0390573	-0.7710205	1.7032526	-0.46322703	-0.61776704	-0.58221924
0.6375475	0.16106859	0.80735254	0.5495305	-0.98868024	0.84602845	-0.62347835	1.2086321	0.65592253	-0.2946429
1.8959525	0.98791766	1.7237878	1.6175548	-0.52468663	1.8207675	1.3073635	1.801345	1.6543472	-2.0602646
-1.9150311	-1.7904472	-1.2351353	-1.8949983	-0.16360417	-1.1540796	-1.5926274	-0.19310044	-1.6705271	0.8096587
-1.9113233	-1.9313741	-1.2440288	-1.8051978	-1.1566889	-2.039513	-1.693569	-1.3119849	-2.226047	-1.8888941
-0.32862785	-1.7260404	-0.20427713	-0.29065382	-1.8810078	-1.3919884	-2.1338089	-1.3128211	-0.8917106	-1.933084
-1.4426377	-1.5716721	-0.9516325	-1.3797239	-0.7059983	-1.7115761	-1.2795955	-1.1344695	-1.4704092	-0.06565551
-2.0436645	-2.1486092	-1.3853401	-1.9505279	-1.0763853	-2.2473915	-1.9917018	-1.3663958	-1.9728944	-1.23534
0.69305414	0.14971578	1.354513	0.6443887	-0.86301994	0.10609115	-0.21975079	1.305255	0.36402965	-1.6151654
1.1379275	1.1636183	1.4833552	0.86023974	-1.126514	1.7206411	1.5577463	1.7949926	1.223347	-1.41729
-0.6752552	-0.6907231	-0.05741456	-0.7640143	-1.1598451	-1.3212106	-0.27740616	-0.25798738	-1.6002778	-0.6095675
-1.173598	-1.4971323	-0.7932131	-1.2039993	-1.8782729	-1.6306877	-1.4138515	-1.1491917	-1.3680837	-2.3771102
-2.2639978	-2.1828387	-1.4170737	-2.2162719	-1.262363	-2.7215424	-1.2917192	-1.4924088	-2.0523155	-1.4629974
-2.127596	-2.2276924	-1.3526082	-1.9692785	-1.8571808	-2.3714664	-3.00069	-1.3748577	-2.0722828	-2.1203992
-2.1813881	-2.329134	-1.5668619	-2.1771247	-2.079487	-2.832311	-2.3680933	-1.7572644	-2.8401082	-1.9624633
-1.5761236	-1.9144249	-0.95731175	-1.5671879	-1.5945747	-0.7274774	-1.4602134	-0.42666423	-0.99600387	-1.0679109
-2.6266701	-1.9175122	-1.7375152	-2.4977214	-0.091251105	-2.220135	-1.5152489	-1.0309907	-3.8285599	-0.35220295
-1.5991969	-1.7295	-1.0533298	-1.5404016	-0.60222214	-1.1066968	-0.88474536	-0.1640576	-1.4287531	-1.2598401
-0.8801551	-1.0109041	-0.41527078	-0.9256031	-1.7310146	-1.4717472	-1.4143957	-1.0671991	-2.1077662	-2.4600494
-2.1290243	-2.274529	-1.3671966	-2.0050402	-2.4559364	-1.1040412	-3.242957	-1.3965114	-0.21501198	-2.2488947
-1.6843616	-1.8085575	-1.0780269	-1.6648453	-1.3855883	-0.9509425	-0.13109408	-0.33590224	-1.4001732	-1.8193299
0.09530362	0.20765457	0.63268757	-0.008133903	-0.04255092	0.77642816	0.5120016	1.3718505	0.41017106	0.14220533
-0.5920127	-0.3118038	-0.35980913	-0.7723937	-0.7352484	-0.97825533	-0.59464	-0.81762224	-0.76025164	-1.3738052
-1.6866179	-1.7871826	-1.1938837	-1.567453	-1.1885313	-1.7102422	-1.5648417	-1.7879382	-1.5151554	-0.7160116
-0.94322246	-1.2376637	-0.3227336	-0.9878453	-0.78193486	-1.8330965	-1.7646316	-0.63487196	-1.1856711	-0.50186723
-2.1955194	-2.226553	-1.5700867	-2.0572958	-1.1636921	-2.6216457	-2.3075278	-1.3244485	-2.3184395	-0.864284
2.4258356	1.8129406	2.6755872	2.1213307	-0.83077276	3.945598	2.0486786	3.4586003	3.244936	-0.22800973
-1.2541475	-1.6360568	-0.83517194	-1.1707442	-0.7734356	-0.9542783	-1.3223828	-0.021439232	-0.47129667	-0.30901888
-1.50694	-1.0926199	-1.1418142	-1.4573829	1.5624664	-0.94776183	2.3647006	-1.0767099	-0.5070884	2.0014458
-2.3410642	-2.2972898	-1.5881301	-2.198045	-0.685024	-2.2640407	-2.2764215	-1.7376382	-2.7308319	-1.3506494
0.037857465	-0.5404061	0.44332322	-0.008073643	-0.32527462	-0.1362256	-0.22529052	0.69554305	-0.27213573	0.5684481
-0.035410203	-0.6073726	0.4024902	-0.23792282	-2.2104554	0.014215665	-0.67341274	0.37886497	-0.33592504	-2.8728633
0.7626197	-0.061003596	1.1918372	0.57464355	-2.0467668	1.0075561	0.28087854	1.4158213	0.71169907	-2.8807
-1.6750205	-1.6570101	-1.0393167	-1.6841079	-1.2234324	-2.4680257	-1.209113	-1.0287642	-1.8181282	-1.5763705
-1.5074584	-1.8938025	-0.8180624	-1.5156302	-2.1960711	-0.25390214	-0.7947955	0.43479723	-0.3162264	-1.212316
-1.3713955	-1.7239448	-0.88426805	-1.3817675	-2.146845	-1.063399	-1.3068194	-1.3886645	-0.4870235	-2.2888477
-2.3968852	-2.2176075	-1.451639	-2.244734	-0.9751992	-2.6606014	-2.21727	-2.7870739	-2.4941494	-1.4396098
-1.0763062	-1.5267011	-0.52227724	-1.2013729	-1.1092647	-0.36445197	-2.0764215	0.5811061	-0.050197158	-0.32736424
-1.1890856	-1.4876235	-0.6193985	-1.3428892	-2.0534537	-1.0121812	-1.2167693	-1.293964	-1.4052523	-1.8186384
-1.3477478	-1.3019147	-0.9134166	-1.3455682	-0.19032457	-1.6164448	-2.2606115	-0.74249065	-1.0611571	-1.1056032
-1.4892685	-0.93117213	-0.69585955	-1.5551479	-0.42099845	-2.2641325	-1.873809	-0.7305374	-2.442417	-0.49707398
-0.7382172	-0.93265903	-0.2282506	-0.842964	-1.5805216	-1.1692843	-0.7434078	0.018270738	-0.89749104	-0.2491187
-1.9714462	-2.030737	-1.3192122	-1.833053	0.21721199	-2.0759382	-1.6506522	-1.6311823	-1.4687606	0.20021792
-1.5882852	-1.3805798	-1.2321522	-1.4917186	-0.038657576	-2.1686072	-2.8078828	-1.0434923	-1.7894428	-0.75399697
-1.8430986	-1.3768909	-1.4877224	-1.7370791	-0.87148345	-2.8081892	-1.3004928	-2.2382288	-2.1988232	-2.4380684
-1.8937938	-2.1605823	-1.2695554	-1.7889895	-1.8757763	-2.0429845	-1.7866493	-1.5154804	-2.2518604	-2.881201
-1.6801296	-1.9095504	-1.2789494	-1.5240635	-1.5297593	-1.341894	-2.1018538	-1.6564094	-1.7503805	-1.5399802
-0.18860388	0.13670275	0.14010264	-0.35400933	-0.5684055	-0.8997184	-0.82686836	0.047923278	-1.1265115	-0.91325074
0.78881615	1.2171496	1.3231996	0.5292704	-0.6795692	0.5177585	1.8305018	0.38270947	0.72148544	-0.53825146
-2.184908	-1.8798058	-1.4217018	-2.126936	-0.7478974	-2.6863258	-0.6831026	-1.6639906	-3.106059	-0.7237276
-2.8350196	-2.8071349	-1.9510357	-2.7113035	-1.3932391	-2.7882426	-2.4351752	-1.3603823	-0.5477304	-0.99272835
-0.5271699	-0.99638104	0.096830875	-0.6385275	-2.7280822	0.12737854	-0.9090127	0.69424343	0.3002665	-1.9421053
-2.3104923	-2.5107	-1.5884683	-2.206329	-3.1972282	-1.4384327	-2.9358664	-2.0498319	-2.801216	-2.8525593
-1.8958106	-1.6354282	-1.3045146	-1.8321743	-0.8109215	-1.7699488	-1.2154831	-1.4350147	-2.4422581	-0.4894998
-0.30824187	-0.8962945	0.090397626	-0.4170856	-1.321647	-0.09834987	-1.257745	0.46329764	-0.28720286	-1.2601242
0.06997665	-0.7124225	0.4772942	-0.06555286	-2.0350301	-0.19626619	-1.0405957	0.25099945	-0.81591904	-1.9544108
-0.906892	-1.1976783	-0.3531128	-0.9311303	-1.6976764	-1.4285369	-1.7807623	-1.0030131	-1.2949618	-1.2401787
-1.8912299	-1.3993472	-1.3092645	-1.8152308	0.26784357	-2.1643708	-1.9971178	-1.4686474	-2.6111262	0.2052714
-0.45896816	0.101076156	-0.08048779	-0.5695477	-0.6169575	-0.6506229	0.19586407	-0.04132462	-0.50620383	-0.54713666
1.1487699	1.7687519	1.1835527	0.9070722	-0.19457093	1.4731966	3.7280467	1.2332228	1.2901659	1.6378326
1.3693794	1.6677529	1.7046838	1.1617782	0.08618906	0.31279716	2.6818776	0.84740645	0.46735668	0.26160747
-1.780492	-1.4276537	-1.3071545	-1.7018491	-0.89145947	-1.7369645	-1.1548488	-1.3169585	-0.574209	0.76203835
-1.7093486	-1.8134092	-1.0732327	-1.68108	-1.6687621	-1.336779	-1.7954729	-0.46048552	-1.434082	-1.2431623
-0.33806762	-0.46850145	0.08525972	-0.51281416	-1.9708017	0.30788362	-0.41018656	0.22366284	-0.06389874	-2.0367239
-0.58661014	1.0026618	-0.20578471	-0.7902022	1.0696124	-1.2489289	0.63001275	-0.5341751	-0.61935705	0.527764
-0.51169246	-1.018881	-0.17682812	-0.6432528	-1.1045375	-0.8428888	-1.83807	-0.86781126	-0.7996402	-0.70762384
-1.5879834	-1.7015706	-1.0589035	-1.5313572	-1.133877	-1.8748506	-2.1367338	-1.0261266	-1.7068007	-1.3013432
-0.90374404	0.09894547	-0.46378878	-1.0766143	-1.1669642	-1.1523737	0.29381335	-0.33392006	-1.4403574	-0.40529948
-0.90807515	-1.3817785	-0.53009737	-0.92037433	-0.75419056	-1.1822723	-1.6647158	-0.70731115	-2.4655566	-0.38076574
0.16402927	-0.42063648	0.5528869	-0.00504449	-1.989893	-0.020363484	-0.7391747	0.50665516	-0.29793108	-2.121445
-1.6237466	-1.672998	-1.1174226	-1.5993142	-1.0711513	-2.4782345	-2.0799696	-2.0615273	-2.499663	-0.6595462
0.76161796	-0.276746	1.0438396	0.5815771	-1.4376441	1.3054682	-0.12091241	1.6141881	1.1968907	-1.4174205
-1.4210564	-1.5029202	-0.9258326	-1.4341542	-1.4443132	-1.4568225	-0.53144467	-0.78658026	-1.4125918	-1.768761
-2.262759	-2.051797	-1.4588634	-2.1744184	-0.699642	-1.9169275	-1.4456348	-0.42778954	-0.6997335	-0.9886207
-0.7891781	-1.0579075	-0.2027894	-0.7845013	-1.3079093	-1.2361978	-1.1344842	-0.4243034	-1.0208396	-1.4247792
1.1640086	0.64180195	1.6237357	0.9760604	-0.78970444	0.3602213	0.17034458	0.9026127	0.78076375	-1.0798368
-2.4516861	-2.3497777	-1.6829925	-2.3402693	-0.94877625	-2.3405347	-1.5970708	-0.9812612	-1.2462146	-0.22589245
-1.5008291	-1.1533908	-0.99293256	-1.5098225	-1.376398	-2.2800963	-1.2907438	-2.4178703	-2.090902	-1.3904315
-0.5664563	-0.93647075	-0.34432402	-0.5597089	-1.0219892	-0.5344173	-1.1934221	-0.67770046	-0.3486034	-0.5073445
-2.4387023	-2.4742167	-1.596279	-2.3745704	-1.8661517	-2.1917498	-2.9316635	-1.4025599	-2.274478	-1.4017514
-1.5612167	-1.7414547	-1.0230834	-1.5204682	-1.6339496	-1.9371853	-2.2071097	-0.9011013	-1.4125507	-1.2461835
-1.9764764	-2.158485	-1.1553789	-1.9736753	-0.36345148	-1.7474223	-0.59192336	-0.10270687	-2.7052925	-0.40952832
-0.84056324	-1.2288469	-0.2948065	-0.98389864	-2.2781837	-0.783119	-1.3079039	-0.5657	-0.83528584	-2.6810284
-1.481202	-1.3302882	-0.9074588	-1.3322663	2.3248847	-1.458975	-1.138302	-0.685779	-0.16952191	3.0773764
-2.6041467	-2.4363937	-1.6564845	-2.483324	-1.0864711	-2.6103916	-1.6500876	-1.8525617	-2.713697	-1.3113195
-1.5539529	-1.5946729	-1.0106232	-1.4703904	0.8201339	-2.0792649	-2.1440194	-0.9368516	-2.5052264	1.4592122
-0.58420247	-1.1794966	-0.19830951	-0.70336914	-1.9417412	-1.627456	-2.446324	-0.7425225	-1.6916093	-2.498556
-1.3802695	-1.4990395	-0.8858278	-1.3608162	-0.38750276	-1.7504264	-1.6157718	-1.3080014	-1.4469792	1.3183703
-2.7690852	-2.4117138	-1.729208	-2.6192148	-0.76513875	-2.976164	-1.9493767	-0.7973896	-3.3002431	0.8282814
-0.8757602	-1.6490347	-0.18910262	-0.86874515	-1.3463871	-1.0724542	-1.2137839	-0.68454653	-0.68254584	-1.3690627
-0.105293415	0.1755713	0.63021433	-0.21927662	-1.1681172	-1.037471	0.06632763	0.33827606	-1.2459625	-1.0502604
-2.1701243	-2.206049	-1.4853095	-2.1027448	-2.1498106	-2.4082913	-2.7679713	-1.9189612	-2.264518	-2.0856936
-2.176161	-2.1148822	-1.3722148	-2.0829282	-1.3076637	-2.16467	-2.221416	-1.7395917	-1.3573693	-1.8806764
-1.0487736	-1.0786947	-0.69274986	-1.0165039	-0.031093597	-1.1996232	-1.3395902	-0.6000858	-1.2088422	-1.9141408
-1.2519653	-1.475149	-0.77236426	-1.2959272	-1.113114	-0.2981602	-1.375008	-0.015220342	-0.2722131	-1.2924807
-1.5429348	-1.4510574	-0.98987806	-1.4507351	1.0477102	-1.6674063	-1.3491563	-0.98355305	-0.86753106	3.1446316
-1.6024305	-1.3523679	-1.2074519	-1.6591512	-2.2145886	-2.0751874	-1.9329873	-0.9249625	-2.425359	-1.8541231
-2.435287	-2.097937	-1.6425954	-2.3772192	-1.2777631	-2.2770681	-1.1861963	0.3353569	-0.027220668	-1.9031299
0.7470989	0.037910968	1.1743338	0.5502978	-1.4921077	-1.3573767	-2.0544496	-1.2142193	-1.3282824	-1.6286575
-1.8483024	-2.009482	-1.237988	-1.7661557	-1.6205975	-1.4886888	-1.6001569	-1.009541	-1.6102276	-1.7396206
-0.7917813	-1.7900957	-0.47137764	-0.7350459	-2.3266327	0.40047452	-0.8057211	0.92955863	0.9303098	-1.8061577
-2.1319084	-1.967812	-1.3228984	-2.0869849	-0.7767069	-2.0052147	-2.0963516	-0.9316805	-2.3916786	-1.2447302
-2.2424865	-2.0981135	-1.6109983	-2.157286	-1.2912036	-1.9779733	-2.3974845	-1.3953879	-2.4368978	-1.1459851
-1.7950766	-1.8157547	-1.1327407	-1.7644253	-0.88120794	-1.536404	-2.0206373	-1.0293031	-1.681025	-1.3734987
-0.90709823	-0.8935486	-0.7256985	-0.833543	-0.5220649	-0.9565583	-0.75521827	-0.30701062	-1.0057609	-0.7785698
-0.031089485	0.19486159	0.37692654	-0.26686442	-0.12510404	1.3092126	0.037377726	1.5871555	0.6003109	-0.90304583
-1.7478858	-1.8320265	-1.1278509	-1.6814854	-1.1713653	-2.0689063	-1.3194499	-1.4770795	-1.8428708	-1.2506592
-1.7981708	-1.8451939	-1.2050539	-1.7030228	-1.041489	-0.3705472	0.08936169	-0.18680683	-1.5203073	-0.45593488
-0.77977645	-1.1037943	-0.37922147	-0.86327773	-1.687129	-0.7362244	-0.93053687	-0.22637184	-1.6978085	-1.4353553
0.14487875	-0.4508795	0.50482213	0.052177265	-1.2136227	-0.44852048	-1.0271437	-0.11549419	-0.397491	-1.269503
-1.7206157	-1.8020167	-0.980248	-1.6034813	-1.0957168	-1.7608405	-1.542591	-0.8317117	-1.3068857	-1.1727898
0.3747146	-0.35660842	0.68324804	0.17576014	-1.4187841	-0.3492621	-0.34382272	1.0346767	-0.46408063	-1.5477451
-1.5460007	-1.7791785	-0.9976077	-1.5299771	-1.4793497	-1.884559	-2.2166312	-1.7379006	-2.649922	-1.2667518
-2.8194187	-2.5007946	-1.8520696	-2.7023714	-0.61063147	-3.100423	-3.0924423	-1.5710762	-3.0108337	-1.4667904
-1.9302291	-1.8161794	-1.3992453	-1.8380766	-1.8937958	-1.4929919	-2.4395146	-1.5602918	-0.52041954	-1.653568
-0.85481757	-1.0154545	-0.58767676	-0.9586687	-1.1409326	-0.39274335	-1.0312625	-0.2132037	-0.05352893	-0.1951168
0.6376379	0.00027045608	0.47326007	0.4305771	-0.5539795	0.5234352	0.08547535	0.19085959	0.14383022	-0.9231903
-1.7356274	-1.8101034	-1.3305919	-1.6341491	-1.3524816	-2.1637352	-1.7488806	-1.882555	-2.7817278	-1.2684579
-2.0457911	-2.0653863	-1.2458546	-1.8941007	-0.32883385	-1.7041649	-1.4114113	-1.062398	-2.487119	-0.2855291
-1.207636	-1.8731616	-0.8604566	-1.1485709	-0.57502365	-1.5562853	-1.6590807	-0.3972264	-1.9410316	0.60696214
-1.7237517	-1.7941921	-1.1900133	-1.6320506	0.08889973	-2.262867	-1.9771614	-1.6017594	-2.6056087	-1.0746475
-2.022711	-1.955023	-1.2742442	-1.8604915	-0.3504701	-2.1318483	-1.9837006	-1.6311079	-2.5298762	-0.3872655
-1.4295043	-1.6075816	-0.6979083	-1.445212	-1.590623	-1.701222	-1.7925183	-0.978787	-1.6394459	-3.4256792
-1.8631411	-1.9596094	-1.2415841	-1.7667179	-0.6964551	-1.9312756	-2.325908	-1.4939866	-2.3550854	-0.6588828
-1.1028904	-1.294028	-0.6869583	-1.0647365	-0.091822416	-0.918913	-0.90930295	-0.83870137	-1.080287	0.2097401
-2.2971334	-2.2632966	-1.5722936	-2.175021	-1.806092	-2.6067278	-2.5193276	-1.7094383	-1.9476644	-1.8643696
0.43678448	-0.19078976	0.8014715	0.20637916	-1.9775356	0.5673206	1.2179254	1.2107598	-0.2649437	-0.8753966
1.2713417	0.30201486	1.4970766	1.0484794	-0.6554208	-1.9380319	-1.0196084	-1.0809839	-1.1183552	-0.037822224
-1.6966028	-1.8660989	-1.1090417	-1.6688526	-0.8885697	-1.5287005	-1.471146	-0.99811405	-1.5136745	-0.81202805
-1.5451514	-1.6244373	-0.95691776	-1.4264371	-0.11056998	-1.7091817	-1.9361734	-1.0773162	-0.7650484	1.2377591
-2.3692846	-1.9162016	-1.4942186	-2.2409241	-0.08078194	-2.0277963	-2.4262247	-1.7661544	-2.8545663	0.45982337
1.14821	2.5469296	0.86156464	1.0786728	2.9421074	1.214286	2.986444	0.51924103	1.1913539	1.7949102
-1.7576023	-1.9517767	-1.2397078	-1.6938702	-2.0216467	-1.5569519	-2.0018373	-1.26757	-1.8981274	-1.8368965
-2.025697	-1.7534201	-1.3430053	-1.8829956	0.8417014	-1.8119116	-1.9462837	-1.8879784	-2.1896956	-0.44791332
-1.8345888	-2.0347738	-1.2165555	-1.7833186	-1.0850728	-1.9203842	-2.810626	-0.8433403	-2.5824358	-1.6583817
-1.9416167	-1.9196892	-1.3320259	-1.876177	-1.5812497	-2.4252226	-2.6233375	-1.4321123	-2.947661	-1.3781273
-2.213095	-2.1368167	-1.4668332	-2.1237469	-1.4540104	-2.1291807	-1.6135142	-1.8670524	-2.0504644	-1.3976539
-0.624042	-0.95021164	-0.20452043	-0.65243894	-0.95064294	-1.4198534	-1.6647158	-0.42333186	-1.6543651	-1.0994722
-1.4269727	-1.5886097	-0.9086281	-1.4038965	-1.2181963	-1.2067174	-1.7078339	-0.90716976	-1.1669946	-1.3600957
-2.018569	-2.0946982	-1.4224472	-1.8164752	-1.612187	-2.0328162	-2.4421306	-1.5306774	-1.4597996	-1.9860586
-1.8442619	-1.8392363	-1.2429773	-1.8179728	-1.001283	-1.9292369	-1.9314319	-0.7207738	-1.2064972	-0.88607925
-1.4702736	-1.6426733	-1.029048	-1.4497011	-0.39665374	-2.0761926	-1.7491182	-0.806338	-1.8758795	0.18405432
-0.32836962	-0.9101529	0.04478009	-0.39224327	-1.0401722	-0.46118283	-0.854183	-0.14395216	-0.79818994	-1.6775404
0.14070442	0.24700907	0.4977793	0.0073394775	-1.0877624	0.47276115	1.0349917	0.81964463	0.6717176	-1.776767
-1.6217257	-1.825378	-1.126385	-1.4654635	-0.7690226	-1.3583874	-1.3050557	-1.1897342	-2.2017183	-0.10550271
0.22321662	-0.67991996	0.6480361	0.054209903	-1.976367	-0.114056334	-0.93086356	0.06785717	-0.26335108	-1.9658029
-0.2726175	-0.5141231	-0.048613816	-0.28504542	-0.56337595	-1.7091651	-0.88585746	-1.1296555	-0.95683134	-0.42654058
-1.8950591	-1.9069649	-1.2330481	-1.8573382	-1.5536143	-2.3835473	-1.5540259	-1.2191663	-2.621626	-1.8230811
-0.49615085	-0.30379012	-0.21935377	-0.5745646	-1.6085258	-1.1920979	-0.8442732	-0.727147	-2.0175383	-1.8638295
-1.9688147	-2.0147078	-1.22966	-1.9530374	-0.8891078	-1.861295	-2.3029556	-0.96813226	-0.6997335	-0.99849725
-1.2038823	-1.2652242	-0.83110595	-1.1088265	-0.45918944	-1.5106899	-1.368578	0.19041945	-1.7794607	-1.171262
-2.6676667	-2.4406855	-1.6433915	-2.5619562	-1.2295718	-2.2261589	-1.3518966	-0.26209927	-3.2057261	-1.5826056
-1.4538788	-1.3943763	-0.9955822	-1.3156643	0.05289656	-0.8487524	-1.1974971	-0.511222	-0.21124384	-0.042765584
0.21970779	-0.10502833	0.35044023	0.10694371	0.21032915	-0.04844321	0.5144222	0.63247734	-0.6216699	-0.6978653
-0.8031418	-0.8695513	-0.5204607	-0.84350395	-0.73977387	-1.5906432	-1.2143197	-1.3260428	-1.093412	-0.7668202
-0.539105	-0.3818075	-0.05383721	-0.6399225	-0.41402894	0.026203033	0.5412136	0.43469176	-0.07652813	-0.5167526
-0.9230203	-0.8417351	-0.5094459	-0.9691934	-0.81226087	-1.1706938	-0.99373925	-1.0683683	-1.8413012	-0.8108899
-1.5766351	-1.4580959	-1.1163535	-1.5460639	-1.1218858	-2.0385966	-1.717782	-1.758185	-1.3093663	-1.1877927
0.27905536	-0.18284017	0.7269305	0.057537183	-1.6109794	0.48973382	0.75299305	0.8721386	0.25237516	-1.2651303
-1.5789579	-1.9233513	-0.9903419	-1.5743555	-1.8211035	-1.0012399	-1.4502659	-0.98906386	-0.7065326	-1.4403378
-1.6959666	-1.725732	-1.1524842	-1.6533941	-1.4589322	-2.1464086	-2.2511065	-1.9649248	-1.7326956	-0.56960577
-2.0395064	-2.1896482	-1.4444276	-1.941007	-1.509911	-2.5876544	-1.8174531	-0.9408715	-2.2152553	-2.3863235
-1.3080966	-1.1274625	-0.8149543	-1.3074596	0.75972474	-1.18639	-0.2470559	-0.38188076	-1.913245	1.3837295
1.5208181	1.7311658	1.2563814	1.3194385	-0.97302127	2.287651	1.5076176	2.0007763	2.6068156	-0.80675507
-2.0970585	-2.1044025	-1.377589	-1.9975992	-0.5584631	-2.0905633	-2.509378	-0.68835723	-1.5203073	0.14806731
0.003579639	0.18341824	0.5153246	-0.16186987	-0.7395677	1.2118025	1.2406455	1.5929537	1.0308272	0.4355526
-1.9608337	-1.683327	-1.3311073	-1.927007	-1.4719092	-2.2317038	-2.264832	-1.6202086	-1.9641644	-1.2329
-1.3491085	-0.59179187	-0.9600568	-1.435752	-0.5230409	-1.4920409	-0.45145756	-1.3863844	-0.6402044	-0.79265136
0.45899907	0.09549874	0.90918803	0.27040255	-1.7263116	0.44983223	0.11428654	1.3132839	0.56651115	-1.7684323
-1.9855909	-1.9802599	-1.2661643	-1.8653389	-0.9267504	-1.9369739	-1.8471307	-0.84867245	-1.6454872	-1.9725001
-1.4809797	-1.8071523	-0.9588028	-1.3794401	-1.2024598	-2.1163936	-2.524101	-1.2330294	-0.2710182	-1.1851279
-1.9749533	-1.8985026	-1.3459013	-1.9524677	-1.1306112	-1.8162394	-2.3318613	-0.5321643	-2.2328408	-0.72557205
-1.9380428	-1.6018447	-1.2322582	-1.9652617	-1.432059	-1.8595749	-2.1470823	-1.303269	-2.2656841	-1.2799418
0.93877774	0.5237113	1.1231813	0.8216574	-0.45582366	-0.48065034	-0.4775817	0.24383622	-0.3747343	-0.6818329
-0.22881743	-0.59614736	0.18175064	-0.3836965	-1.884289	-0.39874926	-0.37136266	-1.1526144	-0.4335659	-2.2962065
-2.2190435	-2.1341813	-1.411983	-2.094011	-1.1509798	-2.031314	-1.3128296	-0.26526487	-1.5185076	-0.8640368
-1.5920591	-1.8176591	-1.021865	-1.6803594	-2.636269	-1.7731485	-1.4955425	-1.1482342	-1.7473023	-2.3833628
-2.2146285	-1.8252387	-1.2701463	-2.1740453	-0.8010882	-1.3653884	-0.019188752	-0.2861325	-1.1043885	0.1886121
-0.7192365	-1.1305542	-0.2154744	-0.8824453	-2.105293	-0.4574	-0.86559665	-0.24477099	-0.37869394	-1.9910926
-2.1045938	-2.1966558	-1.3759415	-1.995965	-0.5861918	-2.2668965	-2.409711	-1.4877455	-2.347873	-1.72542
-2.8328643	-2.5232406	-1.8131738	-2.725472	-1.9154934	-3.1099455	-2.5638685	-2.366064	-2.0931928	-1.4025064
-0.44629952	-1.2187083	-0.108237445	-0.5838121	-2.197697	-0.55996037	-1.3309828	-0.27662012	-0.4720041	-1.8063563
-0.58311653	-0.39670002	-0.2625447	-0.5510673	1.0349908	-0.29474545	-0.1647394	0.76088065	-0.27319095	0.19967538
-0.16055974	-0.6793062	0.10188538	-0.32971478	-0.89647675	-0.25469798	-0.9467332	-0.06876215	-0.18127136	-1.1305891
-0.998792	-1.0718453	-0.6417742	-0.99174666	-0.092728406	-1.4407132	-1.8819282	-0.6527087	-1.7329147	-0.68228996
-1.295037	-1.1006564	-0.8842528	-1.2901763	0.77545726	-0.51957273	-0.41918713	-0.3456169	-0.4554389	0.83239627
-0.11303989	-0.69203603	0.2491993	-0.20543163	-0.99569464	0.0451527	-0.19498712	0.880164	-0.019293632	-1.338028
-1.2862152	-1.3987592	-0.7493129	-1.2561169	-0.53314126	-1.3296483	-1.6504775	-0.467983	-1.4509486	-0.92330605
-0.83277124	-1.4468226	-0.3117433	-0.83083427	-2.3110514	-1.3585637	-2.000815	-1.0047807	-1.6767871	-2.5051203
-0.5407372	-0.35685414	-0.17687652	-0.5500558	0.5316684	-0.79674673	-0.34574392	0.07762352	-0.7702705	-0.10000994
-2.5446672	-2.2235584	-1.5482377	-2.5110736	-1.6367339	-2.1179607	-1.51205	-2.0361686	-3.5317645	-1.7510356
-0.53578615	-0.6531638	-0.1455907	-0.71233994	-1.4429122	-0.5812906	-1.1499705	-0.7244462	-0.4067343	-1.5219395
-0.50504786	-1.0617229	-0.36035344	-0.5827514	-0.9213928	-1.0003822	-1.227363	-1.2124823	-0.8735009	-1.5614234
-0.33938396	-0.41284665	0.0040597618	-0.555723	-0.7146069	-0.11529143	-0.7323324	0.429701	-0.06811462	-0.598502
-0.32675472	-1.3538691	0.024446428	-0.31804937	-0.40622005	-0.83650434	-2.1346507	-0.7631449	0.253031	-0.36151296
-0.36440605	1.3674934	-0.2759981	-0.49356622	0.7931255	-0.8466228	1.3870593	-0.12620954	-0.20547545	1.4600149
-2.1713498	-2.3055708	-1.4191319	-2.0345848	-1.2704067	-1.8808398	-1.084761	-1.6333214	-1.8410499	-0.8912543
-0.5041736	-0.7536429	-0.12241572	-0.73306763	-1.3536342	-0.9745292	-0.71982783	-0.63727343	-1.3896295	-1.7982429
-2.0624082	-2.0983615	-1.3221133	-2.0238078	-1.6047856	-2.5677037	-0.72887665	-1.937548	-2.7907598	-1.9133657
0.28760675	0.25454494	0.6536689	0.025977194	-1.6166455	1.1351805	0.3597102	1.9995775	1.0864501	-1.485016
0.23295614	1.3889855	0.66970086	0.038747206	0.31945756	-0.08079944	2.524489	0.6501856	0.18249659	1.1817812
0.83094245	3.3060837	0.35881138	0.5142682	4.592101	0.93675	-0.03136298	-0.049840305	1.2262229	3.5567324
0.1250605	0.94223297	0.011687338	-0.05113086	2.636196	-0.09143512	0.33453277	0.20367205	-0.25027078	3.6569846
-0.66976994	-1.5001323	-0.25368252	-0.6352984	-0.8645334	-0.8917903	-1.5805416	-0.38805288	-1.372785	-0.07736212
-1.2973547	-1.2700199	-0.80991304	-1.4620224	-1.2349678	-1.3161966	-1.6438133	-1.1530197	-1.1678424	-1.1006436
-2.0858183	-1.915739	-1.331425	-1.9476416	0.49438432	-2.3701158	-2.344803	-1.4043128	-1.3488263	0.58123094
-0.047350917	-0.64153445	0.20517492	-0.20934184	-1.52876	-0.07149997	-1.3306899	0.31898984	-0.16041738	-1.8353825
0.48845026	1.2962722	0.8774071	0.287983	-1.0460556	-0.10242698	1.3600402	0.2776403	-0.37037998	-0.46340477
-1.736402	-1.8371098	-1.1317159	-1.6965395	-1.286073	-2.185874	-1.9154294	-1.8923584	-2.1673982	-1.5081366
0.44829687	1.1871644	0.7789147	0.24090163	-0.9626632	0.7876928	-0.16349518	1.498989	0.65067726	-0.9102507
-2.2307324	-2.5396357	-1.5190858	-2.1755476	-3.0212405	-1.5357211	-1.2721695	-0.9021717	0.03723211	-2.8396785
-1.7069787	-1.9966129	-0.99153054	-1.6633451	-0.7484699	-1.8779657	-2.0221913	-0.5859995	-0.50956744	-1.153239
-0.41413182	-0.9494126	-0.049651593	-0.6023548	-1.6022037	-1.3455155	-1.8281237	-0.6784114	-1.627877	-1.9342034
-2.30447	-2.1403885	-1.4859378	-2.1621912	-0.6631758	-2.359512	-2.7948487	-1.222347	-2.729051	-1.7668369
-1.6377376	-1.8286114	-1.0406173	-1.6159695	-1.7746619	-2.0039313	-1.7131702	-1.0274601	-1.9776541	-2.1624327
-0.5701381	-0.46060258	-0.15262467	-0.59703076	-0.7107658	0.43966407	0.43771055	0.70154274	0.16504121	-0.31246597
-1.7565843	-1.465726	-1.3146226	-1.6994011	-0.5618621	-1.9989604	-2.0772479	-1.1753737	-2.6647375	-1.6930056
-1.3383206	-1.8097138	-0.7603357	-1.330918	-1.7317863	-1.121424	-1.7279979	-0.8728339	-0.9699099	-1.6622324
0.7418148	0.036452472	1.2637038	0.49813312	-1.7504387	0.627176	-0.7836212	1.4257411	0.7157109	-1.2320688
0.44135264	0.063899815	0.55546045	0.16752274	-1.1470076	-0.42115012	-0.58456343	-0.57848954	-0.7444542	-0.79499006
-0.51604396	-1.6140441	-0.0930545	-0.4817254	-1.4186207	-0.886635	-1.9818019	-1.5242587	-0.9900704	-1.8518834
0.8598373	0.11189318	1.5724134	0.85807896	-0.41630957	0.95247674	-0.32235694	1.0862286	0.9002973	-0.8239603
-1.5116086	-1.7073814	-0.9200324	-1.4676086	0.6199492	-1.9947851	-3.276222	-2.4167738	-1.1326929	0.601997
-0.681688	-1.2668778	-0.3108876	-0.688879	-1.1003456	-1.4438276	-2.0351927	-0.8521345	-1.4728427	-0.16552751
-1.5161961	-1.8449588	-0.61997604	-1.461192	0.16068622	-1.716113	-1.8532751	-1.1298462	-1.9857898	-2.8055642
-1.585899	-1.8140851	-1.018426	-1.5427262	-1.3694978	0.27855548	-1.2307872	-0.73033273	0.33571562	-0.9297128
-0.19597462	-1.4985845	0.112332255	-0.16247089	-1.3651702	-2.9400463	-2.5907235	-1.6912235	-2.457615	-0.18445447
0.8555729	0.994985	1.182796	0.67263514	-0.40638125	0.60614675	1.2466737	1.1188326	0.934752	-0.15858905
-0.6374397	-1.1334634	-0.26454857	-0.7761097	-2.4288685	-1.2755978	-1.1018082	-0.86709625	-1.294643	-2.527355
-2.0977035	-1.9310293	-1.2942374	-2.0620658	-1.0687029	-2.190319	-1.9111198	-1.453876	-2.2546499	-0.7826765
-0.32629648	-1.1473694	0.1342926	-0.4761874	-1.8689042	-0.5373209	-1.6768858	0.12370445	-0.43774903	-2.3185472
-1.4363191	-1.8257785	-0.89008653	-1.4597638	-1.4613235	-1.5347672	-1.940881	-1.0219467	-2.1342473	-1.548208
-1.4517695	-1.7119954	-0.907436	-1.4361137	-1.8598372	-0.74516344	-1.3165014	-0.9885564	-1.0059359	-0.65909547
-1.8113165	-1.5802343	-1.215009	-1.7066522	-0.40807402	-2.0666537	-1.5503209	-0.73018575	-1.962766	-0.7780274
0.92532176	1.3788269	0.8994396	0.7783062	1.2769954	-0.85257477	1.4043696	0.49117398	-1.0541984	2.3720176
-2.1599855	-2.128817	-1.4021279	-2.0414438	-0.53277284	-2.103555	-1.7710395	-1.1864146	-1.8243268	-1.9214314
-2.0301585	-1.7758654	-1.2762985	-1.9894476	-0.26449862	-1.9559944	-1.8809607	-1.155777	-0.6792974	-0.95678365
-2.3056514	-2.1591094	-1.392764	-2.1861734	0.46073458	-1.9104841	-2.0091295	-0.8826198	-0.58808815	1.9899606
-1.6020124	-1.8065227	-1.0092931	-1.531851	-0.84662193	-1.3763945	-0.9103241	-0.9735606	-1.3780502	-1.8565736
3.0227675	4.0358586	2.9061408	2.559289	0.5494702	1.8524731	4.1025305	1.593778	0.95001704	-0.05593373
-1.3532702	-1.4392245	-0.8987074	-1.3366548	-0.79967046	-0.2327179	-0.7374248	0.4740825	-1.0521526	0.61518115
-1.5242901	-1.8816473	-1.0592701	-1.4053483	-1.5266509	-1.3079132	-1.3505425	-0.6970791	-1.4225477	-1.2510959
-1.3832574	-1.4211954	-0.9237447	-1.3448932	-0.07104212	-0.787225	-1.7035046	-0.21658038	-0.46574128	-1.2720244
-2.0680168	-2.129646	-1.3129983	-1.914303	-1.0012174	-2.2206316	-2.7892373	-1.4299	-1.2167393	-1.709297
-0.9853769	-1.3591201	-0.6246177	-0.8739927	0.3543966	-1.2489408	-1.3643584	-0.47779617	-1.4608264	0.4926745
-1.9714588	-1.6959529	-1.1725061	-1.8732446	-0.10794628	-2.1533267	-1.855173	-0.69276404	-1.8634771	0.25166178
-1.6515967	-1.6709497	-1.0060909	-1.5485623	0.6387249	-1.9912283	-2.1697216	-1.5012501	-2.0990856	-1.0143291
-2.0133216	-2.1128016	-1.3279766	-1.915614	-1.6307107	-2.590251	-2.2925086	-1.442964	-2.2726696	-2.121802
-1.5910262	-1.2446302	-1.0243487	-1.430701	2.642809	-2.0453432	-1.6371663	-0.799559	-1.9577475	2.3889043
-1.1803578	-1.4524246	-0.6916654	-1.1623625	-0.85614264	-0.7881597	-1.294505	-1.0261891	-0.70233625	-0.34825316
-0.8714346	-1.2198226	-0.45133272	-0.8776759	-0.9642545	-1.0468339	-1.1673315	-0.7691756	-0.7319599	0.33299318
-1.1259935	-1.0243356	-0.8124194	-1.1157123	-0.44011524	-1.9709113	-1.9862227	-1.1072223	-3.6044402	-0.92137253
-1.7320899	-1.8438723	-1.1467217	-1.6619068	-1.0398598	-1.9599012	-2.4076347	-1.0873585	-1.6835291	-1.8421909
-0.88362265	-1.7527993	-0.3901678	-0.9154093	-1.2870667	-1.2098453	-1.8489095	-1.295096	-0.5955043	-1.0541084
-1.8149418	-2.054377	-1.2314366	-1.7938763	-3.256355	-2.3273146	-1.727071	-0.85615623	-2.514062	-2.9206436
-1.3553879	-1.4897372	-0.8642349	-1.3066723	-0.3192479	-0.9025248	-1.0846461	-0.917393	-1.3645278	0.36052534
-1.8998923	-1.6938969	-1.3107284	-1.8459431	-0.7771834	-1.9853896	-1.9674164	-1.6251018	-1.9566461	-0.23574522
-1.3803703	-1.1501987	-0.9494715	-1.2927862	0.24368963	-1.9134693	-1.3870147	-1.4680483	-1.5644691	0.2961003
-1.1880399	-1.5272238	-0.67326057	-1.2484227	-2.4290762	-1.7766631	-2.101987	-1.3314316	-2.1391027	-3.0316627
-1.350136	-1.428623	-0.7820624	-1.2939631	-0.5240979	-1.7300195	-2.04975	-1.7735826	-2.28698	-0.9826065
0.1724101	-0.264798	0.48368225	-0.02050294	-1.4677966	-0.49230605	-0.414898	-0.38119018	-0.5200318	-1.67285
-2.036833	-1.9633442	-1.3295605	-1.9633887	0.38960412	-1.8300878	-1.2316698	-1.4930681	-0.63490325	1.5337561
-1.3296163	-0.7112029	-0.8882849	-1.2935995	0.34520552	-1.2327648	-1.1611527	-0.9251001	-1.1038333	-0.81088114
1.9499902	1.5636414	2.028329	1.7459124	1.0946856	-0.393848	-1.1538123	-0.57782364	-0.64302033	-0.36097568
-2.3961565	-2.140781	-1.4401749	-2.2388635	0.17480364	-2.2310793	-1.896933	-1.167727	-1.6890862	-0.3553342
-1.2984709	-1.6555663	-0.89526856	-1.197875	-1.6763512	-1.5723176	-0.09814009	0.9274483	-1.0623035	-0.5244259
-2.2811804	-2.3774436	-1.3915619	-2.1614847	-0.99454856	-2.6145594	-3.705129	-1.971029	-2.9861484	-0.07438562
0.8763544	0.6165427	1.3069136	0.7437994	-0.25108683	0.26720837	0.3361185	0.9612755	0.1483865	-2.3058677
-1.6842293	-1.7214962	-1.0047959	-1.5850121	1.1034865	-1.8002219	-2.1211412	-1.3257073	-1.7207401	0.8918171
-0.9919506	-1.3025316	-0.4838234	-0.95297194	-0.5033083	-0.7678732	-1.5039933	-0.6960026	-1.6348928	0.072586425
1.7339166	1.0818193	1.8523628	1.3840892	-0.6166122	2.1446767	2.8448799	2.2337086	1.573052	0.06610664
-0.41038015	-0.5863504	-0.22662929	-0.466102	-0.73745155	-0.108958505	-0.65152043	-0.7019649	-0.062303565	-1.4789866
0.2993782	-0.40583044	0.69898295	0.16112407	-1.9488552	-0.02449082	-1.3109614	0.54547864	-0.56275177	-1.5811604
-0.8236803	-1.2568593	-0.35595337	-0.99481785	-2.4453156	-0.35640094	-1.2650751	-0.30596504	-0.8026862	-2.498291
-2.0439203	-1.8313249	-1.349984	-1.9267787	0.36753902	-1.9745249	-2.3194706	-1.5159525	-1.524138	2.591387
-1.9874271	-2.0886917	-1.3184863	-1.9174136	-1.9793177	-2.3589983	-2.661699	-1.7553422	-2.7139578	-1.3674725
-2.0283449	-1.5750456	-1.3924979	-2.0035322	-0.7739595	-1.7476773	0.3369218	-0.75303197	-3.8696585	-0.6294432
0.600506	0.11779526	0.954039	0.43102044	-1.1667575	0.25004584	0.3786298	0.5113475	0.077874094	-1.0376178
-1.1178324	-1.250121	-0.74053013	-1.0685344	-1.0210108	-0.8797198	-1.0807892	-0.47750154	-0.76058346	-1.09423
-1.3948178	-1.4658881	-0.8295431	-1.3723271	0.1409677	-1.2980063	-1.701576	-0.34314692	-1.2884457	-0.37305337
-1.8462498	-1.9594448	-1.2492969	-1.7171773	-0.46386358	-1.1664032	-1.5845377	-0.56269526	-0.9773692	-0.4774155
0.5264127	-0.28988856	0.35998693	0.48051417	-0.55214715	1.149617	-0.5755121	0.3951112	1.02886	-1.8460149
-1.466132	-1.2960777	-0.8454853	-1.5247241	-0.3331833	-1.4442291	-1.1878223	-0.5928673	-1.3063823	-0.030691948
-1.2029845	-1.3597533	-0.736608	-1.2421836	-1.0369147	-1.2591164	-1.3124524	-0.84773684	-1.6613023	-1.2542504
-2.1288505	-1.9704449	-1.4759177	-2.0531878	-1.0568352	-2.1701925	-2.4187937	-1.8674483	-2.6010075	-1.6739262
-1.9138035	-1.9236495	-1.2615912	-1.8023739	-0.76431084	-2.1612456	-0.28222317	-0.68186337	-2.5609229	-1.2513062
-2.531623	-2.397596	-1.6321224	-2.4613085	-1.4299883	-3.1760209	-2.558649	-1.3867033	-2.800261	-0.36243406
-1.4894605	-1.8347347	-0.96576655	-1.3957181	-2.42872	-1.352805	-1.25337	-0.9324108	-1.5213798	-1.1186908
4.517287e-05	-0.33933836	0.31270528	-0.05490519	1.2729353	0.5954257	-0.17670831	0.6150745	0.6037164	0.23648877
-1.582025	-2.1212978	-1.0469398	-1.3867619	-1.4422656	-1.5167625	-1.9089164	-1.3624269	-1.9850403	-1.9473296
-1.1274443	-1.3190255	-0.7553116	-1.1000832	0.011302084	-1.0325011	-0.9434844	-0.18112035	-1.3372433	-0.23716272
-0.6529581	-0.8270552	-0.19252306	-0.6053613	0.2253947	-1.0600902	-1.6255776	-0.9057541	-1.0978802	-0.4750277
-1.3861198	-1.5879607	-0.8953277	-1.293541	-0.40548941	-1.0825992	-1.5158622	-0.7148597	-1.8597873	-0.7406194
0.3913389	-0.66036975	0.94313717	0.20405875	-1.8756398	0.59150255	-0.25229278	0.785796	0.17070957	-2.068204
-1.7118086	-1.3378571	-0.95438457	-1.6456268	-0.06042391	-0.64187473	-1.2276548	-0.011964853	-0.5587693	-0.3266626
-0.059457306	-0.86497056	0.34617275	-0.21655922	-2.6426723	-0.15031436	-0.8906322	-0.030840237	-0.36638343	-2.9332008
-0.59566665	-1.0245713	-0.12574625	-0.7746532	-2.0186625	-1.3807986	-1.8222481	0.24754226	-1.6606272	-2.3269804
-1.9165603	-1.9869221	-1.2710551	-1.8415828	-1.3046887	-1.3404149	-0.9168983	-0.5658024	-2.063232	-1.859822
-1.7968462	-1.9916716	-1.1979746	-1.7304308	-1.096352	-1.6793604	-1.3602406	-1.1235294	-1.784434	-0.8400695
-1.2186708	-1.6736333	-0.6887871	-1.1943121	-2.0912952	-1.5233301	-1.343107	-1.0808673	-0.6223649	-1.4245459
-2.3489397	-2.1143203	-1.4784831	-2.3268566	-1.2130654	-1.7507093	-2.0249982	-0.6752507	-1.3559557	-0.0885863
-1.9760131	-2.070212	-1.2321067	-1.8934441	-1.0178026	-1.5991304	-1.527407	-0.9628151	-1.4931216	-1.3087357
-1.7758565	-2.0555751	-1.2301078	-1.7763177	-2.6480045	-1.6325024	-3.0541174	-1.3680379	-1.9053324	-3.2560816
-1.673935	-1.7450745	-1.1235456	-1.6426865	-1.1226203	-1.6231563	-2.8378499	-1.9275858	-2.1292005	-1.0096036
-0.9239343	-0.4543997	-0.5519836	-1.0087756	0.17837366	-1.3610054	0.17630805	-0.63029134	-1.3163166	0.17278345
-2.4077628	-2.2845902	-1.5244327	-2.2672362	-1.6354818	-2.968378	-1.5104744	-1.9579134	-1.4687606	-1.9595133
-2.184465	-2.2037702	-1.461634	-2.0833437	-1.6496947	-2.2680764	-2.0578964	-1.0207626	-2.4078422	-1.3696399
-2.0958865	-1.9747758	-1.262676	-2.039084	-0.7462101	-2.1482522	-2.1054494	-1.4528909	-2.2044327	-0.6967513
-1.6959175	-1.905845	-1.124696	-1.5443109	-0.14454734	-1.5427374	-2.0930178	-1.1707252	-1.2102029	-0.77202314
-0.60761636	-1.574392	-0.316076	-0.730551	0.78178334	0.5876758	-1.2466027	0.4525902	1.1678289	0.4014498
0.13208222	-0.6910615	0.5172155	-0.01323013	-0.91924536	0.18682387	-1.5974529	0.3728683	0.26620746	-1.7869151
-1.2362531	-1.499608	-0.81810594	-1.188858	-1.5994262	-0.8948707	-1.963956	-0.8410464	-0.94474983	-1.3308268
-1.2549721	-1.5311471	-0.76667285	-1.2343011	0.16497406	-1.3263849	-1.8176115	-1.4273148	-1.2654836	-0.666651
-2.5601306	-2.288098	-1.6887906	-2.4688995	-1.3233091	-2.8598387	-2.4831138	-1.9186857	-3.058585	-1.5158187
-1.6695389	-1.9425161	-1.2679307	-1.5988559	-1.002713	-1.2633288	-1.317343	-0.871141	-1.4829464	-0.67708033
-1.5820887	-1.7537518	-1.0249546	-1.5388826	-0.9800445	-1.8612882	-1.7299856	-1.1619408	-0.93222886	-0.6182595
-0.4786661	-0.28171048	0.0030537844	-0.5584448	-0.6447867	0.27968273	0.06827309	0.29523036	0.1436193	-0.26092017
-2.5614789	-2.3649955	-1.6634748	-2.4414577	-0.8585143	-2.5995297	-2.5632784	-1.7655253	-1.210365	-0.903351
-1.4779811	-1.6017497	-0.94924986	-1.4344684	-1.1744289	-1.0187377	-1.3473848	-0.66307616	-1.3173021	0.36704695
-1.9086726	-2.0147638	-1.2685609	-1.8710705	-1.896396	-0.99093556	-1.46809	-0.54185283	-1.1148659	-0.498878
-0.15136588	-0.92095697	0.14994752	-0.10267304	-0.930877	0.16256621	-0.52157396	0.5235872	0.10742534	-1.0282367
-1.9244037	-1.982065	-1.2387998	-1.894271	-1.0019956	-1.5738587	-1.9181491	-0.578106	-1.3739164	-0.79666364
-1.6350921	-1.6859353	-1.0607728	-1.607261	-0.5857127	-1.7041324	-2.6801848	-0.82811373	-1.1410847	-1.2913216
-0.967133	-1.3850448	-0.6187296	-0.8626369	-0.8819692	-1.1337477	-1.4564381	-0.2605086	0.08675509	-0.7674288
-2.4263163	-2.3223774	-1.6185739	-2.34616	-2.1776583	-2.555598	-1.36818	-1.2362037	-0.52682936	-1.2920948
1.7812663	1.5032511	1.8581718	1.4985005	0.32006785	0.7938308	1.5750079	0.84202236	0.4523864	-0.54351574
-0.60654986	-1.0767051	-0.11483991	-0.7553248	-2.090189	-2.0917277	-1.9953707	-1.1210651	-2.106018	-3.1696506
-0.1308575	0.074133515	0.12784472	-0.18157564	0.19185373	0.016700784	-0.797494	-0.5741259	-0.23354352	-0.7484766
-1.9606453	-1.8557874	-1.3427545	-1.7812114	-0.60076255	-1.6891408	-2.2728543	-1.009558	-1.9568313	0.9869102
-0.66729075	-0.4411395	-0.18646854	-0.84121734	-1.5415269	-0.80845314	-0.33545935	0.037238184	-0.9741924	-1.5194709
-0.88752764	-1.1656568	-0.39740887	-0.90797055	-1.0171223	0.23036213	-1.2576307	0.7537236	-0.14380471	-0.44934008
0.17021355	-0.3792468	0.4252952	0.05609761	-0.7360987	-0.49146882	-1.2711327	-0.14005163	-0.29371646	-0.5191226
3.9964612	4.698887	3.5485494	3.3685935	2.0100932	1.3258917	3.64811	1.4267778	0.941648	2.084424
-1.1114393	-0.34618378	-0.772794	-1.2777643	-1.288549	-1.2396388	-1.308745	-1.1905086	-2.0447621	-1.69124
-1.7257823	-1.9121615	-1.2048146	-1.6481731	-1.7530259	-2.1765811	-1.9278316	-1.2085594	-1.7281532	-2.2725208
-1.6389071	-1.6447687	-1.0858983	-1.6179042	-2.04401	-1.6560706	-0.8603402	-0.99068147	-1.5318149	-2.9936118
-0.17656825	-0.5359478	0.34211427	-0.3386499	-1.6941441	-0.37228838	-0.76245624	0.24793805	-1.5634423	-1.1385356
-2.1093087	-2.0792022	-1.3765427	-2.0638235	-1.309443	-0.9700711	-0.71044296	-1.0823734	-1.3386798	-1.4593456
0.23178285	-0.5108917	0.7513193	0.10667299	-2.0705192	0.4375049	-0.47445366	1.3873401	0.7166613	-2.2662024
0.5843534	0.62899876	0.9048394	0.42979217	0.7710979	-0.7605138	-0.27748495	-0.43129972	-0.5335148	1.1514474
-2.0291524	-2.1088033	-1.3238993	-1.9880403	-0.41012034	-2.1766152	-1.293567	-0.4735435	-2.325026	-1.6101829
-0.942436	-1.0987858	-0.5327501	-0.9817444	0.783404	-0.9301888	-1.5219363	-0.3340315	-1.0705785	0.16712001
-0.48127288	-0.43482918	-0.22147745	-0.6173841	-1.3801966	-0.66403973	-0.6513115	-0.23532327	-0.92206496	-1.6947119
0.011205874	-0.47487363	0.7592068	-0.0030014068	-0.13958065	-1.7592411	-1.7815323	-0.7163225	-0.51753825	0.16570386
-1.8732349	-1.9966818	-1.2304475	-1.8311158	-1.2458502	-1.6891216	-1.7617247	-0.80830306	-1.4517465	-2.5615158
-1.0125419	-1.642831	-0.55036604	-1.1022537	-2.4302406	-0.20932129	-0.20160253	-0.08243233	-1.3248798	-0.80444735
-2.0396428	-1.9804528	-1.3740346	-1.9743991	-1.5804073	-1.8188714	-2.829813	-1.96768	-1.9694926	-1.3040843
-2.5603015	-2.3723164	-1.8051801	-2.4436727	-2.2542937	-2.3306158	-3.2866046	-2.5640337	-1.863722	-1.2345759
-0.720896	-0.92325056	-0.2738535	-0.7164479	-0.15394615	-1.1053748	-1.0119046	-1.2383887	-1.406023	-0.6326547
-1.412106	-1.6007614	-0.8879056	-1.3969926	0.11520442	-1.4245573	-1.5634075	-1.1256005	-1.5691127	0.12845342
-1.2761868	-1.6292796	-0.7123312	-1.2376161	-0.68025875	0.23557563	-0.21357633	0.8397313	-0.122587554	-0.45071557
-1.310194	-1.1766922	-0.8910624	-1.1739973	0.5145613	-1.6604534	-1.370597	-1.7221298	-1.5115615	1.0125513
-1.9599108	-1.9741094	-1.3315696	-1.829636	-1.1723248	-1.8359756	-1.9155881	-0.9368214	-1.9767313	-1.8557223
-0.2963799	-0.6731148	0.4706377	-0.4774663	-2.4994168	0.15272316	-0.27859598	0.68533313	-0.06586812	-2.149668
-2.6154017	-1.6546777	-1.6963718	-2.5452425	0.3250307	-3.4339647	-2.3986647	-1.6892931	-2.284696	-0.2393797
-1.831162	-2.0626974	-1.1187122	-1.8116529	-1.2417825	-1.2663192	-1.8448542	-0.64000636	-1.0079073	0.38727787
0.006111808	-0.5733178	0.3522889	-0.16811533	-1.6458465	-0.7538478	-0.84597147	-0.35453326	-1.3336986	-1.4903896
0.121522	-0.4371629	0.67411554	-0.01960732	-1.4397148	-0.63188666	-0.98587465	-0.029683093	-0.258091	-1.6487378
2.3746703	3.6750941	2.6286948	1.8955326	0.59058917	1.7351116	2.8095255	1.9428728	1.9866102	0.5307501
-2.5262935	-2.2390475	-1.6789348	-2.4054444	-0.930215	-2.4666915	-2.8187187	-1.6219395	-1.4667025	-0.1556907
-0.40812004	-0.73142827	-0.12146941	-0.29688808	0.7903718	-1.5496197	-1.6046792	-0.55107784	-0.954476	0.66072565
0.64828366	0.5102606	0.8404298	0.50295556	-1.0448822	0.4927616	0.35809377	1.0407903	0.4448586	-2.329273
0.43500242	-0.75072646	0.881235	0.26064342	-2.408423	1.1326821	-0.41678974	0.32965058	0.6913764	-1.3245121
-2.4145675	-2.2990372	-1.5564568	-2.2909157	-1.220023	-1.6748645	-0.41296715	-1.5847434	-1.5417938	-1.6266257
-1.7748924	-1.7979568	-1.1685351	-1.7203192	-1.3729542	-2.2418022	-2.7025845	-1.1881794	-1.7523407	-0.7419064
-0.66176784	-1.2442962	-0.2201758	-0.77938676	-2.295736	-0.8242504	-1.4132441	-0.52378553	-0.16919443	-1.3809972
-2.1862621	-2.2683299	-1.4572502	-2.082908	-0.7335677	-2.3354344	-2.2275703	-1.5807376	-2.1762793	-0.5501754
-2.0757537	-2.0000522	-1.2640316	-1.9226546	-0.7898019	-2.0619082	-1.9139812	-1.2792566	-2.06132	-0.77243096
-2.7397294	-2.5722184	-1.9444315	-2.6367493	-0.47137752	-2.9257078	-2.4476888	-2.2047029	-2.8807557	-0.17872421
0.9208207	1.5838805	1.0170121	0.6217881	-0.3347227	0.6387139	1.4922655	0.7931167	0.010045789	0.18525179
-1.7201438	-1.9173247	-1.1041106	-1.668506	-1.4175211	-1.1057708	-1.2084754	-0.7741397	-1.6430316	-1.6450118
-1.2519101	-1.790019	-0.7391367	-1.2772346	-2.2384295	-0.6310606	-1.761381	-0.60870105	-0.4738917	-2.353765
-1.8438355	-1.8320816	-1.3862553	-1.7548889	-1.31123	-2.3285866	-2.5873299	-2.196547	-2.543725	-1.104114
-2.268451	-2.1988206	-1.5107633	-2.1939332	-1.0412121	-1.7812412	-1.3540963	-0.706119	-2.3242457	-0.3877959
-1.5082442	-1.3042846	-1.0652747	-1.5147905	1.07221	-2.1117835	-1.8457134	-2.8013787	-2.22471	0.46077576
0.21811345	-0.3859172	0.6646236	0.040473267	-2.0875938	0.24485806	-1.0982268	0.6433854	0.1303123	-2.4854283
-0.37005055	-0.44134712	0.032264188	-0.5423954	-1.842945	-0.73611504	-1.1841878	-0.6389462	-0.61138994	-2.2915
-1.7074322	-1.9225415	-1.1183351	-1.6429241	-0.29898843	-1.2841554	-2.155669	-0.87827486	-0.8607746	-0.47114894
-1.6319216	-1.7262193	-1.0391307	-1.4755142	-1.0035257	-1.929919	-2.1687741	-1.2224711	-1.1050185	-0.8450429
0.45490667	0.43374708	0.952067	0.2765149	-1.4903592	0.6927957	1.2653065	1.0437828	0.46322903	-1.6827984
-1.6193882	-1.8063204	-0.93098867	-1.549746	-0.93026626	-0.7171682	-1.602534	-0.15484847	-0.8665973	-1.3188392
-2.14068	-2.3384469	-1.4332827	-2.0379224	-2.0627568	-2.0616686	-1.9660554	-2.1142936	-2.7481706	-1.9560628
1.1941669	2.6752946	1.3846391	0.97164464	0.67200077	0.06386015	1.936023	-0.49347535	0.2333205	-0.21942881
-0.9495026	-0.6437069	-0.14964733	-0.9205399	0.92044497	-1.6465142	-0.04115195	-1.0484267	-1.1876394	1.4364729
-0.29130796	-0.8923906	0.36315337	-0.35222882	-1.2827026	1.265742	0.67056036	1.906058	1.0152224	-1.7143073
-0.32783106	-0.7543155	0.08255695	-0.49490368	-2.0839193	-0.01985946	-0.9468477	0.24578223	-0.5568859	-2.0951798
0.03935778	-0.53650403	0.5049784	-0.20625128	-2.623781	0.016181804	-0.12440611	0.9031823	0.12919953	-2.0187466
-0.90921384	-1.3009874	-0.40495935	-0.9536828	-1.1206782	-0.1346163	0.4580742	0.37349814	-0.42049393	-0.75086683
-1.9916174	-2.1945393	-1.3474892	-1.8774958	-2.0190995	-1.8891251	-2.7959945	-0.9272211	-1.3077719	-1.8943385
-1.2823583	-0.8617377	-0.8457062	-1.2671449	0.9911909	-1.7490194	-0.77173626	-1.6480451	-2.0185711	1.4465914
-0.22323099	-0.058356136	0.10506855	-0.2614013	-0.32923606	1.5442857	0.83321154	1.8573259	1.4824136	-0.32627106
-0.35420638	-0.50021875	0.065548375	-0.37009388	-0.15087788	-0.6216758	-0.8645982	-0.27094695	0.05883939	-0.5261197
0.6551336	-0.19263792	0.85870826	0.4780513	-0.90346277	0.7206398	0.33679712	0.8569324	0.41863295	-0.6017001
-1.7261419	-1.7629381	-1.1802831	-1.6352093	-0.1400105	-1.9271624	-2.2346368	-1.0401927	-1.4017005	-0.31422105
1.1703014	1.2895067	1.3734719	0.9188789	-0.80511403	1.898132	2.0095904	2.2784753	1.707912	-1.1001043
-0.3759172	-0.7201692	-0.080450386	-0.5813466	-1.7088879	-0.8691616	-0.8143585	-0.18563856	-0.6040756	-1.479503
-1.3638791	-1.2487996	-1.0792044	-1.362803	-0.91882074	-0.88672256	-0.91516805	-0.8010422	-1.2749963	1.1264931
0.6710036	-0.025538653	1.028155	0.37981385	-0.32135594	2.5097718	1.9587169	1.5349445	2.199893	2.2904058
-1.8894638	-1.9784396	-1.2875804	-1.8073163	-1.3583608	-1.6145649	-1.8470078	-1.7025152	-1.7372986	-1.8505546
-1.480504	-1.816795	-1.0306224	-1.4663836	-0.6396901	-1.2931852	-1.3481597	-0.3014337	-2.0579293	0.45776376
-1.5768702	-1.740065	-1.0461084	-1.5366403	-0.90900934	-0.9661105	-1.105625	-0.4179285	-0.92279935	-1.824814
0.10155549	-0.39330727	0.6146288	-0.08429395	-1.787203	-0.7015689	-1.1886926	0.19789958	-0.42068997	-0.1124522
0.4756753	-0.86580503	0.85624886	0.28788155	-1.5991557	2.7006907	1.3378923	2.4905438	2.3955507	-0.9581299
0.07886163	-0.6623718	0.4132225	-0.16409707	-2.3898296	-0.31840202	-0.5662377	-0.51229215	-0.34778363	-1.7687169
-1.2672052	-1.7089134	-0.6611048	-1.3886172	-2.9031677	-0.41897696	-1.2562337	0.11519442	-0.4287636	-1.8682389
-1.5473913	-1.3853804	-1.1827059	-1.4882053	-1.8125137	-1.2214363	-0.27865255	-0.2594026	-1.3468937	-1.2624834
-2.1819654	-2.3198023	-1.5127684	-2.0805144	-2.5652199	-2.345091	-2.641413	-1.2642244	-3.1713395	-2.5123427
0.34820044	0.11477271	0.48126733	0.27018213	-0.5875989	0.07465967	-0.76248837	0.21352488	-0.086689144	-1.4832094
-0.35734078	-1.2344005	0.062966734	-0.43193877	-0.9967457	0.1296966	-0.61973673	0.81100315	0.03813417	-1.8768083
-1.0471119	-1.2859905	-0.60891557	-0.9530952	-0.04994145	-1.4246413	-1.8032349	-1.1506854	-1.2385405	2.2426844
-1.9222507	-1.7616793	-1.3306261	-1.7417858	-1.5695435	-2.1412735	-1.1193494	-1.2567497	-2.4244287	-2.623004
-1.201835	-0.96005785	-0.94816923	-1.1251459	-0.23340666	-1.6126252	-1.3758483	-1.4750245	-1.9045364	-0.60381866
1.0489253	1.6997119	1.1783688	0.77978766	0.37775072	-0.48883504	-0.7667583	-0.310021	-1.7586284	-0.94351244
-0.0018639937	-0.2135323	0.6056212	-0.10546477	-0.71863055	1.466214	0.35273913	0.6094038	1.6502484	-1.2681471
-1.7571002	-1.8349395	-1.1686862	-1.7114434	-1.4221535	-1.8123851	-2.1173918	-0.79173714	-1.7366422	-1.480429
0.4497647	1.1941199	0.8204675	0.24643905	0.83009803	-0.1442505	-0.011860698	0.03123984	-0.08832367	0.4313346
-0.43409708	-1.1626558	-0.22345597	-0.531118	-1.2462425	-0.15607657	-0.64169884	0.36329457	0.03360562	-1.1322896
-0.89604455	-1.4859036	-0.25811523	-0.97452605	-1.7826971	-1.4144219	-1.1959159	-0.004309901	-1.8010582	-2.3837113
0.5790002	0.39439586	1.1260961	0.40996116	-0.06551412	0.7829885	1.1387938	1.3720546	0.2667867	-1.31064
-2.037286	-1.4900166	-1.4516724	-1.8960772	0.29322848	-2.6033084	-1.6860551	-1.0896593	-2.060973	-0.93420076
-1.813139	-1.953032	-1.2047913	-1.7823031	0.025871426	-2.1520262	-2.484033	-1.3957324	-2.0908775	-0.08322589
-0.48655307	1.3194426	-0.40982702	-0.71556807	0.65843046	-0.16804287	1.8142624	0.72504056	-0.18481608	0.23315437
-1.2960166	-0.9601346	-0.94478834	-1.2666051	-1.2755741	-1.0236253	-0.88141036	-1.2076366	-1.5659546	-1.7928448
0.12578532	-0.31841657	0.5664651	0.018198803	-0.72851324	0.34747642	-0.2774754	1.1356342	-0.2020262	-1.3002375
-0.99363184	-1.5835329	-0.52376246	-1.0748829	-1.5886778	0.87501425	-0.9879939	1.1714134	1.0298084	-0.97769535
-2.402599	-2.290439	-1.5729598	-2.2765112	-0.87722754	-2.8889515	-3.2170794	-2.2029245	-3.1704147	-1.6835932
-0.40378	-0.5338857	-0.01476568	-0.6076585	-2.1666565	-0.3005922	-0.09684412	0.196513	-0.3297618	-2.630213
-1.7352569	-1.7341043	-1.0590675	-1.7116454	-0.34630254	-1.2700906	-0.6811918	-0.26983398	-1.1067564	-0.07972124
-0.6596676	-0.5956723	-0.3566942	-0.74805367	-0.34540993	-0.91312593	-1.1467142	-1.2826258	-1.5422355	-0.96419686
-1.4756929	-1.7507619	-0.9636662	-1.3693326	-1.4298455	-0.5431151	-1.1818779	0.33302408	-0.80733126	-2.3649642
0.70360154	-0.2138825	1.1308092	0.55967724	-1.926115	0.081700794	-0.4706445	1.2497281	0.27716598	-1.874265
-0.6205039	-0.6732334	-0.28853527	-0.64324456	-0.59696513	-0.9222853	0.6468284	0.19621801	-0.6791026	0.88807
-0.49247143	1.1658219	-0.20737094	-0.73955786	-1.5885628	0.057518102	3.980197	0.5429603	-0.30726147	1.6686035
1.1413785	0.5378814	1.4070501	0.9372742	-1.2501615	1.4721804	0.8786775	1.6409042	1.4912043	0.08750734
-1.3072013	-1.3144519	-0.8127526	-1.2642641	-0.24094754	-1.877061	-1.5151294	-0.5618698	-1.5447621	0.7274422
0.08698989	-0.22314376	0.44300586	-0.059172466	-1.6297485	-0.11929191	-0.36053818	0.040196568	-0.14166647	-1.624498
-1.283931	-1.8950422	-0.8338772	-1.1803485	-2.254737	-2.284252	-1.4635551	-1.4341747	-1.6413326	-2.2319248
0.35485908	-0.36422402	0.69164944	0.10815866	-2.4743392	0.2532523	-0.90279454	1.1721978	0.2879232	-3.3554692
-1.7985486	-1.97473	-1.314145	-1.8115512	-1.6378715	-1.193677	-1.9963679	-0.61661714	-0.8501397	0.03509625
-1.6839231	-1.9340295	-1.1507076	-1.6585268	-0.81127375	-1.8180991	-1.3165579	-1.2871482	-2.1519105	-2.0829685
0.43292412	0.65661585	0.41033524	0.4293911	1.7488395	-1.1531821	-0.5837765	0.19815396	-1.1019098	1.3608241
-1.7269125	-1.8317664	-1.139683	-1.6201313	-0.35722008	-1.4664534	-2.10408	-0.59448034	-0.78172773	0.6074813
-1.5672966	-1.6927649	-1.1724958	-1.3587054	-0.41982958	-1.7484919	-1.3063743	-1.4494281	-1.1836364	-1.3620218
0.21653375	-0.17994747	0.7660326	0.054389507	-1.8016027	0.5222801	-0.78772414	1.385633	0.715304	-2.3850198
-1.8200312	-1.9138141	-1.188598	-1.7811327	-1.2883192	-1.0319117	-0.4559201	-0.30391282	-1.2799544	-1.1945591
-1.7427638	-1.9995832	-1.0826956	-1.6251383	-2.0561414	-1.353472	-3.2752087	-0.60225344	-1.198793	-2.0485287
2.3224702	3.4163485	1.7910783	1.73318	-0.49888897	1.0986685	0.38471848	0.37510794	0.58827186	-1.9765478
-1.4711351	-1.7742541	-0.81343794	-1.5542005	-1.8945689	-2.0228665	-1.7394549	-0.8608351	-1.6825793	-1.6108329
-2.4388845	-2.1980302	-1.5011829	-2.3336425	-0.5809952	-2.8512309	-2.7073927	-1.4348577	-1.2978683	-0.7081932
0.7773747	0.7364336	0.95687044	0.5002043	-1.8471125	0.3506188	1.6100609	0.28784087	0.32344332	-1.6763253
-0.7292994	-0.6392131	-0.58744526	-0.7344554	-0.3236306	-1.2063233	-0.67329884	-0.5409886	-0.706431	-1.0079721
-1.1764699	-1.3972125	-0.74150395	-1.1940637	0.41752943	-1.5401125	-1.4839404	-1.0213802	-1.8368074	0.73802865
-0.91013795	0.010135502	-0.6298245	-1.0199126	-0.6089636	-1.2640243	-0.4722668	-0.4867288	-0.8418994	-0.82547784
-1.5731968	-1.7325546	-0.9493036	-1.5515264	-0.1839562	-1.3284132	-1.9265597	-0.7371999	-1.5810219	-1.1142635
-1.1208798	-1.365079	-0.59386396	-1.168354	-2.0260758	-1.4454418	-1.3522993	-0.99609053	-0.93769974	-1.001803
-1.9521252	-1.8553551	-1.1500219	-1.9290597	-1.2403332	-1.4738033	-1.4680897	-0.5852976	-1.428539	-1.9668887
-0.43144393	-1.3127393	0.20471247	-0.5346084	-2.6579764	-0.60769415	-1.2295507	-0.49522972	-0.9547728	-3.3371782
-0.32011536	-0.41450757	0.08140439	-0.5548933	-1.8466353	0.49137422	0.7311517	1.1418757	0.80507094	0.5851509
-2.3157594	-2.2390566	-1.5495424	-2.186911	-1.4854034	-2.1559434	-1.3931657	-1.6959051	-2.113514	-1.0237112
-1.9233975	-2.0492878	-1.2839599	-1.8740683	-1.7313186	-2.1698394	-2.1729574	-1.6089493	-2.0764954	-1.1361842
1.3348979	2.656737	1.9530482	1.0994298	0.27908078	0.51378083	0.85547644	1.075913	0.5798543	0.23188195
-0.66731364	-1.2502793	-0.061145842	-0.69328004	1.3174931	0.9609635	0.680963	1.050547	0.58889	-0.6839072
0.2896011	-0.21465868	0.7774806	0.117843136	-1.4890652	0.52446485	-0.5295211	0.8981535	0.3969064	-1.538516
-1.863999	-1.9485283	-1.1947969	-1.7726952	0.17165747	-1.2737614	-1.4526174	-0.7542575	-1.5105487	1.3361381
-1.7144296	-1.8884946	-1.1954607	-1.6036541	-0.97153056	-1.4478842	-1.5098914	-1.3351281	-2.0312102	-1.9706274
-0.945592	-0.71205276	-0.63587093	-0.96851933	-1.6438296	-1.4666624	-1.326502	-0.51908225	-1.0392935	-1.3059492
-1.4911656	-1.696372	-1.0116143	-1.4051605	0.30598184	-1.1823381	-1.845351	-1.1184008	-0.7889191	1.2401271
-2.132653	-2.1826065	-1.3753135	-2.0407643	-0.34704444	-2.1170282	-2.3611274	-1.7730302	-0.82358307	0.38584238
-0.9150372	-1.2451255	-0.5040169	-0.91759324	-1.7882631	-1.2317953	-1.3904083	-0.5719778	-0.58583856	-1.6704409
-2.2968652	-2.2737327	-1.4240048	-2.1720736	-0.7334026	-2.0358825	-2.5892012	-1.2842185	-0.9261345	-0.470949
-2.2229655	-2.2745447	-1.4053732	-2.1303327	-1.1024194	-0.84861076	-2.285932	-1.2413338	-0.7052926	-0.78308475
0.21824601	-0.23171535	0.47738257	-0.03492506	-1.3819321	1.143457	2.2019079	1.8580276	0.6094022	-0.60187054
-1.9995561	-2.078882	-1.3947203	-1.7921023	-1.3522643	-1.7324378	-1.6509945	-0.6920236	-2.174062	-1.3242822
-0.65496045	-1.441962	-0.42685398	-0.650811	-1.4055098	1.4223107	0.16310626	1.2677361	1.429778	-1.260859
-0.40336782	-0.7129427	0.010202318	-0.49655157	-1.2679428	0.58029634	0.09869298	1.3015845	0.29763898	0.8069539
0.39791805	-0.3654783	0.5040188	0.2315801	-1.0486286	0.76208514	0.5192285	1.1694314	0.17171758	-0.7770903
-0.7482771	-1.0462472	-0.45857385	-0.85319775	-1.8839607	-1.1248207	-1.3544894	-0.9551156	-1.3769917	-2.0858061
-0.6749983	-0.97716546	-0.12348482	-0.83866256	-1.409604	-0.5678752	-0.75219905	0.10264281	-0.7456858	-0.90606284
-0.29529986	-1.2978871	0.098768026	-0.35854226	-2.1305847	3.012359	-1.0290705	3.9341648	2.8316374	-2.185175
-0.79277563	-1.037466	-0.052409142	-0.8238546	-2.0905492	-1.2640988	-1.396566	-0.3252287	-1.0192416	-3.018982
0.70110637	-0.02617602	1.1203632	0.51569307	-1.7206355	-0.43914834	-0.94107324	0.24931754	-0.8774683	-2.3691773
-2.2166271	-2.2259111	-1.4288167	-2.1097996	-0.9188334	-2.2506135	-1.8704231	-0.9301819	-2.2535865	-0.43719178
-0.6033316	-0.59466463	-0.09150097	-0.7381698	0.04159248	-0.888298	-0.09404185	0.0060961302	-1.0334908	1.421661
-2.722464	-2.383989	-1.7390616	-2.65234	-1.4810885	-2.049387	-0.39770037	-0.48957965	-1.5983773	-1.8462805
-2.0364406	-2.1712525	-1.3680198	-1.9454781	-1.0690993	-1.9673234	-2.156565	-0.9165266	-1.3647641	-0.8681297
-0.2077125	-0.12680352	-0.03334403	-0.31867886	-1.3888111	-0.14279203	-0.79996616	0.45264125	-0.021850778	-1.7305857
-1.6475033	-1.5944948	-1.1173244	-1.6754563	-2.7394204	-1.0993652	-1.8627173	-0.44193318	-0.7800284	-2.8872702
-0.19166309	-0.058380634	0.35815236	-0.3505785	-1.3327796	-0.02501438	-1.5552417	-0.47813553	-1.9423318	-1.0486346
0.52701175	0.77776766	0.7231881	0.41632324	-0.072125375	0.5332722	0.7936575	0.730464	0.48202673	0.94597125
-0.58813995	-0.0084925	0.0053775012	-0.66997623	-0.5897054	-0.37243634	0.36702365	0.22443989	-0.007031957	-1.0154043
-2.078833	-2.0146685	-1.4380608	-1.9442753	-0.7963424	-1.4643514	-1.1439638	-1.624091	-1.1169125	2.179546
-2.4684741	-2.3880584	-1.6224201	-2.3680687	-1.8187371	-2.5678031	-3.0058515	-1.7802064	-2.711116	-1.1154878
1.4918491	1.0985394	1.6152226	1.193763	-0.11971855	1.4246656	-0.00684679	1.1684648	0.99874645	-0.76247734
-0.97863966	-1.535018	-0.62147725	-0.870157	-1.731742	-1.5474365	-1.67481	-0.80540305	-1.4632685	-2.1835673
1.469771	1.993614	1.3260684	1.2228111	0.6446036	1.094412	1.0169033	1.0007049	0.83472335	-0.2697955
1.9907438	1.859987	1.6096097	1.6736517	1.7971536	3.1603239	4.4634476	2.5548856	2.5443103	2.0038173
-1.7130997	-1.7314552	-1.1382767	-1.6887721	-1.1514468	-2.1042342	-1.3219318	-1.3695511	-2.3633134	-1.1990427
-1.0853525	-1.3940549	-0.6888392	-1.0275481	-1.3379954	-0.12595911	-0.77162474	-0.4246584	-1.5405313	-1.2881511
-0.66230315	-0.82693493	-0.38794014	-0.73205936	-0.7520708	-0.8714143	-1.1756468	-1.0605707	-0.97162575	-1.052375
1.8587041	2.3591962	1.9355679	1.5591587	0.92836297	2.0501764	3.82293	2.296596	1.1791453	1.3256061
0.8271828	0.7435826	0.7339473	0.7235725	0.1189622	1.1137564	1.8419816	0.44319603	0.98924255	0.49599645
-2.3836553	-1.8050935	-1.7702522	-2.3154774	-0.55472744	-2.9197884	-2.7230926	-2.2852302	-3.0712924	-0.110421084
-0.2106925	-1.1783452	0.11020526	-0.25783664	-0.9816172	-0.5205614	-0.838537	0.24270238	0.7614121	-0.42074808
0.79052776	-0.07398094	0.82595074	0.68286663	-0.021326303	0.8898211	0.24039924	1.7570378	0.5011367	-0.08230717
-0.36043164	-0.58564913	-0.2218957	-0.45396256	0.58472466	-0.24246003	-0.15705031	-0.32346696	-0.24786478	1.8481138
-0.604729	-0.56804687	-0.28773054	-0.6930984	-0.35931548	-0.27628303	-0.24271566	-0.3875255	-0.75706226	-0.026125524
-1.9518231	-1.9793433	-1.3303685	-1.8786519	-1.0141473	-1.540228	-1.4287409	-1.2693733	-1.6800859	-0.06166281
-1.5741593	-1.6074597	-0.9068614	-1.6019834	-1.258794	-2.2481358	-2.2061064	0.27874702	-2.0720198	-2.1956193
-0.808989	0.32406262	-0.30754867	-0.76754653	-0.5279776	-0.51399153	1.570469	0.74123603	-0.7052926	-0.72803414
-1.5558269	-1.4847178	-1.0148495	-1.4941982	-0.034191877	-1.6791017	-2.040078	-1.123445	-1.573458	-0.54674864
0.16072586	-0.51904094	0.62318027	0.011943147	-1.8015591	-0.08242243	-0.75335443	0.4778157	0.29640305	-2.1100738
-1.9818461	-2.0275607	-1.3460642	-1.9331616	-0.8352822	-2.2078438	-1.656492	-1.3385662	-1.7975821	-1.3165693
-1.7589127	-1.9319117	-1.128255	-1.6604121	-1.0633258	-1.4707617	-1.3955885	-0.59655863	-1.7807727	-0.5763901
-1.0915639	-1.0219849	-0.86308026	-1.109947	-1.3884026	-1.4102223	-1.6492788	-0.7978532	-1.6982064	-2.220438
-1.0427233	-1.3272042	-0.6150117	-1.1406671	-1.217559	-0.65306354	-0.63988554	-0.39113	-1.133201	-0.9920028
-2.3231251	-2.229243	-1.5562505	-2.243635	-1.7970583	-2.3219395	-2.0511668	-1.6277933	-2.433219	-1.6714088
-2.187987	-2.1742108	-1.3970499	-2.06156	-1.1171764	-2.4724326	-1.7657582	-1.8405223	-3.2906888	-0.69020087
-2.1270635	-2.2018118	-1.5225068	-2.0208626	-1.7529895	-2.8568408	-1.5458456	-1.9956539	-2.004302	-2.858899
-2.0639548	-1.9117596	-1.3941205	-1.9969753	-1.2494752	-1.5239608	-1.9491843	-0.9083368	-0.75418127	0.009508686
-2.1005263	-1.9993744	-1.3372327	-2.0705204	-1.1564533	-1.5281892	-1.3257176	-0.10967469	-1.636728	-0.25035313
-1.8435614	-1.7819442	-1.2407526	-1.7337266	-1.1361555	-2.0696821	-2.9751818	-2.7896533	-2.0943348	-1.3233669
-1.6423553	-2.304309	-1.1641693	-1.6335223	-2.9377544	-2.2061987	-2.5941896	-0.97181034	-1.8418275	-1.921381
-0.8915671	-0.12979874	-0.5576811	-1.0968229	-1.0455772	-1.4024415	-0.4918016	-0.4692517	-0.97802687	-1.2400622
-0.5280939	-0.8788279	-0.16901872	-0.5397946	-0.49334472	-1.1826189	-1.262022	-0.19924754	-1.1410847	-0.26203984
-2.256041	-1.9666566	-1.627229	-2.1583726	-0.61497056	-2.1264753	-2.3765633	-1.3541912	-2.8257015	-2.255073
-1.5163019	-1.8680656	-1.0492913	-1.4547389	-1.4145033	-1.1953697	-1.1420581	-1.2539886	-0.84357655	-0.9423548
0.045619175	-0.6439705	0.45156842	-0.07658837	-2.0213642	0.009264306	-0.8107981	0.449565	-0.1268532	-2.2389724
-0.39934352	-0.47664723	0.08311257	-0.5005958	-1.4218745	-0.75139946	-1.0541599	0.27445775	-0.6723554	-0.94189024
-2.2314675	-2.2715397	-1.5343822	-2.1413865	-1.6891536	-2.199821	-2.3320975	-1.4107198	-0.9335659	-1.7717916
-1.4891151	-1.675766	-0.9771539	-1.4468364	-1.6601039	-1.1843774	-1.9234967	-1.0968944	-1.286428	-1.3761352
-0.79581887	-1.2545626	-0.67587686	-0.7196529	-0.823393	-1.7187495	-1.8419652	-1.1320964	-1.5303057	-0.3997681
-1.5616659	-2.0783978	-1.1673646	-1.4256991	-2.1681392	-1.0699388	-1.5364513	-0.75232214	-1.2395571	-2.870116
-1.688444	-1.818943	-1.1561354	-1.6392266	-0.929355	-1.3255723	-1.6172564	-1.2817838	-1.8948265	-0.37390667
-1.8763057	-2.0102987	-1.2268574	-1.734593	-1.5402884	-1.8813246	-1.7682813	-1.0206017	-2.576739	-1.0581982
-1.0848197	-1.3671355	-0.59951246	-1.1028297	-0.5824845	-1.9900973	-2.0322604	-2.8981686	-2.6452255	-1.1837339
-0.6152225	-0.98385584	-0.20951277	-0.7429912	-1.7200719	0.7170907	-0.41132483	0.6071406	1.3026555	-0.27354914
0.076238416	-0.6412719	0.47918528	-0.080104575	-2.3005643	0.48508033	-0.9680407	0.7658042	0.5087844	-2.1172514
-1.9012572	-2.0072174	-1.2338117	-1.95854	-2.2279165	-2.4792624	-1.8968486	-1.7370178	-2.1207638	-1.8437768
-1.7656633	-2.0360417	-1.253282	-1.6740252	-1.2731051	-2.9124377	-2.2999973	-1.8248808	-2.7418892	-1.0388575
-1.3224452	-1.0718828	-0.78376603	-1.3318541	2.2280602	-1.0968	-0.8013921	-0.3265149	-1.681603	4.053519
-1.6707196	-1.7333407	-1.0584377	-1.6152822	-0.083470285	-1.6342413	-1.1326804	-0.5314688	-2.5942566	-0.5414487
0.022414826	0.09435135	0.062027007	-0.086914375	-1.4352809	-0.27456135	-0.67558265	-0.07692028	-0.025250293	-1.9443263
-2.2571983	-2.3298805	-1.4510444	-2.0953555	-1.3594773	-1.9684926	-1.7342665	-1.2616549	-2.1115036	0.32612625
-2.8094504	-2.627354	-1.8002946	-2.6998754	-1.8199178	-1.2247002	-1.8087771	-0.0750589	-1.0119804	-2.440395
-2.7366662	-2.4940577	-1.8216853	-2.6144664	-1.8042426	-2.7699556	-2.1762452	-1.7857955	-3.3414717	-2.1104918
-2.0348303	-2.0438967	-1.3771068	-1.9672107	-1.6777653	-2.0195808	-2.2509568	-1.5730672	-1.435442	-0.6679158
-1.4850512	-1.6069499	-1.0685503	-1.4015174	-0.63166165	-1.2448939	-2.2565215	-0.62887406	-1.0241485	-0.8735246
0.8958366	0.67236364	1.0402536	0.64284825	-1.2335116	2.5306573	-0.43335602	2.4043345	1.9377371	-3.347658
-0.3059283	-0.914003	-0.019395083	-0.3906166	-0.23939805	-0.89644945	-0.88761777	-0.04288871	-0.34882632	0.0013191394
3.490692	2.466616	2.858196	3.024682	-1.0057899	1.3240166	1.3424128	1.2951012	1.3904634	-0.86079544
0.6172698	0.95257044	0.8079449	0.4513728	0.96240103	-0.16146469	-0.7162296	0.24680789	-0.9891733	0.6367104
0.24761987	0.13947922	0.56653494	0.2302077	0.07946023	0.053225055	0.3518979	0.37213072	-0.27592647	-0.13166529
-0.11682553	0.03921175	0.5455966	-0.1971714	-0.25255558	-0.98090506	-0.67318153	-0.67867786	-0.64452785	-0.6374979
-1.4786178	-1.8030798	-0.9451823	-1.4726064	-1.160362	-1.80875	-1.8365606	-1.1634747	-2.1367648	-1.2401637
-1.6584225	-1.7101647	-1.0270616	-1.5657955	-0.81524926	-1.2553793	-1.1075184	-1.3617694	-1.7522808	0.15942945
-0.33848113	-0.71195537	0.05521694	-0.39938843	-0.9761287	-0.6542543	-0.8649478	-0.0037249008	-0.41860813	-0.8970632
-0.8654045	-1.1788942	-0.3969637	-0.9790608	-1.6062822	-0.33597246	-1.0077738	-0.6567993	-0.26253954	-0.9141845
-2.176334	-2.2242613	-1.4308234	-2.0967035	-0.59529346	-2.5305114	-2.9039338	-1.4898897	-2.8661242	-1.5610499
-2.3518212	-2.132549	-1.4529697	-2.2381086	-0.8557532	-1.945939	-1.0680202	-1.2200681	-2.0467672	-1.0626825
1.7682441	0.12608835	1.8970493	1.5417453	-0.19477485	-0.57610756	-2.3319452	-0.27571434	-0.6762455	-0.38547346
-0.83885926	-1.1523639	-0.44153127	-0.9100617	-1.7050382	-0.07129751	-0.7214862	0.2425851	0.48971155	-1.5531245
-0.65276176	-1.2914194	-0.3563964	-0.6433279	-0.7237252	-1.0957348	-0.8580534	-0.7166712	-0.7264874	0.30271858
1.1431971	0.7053546	1.1935079	0.82819676	-2.052542	0.21769637	0.25379592	0.86968553	0.13613804	-2.8876424
-0.5258485	-1.8114927	-0.42904177	-0.62613845	-0.75263363	-1.5877424	-1.8226413	-1.2849896	-1.7625829	-0.3704508
-0.12671378	0.180879	0.22387987	-0.23838757	0.5806806	0.12911706	0.84976995	0.74367815	-0.30500656	2.6468837
-2.2367659	-2.2045894	-1.4317867	-2.1869917	-1.3183151	-2.802457	-3.1113408	-1.0687039	-3.4417896	-1.1519935
0.1710569	-0.7279953	0.5983796	-0.018757015	-2.6504993	-0.19212985	-0.9502267	0.2901789	-0.34244156	-2.6838236
4.0307083	2.3356946	3.349211	3.558926	0.94044065	3.3971117	3.828918	2.4940736	3.409056	1.1089338
-1.4802955	-1.63017	-0.8916303	-1.4430919	-0.6093508	-1.90067	-2.3659916	-0.7822296	-2.305962	-1.287513
-1.3999537	-1.7839015	-0.9115578	-1.3928933	-0.41888657	-0.14500204	-1.1904186	-0.2807736	0.18629076	-0.94652617
-0.6824784	-1.2864673	-0.38307592	-0.7627929	-1.4644169	-1.5955083	-1.0807998	-0.7112363	-1.470403	-2.0811286
0.53692865	3.4006507	0.8283547	0.07267265	0.35586497	0.83124137	4.7779355	1.5043604	0.78435534	2.466011
-0.40640703	-0.25025463	-0.0033860952	-0.5835299	-1.4560512	-1.469186	-0.8268896	0.012895723	-1.0943929	-1.3617129
-1.5963832	-1.5211993	-1.0149723	-1.5576419	0.2659082	-1.7760066	-1.7801077	-1.0196322	-1.3119303	-0.047889538
-1.3405272	-1.506262	-0.870731	-1.3000648	1.0975362	-1.0867841	-1.4671189	-0.8653987	-0.8966246	1.197147
-2.4482229	-2.3444502	-1.5707765	-2.3791676	-2.0758398	-2.399158	-1.8516104	-1.2017735	-2.5375013	-1.8696316
-1.4981319	-1.6985102	-0.91578233	-1.4378759	-1.2296281	-1.7594588	-1.4779993	-1.1203635	-1.3559046	-1.6731204
0.88323736	-0.38027903	1.1547849	0.6896046	-0.7567432	-0.50155866	-0.5756031	-0.12801844	-0.5961943	-1.1487623
-1.468032	-1.5612788	-0.9408864	-1.3381435	0.6444442	-1.2319382	-0.6034952	-0.28168508	-2.8872783	0.24028762
-0.42123637	-1.5300522	-0.09469262	-0.46421582	-2.1097107	1.8246404	-0.96605176	1.7574215	2.0380228	-1.8381996
1.443605	0.909794	1.8014554	1.2248123	-0.43028033	0.9934022	0.68249166	1.2778566	0.76056856	-1.0254744
0.37920442	0.6526511	0.6366744	0.16703652	-1.064001	-2.1412826	-1.7069775	-0.40685323	-2.1506994	-2.0272977
-0.16492456	-0.61200345	0.21761164	-0.22827195	-1.5569923	0.09124571	-0.29776472	1.0469085	-0.017785642	-1.5436978
-0.61272246	-1.216268	-0.5734348	-0.5930438	-0.55826855	-1.1627352	-1.8966124	-0.9747203	-1.6697348	-1.8304142
-1.1236299	-1.3750315	-0.6050825	-1.0112792	-0.08590546	-1.3946438	-0.93417245	1.074149	-0.45979962	-0.28789327
-2.396268	-2.3596492	-1.5387962	-2.2949328	-1.8312643	-2.1266868	-1.97637	-1.1898427	-2.3555064	-1.0726448
-1.3719954	-1.5627974	-0.83445036	-1.3780894	0.13689494	-2.053177	-2.4472759	-1.8968601	-1.4221995	-0.51860476
-1.3865079	-1.6536492	-0.95360684	-1.2627282	-1.5239216	-2.0114324	-2.2684257	-2.1565485	-1.5062544	-1.211939
-2.4406364	-2.607886	-1.6729658	-2.385925	-0.7782815	-2.2873101	-2.1701078	-1.1774569	-2.7638593	-0.8430411
-1.4813632	-1.6673923	-1.0399266	-1.3769075	0.18819067	-1.7835308	-1.7551414	-1.3092551	-1.9704694	-0.0134875905
-1.9679132	-2.2753356	-1.4417801	-1.8663998	-2.8995037	-1.7784895	-2.4886951	-1.275295	-1.5783192	-3.22891
-1.3959602	-1.376929	-0.9383342	-1.3204403	-0.96606433	-1.6279933	-1.2740533	-1.160121	-2.0867941	-1.4630837
-1.452215	-1.9911418	-0.9752083	-1.3397917	-2.1011717	-2.304217	-2.6460505	-1.7628249	-1.4227089	-3.0248187
2.2271788	0.053445786	2.1028588	1.8604741	-1.4457322	2.229839	0.14232185	1.8324049	2.4541636	-2.4778438
-0.8385312	-1.2320771	-0.40998223	-0.8355754	-0.592958	-0.81223863	-1.334487	-0.07004999	-0.3631869	0.28809413
0.35507423	0.03530088	0.76995516	0.18321173	-1.4796557	0.37741223	0.62570107	0.9819067	0.7281271	-1.9824005
0.49213567	-0.07793039	0.96753836	0.3908509	-1.3254093	0.17875297	-0.2604948	0.7918614	0.27483684	-1.8689878
-1.9980596	-2.018326	-1.2954749	-1.9626763	-1.6252443	-1.6530204	-2.1182473	-0.86852694	-2.0770423	-0.41883573
0.48974267	-0.43860233	1.091681	0.3684972	-1.8634944	1.0088872	-0.46884307	1.358867	0.77117574	-1.8786654
-0.22483507	-1.0213904	0.10984449	-0.36108625	-2.2365608	-0.016586788	-0.79438955	0.18554023	0.11847872	-2.9448607
-1.2203709	-1.5834296	-0.72159815	-1.268374	-2.639033	-0.48017687	-0.9386636	-0.04803125	-1.1658094	-2.9351363
-1.7967923	-1.858017	-1.2424581	-1.7374024	-1.0082071	-1.7059036	-2.073049	-0.684761	-0.21986574	-1.0956796
-2.3265266	-2.2922275	-1.5578501	-2.192362	0.16122922	-2.1634815	-1.9420209	-0.34294748	-1.9426918	0.8723682
0.20065188	-0.4275634	0.5723997	0.004135981	-1.5951527	0.7872871	0.33320308	0.6922494	0.17394054	-1.7090005
0.32558638	0.2355822	1.0005491	0.22483848	-0.15902638	0.48365766	-0.011952896	-0.15143974	-0.27263007	-0.47805214
-0.97998595	-2.1721163	-0.40639564	-1.0447893	-1.4102827	0.65888137	-1.806708	0.62906384	0.38338962	-0.7896367
-0.7522502	-0.95211124	-0.37641093	-0.94273996	-2.3841352	-0.21849504	0.36797705	-0.06458564	-0.6058118	-2.1136405
-1.2723343	-1.0560268	-0.83000004	-1.3473265	0.35889617	-1.435452	-1.3051904	-1.4124178	-1.6244664	0.634006
-0.79300433	-1.2473631	-0.33716503	-0.7629828	0.22806624	-0.7849178	-1.6901567	-0.050192088	-0.49679992	-0.6216023
-0.48623884	-0.77618086	-0.05660799	-0.6797768	-2.2875814	-0.5718152	-0.08588693	0.20952757	-0.406342	-2.1449535
0.38832924	-0.32542142	0.804901	0.19649701	-1.8609377	0.24999954	-0.768492	1.2074082	-0.361327	-1.242224
-0.11428074	-0.7918539	0.11987206	-0.14895041	-1.0882546	0.009328521	-0.65008616	0.4720347	0.072514094	-1.4742932
-1.8160881	-1.8933924	-1.2327516	-1.6652253	0.61776435	-1.2026515	-1.6802714	-0.72689086	-1.722945	1.2572498
-0.024118368	-0.70309246	0.49144676	-0.15504307	-1.7766848	-0.25536877	-0.42807296	0.59084255	-0.04656774	-2.1831822
-0.83501405	-1.2005624	-0.33939418	-0.84490967	-1.8841686	-1.4333936	-1.4593995	-1.0927776	-1.5373073	-2.3421466
-0.42024773	-1.0614402	0.047532007	-0.56251824	-2.1898048	-0.9757132	-1.6269621	-0.8527927	-0.7407361	-1.4981456
-0.61672914	-0.98648727	-0.23988506	-0.72878504	-1.1842759	-0.6013842	-1.1047899	-0.17031187	-1.0950276	-0.5492757
0.41869482	-1.1459088	0.5928142	0.29907662	-1.4599171	1.1183468	-0.34806016	1.7818593	0.8407755	-2.1892822
-0.27250433	-0.6340294	0.012317151	-0.36085352	-0.6502537	0.12309006	-0.6129889	0.4459241	-1.1559583	-0.72282666
-1.9155307	-1.7309699	-1.2519772	-1.8398268	-0.90869105	-2.0577645	-1.9443209	-0.8625874	-2.3329537	-0.43493018
-0.057937577	-0.4207999	0.4489637	-0.2487749	-1.4665874	-0.7822468	-1.1478558	-0.121568546	-0.5250264	-1.1994641
1.8658744	1.4487771	1.4598315	1.7329493	-1.0880204	0.6610879	0.7971903	0.39647034	0.18411796	-1.3219669
-1.4350244	-1.4045018	-0.8981427	-1.3366066	1.1378378	-1.6978327	-1.71362	-0.9828819	-1.7298537	1.6231083
-2.408505	-2.2824821	-1.4978571	-2.2909052	-0.9041244	-1.8244166	-0.6387085	-0.23359253	-3.0678627	-0.39537686
-1.715377	-1.8502762	-1.1842198	-1.66089	-1.6098683	-1.2220409	-1.7096801	-0.8918883	-1.5647378	-1.839237
-0.76810694	0.60761714	-0.51609826	-0.8121929	0.72467744	-1.3655556	-0.64264303	-0.5484888	-1.3682091	1.011683
-0.73139435	-1.0091417	-0.26202342	-0.6001466	-0.40367457	-0.7671829	-1.4373952	-0.049699906	-0.8133336	-0.8256779
-1.6159815	-1.6833591	-1.1108139	-1.5268973	-1.2600107	-2.8370266	-2.4586527	-1.9109873	-2.726047	-1.4907265
-0.58290595	-0.4661013	-0.11249295	-0.67900544	-0.7705098	-0.37670133	-0.98273367	-0.0418473	0.09428195	0.09537534
-1.5488465	-1.3734256	-1.0658116	-1.4852703	-1.0259838	-2.3510997	-2.1442082	-1.0798302	-2.320419	-1.4399155
-0.8437722	-0.9044851	-0.38366708	-0.9024817	-0.5090522	-1.1738166	-0.7137407	-0.586811	-1.5044144	0.3600822
-0.15023424	-0.8235227	0.2313923	-0.24921577	-1.2916843	0.7785711	-0.6138223	0.70149714	-0.49114686	-1.9221406
-0.8633264	-0.92407596	-0.5790323	-0.95901513	-1.5423578	-1.8111354	-1.590147	-1.7601515	-1.9571569	-1.6884402
-1.919046	-2.1155922	-1.3032396	-1.7934192	-1.0933409	-1.5124917	-1.6362438	-0.8074671	-2.0230346	-2.027982
0.27890143	-0.12085516	0.8717526	0.09301494	-2.0178168	0.6582354	0.88868815	1.0445724	0.37087828	-1.4942046
-3.6600847	-2.7676017	-2.5007288	-3.4232032	-2.30176	-3.4100235	-1.4248646	-1.8685635	-3.0492246	-2.0602548
-2.1145077	-1.9339277	-1.363798	-2.120563	-0.5150229	-1.5493822	-2.0820792	-0.2374818	-1.1326929	0.2044672
0.36002594	-0.34536618	0.7326399	0.1345249	-1.9083084	0.2021478	-0.31247324	0.9581276	0.2500055	-2.0313447
0.24449229	-0.5176269	0.6580521	0.03193575	-2.1278207	-0.043982707	0.03249141	0.6394823	-0.18746956	-2.3254983
-1.1213869	-1.5324688	-0.544876	-1.1158847	-0.50478065	-1.7057642	-1.6890477	-1.0351359	-1.2988355	-3.5139186
-1.0138193	-1.2781408	-0.53548694	-1.0307081	-1.6662623	-1.1322598	-2.2164137	-0.61177266	-1.1349585	-2.1289678
-2.6240044	-2.2752209	-1.8051915	-2.518845	-1.9952873	-1.5554665	-1.7560681	-1.2876943	-1.2650484	-1.7495552
-0.6238211	-0.5627636	-0.16740769	-0.63030607	-0.8231617	-0.031093298	-0.5879581	0.009541195	-0.4422259	-1.3247951
0.11890384	-0.2043382	0.36799425	-0.08445788	-1.9915726	-0.30843633	-0.55189586	0.038861595	-1.046541	-1.816763
-2.2292473	-2.174301	-1.4510806	-2.1704676	-1.5663232	-1.7018162	-1.0829358	-0.8242507	-2.2198658	-1.3092703
0.1006509	-0.39036715	0.5761578	-0.08239341	-2.0097077	0.29277226	-0.646559	0.86449546	-0.1877238	-1.9875654
-1.6516613	-1.946033	-0.9528042	-1.6467148	-0.65942323	-1.812628	-2.330743	-2.3225224	-1.7371999	-0.6667286
0.4944584	-0.8015257	1.1503524	0.37018007	-1.9336057	-0.1725926	-1.7602139	1.1906258	-0.3695918	-3.611101
-0.08601264	-0.34495825	0.45354176	-0.10469471	1.5280851	-0.48123434	-0.50584334	0.8456281	-1.0689673	-0.62269306
-1.4332337	-1.6263542	-0.8712678	-1.3882034	-0.98548305	-1.3203453	-1.3627132	-0.4314109	-1.8096968	-1.0660431
0.01738993	-0.9182638	0.5691987	-0.11557108	-2.4905841	0.24848552	-1.154828	0.78076863	0.17751431	-1.6581148
0.38762954	-0.48753023	0.7276386	0.191168	-0.7955792	-0.1256631	0.07030789	0.46068674	-0.068325125	0.20593387
2.0915563	0.84213626	2.0184557	1.8977852	-0.51126754	0.35973838	-0.22075427	0.9471739	0.07316108	-1.615906
-2.4072542	-2.1885316	-1.6408533	-2.2880716	-1.4407477	-2.75975	-1.0675517	-1.3905572	-3.7040784	-1.7358165
-1.1897053	-1.5354244	-0.7049533	-1.1820966	-1.6608728	-1.3761714	-2.4528267	-0.83165073	-1.5055771	-2.4075665
-2.1406791	-2.168549	-1.3690008	-2.0653484	-0.8674911	-2.1144133	-2.09814	-1.3903357	-2.4484396	-0.7809476
0.61586183	1.2308887	1.2293663	0.48617733	-0.46852	0.77619046	1.4292133	1.3485662	0.14979829	-0.43199408
-1.1888098	-1.2154208	-0.6158761	-1.157152	0.24998	-1.0946538	-1.1269839	-0.77372193	-1.284696	-0.695722
-0.58479416	-0.4809022	-0.3979974	-0.66151136	-0.65789795	-0.5783026	-0.3994192	-0.9346089	-1.221684	-1.4883015
0.9791977	0.6622809	1.2373587	0.6738761	-0.6597983	0.41100395	0.7461078	0.29697803	0.39524153	-1.2901062
-0.09274405	-0.90008247	0.15442735	-0.27529043	-0.9003545	0.63648885	-0.61673576	0.57787186	0.3741313	-0.640686
-1.5932674	-1.316877	-1.0687356	-1.5672637	-0.40834874	-2.2662435	-2.1004572	-1.6570382	-2.1297245	0.7239021
-1.8668346	-1.7871778	-1.1245407	-1.8239485	-0.021873236	-1.7571611	-1.4502552	-1.2382572	-1.2825516	-0.12966721
-1.2852312	-1.2495613	-0.86769974	-1.3109384	-0.40776524	-1.9097358	-1.9720943	-0.531653	0.42579103	-0.7131499
-2.0267985	-1.8355511	-1.2512369	-1.9511222	1.5851866	-1.8247478	-0.9976132	-0.23394807	-2.3554873	1.7831
-1.8745949	-1.9807314	-1.1371255	-1.7555127	-1.5112396	-1.6363858	-0.96778345	-1.1114571	-1.4484396	-2.0916815
-1.4832562	-1.4949362	-1.0833182	-1.4593793	-2.398286	-1.31688	-1.2301403	-0.8614631	-1.2056208	-1.6295402
-2.3567357	-2.3279028	-1.660732	-2.2370195	-1.9369906	-2.0426555	-2.1008596	-2.0898187	-1.5565006	-1.65854
-2.1809936	-2.0576384	-1.3737609	-2.1971135	-1.3391796	-2.5631022	-1.8570442	-1.3912368	-2.5478382	-1.6137391
-0.87677187	-1.3246428	-0.5461203	-0.79801613	-0.74497545	-0.79199547	-1.3628231	-0.3454868	-1.041549	0.65039253
-1.9498086	-2.05912	-1.3064034	-1.8907515	-1.1386253	-1.9478849	-1.8771666	-1.0807332	-1.6413579	-1.3508734
-1.5732886	-1.539656	-1.0709044	-1.5419942	-0.2538559	-1.5395988	-1.1833916	-1.4132445	-1.5980918	-0.650347
-1.7703366	-1.7717534	-1.1954627	-1.7012211	-1.070302	-2.2158613	-1.6238519	-1.9320091	-2.256445	-1.1940634
-0.42801532	-1.0846303	-0.122596055	-0.5279633	-0.9901749	-0.4023397	-0.5895976	0.11595573	-0.45794094	-1.2140309
-1.8404235	-1.2782359	-1.0986761	-1.7641656	2.5391822	-1.9912229	-1.3474903	-0.8289524	-1.9519051	0.40843326
-0.32848606	-0.7980931	0.10203007	-0.4250015	-1.6291118	0.041280825	0.06464683	0.19041403	0.12439915	-2.0286522
-0.7474336	-0.67653346	-0.38097593	-0.7471653	-0.61409175	-1.6872425	-0.49084726	-1.4856704	-0.5735027	-1.9317086
-1.7682437	-1.5964746	-1.1164386	-1.5956178	1.8026012	-1.2567518	-1.3620826	-1.5126139	-2.4703305	-0.21974824
-2.2398953	-2.234368	-1.4973484	-2.1638358	-1.7787939	-2.4129775	-2.7408173	-1.8477994	-2.0799866	-1.9824915
0.36122176	-0.8105413	0.89413595	0.1987917	-1.7774063	1.1556164	-0.7446227	2.1152172	1.0139096	-2.0082896
1.4734367	1.2316561	1.7406768	1.2014465	-0.86335135	0.90341085	1.2220831	1.2087755	1.0530003	-1.1300373
-2.3281868	-2.2841382	-1.5192448	-2.2592406	-1.8222351	-2.4804406	-1.8998443	-0.9672633	-3.7052925	-0.6851387
-2.1876597	-2.2126842	-1.4012115	-2.088355	-1.2139542	-2.2669022	-1.6243633	-0.90073055	-2.0180426	-2.7672167
-1.3754399	-1.5139041	-0.8730942	-1.3444092	-0.96341836	-1.4821147	-2.1874	-0.9724106	-1.5276222	-0.5235532
-1.2315899	-1.6661922	-0.9367633	-1.1242746	-1.4832703	-1.519975	-1.6239808	-0.9444233	-0.8942771	-1.5303779
0.09437405	-0.31799167	0.5118114	-0.024281517	-1.9822342	-0.1450942	-0.7551522	0.26944298	-0.3028298	-2.597647
1.1561229	-0.9085859	1.3725953	0.97195506	-1.3217846	2.7783666	-0.81757593	2.6955156	2.0170689	-1.7618484
0.06763675	0.91687775	0.5135678	-0.11334725	-0.6817491	-0.725766	2.481153	0.25175175	-0.6402335	-0.4265257
-1.5877488	-1.6707208	-1.0670199	-1.5497322	-0.100250036	-1.2748895	-0.7966188	0.12950665	-1.7701228	-0.7656737
-0.52780163	-0.81947184	-0.12500176	-0.7393771	-1.9061129	0.27057213	-0.45945063	0.9798561	0.20975995	-1.5641611
-1.8313364	-1.8089176	-1.2399704	-1.7790631	-0.75555617	-1.7116026	-2.1418614	-1.1410106	-0.7701228	-0.26522633
0.052377783	-0.5755624	0.46478724	-0.13227044	-1.686299	0.14062652	-0.601985	0.37092084	0.28145856	-1.9005909
-1.4516699	-1.7815515	-1.0835195	-1.3681849	-1.0863523	-1.3131461	-0.901784	-0.8673585	-1.6349032	-1.7422316
0.21812949	-0.12949055	-0.1622755	0.13574134	-1.4939989	-0.88534904	-0.5438475	-0.9675863	-0.19097123	-1.0612134
0.6679641	0.36533204	1.0307034	0.42177898	-0.8430728	-0.38612813	0.13944377	0.80866224	-0.5913168	-0.6717658
-0.17541787	-0.713288	0.28781974	-0.285242	-1.4622078	-0.28395125	-0.25331816	0.14384124	-0.4822707	-1.3619857
-1.6735398	-1.7077891	-1.3444058	-1.6618712	-2.0169094	-2.1741111	-1.5181999	-1.5902677	-1.7837287	-3.1746452
-2.0347362	-2.1087537	-1.426057	-1.94329	-1.0720489	-2.25432	-1.709882	-1.4115316	-1.9197145	-1.138201
-1.9077389	-1.909904	-1.3819586	-1.8044232	-1.3121169	-1.5055395	-2.4599254	-2.6629908	-1.413245	-1.6788568
-0.39303383	-1.6733627	-0.22137237	-0.3952278	-3.1429272	0.6046197	-1.8753196	0.080433846	0.5984382	-3.4305744
0.3188208	-0.4865644	0.53526527	0.19198067	-1.134019	0.6857751	0.06425497	1.1103493	0.68732697	-0.70918685
-1.4628386	-1.7901012	-0.9278908	-1.4159023	-1.4644479	-1.3035625	-1.723545	-1.2312968	-1.9665678	-1.0038344
-1.8878525	-1.5488279	-1.5801815	-1.7668926	0.35038647	-1.3340119	-1.1443384	-1.4247354	-0.74456584	-0.3360936
-1.7717303	-1.7608929	-1.3723218	-1.6056724	-1.6694188	-2.2281034	-2.1336315	-1.2491393	-2.3478863	-1.7392236
0.037267946	-0.44490156	0.28096575	-0.074797645	-0.59320176	-0.80934006	-1.4755707	-0.08626654	-0.78482836	-0.9729065
-1.4693214	-1.6183066	-0.8962593	-1.3894246	-0.27471772	-1.1560636	-1.6789117	-0.7149435	-1.2434226	-1.0140696
-0.97628754	-0.5030394	-0.5878886	-0.9953699	-0.70321906	-1.1917367	-1.9521378	-1.2576401	-1.5690602	-1.6097634
-0.2479788	0.64151764	0.5019666	-0.47631323	-1.4866472	0.070411295	-0.13303514	0.90881616	-0.046212062	-2.168158
-2.4304385	-2.3742635	-1.6624982	-2.3449438	-1.880292	-2.1199067	-2.808803	-2.5255442	-2.7986593	-1.883332
0.19170007	0.23899427	0.37190872	0.12015478	-1.0759482	0.417415	-0.5147593	-0.5436368	0.3002665	1.5405124
-2.7004397	-2.3438416	-1.6633528	-2.5925899	-1.5590229	-1.9561247	-2.7436798	-1.6301908	-2.9975393	-0.87866616
-1.8774211	-1.6777047	-1.3006899	-1.9308649	-2.0432515	-1.9636136	-2.5420213	-1.8705988	-2.0499408	-3.0506833
0.1108677	-0.5652157	0.4722019	-0.058699936	-1.4925243	0.053808864	-0.43053952	0.79539806	-0.6762793	-1.5818577
0.11893127	0.36057106	0.4539658	0.01311864	-0.89677906	-0.20412725	-0.21550678	0.15497087	-0.43016663	-1.6389519
0.27499673	-0.41032594	0.6652405	0.0899065	-2.327989	-0.3751741	-0.6434975	0.39682782	-0.45792985	-3.0404813
-0.6933771	-1.2476832	-0.18457174	-0.74478006	-1.639444	-0.55497384	-1.1299604	-0.32726026	-0.6317768	-0.9799902
-1.7256397	-1.7591223	-1.1486492	-1.6471983	-0.026846379	-0.7440281	-1.9777292	-0.23891062	-2.6792974	-0.66717494
0.2767667	-0.40633345	0.6938869	0.1325077	-0.6996789	-0.13833654	-0.8400206	0.43469325	0.024531402	0.45338857
-1.2609924	-1.5259256	-0.8270565	-1.1836644	-0.14437324	-1.625275	-1.6354845	-1.0199354	-1.2459568	-0.43376637
-0.68559414	-1.1249018	-0.40073463	-0.73028433	-1.4773864	-0.4867944	-1.6031072	0.026387356	-0.33403024	-0.793693
-1.4812669	-1.7246673	-0.9028934	-1.4043825	-0.3376089	-2.0630467	-2.8167534	-1.9526294	-2.4778864	-0.16922815
-2.255357	-2.2325158	-1.5534894	-2.1285768	-2.5409994	-2.1868687	-1.9540538	-1.2729471	-1.8568608	-2.4506416
-1.3430046	-1.3700505	-0.9797778	-1.3431797	-1.6060078	-0.2060189	0.0009888984	-0.9079494	-0.30214176	-0.89964783
-0.3141505	-0.7921097	-0.028392166	-0.46352458	-1.3113173	-0.7134699	-1.1867468	-0.6139759	-0.73470193	-1.8687199
0.210495	-0.48617953	0.7437085	0.11958425	-1.7759466	0.09818809	-0.9413465	0.580651	0.092107534	-2.0052392
-1.3298138	-2.0923464	-0.8244519	-1.3121675	-1.3606846	-1.6542424	-1.753126	-1.2259179	-2.0034096	-1.3460273
0.5156241	-0.38026077	1.0370032	0.3250258	-1.8637042	0.53968596	-0.13999292	1.2438495	-0.069117956	-1.980258
-0.63836366	-0.5988617	-0.19766423	-0.75153005	-1.1444716	-0.4381809	-0.33268896	-0.05531579	-1.4042903	-1.1686324
-1.6109036	-1.2986172	-1.3113749	-1.564503	-0.81083214	-2.261707	-2.0866537	-1.2523315	-2.632687	-1.0753272
-1.2412575	-1.4738568	-0.85845983	-1.2166672	-1.3145458	-1.2442868	-0.6414228	-1.036522	-0.855723	-1.7779802
0.6567656	-0.5157614	0.5354824	0.47464412	2.2002754	0.10562956	-1.0500208	0.19225226	-0.44600323	1.3701005
0.30897376	-1.2970202	0.3372045	0.10965328	1.7231435	-0.9229177	-2.1794093	-0.4193687	-1.1397476	1.6209989
-1.1629398	-1.2486423	-0.7404424	-1.2173699	-1.1659331	-2.2617342	-2.0776782	-2.0139534	-2.0394385	0.8803521
-2.1723046	-2.035897	-1.4496094	-2.058789	-1.8721722	-2.4488978	-1.6381903	-0.87222666	-1.6465288	-2.3001838
0.46415135	0.28961465	0.70874166	0.19174843	-1.3357499	0.7772241	0.050989784	0.656932	-0.551959	-1.0810506
0.21536583	1.3741238	0.28621486	0.0426649	-0.6059499	-0.47274524	0.37748808	-0.35078073	-0.80453426	-1.0609827
-0.09023119	2.0487776	-0.17923293	-0.24281164	1.493082	-1.7473029	1.2514325	-1.0949919	-1.3360808	0.08044082
-0.001996316	-0.53502405	0.2312971	-0.29291654	-2.116055	0.95246387	-0.18737023	0.37405092	1.0453409	-0.5685229
-1.7807839	-2.1513844	-1.277864	-1.7175186	-2.2428567	-1.8251327	-2.451843	-0.7104311	-2.2182717	-3.3017554
-1.4453497	-1.6903253	-0.85442483	-1.4722521	-2.0983927	-1.8412387	-1.7193495	-1.3802434	-2.12357	-2.9600987
-2.2543728	-2.05134	-1.6743219	-2.160919	-1.0258846	-2.7628975	-2.4269748	-1.9177887	-3.166553	-0.7962784
-0.85428095	-1.170585	-0.5522138	-0.82110894	-0.81479466	-0.95897967	-1.8927507	-1.22905	-1.4291137	-1.0774112
-0.05396512	-0.5751287	0.3022344	-0.25047177	-1.9204115	-0.37412655	-0.5994055	-0.20411311	-0.8657966	-1.3483824
0.4941282	-0.16807637	0.9860835	0.4207971	-1.0154486	0.90759254	1.0624957	2.1307256	-0.28469598	-0.5003517
-1.7619809	-2.0149307	-1.0979104	-1.788913	-2.4051774	-0.7105772	-1.6415467	-0.59570724	-1.4999737	-2.6376872
-0.09532608	-0.78835034	0.27879193	-0.22505735	-2.3005326	0.7352996	-0.665687	0.6719745	0.5736608	-2.1640904
-0.036507525	-1.0514534	0.04069367	-0.020585492	-1.0775396	1.9698869	0.453651	1.3949379	1.967572	-1.63779
-2.882061	-2.9195108	-1.8369572	-2.724648	-3.4325027	-2.308105	-2.9702773	-1.7318937	-2.5091815	-3.1517103
-2.7772129	-2.276678	-1.975596	-2.6425323	-1.8803327	-2.2416728	-1.4597557	-1.781214	-2.0657628	-1.3029661
0.26184544	-0.44995233	0.82453454	0.08354168	-2.0056584	-0.08932547	-0.73591095	0.6030702	-0.23185098	-2.093006
-0.25272068	0.4211097	0.006561607	-0.42469734	-1.1641625	-0.6455327	1.5424187	-0.9038424	-0.44258836	-2.4595447
-1.1602594	-1.3956168	-0.66453195	-1.2376877	-1.5969967	-1.0612774	-1.8706565	-1.0356082	-1.4680315	-1.3562073
-1.0565966	-1.1126446	-0.34955677	-1.026703	-0.5327206	-1.5679604	-1.4625102	-0.17559054	-1.3952235	-0.7464559
-0.15283927	-0.29320452	0.40011033	-0.257931	-0.68153477	-0.5227945	-0.3468238	0.6532971	-0.6524278	-0.9010416
-1.1383219	-1.3625361	-0.54755664	-1.2454057	-1.7657981	-0.02561704	-0.7832196	0.47243708	-0.09816436	-1.7057377
-1.9050002	-1.6712	-1.3773559	-1.8266952	-0.9666333	-1.0696268	-1.1641866	-0.24528788	-0.9283205	-1.003309
-0.5460727	-1.0471394	-0.09698039	-0.6852651	-2.1851306	-0.70777535	-1.2387053	-0.2070758	-0.8604848	-2.0587862
0.16969249	-0.39582124	0.5569788	0.10154198	-1.0916374	0.31950852	-0.4241584	0.3440392	0.2732149	-0.8774136
-0.59390116	-1.1333358	-0.16094255	-0.7089792	-2.0329316	-0.41598088	-1.026909	0.50660455	-0.41544908	-1.4741769
-1.1805296	-1.50981	-0.64564085	-1.293992	-2.452492	-1.3372394	-1.9905564	-0.5685715	-1.0264992	-2.4945252
0.023681872	0.91712856	0.33742604	-0.26018125	-0.93969285	-1.3586211	-0.1829977	-0.79476255	-1.5543901	-2.3689978
-2.0438921	-2.1211452	-1.3350167	-2.0011904	-1.6764928	-2.4380474	-2.2816126	-1.1884704	-2.7152805	-2.1862133
-1.9663244	-1.9659269	-1.2730379	-1.8140848	1.9103578	-1.6972263	-1.2435087	-1.0196917	-1.3896192	0.7802946
0.25868335	0.31515208	0.5695807	0.13389452	-0.21112068	-0.31171867	1.105664	-0.045777597	-0.45979962	0.65300256
0.28920525	1.0051324	0.9842392	0.17956336	1.0715572	0.03164937	0.79892224	0.8230149	-0.23233104	0.51266485
-2.314883	-2.3795722	-1.4884337	-2.2608266	-2.7617965	-2.4606955	-2.9662328	-1.6154143	-1.5612696	-1.9686805
-0.9159235	-1.1289558	-0.46062222	-0.9806363	-0.89110494	-1.297861	-0.7235494	-0.80151045	-1.5902426	-1.2463213
-0.59872484	-1.0396935	-0.13947561	-0.77318054	-1.9892684	-1.4760009	-0.74979466	-0.5719899	-0.8098658	-0.78538704
-1.8479686	-1.9005178	-1.2626207	-1.8322475	-1.0911436	-1.5388398	-2.3071496	-0.73943204	-0.56848896	-0.69335264
-1.1963791	-1.6162572	-0.7460077	-1.1554652	-1.0182139	-1.7075529	-1.5695502	-0.6914916	-2.7891285	-2.5084107
0.28614402	-0.4238478	0.57899296	0.05599588	-1.678855	0.32928693	-0.38820344	0.41616553	-0.6950925	-1.7921401
0.24546614	-0.29997274	0.74019456	0.04408267	-2.2678475	-0.23609653	-0.3574009	0.18362974	-0.22243376	-2.5582483
-0.5815352	-0.93753576	-0.22683847	-0.7305835	-2.4187322	-0.6793168	-1.9969223	-0.5087355	-1.0424513	-2.2847803
-1.7547816	-1.5749879	-1.0254712	-1.7893211	-0.16690898	-2.1459153	-2.4176884	-1.7397679	-2.235173	-0.7755695
-1.6012348	-1.5174514	-1.2839928	-1.5884162	-2.1562686	-2.168905	-1.9126173	-1.690122	-2.9574006	-1.8000926
-1.3391186	-1.6034244	-0.7854651	-1.3436038	-1.4095863	-1.8757838	-1.3841455	-0.3388393	-1.4827677	-1.4256107
-1.6688931	-1.864916	-0.8031355	-1.6674623	-0.8226288	-2.3112874	-2.0028472	-1.4866482	-1.0216615	-0.11940856
0.3802857	3.919233	0.27596793	0.18243931	0.77178395	-0.48115295	4.287514	-0.08385359	-0.17538278	0.5180383
0.43071708	1.2142305	1.1989743	0.24016838	-0.15120445	-1.547397	3.836289	-0.50703895	-1.545055	0.82221663
1.194209	0.48057684	1.4338418	0.8142656	-0.80506337	4.050517	0.8618883	3.938956	3.1240153	-1.337968
-0.66119146	-0.47240958	-0.26485416	-0.7388605	-0.768118	-1.9575505	-1.4318528	-0.94078726	-1.5332203	-2.565607
-1.7539443	-1.855557	-1.1907907	-1.7642654	-1.6109517	-1.9501392	-0.5122919	-0.93198156	-2.2394764	-0.92844015
-2.6140747	-2.4626193	-1.7658346	-2.495201	-2.5655386	-1.8314279	-1.7241027	-0.7513407	-1.7445897	-2.2526984
0.18545952	-0.5732655	0.5938494	-0.018599838	-1.917991	-0.67055273	-1.1839478	-0.2713347	-0.7903358	-2.246325
-2.1626985	-2.0127225	-1.4472425	-2.027132	-0.85731864	-2.5540617	-2.6791387	-1.5604552	-1.6960435	-2.0208895
0.41126966	0.22276917	0.7499212	0.30140454	-0.6575081	0.33570907	-0.10928704	0.818013	0.2184688	0.014986442
-0.7222093	-0.49023125	-0.45078596	-0.79759574	-0.5583838	-1.3071493	-1.8913552	-0.5431068	-2.3964202	-1.3565369
-0.7912218	-0.059794933	-0.31204733	-0.9562936	-1.2260854	-0.87152714	-1.097653	-0.3470917	-0.71346855	0.29481652
-0.45396262	-0.5395366	-0.38934687	-0.47206277	-0.49162552	1.9968505	1.816215	1.1822673	1.6827427	-0.5453322
0.61948866	0.9791472	0.72049856	0.38075	-0.3776886	0.81258446	-0.019405438	0.86709017	0.61425805	-1.9624021
-2.1354349	-2.0066442	-1.5054696	-1.9972627	1.1426107	-2.1071265	-2.1766057	-1.1935114	-2.4080777	-0.26649594
-2.1192768	-2.008082	-1.3123045	-2.0575075	-0.980955	-2.0760012	-1.389685	-2.0531616	-1.974482	-1.0343314
-2.0348365	-1.5918312	-1.3538063	-2.0002403	-0.7123837	-1.9183221	-1.0723245	-1.5373292	-2.0834415	-0.2996341
-0.25900283	-1.5011603	0.0013350546	-0.3451128	-0.80955994	0.9140343	-0.42294958	0.370514	0.7782135	0.16560307
-2.0067198	-1.7991915	-1.350476	-1.8825924	-0.46143615	-2.5577333	-2.2256317	-1.3528589	-2.1758618	-0.63398266
-0.7160888	-1.1999567	-0.24128214	-0.8369906	-1.9378178	-0.8667647	-1.2853914	-1.0130291	-1.9746733	-2.3490875
-1.249684	-1.4864278	-0.7430874	-1.1695782	1.4828131	-1.1345991	-1.8652283	-0.7046197	-1.1200303	-0.43652564
-2.306586	-2.2629755	-1.5525616	-2.1909177	-1.7868942	-2.1519916	-2.1295695	-0.9246823	-2.391374	-1.8168225
-1.204743	-1.596611	-0.9342203	-1.1841784	-1.4783082	-1.1982139	-0.91099614	-0.61662155	-1.6239219	-1.3626885
0.62905914	-0.5324427	1.0126114	0.41057026	-1.9867547	1.2648424	-0.25992286	1.7210298	1.4063803	-1.6124669
1.9089686	2.5840604	1.5934436	1.713117	-0.26732564	3.232375	4.1876063	1.9798477	3.0989351	-0.66143537
-1.1923305	-1.4501815	-0.7440114	-1.2114067	-1.0397836	-1.3354437	-1.8988942	-1.0249444	-1.7410301	-1.546545
0.044076495	-0.20145196	0.4838431	-0.081022814	-1.5846543	1.1693189	1.0678273	2.5318618	0.60164726	-0.9372475
-1.7088184	-1.6250029	-1.1507804	-1.7552048	-1.6228051	-1.6566085	-0.96832633	-1.1432294	-2.5907233	-1.2578267
-1.1973802	-1.9676969	-0.7951565	-1.188811	-1.6275655	-1.2875395	-1.9188521	-1.1091213	-1.1597743	-1.8730241
-1.6140791	-1.795658	-1.1069893	-1.5604726	-0.33173054	-1.3250759	-1.7872498	-0.65091825	-0.890701	0.30071718
2.1126602	4.2607546	2.0411763	1.6048009	2.7340975	2.6446698	4.6642838	2.1811824	1.7423685	2.6928334
-1.076376	-0.12016544	-0.70824766	-1.1781843	-0.3622143	-1.1482546	-0.96019596	-0.47164807	-1.2159293	0.29311156
-0.34229556	0.071219	0.09751505	-0.49188048	0.22179797	0.27606156	1.9646035	0.9423524	0.018150315	1.3238567
-0.4617512	-0.8215369	0.017806143	-0.5233454	-1.2730888	-0.8663898	-1.0104177	-1.1820966	-1.2634648	-1.3545194
-1.3381573	-1.9157623	-0.76549613	-1.3813237	-1.0503272	0.10235849	-1.1791266	0.38882956	0.16811274	-1.2118808
0.4381936	-0.3296128	0.83752024	0.23367573	-2.1345744	-0.29631436	-0.9457362	0.1789186	-0.3118839	-2.294744
-0.49872646	-0.4955685	-0.29926524	-0.59442115	-1.323196	-1.1646329	0.63538295	-0.46782345	-1.7872434	-0.98224556
0.17945385	-0.59101295	0.63763356	0.005331978	-2.1606963	0.1884643	-0.455791	0.87940615	0.3223635	-2.655831
-1.9342542	-2.154955	-1.3246096	-1.8692737	-2.0130095	-1.8938779	-1.9372205	-1.158109	-1.995799	-1.7367398
-1.1983888	-0.5276661	-0.74337506	-1.2466636	-0.9735209	-0.73336035	-0.9332658	0.06023765	-0.6411971	-0.74197173
0.31737265	-0.8936769	0.5074338	0.16325442	-1.7022885	-0.80246294	-1.5506879	0.21319713	-1.0732776	-2.0840726
0.98275787	-0.3224194	1.239133	0.86443913	-1.4008027	1.0027417	1.6290591	1.9762065	1.4845916	0.81016487
1.6989274	2.3238819	2.0113719	1.3319136	-0.39707205	1.2341284	2.967407	1.690016	0.9787511	0.5228206
-0.10107858	-0.85684216	0.45477185	-0.27484596	-1.9093117	-0.65490776	-0.71955925	0.14243521	-0.51074725	-2.4721265
0.3372158	-0.1703951	0.6939416	0.24034415	-0.44588044	0.8563812	0.26300323	1.0617565	0.26617247	-0.09363162
-1.5177996	-1.6341987	-0.9853332	-1.4489665	-1.6508868	-0.57207257	-0.88290846	-0.5608162	-0.5347779	0.6098631
-0.40647453	1.824606	-0.51044595	-0.6736456	0.21652529	-1.0144278	-0.25458625	-0.7978426	-1.7158368	0.38915414
-1.8239037	-2.0245054	-1.2197493	-1.8026942	-1.0715257	-1.7874812	-1.9097177	-1.4634475	-1.6632817	-0.02570599
0.9997336	1.31911	1.2815508	0.80284655	1.4782796	-0.25243804	-0.24831922	0.15543635	-0.558555	1.3636538
-1.6865839	-1.8176731	-1.1641024	-1.6474788	-1.4668287	-1.5484371	-2.1676047	-0.36366215	-1.8640146	-1.6855832
-2.6455843	-2.4606912	-1.692312	-2.5201283	-1.3349884	-1.6477528	-2.123501	-1.0877362	-1.8241276	-1.2112135
1.4604013	1.4977063	1.5708951	1.2060089	-0.3957771	1.3918074	0.5718606	2.0149686	0.36495176	-0.4324851
-0.62252325	-0.94710743	-0.35206994	-0.82248944	-1.0631771	-1.4251473	-1.2798848	-0.55116063	-1.791655	-1.1905429
-0.083335616	0.5125526	0.5024469	-0.2175379	-1.0462948	0.119903274	0.6157994	1.1570374	-0.03030577	-0.72311306
-2.114598	-2.0557241	-1.4056515	-2.0159647	-1.2966696	-2.0930588	-2.0017865	-1.1761787	-2.3877742	1.5708972
-1.5530181	-2.0040076	-1.0690765	-1.5120885	-1.4479221	-1.7706885	-1.805042	-1.3910319	-1.5798272	-0.32912308
-1.2877848	-1.068383	-0.786921	-1.2840539	0.118643165	-1.0464463	-1.0822855	-0.5161284	-1.2022632	-0.59596705
-0.7789302	-1.1853257	-0.3182849	-0.9255532	-2.6473784	-1.5296437	-1.7191002	-1.1940867	-1.6222812	-2.4707985
-1.898845	-2.050369	-1.2539285	-1.8237884	-0.5857431	-2.4355493	-2.2343285	-1.1739421	-3.109866	-0.61555535
-0.7641407	-0.059628516	-0.3668225	-0.8743215	-1.0411116	-1.0273451	1.2716647	-0.06956224	-0.8679595	0.6220563
-2.5044844	-2.3295984	-1.5789133	-2.387921	-1.2563921	-2.758733	-1.7939619	-0.5604057	-2.533402	-1.5190109
1.5251111	2.7214587	1.5605075	1.0085424	-0.7752285	-0.5939744	-0.5469161	0.34096238	-0.9619181	-1.912733
-0.8577794	-1.118287	-0.4375203	-0.8798006	-0.34377375	-1.2075046	-1.5644453	-0.7997095	-1.1197541	-1.1287225
-2.1386533	-2.6126647	-1.2820381	-1.9691068	-1.5741209	-2.3504755	-2.749916	-1.713687	-2.4810703	-1.8634706
0.12671712	0.06485763	0.345826	-0.047695294	-0.732509	0.6663383	-0.59653854	1.0549757	0.4229933	-1.0773818
-0.49619463	-1.131291	-0.1491212	-0.657829	-2.5469842	-0.44961345	-0.8920704	-0.30876806	-0.70144516	-2.3663812
1.0197431	1.0022181	1.0806069	0.7005436	-2.0982208	1.3495424	2.0254986	1.3047386	1.1933812	-1.7365834
-1.4613992	-1.5036511	-0.863945	-1.5143666	0.86359394	-1.80677	-1.2879773	-0.9572571	-1.8949157	2.346066
0.97522146	0.05225593	1.5339704	0.759296	-2.2646556	1.1245515	0.26159	1.9604895	0.8042578	-2.7006893
-0.76573604	-0.6154748	-0.28822872	-0.8569311	-0.42424467	-0.5525659	1.2271034	0.34217754	-0.5103026	-1.3234996
-0.9188313	-1.1878804	-0.26058352	-1.0181674	-1.6030968	-1.9975512	-1.8191642	-0.14695862	-1.3065968	-1.1693516
-2.0748506	-1.7876028	-1.4950349	-1.9828508	-0.18791226	-2.1818664	-1.4028383	-1.4636046	-1.2198658	-1.1647733
-0.9233783	-0.8231566	-0.38234583	-0.91760284	-1.6793963	-1.6236286	-1.3523653	-1.0122149	-1.3518707	-1.4996812
0.5387699	-0.2771608	0.95751524	0.29130435	-2.2343411	0.85412276	0.26710752	0.8199639	0.22948532	-2.0702512
2.03871	0.6066717	2.205557	1.7722143	-0.6758262	2.593322	1.0812784	2.5147982	2.464932	-1.5358455
-1.4841462	-0.6961889	-0.93384373	-1.4771163	0.080809206	-1.2035166	-0.91807765	-0.7141366	-1.7198246	-0.07044394
-1.0917968	-1.4595833	-0.7264483	-1.0476856	-1.0178232	-1.666041	-1.6153394	-0.9199426	-0.40694845	-0.5094481
-1.5799793	-2.0539489	-1.1787877	-1.4899561	-2.4833837	-1.514912	-2.138768	-1.2731079	-0.78298116	-2.3582397
0.23424363	-0.22022572	0.9468427	0.10643484	-1.6937407	0.8044705	0.34446722	1.270685	0.5305914	-1.8242534
0.27204373	0.8093059	0.6884695	-0.012680665	-0.52632946	0.124395385	0.58489513	0.8624688	-0.20572616	-1.5891706
-1.974629	-2.0339522	-1.2647976	-1.8277484	-1.1371752	-1.5505399	-1.8134193	-0.7675795	-1.2687014	-0.9313726
-1.1851046	-1.4655881	-0.6932764	-1.2657815	-2.149912	-1.6089711	-1.7947522	-1.5121274	-1.6039594	-1.7034166
-1.8662858	-1.1046042	-0.92552686	-1.7750849	-0.52809525	-2.6892018	-2.491729	-0.71814454	-3.006462	0.4639706
0.005173169	0.3776227	0.6289365	-0.12642427	-1.1171474	1.1568744	1.5851358	1.5618135	0.8578727	-0.47077662
-1.131145	-1.0828406	-0.59774065	-1.086074	0.3353999	-0.4917416	-0.9215561	0.116892144	-0.78796476	-0.5054569
-0.82552606	-1.1096154	-0.566066	-0.78488564	-1.3266728	1.0057482	-0.45403847	0.9287712	1.2172878	-2.3615155
-1.9553032	-2.0839121	-1.2815729	-1.8104558	-1.7381122	-1.334029	-2.3792334	-1.7088498	-1.8731213	-1.6709005
-2.18296	-1.7003198	-1.4464409	-2.1656137	0.44418952	-1.7869148	-1.2172781	-1.4599333	-2.4863553	1.1895245
0.5521188	-0.6484479	1.0659981	0.39060253	-1.9808719	0.5154136	-0.6592818	1.1801668	0.10283301	-2.3044362
-0.10057959	-0.8809931	0.39429206	-0.19703388	-2.1459603	-0.2575032	-0.8777725	0.12610064	-0.11931145	-1.9468715
0.6835995	0.5463736	1.1344243	0.45838392	-0.6498691	0.18378176	1.1457963	0.7287123	0.35953692	-0.03513587
-0.7616152	-1.1685274	-0.40117034	-0.7644475	-1.1302956	-0.92993945	-0.15976816	-0.00089882314	-1.2100364	-0.015904011
-1.9608194	-1.7651899	-1.2196573	-1.8800626	-0.9397687	-0.47530836	-0.47385696	-0.265219	-0.8128022	-0.066310495
-1.368778	-1.6159207	-0.9894614	-1.2489274	-1.4812139	-1.6767365	-2.1414711	-1.6959634	-2.4871309	-2.0653384
-0.981122	0.09155205	-0.6402428	-1.1178523	1.4748611	-1.121504	3.372375	-1.3248266	-2.4221995	2.9930105
-0.06962846	-1.0131582	0.5015843	-0.21142943	-2.2895057	-0.17087445	-1.4637823	0.78003144	0.018180104	-1.9373612
-1.6084447	-1.739144	-1.0280843	-1.6108708	-1.9395386	-1.8334124	-1.8399061	-1.3177558	-2.0978796	-1.3112867
-0.8461362	-0.76279855	-0.3892592	-0.98305386	-1.1869923	-1.6961428	-1.6001285	-0.8384232	-1.3044492	-1.9615942
-0.5261248	-1.0970638	0.06893405	-0.71129864	-1.2657101	-0.80878097	-1.0949545	-0.12936257	-0.8109357	-0.8425494
0.68180215	0.27676842	1.0186377	0.49044478	-1.2057093	1.6760653	0.91367185	1.6964003	1.85196	-1.1390536
0.0066950247	-0.036255956	0.6174121	-0.04702343	-0.18042248	-1.0410751	-0.96995217	-0.2817662	-1.1476127	-0.30030248
-1.7344124	-2.008623	-1.2565085	-1.6686745	-0.35211143	-2.3780673	-2.1125247	-1.4227145	-2.852134	-0.62713546
-1.6297103	-1.796978	-1.0277685	-1.5755277	-0.7363641	-1.6013184	-1.715457	-0.80930156	-1.4660218	0.2868407
-0.70068336	-0.93032634	-0.19517359	-0.7008534	-0.78373206	-0.24158458	-0.77946144	0.19153997	-0.41622737	-0.3442424
-1.2838956	-1.2165504	-0.6921288	-1.3072166	-2.1720383	-1.1815281	-1.9383681	-0.5773601	-2.424605	-2.4575474
-2.2278583	-2.174325	-1.4470289	-2.127779	-0.6124184	-1.8419368	-1.2011822	-0.8274224	-1.794799	-1.0492412
-1.50867	-0.67653453	-1.1902148	-1.5710129	-0.9252012	-1.5259862	-1.4718034	-1.1181103	-1.0163324	-1.3409418
-0.6223305	-1.7569308	-0.32711992	-0.6112223	-2.0403576	-1.0101068	-0.53027713	-0.93137103	-1.3198607	-0.7074526
-1.0019115	-1.2371299	-0.42341617	-1.0066892	-1.3016108	-0.10501894	-0.79566395	0.9053894	-0.3802707	-0.6555728
-1.8303388	-2.008803	-1.2246655	-1.6818054	-1.367442	-1.654625	-1.8457416	-1.3477082	-1.573384	-0.006512647
-0.99315596	-1.2978791	-0.73369694	-0.9293442	-0.76048195	-1.2907718	-2.125613	-0.97828937	-1.6574082	-1.2713214
0.11496367	-0.61509216	0.6727512	-0.04865396	-2.0519629	0.38986036	-1.0002718	0.9652165	-0.0488934	-2.3024266
-2.3174284	-2.1239321	-1.5315572	-2.2157712	-1.8558081	-2.0243747	-2.3531065	-1.3981575	-2.1595516	-1.8132626
-1.7718201	-1.4525807	-1.267938	-1.7579603	-2.367147	-2.2588844	-1.7991681	-0.69114536	-2.5232277	-2.0226145
0.13477832	1.3474	0.21890952	0.050310433	0.79175866	-0.2099476	1.049427	-0.109306775	-0.06510617	0.13182078
-0.597651	-0.9757893	-0.09048012	-0.7100101	-1.7629693	-1.6995318	-1.8426912	-0.8287272	-1.6017797	-1.1408203
-1.8241856	-2.2536633	-1.2573829	-1.7971556	-2.498723	-1.9721397	-1.9609234	-1.3558692	-2.0225155	-2.4170184
-0.5898776	-0.5448198	-0.35709336	-0.6821978	-0.386904	-1.4473643	-1.4663577	-0.92230016	-2.6329236	-0.7491712
-0.76450366	-1.0257498	-0.32142106	-0.6905968	-1.9389328	-1.1172467	-0.79719	-0.46270862	-1.6893667	-2.1289294
-1.2158209	-1.6455581	-0.678694	-1.3026364	-2.2024791	-0.041646667	-1.0046256	0.24493687	-0.35996008	-1.9983827
0.8129162	0.07782769	1.2567765	0.6581088	-1.2328655	0.044289704	-0.18255016	1.0331082	0.36456668	-0.7364005
-1.4886307	-1.7313907	-0.9459114	-1.4996573	-1.7008166	-1.9781011	-2.0704422	-0.92478216	-1.6502105	-1.122398
-0.9213765	-1.372756	-0.67384124	-0.84352773	-1.2891828	-1.1297345	-1.0102218	-0.7510231	-0.75104606	-0.5892277
-2.3903577	-2.1919768	-1.5438187	-2.260085	-1.1284399	-1.7862419	-2.7127447	-0.85366684	-2.3887901	-0.789559
1.257435	-0.042185277	1.4863889	1.0432673	-2.9948912	2.7387905	0.5795131	3.209255	2.3534567	-2.8833706
-2.0868533	-2.1467128	-1.4036179	-2.0422697	-1.535058	-2.319779	-2.4379594	-1.5170345	-2.4021642	-1.4984077
0.25500455	0.28951707	0.7415819	0.20579867	1.7915355	0.45562264	1.0480872	1.1013576	0.44197157	2.7170947
0.15102461	-0.19356254	0.44820234	0.033757105	-0.92975044	-0.1509718	-0.5705318	0.8059231	-0.16811357	-1.6679888
-0.31871602	-0.7354376	-0.15724215	-0.43356293	-1.4504062	-1.8459942	-2.5454798	-0.9912441	-0.86965847	-1.8235164
0.4757389	0.35746655	0.78929496	0.3335889	-0.6986059	0.10831642	0.4932246	1.0120498	0.93233603	-1.5529069
-1.20774	-0.82081544	-0.83063793	-1.2823596	1.7776002	0.029648563	1.3410311	-0.5521722	-0.4886167	2.975668
-1.1185728	-1.1777966	-0.91868544	-0.987969	-0.96026707	-1.3517119	-1.0201237	-1.0425042	-1.5495552	-1.9577956
-0.21429375	-0.8101771	0.059323937	-0.3066383	-1.3311194	-0.45819587	-0.7449871	-0.6848605	-0.50669384	-1.7027043
-0.85123736	-1.1553692	-0.42845163	-0.883577	-1.8845797	-0.6162214	-1.5507915	-0.25694928	-0.9453944	-1.7151663
-1.3972011	-1.4021264	-0.9761894	-1.3560448	-0.9079344	-2.5880885	-2.1003366	-1.9621165	-2.3419123	-1.2807245
0.16669106	-0.6070311	0.53216213	0.011885598	-1.5145701	-0.15459974	-0.85798264	0.4963755	-0.41391876	-2.1706145
-1.952504	-2.0494406	-1.3512545	-1.8498368	-0.31912068	-1.8346108	-2.4942684	-0.88770187	-1.5241424	-0.6054458
-0.33527562	-0.7159361	-0.040763587	-0.5233639	-2.628849	0.063760996	-0.43677303	0.97342306	-0.0067222877	-3.0739598
-1.1097975	-0.61412346	-0.7351507	-1.1433696	-0.6631892	-2.4685462	-1.6023014	-2.2676852	-2.254928	-2.3166265
0.79132193	0.26917568	1.0595442	0.46280932	-1.8853468	1.9487402	1.4907573	1.8053309	1.3660693	-1.0037335
-0.3090845	-0.99135923	0.10158156	-0.4661904	-2.1528738	0.03220261	-1.0491837	-0.14950313	-0.03513803	-2.611203
-1.4874989	-1.7049377	-0.9700334	-1.3819776	-1.055277	-0.9206575	-1.5860628	-0.054157592	-0.50045043	-0.2687023
-1.6218442	-1.7065084	-1.0270877	-1.5252001	-0.7513664	-1.2643859	-1.6957276	-0.9591304	-0.8479463	-0.004128517
-2.3196225	-1.9227756	-1.5645627	-2.255696	-0.81728554	-2.2827868	-1.7793647	-1.0834597	-2.0140834	2.3452742
-1.6928118	-1.9299209	-1.1662235	-1.7070016	-0.5650758	-2.0491436	-2.0827856	-0.9509666	-1.943057	-1.03097
-0.36381173	-0.82301366	0.097287655	-0.518609	-2.28528	-0.15131919	-0.26321018	0.31134754	-0.6903296	-2.127435
-2.6669948	-2.3295736	-1.8060544	-2.5554855	-0.60303223	-2.6463883	-1.6495882	-1.3139044	-2.3573692	0.17799841
0.9488471	-0.34820792	1.0845163	0.7381142	-1.8472046	0.41888148	-0.12725835	0.38449025	0.1550666	-1.282217
0.16892275	1.3175957	0.31689775	-0.21273884	-1.2641726	-1.4591687	1.0786923	-0.95434046	-1.5285015	-3.8267772
-2.1241372	-2.3348613	-1.5276062	-2.013959	-2.4848948	-2.204206	-1.3965127	-1.1623057	-2.5999126	-2.5043302
-2.1176164	-2.032099	-1.4029644	-1.9732705	-1.0577166	-2.354865	-2.346751	-1.5158955	-1.7554616	-1.4325408
-1.1207483	-1.5142576	-0.65131986	-1.0705194	-1.3290997	-1.2110897	-1.5912067	-1.3749491	-0.81726927	-1.5707455
0.42557058	0.10402131	0.9175906	0.24000488	-1.4895588	0.24075657	1.5365183	0.8688351	0.035066217	-0.7409791
0.19258362	-0.49187264	0.5958528	0.009349063	-2.2271774	-0.4111928	-0.35172772	0.022488562	-0.15595832	-2.756717
-1.304223	-1.3533586	-0.81134844	-1.2370952	-0.20767158	-1.3713214	-0.3354936	-0.5724678	-0.86925	-0.72408104
-0.8785233	-1.028105	-0.49291202	-0.88746667	-1.8210207	-1.7572283	-0.9931597	-1.558131	-1.471157	-1.7146581
-1.4099765	-2.0816574	-0.8628652	-1.3151479	-0.7161864	-1.9914016	-2.0919232	-1.1659307	-2.0435088	-0.7299459
0.12443935	1.633321	0.26908305	-0.07641281	-0.36269543	-0.17972605	0.50195765	-0.6264244	-1.4372399	-0.6168085
-0.3508714	-0.8206562	0.08151874	-0.42689663	-1.2934636	0.28679124	-0.6541968	0.41520864	0.43399623	-1.603567
-1.7716988	-1.6119052	-1.276511	-1.7241592	0.007359296	-1.8134993	-0.59585977	-1.5174183	-0.9367727	1.1398932
-1.5413312	-1.7856432	-1.1108854	-1.4922527	-1.2165302	-1.8067915	-2.0318902	-1.3210062	-1.4149574	-1.5896138
-1.6166651	-1.823991	-1.0796056	-1.5704265	-1.594538	-0.82667816	-0.08144354	-1.1311294	-0.7187238	-0.090361446
-2.3392198	-2.2194738	-1.4873699	-2.2754915	-1.7419016	-2.8135614	-2.5680027	-1.7601824	-2.1207638	-1.8506751
-0.28563276	-0.83976376	0.1911647	-0.46221274	-1.9677589	-0.40846705	-0.7914105	0.26134634	-0.96644247	-1.8113638
-2.4122577	-2.4041536	-1.6458902	-2.3123043	-1.7430341	-2.5085492	-2.0239427	-1.4385496	-1.9044299	-1.4052346
1.0983617	1.557393	1.7616189	0.9098158	0.7055539	1.2707521	1.3636132	1.1603746	2.1167018	0.42931345
-1.8289449	-1.9774371	-1.2400233	-1.6916134	-1.8465999	-1.446141	-1.9377466	-0.9553253	-2.1259568	-1.3248037
-2.0510132	-1.9939609	-1.4968628	-1.9437493	-1.5439149	-2.0111485	-1.0392085	-2.1125607	-1.1032118	-1.3932639
0.8632494	0.14172608	1.4441578	0.648557	-1.4596733	-0.12733336	-1.9664124	0.8660992	0.4700817	-0.7026972
-1.2640995	-1.9850082	-0.720117	-1.2275999	-0.7945818	-1.8104186	-2.09814	-0.47259325	-2.0606165	-1.945054
-3.4843335	-2.9234428	-2.3579195	-3.3615468	-2.4162421	-2.555868	-3.0630362	-2.220816	-2.084521	-2.459426
0.2659599	1.0168743	0.33941865	0.08309917	-0.41955388	0.09722943	1.5934062	0.8150153	-0.2087772	0.37975547
-0.9424253	-0.92637455	-0.5653007	-1.105514	-0.7739577	-0.8079022	-1.0533608	-0.30007392	-0.29834217	-0.5891274
0.9734283	0.65522146	0.84681666	0.72301525	-0.9131316	0.8315432	1.216269	1.2708771	0.7454614	-0.76849747
0.02672235	-0.71284395	0.43461797	-0.13423535	-2.496753	-0.6302061	-1.0508893	-0.118107565	-0.4055791	-2.5119114
-1.8960891	-2.034199	-1.2318966	-1.7657915	0.7791978	-1.8531322	-1.5348889	-0.82416433	-1.9342215	-1.0656542
-1.8207891	-1.8116914	-1.1675553	-1.7399064	-1.1038153	-1.8787891	-1.4826032	-1.4156339	-1.284696	-0.9192496
-2.5556366	-2.340643	-1.6953411	-2.5410173	-1.5740887	-2.9320738	-2.7878618	-1.7455397	-3.107391	-1.1030633
-0.056056447	-0.7662507	0.29910606	-0.22785135	-2.3413346	0.14057027	-1.1130148	0.5055576	-0.2650969	-1.9004629
-2.3614712	-2.2348113	-1.637967	-2.2691965	-1.62569	-2.2522328	-1.4302992	-1.3074546	-2.3899136	-1.1539294
-1.3416034	-1.3328177	-0.8749261	-1.3399485	-0.06220916	-1.9671696	-1.741713	-1.5182754	-2.9185686	0.09109831
-0.9575852	-1.2961394	-0.43037894	-1.0107867	-1.9805385	-1.4991705	-1.7153807	-0.78478676	-1.8349856	-1.3636838
-1.3540689	-1.560178	-0.88119733	-1.2919155	-2.0060544	-1.0691425	-0.98786926	-0.9149506	-0.9121412	-1.0473729
-2.319154	-2.3234203	-1.4960128	-2.3227062	-2.2188115	-2.1346676	-2.1782413	-0.88577926	-2.4100077	-2.8682058
-0.07288586	-0.84094894	0.41154176	-0.20527826	-2.1326313	0.04219141	-1.1146635	0.6755424	-0.34609437	-2.1913788
-1.6549383	-1.9096596	-0.974193	-1.639073	-1.5292472	-1.7656666	-2.0937314	-1.3303614	-2.359811	-1.7126585
-1.5311617	-1.7228823	-0.9462364	-1.5221779	-1.4541075	-0.99212855	-1.1632351	-0.50085706	-0.4801206	-1.3582621
0.11083832	0.91682935	0.23953801	-0.08845781	0.6944579	0.6314052	-0.77799314	1.1302917	0.9414302	-0.097896785
-1.0273132	-1.4320192	-0.72039723	-0.99728364	-1.4283158	-1.8694612	-1.7143142	-1.4364716	-1.2860966	-2.078948
-0.9786025	-1.365564	-0.50178206	-1.0429666	-1.995211	-1.2125978	-1.0346934	-0.7400906	-0.88495314	-2.244523
-0.34584275	-0.9277749	-0.47041324	-0.31217325	-0.7957204	0.19123827	-0.9644371	-0.101186864	-0.8947876	-1.2152305
-1.6039432	-1.4932573	-1.0427054	-1.6175736	-1.7752703	-1.9607323	-1.920212	-0.953222	-1.3588619	-1.9355994
-1.6347526	-1.779667	-1.0173596	-1.5784352	-0.04072392	-1.2568371	-1.4388099	-0.4548518	-2.3020487	-0.4764217
-1.5731342	-1.5254216	-0.9683982	-1.5815686	-0.70042574	-1.2286314	-1.8119587	-0.89260125	-1.3577367	-1.0334496
-1.8685063	-1.9064145	-1.2283438	-1.8361484	-1.7877278	-2.3102052	-1.7285298	-0.4900309	-2.94531	-0.4783935
-0.96059686	-0.81505454	-0.5612538	-1.0167437	-0.76435035	-0.9139031	-1.3361465	-0.52693254	-0.53807056	-0.515222
-1.1884173	-1.628627	-0.738943	-1.1320896	-1.222385	-1.2858839	-1.7547299	-0.8743334	-2.004302	-0.98482114
-1.4023185	-1.7930421	-0.94316137	-1.3615327	-1.6906163	-1.168092	-1.9977254	-0.58622545	-1.0391028	-1.286216
-1.0756546	-1.4817778	-0.6174326	-0.97338605	-0.68579113	-0.73108906	-0.025731599	0.57720816	-0.41022688	-0.57030493
0.010692321	-0.6347525	0.33641174	-0.029174402	-1.076946	0.44536334	0.55340314	0.46253425	0.44459087	-0.20842177
-2.436749	-2.2058547	-1.6284689	-2.3725288	-2.165549	-1.6518047	-1.0838269	-1.7803235	-1.7725911	-1.861828
0.40948403	0.83371043	0.5929953	0.2710352	0.45265296	-0.9718252	-0.54079396	0.08448533	-1.3664702	-0.26851907
0.47562966	0.43829176	1.1138701	0.3384022	-1.2116908	0.42292863	0.43742824	0.6616604	0.08243528	-2.29173
-1.8066458	-2.1268313	-1.043712	-1.831297	-1.3699595	-1.8549198	-2.33147	-1.0476382	-2.4613154	-1.0272444
-1.9971777	-1.9637444	-1.3853214	-1.9348879	-0.9400748	-1.4029857	-1.8611441	-1.3673573	-1.8150463	-1.3877583
-1.5456611	-1.9263642	-0.94591045	-1.5244739	-1.694296	-1.9344645	-1.9064119	-0.7175026	-1.9695023	-1.6392182
-2.588657	-2.234827	-1.6297466	-2.5129304	-0.16486773	-2.8327515	-1.9904839	-2.0558357	-3.0941532	1.8321569
-1.0871431	-1.0092225	-0.58780813	-1.1466632	-1.3101566	-2.3534198	-1.1281627	-0.69254166	-1.5819091	-0.6473416
-1.6699812	-1.3948063	-1.1629285	-1.6327045	-0.9881226	-2.370917	-2.1595275	-1.7426856	-1.0823016	-1.0239023
-0.6546832	-0.93209743	-0.13123658	-0.73443985	-1.9606926	-0.7067619	-1.225941	-0.23442005	-1.0266769	-1.2543483
-2.6084042	-2.412165	-1.6881173	-2.523596	-1.4039606	-2.236121	-2.059675	-1.6106552	-2.6193078	-1.4233239
2.8161519	-0.2622052	2.7347853	2.4284117	-1.3559061	5.326964	1.3190039	4.941269	4.6579833	-0.3373225
-1.8091567	-2.062366	-1.1083593	-1.7440352	0.3055798	-1.3560033	-0.6556477	-0.7203526	-1.7114143	-0.04829726
-1.937998	-1.9158111	-1.2097825	-1.8737184	-0.789491	-1.7269808	-2.4677715	-1.240198	-1.3410499	-1.4257122
-0.4644771	-0.3457688	-0.38888195	-0.4644559	1.5585498	-1.4584303	-1.3720897	-1.1700723	-2.0268905	2.5275466
0.8201747	0.19789448	1.0423951	0.74433255	-0.13037172	0.6706904	0.47958454	0.6640392	0.36440524	-0.61832315
-1.1415472	-1.6680212	-0.71693695	-1.0910362	-1.2382717	-1.1718904	-1.8652337	-0.82091963	-1.3317827	-0.9814203
-0.95690787	-1.2337589	-0.63684857	-0.87902415	-0.84114194	-0.7420427	-0.8366792	-0.40301114	-0.701907	-0.90239966
-1.855235	-1.8823482	-1.1569287	-1.8398836	-1.0510013	-2.6885521	-1.8251324	-1.6945448	-2.1410847	-1.6230344
-2.7671297	-2.6239126	-1.6934297	-2.6763532	-2.7333374	-2.4501364	-2.3711088	-1.4811156	-2.8627632	-2.163421
-1.0817912	-1.5565119	-0.73895836	-0.99638295	-1.9504191	-0.82474995	-0.603947	-0.23320407	-1.4101468	-1.9171919
-1.2163043	-1.4373102	-0.68808496	-1.1773996	-1.2213959	-0.8663001	-1.774831	-0.3397007	-0.773992	-2.6630204
-0.6456312	-1.2378219	-0.24867657	-0.76342314	-1.6396464	-1.1320763	-1.9696132	-1.2682369	-1.7808311	-1.5702431
-1.8001822	-1.168725	-1.2957735	-1.6472943	2.2672276	-1.7194196	0.2672356	-1.4533361	-1.8907561	3.6966457
0.12597188	-0.46577507	0.47830516	-0.04620211	-2.0283976	0.026203087	-0.77660346	0.26662806	-0.06308997	-2.3097777
-0.7059351	-1.2404473	-0.19719982	-0.7500094	-2.2821264	0.07509512	-0.15950315	0.39548174	-0.2502228	-2.0043585
-0.32982847	-1.0114632	0.0105107725	-0.47665226	-1.7267675	-0.6622026	-1.1636888	-0.6370944	-0.6632076	-1.4356192
-0.637564	-0.38312185	-0.16534677	-0.6704077	0.64750683	-1.8729503	-1.5255704	-1.0273392	-1.5424491	-0.63996303
-1.7822322	-1.9152294	-1.2085431	-1.6762304	-1.380576	-2.085666	-1.8688116	-1.3179225	-2.3342881	-1.2146955
0.5558708	0.8658074	1.036757	0.4105355	-1.2080284	0.09137872	0.5136172	0.62683576	0.18962263	-1.1766926
-1.7023194	-1.9107388	-1.1151041	-1.6451455	-1.8659537	-1.692349	-1.7704251	-1.2643135	-1.946083	-1.6958551
-1.2285129	-1.5611709	-0.764804	-1.311243	-2.1589277	-1.7418654	-1.3285036	-1.0352662	-0.63040936	-1.0694396
-0.29786688	0.03488052	0.70995927	-0.4500512	-0.12663002	-0.3029847	0.98519164	1.2764349	-0.6412701	1.2424971
-1.9711821	-1.9078841	-1.2399343	-1.91609	0.14417961	-1.504543	-1.7743033	-1.0678853	-1.4829001	-0.29599822
-1.6630896	-1.7750143	-1.0492514	-1.5370688	-0.8096883	-1.149264	-1.3450997	-0.5323668	-1.2311392	-0.87319946
-1.2112578	-1.6004624	-0.73930204	-1.3462236	-2.3838484	-1.134661	-1.3610183	-0.02548484	-1.4787638	-1.9608924
-1.8436116	-1.932804	-1.1453277	-1.8193896	-0.53432965	-2.2775486	-2.0611115	-1.3959017	-2.6212056	0.42772585
0.23935038	-0.54801327	0.7761831	0.05501008	-1.83433	-0.0030061908	-0.5946019	0.962481	-0.250647	-1.4681784
0.5913117	-0.83403337	0.9666102	0.5689881	-0.83459544	-0.0034149648	-1.1547545	0.68757576	-0.21288007	-0.21055056
-1.6808288	-1.886329	-1.1560814	-1.6276435	-1.2775886	-1.3990169	-2.2240515	-0.6836691	-1.7367429	-1.4794362
-0.48399928	-1.1701413	-0.03709635	-0.6580123	-2.2884521	0.20222874	-1.2778662	-0.29530144	-0.67560357	-2.0419545
-1.1476729	-1.5160882	-0.6582923	-1.2368488	-1.8622708	-1.5387278	-0.21950184	-1.1545995	-2.4685378	-1.4995553
-2.1935918	-2.2208543	-1.4026566	-2.1190863	-0.7992401	-2.2886536	-1.8796339	-1.3146391	-1.623661	0.9473908
-0.5240761	-0.48575327	0.013360605	-0.6586086	-2.1944401	-0.1493937	-0.919697	0.47584584	-0.14480996	-2.306857
-0.041224934	-0.42735675	0.40252897	-0.12734236	-1.0407166	0.352326	-0.11486522	0.088950045	0.18956886	-0.7963409
-2.170746	-2.0155265	-1.4900527	-2.0383346	-0.5291729	-2.493591	-2.2057314	-1.2061173	-2.1755083	-0.60982716
-1.3007056	-1.4038277	-0.7578082	-1.3273404	-1.8000188	-1.5071447	-1.8436291	-0.9724824	-1.8869138	-2.108529
-1.901516	-1.9513905	-1.2752029	-1.8188016	-0.80930144	-2.5448341	-2.2351286	-2.062036	-3.262468	-0.9862826
-2.395382	-2.3345788	-1.5330127	-2.2444377	-1.0707573	-3.0470772	-2.62285	-2.2257335	-2.4486718	-1.5615995
0.71152955	1.2702656	0.8408941	0.46655214	0.27149186	1.5922477	2.1585045	1.6115141	1.270686	2.3601558
0.21575356	-0.4373473	0.67319673	0.054573506	-2.3996942	0.47198173	-0.018460663	0.87819326	0.3347141	-1.7620344
0.47964236	-0.2752145	0.9316735	0.3833239	-0.82940686	-0.35984096	-0.8730726	0.4876711	-0.05579194	-1.1433114
-2.0489073	-2.1058261	-1.3644856	-1.9933163	0.7232702	-1.9522531	-1.6303312	-0.96975803	-2.0429943	2.47333
1.5360775	1.1617535	1.6346347	1.4086415	-0.97239673	1.5734078	0.16267748	1.5177945	1.4336545	-2.4618583
-0.22135979	-0.34376067	0.24455637	-0.40644473	-1.6627697	0.45939788	0.31629708	0.47876477	-0.68094826	-1.7286718
-0.07798377	-0.6587478	0.23792991	-0.2644475	-1.7373861	-0.07137388	-0.3197283	0.0060750903	-0.49839163	-1.91038
-0.523151	-1.0232593	0.025436312	-0.591327	-0.73944664	-0.5230275	-1.1441154	0.23683882	-0.14562859	-2.3493328
-2.674888	-2.4495094	-1.6885037	-2.5620923	-1.4710057	-2.5638807	-2.7105834	-0.6433377	-3.2212503	-2.6342247
-0.7801527	-1.6831422	-0.3621833	-0.83434397	-1.2104242	-1.0631828	-1.8510256	-0.8020727	-0.72692204	-1.3148015
0.42184302	0.045901954	0.7550044	0.17199858	-1.2786255	0.19927335	-0.38647267	1.01685	0.045256477	-1.2352644
-1.462731	-1.8061787	-1.0221931	-1.4098135	-2.2266119	-1.7582619	-2.3557343	-1.3662816	-1.9820977	-1.8048948
0.40655836	0.54351795	0.3594143	0.15273027	0.110854596	0.99168307	0.854567	1.1076089	0.6242361	-0.5843677
-0.25038412	-0.59560573	0.31995395	-0.32510734	-0.8359436	-0.3837369	0.16547383	0.52645403	-0.868325	-1.3083161
-0.736609	-0.47563672	-0.34486094	-0.7857773	-0.8614116	-1.105106	-1.2405982	0.21556832	-1.3182421	-1.4275502
-1.0666023	-1.4280229	-0.69544625	-1.092915	-1.431528	-0.5586879	-2.1175015	-0.83450097	0.23917048	-1.5480828
-1.6657354	-1.9038115	-1.1466331	-1.5882905	-1.7356771	-1.3106266	-1.6574912	-1.511615	-1.173661	-1.2471639
-1.4367456	-1.6449096	-0.95593596	-1.3583843	-0.5120119	-1.5899488	-1.8851849	-1.0671762	-1.8354903	-1.0518821
-2.4540346	-2.3764515	-1.5982811	-2.3438175	-1.4621123	-2.2179377	-2.1784637	0.1849474	-0.48290014	-1.6520696
-1.1082877	-1.2127119	-0.8007678	-1.0297529	0.056725353	-1.208534	-0.24130458	-1.0044696	-1.8107728	0.4294572
-2.155327	-2.1486988	-1.4845324	-2.0385766	-1.8887163	-1.0784513	-0.15881467	-0.36148039	-1.5027142	-2.7063656
-2.0067394	-1.9816008	-1.3940992	-1.9089649	-1.1281661	-1.1363391	-1.2978735	-1.0822535	-0.87191397	-0.9241605
-0.7035369	-1.1714889	-0.35797557	-0.7608806	-0.2717525	0.6159739	-0.6452802	1.2284832	0.67247945	-1.6415561
-0.2681305	0.8336685	0.69820994	-0.45522946	-0.6600355	0.4795715	1.1837394	1.6215655	0.5628353	-0.7168756
-1.4785013	-1.5021526	-1.0819447	-1.5008894	-1.9686569	-1.7020595	-1.2743902	-0.35575175	-0.5329443	-2.905542
-1.5957737	-1.6854874	-1.0487577	-1.5666993	-0.54827404	-1.5030288	-1.9562508	-0.74841416	-1.5276574	-0.1017134
-0.027905274	-0.55938494	0.2234679	-0.11968468	-0.9357711	-0.6083865	-0.75453436	0.31023774	-0.21528058	-0.8191246
0.48436514	-0.32477552	0.90017116	0.31572056	-1.7017277	0.1970828	-0.42495883	0.93954694	0.17552418	-1.7583324
-0.20820215	-0.9949813	0.37652126	-0.153107	-1.7955055	-0.6120588	-1.483367	-0.38203207	0.034758113	-1.100074
-0.5928173	-0.4452469	-0.38933256	-0.66826886	-0.92175686	-0.99779063	-1.7959341	-0.791804	-1.0789958	-0.4962562
-1.1210517	-1.3678793	-0.61281323	-1.1010034	-1.6893288	-1.232898	-1.4515544	-0.6504437	-0.7074009	-1.5179062
-1.2008091	0.17932692	-0.9036763	-1.2179254	-0.055580467	-1.0866688	-1.5141081	-0.72183806	-2.6235328	-1.592818
-0.75618225	-1.2066413	-0.25834072	-0.90072024	-1.7868258	-1.2296188	-1.2304037	-0.6560875	-1.6586651	-1.1306019
-0.68933624	-1.0202578	-0.23213777	-0.6758882	0.058745176	-0.7523454	-1.7383717	-0.2399587	-0.2650484	0.3876636
-2.0703268	-2.0863771	-1.5082905	-1.9699187	-1.3643051	-1.6959574	-2.2520692	-1.2962136	-1.4451077	-1.4576161
0.71617407	-0.16743201	0.98368895	0.4069221	-2.5814064	0.37551093	-0.1393744	0.96076876	0.016927142	-2.7148929
-1.7948291	-1.9111347	-1.1522281	-1.7374953	-0.7902633	-2.4042006	-1.6747358	-0.6605181	-1.9189928	-1.4440848
-0.12542212	-0.33498177	0.22878245	-0.10989545	-0.40302074	-0.4195036	-0.68587875	-0.7511391	-0.6558694	-0.56273586
-0.45181522	-0.9056153	0.1265426	-0.51425004	-0.89586186	-0.77981555	-0.9284573	-0.04110937	-0.9500465	-0.86802244
-1.8558054	-1.8509347	-1.3117739	-1.7832508	-1.2155036	-1.5338966	-2.2533104	-0.47790426	-0.69949555	-1.1212268
1.2367257	0.6128105	1.2278064	0.9783995	0.5100266	0.7299359	-0.58255285	0.5150145	0.48605448	0.99027437
-0.5901591	-1.2734404	-0.27809742	-0.71038276	-1.1436834	-0.39971268	-1.4811813	-0.34270802	-0.8165468	-0.41795683
-1.6790966	-1.8866693	-1.1538023	-1.6128358	-1.4490556	-1.9545938	-2.262027	-1.1594541	-2.0789459	-1.8685236
-2.146001	-2.077894	-1.3181968	-2.0166142	-0.30269048	-2.1396403	-2.5894077	-1.4641883	-1.9620858	-0.17862853
-1.2100053	-1.716085	-0.7307005	-1.245262	-1.2580538	1.4622624	-0.67988604	0.60598767	0.6905825	-2.0242999
-1.420559	-1.6652353	-0.98817265	-1.3621335	-0.93154216	-0.8985196	-0.18010893	0.29263666	-2.3235831	0.7325291
-2.0350027	-1.9608732	-1.4273123	-1.958906	-1.2799842	-1.6496822	-1.187418	-1.2154514	-2.4231865	-1.79649
-1.8129642	-1.9069531	-1.1670668	-1.7768182	-1.7649682	-1.4738152	-1.6814717	-0.45846367	-1.0709958	-1.9335947
-2.5581439	-2.293993	-1.6946528	-2.3662758	-0.17089787	-1.6362883	-0.76129156	-1.160881	-2.160319	2.534242
-0.20191836	-0.7964897	0.24391028	-0.30731156	-1.9155306	0.124488	-0.20811175	0.75010717	0.023528188	-1.8717463
-1.6273187	-2.233063	-1.2117109	-1.5530133	-2.6793685	-1.8877907	-2.0645852	-0.94983613	-1.6909802	-2.1824174
0.15187433	-0.70107424	0.5852697	-0.013937458	-2.400952	2.2931187	-0.21407695	2.2608054	2.2259765	-2.4647465
-1.4469105	-0.80379796	-1.1018825	-1.4407538	1.0493199	-0.9124896	-1.2305918	-0.8754475	-1.4393181	0.5021955
-1.566041	-1.7141019	-1.1117053	-1.482476	-0.9752413	-1.8455198	-2.022467	-1.6346761	-1.854217	-0.96303165
-1.0252458	-1.1283522	-0.6503397	-1.0947715	-1.0105867	-1.2784779	-2.219396	-1.0572312	-0.28229326	0.7397127
-1.6899034	-1.3893666	-1.0780085	-1.6924043	-0.18309331	-1.5860585	-1.9600745	-1.2488372	-2.1214237	0.2523612
-1.1012527	-1.4686441	-0.6912656	-1.0768517	-0.3529735	-1.4475925	-1.7283785	-0.7794104	-1.2522808	1.072755
-1.8199553	-1.9071317	-1.2505454	-1.8547316	-0.41832012	-1.0116037	-1.4748414	-0.37184885	-1.4843782	-0.251803
-1.7967255	-2.0398622	-1.2841728	-1.7935379	-1.2843133	-2.014065	-2.4614494	-2.276798	-3.4525266	-1.2464308
-2.7346098	-2.2478237	-1.8294992	-2.654251	-0.92634594	-2.4597998	-1.9648056	-1.6062381	-2.6727345	1.6494557
0.4051164	-0.06653352	0.8964641	0.23425339	-0.74876106	0.4649344	0.03603252	0.5794953	0.33027416	-0.40528175
0.58091545	0.5673003	0.72399926	0.2971735	-1.5236562	1.2942783	2.0250664	1.0772847	0.90343285	-1.8959218
-2.6121376	-2.3810587	-1.6590707	-2.4706347	-0.802536	-2.6875439	-1.9122735	-2.8441637	-2.4860837	-1.2507361
0.31901062	-0.3518008	0.6967138	0.06580405	-2.270336	0.3138575	-0.8204892	0.6871198	0.39176273	-1.8539902
-2.0601332	-2.1312346	-1.2927868	-2.0734606	-2.5393612	-2.011207	-1.4670058	-1.3536712	-2.262468	-2.494815
-1.943904	-2.069036	-1.2526157	-1.8797902	-0.6364753	-2.225291	-2.1904433	-1.6033924	-2.035241	-0.6899707
-2.3195763	-2.184756	-1.5521191	-2.1913235	0.056198627	-2.2444193	-2.298854	-1.3131127	-1.9896039	-3.4206953
-2.1486516	-2.2544446	-1.453033	-2.05355	-2.2291408	-2.005609	-1.8321021	-0.662409	-2.118958	-3.1307273
-0.5885993	-0.73357785	-0.05217862	-0.682971	-1.4643613	-0.34193277	-0.87376624	0.71165353	-0.49114686	-1.7377161
-1.1530772	-1.7121543	-0.652622	-1.0679989	-2.2242928	-0.7677581	-1.6497756	-0.8619375	-0.71661144	-3.0696917
0.058596246	-0.80507493	0.5984591	-0.049528927	-2.2591403	-0.16335076	-0.9336441	0.5354805	0.049402904	-2.93626
-1.8852412	-2.0498838	-1.2481557	-1.7644712	-0.55785644	-1.1618913	-2.2637863	-1.4260135	-1.0775862	-0.037585877
-1.0829613	-2.155235	-0.57849336	-1.0854099	-3.167424	-1.389043	-2.3706093	-1.5969541	-1.82794	-1.9785607
-2.1042914	-2.2757628	-1.2581457	-2.0466533	-0.9662696	-2.8185503	-1.2621387	-1.9020613	-0.9091111	-0.3595299
-2.0479107	-2.0204098	-1.287438	-1.9261354	-1.3548768	-1.9732636	-1.7803444	-1.4613811	-2.0081677	-1.1969806
-1.8915161	-1.8687578	-1.2559357	-1.7299222	0.3879572	-1.5718876	-1.2065035	-1.1875744	-2.1877098	0.60075504
0.22232363	-0.21354522	0.7139962	0.011113107	-1.9239554	0.5766111	0.35176465	1.0022535	0.52259785	-1.7848516
-2.1683302	-2.350573	-1.3812486	-2.112111	-1.198529	-1.9991372	-2.034451	-1.3606306	-2.386589	-1.1079887
-1.7255484	-1.8062942	-1.1028653	-1.6596906	1.2044381	-1.645386	-1.5357641	-0.9395728	-1.467477	2.2476716
-2.1274276	-2.117619	-1.4414389	-2.0050662	-0.4325637	-2.3617415	-2.4674535	-1.7872213	-2.21932	0.48530158
-2.7802243	-2.4981763	-1.7449874	-2.687373	-1.7324998	-2.072569	-1.7256912	-1.3492069	-1.5969305	-1.89732
0.92481107	0.736508	0.53370166	0.8020455	-2.1907625	1.5771714	1.9758677	1.5009278	1.6886725	-0.7458211
-1.4362553	-1.7539537	-0.9061724	-1.3401008	-1.2460228	-1.7419697	-2.1061504	-1.0342119	-1.866562	-1.7518958
0.08332779	0.43220964	0.2690306	0.0089343935	-0.39740315	-0.6377146	0.27314162	1.118995	0.39333478	-0.036200773
-2.4787312	-2.4501314	-1.5536189	-2.3639402	-2.2040672	-2.7768435	-2.5876486	-1.8344283	-2.1297245	-1.2023796
0.01392556	-0.45045185	0.48321414	-0.14196391	-1.6403083	-0.12205116	-0.30384117	0.5640036	-0.21688882	-1.7063327
-1.1543536	-1.1660876	-0.7507522	-1.126253	0.08786282	-1.2306927	-1.9275918	-0.21885785	-0.70572615	-0.3416809
-0.12447189	-0.7767085	0.38221455	-0.2826795	-2.4553988	-0.28324306	-0.48897275	0.60715395	-0.088807784	-2.8330998
0.76072603	-0.45433426	1.1422268	0.71769404	-1.3780802	-0.7006057	-1.3832828	0.22544463	-1.038462	-1.252209
-1.3635461	-1.678335	-0.81949794	-1.472768	-1.8095278	-1.9775747	-1.7515602	-1.3177179	-2.2741032	-1.19388
-1.5524046	-1.849642	-1.0139567	-1.3743111	-0.8962319	-1.1989796	-2.101069	-0.40523595	-0.88578236	0.76258147
-1.2254672	-1.5396132	-0.6696222	-1.1668222	0.21927676	-0.6100342	-1.1950955	0.18352011	-0.2041732	0.7552077
0.28126523	1.788945	0.6035586	0.11486356	-0.18547493	0.875917	0.57115954	1.52971	0.4839944	-0.74535495
1.6192569	-0.049516603	1.9257201	1.3211716	-1.5447005	1.2755278	-0.23175573	1.2332114	1.2086066	-1.0735576
-0.19542164	1.2843453	0.09588656	-0.3749938	0.79011714	0.2074913	-0.041620903	0.5428355	-0.22340925	-0.47040105
-0.5157521	-0.74099946	-0.29752174	-0.6011804	0.760607	-1.1276821	-0.63980865	-0.6432822	-0.72421134	-0.9110716
0.8726023	0.70326376	1.2705175	0.6233259	1.0115399	1.581282	0.89243895	1.6874363	1.0222074	2.5717309
-1.6209424	-1.5435346	-1.2109084	-1.6061273	-1.800066	-1.8491801	-0.24382703	-0.93288714	-2.1626375	-1.3967568
-2.1894846	-2.1561751	-1.3834754	-2.0908813	-0.7055371	-1.8519664	-1.8736092	-0.9445064	-1.6349032	-0.34959882
0.031287424	-0.5957073	0.4175349	-0.17542095	-2.3477747	-0.38253462	-1.2121128	0.47465634	-0.6955096	-2.1206021
-1.9702426	-1.8669398	-1.2016608	-1.8932621	-0.9302542	-1.9807456	-1.5803871	-1.3714619	-2.1745853	-1.2557123
-1.5825349	-1.6549665	-0.99848413	-1.5762326	-0.68481076	-0.95130837	-2.6441274	-0.7591064	-0.93826526	-0.8114814
-1.9636241	-2.1362646	-1.3813268	-1.8918955	-0.8020994	-1.4037873	-1.445386	-0.8219106	-0.5982197	-1.0371717
-2.0622668	-1.9980189	-1.5047007	-1.9615594	-1.7523469	-2.2126186	-1.729154	-1.6131614	-2.2720451	-1.8139906
-0.8870159	-0.83884406	-0.64068973	-0.9311216	0.0029814541	-1.1737676	-1.0885642	-0.5366258	-0.9061844	-0.18114111
-0.31259432	-0.5887191	0.038495213	-0.40657717	-0.33168665	-0.15155245	-0.97523177	-0.08721327	-0.4470749	1.8270121
-1.5591989	-1.9200488	-0.8293623	-1.5647577	-1.354502	-1.7117078	-1.3103642	-1.4475926	-1.6814142	-1.0660502
-2.262342	-2.248423	-1.3707335	-2.2969017	-1.9639261	-2.4058466	-0.25568137	-0.6921883	-2.8883755	-1.4390519
-2.015773	-2.01467	-1.3353293	-1.9428513	-1.3435144	-1.7776467	-2.0781877	-1.4025153	-1.5709207	-1.363859
-1.7705278	-2.00674	-1.2105434	-1.7027447	-2.2341676	-0.9484385	-1.35876	-0.1592194	-0.4439452	-2.291927
-0.37226278	-0.23660311	-0.044960648	-0.48713136	-1.5080736	-1.534028	-1.0429357	-1.8951669	-2.9169643	-1.5613933
-2.466567	-2.3804502	-1.5547097	-2.373894	-2.0832412	-2.4037786	-1.8492575	-1.3704227	-2.3353913	-2.408655
0.042541467	0.046509802	0.51744276	-0.083829835	-0.249918	1.1294825	0.9796167	1.0347358	0.70072037	-0.2678736
-0.56398916	-0.80977595	-0.106962115	-0.7625173	-1.9601501	0.88624746	0.66507035	0.59610146	0.2751086	-0.98109746
-1.1815543	-1.9504325	-0.5219526	-1.0813009	-0.94600224	-0.98801655	-1.0269295	-0.47313026	-0.8333755	-0.31077805
-1.6179589	-1.5051632	-1.105466	-1.584554	-0.044464737	-1.1027237	-1.8980379	-1.0509131	-1.216824	0.64502746
0.881697	0.03690532	1.0907398	0.6939259	-0.6873883	0.7668498	-0.0112828985	0.8360018	-0.37600613	-1.4464749
0.14587137	-0.13699433	0.40356073	0.10346995	-0.06955093	-0.67725956	-0.1731253	-0.36284798	-1.1280421	0.76328766
-1.6322958	-1.6538873	-0.9991113	-1.5926765	-0.4857431	-1.835887	-2.1042018	-1.2120138	-1.7490245	-0.59843016
-1.132442	-0.5404743	-1.0496974	-1.094655	0.3548247	-2.443973	-1.5799295	-1.3463702	-2.5607674	-1.8592517
0.23869026	-0.34005755	0.60567224	0.027614951	-1.8492823	0.381334	-0.58708966	0.82401407	0.10378454	-2.3372302
-1.9775032	-2.2235017	-1.2943048	-1.8802031	-1.8238527	-1.7332758	-2.060717	-0.97690743	-1.8666902	-2.6650932
0.2771879	0.9837425	0.653839	0.04845278	-1.4516996	1.0908114	1.2549115	1.5864397	0.51069015	-1.8358036
-1.550301	-1.7828033	-1.0093925	-1.5034764	-1.7500509	-1.1958591	-1.2340697	-0.4562731	-1.9338295	-1.2352673
-2.0617433	-1.9210873	-1.5395384	-1.9348282	-0.513819	-2.2999523	-2.0513256	-0.8308556	-1.3547252	-3.3551002
-1.5962654	-1.0332539	-1.1329293	-1.526521	-0.6031529	-1.8930624	-1.2918916	-1.3180035	-0.23329695	1.5472485
-2.143117	-2.030527	-1.3743306	-2.0201294	-0.8499094	-2.1531522	-2.09814	-0.14687318	-2.2481706	-1.4038701
-1.0078512	-1.5582533	-0.55119073	-1.0978165	-0.47841758	-1.15277	-1.9799534	-0.741661	-1.7945789	-0.7181454
-0.8245852	-1.1626935	-0.46467468	-0.8775164	-1.3173195	-0.9658657	-1.2979548	-0.8058534	-1.2394266	-2.617739
-0.263107	-0.14841709	0.25250772	-0.509068	-1.9030315	-0.33263245	-0.22367905	0.25437784	0.9216808	-2.0596442
-0.019263156	-0.54778135	0.4226565	-0.13205354	-0.98867095	-0.5576123	-0.91285235	-0.2395858	-0.17400332	-0.9778405
0.3083363	0.7483567	0.6085299	0.07410057	-0.52086926	1.0401902	1.0719352	1.2215116	1.522659	-0.8923933
0.0870977	-0.44224834	0.46219316	-0.10783659	-2.0243099	1.5867853	-0.26057214	1.9330195	1.2831489	-1.8780353
0.7105747	-0.014846534	1.1654955	0.46386397	-2.0140514	0.2502267	-0.22246462	1.2619514	0.27154547	-1.4287922
-1.7610493	-1.9540015	-1.275847	-1.685313	-1.8653358	-1.3481511	-1.3437929	-0.965401	-1.7652202	-0.7666159
-0.7021168	-0.98292124	-0.3800538	-0.7416587	-0.23796356	-0.36622524	-0.40076625	0.10941975	-0.7993224	-0.2783002
0.72467417	0.35448912	1.3100632	0.5897894	-1.57786	0.6655173	-0.39544174	1.1879917	0.7258651	-2.5260863
-1.1782447	-1.1879284	-0.6761794	-1.1902673	0.3201534	-1.0017725	-2.182052	0.25556883	-0.67293197	1.0628257
-0.5814706	-0.47052747	-0.12538585	-0.68957376	-0.98183393	-0.7118341	0.80899674	-0.9045448	-1.0510777	-1.4357814
-0.9458015	-1.2722598	-0.5812597	-0.9252523	-0.8066063	-0.6989393	-2.0055282	-0.68562216	-0.44153666	-1.274117
-1.9665546	-1.9569623	-1.3254303	-1.8945929	-1.9515728	-1.361396	-1.1626012	-0.7008325	-2.1559584	-2.2199404
-2.3949237	-2.2295423	-1.5723131	-2.222459	0.57434165	-2.374255	-2.051355	-2.0525386	-2.201027	-0.4349157
-2.139411	-2.051996	-1.268225	-2.0981073	-1.180538	-1.9482139	-1.4428543	-1.327277	-2.1061904	-1.2722102
-1.5875446	2.5003633	-1.2727598	-1.8591048	2.4097857	-1.1525174	2.3308134	-0.57612896	-0.83162975	1.2382871
-0.58933145	-1.2713945	-0.122425824	-0.74636275	-2.2200372	-0.5167237	-1.041383	0.04457993	-0.7021985	-1.8468337
-1.7782496	-2.0226595	-1.1890911	-1.6782813	-1.650673	-2.0997586	-2.1259077	-0.9413937	-1.6378427	-1.3553843
-0.79726714	-1.2519486	-0.30088654	-0.8076947	-1.2193403	-0.8782743	-0.5669747	-0.6739557	-1.2753986	-1.3186882
-1.7866424	-1.6433039	-1.4211819	-1.760496	-1.7585893	-1.5214555	-2.3208802	-1.3138144	-1.6794052	-2.0304441
-0.7968771	-0.89903486	-0.36038014	-0.8326213	-0.58169186	-1.3727608	-0.8386606	-0.44823992	-1.4948496	-0.9775807
0.6929918	0.06766456	1.0643052	0.46074915	-1.7532502	0.5293225	-0.14263545	0.7965563	0.042252585	-1.635398
-0.64787716	-1.285113	-0.08637184	-0.7068219	-1.822809	-1.2763658	-1.2207336	-0.43961784	-1.6722461	-2.458387
-1.6816533	-1.9472052	-1.203264	-1.6733364	-1.67701	-1.7585795	-2.544902	-1.6717339	-1.6102625	-1.6692207
-1.049453	-1.6414397	-0.49478295	-1.2053858	-2.2852983	-0.6685487	-0.9913424	0.118229285	-0.40571257	-2.7376082
0.61631083	2.1185327	0.43163648	0.46856916	1.8618704	-0.9638633	-0.52776754	-0.51791734	-0.091284014	-0.415589
0.21453843	0.22636706	0.6325697	-0.07537554	-1.3120455	0.94524544	0.5315364	1.3635406	0.56383884	-1.4074503
1.6361405	-0.69702137	1.7979407	1.4197617	-1.517714	1.4595213	-0.48186323	2.3474479	1.0718507	-1.7281625
-0.94691586	-0.7890434	-0.44914946	-0.97212714	-0.37733936	-0.74852955	-0.16583283	-0.17854993	-0.69387406	-0.428948
0.1406205	-0.56202877	0.4998109	0.058840558	-1.1749321	0.49000606	-0.7063327	0.63341707	0.077874094	-2.1147857
-2.4036534	-2.3194554	-1.5837138	-2.2821534	-0.75677854	-2.401584	-2.2333903	-1.9829227	-2.9203055	-1.2908076
-1.3159059	-1.3241394	-0.8827703	-1.2725451	-1.2384784	-0.7399154	-1.7201077	-0.453878	-1.2472297	-1.0705005
-2.6017513	-2.376896	-1.6469274	-2.4373422	-1.5966002	-2.3822865	-2.096676	-1.2396413	-1.971927	-1.2915779
-1.1691577	-0.8031688	-0.6278163	-1.1456242	-1.8440124	-0.7739975	-0.8509038	-0.27346388	-1.2341981	-1.3464618
-2.5552828	-2.468778	-1.5818944	-2.5782988	-2.0797713	-2.8574376	-2.7765734	-2.0702899	-3.6632817	-3.6306593
-2.2038844	-1.9858662	-1.572407	-2.067824	-2.3780727	-2.273249	-1.8991681	-2.1021883	-2.874595	-3.1836667
-1.3043052	-1.323232	-0.49642232	-1.221238	0.7531136	-1.4325063	-1.7044065	-0.73743004	-1.1635118	1.7018465
-0.6626852	-0.18342671	-0.39057526	-0.6317056	-0.36194918	-1.4450461	-1.6805973	-1.0772871	-1.8429897	-1.8307464
-1.1117829	-1.5661159	-0.5578432	-1.2533531	-2.7761197	-1.6366603	-1.1167735	-0.8586361	-1.5565395	-2.6000876
-0.0378393	0.6061512	0.12742522	-0.27795285	-0.30014804	-0.25832778	1.6490977	-0.19329397	-1.2297115	-0.82536983
0.01241257	1.4616449	-0.056732148	-0.3739714	-0.97526646	-1.8930783	-0.74274737	0.11749452	-1.6125196	-1.3995988
-2.2251024	-2.0513272	-1.6164957	-2.1750467	-0.813494	-1.8523628	1.6737435	-1.290683	-2.1276278	1.3137047
-0.2897993	-0.7975832	0.14831692	-0.39909768	-0.9125922	0.04336929	-0.6030546	0.38322797	0.32434896	-0.8053312
-2.2111297	-1.9857957	-1.5508506	-2.1335008	-1.0009555	-2.2036688	-1.7861854	-1.4359201	-2.4770403	-1.8411574
-0.47566506	-1.4915183	-0.015315652	-0.47390342	-0.95449686	-0.22601224	-1.0977336	0.32607397	0.08197271	-0.32617527
-0.2802055	-0.8401512	0.26708212	-0.35246277	-0.8121877	-0.23801473	-0.59619033	0.25226313	0.073336996	-0.29300317
-1.2361045	-1.1162815	-1.0418024	-1.1635243	-1.6364369	-0.57599276	0.71695876	-1.2301444	-0.5904419	0.34535596
-0.12348891	-0.5518195	0.68663967	-0.27569026	-1.8219737	2.2901025	1.228439	2.4766889	1.9153081	-1.3704845
-0.6590248	-0.4028127	-0.14754546	-0.6320901	-0.9262551	-0.89857054	-1.3248523	-0.41528863	-0.46902245	-1.1476786
-0.02366025	-0.084157765	0.44417527	-0.21878174	-1.6924913	-0.7060742	-1.270895	-0.16926584	-1.1075276	-0.43546242
-1.311871	-1.3914295	-0.832194	-1.4381013	-1.8646935	-1.6065767	-1.4363347	-0.9788924	-1.8106071	-2.0815153
-0.15837607	-0.88480437	0.22753598	-0.36165047	-2.6175466	-0.7790995	-1.2191961	-0.41910014	-0.48523456	-2.748767
-0.46732283	-0.68387115	-0.22877792	-0.6458676	-1.1385796	-0.66320217	-1.0091928	-0.1377873	-0.28212285	-1.2687228
-0.028830685	-0.6472816	0.47031587	0.0040558428	0.26036152	-0.5732231	-0.67688584	0.06597238	-0.7282548	-0.70668334
-0.8903047	-0.5594523	-0.2980108	-0.97482675	-0.7758583	-1.2898937	-0.27742827	-0.44291732	-0.96370935	0.08887501
-1.1986021	-0.0066178143	-0.91447735	-1.2386235	0.7358209	-1.7326187	-1.2131855	-1.1972932	-1.2620289	0.32305625
-2.5816164	-2.309843	-1.6067919	-2.4737852	-1.5307035	-2.092993	-2.262771	-1.9448601	-2.9819968	-2.460215
-1.8346435	-1.9503163	-1.254004	-1.7715476	-1.9160684	-2.2020104	-2.377703	-1.1782103	-1.9056946	-3.1844895
-0.83829933	-1.0821959	-0.4535918	-0.9783158	-1.393273	-0.49580848	-1.5859164	-0.21078748	-0.48280352	-2.8146086
-0.53409415	-0.9342077	-0.1800594	-0.67248136	-2.3663216	-0.8912656	-0.63615465	-1.592467	-1.4242581	-2.660312
-2.369633	-2.3366768	-1.5579492	-2.2536728	-1.6228597	-1.8476431	-1.8561128	-0.93352664	-2.2461982	-0.8131868
-0.27992392	-0.27707925	-0.010028407	-0.46998197	-1.8017236	-0.900728	1.2329512	0.25935417	-1.7335039	-1.2838757
-1.0945089	-1.5524347	-0.6801578	-1.0719886	-1.2729859	-1.3091124	-1.5275308	-0.81628084	-1.7152805	0.32500306
-1.1381767	-0.9720166	-0.68810236	-1.2376211	-1.5541681	-1.2242961	-1.4640028	-3.640908	-1.0845847	-2.4297323
0.6559018	1.3730246	1.043407	0.36802727	-1.1325542	-0.53990924	0.13006504	0.056948736	-0.6848904	-1.2531996
0.44046035	0.08358088	0.7461885	0.20727368	-1.693126	0.27886695	-0.06613328	0.6495694	-0.5266437	-1.9923078
0.2625741	-0.31952104	0.6988605	0.14747943	-1.2486444	-0.68749934	-0.4502752	0.2694881	-0.4335659	-0.7768601
0.512992	-0.2689857	0.8342494	0.3351255	-1.191821	0.53931254	-0.46775746	1.1445686	0.29990244	-1.2430271
-0.30937985	-0.95239234	0.13172124	-0.46081817	-2.3630629	-0.20806521	-0.6230078	0.3290616	0.20276564	-1.3266922
-0.86095387	-1.0303288	-0.564875	-0.922439	-0.84288764	-1.8640876	-1.1466382	-1.2428912	-1.720681	-0.19729792
-0.7107634	-0.99473524	-0.14780661	-0.82090867	-1.5375092	-1.0004934	-1.6156093	-1.4107267	-1.3876059	-1.9529469
-2.1130536	-2.12609	-1.4768897	-1.9953091	-0.9545884	-2.9077792	-2.1299706	-1.444792	-2.8007116	-1.477049
-2.2859125	-1.8181217	-1.7163659	-2.1835694	-2.0549867	-2.5004933	-1.4026163	-1.7247227	-2.4293191	-1.8113331
-0.50701004	-0.34556994	-0.3525332	-0.6509768	-0.65304196	-0.5751352	-0.23726106	-1.1245679	-1.1620132	-1.2585437
1.3479902	1.2916129	1.7746643	1.0846419	-0.24387683	1.6771986	1.8149761	1.8192219	1.2661178	-0.21017133
-0.34060547	-0.42410618	0.0077337623	-0.45329827	-0.24175525	0.102640264	0.059215713	-0.09786405	-0.12987727	-0.20466928
-0.027993359	-0.45440465	0.455961	-0.13635205	0.5335362	0.094401225	-0.42470008	0.53645205	-0.04468129	-0.03053874
0.1088362	-0.38549453	0.3973827	0.10022272	-1.3243983	-0.15997887	-0.45715788	0.43853667	-0.25651166	-1.8339226
-1.6730316	-1.6677713	-1.1084778	-1.6147642	0.37017432	-1.7212503	-1.3367187	-0.20060991	-1.6045188	0.09763239
-0.3769821	-0.88444567	-0.049875528	-0.5077638	-1.5796267	-0.48820695	-0.9268101	-0.09140692	-0.67812425	-0.7884758
-0.39611235	-0.7411889	-0.03780994	-0.49648863	-1.8606862	-1.5352367	-1.5444833	0.023823086	-0.82184356	-2.6529717
0.29820654	-0.5619697	0.7264621	0.11367591	-2.5568159	0.5083996	-1.5048504	1.4424484	0.19193806	-2.3653762
-1.1913648	-0.71464574	-0.95560896	-1.2036065	-0.23925999	-1.8603144	-1.5421975	-1.2236586	-1.8851924	0.06844173
-1.2670383	-1.5942427	-0.9273714	-1.2131028	-1.5126384	-2.2384167	-1.8082211	-1.0601544	-0.6128512	-1.0323994
-1.8939884	-1.996085	-1.339353	-1.7555989	-0.91675293	-1.7333455	-1.6344433	-1.1729592	-2.947661	-0.8221641
-0.70008695	-1.3750888	-0.17767829	-0.8567891	-2.3250523	-0.5897413	-1.9480082	-0.5591673	-1.4078205	-2.813772
-0.38007373	-0.79829776	-0.053473562	-0.5581859	-1.7937272	-0.92718387	-0.65693283	-0.99042755	-0.7236778	-1.5333604
0.3388907	-0.46577048	0.4870165	0.21989618	-0.81808424	-0.7009017	-2.0810401	0.07464803	-0.68308437	-2.325258
-0.32452813	-0.9299741	0.17667454	-0.5072907	-1.7502384	-0.3966641	-0.9057878	-0.39290226	-0.7960097	-2.237707
-0.14777613	-0.47788572	0.21207418	-0.24853341	-1.1837171	0.13434848	-0.23564838	1.1293374	0.18415014	-1.3610507
-2.2600226	-2.0553424	-1.4048324	-2.11661	-0.13421239	-2.0237796	-3.0067847	-0.91930693	-1.7294809	-1.0792543
-1.8410429	-1.7388418	-1.2703736	-1.7866488	-1.3946211	-1.8446565	-1.5391645	-1.351564	-1.9876331	-0.64279187
-0.9262726	-1.2204531	-0.42582378	-0.99561644	-1.2690132	-1.4036038	-1.6517853	-0.9181813	-1.0726887	-1.0749636
-1.8459312	-1.8694307	-1.2086606	-1.6993343	-0.35814223	-1.8476517	-1.9549108	-1.1923119	-1.7852678	-1.1379534
0.35371268	-0.6820953	0.26874164	0.2559086	-0.5945604	0.18012495	0.1968608	-0.11246363	-0.3042648	0.32818368
-1.2529143	-1.4577631	-0.8684225	-1.2523192	-1.866959	-1.2936094	-1.3258194	-0.9161985	-1.3301585	-1.9090806
-1.6428542	-1.2974821	-1.135153	-1.6958034	-0.22216451	-1.6506193	-1.8205036	-0.6291678	-1.0244411	-1.3162764
-0.48214394	-1.0882808	-0.08109361	-0.50827175	-1.4562838	-0.102437206	-0.72402734	0.20615144	-0.3816972	-0.8184146
-1.3946364	-1.4391043	-1.0586437	-1.3609451	-0.8313027	-1.7021469	-1.9767196	-1.3648999	-2.4457924	-0.23483978
0.16661292	-0.64328253	0.58899903	-0.06612401	-2.392253	0.32625875	-0.5630379	0.8090983	0.16913277	-2.2751758
-0.7409567	-0.21635786	-0.36199078	-0.8579396	-1.4290512	-0.0471712	0.83509576	0.63930434	-0.48105827	-1.3400865
0.35512945	0.4258472	0.94126403	0.27187824	-0.093012094	0.5439387	1.6714132	1.3347683	0.7477191	0.83178115
-1.534399	-1.6902465	-1.0442632	-1.457523	-1.8409439	-0.971111	-1.3454381	-0.54083043	-0.7905363	-1.1376904
-1.3900998	-1.4289732	-0.9786172	-1.3992572	-1.8052429	-0.59316695	-0.676244	-0.00038831672	-0.69692606	0.06956411
-2.2846937	-2.3024688	-1.4803305	-2.2061632	-1.3819739	-1.9452463	-2.242957	-1.1093166	-2.3678815	-1.770113
-1.3710483	-1.5756015	-0.92462564	-1.3062737	-1.467161	-1.1594363	-1.6348652	-1.3469242	-1.0694989	-1.407419
-2.4626038	-2.3520634	-1.5917002	-2.3683565	-1.1676247	-2.3586664	-2.6360662	-1.3179873	-2.175026	-1.4476923
-0.23979056	-0.5117631	0.23635656	-0.32078525	-1.0170318	-0.009097048	-0.89117116	0.6932237	-0.0611142	-1.136068
-1.2902796	-1.6647106	-0.8275057	-1.2412285	-1.2612433	0.31837863	0.45446476	-0.01900907	-0.34735137	-1.6752074
-1.8031018	-1.6320264	-1.1704636	-1.7927777	0.6933572	-0.2308431	1.2867571	-0.46700457	-0.4555027	0.7246041
-1.1683041	-1.0570328	-0.73227084	-1.1889014	-0.7645254	-0.7798612	-0.55593824	0.0062419237	-0.94868106	-0.7135459
-1.2470958	-0.712523	-1.0827094	-1.1525403	1.0080577	-1.5348161	-1.0594058	-0.7760994	-0.71999484	2.1739726
0.22686815	-0.55918777	0.64042616	0.049251974	-1.8824152	-0.13563687	-0.69424945	0.38042814	-0.45126286	-1.8486369
1.9249102	0.5153476	1.6313242	1.6315303	-0.4805501	3.4434965	0.86409855	3.3024104	2.7950373	-0.40888608
-1.469807	-1.5798645	-0.8916007	-1.4263761	-0.53775597	-1.9654152	-1.9154527	-1.3633405	-2.049431	0.62240106
-2.5686371	-2.1994097	-1.6514201	-2.501672	-1.2639878	-2.4624457	-2.6608071	-1.8793609	-2.9125144	-0.8761174
-2.1781979	-2.0280035	-1.4368432	-2.0433567	-0.98604655	-0.55673814	-2.13364	-0.7993773	-1.5673311	-0.29563224
-0.7197296	-1.3610222	-0.2999849	-0.8002726	-2.285525	-1.2347134	-1.6708819	-1.0919119	-1.4653897	-1.845708
0.48285708	0.30166164	0.8088633	0.23807643	-2.0216432	0.18193032	2.5012505	0.33691856	-0.2710483	-0.8640281
0.2644094	1.2768211	0.73218024	0.08634217	0.005743772	-1.3513149	-0.17060068	-0.17403123	-1.2385405	-2.5936282
-0.3162413	-1.2836491	0.3486152	-0.41699207	-1.8767976	-0.8110003	-1.8074585	-0.3338884	-1.4296494	-1.8625045
-1.1202742	-1.8133314	-0.7249304	-0.9519084	-2.8760726	-1.4938772	-1.4533012	-1.2902681	-1.6010791	-3.1497245
-0.8897981	-1.2238736	-0.47440824	-0.90913707	0.0014038682	-0.8174263	-0.9635976	-0.7844356	-0.40561768	-0.020525085
-1.7001483	-1.698245	-1.0423278	-1.6061399	0.16025719	-0.9766167	-1.521312	-0.20627421	-1.1715251	0.032410067
-0.028863944	0.41338578	0.08641136	-0.09568095	1.2228407	-0.67891634	-0.5278075	-0.10495439	-0.46831873	0.3394415
-2.7427385	-2.638737	-1.7467846	-2.6608603	-2.4838994	-2.6705666	-1.8553083	-2.0576928	-3.2102206	-2.4982736
0.0034530386	1.141027	0.35313225	-0.27670503	-0.2816903	0.1890113	0.6156159	0.57845336	-0.07323114	-0.07527315
-2.3751585	-2.0260344	-1.6167517	-2.2256572	-1.0761381	-1.8682142	-0.93417245	-1.2260929	-2.0009031	0.42347062
-1.1262476	-1.7505362	-0.67666316	-1.1216879	-1.3659528	-1.1427373	-1.8211267	-1.2687379	-1.6815331	-1.5458968
1.3460461	0.8318014	0.8585446	1.1246829	-2.5160873	1.5543816	1.9346821	1.5087459	1.294288	-2.7014084
0.53700393	0.57022023	0.93120503	0.30771732	-1.1032139	1.3235608	1.6110034	1.8161867	0.8875952	-0.18082383
-0.51848775	-0.6456796	-0.11778864	-0.69285583	-1.9498941	-0.053000357	0.17103913	0.38389257	-0.3886795	-1.7894723
0.9409662	0.38354406	1.2227432	0.7292149	0.13184932	0.28510785	0.33118784	0.76802707	1.0499339	-0.39274633
-1.8868505	-2.00404	-1.2586697	-1.8022771	-1.3666049	-2.3363788	-2.3957465	-2.1069188	-2.259184	1.0708206
-0.3185406	-1.3550994	0.17710415	-0.33223653	-1.1722511	1.1408621	-0.016559836	1.2607532	0.9626021	-1.2566036
-1.9016664	-1.9690326	-1.144339	-1.8299047	-1.258789	-2.270754	-2.0765603	-2.2120602	-2.5141687	-1.8633237
-0.5909282	-1.0173917	-0.24570975	-0.608935	-0.3053259	-0.18057968	-0.9364566	-1.6092235	-0.818506	0.8521478
-2.1301396	-2.036691	-1.6638352	-1.9505037	-1.3904656	-2.1019871	-2.4444351	-1.7297976	-2.7516215	-2.33989
-1.0892555	-0.9232099	-0.83407307	-0.98502725	0.09048721	-1.3316691	-0.84323984	-0.7968481	-1.4806424	-0.4938147
-1.9410827	-1.4448906	-1.4364017	-1.8598576	0.86901915	-2.129336	-2.0753536	-1.415567	-2.0377517	1.181396
-2.12729	-2.1250086	-1.370392	-2.0186799	-1.3432982	-2.4162526	-2.3160865	-1.3312603	-2.056304	-1.6452374
-1.6816072	-1.8550681	-1.1103224	-1.5780238	-1.5934721	-1.6620349	-1.8770812	-1.8604149	-1.8767267	-1.0969303
-1.3700405	-1.915859	-0.8027123	-1.3556415	-2.5905743	0.053761616	-1.0352185	0.5558945	0.47389778	-1.9735361
-1.370412	-1.7568046	-0.94636846	-1.2842443	-1.6200778	-1.5596122	-2.4896464	-0.9744278	-1.358033	-1.4210567
-0.19858554	-0.64243513	0.20778307	-0.37487632	-1.644937	0.2005108	-0.3012923	1.0816911	-0.117723845	-1.334027
3.0145712	-0.43037325	3.8208895	2.8002567	-1.9397839	3.3897989	-0.14108019	3.7173505	2.7283118	-2.670643
-1.7887871	-1.644171	-1.308035	-1.766242	-2.535603	-1.3929398	-0.812651	-0.72341186	-1.0625603	-2.8374784
-0.4935386	-1.0106782	-0.10842988	-0.6296598	-2.1449213	-0.636769	-1.3380793	-0.25665033	-0.7547668	-1.9674379
-0.67697257	-1.1214814	-0.40584084	-0.6949645	-1.6038165	-0.8666776	-0.7605614	0.27760652	-1.3923348	-1.1736795
-1.0389022	-1.2039022	-0.6406088	-1.13454	-1.808492	-0.7806508	-0.7797534	-0.6338853	-1.2391839	-1.806121
0.21263725	-0.599656	0.62317497	0.03813733	-2.4178913	-0.12816827	-1.0361454	0.41369063	-0.512983	-2.4650898
-2.159241	-2.1588886	-1.474416	-2.0265067	-1.2757046	-2.4014971	-2.0386775	-1.1819395	-2.1036742	-1.3175617
-1.1517371	-1.4620388	-0.6886773	-1.1330345	-0.62845397	-1.2913367	-1.6162143	-1.042895	-1.4964589	-0.52306056
0.24942544	-0.6849195	0.71738994	0.05455841	-2.0076315	0.09934284	-0.3917863	0.56565225	-0.5711922	-2.0215373
-1.7648971	-1.5165565	-1.1531564	-1.6763862	0.85808325	-1.5449533	-0.7343249	-1.1081747	-1.5660815	1.5302997
0.26408845	-0.6019345	0.678319	0.10839574	-1.8926849	0.42456433	-0.26524326	1.2543731	0.5169291	-1.3966792
-1.4123192	-1.5687419	-0.9222566	-1.4023023	-1.4685439	-2.2237613	-1.532371	-0.9490857	-2.7652247	-1.5710659
0.3228413	0.42364696	0.4382907	0.2507763	-0.81870437	-1.0071074	-1.3550955	-1.1053457	-0.81090605	-0.36457556
-1.7293779	-1.8883238	-1.1669736	-1.7329681	-1.8689835	-1.981038	-1.6888708	-1.2956392	-2.2780461	-1.2500128
-1.7957762	-1.8770187	-1.2849283	-1.8037329	-0.80664206	-2.3883016	-1.428136	-1.385172	-2.7737489	-1.7730165
-2.3770792	-2.272711	-1.6164924	-2.2663226	-1.8332449	-1.6353128	-1.5086349	-1.5344204	-1.4904999	-1.8663844
-0.9430788	-0.8057407	-0.59819055	-0.9682381	-0.57268625	-2.3935916	-1.9990089	-1.6208572	-2.1919858	-0.8053965
0.47619691	0.068439454	0.57053745	0.28576213	-0.61192346	0.85327977	-0.8552749	-0.089852996	0.2801331	-1.6027067
-2.462126	-2.2174993	-1.758168	-2.4281268	-1.4270573	-2.191378	-2.4300025	-1.1005123	-1.5285513	-0.91997087
0.48491237	-0.16597834	0.8554332	0.3079965	-0.586544	-0.22410342	-0.41333392	0.94478166	-0.6228217	-1.2544233
-1.8740077	-2.4369595	-1.3036319	-1.7618008	-3.1751842	-1.719358	-2.3671324	-1.1639315	-1.9149042	-2.3361845
-1.4369472	-1.4694737	-0.98104036	-1.399936	-0.7629958	-1.5905474	-2.008632	-1.0328362	0.6221946	-1.7032771
-0.8492406	-0.772732	-0.60744	-0.8353658	-0.7645085	-0.18748808	-1.189461	0.30904272	-0.77289647	-1.8387653
0.9310284	-0.35261467	1.0295013	0.7986194	-1.4153672	-0.88076603	-1.7063327	0.13454852	-0.7569498	-1.7334241
-0.95274025	-1.1530277	-0.46588543	-1.1343567	-2.9065173	-1.1725895	-0.16158433	-0.60151774	-1.6608489	-1.1680781
0.694207	-0.0808523	1.0002314	0.5512558	-1.1293659	0.116373375	-0.07276957	0.61623627	0.35763806	0.27852806
-1.8957082	-1.9051782	-1.2671872	-1.8601557	-1.4378719	-2.4175315	-2.5807064	-1.5722052	-1.1915866	-1.8625225
-1.0303452	-1.376834	-0.33275327	-1.0495323	-1.938254	0.35089907	-1.4085146	0.17570078	-0.12076366	-1.6418666
-0.30433023	0.23153472	0.1099678	-0.53393805	-1.5630689	0.8293407	0.7588447	1.210706	0.9688303	-1.6165617
0.3717941	0.033280343	0.95405185	0.21328105	-1.5449815	0.82414085	-0.69853425	1.3679283	1.009276	-1.7678686
-0.031505205	-0.45830593	0.33835456	-0.29458272	-2.517066	0.12930733	-0.5039326	0.45452514	-0.2464562	-2.1823373
-0.6282188	-0.24036846	-0.1277887	-0.8553549	-1.7169195	-1.1710385	-1.0048244	-0.500376	-0.9405928	-1.1876496
-0.07678429	0.8734827	0.07485306	-0.15649803	0.69755626	-0.8952117	0.755556	-0.707681	-1.3089516	-1.4755731
-2.0598953	-1.9307421	-1.3383422	-2.0237489	-0.6481137	-2.7004123	-1.6621771	-1.583935	-2.0304775	-0.4038754
0.06701157	-0.7899325	0.6072093	-0.080650106	-2.2050881	-0.9877941	-1.3372931	-0.8518972	-1.6075276	-1.9011997
-2.44015	-2.0918126	-1.529242	-2.3157604	0.9687933	-2.5140476	-2.8049724	-1.4387631	-2.3265162	1.2086067
-0.9315009	-1.5109477	-0.568611	-0.96485925	-1.3635062	-1.7489328	-1.6015639	-1.2578921	-1.4520675	-0.078968465
-1.4868228	-1.6161234	-0.9551182	-1.4295144	0.11871347	-1.4404266	-1.3997157	-0.75486135	-0.5430252	-0.51080173
-0.6146845	-0.64504457	-0.33666775	-0.5696383	-0.2190742	-0.65649563	-0.9399851	-0.31205928	-0.6984634	-1.5716302
-1.9447337	-2.106954	-1.3717299	-1.8158537	-1.9151883	-2.3095636	-1.1541755	-1.1666228	-1.3606405	0.24408501
0.3265174	-0.024947926	0.79208195	0.13400467	-2.080097	0.376176	0.6588754	0.98378694	-0.17627932	-1.4237947
-0.8694395	-1.2300092	-0.3457549	-0.86348	-1.0356629	-0.714395	-0.74300575	-0.3138571	-0.65179414	-1.0135527
0.6459799	-0.014475122	1.1132247	0.4293067	-1.547055	-0.19367225	-1.1997433	0.5551479	-0.055737536	-2.53295
-2.3049972	-2.3252978	-1.5793049	-2.2379768	-2.2459838	-2.131661	-2.1784017	-1.1772847	-1.5783514	-2.1349165
-2.0703907	-1.6737905	-1.4317135	-2.1253498	-1.6202997	-2.8272898	-2.7550218	-1.7191503	-1.9083544	-2.1654248
0.61296093	0.10212758	1.0356823	0.45551515	-0.8701296	0.053195693	-0.45838264	0.47603902	0.22049895	-2.1847756
-1.6945479	-1.7128472	-1.2640743	-1.6752439	-1.4476537	-1.5821375	-1.8525748	-1.214598	-1.1374493	-1.688983
0.89953876	0.18657514	1.3000373	0.605857	-1.914499	1.4881054	1.0110081	1.8619167	0.8801917	-1.6539454
0.51081645	0.49648884	1.0590411	0.30671012	-1.32856	1.032604	0.753451	1.6372355	1.0035493	-1.0550535
-0.029666193	-0.7313725	0.58728397	-0.20053954	-2.297884	0.28650087	-0.27407232	0.75700325	0.3365745	-2.343451
-1.1203822	-1.4506859	-0.64340484	-1.09299	-0.8531395	-1.313815	-1.2500603	-0.7401472	-2.1339867	-0.4279568
-0.45012766	-0.87589586	-0.060095966	-0.5259614	-0.98048604	-0.27333057	-1.3081219	0.4596853	-0.22240983	-1.1781739
-0.5277547	-1.1757455	-0.06580281	-0.6561638	-1.568685	-1.138086	-1.2758751	-0.7615959	-1.1193532	-1.6727126
-1.8584741	-2.0629196	-1.206285	-1.8419245	-2.0392091	-1.8982446	-2.311229	-0.5849187	-1.856311	-1.2934952
-0.28296772	-0.81164086	0.11777852	-0.41634786	-0.812253	-0.060073666	-0.9219134	0.5651401	-0.539047	-1.411001
1.3302965	-0.3065913	1.3676091	1.140501	-1.0092974	-0.64908034	-0.6261187	0.07485234	-1.1835291	-0.5774216
-0.00240276	-0.43721917	0.46317342	-0.022147134	0.20390126	0.2822387	-0.24045007	0.83877575	0.5637869	-0.27967194
-1.5793573	-1.4863082	-1.0557514	-1.5722357	-1.4749333	-1.6532313	-1.1735386	-1.1999387	-1.8127886	-1.3270514
1.2052137	0.6244272	1.1664218	0.95143294	-2.333029	0.84540445	-0.60394007	0.71880466	-0.08667791	-2.4895337
-1.1817739	-0.907346	-0.70276487	-1.1303267	0.6194688	-1.3085833	-1.318505	-1.2080947	-1.6588966	-0.56497115
-0.6609708	-0.9593543	-0.28899273	-0.68479776	-0.87281394	-1.4410775	-1.2014587	-1.0865611	-1.1025007	-0.25677574
-1.2438247	-0.8967664	-0.8405663	-1.3292081	-0.4428376	-1.7296116	-1.6056999	-0.7768054	-2.1253073	-1.3104824
-1.6403912	-1.7205379	-1.2144508	-1.5571806	-0.7272885	-2.3096151	-1.5350182	-1.3987378	-2.4731145	-0.49744037
0.66005284	0.38972238	1.1066939	0.37490416	-1.3594584	0.6247383	0.17769238	1.2651384	0.30064937	-1.2299463
-1.161176	-1.4924775	-0.7580931	-1.1499822	-1.2842066	-1.6892436	-1.9676988	-1.1998932	-1.6859459	-1.3150256
0.82118154	0.5751147	1.0017523	0.60637707	-1.1312783	0.1649301	0.8968867	1.0495088	-0.3375057	-1.1117787
-2.3364751	-1.9533432	-1.5980964	-2.2611098	-0.65813375	-1.8353696	-1.2684238	-1.4631926	-3.2762847	0.27087685
2.1066704	0.083648235	2.0030866	1.8217778	-0.69220996	0.96584773	-1.1565648	1.384961	1.4805509	0.5280171
-0.8990094	-0.8257346	-0.29487357	-0.97231305	-0.8759558	-1.3626934	-1.3948063	-0.89863044	-1.2942374	-1.2739302
-0.047056384	0.39687923	0.51949817	-0.060929134	2.0651405	0.8067344	-0.32888895	0.90589887	1.0102493	0.054334138
-0.51239055	-0.07818678	0.11651799	-0.600967	-0.8475115	-0.40636206	0.23983403	-0.0020788983	-0.4969445	-0.35302982
-1.6578187	-1.8347678	-1.0803683	-1.5616839	-0.55520284	-1.6468347	-1.699861	-1.2006222	-1.3778578	-0.49114668
-1.263428	-1.1465368	-0.80292165	-1.2057296	-0.26609772	-1.3297511	-0.893598	-0.6974217	-0.90592885	-0.9272259
-2.0355067	-1.9479086	-1.3992716	-1.9226471	-1.3985432	-2.3288286	-2.0758195	-1.4094577	-2.1959822	-1.1126513
-0.6555437	-0.8841295	-0.13748083	-0.70374537	-1.3173231	-0.94820005	-1.6977108	-0.6276275	-1.143424	-1.8770447
1.5296149	0.13537881	1.7141793	1.3873165	-1.2307357	0.22293364	-1.016202	-0.20114739	-0.8879319	-1.289072
-1.6706427	-1.7971286	-1.0574214	-1.5396949	0.07124674	-1.7816471	-1.6862015	-1.6483877	-1.8741323	-0.6924827
-0.7010793	-1.1398205	0.002076596	-0.880776	-2.895381	-1.9649775	-0.5504146	-0.8830241	-1.8906417	-4.226326
-1.9032269	-1.9962982	-1.147339	-1.8515574	-0.23779175	-1.6337892	-2.0789301	-0.5245318	-1.5604442	-0.43229607
-1.4802583	-1.726826	-0.96717954	-1.501315	-1.1481823	-1.6907492	-2.139022	-0.78708524	-1.9061843	-1.4309998
0.6746473	0.34830537	0.7777455	0.36834186	-2.1151764	0.8682747	0.32338002	1.4170189	1.0628518	-1.8085536
-1.8318678	-1.7632124	-1.3116993	-1.7546712	-0.75980854	-1.8055545	-2.0242157	-1.3704302	-1.2193369	-0.5621517
-0.5276623	-0.9484978	-0.21233538	-0.5823869	-1.9270697	-1.0536908	-1.1713144	-0.17947467	-0.8207358	-1.0571338
6.0614715	5.607263	5.1256757	5.600666	2.7596867	4.610926	5.1813917	4.3318176	4.4815216	1.2941526
0.49260005	-0.5345875	0.85208535	0.24216561	-2.4845717	0.47151446	-1.0782752	1.2263716	0.40868318	-2.79702
-2.3860373	-2.2431264	-1.529884	-2.2987227	-1.882954	-1.4970438	-1.4203795	-1.2005019	-1.702513	-1.4001821
-0.055486657	-0.7280027	0.17755106	-0.116610005	-1.9398147	-1.0239918	-1.289444	-1.6329674	-1.2198658	-1.0892457
-0.12515083	-1.3601773	0.09727225	-0.18223049	-1.6899265	-0.03858656	-2.6316364	0.68085074	-0.955277	-1.497079
-0.0646651	-0.9384469	0.3702153	-0.2709544	-2.3269365	-0.5043881	-0.736304	0.5622999	-0.71369696	-1.4945785
-1.2184378	-1.5041435	-0.6341467	-1.286886	-0.9084847	-0.7120918	-1.428136	-0.2129902	-1.6267387	-0.4062167
0.67957413	1.428863	0.5261164	0.58566695	1.3176703	2.0927365	3.7168055	1.3286513	1.3803004	2.913327
-0.5909248	-0.94688237	-0.043573976	-0.5931578	-1.1309258	-1.8135557	-1.292751	-0.23988758	-0.49523005	-1.5610176
-1.9982094	-1.9906905	-1.342245	-1.9408627	-0.56399894	-1.138705	-0.44201216	-0.27260613	-1.3057384	0.96721137
0.21961296	-0.29291362	0.62227213	0.009498075	-1.9443088	0.39500877	-0.62900984	0.85451144	0.07079435	-2.1019413
0.42196178	-0.5737875	0.86788964	0.25326157	-1.9634001	0.592792	-0.70354986	1.2655177	0.6084035	-0.5403795
-1.9717053	-1.9963646	-1.2905253	-1.8953598	-0.78539634	-1.7262385	-1.5626305	-1.2481639	-1.4790652	-0.7624082
-1.138859	-1.3048859	-0.5569655	-1.2222244	-1.1598012	-1.242835	-1.1337229	-0.6274649	-1.049063	-0.7936373
-2.2017262	-2.1373	-1.4213161	-2.1237893	-1.3807935	-1.8044533	-1.7999063	-0.6769966	-1.2319598	-1.505897
0.25640795	-0.73540026	0.4711277	0.3398906	-1.2806739	-0.24844629	-0.6464943	0.0005401662	-0.82671255	-1.5140251
-2.4532206	-2.5442197	-1.5529774	-2.411074	-2.737651	-2.1832037	-1.7880821	-1.4341604	-1.284696	-2.576737
-1.3937361	-1.288016	-0.95120287	-1.3510461	0.0649333	-1.7192694	-1.0865997	-1.0238062	-1.8892188	-0.5273808
-2.1419606	-2.048973	-1.3922383	-2.1104038	-1.2453989	-2.051548	-2.2941272	-1.4265367	-1.8589545	-1.3281996
-0.55054134	-0.5193317	-0.6347679	-0.5737066	-1.0901322	0.3498546	0.484212	-0.01780042	0.3021678	-0.25787926
-0.9369007	-1.2433896	-0.45198497	-1.112204	-2.8915484	-1.5790377	-1.4173225	-1.2439941	-2.3534808	-3.146433
-0.088766195	-0.7793499	0.42773178	-0.19693579	-1.0881386	-0.50557226	-0.706109	-0.41242495	-0.8275836	-1.586166
-1.1037984	-1.4704664	-0.6298562	-1.2070962	-2.0333915	-1.6564558	-1.4778887	-1.1939881	-2.005761	-2.156563
-0.14113167	-0.2596512	-0.038634628	-0.06381656	-0.70848775	0.2886014	-0.28770217	-0.05667837	-0.22479764	-1.6968217
-0.7011339	0.46584383	-0.74061453	-0.8794669	0.31924132	-0.5190304	0.066576466	-0.86106527	-0.6053775	-0.19003978
-0.3904694	-1.3280773	-0.05335492	-0.49609804	-2.6217334	-0.27044237	-1.2065498	-0.18333977	-0.5535761	-2.2355466
-1.6101063	-1.7828863	-1.0854479	-1.4922165	-0.5187727	-1.337718	-0.70375186	-0.5910865	-1.1835291	-0.66323024
-2.0681515	-2.0513597	-1.3457227	-1.9967263	-1.0184776	-2.0198145	-1.6798764	-0.556852	-1.95333	-1.0003896
1.3670638	0.86004114	1.5737572	0.9449048	-1.5486593	1.4121825	1.0057358	1.6839875	0.39218044	-0.6852273
0.6292733	-0.32700062	1.053385	0.40099424	-2.4476552	0.36995652	-0.43649188	0.4557025	0.8575214	-2.6454136
-0.73605096	-0.5369992	-0.29052135	-0.8715897	-1.794076	-1.7244056	-1.2892183	-1.0278327	-2.3934078	-2.2295601
-0.40550733	-0.36720428	0.0629026	-0.48070598	-0.5383799	0.40283012	-0.3422695	0.9763652	-0.28651896	-0.22123998
0.091532476	-0.37885427	0.444366	-0.10818423	-2.2952058	-0.2835239	-0.7829773	0.53481543	-0.18292773	-2.7303917
-1.9516273	-1.863395	-1.377244	-1.8477097	-0.54640377	-2.4005284	-2.1050863	-1.3356199	-2.9334333	-0.14205915
-1.638418	-1.6430411	-0.9756532	-1.5171514	-0.63097835	-1.4228985	-1.8249886	-0.9630487	-1.3544446	-1.1919845
-1.5918465	-0.72154856	-1.0919229	-1.6166362	-0.3872653	-1.4865242	-0.7866611	-1.3334523	-1.4644349	-0.07239381
-2.167712	-1.9358325	-1.4339782	-2.108684	-1.1184384	-1.0878179	-1.1935973	-1.251031	-1.6337613	-1.3135811
-1.9467005	-2.0981104	-1.3764468	-1.8861151	-1.3950326	-1.4198676	-3.4105244	-1.2374406	-1.7406771	-3.5221248
-1.46573	-1.5318288	-1.037794	-1.2975338	0.3324497	-1.4966415	-0.72258294	-1.2075107	-2.4736223	3.3319323
-0.5555639	-0.30785456	-0.23615661	-0.6174434	-0.16369675	-0.78402007	-0.919777	-0.6109994	-1.5317645	-0.9954481
0.36345708	0.9606521	0.79796875	0.09937076	-1.0340377	-0.062611036	0.92225724	0.41969705	-0.06298059	-0.91345173
-0.4611178	-1.0069981	-0.14048517	-0.59761673	-1.7666839	0.034711957	-0.7123516	-0.16145277	-0.10783695	-1.1964514
-2.176435	-2.1650121	-1.4193356	-2.132441	-1.3765635	-2.16018	-2.235133	-0.84700364	-1.9217008	-1.6760181
-2.856194	-2.6483176	-1.8285153	-2.7283435	-0.91296947	-2.3312407	-2.0016506	-1.5685339	-2.3063107	-1.2833556
3.0928674	2.3782806	3.059766	2.7205842	0.47219405	0.83310586	0.55359447	0.22871652	0.49202418	-0.607316
-1.4930469	-1.8039168	-0.8855399	-1.4899814	-1.8204881	-1.3707029	-1.3486159	-0.94982666	-1.0786555	-1.5422963
-2.0933974	-1.9557441	-1.4500356	-1.9897664	-1.2277045	-1.9221412	-1.8216392	-1.151335	-1.8210326	-0.9060667
-1.6259174	-2.2797744	-1.0709746	-1.5740969	-1.9410845	-1.0971757	-1.7717136	-0.9843366	-1.4939001	-1.3043306
-0.52541137	-0.43284327	-0.4472032	-0.6177824	-1.1988062	-1.6183447	-0.2617744	-1.229543	-1.6906323	-1.4170207
0.455691	-0.31791818	0.9117137	0.3104865	-1.971933	0.043219853	-0.7020453	0.92015666	0.57591736	-2.1991222
-1.2993996	-1.8334605	-0.8285389	-1.2513965	-1.2400196	-1.4629761	-1.7623174	-1.1068014	-1.159698	-1.5584484
-1.4345837	-1.6661438	-0.9839994	-1.3127145	-1.2134377	-0.8884955	-1.4370166	-0.51001394	-0.995435	0.5675907
-1.1271247	-1.5101769	-0.61976516	-1.0572041	-0.3533509	-1.0719665	-1.4353387	-0.40202042	-1.8857462	-1.8893585
0.9811693	1.8243823	1.2450107	0.7178713	-0.37663826	0.44886276	1.5739248	0.63231915	-0.14068612	-1.1674904
-2.0159929	-1.8267156	-1.4541782	-1.9606998	-1.841551	-2.22988	-1.8295796	-1.4232501	-2.2406447	-2.128476
-2.1528761	-2.1339467	-1.4734819	-2.10657	-1.423842	-2.175414	-1.5213171	-0.78098226	-2.145644	-0.82352287
0.49019548	1.0465147	1.3365198	0.21378179	-0.81568253	1.21943	2.3002427	2.2670615	0.8838638	0.1567373
-2.0104132	-1.9900304	-1.3164995	-1.9950228	-1.5208151	-2.4504147	-1.3209618	-0.88489693	-1.7972684	-0.89412344
-2.0020304	-2.1314692	-1.3438392	-1.9282782	-2.261562	-2.252739	-1.666199	-1.5490441	-2.314099	-2.198708
-2.1014402	-2.1074364	-1.423059	-1.9831531	-0.84756905	-1.9816183	-2.137944	-0.98154014	-1.8476322	-0.34330875
0.37972447	0.35893872	0.7545705	0.14473026	-1.3378588	-0.13944313	-0.050372556	0.90963495	-0.75324357	-2.1945703
-2.0191085	-2.0966377	-1.3100278	-1.9445925	-2.3813136	-1.4332997	-0.7245537	-0.31638843	-1.7557241	-2.2811892
0.27476954	-0.44391796	0.69117975	0.04028754	-2.4377367	0.40980694	-0.3324867	1.0112357	0.45097917	-1.8550265
0.86673766	0.39788583	1.1342245	0.6612045	-1.148295	1.2284616	-0.25927368	1.525927	0.8850303	-0.5658532
-2.8947897	-2.4839456	-1.8138793	-2.834093	-1.9785597	-2.3550591	-2.2851944	-2.1118915	-2.3573692	-1.8156576
-1.3611687	-1.0298116	-0.6431823	-1.3311378	0.6855322	-1.2964869	-1.6534662	-1.2109777	-2.150759	1.1811732
-0.713656	-1.3291805	-0.5120827	-0.7375274	-0.9929223	-0.5205772	-1.6072886	-0.81596094	-1.2063829	-0.54755825
-2.3945308	-2.2490962	-1.7292438	-2.2972627	-1.6516036	-2.8473597	0.017337123	-0.18395472	-2.3870113	-1.8458152
-1.2714787	-1.5959983	-0.73509634	-1.2708478	-1.3948373	-2.274081	-1.6465023	-1.0801567	-2.1401038	-0.69574356
-1.2954409	-0.8110857	-1.0015268	-1.3752676	-1.4851758	-0.76046646	-0.06751919	-0.81774616	-0.6211615	-1.0895795
0.3076138	0.8936075	0.5911921	0.034887776	-1.0270058	-1.2164091	0.18828438	-0.9861194	-1.0890454	-0.75789243
-2.28285	-2.1300597	-1.4653196	-2.2285225	-1.5987753	-2.8504531	-3.6196003	-1.9552469	-2.5793555	-2.152036
-1.59843	-1.7215306	-1.0591193	-1.5186872	-0.80632067	-2.2607803	-2.7186038	-1.2629195	-2.3912733	-0.6039889
-1.326499	-1.4969721	-0.7122741	-1.3609645	-0.961635	-1.1198428	-1.1390243	-0.8758339	-1.3438139	-1.5815437
-1.6380208	-1.7869288	-1.049043	-1.5423306	-0.043496996	-2.044332	-2.881716	-1.601955	-0.91835636	0.942969
-0.11203849	-0.70987225	0.26291183	-0.16092211	0.42833826	0.3776502	-0.5969482	0.11017558	0.50705904	1.2004489
1.1192372	1.6446409	0.7528304	0.9492595	-0.57381415	0.54433674	1.6724858	-0.3901086	1.003085	-0.7083576
-2.1754537	-2.2038887	-1.4133923	-2.0401003	-1.7869986	-0.9083181	-2.5041096	0.2546358	-0.19733277	-1.5608934
-0.5310211	-0.8262764	-0.19421199	-0.5528825	-0.95007265	-0.87186736	-1.3891858	-0.3655222	-1.2918292	-1.4522412
0.57758737	0.06751859	0.79931355	0.33809334	-1.3507147	-0.075835675	-0.026028415	0.1262583	-0.19723314	-1.6358365
-2.2371645	-2.192002	-1.4519378	-2.1710162	-1.2381165	-2.0840023	-2.2199013	-1.589046	-1.5826459	-0.96637625
-1.7551843	-1.7843603	-1.1387687	-1.6803955	-1.1511122	-2.0405796	-0.8265437	-1.1266314	-1.6168958	-1.9696907
-0.8666129	-1.4162527	-0.51090026	-0.8292978	-0.8118644	-1.0429825	-0.87405413	0.05598338	-1.4664131	-1.5918841
-1.2979189	-1.4617027	-0.7405143	-1.204538	-0.10567486	-1.5709774	-1.8596227	-1.3895364	-1.8038276	-1.0160273
-0.4413349	-0.8859688	-0.16161722	-0.53523713	-1.494649	-0.027272215	-0.3945028	-0.006810295	0.16268392	-1.0102066
-2.4644744	-2.1992362	-1.512696	-2.3971481	-1.235567	-2.2215035	-2.185614	-1.436082	-2.298299	-1.2163042
0.5246984	-0.17912976	0.96035635	0.3160789	-1.6029433	0.6373036	-0.11421954	1.0334897	0.89683104	-1.6467333
-2.1864834	-2.0970194	-1.3967272	-2.087797	-0.78235036	-2.198282	-0.58650565	-1.0733176	-1.8372433	-0.15490177
-2.3156915	-2.1600585	-1.452167	-2.2802942	-1.2790703	-2.4159257	-2.9054694	-1.2151357	-2.4493198	-1.5177057
-0.7881089	-0.5419527	-0.63794136	-0.8412781	-0.6009912	-1.4098259	-0.82047486	-1.1660451	-1.723079	-0.8023884
-0.4802534	-1.4714999	-0.16879347	-0.47596848	-1.408156	-1.6005603	-2.5949628	-1.0848782	-1.2519742	-0.83359385
0.24916843	-0.54055256	0.6500747	0.040265307	-2.0170786	-0.852956	-1.096979	0.018742664	-0.9809901	-2.6319087
-1.5660212	-1.7960914	-0.9629934	-1.5316439	-0.9792708	-1.6079073	-2.1645675	-1.1673777	-1.1106293	-0.670738
-1.5328238	-1.7662956	-0.96010864	-1.4769694	-1.2793461	-1.8053614	-2.7785277	-1.3823186	-1.9390063	-0.87648946
0.42064893	0.534243	0.10316935	0.38455468	1.3027813	-0.7013451	-0.83168375	-0.708203	-0.7019843	0.8111638
-0.29348007	-1.0523596	0.0116149485	-0.37488043	-1.8120654	-1.4799846	-1.7419182	-1.7899555	-2.1548033	-2.0738463
-1.2825087	-1.6173666	-0.8697194	-1.1905835	-1.2774705	-1.3945068	-2.5861218	-2.5315628	-2.284696	-1.3640989
-2.0988834	-2.1204133	-1.3808434	-2.0510867	-0.95192754	-2.512694	-2.1760824	-1.4487649	-3.7176554	-1.3065277
0.8850282	0.77748275	0.98150384	0.6577475	0.123731524	1.5872997	0.31810805	0.9454159	1.3910728	0.93228555
-0.04331485	0.5010278	0.44090194	-0.23958232	-1.1935732	-1.0008236	-0.44821593	-0.43436497	-1.4543042	-0.9412128
0.30982533	0.6615764	0.58992565	0.26113725	-0.15199998	-0.10907521	-0.23087998	0.65392333	0.43464917	-0.05041268
-0.43300936	-0.55840373	0.08520725	-0.43578202	-0.51123583	-0.41972888	-0.9193254	-0.32566467	-0.70251304	-0.14326265
-0.5682548	-0.9273932	-0.11623374	-0.52903503	0.14794716	-0.23006889	-1.1047972	0.08054814	-0.43248296	0.6267602
-0.98692554	-1.1522262	-0.40610698	-1.0357734	-0.89731133	-1.4901863	-0.907183	-0.75884527	-1.5544004	-1.0836792
0.36529133	0.13754404	0.88734925	0.20876719	-1.5332304	1.071503	-0.57259256	0.527075	0.8528075	-1.822605
-1.2488297	-0.83137417	-0.8196759	-1.2642802	-1.0548704	-2.0926127	-1.8712612	-1.1546217	-2.0073783	-1.0911138
-0.63241845	-0.6143869	-0.18186495	-0.6919094	-0.8695891	-0.092007555	-0.58199906	0.6213222	-0.41059777	-1.9264501
-1.539071	-1.7511904	-1.0804908	-1.4858625	-1.4762229	-0.88101816	-1.3757874	-1.1708126	-1.5683205	-2.4834907
-2.1225967	-2.2273993	-1.383272	-2.0089314	-1.5454597	-1.73216	-1.8775655	-1.0207348	-1.5587177	-1.1826304
-0.39082164	-0.93978345	0.060024202	-0.43989956	-1.2986778	-0.0990651	-0.91904247	0.7138705	-1.0795326	-1.2940862
-0.7134257	-0.64886194	-0.3300332	-0.92785335	-1.5192617	-2.453961	-1.4038925	-1.2202252	-2.7829645	-1.6301085
-1.1004547	-0.9212072	-1.0942237	-1.0898193	-0.8974285	-1.1719521	-0.06743244	-1.5083098	-1.6385757	-0.7924775
-1.0598522	0.6802759	-0.5167339	-1.1950188	-0.48951775	0.30464432	2.4048598	0.9025695	0.17181346	0.56606764
-1.2481673	-1.5176715	-0.58875823	-1.2249366	-1.4336269	0.7004231	-0.24020118	1.2263441	0.88362145	-1.0657085
-2.4902046	-2.3252454	-1.6512728	-2.3638866	-1.4681989	-2.8047295	-1.4949296	-1.0149041	-2.5052679	-1.3346955
-0.7371045	-1.2645974	-0.2193596	-0.8572293	-1.9159219	-1.4316064	-2.171848	-0.9914992	-0.91659224	-2.0461695
-1.0519215	-1.0258309	-0.7521708	-1.1817534	-1.2209014	-1.1271334	-0.77259094	0.39922997	-1.0582457	-3.7700758
0.08292725	-0.7220337	0.5335062	-0.04672262	-2.0343242	-0.076030575	-1.020038	0.77803487	-0.44746155	-1.8267989
0.78562385	-1.5773427	1.0427858	0.72296476	-1.7718159	0.6088243	-1.1881498	1.0794828	0.22406627	-3.012137
-0.039272614	-0.47991884	0.27911925	-0.15009716	-1.1231685	-0.094588846	-0.74503386	0.21485506	0.020316323	-1.1981287
-2.7736545	-2.4609773	-1.8175094	-2.6789453	-1.7068893	-2.4349673	-1.9058473	-0.8433682	-2.544914	-1.3542161
0.8049728	0.86461806	1.109139	0.5428164	-1.4391633	0.6390957	1.025287	1.0661877	0.34023508	-1.313889
0.41101637	0.46785888	0.8534149	0.2338259	-1.5138044	-0.016633922	0.06320893	0.8202194	-0.7967834	-1.9528633
-0.14810792	-0.4289777	0.13280262	-0.35486072	-1.8040121	-1.7033719	-0.7221871	-0.9445643	-0.86965847	-2.2550406
-0.51520556	0.15444967	0.028469712	-0.61737883	2.1415656	0.91226006	1.9475675	-0.2404331	0.039395757	2.0002165
-0.7473714	-0.89505017	-0.49188307	-0.7208563	0.6995052	-0.9184511	-0.8662341	-0.2436111	-0.6676287	-0.57322794
-0.5444601	-0.91187763	-0.08662078	-0.6764732	-1.3219048	-0.29232752	-0.980858	0.15567224	-0.59763676	-1.3376099
2.3900952	1.1713078	2.3759308	2.0617166	-0.81984174	2.321771	2.0061388	2.46742	2.1763437	-0.99937147
-2.3407612	-2.296739	-1.5553256	-2.2778184	-1.3136145	-1.5723853	-2.1672556	-0.7729916	-2.1510994	-1.1767284
-1.4254282	-1.34473	-0.89292955	-1.3966216	-0.007145673	-2.129248	-2.814948	-1.2468072	-2.1375709	-0.586511
-0.5282235	-1.046963	-0.16065505	-0.5685743	-1.2123436	-0.85675794	-1.6990696	-0.7359781	-1.2074245	-1.8639872
-1.6963949	-1.8246732	-1.137295	-1.6173794	-1.6143099	-1.756597	-1.625276	-1.2761682	-1.759265	-2.0678155
-1.5443512	-1.8239129	-1.0901036	-1.3992538	-1.5773436	-1.4981191	-1.373283	-1.3495264	-1.8104687	-2.040563
-1.4366145	-1.5696557	-0.82251453	-1.5471969	-1.7204478	-1.6408515	-1.4946165	-0.9080283	-2.019624	-2.2440965
0.05878263	2.3222854	-0.18714449	0.017133936	2.3719478	-0.9492633	2.330255	-0.6246748	-0.7046359	2.357168
-1.988139	-1.9233124	-1.3780396	-1.8467175	-0.35370383	-2.1615736	-2.0552099	-1.4083759	-2.2314825	-2.012372
-0.22617772	-0.5721727	0.27842724	-0.3036943	-1.1746382	-0.4806261	-0.85228425	0.13758369	-0.4886165	-0.7708741
-0.97729975	-1.3404999	-0.5359727	-0.9459971	-0.8787476	-0.7625792	-1.4678693	-0.27592683	-1.1198717	-1.1899126
-1.2481813	-1.4931853	-0.80203724	-1.2406873	-0.7144487	-0.17940363	-1.3652112	0.2704598	0.3166672	-1.2578846
-0.69912666	-1.1709766	-0.29455164	-0.7268879	-1.5197464	-0.6476505	-1.2587928	0.27812523	-0.8532982	-1.8278499
-0.29659572	-1.0344614	0.19427991	-0.41917962	-2.3882341	0.34523582	-0.66102326	0.55909604	0.022487411	-2.9524198
-2.9342384	-2.6055553	-1.8370111	-2.8689106	-2.2573323	-2.9461014	-2.9534001	-1.8588881	-2.7296221	-1.726571
-1.5757536	-2.149101	-0.9369403	-1.5570943	-2.0216887	-0.451804	1.0570971	0.65196836	-2.154233	-2.1513383
-0.5259445	-0.8383653	-0.2977135	-0.5671404	-0.7829325	-0.77178586	1.1649424	-0.4298897	-1.2447274	1.582942
-0.8288438	0.28148386	0.070087045	-0.9980923	-0.7784158	-1.1648605	0.03856894	-0.5404906	-1.7152805	-0.5079194
0.16401029	-0.38178664	0.6026671	-0.079095855	-1.4634818	-0.07886831	-0.57171434	0.11653762	-0.070435554	0.005171748
-1.1672708	-1.1623001	-0.6877929	-1.3182114	-2.0508356	-0.082430385	-0.63205516	0.21715769	-0.4376997	-2.2761412
3.800536	3.1620567	3.5766344	3.2335887	0.36938486	4.1788087	2.2299516	4.086565	3.487676	0.2326051
-1.3717271	-1.6720634	-0.7899717	-1.3809164	-1.3213607	-1.8269578	-1.8709016	-1.0437859	-0.59410733	-0.9631395
-2.4860892	-2.4363976	-1.7108225	-2.384412	-2.160183	-1.3606393	-1.3724135	-1.2384348	-1.4189644	-0.8116603
-0.70783716	-0.7197304	-0.36868802	-0.7965526	-0.6642307	-0.0597316	1.8079897	-0.07044824	-0.0403627	1.9125428
0.49291065	-0.016969457	0.7799169	0.36938214	-1.2806017	0.10081079	0.13250151	-0.107994504	-0.6542853	-0.9374433
-2.228758	-2.2254264	-1.3790967	-2.157857	-1.7499882	-2.0265858	-1.9670058	-1.061211	-1.6088877	-1.2488515
-1.8635682	-2.0099108	-1.2181749	-1.8710817	-0.59162927	-2.7064078	-1.7966188	-2.3240135	-1.9673531	-1.8097295
0.22782025	-0.5301856	0.8061738	0.024052784	-2.2748797	0.030612657	-1.0764694	0.8658941	0.17359366	-2.1898265
-0.164081	-0.7721869	0.28058246	-0.31842548	-1.9900054	0.5248128	0.20096518	0.09699897	0.5686848	-1.6563661
-1.9981955	-1.9956317	-1.257523	-1.86658	1.1708518	-1.8897858	-2.4819775	-0.956505	-1.0579627	0.29878938
-0.22559282	-0.5462718	0.13536665	-0.34802306	-1.2250926	0.19126946	0.18937398	0.3505061	-0.21528058	-1.4429063
0.6756073	1.4526155	1.0134139	0.4715644	-0.48324203	-0.91477364	0.8451215	-0.46816918	-1.1816639	-0.5746445
-0.20825106	-0.57031786	0.20286107	-0.41377184	-1.7784003	-0.04083974	-0.4401685	0.6534283	0.21149261	-2.5378833
-0.076216094	-0.7371745	0.34065026	-0.22251137	-1.6096902	0.104523614	-0.62641895	0.25191054	0.26845744	-1.649344
-1.8969914	-2.2134984	-1.322774	-1.7885027	-1.7305104	-2.1075044	-2.0355785	-0.94732165	-1.5064515	-0.61417216
-2.8780975	-2.5323534	-1.7989581	-2.7669191	-1.5746783	-2.5559037	-2.232145	-1.4180946	-2.0417464	-1.6515204
1.0388153	0.68491626	1.4752203	0.81532097	-0.27769476	1.1566517	0.9637	2.0910606	1.3544779	0.23651177
-1.2415165	-1.6360859	-0.89329517	-1.1452401	-0.55791485	-0.47800905	-0.729119	-0.40161517	-0.72548115	-0.93736583
-1.1930966	-1.5202863	-0.7426535	-1.209749	-1.4042895	-1.0538374	-1.9527029	-0.79821205	-1.2617502	-1.2516054
0.7703518	0.7439351	0.8066344	0.5161454	-1.4164932	0.91327417	0.904922	0.7904729	0.41073537	1.3015532
-1.872945	-2.0177429	-1.2212634	-1.7996582	-1.2785009	-2.171903	-2.5153215	-1.5496039	-1.8798904	-1.6341163
0.54390025	0.19406673	0.8635154	0.3036692	-1.2007823	0.83087397	-0.06162749	1.132301	0.6746666	-1.6218476
0.6822941	-0.076655686	1.0853287	0.61838603	-0.72605217	0.7794161	0.5401851	1.0131512	0.74239326	-1.3324025
0.30442938	-0.31785965	0.93361425	0.28978503	0.019503921	1.4114865	-0.26818156	1.9559712	1.2127904	-1.0129223
0.22567597	1.3980013	0.7404183	0.1267368	-0.24702272	-0.47507706	2.042354	0.8769172	-0.22955737	0.5697725
-0.6622465	-0.94813335	-0.39263257	-0.7674427	-1.5839379	-0.4460596	-0.8532842	-0.30026114	-0.54908156	-1.8226554
0.75956124	0.42437705	1.3734499	0.5860648	-0.8881583	1.5990993	0.88716656	2.226478	1.1876757	-1.7224609
-1.172798	-1.6709412	-0.87859976	-1.2081299	-0.6229334	-1.085314	-1.5534655	-0.61375874	-1.503212	-1.1320881
0.93828565	1.3651438	1.2215855	0.76599216	-0.77832615	0.005866856	0.11561766	1.0074667	-0.6742305	-0.684472
0.34707984	-0.8858639	0.8760035	0.19014885	-2.5177302	0.09765424	-0.90230966	-0.74286556	0.7741977	-3.723595
1.2289562	0.4471123	1.4307159	1.2143109	0.93563986	1.2977881	0.07878589	1.1892527	1.016886	0.05272045
-1.2353772	-1.2393119	-0.6912589	-1.2419084	-1.0546209	-2.1969335	-2.62537	-1.2967067	-1.7555877	-1.5858707
-2.2488306	-2.347246	-1.4368205	-2.2147331	-1.3871955	-2.3005943	-2.1339269	-1.2971753	-2.3225515	-1.465315
-1.9192538	-1.8669692	-1.2981147	-1.8671708	0.19989464	-1.106443	-0.8067159	-1.631812	-1.2567753	-0.202627
-1.8540576	-1.6132162	-1.2538658	-1.7844393	0.6862831	-2.018079	-1.4466132	-1.9713956	-2.0260453	-0.3565795
0.070550375	-0.35443842	0.66535556	-0.14587697	-1.9556831	-0.15837272	-0.27276182	0.44356123	-0.4849405	-1.9101436
0.18112436	-0.1935274	0.767764	-0.015235096	-2.172367	-0.20911805	0.36966884	0.504771	-1.5288441	-2.365323
-2.0791972	-1.8626807	-1.4651889	-2.012817	-1.3677162	-2.1015227	-1.5831631	-1.0565898	-0.8424356	-1.5137326
-0.92376727	-0.45572752	-0.73863804	-1.0505894	-0.8741261	-1.029281	-1.1537489	-1.1921532	-0.8396932	-1.6160522
0.60175097	0.94515073	1.1309215	0.34807247	-0.59864634	-0.13057157	0.8447877	0.97152716	0.3294401	-0.5149632
-1.2495748	-1.4566745	-0.84081864	-1.2298843	-1.2898039	-0.56523246	-0.58543795	-0.48351175	-0.5732011	-0.69953513
-2.561294	-2.3791459	-1.6123692	-2.4990625	-1.907943	-2.9012206	-2.4269946	-1.999779	-3.2458112	-1.590385
-2.4931211	-2.3915389	-1.6022933	-2.4142578	-1.9857304	-2.5403757	-3.4043717	-2.3526702	-1.7419016	-1.4809613
0.9109488	0.559757	1.2028368	0.75711656	-0.25910002	-0.52068996	-0.913982	0.29191756	-0.73546547	-1.2366544
-2.8303888	-2.407266	-1.7856753	-2.7142756	-1.2038492	-2.2349916	-2.038806	-0.7178433	-2.3453965	-1.4223933
-2.0335214	-2.0698118	-1.3079343	-1.9162121	-1.8455796	-1.747112	-2.0515604	-1.2920916	-1.6447532	-1.2160534
-2.085826	-2.089625	-1.3452789	-1.9337827	-1.4192426	-1.5694913	-1.9006925	-1.0051287	-1.8735504	-1.1430541
-1.6379211	-1.7954035	-1.0983181	-1.5379102	-1.9680579	-1.0096904	-0.30459097	0.6922333	-1.8696585	-1.136593
-0.7333908	-1.3024255	-0.24101293	-0.8332279	-2.062244	-0.4988864	-0.86991507	-0.12939227	-0.86076015	-1.7195302
0.49131867	-0.33739477	1.1587272	0.4060728	-1.7926829	1.0395758	0.12383946	1.346037	-0.5114435	-2.0461657
-1.1311712	-1.3436042	-0.68427145	-1.145912	-1.0284666	-1.7443467	-1.6367725	-0.8607312	-1.2022338	-1.240994
0.12869999	-0.44762027	0.57164896	-0.05471328	-1.9487559	0.342826	-1.141607	0.6833246	-0.04306921	-1.7436309
-1.9508435	-1.979282	-1.2581286	-1.8061625	0.7641324	-2.4730256	-1.6859454	-1.923059	-2.3476226	0.7585625
-1.6750193	-1.8369145	-1.1187727	-1.565068	-1.34458	1.9533709	-1.2323614	0.097669765	1.977366	-0.53937775
-1.89108	-1.975884	-1.2387462	-1.793116	-0.9446794	-1.9676719	-2.1847794	-1.1632147	-2.2004738	-0.89383864
-1.6099714	-1.444109	-0.8974546	-1.56022	-0.5101962	-1.8607597	-1.9055248	-1.42968	-1.9727527	-0.91070616
0.33553752	0.057422817	0.6692966	0.24002774	-0.3207079	1.0241531	1.3835576	1.1052297	0.5610814	0.20669623
-1.443089	-1.7948049	-0.8576467	-1.4305127	-2.3263035	-1.0964108	-1.1661446	-0.86145014	-1.1916995	-0.70135427
-1.9800858	-2.027764	-1.3443215	-1.9012523	-1.803921	-1.2053971	-2.1368008	-1.2020823	-2.1376953	-1.4225172
0.1773932	1.1613296	0.7526895	0.00076650083	0.07150754	0.23177402	1.5831137	0.4694479	-0.25049797	0.28636333
-2.8836768	-2.6580656	-1.8099232	-2.7327924	-2.2307181	-2.0236645	-2.4271967	-1.6274921	-1.8024105	-3.2521863
0.1524159	-0.21762377	0.2714368	-0.024339154	-1.4094567	-0.09720096	-0.07732213	0.23537752	-0.3555063	-1.0020418
-0.6157338	-0.29316694	-0.17029855	-0.80854076	-1.8857383	-0.94365555	1.1366227	-0.11368761	-1.0838311	0.44196546
0.42134905	-0.32474947	0.8857435	0.19869478	-1.8499464	0.13719766	-0.63425946	0.6980194	-0.033622958	-2.099186
-1.065393	-1.4461299	-0.5804577	-1.03294	-0.28366056	-1.4294224	-1.7473497	-1.2146606	-1.3512505	0.37842223
-1.8880789	-2.2387073	-1.242283	-1.8542955	-0.8649839	-1.7549767	-2.4517004	-1.1846122	-1.6304663	-1.9065877
-0.61618364	-1.0879502	-0.10913506	-0.6427244	-1.6297668	-0.6651281	-0.90300214	-0.41806406	-1.2647121	-2.1068907
-0.7384877	-1.1163808	-0.11388782	-0.85397595	-2.072776	-1.2723744	-1.4833834	-0.39489284	-2.1714718	-1.8854258
-0.56021047	-0.54293287	-0.13679072	-0.6909455	-1.897767	-1.550948	-0.7694018	-1.2529498	-3.3932204	-2.1181395
-1.9618852	-1.8915827	-1.0984805	-1.7045695	-0.015658885	-1.6993568	-1.4558836	-0.7616093	-1.7152805	-0.008028177
-2.0652456	-1.9673222	-1.1966332	-1.8844953	0.030903786	-2.1824665	-2.815598	-2.1561308	-3.1561925	-0.121747315
-1.3607922	-1.8310187	-0.7661911	-1.3442591	-1.0023974	-1.3714671	-1.6412324	-1.3060551	-1.9873459	-0.6256823
0.62608355	-0.26031223	1.1190814	0.4192227	-2.4855466	-0.22905335	-0.5200778	0.8486835	-0.4407656	-2.051729
-1.3645549	-1.0656024	-0.61404765	-1.2366161	-1.0563133	-1.5593492	-1.7622792	-0.97743213	-2.6169367	-1.690087
1.9195204	2.6426651	1.9016308	1.4937043	-0.39342177	1.3161354	3.4363887	1.5697341	0.9321163	-1.3371581
1.9262625	1.6089523	1.8007883	1.5710319	-0.1220334	1.4821491	1.9713222	1.5577002	1.1783768	0.012096835
-1.7876487	-1.9426346	-1.1526272	-1.7327394	-0.7720679	-1.487887	-0.42593247	-0.12114185	-0.9627679	-0.5517773
-0.22070646	-0.794677	0.08569822	-0.42828578	-2.118066	-0.5113283	-1.8966154	-0.40146208	-1.9761748	-2.9980347
-2.223719	-2.1565151	-1.5156595	-2.0962656	-0.40587762	-2.0774367	-1.7077739	-1.8701044	-1.9787103	-0.3424536
0.6576373	-0.19639018	1.05003	0.5424528	-0.60335267	-0.65056986	0.08526353	-0.3143087	-0.17140533	-0.2707117
-0.10306109	-0.6865536	0.13797188	-0.019457832	-0.70723027	0.9029353	-0.64216703	0.9029364	1.0623802	-1.0149355
-0.037538208	-1.4664202	0.5279535	-0.27589196	-4.027046	0.012925053	-0.60493785	0.8192244	-0.88254464	-1.9221406
-1.3702074	-2.0735128	-0.92392254	-1.2917225	-1.9209793	-0.6742022	-1.5639334	-0.51531965	-0.6857997	-2.9760268
-1.4581387	-1.8595518	-0.866145	-1.4697646	-2.5722847	-1.0170097	-1.7822591	-0.9100628	-1.412474	-3.027152
-1.3984205	-1.6218033	-0.90651274	-1.3795524	-1.2345788	0.35874334	-1.2930741	0.015153118	0.30803397	-0.63414943
-2.3802273	-2.164591	-1.629435	-2.238161	-1.546537	-2.5766363	-1.6318699	-1.0256643	-2.300756	-1.6424922
-0.26290232	-0.5299083	0.537897	-0.2803449	-1.2537932	-0.33214316	-0.35002816	0.5155489	0.5436164	-0.79650253
-1.3365816	-1.8588505	-0.7960466	-1.3638797	-0.92223024	-1.3130828	-1.8412036	-0.54746306	-1.3497068	-0.48742226
1.2119818	1.6504357	1.0161186	0.9919208	0.4128981	0.9620656	1.6816472	0.32426298	1.1550432	0.24014312
-0.7516637	-1.0989617	-0.32860628	-0.7832663	-1.1786915	-0.8999473	-0.7936012	0.06960784	-0.43760255	-0.9236685
0.54328203	0.10380566	1.3748956	0.38093328	-0.8964921	-0.2065754	-0.07023763	0.9392889	-0.4364025	-0.4007576
-1.3311181	-1.4753196	-0.8571515	-1.3292909	-1.9330293	-0.6093789	-0.8660534	0.05179237	-0.91551876	-2.4800553
-0.23615468	-0.7173841	0.0032323897	-0.38728294	-1.0778773	-0.8074494	-0.7979863	-0.49665388	-0.86965847	-1.2024925
-2.086249	-1.9647466	-1.30529	-2.0651062	-1.4875778	-2.3175068	-1.9719079	-1.3463852	-2.0497224	-2.131144
-2.0097756	-2.0938187	-1.3271377	-1.8788203	-1.4062289	-1.9656438	-1.9337966	-1.3628932	-1.4229844	-0.80517876
-1.6500882	-2.0113873	-1.0970031	-1.6175355	-2.132708	-1.4717013	-2.3164177	-0.93384916	-0.8629763	-1.8817128
-0.5495264	-0.64619786	-0.33814934	-0.7381113	-1.8308927	-1.9184892	-2.0362651	-1.2536671	-2.247707	-0.48935613
-1.1814637	-1.3893467	-0.7282059	-1.2184176	-1.536112	-1.3628361	-1.5468726	-0.69872195	-1.300132	-1.1784573
0.36535767	-0.11954667	0.7310722	0.111948	-1.817588	-0.49163648	-0.6804555	0.15045239	-0.6028282	-1.8837165
-2.9851174	-2.4747238	-2.1430147	-2.884927	-0.8247769	-3.223374	-3.0673373	-2.4546282	-3.6792974	-1.1166028
-0.49458	-0.77320385	-0.09086001	-0.6134077	-1.8640354	-0.4877601	-1.1937581	-0.8082478	-0.32299075	-1.2968017
1.6296924	3.2465613	1.9798969	1.3574651	1.4202065	1.1394353	0.47886765	1.2731937	0.7288273	0.13116531
-1.3275325	-0.87026715	-0.9255004	-1.4564439	-1.7974157	-0.94121355	-1.7864445	-0.8821358	-1.265517	-1.0213294
-0.7496241	-0.79126453	-0.25904882	-0.77881336	-0.93352747	-0.36053258	-0.45439953	-0.46583122	-0.4595096	-0.687758
-1.1349602	-1.0942469	-0.7321315	-1.0660231	-0.8175604	-1.2326715	-1.1871258	-1.7152328	-1.229379	-0.9254307
-1.2358397	-1.4669095	-0.6893178	-1.2825643	-1.0514977	-0.9808194	-1.7376521	-0.89503807	-0.47425595	-0.6741178
-2.42253	-2.3120432	-1.7001132	-2.320471	-2.2337813	-2.0299819	-2.0122273	-1.1939987	-2.155614	-2.3891883
0.061739765	-0.8083081	0.21328047	-0.023148462	0.011203021	0.53877395	-0.8555085	0.4892406	-0.5037806	-0.032222435
-1.3315784	-1.8016653	-0.7928636	-1.2778106	-2.1647618	-0.9572663	-1.8492621	-0.22414556	-0.574297	-2.2204785
-1.8647771	-2.0325878	-1.2521942	-1.7929131	-2.1124027	-1.3651059	-1.7455759	-1.1100678	-1.6780185	-2.4474921
-0.29791316	-0.27514338	-0.2066232	-0.3220809	0.1661121	-1.3017197	-1.6454526	-0.5281005	-1.3301959	0.11064248
-2.844072	-2.5797038	-1.773	-2.6436098	0.438399	-2.547766	-2.769048	-1.229838	-2.3897908	0.7628432
-1.793232	-2.1707115	-1.2522268	-1.7224272	-0.6916928	-1.1130095	-1.3256541	-0.69372934	-1.2887466	-0.48608878
-1.0600997	-1.4546944	-0.35648093	-1.1662713	-1.6900917	-0.83238876	-0.66760457	-0.3006825	-0.40206102	-1.1325736
1.0112323	0.93825555	1.4492037	0.83887506	-0.8228547	0.7181165	0.3897474	0.6956753	1.2571486	-0.54004204
-1.4562533	-1.6095593	-0.87824583	-1.5089079	-1.3189392	-1.7247168	-2.2984924	-1.5983174	-1.3806053	-1.2851683
5.0795903	3.5377457	4.657456	4.608114	2.3259277	4.6017036	5.3641334	4.680594	4.299768	1.367078
0.6363551	0.033690542	0.90001523	0.37890118	-1.8297895	0.19435014	-0.68801904	0.5404909	0.41229275	-2.098833
0.54960686	0.053341746	0.70363045	0.29933506	-2.825824	0.9046919	0.43266818	0.75268084	0.8186995	-3.237329
-2.163087	-2.0997655	-1.4120806	-2.0337932	-0.81498134	-1.7128878	-1.9048516	-0.8894395	-1.9740238	-0.4268542
-0.0368552	-0.73541594	0.5066091	-0.17955853	-2.1375	0.09711607	-1.0969319	0.7477907	-0.028883826	-2.4985368
-0.96923757	-1.0960046	-0.39705238	-0.9173691	1.0771731	-0.537726	-0.12998381	0.13966371	-0.26247847	1.4042592
-0.85543793	-1.1219516	-0.46180174	-0.86531067	-0.77093136	-0.78252727	-1.4408871	-0.18635912	-0.6887101	-0.8701826
-1.6690128	-2.0428057	-1.1880943	-1.5554585	-1.6207312	-1.8499022	-2.2447524	-1.5687381	-2.2291114	-1.1703248
-1.3437542	-1.6500069	-0.8292166	-1.3799199	0.12240633	-2.6440067	-2.763493	-2.040094	-3.0837634	-0.46866274
-2.5116224	-2.415483	-1.8212912	-2.4688387	-2.6056314	-1.9557492	-2.0195377	-1.4768432	-1.5289392	-2.37111
-1.0540476	-0.5503	-0.42375693	-1.1564931	-1.9607338	-1.0318713	-0.92790216	-0.3451233	-0.6673909	-1.3623295
-1.1764089	-1.288669	-0.6425632	-1.1777246	-1.753874	-1.274327	-1.2632245	-0.69895023	-1.0530062	-1.4993027
-1.8872919	-1.9898468	-1.2410812	-1.8353748	-1.6258987	-2.601363	-2.498585	-1.2209729	-2.14444	-3.079441
-1.6063002	-1.5533735	-1.1617329	-1.6114295	-0.5317089	-1.5297385	-0.683035	-1.2799323	-1.5612766	0.5506645
-1.7542605	-1.8769104	-1.2596079	-1.6339931	-0.13887331	-1.5958487	-1.9378357	-0.88791656	-2.0247278	0.14584874
-2.7143843	-1.6437973	-1.9713647	-2.7265391	-0.07736054	-2.2817826	-1.3257092	-1.8570025	-2.4087224	1.2275281
-1.5326955	-1.4250242	-0.9576651	-1.542461	-1.857946	-2.960892	-2.185785	-2.1197398	-2.4215844	-2.2016025
-2.1173844	-2.24	-1.3829575	-2.0359643	-2.7218652	-2.0680532	-2.5106187	-1.4187555	-1.894982	-3.4409015
-1.9507209	-1.9620326	-1.044117	-1.8761239	1.1237618	-2.5267737	-1.8302964	-1.9431422	-2.1160316	0.8652379
-2.066245	-2.1037161	-1.3387797	-2.0107067	-1.3672432	-2.165497	-2.1151345	-1.514624	-1.9373901	-1.0576259
-0.14899442	-0.750062	0.28816286	-0.31160563	-2.1631646	0.040334105	-0.44698694	0.8427282	0.24231575	-2.8713415
-2.8018456	-2.5648782	-1.7488501	-2.7945435	-1.6853443	-2.612656	-2.4110281	-1.5424014	-2.3271544	-0.8540462
-2.081345	-1.7024308	-1.3483399	-1.989779	0.27815118	-2.3467782	-2.0776803	-1.1005187	-2.3009207	0.71290404
-1.5592798	-1.9110644	-1.0267094	-1.524323	-2.2612457	-1.3227518	-0.3437626	-1.4464029	-2.0095675	-1.6734363
0.3951845	1.4729038	0.7530596	0.1556993	0.1171402	1.5145798	1.2552866	0.8804263	1.2844981	-0.79735625
-1.0196456	-1.7390504	-0.69437265	-0.89472204	-1.3686937	-1.9526107	-2.555627	-1.04343	-1.5012391	-1.4998671
-2.3830702	-2.2956946	-1.635427	-2.3016436	-1.4426674	-2.3932369	-2.827888	-1.6498315	-2.4511492	0.5111767
-0.13588646	-1.0566292	0.038116187	-0.23155268	-0.92428863	0.22444324	-1.0938603	-0.46368486	0.5491143	-0.47932714
1.5265697	1.1918362	1.52194	1.3516381	0.2188265	-1.4771799	-1.5639423	-0.22257394	-1.5457633	-0.48283774
-1.5472835	-1.7054418	-0.98198557	-1.4854164	-0.64865553	-0.93833274	-1.8048275	-0.97953874	-1.194186	-0.9553835
-1.9805955	-2.1256704	-1.3171445	-1.9473318	-0.99981046	-1.3094773	-2.0446808	-1.2417685	-1.5127203	-0.26925948
-1.737167	-1.7947812	-1.0767063	-1.7145181	-0.43067706	-4.1386166	-2.224299	-2.1440656	-3.1915865	0.45261255
-1.9581279	-2.358207	-1.3419664	-1.8891225	-3.6344154	-1.7511287	0.9715255	-1.2721436	-2.3709476	-3.323396
-2.0592308	-1.8466363	-1.4008967	-2.0239446	-0.7840828	-1.8363367	-1.1708119	-2.0661442	-2.1509316	2.383062
0.018750988	-0.6984459	0.06513211	-0.035035864	-1.1482596	-0.3646652	-1.5383213	-0.20527573	-0.837237	-1.4778717
0.7294819	-0.40109563	1.0148842	0.51317143	-1.7031143	1.3603501	1.0217589	1.9931084	0.71747917	-0.70519775
-2.321076	-2.1335597	-1.4394089	-2.26231	-0.4344145	-2.2781417	-1.6409202	-0.9991899	-2.5562193	0.13821392
0.5624145	-0.7477026	0.74125075	0.43508416	-1.3348949	0.9163096	-1.0101979	1.2821995	1.0291269	-0.96174353
-0.82139385	-1.0547894	-0.43038866	-0.947914	-1.3457844	-1.5454454	-1.4094315	-0.905949	-1.2181332	-0.46252927
0.30318496	0.061333388	0.83347523	0.0817195	-1.8373457	0.22979657	-0.10565988	0.6106981	-0.22195673	-2.7478952
-0.8273898	-1.0458816	-0.26881614	-0.9096071	-0.312891	-1.3078887	-0.91223544	-0.5299525	-1.5902991	0.09126815
-2.4745817	-2.154678	-1.6513648	-2.4542441	-1.4288126	-2.6460893	-2.1366644	-1.3044786	-2.3644235	-1.0660387
-0.21239677	0.19041458	0.4505522	-0.37544668	-1.0083616	2.5825074	3.9560704	1.7974364	2.5827522	0.63764054
-1.9826937	-1.9732685	-1.1968536	-1.9316846	-0.16740462	-1.2857533	-0.9958624	-0.69754434	-1.7645737	-0.3404012
-1.3305824	-1.495561	-0.8450146	-1.2426224	-0.92657566	-1.8310462	-1.7519475	-0.93376607	0.19517176	-0.5707561
-1.9104296	-1.8823118	-1.3949283	-1.7859427	-0.95557594	-2.3846738	-1.7783164	-1.3237956	-2.8326368	-1.2156076
-2.149948	-2.1361825	-1.476884	-2.0427601	-1.3259321	-2.2555175	-2.4444897	-1.2817553	-2.0263314	-0.78942907
-0.82677346	-0.90414834	-0.46880206	-0.84133863	-0.65443593	-0.73541033	-0.02000877	-0.17973925	0.51709986	-0.6190473
-0.6814439	-2.0246818	-0.31181535	-0.72381073	-1.765748	1.4550824	-1.9863313	1.4761513	1.4449483	-1.6002587
-1.2079005	-1.2641608	-0.685382	-1.1233059	-0.75548434	-1.2455249	-0.8265437	-0.24142614	-1.2750382	-1.0170183
-1.4154254	-1.808799	-0.93167925	-1.5103226	-1.6367465	-2.407421	-1.5733975	-1.7240553	-2.4208035	-1.4756742
-1.0623678	-1.1012751	-0.6873168	-1.0072107	-0.21825185	-1.6414448	-1.4253424	-1.177446	-1.1847248	0.2023364
-1.9699727	-1.9831016	-1.361985	-1.8757197	-1.980857	-2.6176782	-2.625024	-1.4819849	-2.1317768	-1.3558768
-1.5174031	-1.9036368	-1.1413604	-1.4184291	-1.6910776	-1.1247879	-1.0752115	-1.0729848	-1.3631155	0.59339476
-0.99887234	-0.89495635	-0.69546497	-0.9129155	-0.17906103	-0.5526222	-1.0705992	-0.5107292	-0.5462444	0.3597122
-0.5746164	-0.8387277	-0.46797612	-0.54137194	-0.92473435	-0.67818683	-0.6618606	-0.21923812	-0.61770207	-1.1519197
-2.3566403	-2.2311668	-1.4652755	-2.231577	-0.52009666	-2.6763875	-3.4274478	-1.4666332	-2.5983775	-0.9502028
-0.40025267	-0.85553527	0.16070923	-0.4165225	-1.0341694	-0.67993426	-0.81855273	0.20498495	-0.46599147	-2.074844
-1.8239276	-1.8453059	-1.2644945	-1.744317	-1.6127547	-1.6501505	-1.7660792	-0.73803294	-1.5477304	-1.7772106
-1.6350598	-0.8941318	-1.2625525	-1.5428419	-0.5311496	-2.1500735	-1.4358511	-1.6033912	-2.270766	-1.3052268
-1.6651428	-1.586266	-1.1639341	-1.6041417	-1.139318	-1.6482216	-1.79256	-1.502485	-1.7304945	-0.6649769
-1.844009	-1.804489	-1.1581397	-1.7519878	-0.6684675	-1.8051001	-2.0989788	-1.6747988	-1.9368871	-0.030760707
-0.9225224	-0.4357593	-0.5171356	-1.04092	-0.33933783	-1.5623131	-0.69742364	-1.3406808	-1.7631252	0.69985586
-0.72866017	-0.6982706	-0.44139543	-0.84472346	-1.6513215	-1.1764735	-0.6278983	-0.25937068	-0.72782606	-1.5782044
-2.2219474	-2.0127587	-1.4009414	-2.0983036	-1.0625648	-2.5422378	-2.0959444	-1.3356931	-2.1995394	-1.0466655
-2.1197193	-1.9946427	-1.5284653	-2.0286765	-1.1659828	-1.143442	-1.8607361	-1.586928	-1.8324021	-2.1819212
-1.4799018	-1.7731047	-0.9366839	-1.588964	-0.53366363	-1.8056684	-1.7268323	-1.1422817	-2.2096167	-0.85161024
-0.14687073	-0.9485936	0.34562013	-0.26884764	-2.4541454	-0.14970876	-1.22279	0.27061263	0.010247509	-1.9578345
-1.4611329	-1.5016989	-0.9744468	-1.3499707	-0.5913824	-1.7614129	-1.7278188	-0.98201084	-1.7203426	-0.9910412
-1.2690781	-1.8312153	-0.7976949	-1.258173	-1.7480751	-1.1355542	-1.7513038	-0.5692142	-1.0966347	-2.3000994
0.9077025	0.86194324	1.5355129	0.7144007	-0.746542	1.2933689	1.6588167	1.5931656	1.6748722	-0.6445838
-1.521079	-1.737258	-0.7791861	-1.5570261	-2.1819348	-0.5186984	-1.5532336	0.70657146	-0.021500004	-1.1596119
-0.34942442	-0.7693577	0.033017218	-0.33551055	-0.37724006	-0.28811422	-0.39261812	0.06967711	-0.40874252	-0.8117903
-2.4166005	-2.49159	-1.566102	-2.3504062	-2.448623	-2.2693353	-2.5217245	-1.4536448	-1.8304621	-2.537381
-0.06473609	0.8804654	0.12498961	-0.23622732	-0.014662445	1.7896447	3.8842785	2.4941266	1.5781733	2.2220461
-2.4480119	-2.2962332	-1.5796537	-2.3157656	-1.4210604	-2.4140115	-2.7552986	-2.1576586	-2.3363216	-0.8074687
-2.0996845	-1.8251559	-1.3959662	-2.0169272	-0.055499315	-1.8672967	-1.2711504	-0.7495011	-1.875323	-0.7477703
0.30105165	-0.12117985	0.8308321	0.17066418	-1.2956374	1.3470118	0.44039932	1.863149	0.9812415	-0.58601767
-0.9252458	-0.54462165	-0.4935771	-0.99837095	-0.96678674	-1.3082091	-1.0966853	-0.3447256	-0.99422354	-1.2675393
-1.4430664	-1.468913	-0.9862735	-1.4085326	-0.27401608	-1.0174184	-1.6787684	-0.3121658	-0.84470385	-0.7024912
0.52112424	-0.062207535	0.9732791	0.3495708	-1.5177246	0.022225806	1.0232645	-0.72625893	0.23458125	-0.16496514
-0.030907758	-0.3060339	0.18427551	-0.22246905	-1.4174907	-0.39739025	-0.82991654	0.041162137	-0.6893697	-0.89614785
-1.6493125	-1.9810814	-0.9559301	-1.5818974	-0.94730437	-0.8508592	-1.1345372	-2.3057506	-0.693253	-0.9863344
0.15636608	-0.05611092	0.2845805	0.049038902	0.8414426	-0.1465282	-0.7946311	-0.008650616	0.12084228	-0.23771097
-1.7704692	-1.8402478	-1.1450902	-1.6931269	-0.82518816	-1.8823051	-2.1647646	-0.727423	-1.3415054	-0.6255838
-1.2131604	-1.0593255	-0.6112232	-1.2435598	-0.22843024	-1.9703683	-2.1745396	-1.3682655	-1.5555645	-0.38263187
-1.3414022	-1.6404428	-0.8696046	-1.3031836	-1.0347534	-1.2779244	-1.3633932	-0.3703563	-1.7529247	-0.887711
-0.77852947	-1.279948	-0.42570373	-0.7281322	-0.7026857	-0.8869613	-0.7093921	-0.7263808	-0.6977065	-0.42599386
-1.689073	-1.7732208	-1.1127964	-1.5840805	-0.5995986	-0.44773474	-2.1870797	-1.032835	-1.4610107	0.26704285
0.7483336	0.4496552	1.2776117	0.46576244	-1.5610826	0.46421134	0.49651554	0.61855906	0.2562559	-1.8315381
-2.3838968	-2.2894394	-1.5179044	-2.2934086	-0.9102688	-2.6658978	-2.3977003	-1.5816363	-2.1326928	-1.1122395
-1.820569	-1.8336797	-1.166022	-1.7496052	-0.3378402	-1.1565281	-1.2957014	-0.6652279	-0.8762446	-0.71801233
-0.3647403	-0.63740146	0.10325824	-0.5493271	-2.0766082	-1.0592785	-1.0885367	-0.55365646	-0.93084157	-1.9989144
0.4193139	-0.22921222	0.7819675	0.20618592	-2.3394656	0.74841785	-0.05791414	0.063078634	-1.003531	-1.3592044
0.99793535	-0.2783823	1.3594896	0.8464148	-1.1410056	0.8586006	-0.39759386	0.21396394	0.6237554	-0.9097499
-0.9711038	-1.2624774	-0.62536013	-0.84921575	-0.6586175	-2.0463886	-2.3417306	-1.6289179	-2.204955	-0.62131363
-2.5120294	-2.0812557	-1.5932097	-2.4038062	-0.6198828	-2.3547165	-3.1569147	-2.1436322	-2.9344325	-0.13613763
-2.7657466	-2.3420107	-1.9482782	-2.679396	-1.7904872	-3.0411198	-2.6741605	-1.646506	-3.164087	0.12544182
-1.7743194	-2.0243812	-1.1916546	-1.6449908	-1.1105517	-1.7017244	-1.6973717	-1.7016742	-1.798185	-0.6034844
-2.0492256	-2.1903691	-1.3446112	-1.9257104	0.31987563	-1.7807853	-1.8554741	-0.93093705	-1.5319036	1.5348928
-1.4886473	-1.8131231	-0.9596206	-1.5528095	-2.4647007	-1.1724323	-1.2465867	-0.2910294	-1.2405994	-2.189148
0.16296199	-0.5390301	0.48380208	-0.058548823	-1.9523907	-0.08839971	-0.50600743	0.5854051	-0.4218408	-1.7935494
-2.1341138	-2.0565279	-1.3002323	-1.9842758	-0.82529974	-2.3569083	-2.468581	-1.1637123	-1.7338071	0.5361949
-0.79679495	-1.3281305	-0.20772532	-0.8458199	-1.0074375	-0.6022594	-1.1594967	-0.38157925	-0.9452303	-0.788882
-1.1060301	-1.4050075	-0.6624869	-1.1957184	-1.5076845	-1.8629007	-1.9351736	-0.95041966	-0.73215497	-1.2242138
-2.3245156	-2.2521503	-1.4194033	-2.2688828	-0.60003936	-2.2532322	-2.3153944	-1.6527476	-2.360034	-1.0609779
-1.8047807	-1.8563884	-1.1566716	-1.7565188	-1.3734144	-2.1921625	-2.1706405	-1.158619	-2.3841658	-0.8425288
-1.9742534	-1.9832104	-1.2835393	-1.9042997	-0.8348901	-1.8636429	-2.3295004	-1.4318907	-2.0289485	-0.9121528
-1.4014238	-1.6949031	-0.7450346	-1.4090282	-0.24136943	-1.7047411	-2.3073547	-1.0803846	-2.4353049	-0.40542635
-2.3301268	-2.1945577	-1.5176948	-2.2723687	-1.9931302	-2.0919518	-2.259322	-1.1616102	-2.3399885	-2.04482
-0.23967543	-1.0201359	0.11205265	-0.2713244	0.072337806	-0.5257868	-0.72003466	-0.24504893	-0.9668795	0.79920286
-1.290522	-1.9287626	-0.84980035	-1.2372793	-2.0946388	-1.8392	-2.0111268	-1.0595521	-1.5914949	-2.4923894
-1.2267339	-1.6230091	-0.7313826	-1.267207	-2.0962067	-1.4460897	-2.697201	-1.580347	-1.9522766	-2.5689342
-2.0440147	-1.6785041	-1.0610563	-1.8795505	0.84133136	-2.1786683	-2.2843533	-1.2514827	-0.59837735	-0.022483217
-0.1382632	-0.12148842	0.18852377	-0.31569272	-1.7029527	1.5538626	0.20689562	1.2506171	1.3629041	-1.9963611
-1.6008532	-1.7484006	-0.93562186	-1.5484897	0.6282648	-1.3541691	-1.5675657	-0.80701256	-1.27128	0.787492
-1.8808912	-2.035402	-1.1885242	-1.7593135	-1.1877614	-1.7985297	-2.0395346	-0.9878721	-1.3312069	-1.7077599
-1.4230361	-1.6743722	-0.8826474	-1.3921894	-1.467604	-1.4629586	-2.4150066	-0.20786317	-1.2486346	-2.1136105
-1.281423	-1.5816593	-0.7841426	-1.1818153	-0.048362195	-0.8651066	-1.146966	-0.47353777	-1.1930835	-0.14502566
-1.6994776	-1.9220119	-1.1568341	-1.5569214	-0.71596134	-0.8694481	-1.0036733	-1.0255094	-1.1613164	-0.7089798
-1.700557	-1.640773	-1.1588473	-1.6018631	-0.12096518	-2.5789196	-2.0914345	-1.7433968	-2.5629554	0.15894863
0.3265904	0.087486625	0.8710191	0.17172043	-0.7240382	0.030069213	-0.3744801	0.5063431	-0.24542874	-1.4673609
0.7728929	1.2893561	0.9557651	0.58468235	1.2739128	0.99616337	1.4895365	0.4276753	0.32599378	-0.7434841
-1.5268712	-1.7577448	-0.9197552	-1.372122	-0.7552186	-1.022904	-2.022467	-1.6272204	-1.7785146	-1.4275448
-2.25032	-2.0702066	-1.3991315	-2.1690009	-1.084173	-1.6473017	-1.6820621	-1.0977163	-2.3144433	-0.8645401
-0.31937855	-0.64920247	0.09717196	-0.31477916	-0.17785186	0.4789943	0.02831826	0.51854783	0.5346786	1.5117639
-1.9146874	-2.0250926	-1.1835786	-1.90183	-1.27085	-2.3206708	-1.8713115	-1.6433765	-2.476847	-1.2485677
0.70074636	-0.6030674	1.1756004	0.53626835	-1.5187114	0.24968214	0.088298105	0.7762719	-0.042329237	-1.4831955
0.3705686	0.048255056	0.87775695	0.13079853	-1.6376394	0.59521383	-0.10694495	1.2683023	0.36463434	-1.6850119
-1.5856191	-1.7325902	-0.93886304	-1.5220648	-1.485742	-1.5332638	-1.9102356	-1.1452712	-1.9221976	-1.801755
-1.3483487	-1.6398911	-0.83448315	-1.3249859	-1.5458361	-1.3823696	-1.2780057	-1.0455488	-1.8159596	-1.8524467
-1.3171296	-1.1007904	-0.9967296	-1.3390238	0.07397279	-1.1027966	-0.9614844	-0.8711544	-1.3539615	0.6764319
-2.1721535	-1.9825574	-1.4167033	-2.0994842	-1.1048731	-1.9324864	-2.0604115	0.104877286	-2.3883755	-0.2468058
-1.6319532	-1.9015269	-1.0899229	-1.4985027	-1.0499787	-1.0728146	-1.7167886	-0.15449603	-0.5913168	-1.292396
-1.06213	-0.83088994	-0.48047015	-1.0446832	0.8493551	-1.1049253	-1.6654732	-0.41301343	-1.3679317	0.75645226
-0.8692972	-1.550546	-0.5159912	-0.78184646	-1.1982679	-1.945729	-2.977365	-1.6982464	-1.112227	-0.9961734
-2.750338	-2.5431218	-1.8129609	-2.6182938	-1.8734912	-2.964436	-2.4115062	-1.6292558	-2.6066241	-1.6360652
-1.357859	-0.97670054	-0.87216353	-1.3603915	-1.0228729	-0.949481	0.13508868	-1.0768487	-1.1848161	0.038228992
-0.44121653	-0.6700741	0.08267215	-0.55837864	-0.15709063	0.3857556	-0.3936847	1.36	0.6886823	-1.0456315
-2.7045612	-2.4976628	-1.7708435	-2.6031806	-1.8966694	-2.6678357	-2.0835803	-1.8570668	-3.094073	-2.013326
-1.2300692	-1.424747	-0.8126658	-1.2222115	-1.0187296	-2.0335066	-2.497322	-1.8319802	-1.1176008	-1.7015425
-2.2026389	-2.084898	-1.4367366	-2.1672184	-2.1578393	-2.2700152	-2.026156	-1.1077269	-2.8742023	-1.4888756
-1.9916599	-2.028032	-1.3448673	-1.9506016	-1.6213746	-2.1820552	-1.9616374	-1.5454675	-2.141429	0.064646
-1.7220716	-1.8664426	-1.1649275	-1.6808376	-1.4530605	-1.6527548	-2.2483268	-0.6949973	-2.3815403	-1.5141293
-1.6951444	-1.4907901	-1.1380492	-1.6377544	-1.0620025	-1.5076373	-1.8698039	-1.2098415	-1.6323204	-1.6943687
-1.4280857	-1.638344	-0.8187009	-1.4392442	-0.86768556	-0.81352985	-1.5951365	-0.24173877	-0.7542019	-1.0520618
-1.7183695	-1.8932601	-1.1093845	-1.7334201	-1.325776	-1.4262948	-1.712319	-0.53086233	-1.7377077	-1.0406147
-0.91311604	-1.1810309	-0.69689834	-0.8829359	-1.6243411	-0.67984533	-0.7131968	-0.9585368	-1.4878821	-1.7795868
-1.513095	-1.6722691	-0.9692272	-1.4749401	-0.26014936	-2.405506	-2.542046	-2.5499694	-2.2081294	-1.2540431
-0.23654628	-0.6792371	0.14463443	-0.47205412	-2.8864264	-1.4501286	-1.2914312	-0.58246964	-1.7179736	-4.3838134
-0.31773818	-1.0746659	0.19372223	-0.47537303	-2.8695018	-0.66432285	-0.9917665	-0.3936647	-0.98333377	-3.6811326
-1.5133793	-1.6087679	-0.94270253	-1.5246937	-0.7893466	-1.8786848	-1.8891492	-1.2421792	-1.6779132	-1.9112126
0.037415132	-0.29182062	0.36000293	-0.1863303	-1.3156554	-0.40452096	-0.35054046	-0.18076898	-0.61219114	-1.9805487
0.39081857	0.12810346	0.62781954	0.25315863	-1.2079729	-0.19100374	0.20537269	0.04972198	-0.1768505	-1.7523375
1.0266821	2.0018878	1.2993903	0.72525036	0.29192433	1.9424055	2.8056936	1.6767814	0.6962723	0.48349163
-0.090443105	-0.56700844	0.33704627	-0.20290013	-1.2314471	1.0041296	-0.18896735	1.3527427	0.9049922	0.32011437
0.0702055	-0.9796145	0.489452	0.017948583	-0.6988614	-1.0230021	-1.3540606	-0.6440401	-1.8393953	-0.14199916
-0.20379454	-0.7874545	0.19801427	-0.36305183	-2.3988657	-0.21815416	-0.7808196	0.68395543	-0.36559144	-2.092448
-2.3945618	-2.3569818	-1.564438	-2.2676675	-1.4169513	-2.2026541	-2.3230283	-1.0430095	-2.303439	-0.6649609
-0.5440084	-0.7916428	-0.18784949	-0.6373562	-0.065776914	-1.2205253	-1.6905501	-0.78832114	-1.3318701	-0.7443323
-1.2920536	-1.2163272	-0.84156287	-1.2852159	-0.75772715	0.9133779	0.40681693	-0.056549437	0.42639458	-1.3308343
-1.8689438	-1.7195251	-1.2450209	-1.748493	0.29314908	-2.6295745	-2.571119	-1.7279516	-2.6113114	0.45175242
-0.9128225	-0.06545341	-0.87560177	-0.96881217	0.6428684	0.32916605	2.0960193	-0.15988447	-0.11271511	1.5254508
-0.5559476	-1.3055263	-0.06267384	-0.5528536	-0.39041677	-0.3560552	-1.0757723	0.1389057	-1.2220782	-1.5730499
0.58586997	0.68188584	1.1210169	0.3607018	-1.1192226	0.88951594	0.8609227	1.1313285	0.75747293	-1.5114566
-2.3964021	-2.2608497	-1.5507381	-2.3172488	0.025201589	-1.524754	-1.2877241	-0.34050873	-1.0943348	0.16574715
-1.9870945	-1.9519715	-1.3125352	-1.9181557	-0.7703973	-2.9852505	-2.774401	-1.5701023	-2.0884936	-0.38773692
-1.1889104	-1.5891607	-0.503899	-1.2979671	-2.8482518	-1.7162471	-1.1293126	-0.97491556	-1.6105539	-1.5590067
-1.6366088	-2.056937	-1.067849	-1.5573105	-0.31725606	-1.6057298	-0.27811876	-1.0750004	-1.3421263	1.4375367
-1.9459074	-2.1062522	-1.3840631	-1.8477063	-1.5947281	-1.994811	-1.8301759	-0.9934752	-0.6967652	-1.4858229
-1.4662657	-1.7447567	-0.933038	-1.383384	-0.849489	-0.96926075	-1.9793168	-1.3403176	-1.4484396	-0.88303894
0.48504165	-0.17734113	1.0061433	0.27524096	-1.2086127	0.7598873	0.36928186	1.4265763	0.46339247	-1.625586
-0.7664246	-1.2039342	-0.384743	-0.8680994	-1.8718168	-1.0098476	-0.18431242	-0.67763126	-0.7615887	-1.7062439
-0.9473513	-1.2635783	-0.42934492	-0.9058763	-1.0782597	-0.2492189	-0.9272261	0.091722414	-0.13850182	-1.0158339
1.0654534	0.8275399	1.4348873	0.8719673	-0.6312603	0.15430036	0.55161405	0.50848967	-0.13177681	-1.4242455
-1.8141829	-1.9241804	-1.1701224	-1.6387236	-0.3392262	-1.4929496	-1.2397904	-1.2473308	-1.5022496	-0.18042803
-1.9039859	-2.0728717	-1.2689964	-1.7650048	-1.6658524	-1.8444917	-1.7834166	-1.2740711	-1.6539782	-1.8239428
-1.8502269	-1.9806129	-1.1933147	-1.7486459	-1.6691123	-1.218594	-1.3506981	-0.4303364	-1.4812177	-2.3739073
-1.3295573	-1.5831686	-0.8141916	-1.3654284	-1.5703042	-1.5976568	-2.0354702	-1.055641	-1.5460852	-1.8876895
-2.104479	-1.8079294	-1.4861708	-1.9636025	-1.1584435	-1.838654	-1.7367648	-1.1439755	-1.9888345	-1.1277295
-2.4803576	-2.2863781	-1.5446517	-2.4186816	-1.3726207	-2.4140403	-1.9218222	-1.1963488	-0.78736264	-1.0374101
-2.988318	-2.2319973	-2.059911	-2.9007752	-0.9124676	-2.3584077	-2.2892373	-2.4776893	-2.854274	-1.0999428
-2.0585618	-2.024722	-1.3932027	-1.9355152	-0.5004427	-1.753791	-1.5277814	-1.3143246	-2.2505448	-1.5471057
-1.9005226	-1.9622427	-1.1498963	-1.7062091	0.78316593	-1.7738972	-1.4398957	-1.6500748	-1.4195588	1.0307745
-1.7034287	-1.1816679	-1.2189105	-1.6427922	1.438655	-2.1347227	-2.1419446	-1.6631066	-2.8452494	0.12306029
-1.2242689	-1.9659894	-0.6770972	-1.163315	-2.4724011	-1.032199	-1.4185762	-0.91071874	-0.7128003	-1.5982205
-2.264699	-2.1898	-1.4361552	-2.184274	-1.0858144	-2.1400015	-2.4615605	-1.3397353	-2.2318273	-0.30719402
-0.26224944	-0.6443788	-0.0339078	-0.4249267	-1.6325232	-0.5528884	-1.7077885	-1.0078038	0.026124865	-2.3604696
-1.9835452	-2.040482	-1.2664529	-1.9084412	-0.7304975	-1.5542865	-1.6682339	-0.96640056	-0.61396486	-0.8017981
0.014505513	-0.783952	0.4832945	-0.15530838	-2.3627715	-0.20934774	-0.73895115	0.606064	-0.087638065	-1.7599033
0.105633296	-0.39251423	0.36143953	0.060828805	-0.83759964	-0.8733221	-0.70051104	-0.8278737	-0.58820087	0.71008235
-1.5838287	-1.9167471	-1.1266528	-1.5315927	-1.206708	-1.7939308	-0.8305404	-0.82720906	-0.9237247	-2.3144507
-0.5641966	1.2663957	-0.2684758	-0.86823195	-0.30356008	-1.0648252	-0.033094116	0.14845325	-1.5267688	-1.4871871
-0.16198106	0.008982629	0.1477761	-0.22271445	0.5061685	-0.76554525	-0.69222164	-0.976346	-0.69028145	-0.1881754
-1.8615035	-1.9754124	-1.2604039	-1.7804804	-1.0996561	-1.559224	-1.4889528	-1.0883764	-1.8630085	-1.1437794
-0.76724154	-0.7349636	-0.39525536	-0.8019894	1.3994112	-1.6115388	-1.7055682	-1.4234917	0.20073085	0.7695837
-1.7867682	-1.9098495	-1.0366803	-1.7855467	-0.22571808	-2.0260415	-1.5855553	-1.9738292	-2.639782	-1.0888293
0.05747869	-0.5020211	0.38603586	-0.047741607	-1.0175848	2.8496082	-0.665804	3.5230713	1.9225631	-0.25516742
0.38408205	-0.5998634	0.8584362	0.17518519	-1.9925696	-0.22342643	-0.53974456	0.6302377	0.020598745	-2.3007271
-1.7408935	-1.6986282	-1.0847384	-1.6674874	0.52185905	-2.2491212	-1.9113264	-1.3570772	-2.1709466	1.1869036
-2.1401148	-2.297897	-1.3978771	-2.0923855	-0.5867808	-1.5968243	-1.2482722	-0.97175545	-2.6673248	-0.37422517
-2.6648438	-2.272179	-1.7418113	-2.600551	-0.7600684	-2.6172178	-2.3600469	-2.0419383	-3.2222338	1.5782037
-0.3331142	0.8931947	0.068409234	-0.5744565	-1.3359423	-0.9672098	0.19004016	-0.3452732	-1.3150463	-1.8446062
-0.7184067	-1.1112391	-0.23452592	-0.865002	-1.6461213	-0.84906447	-1.9340973	-0.8012031	-0.75123894	-1.1281601
1.101176	0.53579056	1.5233028	0.86440134	-1.4748995	0.116717175	0.21316971	0.05837462	-0.74775827	-1.8359258
-0.87465996	-1.0096654	-0.4553537	-0.8513702	-1.1378103	-0.3278395	-1.3554636	0.08663874	0.12262433	-1.4248942
2.0543683	3.5175617	1.9180585	1.9582047	2.9440923	3.2204738	3.7994137	3.0884902	3.0165784	1.0373245
-0.6415765	-1.1829348	-0.28858718	-0.79442716	-2.214789	-0.9702679	-0.14626704	-1.2481921	-0.5890995	-0.9543889
-1.8113624	-1.9280355	-1.219067	-1.6950238	-1.66312	-1.9607989	-1.9882225	-1.250485	-1.284696	-0.7433615
0.24250278	0.7929896	0.23723188	0.014163196	-0.8409163	0.78997314	0.3984677	0.70922536	0.9137453	-0.5360341
-0.39150316	-1.0020746	-0.0062547624	-0.5129874	-1.3070871	-0.4536763	-1.3585882	0.1325691	-0.58505327	-0.59392375
0.17839438	-0.59294534	0.5561092	0.034705058	-2.17529	-0.1552785	-0.72932875	0.8368133	0.15221743	0.21370327
-0.19950423	-1.1012076	0.31722972	-0.2659167	-0.7559813	-0.31176636	-1.2601372	0.45865723	-1.3418618	-1.3099883
-1.1823504	-1.0026636	-0.94647944	-1.077066	0.6228056	-1.655804	-1.7555137	-1.0950118	-1.7246852	-0.7775496
-2.193615	-2.194243	-1.4677099	-2.08564	-1.0949187	-1.9293325	-1.6017526	-1.0656706	-1.7955619	-0.74105966
-0.4045801	0.303098	-0.07800165	-0.47790164	-0.9966203	-0.7392137	-0.5276518	-0.51302373	-1.2160629	-1.516557
-1.2921946	-1.220579	-0.9441228	-1.2896764	-1.0898912	0.22266172	-0.33898896	0.13863309	-0.70555544	-1.3339992
-2.2187133	-2.1214437	-1.4596964	-2.1191998	-1.2102902	-2.364056	-1.9966773	-1.2248213	-1.2319598	-0.5490265
-1.948368	-2.0454543	-1.2702295	-1.8473493	-0.76636374	-1.6329044	-1.5059916	-1.074758	-2.1297245	-1.4867077
0.026268892	0.63680756	0.23040693	-0.14500254	-0.91929364	-0.67853165	2.4388888	-0.107896596	-1.7115384	-0.87075096
-1.0723789	-1.2800404	-0.6367866	-1.0469877	-1.0392586	-1.310078	-1.239999	-1.6975251	-0.44225818	-1.4127674
-2.932217	-2.709525	-1.9355197	-2.7942867	-2.4917116	-2.459401	-1.8859713	-1.5641392	-2.9185686	-2.109946
-1.3972247	-1.5287614	-0.8619106	-1.3203756	-0.27706024	-2.0026522	-1.7562842	-1.4894383	-0.96027404	-0.5429708
-0.75179595	-0.9095211	-0.3189449	-0.7375829	-1.0423481	-0.5888575	-1.3802452	0.014866953	-0.71747863	0.9458606
-0.41917357	-0.92264783	0.13452503	-0.44097793	-1.680866	-0.7586727	-1.639457	-0.9458452	-0.027220668	-1.1006415
0.2317433	-0.28183293	0.78717315	0.032027856	-2.2331371	0.74864805	-0.31126183	1.4480813	0.12898734	-1.8013979
-0.92480135	-1.0135173	-0.50978255	-0.9111858	0.01164943	-0.07271563	-0.95624167	0.15082417	0.9783384	-0.21834192
-0.37159184	-1.4398811	0.021412104	-0.33040565	-1.1474288	-1.0133674	-1.5288	-0.59595585	-0.31876177	-1.8126057
-1.1080853	-1.2766205	-0.62624717	-1.1304575	-0.50659144	-1.0159919	-1.3377388	-0.90458125	-0.8931031	-0.828848
0.13279665	-0.63304603	0.55471575	0.012177035	-2.1774006	0.32768866	-0.49932095	0.6403497	-0.02352045	-2.329368
-2.1347191	-2.1587563	-1.4212373	-2.0820007	-2.0763462	-2.417716	-2.2622643	-1.1600916	-2.6438189	-2.9194813
-1.355462	-1.1436535	-0.82625353	-1.2917525	-0.083447635	-2.0392306	-1.8300091	-1.3273863	-2.6672642	0.23154481
-0.39407828	-0.13360712	0.016424417	-0.5267425	-1.0121874	-1.2433504	-0.22593625	-0.084107675	-1.2569433	-0.8874057
-0.632278	-0.812587	-0.17317757	-0.68013436	0.1523206	-0.7323838	-0.9561431	-0.13224679	-0.7297411	-0.9611738
-0.79509926	-1.0324205	-0.28847298	-0.7641644	-0.008433044	0.03548293	-1.2972714	-0.14516233	-0.042253077	0.6770784
-2.1907496	-2.1937807	-1.4246403	-2.0932727	-0.7376361	-2.4196775	-3.0571442	-1.910574	-2.445603	-1.2767761
-1.5428886	-1.6880226	-1.1174035	-1.3946536	-0.7267114	-1.3071482	-0.6607348	-1.6186224	-1.0447621	1.268542
-0.039632	-0.33402115	0.21803483	-0.26818788	0.09792054	1.3478262	1.244671	1.3897948	0.88126737	0.24569917
-1.3356444	-1.5321088	-0.806589	-1.2915335	-0.31129366	-0.8988788	-1.4935962	-0.5490283	-0.09131682	1.4787195
-1.0050334	-0.8659657	-0.31773177	-1.0023496	-1.9785047	-0.20727035	0.22138	-0.21509564	-0.026005797	-2.4117064
0.16768494	-0.20175326	0.9007168	-0.03145568	-1.9238158	-0.16141994	0.0262663	0.9485624	-0.38998213	-2.0561676
0.1770955	-1.3627073	0.10454884	0.12383966	-2.549677	-0.9538608	-1.7118626	-0.9473172	-0.7443972	-2.2254095
-1.5162339	-1.7606745	-1.0417254	-1.4262259	-1.0300816	-1.6653725	-2.3515232	-2.3535864	-1.6559583	-0.60212713
-0.9882428	-1.2739294	-0.45679817	-1.006669	0.22872403	-1.7240797	-0.6930369	-0.6463346	-1.1762793	-0.037872277
-1.2063404	-1.2783711	-0.57997835	-1.2848151	0.021205753	-2.025197	-1.63156	-1.8449025	-1.639279	1.7577616
-1.7902113	-1.5129943	-1.2384392	-1.7738713	-1.1344943	-1.2809284	-1.3764338	-0.66777474	-0.63490325	-1.0314878
-1.1644521	-1.5845445	-0.85869396	-1.0353233	-0.271059	-1.5260407	-1.0998003	-1.3495829	-1.0365864	-2.0755167
-1.3061624	-1.5366096	-0.63943577	-1.338513	-1.6178752	-1.3704758	-1.7318801	0.07867401	-1.8856741	-2.060105
-1.5384139	-1.8407785	-1.0383234	-1.4446639	-0.60112506	-1.4515233	-1.7999586	-2.034304	-1.2105069	-0.51512396
0.9543323	1.1516795	1.148575	0.8096026	-0.38782433	1.3080825	0.29167673	0.84993446	1.2390867	-0.6533137
-1.9148735	-2.0189788	-1.1651589	-1.8790631	0.20475796	-2.0882614	-2.233677	-1.0429276	-1.8125957	-0.4111893
-0.5680754	-0.14423203	-0.19284862	-0.5889268	0.90697527	-1.5791248	-1.2960204	-0.57328844	-1.1383855	0.75008816
-1.566824	-2.2222772	-1.0353155	-1.4862819	-3.5782666	-1.0339199	-1.3356998	-0.9488734	-1.0866002	-2.741767
-1.7121426	-1.6343755	-1.0042611	-1.6734827	-0.4264202	-1.7047144	-1.6858461	-0.98281425	-1.4037205	-0.15246369
-2.017912	-1.5376118	-1.3404124	-1.93837	0.07247418	-2.0797844	-1.8903491	-1.6843936	-1.7197334	0.21691315
-0.29002988	-0.7494465	0.14150047	-0.4356597	-0.9677036	-0.7594981	-0.48587462	-0.0027148766	-0.28469598	-1.3761075
-1.9253296	-1.9051607	-1.2310399	-1.8611604	-0.3405137	-1.5724685	-1.6957921	-1.0546259	-2.4476995	-1.3850924
-0.36132455	-0.8495841	0.11221114	-0.5041295	-2.2544446	0.7471275	0.018590087	1.2869346	0.20268147	-1.6857028
-1.0476929	-1.4232504	-0.64565253	-1.0189844	-1.7182484	-1.0503708	-1.440749	-0.856489	-1.2605777	-0.9964966
0.2549339	-0.3922045	0.63477814	0.009494096	-1.4828343	-0.09267261	-0.6335136	0.8430879	0.14568268	-1.429988
-0.9598707	-0.38600948	-0.53906274	-0.98146486	-0.1810312	-1.1309267	0.2711043	-0.5120754	-1.0789424	0.25873014
-0.8613561	-0.93604493	-0.4850758	-1.0022233	-2.1360545	-0.9219141	-1.9672548	-0.9731011	-1.1597649	-2.6545563
-2.3302457	-2.198082	-1.4385369	-2.253805	-1.008037	-2.1815338	-2.3690515	-1.5487992	-2.1810699	-0.10459906
-0.41695115	-1.2458196	0.005229801	-0.46856314	-1.216159	-1.5381826	-1.8564718	-0.795222	-1.6287504	-1.4001397
-1.9070948	-1.9831673	-1.2601167	-1.8885151	-1.0037526	-2.3094256	-2.1955373	-1.3053604	-2.4565134	-1.2844152
0.15576348	0.659794	0.49476108	-0.007184401	-0.75198245	0.030820524	0.651456	0.4629591	0.08731075	-0.08639747
-1.589655	-0.92391765	-0.9758506	-1.5942564	0.19682166	-1.8320338	-1.511454	-1.2530544	-2.1044798	0.10740788
-1.7478375	-1.9083627	-1.194309	-1.6726012	-2.05074	-1.5136503	-1.1910542	-1.0220025	-1.9116836	-1.5887367
0.28649142	-0.63113034	0.74016047	0.044790804	-2.4512298	0.26024333	-0.51451385	0.9260263	-0.051386476	-2.6156828
-0.9422622	-0.71617144	-0.29116246	-1.0530996	-1.1771308	-0.87340057	0.020384643	0.15434672	-0.50788796	-2.036213
-2.5130088	-2.4502764	-1.6049865	-2.4429135	-1.1037049	-0.9806415	-0.7602705	-0.11650589	-1.0272207	-0.36616164
1.7977061	1.7678285	1.6951967	1.450507	-0.25515303	0.4109982	0.8634035	0.40238136	-0.21150105	-1.1360376
-1.6868842	-1.0035115	-1.3745311	-1.6794918	-0.016596287	-2.3962524	-1.8047751	-1.9480668	-2.252281	-1.1723264
-0.11699403	-0.6990213	0.4461948	-0.24324505	-2.2173522	-0.08505746	-0.6388077	0.5175024	-0.17692341	-2.6006334
-1.2232295	-1.4821649	-0.70905817	-1.1644104	-0.60481185	-0.86981875	-1.2119504	-0.5570804	-1.0788499	0.2834382
0.25718376	-0.017792135	0.60484076	0.10412608	-0.26904917	-0.32345778	-0.9775972	-0.3042523	-1.0736327	-1.6339915
0.00066878647	-0.061543524	0.28787705	-0.17117815	-1.8227834	-0.5969951	-0.3656379	-0.018950466	-0.64796937	-2.33048
-0.76258105	-1.3047929	-0.22650567	-0.68237126	0.119837314	-0.6947272	-1.1117878	-0.16232586	-1.3268288	-0.20124342
-1.5951089	-1.922934	-0.904449	-1.627802	-1.7551454	-2.0430002	-1.6065977	-1.233225	-2.0665898	-1.8796422
-2.2698839	-2.30461	-1.530639	-2.1579306	-1.5008379	-2.335276	-2.4300025	-1.3363419	-2.2817278	-2.6573806
-0.49353108	-0.70910716	-0.047976613	-0.58781415	-0.46390226	0.27576256	0.23366904	0.96671075	0.16335805	-0.60771585
0.15712193	-0.4081638	0.6828312	-0.013466731	-1.7526689	-0.6464259	-1.4591445	-0.091675654	-1.6823157	-2.590013
-1.0944725	-1.3802539	-0.39226356	-0.99792576	-0.7849649	-1.2187685	-1.6726667	-0.4941377	-1.6678985	-1.5319618
-1.9405214	-1.8517493	-1.1902671	-1.9053435	-0.6169106	-1.7057977	-1.6307615	-1.067001	-1.9683363	-0.6538107
-1.6251509	-1.6656778	-1.0569	-1.6173347	-1.1549548	-1.6434464	-1.920643	-0.6833309	-0.8812431	-0.93878603
-0.039652742	-0.8064735	0.50694144	-0.15643904	-2.4238765	-0.030273104	-0.72139674	0.42801425	-0.049203675	-2.080902
0.2579548	-0.5595479	0.66383517	0.0780725	-1.8900756	0.75312775	-0.41669878	1.1747394	0.37917694	-2.096919
-2.2558093	-2.1574452	-1.4833277	-2.1881583	-1.4209591	-2.663196	-2.917225	-2.3097374	-2.535392	-1.3306696
0.07869681	-0.92356086	0.6861099	-0.019322023	-2.3234487	0.1975941	-0.45555323	0.6186235	0.15348873	-2.9453468
-1.8201594	-1.9079747	-1.2753612	-1.6479774	-0.39911786	-1.3037711	-3.0529213	-2.4221096	-0.6632076	-0.18368655
-1.1717427	-1.3271573	-0.7955235	-1.0744097	-0.06052628	-1.8807635	-1.9632053	-1.2736788	-1.7119318	-1.3211166
-0.058595195	-0.7197032	0.318178	-0.24161889	-2.1916828	-0.29323632	-0.871407	-0.41174674	0.11620193	-2.0177622
-0.8798061	-1.3800061	-0.5198319	-0.92963016	-1.003814	-1.2691903	-1.7669089	-1.2046003	-1.5451437	-0.78748935
0.37596244	-0.4670248	1.01651	0.23496999	-1.9480072	1.2121572	-0.0062313606	1.7315339	0.20775089	-1.3667291
-0.24931347	-0.87750125	0.16884059	-0.35544056	-1.3101559	-0.9753982	-0.7897075	-0.42128208	-1.1713709	-0.5844052
-1.4521588	-1.609049	-0.93418884	-1.4828163	-1.3902751	-1.4422361	-2.2213912	-0.8939979	-1.4921948	-1.7909347
-0.2307044	-1.0478632	0.10786338	-0.42858008	-2.3905683	-0.07261462	-1.2373575	0.22029404	0.26556107	-2.372802
-1.9944218	-1.9914856	-1.3195088	-1.9407122	-1.0783654	-1.8529124	-2.1173918	-0.99008167	-1.5478916	-1.1840494
-1.279924	-1.4118732	-0.87587595	-1.2497048	-1.095742	-0.73457634	-0.9041688	-0.13159966	-1.1476858	-1.4283792
-0.80996674	-1.1383954	-0.34704462	-0.9156481	-1.2634071	-0.44792557	-1.4075118	-0.471814	0.040200386	-0.60447776
-2.3059852	-2.1902673	-1.5674453	-2.243397	-1.7116143	-2.3533707	-2.6564345	-1.6617612	-2.8696585	-1.7773404
-1.7155062	-1.928297	-1.1046555	-1.6743907	-1.478764	-1.8822863	-2.6696913	-1.3911866	-2.0121346	-1.6539314
-1.2920493	-1.4718448	-0.7968614	-1.2530541	-1.9143502	-1.2316086	-1.5320143	-0.8454771	-0.8601452	-1.301256
-1.9520664	-1.7679846	-1.3469001	-1.881679	0.16764417	-1.833314	-1.3165445	-1.0802182	-1.8131022	-0.8417475
-1.3562645	-1.7709752	-0.94205856	-1.4502031	-1.3512939	-0.9911359	-1.8349266	-0.9468271	-1.6803663	-0.40986875
-1.7804576	-2.0873914	-1.2275597	-1.6598895	-1.4044092	-2.2287216	-1.9493884	-1.25464	-2.5929186	-0.81233937
-1.8758498	-1.7627497	-1.140829	-1.7238562	0.9595219	-2.2872007	-2.2463772	-0.46667433	-1.2874756	0.32205215
-0.9449718	-1.4073541	-0.5583614	-0.9249087	-1.4356555	-0.13456978	-1.0928546	-0.14100249	-0.68158746	-1.3971668
-0.8108918	-2.046469	-0.47068158	-0.7677257	-0.41904622	-0.6544576	-2.3235283	-1.2607226	-0.6740946	-0.44587713
-1.7499273	-1.9232675	-1.1472043	-1.6098253	-0.5936935	-1.50766	-1.5676254	-0.7705412	-1.3550853	1.2848336
-1.3855984	-0.74909604	-1.1884732	-1.4279804	-0.6538365	-1.0116522	-1.286016	-0.57020986	-1.2480652	-1.1914694
0.07736992	1.1191173	0.3477241	-0.169928	-0.39541265	0.20790577	0.74357593	-0.10422753	0.49796444	0.59274286
0.23439968	-0.12894326	0.25404343	0.121313974	-0.50509614	-1.0112746	-1.2028004	-0.43732888	-0.6918127	-1.3665324
-0.903909	-1.6658409	-0.3796678	-0.88773257	-2.1399755	-1.3945014	-2.1674223	-1.4366065	-1.4415367	-1.118284
-2.578262	-2.3323104	-1.568788	-2.469114	-0.21495155	-2.3294995	-2.0456576	-1.7016935	-2.4863298	-0.67716485
0.28881237	-0.39737207	0.70514095	0.15749083	-1.7074578	0.2533468	-0.9215665	0.17829798	-0.56302506	-2.1405234
-2.1645195	-2.2286873	-1.3687336	-2.176407	-2.4494567	-0.51541835	-0.54065835	-0.45652935	-0.62076366	-1.468968
0.19258744	0.7875222	0.07174009	0.11664374	1.1369002	0.94662136	2.3535473	1.3139457	0.450984	2.5868573
-0.044501908	0.16219619	0.1773366	-0.12154801	-0.29121354	-0.20237088	-1.1410934	-0.18513846	-0.10591782	-1.769346
1.5267391	2.1952624	1.5814492	1.1732255	-1.1976628	1.3607281	1.441376	1.7085191	1.2878772	-2.1595294
-1.7809584	-2.0082154	-1.2059945	-1.7478852	-0.7948749	-1.7844805	-2.1987793	-1.624304	-2.3769493	-0.6376728
-0.7313512	-0.9659234	-0.28891096	-0.65266633	-0.685344	-0.6075182	-1.3119363	0.08687518	-0.22604716	-0.15614063
-1.4674945	-0.3080179	-0.9227909	-1.5654821	-0.81543386	-0.3028034	0.42540258	-0.41676795	-0.6273864	0.30764267
-1.3555022	-1.366011	-0.734625	-1.2629672	-0.6571387	-1.6406485	-0.39770037	-0.26948512	-1.6465288	-1.3694383
-1.6129214	-1.705958	-1.0533847	-1.5454572	-1.2383691	-1.0009823	-0.38322532	-0.70352924	-1.3035592	-1.2830589
-0.58534515	-0.9506991	-0.14294997	-0.6501848	-0.71062416	-0.28394452	-0.7158871	-0.3155454	-0.62076366	-1.6822004
-0.17134312	-0.46367803	0.15811005	-0.29165947	0.31857613	0.92593664	0.39791965	1.5075381	0.14295352	0.26361856
0.14431348	-0.39395452	0.5551598	0.109335706	-0.012632251	-0.62523997	-1.2699994	-0.22635405	-0.6205239	-1.2978853
1.5343468	2.6320243	1.1375322	1.2136695	1.9135395	-0.90965545	-1.005552	-0.33697122	-0.9648719	-1.1551951
-1.6062195	-1.7615724	-0.9565326	-1.6823189	-1.2181069	-1.7781308	-1.6117547	-0.64214	-2.12675	-2.343915
-1.6847258	-1.960384	-1.1279678	-1.6568378	-1.1808164	-2.0771754	-1.7904851	-0.8401075	-1.2106954	-0.9016099
-1.6968422	-1.8684431	-1.1606597	-1.6243418	-1.7762367	-1.5124289	-1.4339833	-1.2140224	-1.0493585	-0.9183118
4.731784	3.652429	4.0698013	4.184623	0.8774419	4.217949	1.6614971	3.7419217	3.4737535	0.9397075
-2.064889	-1.9359744	-1.4091052	-1.9554642	-1.2230208	-1.9616469	-2.5822678	-1.7812248	-0.776045	-1.5956681
0.6423726	0.1750566	1.2291108	0.4365145	-1.7678443	2.2615738	1.3490102	1.9690381	2.1994653	-1.2480768
0.0022571608	-0.29130465	0.53182375	-0.14484201	-1.0539252	-0.6548914	-0.33184364	0.03236542	-1.1207637	-0.7994824
-0.32972696	-0.503083	0.09111068	-0.44476622	-1.0072424	-0.49236658	-0.27066454	-0.19218972	-0.26670358	-1.9743259
-0.6985341	-1.5894625	-0.31632754	-0.79817086	-1.028263	-1.1228467	-1.3085792	-0.5588277	-0.6020834	-0.54183465
-1.3809563	-1.5361463	-0.836051	-1.3058525	-0.21258059	-1.4742651	-2.0979393	-2.0141933	-1.903833	-0.73154896
-0.26050457	-0.91091764	0.12752482	-0.25267023	-0.80231524	-0.54012203	-1.3302131	-0.32259837	-0.6310165	-2.0601034
-0.16835111	-0.7289704	0.17549586	-0.394705	-2.2808633	-0.6140278	-0.7247083	-0.5668145	-0.08000626	-2.20851
-2.4135976	-2.2854342	-1.5397774	-2.3437042	-1.4905509	-2.1436343	-1.3376483	-1.2632661	-1.7679571	-1.2819469
-1.9592878	-1.9305729	-1.3106205	-1.9233354	-1.3509481	-2.5403302	-1.7634546	-2.4374607	-3.746396	-1.268753
-1.8354373	-1.7811413	-1.1823213	-1.7785614	-0.57306844	-1.4794316	-1.1072718	-0.6513127	-1.5676568	0.16862188
1.0074569	0.8390857	1.029386	0.8106024	-0.8413578	2.7792163	2.1616726	2.4166162	2.554568	0.25586796
-0.27323803	-0.32193217	0.20298472	-0.38904387	-1.3181231	-0.29692468	-0.24358235	0.2510226	0.24687594	-1.4564866
-2.342611	-2.316094	-1.4347637	-2.2676368	-0.95103467	-2.4096446	-2.405198	-1.570929	-1.3267809	1.0209918
0.9203421	0.70203924	1.082454	0.79507345	0.60345185	0.3109095	-0.44291845	-0.7414304	-0.36728367	-0.11547259
-0.17775396	-0.85746825	0.17071277	-0.26811504	-1.2280145	0.30317876	-0.54254925	0.53087497	0.2277201	-0.61805665
0.31115094	-0.5939296	0.6760696	0.23569681	-1.703676	0.489538	-0.11745195	0.04863281	0.95104367	-1.3845725
-2.2325819	-2.2136154	-1.5107342	-2.1459036	-1.6863239	-2.0327098	-1.6708494	-1.1801399	-1.842567	-1.3564517
-1.8949589	-1.9152905	-1.1580299	-1.7665049	-0.600139	-1.6644691	-1.9453532	-1.4809703	-1.8208334	-0.60022676
2.1684277	1.2588613	2.0537982	1.8893878	-1.2881724	3.412532	2.2931218	3.2161033	3.5903146	-1.8356682
-2.0469558	-2.027814	-1.3215982	-1.927113	-1.5548548	-2.2786155	-2.6981764	-1.570115	-2.392335	-1.4335754
0.7226746	0.957402	1.0516493	0.6666396	1.8750621	0.12755613	0.9211316	0.48209938	0.19223772	0.05581385
0.13130483	-0.099683136	0.76485705	-0.1232499	-1.5529429	-0.122906275	0.13325775	0.6175613	0.23867075	-0.72353435
-1.8227634	-2.0026088	-1.2877058	-1.7019384	-1.6344496	-2.5750568	-1.8572335	-1.1238542	-1.7114143	-2.148899
-2.385978	-2.0853345	-1.5447865	-2.3198533	-1.3504217	-2.2691631	-2.0894697	-1.5012788	-1.4424032	0.22416443
-0.21174172	0.1733701	0.015570819	-0.42808813	0.46720973	-0.30274636	0.40412426	0.36296663	-0.6800859	0.1014284
-1.1690276	-1.5151185	-0.78188527	-1.1340183	-0.2702044	-1.9277288	-1.6657635	-1.120245	-1.982718	-0.26258713
-0.20010582	-0.12102261	0.106282264	-0.24837165	0.75736725	-0.9280944	-0.5153628	-0.5532392	-0.3150463	1.2090677
-1.0030165	-0.24002871	-0.26094475	-1.0862427	-0.76592183	-1.7501787	-0.060520984	-0.7545388	-1.8856741	1.7374587
-2.535254	-1.5766779	-1.7657394	-2.4855082	-1.7805719	-2.5738957	-2.4581122	-1.372257	-3.6186962	-1.6118323
-1.7973062	-1.8488822	-1.1146905	-1.6864331	-0.339605	-2.3746326	-2.5144706	-1.2820013	-2.260287	-0.14124951
1.6873525	1.9389482	2.0450945	1.3830204	-0.29727378	1.1925656	2.1102357	1.8034348	0.5679479	-1.2114602
-0.28752097	-0.64425313	-0.21252277	-0.4706056	-1.0654565	-1.0418593	-1.2767639	-1.3624542	-1.2692546	-1.3535445
-1.9635574	-1.8675818	-1.1944418	-1.8926287	-1.3972307	-1.5849346	-0.98419535	-0.6654896	-1.2198658	-3.185175
-2.2498298	-1.0697099	-1.6787335	-2.152661	1.0170889	-2.2793775	-1.1437367	-2.0125203	-1.7223661	1.1685288
0.81535584	-0.058605492	0.79214287	0.6032061	-1.1478674	0.3523774	-0.45582086	0.6795723	-0.32467726	-2.1684532
-1.9065061	-1.7857467	-1.2884096	-1.8503425	-0.80660534	-0.921293	0.23328164	-0.28815612	-0.55244106	-0.93168974
-1.3077561	-1.3262824	-0.9043591	-1.2688736	-0.45743135	-1.3686769	-1.7445565	-1.086109	-1.5038804	-1.4644792
0.14061368	-0.14193785	0.6129241	0.004375294	-1.3226923	0.6870662	0.05658415	0.74812275	-0.17779955	-1.9661051
-2.4504776	-2.4597404	-1.654286	-2.3689163	-2.0429728	-2.682514	-2.743663	-1.79938	-1.4221995	-2.267168
-1.2385525	-1.5091658	-0.7268559	-1.2047307	-1.1267322	-1.2741227	-1.2297413	-0.67599916	-1.956543	0.19698852
-0.15217692	0.5472324	-0.037712604	-0.2706468	-0.23766518	-1.0976036	-1.2451504	-0.8278363	-0.8911207	-1.920854
0.97883874	2.4485729	1.2344934	0.6178118	0.6095706	0.597561	4.278245	1.0004778	0.17632686	2.787371
-0.40986142	-0.22153798	-0.031743973	-0.52444166	-0.9219773	0.021500096	-0.30958515	0.55457485	0.05898514	-0.65291876
-1.6902164	-1.790452	-1.0356692	-1.6279626	-1.274755	-1.6877382	-1.7306823	-0.32955337	-1.4947386	-1.6920905
-2.0329084	-2.012644	-1.3498943	-1.9846269	-0.7039213	-2.1646833	-2.4482317	-2.114656	-2.920954	-0.53451425
-1.942583	-1.9695771	-1.2187501	-1.850373	-0.9020783	-2.7593958	-1.9909856	-1.5941268	-2.6338687	0.6554615
-1.9680188	-2.0839777	-1.368525	-1.9660537	-2.1392503	-2.4173017	-2.207639	-1.4764838	-2.3670554	-1.0869476
-2.3236887	-2.2340965	-1.518697	-2.185122	-1.1134918	-2.2881718	-3.0481958	-1.297239	-1.4313767	-1.973348
-1.2476604	-1.3862559	-0.81276155	-1.2789584	0.4573047	-1.4411477	-1.209405	-0.4482186	-1.3752893	-1.0263453
-2.1771643	-1.6167029	-1.4007938	-2.135655	-0.1134097	-2.1077867	-2.2143035	-1.1557503	-1.9856619	-0.19592525
-2.044137	-1.4556934	-1.357119	-1.9686573	0.3507618	-1.6477667	-1.6129297	-1.1671066	-1.9149488	1.7386853
0.6486545	-1.0768716	1.1180613	0.49606335	-2.4099567	1.3279487	-0.626808	0.97339356	0.3955161	-1.9968892
0.13865724	2.1329849	0.69646	-0.13177988	0.79093456	1.4081384	4.221655	1.3101315	1.3671036	0.8396135
0.41230378	0.39536986	0.32780412	0.2668531	-1.1406611	-1.0385535	-0.43484408	-0.81746334	-1.3892376	-2.4181569
-2.4557345	-2.4078739	-1.57823	-2.3098276	-1.722104	-1.5401661	-1.4748625	-0.8672098	-1.5447621	-0.518638
-2.1846077	-2.0620608	-1.3509469	-2.1295326	-1.2321928	-2.1540353	-2.604554	-0.34363177	-1.0943348	-0.9254059
-2.593245	-2.2291107	-1.658768	-2.5156882	-1.5938894	-2.6642823	-2.500415	-1.3309505	-1.8828307	-1.7073845
-1.3872544	-1.9473975	-0.9195719	-1.3903238	-1.659631	-1.7952608	-1.5762973	-0.6071439	-1.9628816	-1.884489
-0.7995863	-1.1637466	-0.36338982	-0.94998693	-1.8253419	-0.466214	-1.4272928	-0.4664571	-0.8222335	-1.5123415
-0.049699225	0.4782698	0.43531445	-0.20584162	-1.2087637	1.1780226	1.0704312	1.5881217	0.17642303	-1.0335392
-1.3901606	-1.3292011	-0.94524014	-1.3399433	0.5395317	-1.3622715	-2.0318084	-1.3644683	-1.2398435	0.2707537
-0.9516459	-1.3242166	-0.51092505	-1.082801	-2.1636627	-1.275863	-1.2955831	-0.45351264	-1.5178602	-0.919115
-1.9312785	-2.0071025	-1.2026194	-1.8142847	-2.0500598	3.1683543	0.30363595	2.0405204	4.1241264	-2.2062159
0.06780306	-0.71782476	0.5602019	-0.059312135	-2.2406995	0.007643445	-1.216712	0.698102	-0.43947864	-2.442333
-0.43528908	-0.80291593	-0.03943494	-0.5065432	0.43909177	0.14512739	-0.21178497	0.3807094	0.08439388	1.265609
-0.1594902	-0.6845188	0.44743454	-0.320755	-0.8175889	-0.6193575	-0.6162327	-0.94301665	-0.9597996	0.138331
-1.6712319	-1.6349221	-1.1409949	-1.6308568	-1.4109516	-1.8949343	-1.999585	-0.5124058	-0.45254984	-0.96318996
-0.061049946	0.7306967	-0.07390386	-0.24228728	-0.7514531	-0.2779233	0.6975914	-0.94789135	-1.1829059	-0.53554547
-1.5635207	-1.6425865	-0.97576034	-1.489524	-1.2228563	-2.0333774	-2.004989	-1.5522547	-2.1165726	-1.5821066
1.048453	2.6139524	1.090422	0.70433974	-0.24068332	1.7039782	3.9055057	1.5502683	1.8019813	0.21237579
-0.04332772	0.9111818	0.18404576	-0.19940037	2.774974	-0.17513183	1.5535811	0.9170749	-0.55178106	1.3870124
-1.4999934	-1.0239708	-1.0240613	-1.5238361	-0.1220426	-2.2960274	-1.5530612	-1.9915586	-2.3189805	0.6215542
-0.4432737	-0.5981195	-0.011982739	-0.5394172	-0.291529	0.0019851108	-1.0156914	0.1689369	-0.051799707	0.5203243
0.1040717	1.2541683	0.015371591	-0.074705034	0.2850125	0.45767763	1.0743434	0.46356234	-0.5036038	0.12633932
0.2202541	-0.47663394	0.18431632	0.0097376555	-0.713882	0.08006928	-0.022922145	-0.73192644	-0.6040844	-0.5047518
-0.3736998	-0.7795893	0.017899618	-0.51933277	-1.7497792	-0.6063983	-1.1131028	-0.7526771	-0.8486034	-1.690533
-0.050734963	-0.39667064	0.23721254	-0.2457267	-0.89150476	-0.52748847	-1.0184147	-0.026650116	-1.105056	-0.5280046
-1.045066	-1.1756581	-0.50178194	-1.1283909	-0.99245787	-1.0671269	-1.3060086	-0.56931746	-2.0061407	-0.93787766
-2.0930843	-2.1149695	-1.3015716	-2.0168052	-2.0070496	-1.5856507	-1.8613181	-0.22133443	-1.9412974	-1.6618361
2.2392318	1.2106782	2.3936954	1.995506	-0.057246536	2.3415718	-0.66350865	3.0721092	2.247719	-1.3921661
-1.8863553	-1.9845264	-1.3158332	-1.761358	-0.6570115	-2.240963	-2.0914307	-1.276079	-1.7478646	0.85580605
-0.5110304	-0.7352445	-0.012896359	-0.5577562	-1.4488246	-0.9927159	-1.0283266	-0.74533886	-0.957103	-1.6016551
-1.2768306	-1.0490838	-0.76758766	-1.3321629	-0.1835995	1.0931374	0.51259226	0.23472928	2.0166368	-1.2658445
-1.255104	-1.6284103	-0.7901026	-1.263648	-0.93833566	-0.49233752	-1.0853235	-0.30418935	0.051069714	-0.68951106
-2.2960443	-2.1308227	-1.4966867	-2.1993372	-1.1580086	-1.5082632	-2.2781568	-1.0014268	-1.0432339	-0.57465065
-1.3626997	-1.22619	-0.9675782	-1.3892395	-0.42556977	-1.8687	-1.1093384	-0.69416755	-2.1227818	-0.4584413
-2.0939443	-1.8029374	-1.4550025	-2.0172963	-1.3229108	-1.7107513	-0.9965385	-1.2066009	-1.6584077	-1.6503931
0.43336162	-0.3636636	0.851748	0.20460956	-1.9567553	0.2229417	-0.37718946	0.7376798	-0.11943735	-1.8574789
-2.2654212	-2.0644188	-1.4579604	-2.2404613	-1.1704762	-1.7020878	-2.7037134	-1.0081406	-2.6249607	-0.8790813
-2.3774767	-2.3376403	-1.5162429	-2.2570426	-0.5458299	-2.1684809	-2.363163	-1.4779367	-2.8452141	0.51475847
-1.04746	-1.1624604	-0.31442252	-1.0597115	-0.82524395	1.3464128	-0.7278105	1.0605254	1.1843954	-1.2868291
-1.9388332	-2.1552632	-1.2547404	-1.8803077	-0.29335153	-2.3312643	-2.2704263	-1.2330537	-2.7481363	0.017291853
-0.056773268	-0.34645617	0.393161	-0.25951385	-1.6254473	1.0893663	-0.59218806	0.9666696	0.7247906	-0.9236133
-0.6837632	-0.9391475	-0.6053753	-0.70130175	-1.6127021	-1.182058	-1.4638133	-0.797491	-0.8279355	-1.9188546
-2.2449567	-2.316775	-1.5226849	-2.1809828	-1.9990698	-1.952858	-2.0418215	-0.89027864	-2.1686418	-0.8544724
0.7855721	0.5384879	1.1390022	0.5148184	-0.72877455	0.8008536	0.61039263	0.98120064	0.69705045	0.19996653
-1.4489492	-1.476601	-0.9741143	-1.366642	0.98844206	-1.8256227	-2.0477762	-1.6003443	-1.6608489	0.72504586
-1.8756727	-1.859882	-1.2640084	-1.7697287	0.3068094	-1.8000246	-2.1665115	-1.3888112	-2.0715592	1.0697019
-1.617989	-1.8330474	-1.0281562	-1.6333138	-1.457638	-2.0193257	-1.7332809	-1.8754117	-1.2130399	-1.4259655
-0.54351807	0.115130514	-0.47851607	-0.5736754	-0.18303636	-0.8993355	-1.5479414	-0.72051156	-1.1730473	0.023687936
0.2522396	0.7841903	0.28352147	0.064324066	-0.6512466	-0.7086017	-0.4490461	-0.84283996	-1.1040844	-0.8779211
-1.47907	-1.7621251	-1.0384536	-1.4825015	-0.56768656	-1.7827698	-1.7610286	-1.2926866	-1.90128	-0.77266836
-1.0874654	-1.3722975	-0.5661781	-1.0480276	-0.9348886	-0.8747649	-0.64745927	-0.1689107	0.4420018	1.1584272
-0.30553922	-0.84911656	0.12564954	-0.28098738	-2.3996906	0.72128737	-0.24425629	0.5425042	0.36284015	-2.5009923
-1.7501019	-1.7055132	-1.0995896	-1.7894942	-0.683887	-2.237636	-2.1912763	-1.3896149	-2.455358	-1.459715
-0.3940691	-0.98592436	0.103250444	-0.51369864	-1.235014	-0.16953	-1.3833483	-0.21574411	-0.2905915	-1.2573498
-2.4836764	-2.2168708	-1.4942344	-2.3534331	-0.29294884	-3.1461844	-3.8164194	-2.361729	-3.0948532	0.50369084
-1.7164414	-1.8600235	-1.1877879	-1.6684176	-0.6495465	-1.5021964	-1.6715901	0.57373595	-1.0090815	-0.3705515
-1.6024988	-1.8185211	-1.0113218	-1.5829985	-1.195117	-1.6272824	-1.6301385	-0.52125704	-1.3152848	-1.297895
-1.9407004	-1.5416083	-1.3319459	-1.9073447	-0.75490427	-2.589663	-1.753555	-0.8983015	-2.269784	-1.3128082
-0.7689058	-0.4563376	-0.44479093	-0.7615953	0.12452498	-0.20212477	-0.36537057	-0.2580419	-1.0222684	0.34511864
1.0900971	0.06679773	1.12319	0.89591014	-2.1970568	0.61359423	0.16534899	0.36807677	0.23299724	-3.2460608
-0.9574024	-1.2213879	-0.3370132	-0.89327604	-0.6560985	-0.354734	-0.033768374	-0.4985416	-0.53392863	1.22784
-2.096302	-2.0588427	-1.29832	-1.9695675	-0.7369512	-1.629588	-2.7400925	-1.4394794	-1.8629862	0.41914308
-1.074386	-1.0906658	-0.4475058	-1.1115395	-1.0547613	-1.8289443	-2.1741168	-1.4840558	-2.427654	-1.5605813
0.63575673	1.4923682	0.9779011	0.3382191	-0.98037946	0.4212458	0.5717846	1.0905391	0.24771914	-1.3498045
-0.5070179	-0.67160475	-0.096646756	-0.55566806	-1.2048347	-0.2947037	-0.42295694	-0.058861032	-0.21861847	-0.778008
-1.4096131	-1.5687205	-0.8322787	-1.3429137	-0.8586465	-1.4277666	-1.0442407	-1.2572205	-1.7992692	-0.7808595
0.20733133	0.50002635	0.583066	0.056993887	0.2721884	-0.23824488	-0.01491771	0.57590085	-1.3414607	1.3204906
-1.9747877	-2.1459556	-1.2841831	-1.9383045	-1.0270159	-2.2357574	-2.4105868	-1.837101	-1.8925194	-1.789815
-1.5713067	-1.3424137	-1.0560889	-1.5922475	-2.915976	-0.27512482	-0.054660406	-0.20457084	-0.36262944	-1.3753153
0.33590564	0.18375075	0.8164909	0.040312737	-1.9819812	0.8487829	-0.19071396	1.404333	0.65945643	-1.8544163
0.937823	0.26846066	1.2206364	0.63007176	-2.3718774	1.2528273	0.7765595	-0.14337015	0.5839318	-2.134681
-0.69683075	-0.74132764	-0.56227124	-0.8172649	0.62763536	-1.1038847	-1.1962538	-0.47972643	-1.4310569	0.18951212
-0.74831074	-1.4067409	-0.21472019	-0.8179812	-2.5258987	-0.5330148	-0.43660292	0.42936724	-0.33796227	-2.0664227
-2.2118576	-2.092882	-1.4496342	-2.1233838	-0.88038075	-2.801979	-2.234597	-1.120436	-1.7871963	-1.4218293
0.7241274	0.13769102	1.0528286	0.47439152	-1.9262938	0.5288198	0.21486823	1.0519377	-0.4900147	-1.8264729
-1.0077012	-1.1171854	-0.57423437	-1.0732198	-0.17127848	-0.95048064	-1.0183454	-0.61947095	-1.2319959	0.1847919
-2.7408364	-2.361694	-1.7445667	-2.6576731	-1.4799924	-2.2145276	-2.1137848	-1.2405065	-2.6156425	-1.3468505
0.0010233	-0.6323633	0.4201292	-0.15973698	-2.0613854	-0.18089664	-0.55222374	0.2604244	-0.18716115	-2.0703468
-0.54206073	-0.45072284	-0.38292715	-0.5774185	-0.28202257	1.6442584	-0.2068769	1.4300991	1.0287673	-1.2830828
-2.2679474	-2.274131	-1.5290965	-2.166428	-0.94240963	-2.292157	-1.9968196	-1.968516	-2.4976728	-1.1310353
-0.44526622	-0.9143708	0.072461545	-0.5244735	-1.5225209	-0.7520113	-0.7673842	-0.09440265	-0.9679753	-1.6019104
-2.5501134	-2.1412508	-1.6205637	-2.398021	1.9352206	-3.0483513	-1.5991696	-1.7543807	-2.7409208	3.0380287
-0.3946382	-0.55761665	0.10562396	-0.52909064	-0.79058695	-0.81651145	-0.7904471	-0.24762884	-0.8546301	-0.35535735
-0.27725276	0.7210039	0.14577359	-0.45081687	-0.794248	-1.2409669	-0.087488584	-1.3457091	-1.2522808	-1.0014508
-1.5935327	-1.87534	-1.0795653	-1.5930902	-1.7473474	-1.2895967	-1.2689174	-0.6329272	-1.6050751	0.86949825
-0.93322945	-1.3182853	-0.42251363	-0.9470783	-1.2300524	-1.5914605	-1.8126421	-0.67302406	-1.3772321	-1.3626835
-0.3542915	-1.614508	0.028486043	-0.44319046	-3.743105	-0.19540907	-1.234487	0.61200106	-0.7029576	-3.3006523
-1.2767708	-1.5921761	-0.85513926	-1.2282157	-1.2458646	-1.1621009	-1.5932492	-0.6330842	-0.6587718	-1.429364
0.61718184	0.6745453	0.6067445	0.3792833	-0.24108025	-0.4136421	-0.21263137	0.2120077	-0.5257041	-0.42737743
-1.2400585	-1.444965	-0.7939359	-1.1887635	-0.18235251	-1.7371066	-1.6752938	-0.08475652	-1.5200928	0.8189463
-2.0765502	-2.0152123	-1.4786205	-1.961688	-1.1480216	-2.1784039	-2.4657338	-2.0809298	-1.5116794	-0.36524412
-0.4551952	-1.0287617	-0.0024355054	-0.6554931	-2.8954496	-0.39978945	-0.9062361	0.61033237	-0.15408225	-3.2022178
0.8691943	1.034289	1.1785561	0.55508757	-1.8025085	0.016374247	0.5713789	0.27646405	-0.072249256	-2.2386024
-0.14403868	-0.8828114	0.24037604	-0.35602343	-2.4019635	-0.61209166	-1.1390967	-0.35944197	-0.8898306	-1.8461858
0.5529277	-0.2766813	0.8692211	0.42268097	-1.2539418	0.90143025	0.7424171	1.4317385	1.5081749	-2.3072479
-0.15953515	-0.8031014	0.25807938	-0.33100545	-1.4672706	-0.55173427	-1.0135058	-0.40547842	-0.66959995	-1.9053904
-0.79195815	-1.2710185	-0.4422609	-0.73021346	-1.0374458	-1.2327853	-1.183469	-0.828343	-0.5219203	-0.4454619
0.040219225	-0.0836525	0.27460027	-0.15606812	-1.7004708	0.2036608	0.19314717	0.011606335	-0.030686596	-1.8574432
0.7566768	-0.6043352	0.7524208	0.6727439	-0.4671199	-0.40808475	-2.2787185	0.026580974	-0.68104833	-2.5522192
-2.345196	-2.2917938	-1.5313455	-2.1728942	-0.41121337	-2.196749	-1.7687418	-1.2002834	-1.7335435	-1.444548
0.022746213	-0.8096478	0.50552547	-0.09686926	-1.9285519	-0.019938631	-0.7443939	0.44016957	-0.2632023	-2.2786293
-1.6105211	-1.8343353	-1.0561599	-1.5563365	-1.1742805	-1.7639923	-1.7763207	-0.8712886	-2.0447621	0.39361647
-1.2560009	-1.4705249	-0.7204771	-1.3429635	-2.340288	-1.2744505	-1.0255598	-0.102014296	-1.1175859	-2.0985363
0.05878917	-0.6138713	0.63266885	-0.047848746	-2.1025505	0.0008205812	-0.669539	0.6121624	-0.45086583	-1.9696416
0.25967756	-0.5842611	0.74676263	0.109289214	-2.0007029	0.3585671	-0.7002673	1.0012627	0.50239867	-2.3439717
0.25956365	1.2740124	0.3050962	0.058004603	1.4032845	-0.27117002	0.5364821	-0.3414592	-0.38801238	-0.03610422
-1.2360555	-1.6111469	-0.7538612	-1.0638286	-1.2125876	-1.1453476	-1.3597771	-0.42709565	-1.1963902	-2.0164804
1.1691049	0.6709931	1.3926251	0.9354589	-0.725239	1.4887079	0.7622774	1.9566084	1.5812463	-1.7943155
-2.1183963	-2.1881425	-1.3522286	-1.9809433	-1.6784353	-1.7141573	-1.2504529	-1.4250354	-1.3825446	-0.60240656
-0.9941321	-1.4528716	-0.6530224	-1.0121263	-1.6287354	-1.9617145	-1.7210369	-1.0952079	-1.6068593	-2.4257395
-0.89360666	-0.347663	-0.559536	-0.9528027	-0.6704602	-0.21122584	-0.012776566	-0.38229343	0.13973035	-1.0769254
-1.2905858	-1.0599661	-0.9555023	-1.2875109	-0.18895635	-2.676717	-1.4965203	-1.0343211	-3.1976664	-0.7795234
-1.9125636	-1.9947765	-1.3298674	-1.81763	-1.4122237	-1.0687087	-2.0089033	-0.71313745	-1.5220231	-1.7521663
-0.43306953	-0.7594249	0.05228269	-0.5597388	-0.9304584	-0.7458532	-0.87685114	-0.6667315	-0.79703844	-0.39121857
-1.0922245	-1.4633356	-0.63498354	-0.9488753	-0.6506504	-1.1887267	-1.0013512	-0.53326803	-1.2874756	-0.00020120987
2.292587	1.1238612	1.9047614	2.0177774	0.8680645	-0.5055807	-0.51160634	0.0048097135	0.18306683	-0.5592032
-1.6160254	-1.8499223	-1.0837495	-1.5136738	-0.39445832	-1.7984813	-1.1425077	-0.8117087	-1.2527227	-1.1292579
-2.2156587	-2.0684338	-1.4654074	-2.133476	-1.290627	-2.3342683	-2.0877073	-1.2385004	-2.2105627	-0.7336204
-1.9703928	-1.9835811	-1.2705886	-1.9157299	-0.5577115	-1.5920111	-2.8759015	-1.1340401	-2.2738798	-0.8115208
-1.4302908	-1.5867388	-0.8609314	-1.4088018	-0.80780685	-2.1827571	-1.902871	-1.4815539	-1.9522462	-0.09087223
-1.0963502	-1.1765808	-0.77177334	-1.1997138	-1.4918495	-1.0165014	-1.5475225	-0.0038821036	-2.3265564	-1.8789105
-1.3001913	-1.5380268	-0.7762077	-1.2952089	-1.3111588	-1.2985529	-1.1485941	-0.46813744	-1.4597996	-1.323999
1.4443128	1.7093239	1.7696387	1.1928768	0.53140223	0.62863135	1.8724986	1.1610174	0.7700923	0.07281563
-0.044110157	-1.1989903	0.48476502	-0.14877911	-1.4482089	0.04574737	-1.5058557	1.0884088	-0.005747097	-2.352957
-2.009667	-1.7605731	-1.1405462	-1.9087179	1.0614657	-2.5070033	-2.0087557	-1.3488599	-2.6296425	-0.117085
-1.2905656	-1.4052291	-0.8024535	-1.3011116	-1.3921494	-1.6916597	-2.345573	-0.74082917	-2.1984763	-1.0688529
-0.86500466	-1.3462042	-0.41634294	-0.93573666	-1.8140464	-0.5972406	-1.6785002	-0.008918338	-0.65595835	-1.9513643
-1.3349445	-1.4667271	-0.82677186	-1.2922632	-0.93645215	-1.3366017	-1.5561949	-0.328227	-1.9682038	-1.0246817
-2.0934668	-1.3386468	-1.6360344	-1.9305748	-0.78698957	0.14685401	-1.1226572	-0.20883727	-0.93606627	-2.5437012
-1.6725979	-2.0025465	-1.1548436	-1.5589256	-1.4406554	-0.92387587	-1.3064026	-0.16201334	-0.7580245	0.30475482
0.099849306	-0.59522307	0.46466604	-0.03500685	-1.7790514	-0.646985	-0.91318053	-0.43520117	-0.8985718	-0.17147186
-0.07322083	-0.11509773	0.306985	-0.12687199	-1.3471195	-1.2459974	-1.4147271	-0.3741383	-1.4644727	-2.834582
0.48365608	0.34260115	1.07795	0.23867287	-0.84977543	1.5766454	2.0182717	2.1382658	1.3355962	-1.3856192
-2.064216	-2.0366254	-1.2603114	-2.0031137	-0.5737067	-2.8475978	-1.8622892	-1.3251516	-3.8348873	-0.3462779
-0.49444366	-1.3576471	-0.19782043	-0.55617476	-0.16361079	0.2885645	-0.723109	0.9296808	-0.27389026	-0.7042448
-2.4788282	-2.3053443	-1.5901109	-2.4171844	-1.5829734	-2.1589737	-1.7446122	-1.1492218	-2.2564147	-1.3233334
0.31695282	1.1827923	1.1160965	0.21199335	-0.30267236	1.3107529	0.75744724	2.699915	1.1197891	-0.33220148
0.20714477	0.38782004	0.602468	0.012995467	-1.1071779	0.3993018	0.8019118	1.3163286	0.45112762	-0.94567966
-0.16961733	-1.0166168	-0.17147976	-0.15370984	-1.3713564	-0.52098817	-1.2832487	-0.3515624	-1.0538558	-2.421715
-2.1204498	-1.8405039	-1.3835729	-2.0113046	-0.1770471	-2.1094043	-0.81640387	0.24230285	-0.4366991	-0.032379158
-2.6753578	-2.5111666	-1.7185947	-2.608233	-2.0074265	-3.550755	-3.8524404	-1.8545485	-3.1036637	-1.5324883
-1.8184605	-1.9939394	-1.1248835	-1.7432818	-1.0148338	-1.7938765	-2.133452	-1.1227952	-2.0183032	1.5016414
-2.1492321	-2.3194335	-1.4622532	-2.0424614	-2.6758468	-2.084358	-1.6699533	-0.9061081	-1.6985564	-2.1465123
0.2473571	0.7715422	0.11001542	0.079741165	-0.43128806	0.33425942	0.30987805	0.036729407	-0.38979074	-0.9484759
-0.74388045	-1.2292541	-0.644976	-0.6315509	-0.6636157	-1.1243484	-1.610694	-0.77956533	-0.9934772	-1.3178402
-1.6750962	-1.8016417	-1.0416164	-1.7330743	-2.0317614	-1.9312841	-2.6032796	-1.9673996	-0.86965847	-2.0806308
-0.9002787	-1.1575958	-0.4500974	-0.96062976	-0.8277319	-1.1438152	-1.5196909	-1.0204929	-0.86965847	-0.3570521
-0.26894802	-1.0891241	0.17918947	-0.4206193	-2.382391	-0.61792755	-0.26142415	0.56193477	-0.8810183	-0.8627764
-0.5925705	-0.7901529	-0.16675562	-0.7453082	-1.8986253	-0.4127608	-0.4278598	-0.6688689	-0.56766397	-1.5120288
-1.4757675	-2.1174302	-0.764063	-1.4149866	-1.2395768	-1.6192417	-2.278292	-0.61763364	-1.5454669	-1.2786429
-0.19141957	-0.9513179	0.3798446	-0.29539907	-2.484736	-0.16999482	-0.6969897	0.8409837	-0.118294775	-2.5001676
1.0364388	2.0919788	1.1545517	0.7064028	0.1986548	0.13428156	1.4932674	0.22340243	-0.54253227	-0.7257016
0.19901097	0.71458364	0.256047	-0.020526543	0.46367946	1.7775491	1.1203256	1.6088233	1.6080594	-0.4720269
-1.12287	-0.68447185	-0.8492937	-1.1465491	-0.8054122	-0.9006448	-0.6381744	-0.5205166	-1.843319	-1.3284642
-1.6573292	-1.7299162	-1.0698457	-1.555888	-0.78867936	-1.1546574	-0.2528874	-0.17434107	-1.4829001	-1.3236327
0.21712518	-0.3745854	0.31308675	0.14255144	-0.6980413	0.22502828	-0.76672363	-0.08360838	-0.6762793	-0.98843175
-1.5330701	-1.8145921	-1.0429399	-1.4080122	-1.4737011	-1.4412056	-1.9967463	-1.1812817	-0.92347115	-2.070501
-1.6088657	-1.5941714	-1.0767279	-1.5121578	-1.2190032	-1.7996119	-1.8888718	-1.8376474	-1.5390143	-1.8286196
-1.8850992	-1.8011446	-1.2826111	-1.7819599	-1.8792516	-2.5690427	-2.2388437	-1.7068608	-2.6829154	-1.3342905
-2.2962978	-2.0391116	-1.4395895	-2.1688116	-0.8911792	-2.2902417	-1.613638	-1.7722547	-0.90874463	-0.2809206
-1.7849966	-2.182842	-1.2566165	-1.733868	-2.0186079	-1.7946725	-2.2979927	-1.1958182	-1.5774078	0.08774407
-0.6411573	-0.9106926	-0.25989383	-0.6544918	-1.0857748	-1.1168408	-0.8916544	-0.4324046	-1.2790005	0.14002424
-2.1154552	-2.1769667	-1.451155	-2.0258834	-1.8483692	-1.6520028	-1.6053575	-0.97794026	-1.5428437	-0.29669306
-1.1081153	-2.0745008	-0.6993519	-1.0743557	-2.7768874	-0.7390655	0.60229963	-0.15728183	-1.864561	-1.80354
-1.4287059	-1.6049175	-0.8048314	-1.4517194	-1.697223	-0.49780834	-1.738633	-0.2562317	-0.51309294	-1.431278
-1.0056552	-1.2183024	-0.55421937	-1.0644312	1.1785717	0.5661975	0.41227683	0.8060211	1.3017316	1.3450782
-1.4262317	-1.6322653	-0.9496367	-1.3851541	-0.5284747	-1.8423247	-2.1055586	-1.2245142	-1.3740718	-0.8564168
-0.1740093	0.17540461	0.19645649	-0.3617671	-1.0651524	-0.9224396	-0.04219359	-0.011998704	-1.4305581	-1.9679565
-2.3349247	-2.2413032	-1.6638279	-2.1539114	-0.91184807	-1.9558059	-2.3165636	-0.8684516	-1.9450275	-1.0593792
-2.5276437	-2.259262	-1.7806871	-2.4187832	-1.4101356	-2.811432	-2.5297346	-2.127644	-2.633181	-1.7102453
-1.2649873	-1.2359526	-0.91475236	-1.2054874	-2.0121727	0.07993366	-1.6483401	-0.9019669	0.9725781	-1.8832061
2.014941	-0.036381513	1.822586	1.9182017	-0.87107134	2.0194614	-0.25021547	1.6515647	1.3820679	-1.3598989
-1.2026083	-1.4568322	-0.80500853	-1.171268	-1.1530075	-0.6981829	-0.92383265	-0.64835554	-0.54753554	-1.4828637
0.38739374	-0.6456345	0.9932736	0.24963282	-2.1752908	-0.36947313	-1.7640713	0.50823534	0.34015533	-2.4565809
-2.3288105	-2.3677685	-1.5042821	-2.2002466	-1.7798527	-1.7306961	-2.2495296	-1.631943	-1.9923056	-1.6029044
2.7239573	3.5854406	2.0493085	2.1148677	0.17429456	5.854276	4.7539077	5.873365	5.0545044	1.613274
-0.9468906	-1.3945385	-0.54589725	-0.9673147	-0.43993387	-1.0133007	-1.6007023	-0.5979095	-0.45591536	-1.2446029
-0.9995074	-1.1012568	-0.4725164	-1.0905864	-1.4069835	-1.7595872	-1.8728563	-1.7735183	-1.7176496	-1.7939799
-0.3230553	-0.6416763	0.011858135	-0.37443388	-0.41840354	0.56142175	-0.10584529	0.37912506	1.0585544	0.25950426
-0.87048405	-1.2038457	-0.3201644	-0.997998	-1.9113363	-1.4808661	-1.4998348	-0.78954303	-1.3059359	-1.6101736
-0.0278872	-0.56425476	0.30056018	-0.15080294	-1.3134311	-0.7007527	-1.0728792	-0.45174962	-1.1132102	-0.30230293
-0.600131	-0.87792563	-0.31742784	-0.6011478	-0.7146076	0.075208336	-1.0469491	0.37132788	0.4794761	-0.07151418
-0.93377215	-1.2030965	-0.36191723	-0.9362956	0.29379347	-1.3762382	-1.8812512	-0.8319998	-1.5653216	2.0100515
-1.2816653	-1.5543549	-0.7967808	-1.2935286	-1.4246812	-1.2633455	-1.0134127	-1.008509	-1.2505107	-1.6432126
-2.4842637	-2.2425308	-1.5347836	-2.3824663	0.7928666	-2.7262614	-2.67793	-1.7415357	-0.86965847	1.3154452
0.08110019	-0.5921167	0.402197	-0.1430797	-2.3194497	0.06566399	-0.7325182	0.54930675	-0.25149775	-2.0422337
-0.12253067	-1.1118165	0.4196097	-0.20858121	-2.4318738	-0.35440353	-1.2391704	0.4643986	-0.42916003	-2.5687082
-2.2873986	-2.3037825	-1.3560072	-2.2128613	-0.3895621	-2.3827753	-2.269672	-1.6435246	-2.5649784	-0.5499835
-1.0280591	-1.295673	-0.53790164	-0.98683155	-1.501337	-1.7055842	-0.7066001	-0.7487124	-2.5447621	0.104193754
-1.1602464	-1.3923776	-0.70467305	-1.1950877	-0.6235143	-0.61630785	-0.23860282	-0.594782	-1.2718235	-1.1429224
-1.6392862	-1.7604477	-1.0562116	-1.607271	-1.5409104	-1.8098195	-1.734876	-1.0080836	-1.8521171	-0.7966732
-0.8213494	-0.5130755	-0.2596981	-0.8894693	-1.4290098	-0.7814857	1.6950486	-0.24727458	-0.56806946	0.56521857
-1.5484393	-1.873641	-1.0302395	-1.5231872	-0.9211004	-1.307569	-1.6105593	-1.2490911	-1.2962334	-0.4637553
-1.68282	-1.8037808	-1.0855432	-1.726715	-1.654617	-2.2118452	-0.39770037	-0.3971226	-0.74412763	-2.0951765
-1.6361921	-1.7644867	-1.0468844	-1.4586368	-1.1190379	-0.6557312	-0.763654	-1.0403421	-0.37243804	-0.47935238
-1.0630081	-1.2250257	-0.67962694	-1.0819559	-0.73625535	-1.3729007	-1.0835441	-1.0644888	-1.6686641	-1.0318488
-1.7114267	-1.1621522	-0.9917917	-1.7896463	-1.2909752	-2.4037716	-1.9104801	-0.9157199	-1.1599344	-1.068307
-0.6793769	-1.0724745	-0.22481719	-0.65059257	-0.95298815	-1.1045979	-1.1848212	0.052740168	0.059437457	-1.1671088
-1.4425478	-1.5162113	-0.63097847	-1.5357268	-1.8748732	-1.7756625	-1.9659239	-0.69086725	-1.8327137	-1.8018023
0.3102123	0.99945354	0.5493822	0.1342945	0.17564759	-1.1952138	-0.7997439	-0.48887518	-1.2466191	-1.260199
0.2564551	-0.74854565	0.66818273	0.07349266	-2.3567002	1.1119058	1.0554483	1.3181062	0.36259288	-1.2925493
-1.7098963	-1.8769379	-1.2067722	-1.659407	-1.7193204	-1.9151051	-3.092346	-1.1233522	-2.472567	-1.6054627
-1.241001	-1.8312454	-0.8001828	-1.222333	-2.0479796	-0.8148658	-1.1039499	-0.3536555	-0.797505	-1.8132458
0.0584274	-0.6411543	0.35337016	-0.040902913	-0.9113549	-0.29320425	-0.6470843	-0.12406963	-0.9484396	-1.624087
-1.2932373	-1.3373737	-0.84125304	-1.3157537	-1.4821134	-0.96831423	-0.70659554	-0.53734314	-0.8243231	-1.1562682
0.058751054	0.6065711	0.5561279	-0.1049099	-0.7225934	-0.761038	-0.5372337	-0.08022103	-1.2205763	-1.4413718
0.67400473	0.1259602	0.95715356	0.46706057	-0.81489396	1.5964515	0.32241857	1.1950107	1.3770863	-0.5928749
-2.1084507	-1.8530768	-1.6080059	-1.9236144	-2.3708863	-2.1291208	-2.5621881	-2.4556708	-2.4863298	-2.5434835
-1.2708735	-1.4587923	-0.7982795	-1.3277322	-1.5507568	-1.7316914	-1.626143	-1.0439384	-1.9020927	-1.7245066
-1.232925	-1.4198824	-0.79629385	-1.101428	0.33808467	-0.33866864	-0.6774905	-0.18585443	-0.17641193	0.61165863
-2.439821	-2.1837003	-1.5996716	-2.3362184	-1.006342	-1.689825	-2.3627944	-0.70151365	-1.6470032	-1.2154454
-0.082516916	-0.63393295	0.32827225	-0.22650068	-1.8540233	-0.58219135	-0.9288092	-0.36374077	-1.1922289	-1.7856047
-1.7430674	-1.9688922	-1.3514131	-1.6402278	-1.5685292	-1.554483	-1.8373349	-1.0851486	-1.8719424	-1.4657848
-2.5997245	-2.433491	-1.6859002	-2.509271	-1.5280023	-2.6018267	-2.3411732	-2.3190591	-3.4497266	-2.3180964
-1.2028798	-1.830998	-0.749866	-1.2615441	-1.0098127	-2.144531	-1.2612964	-1.1584228	-2.3635921	-0.97946954
-1.0629004	-1.3441577	-0.6965269	-0.9918617	-1.1542925	-0.6315057	-1.2587619	-0.34620032	-0.3919004	-1.8718967
-1.8477918	-1.9285796	-1.2766521	-1.701802	0.08678046	-1.8945968	-1.5937995	-1.5995957	-2.2967215	0.26736498
0.20035216	-0.7474413	0.63568103	-0.00020964444	-2.4467924	0.8052438	-0.4392208	1.3433052	0.7461451	-2.3926303
-0.9937968	-0.93105245	-0.80312884	-0.9992375	-1.767991	-0.4286305	-1.269253	-2.1481993	0.34591773	-1.7386519
2.1749027	0.64931	2.2250926	1.9427114	-1.7260351	1.6508505	-0.7988178	2.104025	1.527329	-2.502032
-2.163196	-2.073652	-1.3609018	-2.0770311	-0.50751543	-1.6355276	-2.5067847	-0.46438888	-1.7260472	0.13079149
-1.0379356	-1.6654279	-0.682644	-0.9038298	-1.5898961	-0.8146489	-1.7196285	-0.4399643	-0.16731836	-0.89558417
-2.3279505	-2.2287276	-1.4211075	-2.3027508	-0.99673903	-2.0157597	-3.1261623	-1.5772117	-2.096131	-1.3939663
-2.6197402	-2.5179446	-1.5759127	-2.4849663	-2.37421	-1.7250245	-1.7499884	-1.0185074	-1.2710183	-1.773882
-0.8523465	-0.80235314	-0.24771246	-0.935694	-1.1209698	-0.4731083	0.30192015	0.013110102	-0.7701228	-1.6508386
-1.3187929	-1.3479865	-0.8642881	-1.2474817	0.0016557872	-1.5798547	-1.1311185	-1.2614207	-1.6240993	-1.2466582
-1.4067723	-1.4896317	-0.87062156	-1.3931967	-0.778005	-1.7748094	-1.731513	-1.2578151	-1.9598088	-0.9120919
-2.8318307	-2.43376	-1.9362373	-2.6357358	-0.81152177	-1.920935	-1.837423	-1.3181571	-2.5269756	2.0176039
-0.85649925	-1.2642107	-0.47677562	-0.82167804	-1.2924004	-0.4941116	-1.050207	-0.28491408	-0.9758084	-0.73758996
-1.4391676	-1.4311695	-1.0372646	-1.4729573	-0.6393651	-2.1351454	-1.4817642	-0.14537193	-1.5837634	-0.5330581
-2.04154	-1.9107751	-1.474185	-1.9714156	-1.9154236	-2.4601026	-1.9559257	-1.1315413	-1.3572607	-2.3572402
-2.1492763	-2.3356354	-1.3795922	-2.0609407	-2.6294236	-1.9912314	-2.1188517	-1.3292941	-1.9952734	-1.5494944
-1.6767089	-1.6493318	-1.1463419	-1.6328725	-1.1599457	-2.4438975	-1.8704957	-1.4698848	-1.0817624	-1.1452048
0.012899727	-0.727957	0.30180043	-0.12528089	-1.2617875	-0.3275996	-0.1255996	-0.25765657	-0.5409051	-1.606254
-1.1795753	-1.5896593	-0.8360982	-1.056147	-1.3260727	-0.7819936	-1.4301205	-1.1677228	-0.57969207	0.3316128
-1.6889044	-1.353683	-1.0667397	-1.5112756	1.1864796	-1.4692471	-1.3696715	-1.0279827	-1.1249871	1.0421228
-1.6776346	-1.5605197	-1.0930257	-1.7125251	-1.2247268	-0.663933	-0.3391285	-0.22142312	-0.6814192	0.44385713
-0.95686257	-1.374201	-0.45412973	-1.0949707	-1.6827315	-0.44026646	-1.2065581	-0.15338537	-0.8718747	-1.9553688
-2.304884	-2.2615042	-1.4709089	-2.1789095	-1.4010615	-1.4167582	-1.7481977	-1.8527313	-3.0689673	1.2500196
-2.039131	-2.0376768	-1.2871752	-2.028579	-1.576536	-2.0749276	-2.4078438	-0.8925672	-2.061006	-2.0415542
-2.5054448	-2.495173	-1.5938226	-2.421068	-2.9358346	-2.089461	-1.60233	-0.99058676	-2.279836	-3.331408
-0.29767236	-0.98984635	0.10651639	-0.4102653	-1.5139629	-1.1754278	-1.3106378	-0.468066	-0.87176514	-1.4284148
-1.4069538	-1.800929	-0.85925364	-1.3226564	-0.85532427	-1.3859274	-1.3946736	-1.143804	-1.4663601	-0.13962162
-2.4366648	-2.3121078	-1.5424979	-2.423247	-1.2258166	-1.6095623	-2.5852323	-2.3228908	-2.6408489	-1.5583608
-0.42671785	-0.5603953	-0.07322392	-0.46591222	0.16894683	0.17040713	1.4861655	-0.21985318	-0.00018966779	2.2717502
-1.0373547	-1.5443573	-0.58460855	-1.007258	-0.7021812	-0.015269943	-0.91332084	0.5736741	-0.10379	-1.0393128
0.55986816	-0.7430185	0.7169521	0.5142125	-1.8316567	1.4118493	-0.9718375	1.1087142	1.4982082	-2.3012156
-2.0843031	-2.2578564	-1.4821712	-2.057152	-0.48520842	-1.9631864	-1.92885	-0.76406085	-2.3293598	-0.37052524
-0.40775964	0.2848281	-0.09386921	-0.41427678	-0.3289485	-0.9819046	0.09974097	-0.55693626	-0.60752755	-0.6763554
-2.1878474	-2.1265137	-1.4234558	-2.095145	-0.48839882	-1.6700119	-2.2050552	-0.226305	-0.19723314	-0.6947862
-0.30695292	-0.46118504	-0.15960619	-0.40651774	-0.51037115	0.3035703	0.2162245	0.835843	-0.45021534	-0.0066374894
-1.1525587	-1.5846767	-0.64702415	-1.1575514	-0.50734884	-1.2023568	-1.1285478	-1.0584159	-2.0270724	-0.5682292
-2.540916	-2.4074287	-1.5992103	-2.4423158	-1.2646394	-2.7645085	-2.3063867	-0.61345863	-3.2136128	-1.481719
-2.091046	-2.158822	-1.2935722	-1.9358282	-0.7291361	-0.7726358	-0.33922365	-0.9117734	-1.5612195	-0.5166686
0.091194	-0.74174833	0.49611583	-0.08205946	-2.3481593	-0.11328795	-1.1549579	0.0954807	-0.44349244	-2.3201716
-1.9393848	-2.0789719	-1.3099562	-1.9088782	-0.6979028	-1.6575233	-1.1271905	-2.288322	-2.2409208	-1.3555255
-1.4536403	-1.8284571	-1.1814667	-1.3783859	-0.06962702	-1.0785605	-1.4052793	-0.1793042	-1.4000088	-0.46915627
-1.9718815	-2.0435908	-1.3482441	-1.9145025	-1.3868612	-2.1949248	-0.95423836	-0.914361	-1.503531	-1.5013443
-1.6101696	-1.915369	-1.0180787	-1.5198802	-0.7379159	-1.867942	-2.4462013	-2.091889	-2.1936023	-1.0899885
-0.78066236	-0.46257764	-0.43270698	-0.80937004	0.074481755	-1.4971327	-0.6673387	-1.3091085	-1.3198155	-1.1229477
-1.9689008	-2.0481682	-1.2414448	-1.9355791	-1.7139553	-1.9360356	-1.7846994	-0.9430456	-2.0676963	-1.2617049
-1.3800638	-1.537106	-0.9301772	-1.3399531	-1.3434501	-1.8111233	-2.403329	-1.4123502	-1.7912822	-1.2255543
-2.5305212	-2.2623656	-1.5124302	-2.43534	-1.4166787	-2.8443687	-3.042755	-1.5551982	-2.8248932	-2.0691376
-1.7925152	-2.0533178	-1.194862	-1.6509866	-1.2536229	-1.476988	-2.7100224	-1.0098238	-1.7809258	-1.9498885
0.18448547	0.04483065	0.19996157	-0.04060231	0.115983814	2.682153	0.24505176	2.3166301	2.0995011	-0.65533364
0.78028643	2.5573766	0.84335387	0.52859396	1.7724823	-0.04097146	0.80605865	0.32042417	-0.2344689	0.31361046
-1.3294313	-1.4537555	-0.76344156	-1.3016958	-0.6056498	-1.1599419	-1.3196138	-0.6071068	-1.0115765	0.4566115
1.6034842	1.4546778	1.7032965	1.5046525	1.0307233	1.5837066	1.4159306	2.6618857	1.7251117	-0.51285917
-0.69731414	-1.1932089	-0.2998567	-0.86910874	-1.8396347	-1.6182929	-3.304591	-1.0597675	-2.413245	-1.8120519
-0.0051196218	-0.70410323	0.3645147	-0.1615011	-2.3137877	-1.2436854	-1.7278559	-0.01637002	-1.0839088	-1.97189
1.4058421	0.64632833	1.7211711	1.102232	-1.4775295	1.2957231	0.38366053	1.8145348	1.008896	-0.20772174
-1.5947291	-1.9280822	-0.96331286	-1.5777274	-1.0464054	-0.78015363	-0.89286864	-0.41514972	-1.3174716	0.29355666
-1.3232709	-1.5843521	-0.9496734	-1.2679116	-1.8410811	-1.2478803	-1.4261754	-0.8694795	-0.59940916	-1.8892448
-1.5822829	-1.9899149	-1.0692668	-1.5233446	-2.2013254	-1.1430981	-1.3411502	-1.0990618	-1.6895792	-1.7177467
-2.185486	-2.1610572	-1.349602	-2.0121589	0.17297366	-2.728873	-2.4518678	-1.4626322	-1.7701228	0.5088489
-1.1556885	-1.4296145	-0.65418077	-1.1209766	-1.7726144	-1.7720704	-1.6115762	-0.8445223	-1.4059865	-1.6377916
-1.6203564	-1.9586966	-1.1269882	-1.5358773	-1.5706748	-1.6981456	-1.676528	-0.9345218	-1.5340121	-1.8542782
0.54138726	0.16230795	0.75757396	0.35954607	-0.8302171	-0.9896599	-1.2050701	-1.0642022	-1.0521446	-1.3437417
-0.6252145	-1.3272145	-0.092730135	-0.68823665	-2.1174953	-2.2571275	-0.40408581	-1.0519035	-1.395158	-1.3129549
-1.3705437	-1.568158	-0.82495964	-1.3637971	-0.9072188	-0.87507814	-0.54758614	-0.4372581	-1.4240776	-0.5602855
-1.8936747	-2.2262113	-1.3590351	-1.7921506	-2.071782	-2.6588383	-2.9970083	-1.5882396	-1.7794356	-1.8704301
-1.9588544	-2.1015718	-1.2697133	-1.9539101	-1.8435618	-1.9677316	-2.6023362	-1.3522615	-0.062303565	-0.7945906
0.7771651	0.30900857	1.7510978	0.6798208	2.3568804	-0.021987038	-0.47212988	1.9041823	-0.095450625	3.8206363
-0.83292675	-0.5893058	-0.32928059	-0.89055747	0.19029054	-1.6450058	-1.474855	-0.51791275	-1.7105135	-1.4018663
-1.185096	-1.5867699	-0.7040868	-1.1358072	-1.5924656	-0.7949483	-1.2858151	-0.5506112	-0.7266807	-1.2922348
-1.9945253	-2.088729	-1.3531823	-1.8284194	-2.0141537	-1.611562	-1.317933	-1.4896016	-1.7206448	-1.9189954
-1.7974831	-2.0248554	-1.1993344	-1.635074	-1.623797	-1.4798151	-1.9889982	-0.6122598	-1.3546855	-2.5156457
-0.56071556	-0.7965646	-0.06045866	-0.68306565	-1.3376797	-0.20351022	-0.060665388	-0.7568197	-1.3295693	0.0542823
-0.32933375	-0.9830576	-0.12427586	-0.57748216	1.2455126	0.51670784	0.012032918	0.16354729	0.8184403	1.169402
0.49681213	-0.07704483	0.91561127	0.3009506	-1.8185068	1.3833472	0.65823555	1.9914964	1.3393301	-1.6982602
-2.1111903	-2.0991118	-1.3076905	-1.9996856	-0.31463775	-1.8861253	-2.08437	-1.4319862	-2.1484246	-0.12593246
0.14903843	-0.47876006	0.5407172	0.031193778	-1.1241214	0.5177322	-0.57050896	0.8196396	0.6294645	-1.7633433
-1.2424208	-1.360142	-0.64459527	-1.20949	-1.5650808	-0.19793484	-0.26536056	-0.67679054	0.081007265	-3.1092262
-1.6060889	-1.7943301	-0.9838345	-1.5285922	-0.9434681	-1.364692	-1.3752675	-0.5838768	-1.2469573	-0.7085813
-0.08551709	0.2336246	0.36529464	-0.36230433	-2.005425	-0.80657303	-0.777871	-0.34652048	-1.2761302	-2.2746184
-0.93421257	-1.44868	-0.57615006	-0.9543097	-1.5451653	-0.25142756	-1.8945435	-0.23280078	-1.0154544	-1.385057
-0.12709539	-0.6049528	0.3084198	-0.22698997	-1.1942036	-0.0123777045	-0.94690365	0.8428142	-0.2154903	-2.0006647
-1.1324586	-1.4425324	-0.6060251	-1.1824967	-1.539201	-0.13599262	-0.13655703	0.7577042	-0.08756305	-0.8368939
-1.1531912	-1.3899683	-0.721995	-1.228334	0.10680291	-1.6325824	-1.8026552	-0.56781864	-1.9367727	0.16182134
-2.379111	-2.2364542	-1.517505	-2.2799377	-1.283853	-1.4652838	-1.4245913	-0.07456667	-1.2375735	-1.0725731
-1.472322	-1.4294701	-1.1052659	-1.445234	-1.0298948	-1.0913396	-1.4714062	-0.74747294	-1.3511461	-1.764888
-1.5263941	-1.8947934	-0.9589658	-1.4909132	-0.9893372	-0.7893127	-1.8493606	-0.7578316	-0.7928587	-0.9227208
-2.4219213	-2.219036	-1.5036865	-2.3423467	0.38313648	-2.3747423	-2.472224	-1.3210572	-2.324806	3.314132
-1.8309878	-1.4687213	-1.2834929	-1.7631807	-0.0005721152	-1.3967357	-1.0207919	-0.9492008	-1.281587	0.0693332
-1.8464806	-2.0410826	-1.2564291	-1.7738626	-1.9654833	-1.9590039	-1.6101102	-1.5593637	-1.8404423	-1.248749
-0.8792095	-0.70320535	-0.3898115	-1.0888805	-1.9436458	-1.734315	-1.6137549	-1.1285099	-1.9045144	-2.1815293
0.24877805	-0.06393382	0.5374245	0.076032534	-0.42753026	0.4042245	-0.90650827	0.7183627	0.23535293	0.00410035
-2.024794	-2.0924218	-1.3770168	-1.9606427	-0.94889927	-1.78593	-1.4315689	-0.9730952	-1.935442	-1.6108819
-1.4359611	-1.728521	-1.0922093	-1.4128242	-1.1721233	-2.3730288	-2.8385298	-1.6866926	-2.4083097	-2.002358
-0.6837492	-0.87841403	-0.2528827	-0.71248573	0.52661014	-0.30924594	-0.9978915	0.57923377	-0.31297514	0.74840295
-1.5697367	-1.6239178	-1.1299555	-1.5911287	-1.7077855	-1.3315446	-1.0636787	-1.719167	-0.75858086	-1.0962318
-1.4990447	-1.4609959	-0.9555272	-1.4653845	1.1612515	-1.5831379	-1.6041782	-0.7716433	-1.5645263	1.3304745
-1.9827695	-2.012536	-1.2535685	-1.9614075	-1.9203156	-2.1920633	-2.3298874	-1.2626278	-1.4793422	-1.2604799
1.2242374	-0.3556742	1.3245935	1.077817	-1.4740717	2.6763217	0.111470096	2.4669006	2.3551414	-0.5131694
-2.2158215	-1.7588251	-1.5274816	-2.1345367	-0.8137783	-2.3685744	-2.177981	-1.7075357	-1.7114893	-1.2019078
0.020317577	-0.7847003	0.47602063	-0.15373857	-2.3821986	-0.18996269	-0.844541	0.2591314	0.28097808	-2.3037522
-1.5992085	-1.3761302	-1.173072	-1.5506699	-1.1747999	-1.0301712	0.23972954	0.8781816	-1.2671715	-0.9149936
0.024534531	-0.1523537	0.46852177	-0.14371812	-0.49963555	-0.03299056	0.1496046	-0.5479347	-1.2015923	-0.3173014
0.86287665	0.4737619	1.4366593	0.62835115	-1.0281311	1.7064686	0.15355949	1.8732723	1.8262684	-0.9947754
-2.3178282	-2.353162	-1.5216551	-2.205592	-0.8937632	-2.3197284	-1.9849792	-0.54878926	-3.0678627	-0.1552697
-1.6829046	-1.9579202	-1.0341294	-1.6844528	-1.0786437	-1.3260885	-2.0664144	-0.81849486	-1.6378074	-1.7487601
-0.16190088	-0.7704747	0.28872976	-0.21043877	-0.64398587	0.025060562	-0.91832715	0.08474776	-0.7622924	-0.54479903
-1.5121689	-1.6553619	-1.0068762	-1.542026	-2.2034965	-1.1417243	-1.3493769	-0.20658721	-1.4722018	-2.1473854
-1.7103243	-1.9167035	-1.1665938	-1.62556	-0.73953235	-1.7859473	-2.5570009	-1.274819	-1.4887112	-0.10452657
-0.47754356	-0.88969946	-0.12766513	-0.50482273	-0.4453788	-1.2835069	-1.8337477	-1.6361506	-1.9897938	-1.2294159
0.29607227	1.577594	0.52380216	0.014040247	0.12834871	0.41370547	0.7375542	0.8132426	0.3026282	-0.9058486
-2.1938746	-2.130794	-1.3788764	-2.1271544	-1.1035652	-2.0179424	-1.9656739	-1.5725865	-2.2129037	-1.4717889
-0.58333755	-0.9057516	-0.23450321	-0.6020649	-0.06972507	0.053574484	-0.096786276	0.5331776	0.077476986	0.5879302
-2.109837	-2.1408536	-1.3527122	-2.0259907	-1.486188	-1.9495955	-2.0763237	-1.2736343	-2.5709908	-1.3002168
-0.94797397	-0.7703681	-0.60745955	-1.0275599	-0.6161735	-1.0958816	-0.9870502	-0.917223	-1.4160557	-1.2676579
-2.4337494	-2.5699468	-1.7011962	-2.3117032	-2.9309945	-2.28347	-2.084454	-1.5068167	-2.6463273	-2.3671803
-1.1920679	-1.2143804	-0.7591858	-1.180276	-1.4895343	-0.46314332	-1.2043809	-0.38222513	-0.45733646	-1.4743038
-1.982542	-1.9527055	-1.2529188	-1.8778605	0.26197234	-2.4942324	-1.0132275	-1.0421537	-1.9781901	1.4108555
0.10328368	-1.1062055	0.8068521	0.09696333	-2.1194239	0.9313742	0.19473065	1.2735531	0.31236064	-3.0806444
-1.4785501	-1.5068519	-1.0160497	-1.4109573	-1.2128164	-1.8483968	-1.8615028	-1.4769301	-3.0897653	-1.5567855
0.1462909	-0.80895627	0.66532683	0.02896139	-2.3463855	-0.0038984832	-1.0532123	-0.38933864	-0.5811192	-1.9187394
-2.0691912	-2.0230892	-1.210481	-2.0176413	-0.9814217	-1.2693349	-1.2311333	-1.1792952	-1.2717724	-0.57689375
-0.15682086	-0.97290885	-0.039470643	-0.06980349	-0.9369285	-1.170294	-1.2207623	-0.36088586	-0.5369637	0.22675635
-1.2200694	-1.41399	-0.7519299	-1.1948836	-0.38411275	-1.5440141	-0.7912039	-1.3194604	-1.298792	0.07149363
-0.91374207	-1.0030745	-0.5413525	-1.0280714	-0.6838584	-1.7442186	-1.8852954	-0.75901514	-1.7701228	-0.9300694
0.16932309	-0.553789	0.5424017	-0.022317827	-2.0662346	0.4045867	-0.91211116	1.0571458	0.64073235	-2.3537142
-0.19509134	0.0053684562	0.08450264	-0.28459996	0.43071988	0.44033918	0.56434727	0.8381573	0.35918865	-0.35423663
-1.1481148	-1.5113589	-0.68241394	-1.1699563	-2.4926984	-1.2107944	-2.1141617	-0.62304753	-1.1581277	-2.7132375
-0.8283446	-1.2987494	-0.3417413	-0.90894103	-1.8790973	-1.1489269	-1.7097782	-0.80493134	-1.3162426	-1.5366995
-2.108251	-1.9913541	-1.3352941	-1.9673364	-0.2039264	-2.2911928	-2.1030731	-0.92656386	-2.6125195	0.6039788
-2.0623894	-1.9618536	-1.2474935	-1.9984801	-1.3604562	-2.8203647	-2.4613073	-1.8975173	-2.4829001	-0.8079129
-1.0472248	-1.8545903	-0.51279056	-1.0893615	-2.11911	0.02288483	-1.4395206	0.40126333	0.5117106	-1.598575
-2.393019	-2.0761712	-1.6127656	-2.3109932	-1.0556448	-0.58385336	-1.0694317	0.1513404	-0.5105429	-0.5634704
-1.8571765	-1.4433501	-1.2995843	-1.752995	-0.16026631	-2.0957105	-1.6424472	-1.4215292	-2.1017556	-0.042266298
-1.8540157	-1.8967407	-1.1164718	-1.809293	0.9892887	-0.43933633	-1.0177978	0.026008343	-0.55698866	0.15206654
-2.5212667	-2.3158169	-1.5616628	-2.4043422	-0.9742782	-2.255523	-2.5269835	-0.7478414	-1.172932	-1.0346699
-1.2166784	-1.6354353	-0.76941204	-1.0936952	-0.14300773	-0.6664861	-1.1543783	-0.24926744	-1.3057384	1.0073631
-2.6942506	-2.6001906	-1.7046629	-2.6249266	-2.6068423	-2.5438037	-2.0197308	-1.474385	-2.464323	-2.1016912
0.089730136	0.04842797	0.535264	-0.040802732	-0.6357942	-0.58243954	-0.44573244	0.346347	-0.33828086	-0.7508967
1.5274762	0.4244505	1.3739063	1.3694128	-1.2388706	1.4459674	0.14684829	1.1902024	0.9322173	-1.6223142
-1.2955068	-1.5513414	-0.88099706	-1.2777119	-1.3818924	-1.5692075	-1.4450234	-0.7302707	-1.722834	-1.4858752
-0.50697345	-0.8518673	0.00870423	-0.66266567	-1.7108545	-0.66395247	-1.4293649	-0.22128913	-1.5815907	-1.6907974
-1.5075357	-1.7095257	-0.9918916	-1.4481311	-0.37053424	-1.0824374	-1.7512009	-0.3399541	-1.266288	-0.4278936
-1.8175404	-1.9011948	-1.1592946	-1.7786742	-1.568723	-1.9732113	-2.5209684	-0.9622191	-3.0974548	-1.9494541
-1.46597	-1.8258275	-0.90249014	-1.3955331	-1.2923708	-1.2161529	-1.598221	-1.2724943	-1.408218	-1.6569413
-2.2560403	-2.2308285	-1.431089	-2.2250636	-1.8153692	-1.7755331	-1.1245834	-0.998949	-1.6407135	-1.635452
-1.975561	-1.9109664	-1.24444	-1.9195815	-0.8728454	-1.9783497	-1.763652	-1.2333736	-2.010352	0.431362
-0.71331555	-0.93973637	-0.3018501	-0.7502924	-1.8246932	-1.0041459	-1.0588531	-0.5217166	-0.84773	-1.8389001
0.057578675	0.9063159	0.42021003	-0.050981224	0.2551556	0.72791326	1.4633507	1.1199366	0.9889753	-0.12082473
-1.4962448	-1.1490515	-0.88912106	-1.5026348	-0.45652553	-1.5019236	-1.8231153	-0.7823196	-1.9145995	0.39066714
-1.1391712	-1.6200925	-0.51992416	-1.1445988	-1.4537913	-0.7713926	-1.4825411	0.19744356	-0.77615744	-1.2227618
-0.37113544	0.060397387	-0.114421695	-0.41338924	1.59899	-0.4136462	1.254406	-0.868445	-0.26878142	2.5412507
-2.8960583	-2.737232	-1.8175118	-2.8799152	-2.2873056	-1.8944814	-1.8358215	-0.007917159	-3.03193	-1.3236679
-1.880804	-1.939465	-1.2002594	-1.7727253	-1.3795378	-2.1769044	-3.1960406	-1.7432903	-1.9590949	-2.2647014
-0.47628573	1.0520495	-0.016654879	-0.5401559	0.1422526	-0.22992799	1.3625396	0.2964157	-0.16731836	0.025911782
-1.9720426	-1.9759581	-1.3684641	-1.8628496	-0.47023037	-2.0495505	-2.4151285	-1.0901114	-1.9848422	0.39751914
0.92729783	1.1955397	1.1367668	0.7187611	-0.026899666	-0.37234136	1.2662888	-0.43558848	-0.82592523	0.19131447
-0.18255588	-0.028547585	0.1825324	-0.27267838	0.25491944	0.81948555	-0.19558002	0.3425869	-0.24094243	-1.14834
-0.9390543	-1.3865356	-0.53380656	-0.81901836	-0.9673737	-0.51452047	-1.3028625	-0.071738094	-0.8316731	-0.92245126
-1.6919786	-1.7142802	-1.0659363	-1.6028858	-0.14412263	-1.1920422	-1.4682046	-0.84942967	-1.3420228	0.640144
-1.0873225	-1.0518385	-0.6871408	-1.1858621	-1.2187986	-0.684204	-1.0121046	-0.1687399	-0.886367	-1.4403721
-0.991835	-0.26631913	-0.72525525	-1.0433722	1.0765954	-1.2442404	-0.6997407	-0.76152766	-1.687589	1.3615901
-1.1755013	-1.0304582	-0.77489495	-1.2202586	0.046429306	-1.0368292	-1.2958734	-0.3682623	-1.1540309	-0.14491348
-1.3995616	-1.5392067	-0.8485664	-1.3527205	-0.054719627	-1.2129215	-0.51940566	0.44488716	-0.8984185	0.8153361
0.43174765	0.34823105	1.0406095	0.35862637	0.70637465	-0.4510263	-0.8611163	-0.20382695	-0.5631188	-1.1898363
-1.1756375	-1.462218	-0.5918478	-1.2805732	-1.8770082	-1.4425176	-1.5133035	-1.57553	-1.041549	-1.9429775
0.08369427	-0.14186656	0.5388037	-0.08811579	-1.4902753	1.0745051	0.843838	1.2681835	0.8735978	-0.77209073
-2.2349312	-2.1947577	-1.501188	-2.1053107	-1.4426088	-2.0018675	-2.4018857	-1.9588337	-1.8530978	-1.7113547
-1.7969729	-1.8655319	-1.2236437	-1.7705028	-0.98777914	-2.106508	-1.9316634	-1.5497681	-1.8131201	-0.10841473
0.21254787	-0.46146068	0.6183506	0.055700496	-2.0732358	0.7129321	-0.17445886	1.3048486	0.37497044	-1.6628886
-2.4121397	-2.1647844	-1.5764987	-2.3059561	-0.57125676	-1.7664846	-2.296326	-1.6622053	-2.1340055	1.5468439
-2.6872096	-2.3944893	-1.6397971	-2.5789876	-1.4632871	-2.870563	-2.685277	-2.4174564	-0.7052926	-2.2544377
-2.1036994	-2.123921	-1.391716	-2.0741441	-1.8876066	-2.0814283	-2.9198377	-1.4787989	-1.9126384	-0.8175189
-1.3174458	-1.437705	-0.8721911	-1.228879	-0.43720692	-1.710578	-2.2719686	-1.2749333	-1.0378014	-0.4537028
-0.855664	-1.2614281	-0.35206136	-0.8862904	-0.7467611	-0.32328302	-0.8644337	-0.19635782	-0.71907264	-1.613662
-2.2064302	-2.5393763	-1.4587721	-2.2239525	-3.617844	-1.7384965	-1.5676254	-1.0953133	-2.0864522	-2.3646524
-2.4497824	-2.2400732	-1.5201218	-2.3071053	-1.1664964	-2.7747757	-3.1423202	-1.3119072	-3.959397	-1.3010225
-2.3949556	-2.3209198	-1.4438331	-2.2943141	-0.6647544	-2.4965756	-2.6089938	-1.5546607	-2.4703834	0.09491349
0.7613225	0.66462433	0.95406485	0.6418136	-0.0017261505	1.1552122	0.41729683	1.7627544	1.1141988	-0.40638897
-1.7223861	-1.8175656	-1.0856	-1.6642785	-0.5826804	-1.7499776	-1.5332154	-0.44772235	-1.1988232	-0.5251658
-1.904803	-1.550172	-1.307206	-1.8050277	-0.052452862	-2.6920276	-2.1856804	-0.87201655	-2.261242	-1.6514843
-1.609986	-1.5815525	-1.0508778	-1.536511	0.022974998	-1.3758688	-1.3575208	-0.93031394	-1.4275295	1.0408361
-1.4995682	-1.6486639	-0.8992773	-1.4519511	-0.9937016	-0.82417804	-1.4280939	-0.11453889	-1.319814	-0.7975857
-1.6907809	-1.8234055	-1.0549734	-1.6380258	-1.0748005	-1.5846776	-1.8353895	-1.1010573	-2.2738152	-1.0130999
-0.17103243	-0.07258676	-0.075315505	-0.2626593	-0.015374064	-0.646109	-0.25416124	-0.5112533	-1.3837981	0.44677335
-1.6732581	-1.8168081	-1.1634715	-1.5583603	-0.8458182	-2.1802073	-1.6293342	-1.7279614	-1.5747254	2.069154
-2.341373	-2.3189209	-1.5774773	-2.2189016	-2.4740324	-2.1349022	-1.2857376	-1.3799487	-2.343947	-0.6389507
-0.8590534	-1.1155055	-0.46031955	-0.88578355	-0.61294585	-0.8658189	-0.99999666	-0.42657754	-0.8470198	-0.4073632
-1.3131049	-1.5852789	-0.88970196	-1.2171476	-1.9304084	-1.569225	-0.86236864	-1.5345174	-0.98199666	-1.524511
-1.7836981	-1.9399943	-1.1980406	-1.765838	-2.4930148	-1.0663123	-1.8973949	-1.1274391	-0.81498444	-1.869051
-0.118811704	-0.95013034	0.19509077	-0.26135963	-1.4394423	-1.077005	-1.3852817	-0.87087274	-1.1438814	-1.3675113
0.7589892	1.1032208	0.97727406	0.5339515	-0.86203074	1.2049365	2.8832653	0.4081178	1.0112703	0.62435585
-1.8341868	-1.8180802	-1.2079017	-1.8019534	-1.7121974	-2.1925316	-2.0958652	-1.3626965	-3.2176256	-1.3532288
-1.6672018	-1.795341	-1.0840387	-1.6496818	-1.3521019	-0.74281406	-1.9157931	-0.46193537	-0.6530411	-1.1208035
1.1722889	0.6795466	1.6560787	0.93147635	-0.6414311	0.43528607	1.2948091	1.5618234	0.06964723	0.5007846
0.088254474	-0.6138853	0.5560771	-0.097425595	-1.8131666	0.28236002	-0.3740252	0.8452678	-0.31185147	-1.8105803
-1.9930657	-1.962537	-1.2541127	-1.8984362	0.10342863	-2.2489483	-2.0315847	-0.5502401	-1.022565	1.2140375
-1.4957266	-1.6184568	-0.91774464	-1.4323022	-0.5830434	-0.7317677	-0.93761563	-0.4541663	-0.39703417	-0.97262824
0.34312978	1.062203	1.0254227	0.12261705	-1.3178236	0.33410984	1.3631994	1.071445	0.4495678	-1.4614664
-0.18116835	0.30052796	0.012506008	-0.34279585	-0.7632482	-0.07630367	-0.6433052	0.06992833	-0.05537293	-1.2325946
-0.15774685	2.7891545	0.08237894	-0.25325435	2.4856012	-1.338409	2.9269416	-0.8422689	-1.5389899	2.5565696
-1.7062227	-1.8289859	-1.0676666	-1.6100624	-1.9967514	-1.7362697	-1.8788649	-0.9422689	-1.2858754	-1.6289685
-1.6312512	-1.6592749	-1.1849327	-1.5456989	-0.17085597	-1.7507349	-1.1442122	-1.0826722	-0.44153666	1.3544022
-0.22045183	-0.66386056	-0.14880139	-0.1804706	-1.6458799	-1.4634076	-1.4899054	-0.919477	-1.1951891	-0.9793848
-2.1307142	-2.2157896	-1.4059834	-2.0494244	-1.7410773	-2.0518756	-1.8555114	-2.5743613	-2.8664153	-2.1054544
-1.6528262	-1.5993841	-1.2405374	-1.5964516	-1.9996953	-2.0716515	-1.8899916	-1.6019317	-0.9627679	-0.25104442
-0.3526934	0.013424933	0.15097389	-0.5465535	-1.5946493	-1.0320523	-0.5251131	-0.55881953	-0.86163455	-2.086995
-1.2405539	-1.4475715	-0.80006826	-1.1967496	-1.3869919	-1.7188956	-1.924101	-0.8676904	-1.904119	-1.3112319
0.06180287	-0.64055514	0.46666774	-0.14504802	-2.4336557	0.24000752	-0.42204866	-0.44223702	-0.7960123	-2.6198404
3.3061564	3.095729	2.6829603	2.952053	-0.519196	1.7651017	1.2570925	2.1727302	1.0035146	-1.601116
-1.6165093	-1.7144586	-1.0745096	-1.5435431	-1.0765004	-2.437699	-2.28804	-1.5756693	-1.6297246	-0.6699495
-1.8328408	-2.0129013	-1.2289234	-1.7703726	-1.256783	-1.4034816	-1.5303767	-1.0762631	-1.552733	-0.95123374
0.63184184	0.33570686	0.95853806	0.5435293	-0.29730487	-0.13217211	-0.5661647	-0.23659359	0.36914283	-0.697801
-2.0984747	-2.1478786	-1.3305157	-2.011707	-0.41038737	-1.8208789	-2.232428	-1.7153065	-1.6611792	-0.3757457
-1.8519812	-1.9780024	-1.0738593	-1.9228292	-2.334158	-2.0625958	-2.3409264	-1.6247101	-1.1999322	-2.2919538
-0.9618177	-1.3261948	-0.51245224	-1.0709316	-2.1455688	-1.5924517	-0.5789257	-0.5536679	-1.1673983	-1.5908219
-0.6962996	-1.015629	-0.17351827	-0.7274765	-0.39490697	-0.26025522	-0.87691814	0.34811497	0.05121852	-1.6427616
-1.6260133	-1.6553187	-1.0959554	-1.5985154	-0.73117065	-1.5161738	-0.66544485	-0.45672032	-1.745448	-0.5178387
-0.17131099	-0.85047555	0.30977452	-0.30355293	-2.325329	-0.30101874	-0.7366184	0.69498587	-0.1474177	-2.9146812
-2.2995303	-2.2935956	-1.6043473	-2.1875997	-2.375758	-2.1040578	-1.3087785	-1.6022228	-2.0383084	-2.1651423
-0.06825457	-0.3856582	0.47377804	-0.11969729	-1.5054228	-1.338372	-1.359791	-0.74340564	-1.7170862	-2.361773
-1.7350787	-1.7294049	-1.1467987	-1.6680462	-0.6307932	-2.6589289	-1.9385424	-1.4546901	-1.5772939	-1.6394053
-1.917552	-1.9312117	-1.266162	-1.8672345	-1.3482076	-1.281878	-1.6997732	-1.102006	-1.1601522	-0.58514583
-2.1912339	-2.2044134	-1.4173347	-2.14132	-1.2737134	-2.0682778	-1.8526995	-0.74665034	-1.6319206	-0.871108
-1.4584191	-1.396124	-0.95521724	-1.354763	-0.45926395	0.02232342	-0.5589561	0.33221447	-0.08828594	-0.5216843
-0.071880184	-0.6535611	0.33545083	-0.25453597	-2.0367415	0.3525358	-0.68351173	0.9117604	-0.5985825	-2.5795496
0.10456813	-0.49425933	0.5521978	0.0025020987	0.042659312	0.64597636	0.24387708	1.2415276	0.3228337	0.29153064
1.290678	1.3209786	1.2649437	0.977394	-1.151397	-0.07213857	0.3625298	0.4849849	-0.19883437	-2.2880244
-1.4801897	-1.7130044	-0.9517946	-1.4993674	-1.1037045	-1.6190817	-1.4500557	-1.2713982	-1.3066556	-1.4235001
-1.5953038	-1.4761066	-1.0759119	-1.5680307	-1.0261984	-1.1725155	-0.8629667	-0.19616559	-0.8651977	-0.35285878
-2.220249	-2.095606	-1.5827434	-2.148819	-1.6315967	-1.5971931	-1.8049865	-1.5339274	-2.276552	-1.612652
-1.0102582	-1.1747069	-0.5059997	-1.0062165	-1.0668341	-0.8394118	-1.6922243	-0.44180608	-0.52134985	-0.8940785
-0.5711321	0.64447796	-0.15753251	-0.7701151	-0.54803395	-0.5306131	1.083072	-0.3529224	-0.8530978	-1.4958798
-1.7680215	-1.7167503	-1.1915451	-1.6839314	-0.7922162	-1.9976474	-1.8138206	-1.2500918	-1.5939015	-1.123912
-1.1802521	-1.3097696	-0.74163353	-1.1883183	0.06676769	-1.1532543	-1.0816544	-0.57155293	-1.0459754	0.5536351
-1.2900409	-1.754428	-0.7130619	-1.2625697	-0.33857247	-1.9600376	-1.8076247	-0.5581352	-1.5657994	-0.7992568
-2.3015594	-2.1296353	-1.459738	-2.2037666	-1.2078923	-1.5299685	-1.554851	-0.51001894	-1.7910867	-0.698816
0.833651	1.269865	0.6779017	0.5525104	-2.7789214	0.62271684	1.3533187	0.7106216	0.48750362	-1.912419
0.28984803	0.7880378	0.82012975	0.13184588	-0.28230613	1.8039742	2.232452	1.8591211	1.3874029	0.20969498
-0.6737498	-1.2877617	-0.16924351	-0.7264206	-0.7001439	-0.15319078	-0.33046684	0.4439866	0.08306532	-0.61029804
-2.1142275	-2.0266104	-1.3640552	-1.9154378	-0.89675426	-2.3653402	-1.8970535	-1.6760178	-2.0799568	-0.524167
-1.965954	-2.0028372	-1.2789509	-1.8282278	-0.7218851	-2.1116185	-1.9109038	-0.6786099	-1.8867885	-1.031745
0.9843605	1.2831997	1.409811	0.68199974	-1.3959416	1.8111192	0.5375873	2.280289	1.5544146	-3.0791552
-2.7197134	-2.4104357	-1.7349187	-2.6078794	-1.3112699	-2.836886	-2.5650566	-1.5990288	-2.6925037	-0.9642132
0.36208513	-0.48771212	0.6605243	0.14700513	-2.0075521	0.20473659	-0.10777278	0.9175998	0.19617239	-1.3586158
2.031035	1.752611	1.6376339	1.716863	0.4056811	-0.12704715	-0.018602729	-0.08890332	-1.0472093	-0.96807307
-1.3685299	-1.893631	-0.80405855	-1.2294295	-0.75572944	-1.5756058	-1.6845666	-1.6533407	-1.2834574	0.48607793
-1.5102198	-1.3395907	-0.9679003	-1.5416218	-1.285926	-1.126696	-1.4379158	-0.60441685	-0.91400784	-1.1432939
-2.523928	-2.30946	-1.5935903	-2.445686	-1.3240741	-2.5587425	-1.5397291	-1.5363091	-2.0689437	-0.80796605
-1.3844699	-1.520683	-0.7520082	-1.4834398	-1.2199035	-1.7441964	-1.2883652	-1.0392977	-2.4426918	0.79633856
0.06071826	-0.6359879	0.48363447	-0.11132662	-2.056533	0.17024536	-0.27968484	1.1209767	0.29147404	-1.9774219
1.0335133	0.25237533	1.3138019	0.5355555	-0.98513913	0.8102007	-0.39926785	-0.33757246	-0.11035764	-1.2288216
-0.049006574	-0.006272435	0.34481305	-0.19704147	-0.98868537	-0.3136985	-1.1827426	0.6621793	-0.6469974	-1.0177106
-2.150094	-2.0854099	-1.4393893	-2.0355406	-0.7990466	-2.1834042	-1.6845305	-1.1590738	-1.8128059	-1.1232951
-0.48191962	-1.0094572	0.16415277	-0.48645532	0.53421617	1.0281799	0.05040783	1.9781826	0.7404349	-0.7644494
-1.3257889	-1.7008321	-0.8027835	-1.2990144	-2.1597612	-0.92074215	-1.5216044	-0.29124287	-1.0596544	-1.5676416
-0.35997587	-0.08623299	-0.0808014	-0.4233287	0.49761745	-0.64414805	0.033682507	-0.7169676	-1.8870112	1.2549706
-1.3516583	-0.9634017	-1.0436946	-1.3689235	-1.4863201	-0.63509846	-0.021696385	-1.0042942	-2.548094	-2.2127776
-0.1554436	-1.1197274	0.36937332	-0.32095903	-2.5941572	-0.11794396	-1.2403419	0.82534724	-0.71969265	-2.0828054
-1.5439752	-1.6688862	-0.89848185	-1.5345734	-1.6716619	-1.912403	-1.345233	-0.0713045	-2.5070884	-2.1938925
-1.5312185	-1.5529364	-1.0804465	-1.4946039	-1.3411152	-1.0373784	-0.9565238	-0.951928	-1.8811553	-1.8325344
-0.9807499	-0.6497321	-0.6896316	-1.0673467	-1.961078	-0.795903	-0.5946367	-0.93078834	-0.7490149	-1.801176
-2.5338025	-2.4044766	-1.574467	-2.4276025	-0.6146284	-2.6965394	-2.7563627	-1.2225065	-1.3916112	0.040752545
-1.4080992	-1.6088933	-0.8301984	-1.3372346	-0.60210377	-1.1902267	-1.327903	-0.912363	-1.0946258	-1.3805377
-1.750805	-1.7386633	-1.207023	-1.7040905	-0.792028	-2.4347281	-2.3791325	-0.97403	-2.5536494	-1.618928
-0.84590364	-1.0795081	-0.54729223	-0.8610952	-1.2475085	-0.47208717	-0.7202824	0.013034482	-0.25568345	-1.9402281
-1.0847441	-0.98660934	-0.70867574	-1.1684561	-1.3401524	-2.025318	-1.7290064	-1.526473	-2.4996395	-2.109704
-0.86897206	-1.0396776	-0.42528197	-0.86063236	-0.41635904	-0.7544584	0.30697593	-0.33093837	-0.095450625	0.025569621
0.5202001	0.587288	0.75548744	0.28753793	0.030011445	0.4691661	-0.39809754	0.7731406	0.33803412	1.6073722
-2.3231087	-2.5055099	-1.5067365	-2.1606715	-2.9763646	-1.9326856	-1.638302	-2.486065	-2.0998535	-1.9287163
0.24481544	-0.111026496	0.62924516	0.030253083	-1.2998775	0.3837295	0.3648486	0.90480936	-0.12817167	-1.4854692
-0.021238599	-0.74601185	0.43013656	-0.21135509	-1.9491758	-0.43646726	-0.88338566	-0.38879278	-0.40527248	-2.4243724
-1.0027708	-2.0392396	-0.7450198	-0.93126446	-2.1175575	-1.6965946	-2.1182842	-1.4477712	-2.2843091	-1.7338034
-1.8295194	-1.3549234	-1.3382295	-1.794893	-0.8482485	-0.69056654	-2.4429588	0.053094357	-0.9824488	-1.9577107
-0.3278744	-1.0264606	0.21720527	-0.43979275	-2.2180302	-0.07927598	-1.0719897	0.2376489	-0.2650484	-2.012741
-2.1418307	-2.0322628	-1.4763108	-2.1117072	-1.4608816	-2.4308171	-2.1139073	-1.5605717	-1.8940566	-1.4472787
-0.0776842	-0.9920131	0.3316926	-0.21319212	-2.3331335	-0.2955223	-0.04113786	0.14921424	-0.21986574	-1.4847354
-0.20927992	-0.98297894	0.20205218	-0.36704272	-2.5367935	-0.28794646	-1.2629678	0.43374103	0.01833054	-3.2789383
0.079065435	-0.07986294	0.5664934	-0.120430976	-1.3666626	0.15040901	-0.6142912	0.5009845	-0.47438934	-1.7232362
-0.7446112	-1.2370955	-0.18586078	-0.79010177	-1.0133659	-1.1415288	-0.79898787	-0.34303918	-0.8742785	1.5796722
0.07094159	-0.49604657	0.23915622	-0.061510757	-0.70858335	0.5682427	-0.3525866	0.60091	0.44213232	-0.73305255
0.115322195	-0.30135834	0.65178597	-0.018835261	-1.3882712	0.2306278	0.4207292	0.9506083	-0.12674998	-0.56707007
-1.6924927	-1.7993717	-1.1280208	-1.6081202	-0.7629422	-1.7644063	-2.0616148	-1.7142245	-2.9056914	-0.44578397
0.3402955	0.16931617	0.8701689	0.15502588	-1.4909927	-0.32268488	-1.0619547	0.5695919	-0.4060062	-2.0847197
-2.1988664	-2.1465638	-1.4271837	-2.1073384	-1.4931364	-1.9433951	-1.6964511	-0.84632325	-2.1207638	-0.78724104
-0.38960776	-0.9038451	-0.039829105	-0.5463747	-1.7650127	0.22203235	-1.1220891	0.19981046	0.21358559	-1.9312544
-0.5184459	-0.15115039	-0.24419704	-0.6375236	1.0009693	-1.3905863	-0.23518227	-1.1488037	-1.0425541	0.18324122
-1.8455642	-1.698871	-1.2463819	-1.8257463	-0.94209826	-0.7203231	-0.9945753	-1.140276	-1.4300491	-1.0264248
0.47986743	0.036016256	0.86508465	0.389071	1.3811616	-0.15888162	0.14418542	0.11366666	-1.5447621	0.5780727
-1.3364494	-0.96113443	-0.7363491	-1.307714	-1.1840333	-1.5976806	-1.3249173	-1.4429817	-1.2141427	-0.08593
1.0023172	0.91711974	1.0984836	0.7678398	-1.2509246	0.39838716	0.86808294	0.72343844	0.31953326	-1.6301017
-0.2964981	-0.846866	0.17771055	-0.4781136	-1.9385687	0.03163711	-0.5538918	0.99534935	-0.076842025	-2.537281
-0.5381748	0.02497375	-0.41514966	-0.59369034	1.5577399	-2.0812247	-1.8233758	-1.6656897	0.4522696	-0.6751591
-1.3209913	-1.3877771	-0.8681197	-1.3214009	-0.48956308	-2.0236862	-1.7527648	-1.1046692	-0.99233	-1.3882718
0.3709834	1.3040695	0.5555105	0.061184004	-0.8065319	-0.32191393	0.02068928	0.20120686	-0.5663542	-0.30598566
-1.2403864	-1.3811742	-0.639156	-1.246542	-0.4182603	-1.1445217	-1.474231	-0.6060802	-0.68825924	-0.8973644
-2.0298555	-1.9462017	-1.2215221	-1.9568353	0.35192117	-1.2966242	-1.7381297	-1.1831496	-2.0449736	-0.0881506
-2.398173	0.40217397	-2.0502264	-2.3471508	1.5424347	-2.5804832	-0.83673435	-1.828294	-3.2285573	2.6210017
-1.1151526	-0.51449454	-0.7693652	-1.2325127	-1.0357908	0.73790866	0.8712481	0.9328288	0.6755731	-1.0658026
-1.9384595	-1.9761807	-1.2273974	-1.8709112	0.759678	-1.6653894	-2.5036638	-1.4594682	-2.0216615	-0.39663
-1.9713049	-1.9511085	-1.4055077	-1.9587132	-1.95746	-1.6639752	-1.3888227	-0.53016424	-1.5082548	-0.6083734
-1.114616	-1.6083784	-0.6174954	-1.1132958	-1.764967	-1.3139206	-1.9500796	-1.1438667	-1.8309594	-0.27773625
1.3331362	1.4041282	1.570405	1.1848757	0.3796793	-0.27664796	-0.09222727	0.5213427	0.2046408	-1.2300727
-0.77404696	-0.6136458	-0.37985417	-0.77384216	0.8687849	-1.4685133	-1.703813	-1.4553404	-1.2189196	0.48171458
-1.9191515	-2.0313458	-1.2672409	-1.8580347	-1.0144446	-2.3193605	-2.3631747	-1.7138342	-1.7894017	-1.2202046
0.76851517	1.5277307	0.86011016	0.34868413	0.62955034	-1.4666804	-0.651793	-0.5076463	-2.2738152	-2.5129232
-2.134381	-2.0653043	-1.3907167	-2.0286229	-0.47582307	-1.8669742	-1.8784413	-1.1138482	-1.5576497	0.43449163
-1.0168335	-1.3155577	-0.35370108	-0.9535079	-0.22458437	-1.5275546	-1.9169762	-0.8333909	-1.0302242	-0.7007078
-1.956292	-2.0468886	-1.2142762	-1.8741411	-1.4644436	-1.5312188	-1.4082942	-0.7724748	-1.6559583	-1.5806217
-0.5848003	-0.17246206	-0.3325055	-0.6388489	-0.12092279	-1.726252	-1.4735653	-0.9156407	-1.7310051	-0.64062166
-0.9437434	-1.2899715	-0.591485	-0.8946816	0.31338945	0.28657693	-0.7749154	0.5234798	0.22651565	0.5392269
-2.1719062	-2.1178596	-1.4365474	-2.0810952	-1.3603406	-2.1782613	-2.148264	-1.9987357	-2.9360662	-1.2050849
-1.4342408	-1.1717907	-1.0196035	-1.3920553	-1.1636806	-1.6497769	-0.42821586	-1.078534	-2.1895154	-1.4813181
-0.1642133	-0.91397107	0.26447117	-0.3468064	-2.5983639	-0.6196135	-1.0340346	0.3686538	-0.66959196	-1.9067874
-1.7505656	-1.6246086	-1.1634588	-1.7105039	-0.7123819	-2.0058239	-1.5829669	-1.0762492	-1.8850715	-0.72752523
0.32189533	-0.11993216	0.75481355	0.19469224	-1.645848	0.33547705	0.014160278	0.05532792	0.5079085	-0.8036557
1.4175966	1.0356572	1.0434506	1.3152664	-0.6318674	0.84561044	1.4968207	-0.09928797	1.0649194	-1.0172496
-1.9192151	-2.0885983	-1.2791716	-1.8301004	-2.1677706	-1.9839782	-1.0891001	-1.0869788	-1.6604383	-0.039610095
0.7162475	1.7719183	1.0213436	0.48478812	-1.0843781	1.5498688	1.5826293	1.3497638	1.370871	-1.112992
-1.6468406	-1.7709788	-1.037049	-1.4538553	-0.65926564	-1.4342325	-0.97886336	-1.2135205	-1.4214996	0.2596557
-0.544919	-0.8230524	-0.028135031	-0.636641	-0.90512586	-0.52485293	-0.86128503	-0.5876594	-0.67058766	-1.0145754
0.5307266	0.30483112	0.7779256	0.25249916	-1.4943963	0.30486086	-0.4592698	0.6404332	-0.13091443	-2.2399864
-0.8802087	-0.90896523	-0.4455621	-0.93231094	-1.8074398	-1.2899613	-0.81663734	-0.41879117	-0.25228086	-1.8083518
-1.8050376	-1.8035209	-1.2035891	-1.7400403	-1.4361404	-2.287468	-1.4815328	-0.7673448	-1.8413771	-1.4309047
-1.5422616	-1.4376915	-1.0707501	-1.5908802	-0.13896756	-1.4317245	-1.5243386	-1.1885316	-1.5823908	-1.2345524
-0.20303282	-0.45670146	0.25783017	-0.25006416	-0.7503239	-0.54690355	0.15484065	1.4207652	-0.3486034	-0.015250049
-1.7059087	-1.904237	-1.1163787	-1.6769357	-1.779146	-1.3725024	-2.100613	-0.78380865	-1.2947253	-1.4479886
-2.3176274	-2.2538373	-1.4733238	-2.2670705	-1.6912831	-2.1597378	-1.3377107	-1.1220753	-2.288731	-1.8087409
-1.813378	-1.8681866	-1.2321292	-1.7023475	-1.3969704	-1.8498604	-2.2659185	-1.6129853	-2.151464	-0.79441947
-0.6716333	-0.44550157	-0.45680043	-0.7559272	-0.7782608	-1.6313013	-1.0875281	-0.40225098	-1.0384845	-0.91228837
-1.0524315	-1.5119363	-0.5282403	-1.1214998	-1.8662544	-0.70185685	-1.3639871	-0.557579	-1.246751	-1.414291
0.09948226	0.0067079365	-0.015030265	0.0062561035	-0.6178201	-0.2964128	-0.402017	0.015364265	-0.21090786	-1.0090092
0.3651309	-0.07380319	1.0519425	0.24565102	-1.8009598	0.25108173	-0.48535275	1.1982678	0.36852753	-2.3464007
-2.1381533	-2.111938	-1.4070195	-2.0551631	-1.3569173	-2.1869538	-1.4681137	-1.3734925	-2.6410847	-1.6984638
-2.3434305	-2.447911	-1.5333108	-2.3493788	-1.9919566	-2.5563633	-3.0066378	-1.3446087	-2.6150026	-2.554447
-1.2691028	-1.5397	-0.7612941	-1.180826	0.19922373	-1.8715783	-1.9615244	-0.97676945	-1.948564	0.19745788
0.7864315	1.1156857	0.83846784	0.6800817	-0.18311615	1.4989126	1.8114419	1.1944538	1.0323023	-0.5740204
0.56050175	1.1756815	0.9069207	0.32196575	-0.63727784	0.7900017	1.7728906	0.6032483	0.2443168	-0.20558843
-0.7411093	-0.9424597	-0.39667818	-0.8609024	-0.97291744	-1.7381603	-1.2382247	-1.2867541	-2.1871812	-0.38567704
-1.9992687	-1.9239225	-1.3529271	-1.9422927	-1.2833747	-1.7771316	-1.7856816	-1.604349	-2.2034595	-2.2299492
-2.4885733	-2.4847274	-1.6981666	-2.4525442	-0.71873975	-2.2858524	-1.7495577	-0.95876414	-2.849151	-0.93045694
-0.19211835	0.81011283	0.514994	-0.2942599	1.095392	-0.27822876	0.2845792	0.9289646	-0.27653012	2.4258482
-1.6470009	-1.5802894	-1.1588291	-1.6193836	-0.9209459	-1.5267192	-1.335562	-1.1419641	-1.9839754	-0.2989182
0.7162128	0.6657145	1.2624282	0.44572246	-1.512111	1.269162	0.5369257	1.6989547	1.4350933	-1.3785659
2.040076	1.4421434	1.8479773	1.7797722	-0.03826657	2.3787541	2.8887825	1.3389453	2.097104	-0.45374584
-2.0503333	-2.0001457	-1.400662	-1.9583812	-1.7026271	-2.2288241	-1.328968	-1.868213	-1.983307	-0.56768537
-1.5309201	-1.7793664	-0.9498817	-1.485367	-1.2732028	-1.4303297	-1.7177497	-0.92524207	-1.7236785	-0.7153234
0.023521923	-0.06657693	0.16801462	-0.12476827	-1.1579288	0.013993314	-0.36784154	0.19742374	-1.0172415	-1.3156627
-1.3408891	-1.7546573	-0.86048436	-1.3616781	-2.2450838	-1.7123297	-2.0041633	-0.8093432	-1.1842921	-2.3616219
-1.595181	-1.8304114	-0.9737065	-1.6148063	-0.90746975	-1.1969332	-1.3711015	-1.0586821	-1.9854058	0.44131538
-1.3407375	-1.6034136	-0.6897838	-1.3434445	0.1268475	-1.1366695	-0.124583334	-0.12659149	-0.6997335	2.0270607
-0.45292756	-1.070305	-0.12298301	-0.49730647	-1.4381565	0.5972746	-0.43601495	0.6057605	0.25328082	-1.3590173
-0.8661186	0.9307306	-0.54458034	-0.9784509	1.8797392	0.39849436	1.1387466	0.58964235	0.36272034	3.197206
-2.7131758	-2.4085171	-1.6868066	-2.6006835	-1.3660524	-2.1285236	-1.8252052	-1.5904443	-1.9510388	-1.8593587
-1.8937479	-2.0572398	-1.2289528	-1.851346	-1.5618372	-1.2291702	-2.2507777	-0.63926715	-1.6490555	-2.0455039
1.4685682	1.3829585	1.8813213	1.2071013	-0.11103761	0.86734754	0.87803143	1.42148	0.8661651	-0.32076868
-0.9527831	-1.3239622	-0.42776063	-1.0796368	-2.3286679	-1.2524791	-1.1862803	-0.18085453	-1.2204231	-2.4494686
-1.5257999	-1.8386574	-0.98685396	-1.5137012	-2.2834	-1.0017916	-1.843294	-0.7120183	-0.48276776	-2.0907876
-1.8199375	-1.9985085	-1.1767966	-1.69764	-1.1714232	-1.3532594	-1.5498072	-0.78024	-1.1299908	-2.275913
-1.9159511	-1.8878133	-1.2025598	-1.8245096	-1.2190081	-2.0279312	-1.2255194	-0.4742709	-1.2213782	0.21824689
-1.041695	-1.2035078	-0.67475617	-1.0703015	-0.17489183	-1.3477975	-1.5892272	-0.96481407	-1.641298	-0.6203018
-1.9754183	-1.8843842	-1.2657847	-1.9373406	-0.06563023	-0.14476304	0.4383788	-0.56410915	-0.5141664	1.5818876
-0.1811193	-0.24273703	0.4160299	-0.2661525	-0.60988355	0.10477183	-0.030933749	0.6144491	-0.09519459	-0.61011523
-2.3255336	-2.176172	-1.5641607	-2.28818	-2.1269042	-2.6972282	-2.6235085	-1.7000587	-1.8856741	-2.8588278
-2.1480994	-2.2156231	-1.351179	-2.0367775	-0.97931695	-1.7247827	-2.0244308	-0.83560306	-1.5002005	-0.70638883
-0.21401688	0.553612	-0.04305157	-0.3705331	0.920015	-1.3351884	-1.2902752	-0.9157795	-1.2075433	-1.0589913
-0.2834993	-0.8500484	0.3397171	-0.44095933	-2.1094909	-0.04570525	-0.9124686	0.47774044	-0.6216054	-2.1894417
0.117069356	0.34752026	0.4553597	-0.06610515	-0.44599965	0.8393697	0.965985	0.89770514	0.4836268	-0.060970705
1.1035998	1.473619	1.4578167	1.0314279	0.48511568	0.41064504	0.98160523	1.0942063	0.54394984	0.08149646
-2.5291033	-2.357559	-1.6741184	-2.4490466	-1.78571	-2.3263683	-2.09602	-1.0336155	-2.4313767	-1.7053995
-1.7253178	-2.049226	-0.9929528	-1.7550735	0.02325055	-1.2412555	-1.6010492	-0.9959108	-1.1762793	0.5627318
-2.3499906	-2.1910481	-1.5088241	-2.243903	-1.0744404	-1.8456503	-1.7242805	-0.5261571	-1.5961963	-1.104369
1.5751233	0.8090414	1.7183902	1.1883917	-0.9782624	0.7394584	-0.50026906	1.0123585	0.39853907	-1.49295
-0.23639354	-0.84092045	0.16923109	-0.4162559	-2.3614893	-0.60098827	-1.3733915	-0.70048565	-1.0418218	-2.7705228
0.07332819	-0.5562276	0.66763425	-0.07564132	-2.2489972	-0.27336076	-0.609296	0.28773987	-0.07921697	-2.2576056
2.2149167	1.781585	2.7600899	1.9936533	-0.19825909	2.2759306	1.8555307	2.9161563	2.4682627	-0.7873666
-1.511278	-1.4429939	-0.92009485	-1.485376	-0.46916607	-1.600984	-1.9075514	-0.14839064	-2.0566509	0.21491176
-2.2736843	-2.1770434	-1.4059703	-2.1942766	-1.4512168	-1.7983704	-1.6272969	-0.60984707	-1.5190445	-1.5897024
-0.38726866	-0.39165667	-0.040649652	-0.39154184	0.63662183	-0.6435811	-0.22498134	0.09049728	-0.84987444	0.59267676
-0.52991676	-0.38984817	-0.33061054	-0.64888465	-0.9398681	-0.9691994	-0.6079949	0.19321035	-0.32903343	-0.02179907
-2.2676315	-1.8274955	-1.4990219	-2.0958347	-0.1699991	-2.2418342	-1.5390562	-1.7711163	-2.3171175	-1.1259881
-1.7502241	-1.7552845	-1.2512248	-1.7212669	-1.4730867	-3.23492	-2.3890138	-0.93710196	-2.1996899	-1.7071747
-1.2432674	-1.5684724	-0.8126409	-1.1784621	-1.4521297	-0.9596698	-1.84504	-0.058215763	-0.95683134	-2.6163301
-1.7297949	-1.9251097	-1.1504948	-1.6800236	-1.2498072	-1.762029	-1.2125398	-1.2420884	-1.4171336	-1.5866075
-2.2132435	-2.213631	-1.4825475	-2.0855217	-1.3989011	-2.3505723	-1.7067143	-1.1431962	-2.8088915	-2.0433655
0.41638452	0.11234692	0.8034959	0.20480542	-1.9737799	0.30262437	-1.0707759	1.0480337	0.33794573	-3.2070756
-1.5716062	-1.6895939	-1.1344662	-1.5210291	-0.8357207	-1.85444	-2.099465	-1.3817884	-2.0818248	-0.8751229
-1.7074676	-1.7682588	-1.1702918	-1.650658	-1.251228	-1.4405985	-0.86694044	0.15882662	-1.392924	-0.65654844
0.6192942	1.5253837	0.6120424	0.4451511	0.08725616	2.7042325	2.9821503	1.4718131	2.2930887	-2.0397763
-1.7706193	-1.9553714	-0.9685459	-1.6749214	1.2758447	-1.7234603	-1.6109056	-0.68946815	-1.9165922	-1.7726244
-1.4959142	-1.8401465	-1.011847	-1.412531	-0.4408261	-0.8674794	-1.6413323	-0.2767849	-0.7424907	-0.28328538
0.16966555	-0.59046924	0.49812752	-0.088641405	-2.5866756	2.1662557	0.68674874	1.9954883	2.0467362	-2.4241092
-2.231618	-2.2123494	-1.4976816	-2.190172	-1.8105017	-2.1533978	-1.4356719	-2.0987623	-2.3103943	-1.9495143
-1.9169145	-1.9413624	-1.2443503	-1.842007	-0.53105336	-2.069098	-1.2699449	-1.8983574	-2.0932958	0.8071101
-0.98992324	-1.5018253	-0.5111543	-1.0985845	-2.820184	-1.4608237	-1.9831287	-0.95429826	-1.3803134	-2.6636093
-1.3185301	-1.509125	-0.83465755	-1.3248768	-1.4674773	-0.8788222	-1.6213282	-1.1125519	-0.818506	-1.4489529
-2.1395047	-2.355921	-1.386928	-2.0913312	-2.2133546	-1.8092077	-1.7466161	-1.081023	-1.8092854	-2.471999
-2.1960738	-1.960134	-1.5026715	-2.0959942	-1.2535924	-2.7060757	-2.6033728	-1.7806022	-3.8049731	-2.2569015
0.47205994	0.6459305	0.47500914	0.25142837	-1.1212367	-0.092520684	0.32436758	0.45839363	0.45207506	-2.1051753
-1.3453821	-1.2609744	-0.838575	-1.4391716	-2.037179	-1.6571223	-1.5505302	-0.77094364	-1.5568049	-1.9484613
-2.1359098	-2.0793567	-1.3278577	-2.0755408	-1.237382	-2.6643806	-2.6119823	-1.6977813	-2.894319	-1.2621429
-2.5305765	-2.2348306	-1.5966874	-2.41593	-0.37385508	-2.0679445	-2.0594954	-0.93279177	-1.9779587	-0.29889533
-0.8143426	-1.1584563	-0.46901068	-0.8688762	-1.4456651	-1.1403261	-1.7597903	-1.5423026	-0.8923348	-1.5989593
0.5460238	-0.3583435	0.9633212	0.35014987	-1.5982636	-0.118209735	-0.6987431	0.10147298	-0.48903072	-2.34882
-1.8042586	-1.950443	-1.1807586	-1.7561392	-1.1760044	-1.5448965	-2.876851	-0.71747583	-1.2722887	-1.008027
-1.5829761	-0.9955205	-1.0933895	-1.6204963	-0.061440438	-2.010996	-1.1112636	-1.1540747	-1.7701228	0.30328593
-0.01567484	-0.059156716	0.41872644	-0.2292823	-1.6314983	0.40665182	0.46744666	0.66642255	-1.1287345	-1.3865896
-2.1955156	-2.107587	-1.4246547	-2.1651614	-1.667256	-2.4165583	-1.862677	-1.6312137	-0.9627679	-1.4079828
-0.44728845	-1.0988019	0.03439486	-0.5860683	-2.5256681	-0.3382975	-1.2460291	0.026881415	-0.74472016	-2.1266592
-0.2099432	-0.69799924	0.20924689	-0.35000104	-1.9043256	-0.10380474	-0.8080994	0.8196082	-0.20825277	-1.7219108
-1.9601442	-2.0199766	-1.2448633	-1.9449497	-1.2525834	-1.5102147	-1.675534	-1.4577948	-1.5479875	-0.7217996
-1.5240692	-1.72382	-0.9347664	-1.5118756	-0.63977504	-1.1209714	-1.5307955	-0.87306786	-2.4608738	-0.15643726
0.043301314	-1.5285803	0.69385993	-0.048089147	-2.453331	-0.15985374	-1.4595325	0.09810833	-0.17093378	-2.2899275
-1.9623599	-1.0943769	-1.4263377	-1.9373015	-1.1788385	-3.018797	-2.3739686	-1.7998803	-2.2377877	-1.3674345
-0.29743823	-0.30353063	0.02955401	-0.47451627	-0.38135073	1.1852996	2.1490772	1.2348182	0.97049886	2.7066786
-1.2004367	-0.12934092	-1.0242957	-1.2031765	0.6155212	-1.4544555	-1.175371	-0.9753567	-1.2210379	-0.3189227
-1.8155204	-1.8644421	-1.1790696	-1.7746924	-1.0242895	-1.7811114	-2.0962453	-0.35590592	-0.58030367	-1.2572246
-2.0650866	-2.110153	-1.3846925	-1.970889	-1.867407	-1.1741337	-1.4026952	-1.2318388	-1.5417938	-1.522678
-1.5560596	-1.6353476	-1.0159619	-1.5710716	-2.3918505	-2.29691	-1.3284377	-1.0445893	-2.4227993	-2.4335182
-1.0360554	-1.2807335	-0.5591674	-1.1152635	-1.8465567	-0.497419	-0.88939667	-0.6252555	0.45820615	-1.1641134
-0.74082243	-0.7167473	-0.3607132	-0.8245773	-1.3075441	-1.5248294	-1.956613	-0.7052822	-1.1815655	-1.3627867
-1.7417017	-1.9915302	-1.1544799	-1.6320893	-1.4369875	-2.3081481	-2.260065	-1.2393391	-2.2600038	-0.48218325
-1.2373847	-1.4795772	-0.71097267	-1.2394944	-1.871687	-0.19559158	-1.1916637	0.042046327	-0.6467994	-1.0473472
-1.5253513	-1.7041482	-0.914618	-1.4668257	-0.57546216	-1.8269212	-2.115037	-0.94117546	-1.7937756	-0.41267762
-1.5407487	-1.8793741	-0.999058	-1.6264311	-1.996802	-0.8228838	-1.4039472	-0.61517835	-1.078686	-2.1334949
-1.2913258	-1.6879882	-0.7819568	-1.2510691	-1.8471619	-0.94423836	-1.4072105	-0.6212079	-1.1851149	-1.3324174
-1.8547413	-2.0323653	-1.2029476	-1.775184	-0.9794142	-2.213343	-1.4291898	-1.0725784	-1.6690575	-1.4103831
-0.56817067	-0.38720107	-0.3181897	-0.55337703	-0.26186717	-1.56354	-1.66765	-0.6684551	-1.2669071	-1.4772422
-2.1436276	-1.9825863	-1.4832755	-2.047437	-1.5529804	-1.7045783	-2.17906	-1.8765361	-2.0171914	-1.7058176
-2.1310475	-2.1428518	-1.3927968	-1.9839339	-0.6109127	-1.9657719	-2.3934605	-1.3455704	-2.0790641	-0.42705414
-1.5085452	-1.6311147	-0.9160465	-1.4821143	-0.041271895	-1.0882063	-1.517222	-0.95450157	-0.96567947	-0.25074527
1.2091755	-0.21242842	1.443715	0.9892894	-1.5403329	1.8798578	-0.27198932	1.5071285	1.4834388	-1.5711267
0.6829347	0.6456214	0.98730004	0.42207062	0.14070469	1.6026988	1.3358575	2.1726983	1.2987602	0.13244857
-1.3011305	-1.3143758	-0.9271804	-1.3131421	-1.3534498	-0.51561373	-1.3764787	0.18590738	-1.532971	-1.3885823
-2.098209	-2.086616	-1.3864678	-1.9796112	-0.8663964	-2.2238016	-2.2200603	-1.9085709	-1.9457924	-1.093723
0.7449687	-0.06047815	1.1905288	0.51761335	-1.8556101	0.56884444	-0.37758774	0.9724099	0.25246745	-1.4946265
-0.77853537	-1.0969219	-0.29474404	-0.860378	-1.2167984	-0.04317647	-0.80407524	0.3391854	-0.17481329	-1.3595247
-0.76907784	-1.0935346	-0.36200824	-0.8188737	-0.8352146	-0.34230784	-0.21442749	-0.5215745	-0.62076366	-0.54551655
-1.4857326	-1.749962	-1.0593109	-1.3823224	-1.9356918	-1.556943	-1.549912	-0.8689086	-1.8037398	-3.5774925
-0.3588929	-0.92143846	-0.0012209564	-0.3753338	-0.14925352	0.3474613	-0.598411	0.91990006	0.3689024	-0.5267047
-2.590677	-2.3354993	-1.5914391	-2.4357586	-1.4106598	-2.362006	-1.0878867	-1.4640361	-1.6541896	-0.7694851
0.72862023	0.14624175	1.2022043	0.50343734	-1.7792246	0.71622056	0.34597063	1.4692886	0.18727183	-2.272644
-0.9651105	-1.8190987	-0.48482814	-0.9495586	-2.4046912	-1.522234	-1.3022213	-0.6399415	-2.197145	-2.3382363
-1.4117858	-0.74333227	-0.764729	-1.4968249	-1.1630492	-1.5017841	-1.0930736	-0.60147685	-2.2124004	-1.4578075
-2.0891464	-2.0874336	-1.3498746	-1.9475782	-0.4501249	-2.2800882	-2.6535962	-0.8948136	-1.6762793	-1.5259904
-1.6805756	-1.8268257	-1.0726211	-1.5572844	-0.66143835	-2.0348876	-0.8994878	-1.9379646	-0.8048282	0.14597121
-1.3147018	-1.6629237	-0.8985621	-1.19435	-0.82897186	-1.7024816	-2.0714943	-0.5621519	-1.5891266	-0.40553674
-0.049054522	-0.45999873	0.22938995	-0.085351706	-0.68900084	0.18949823	-0.28510606	-0.21560134	0.12451837	-1.0230649
1.1018269	2.390267	1.0741765	0.8278198	0.44602796	0.86836165	3.3713565	0.83688253	0.4047184	0.44376945
-2.2524872	-2.2036223	-1.512068	-2.1912174	-1.2448782	-2.1400044	-1.4251812	-1.0696088	-2.2057261	0.25561765
-1.1602247	-1.293081	-0.77759326	-1.0613362	-0.40699187	-1.3740808	-1.5449392	-0.47806403	-1.5235444	-0.937259
-1.5183667	-1.6937425	-1.0179776	-1.4563003	-0.009373754	-1.6146468	-2.6520705	-1.3432684	-2.268286	-1.0711429
-1.5694455	-1.5894849	-1.080582	-1.5265449	-1.6715039	-0.6469301	-0.32018042	0.25031218	-1.145013	-0.919444
0.2722113	0.043781668	0.56607056	0.05963503	-1.0498036	-0.28466532	-0.6067009	0.23927271	-0.31327614	-0.21589743
-1.121391	-1.5781889	-0.6973803	-1.1050744	-1.0881395	-0.91799057	-1.1846284	-0.4552628	-0.9539206	-0.8193917
-1.3332812	-1.6771528	-0.87590873	-1.2732787	0.14062932	-0.28615406	-1.5593965	-0.089865364	-0.15436137	-0.5014779
-2.4984443	-2.1489556	-1.5863835	-2.4715748	-0.6662537	-2.5490205	-2.2216268	-0.86600536	-2.026075	-0.5076692
-1.5458708	-1.5835117	-0.8365537	-1.5160136	0.046111286	-1.4708599	-2.0493307	-0.9834059	-1.3194163	-0.13935302
-0.5360006	-0.6136358	-0.09652695	-0.6029213	-0.99077594	-0.7086464	-0.8333833	0.27885905	-0.34989524	-2.903423
-1.2832761	-1.6377791	-0.77883637	-1.1936446	-1.0820242	-0.58364946	-1.3839625	-0.817378	-1.0913168	-1.3223684
-0.8299622	-1.0177487	-0.3875766	-0.86806214	-0.03612736	0.06508246	0.6892842	0.0036248176	-0.286634	-0.96911806
-1.6029366	-1.7190588	-1.1092149	-1.4828979	-0.644859	-1.9574517	-1.6081342	-1.2516034	-1.284696	-0.22207263
-1.7091306	-1.7744806	-1.160023	-1.634746	-0.33691695	-1.6326773	-1.5722214	-1.0111303	-1.5050156	-1.0921203
0.22131538	-0.51989007	0.59171736	0.024618626	-1.774088	1.3399	1.0232804	1.7814882	1.0849022	-0.6600319
-2.2656205	-2.3167887	-1.527413	-2.1299472	-2.1790957	-1.6896585	-1.9993978	-1.0157714	-1.6979312	-1.8441863
-1.7596158	-1.7496378	-1.2555097	-1.6711674	-0.97071934	-1.7601969	-1.8877842	-1.4017408	-1.4281769	-2.1885488
-1.438328	-1.9849231	-1.110069	-1.3934578	-2.046134	0.07506685	0.1662005	-0.18751688	0.5549377	-1.8707353
-1.5377299	-1.645171	-1.0120746	-1.4362061	0.1124011	-1.834649	-1.8590648	-1.0215997	-1.7827018	-0.56846976
-0.11903999	-0.95152056	0.17935947	-0.13865323	-1.1467054	-1.0062418	-1.1322073	-0.56726784	-0.9822837	-1.728936
0.25945142	-0.5903089	0.6151384	0.0521141	-2.4740376	-0.11748233	-1.2807362	1.0100605	-0.19502264	-2.0125065
-2.094602	-1.6372198	-1.3921081	-2.0498915	0.5676476	-2.3476684	-1.4524059	-1.3945304	-2.8306644	0.4678663
-1.0418936	-0.9683927	-0.74139035	-1.0712194	0.10394961	-1.6936338	-1.5561982	-1.0823524	-1.4833337	-0.78426254
-2.4429748	-2.2941577	-1.4647366	-2.3298545	0.6190132	-2.4026442	-2.6339953	-1.4660736	-2.9380603	1.4123604
-1.5947537	-1.5443312	-1.1552812	-1.5153879	-1.2892312	-1.8247143	-1.3643218	-0.56669205	-1.5199908	-1.5296404
-1.925164	-2.0844054	-1.2508966	-1.8845276	-1.793085	-2.3670642	-2.2944942	-1.2196802	-2.0234635	-2.1361997
1.1313381	1.5298805	1.169791	0.7654325	-1.6452124	0.80549085	2.2658296	1.3126447	0.93651265	-1.8392897
-0.70989674	-0.69354165	-0.14501208	-0.80158216	-0.98391855	-0.97245437	1.0154971	-1.250928	-0.63490325	-1.0294763
-1.2013885	-1.6375275	-0.78017056	-1.224017	-1.801567	-1.5878638	-2.5812461	-1.4683068	-1.775495	-1.160302
-1.518804	-1.6431785	-1.0450186	-1.5189614	-1.7292403	-1.6977082	-1.2953318	-0.9758481	-0.94015443	-1.1507043
-2.0568388	-2.0415998	-1.337285	-1.9075402	-0.6659863	-2.1850085	-1.8300514	-1.317699	-1.7246262	-1.1688203
-1.122263	-1.2325585	-0.6285423	-1.0830562	-1.3704871	-1.0774963	-0.55261844	-0.5842971	-1.2744069	-1.4358443
-1.3875742	-1.3785756	-0.8633436	-1.449873	-1.0237232	-2.2833412	-2.1422224	-1.2834013	-2.697534	-2.3185418
-0.38090926	-0.8895447	0.44456765	-0.46034682	-1.3842801	-0.2362409	-1.2150657	0.31878442	1.0625215	-2.3784494
-1.3404787	-1.603679	-0.8278856	-1.3265153	-1.0143234	-0.86115855	-1.3046381	-0.772468	-1.2475015	-2.1707652
-1.9372314	-1.8794876	-1.1357925	-2.131143	-3.489728	-1.2242789	-1.1682149	-0.74273235	-0.63230544	-3.0224454
-1.3705581	-1.4980556	-0.7860421	-1.272999	-0.26006025	-1.3984275	-0.6498041	-1.5796021	-1.740067	-0.032505248
-2.2629151	-2.2107337	-1.4519958	-2.1999097	-1.0712186	-2.126263	-1.9341133	-1.4677348	-1.4120922	-1.1772995
0.7382744	0.5373776	0.933658	0.679659	-0.20307569	-0.06790243	-0.3265404	0.11387328	0.11229218	-1.2624693
-1.010226	-1.5966069	-0.5352217	-1.0287651	-1.397494	-0.8500938	-1.5017774	-0.19794346	-0.96333337	-0.9063238
-1.1681782	-1.6046972	-0.67501163	-1.130179	-1.831777	-1.1708558	-1.584873	-0.9701192	-1.796636	-2.918383
0.54836076	1.2190952	1.3664287	0.3323592	-1.0611529	0.009836081	0.6052525	0.82554847	-0.105026156	-1.5138836
-0.34551546	-0.37622994	-0.093936145	-0.45079595	-1.4694741	-1.6844373	-1.7557912	-1.5381366	-1.486255	-1.7637221
-1.6590378	-1.9159579	-1.156292	-1.542878	-1.7638717	-2.0590248	-2.1902075	-1.5786477	-1.7542384	-2.670382
-1.8923901	-1.8245157	-1.2147082	-1.9014412	-0.88644874	-0.6343496	-1.4300026	0.7095647	-1.428361	-0.9864675
-1.0452807	-1.4822958	-0.5836415	-1.0678818	-1.502826	-0.7392993	-1.2873673	-0.11881743	-0.63874245	-1.3201225
-1.4406085	-1.8620151	-0.9128597	-1.3901141	-0.14108467	-1.7087812	-1.8707399	-0.40200654	-1.8079239	-0.294911
-1.3062295	-1.5617341	-0.67126656	-1.3299055	-1.3006494	0.13446315	0.19866283	0.6379348	0.2699162	-1.4170198
-1.5140611	-1.918958	-0.97653973	-1.4525157	-0.84900385	-1.594092	-1.9490461	-1.9960266	-1.5984664	-1.5617403
-1.944493	-2.0270255	-1.29041	-1.8802345	-1.598462	-1.8158177	-2.6209629	-2.5910285	-2.7687302	-2.7180681
-1.3585306	-1.8816192	-0.80488646	-1.330682	-1.5236812	-1.4946343	-1.4826297	-0.38571432	-1.7354766	-1.8726041
-0.87245315	-0.46951246	-0.50296795	-0.9362113	-0.20457125	-0.52483964	-0.84334373	-0.23313689	-0.7459825	-0.38083103
-0.16947769	0.4176779	0.2179153	-0.35030752	1.4581708	0.47383454	1.3757449	0.6180183	0.13571288	0.3615311
-2.5566082	-2.3814194	-1.5998168	-2.4514997	-0.48878434	-2.516321	-2.4372876	-1.5653849	-2.1700804	-0.53838223
-2.3171403	-2.221064	-1.4188181	-2.2498636	-0.6003811	-2.2203772	-2.5635798	-1.796836	-2.383906	-0.053061504
-0.11113514	-0.5614532	0.37784576	-0.3084529	-2.4687035	0.32417834	-0.624571	0.22976497	0.8449989	-2.2293482
-0.62624127	-1.036979	-0.24608457	-0.8246638	-1.8538619	-1.019668	-0.76578707	-0.34499618	-1.4902042	-0.7580314
-0.04392843	-0.71205354	0.5233791	-0.20731834	-2.6043282	0.39896402	-0.25384766	1.3910546	0.23499697	-1.4126878
-1.3845024	-0.9901279	-0.85734975	-1.360985	-0.8186455	-2.2013292	-1.8405576	-1.502706	-2.0816433	-1.6627021
-0.90880966	-1.4525725	-0.32587895	-0.92811614	-0.9196595	0.09144432	-1.3533968	-0.05937194	-0.7280501	-1.1527119
-0.72279245	-0.46895254	-0.38734707	-0.96635044	-2.027265	-0.008635703	-0.27743623	0.46442813	-1.202513	-2.125674
-0.020948593	-1.2351471	0.6780939	-0.11614618	-2.4017818	-0.22274145	-1.8251528	-0.16339557	-0.23723073	-2.751164
-0.886243	-1.0306846	-0.7055265	-0.8155126	-0.08183503	-0.95572597	-1.9634289	-0.70277333	-0.99998635	0.1872614
0.3344167	0.08625999	0.6284814	0.1355898	-1.2882653	-0.2221106	-0.71199983	-0.0551136	0.10895215	-1.1040994
0.38661215	-0.44937634	0.6960808	0.21224873	-0.7009084	-0.21340312	-0.8867938	0.51815253	-0.24837111	-1.0158751
-2.0828178	-2.0717428	-1.3899219	-1.9873096	-1.2816666	-1.7386777	-1.6466832	-1.261865	-2.2978525	-2.3132997
-1.27959	-1.4000332	-0.83048284	-1.2222154	-0.90108144	-1.6775416	-1.889593	-1.8880237	-1.2522808	-0.048362497
0.1801875	-0.12750883	0.6202407	-0.038721487	-1.5275557	-0.31242228	-0.6188907	0.17091271	-0.2695119	-1.8859109
-0.54576194	-1.0058249	-0.1800383	-0.66117257	-0.69761527	-1.1438859	-1.664539	-0.71317166	-1.3019489	-1.1621273
-0.5796468	-0.7667651	0.031745955	-0.6768298	-0.64530146	0.08332193	-0.21687256	0.6560486	0.027202781	-0.2685586
-0.49952504	-1.3434346	0.07911131	-0.4843486	-0.5945309	-0.84515446	-1.6002592	-0.2891399	-0.77811354	0.29431567
-0.07788646	-0.22419319	0.36179453	-0.31392777	-2.1233675	0.081721544	0.39556473	0.9598017	-0.56355935	-2.3288517
-1.7991189	-1.6575089	-1.1274209	-1.7061001	-0.23988721	-1.6337613	-1.8079374	-1.4753242	-1.3149873	-0.37290347
2.6312578	1.8404195	3.0224552	2.3508043	0.49174926	2.0609493	1.0413882	2.7371333	1.6077899	0.6501212
-0.6647297	-1.0228854	-0.17213729	-0.74441355	-1.6042815	-0.021794854	-1.0636746	-0.038411766	0.1489961	-1.3783866
0.113683484	-0.71147037	0.56920254	-0.044442892	-2.0663218	0.6199042	-0.2502547	1.4079493	0.3720559	-1.6702728
-1.6206716	-1.7918795	-1.0175487	-1.5442569	0.1076695	-1.7451288	-1.6954455	-0.77415574	-1.2118208	0.760652
-0.113835014	-0.6719754	0.35884705	-0.15397538	-0.74726117	-0.23430537	-0.55718	-0.6834868	0.12375538	-0.8766097
-1.7127994	-1.8718795	-1.0729239	-1.5613276	0.36143652	-1.3388339	-2.4059017	-0.7183953	-1.3916683	0.010386837
-1.9767867	-2.1342442	-1.3341821	-1.852957	-1.4742447	-2.1184452	-1.9300953	-1.5528775	-1.7497195	0.67225283
-1.2916218	-1.2495345	-0.8807614	-1.3192933	-0.51893675	-0.5627779	-1.6344751	0.055185344	-0.49838355	-1.0156189
-0.024226531	0.4565663	0.32667226	-0.3014454	-1.5592715	-0.72388273	0.1724173	0.30589628	-0.30396974	-1.6356363
-1.9590368	-1.807197	-1.1358685	-1.8996171	-0.4667918	-1.9695041	-1.8456483	-1.235256	-2.2060509	-0.058044106
-0.67108804	-0.9052404	-0.29587552	-0.67908484	-0.68576777	-0.8993681	-0.97820383	-1.2218962	-0.7357733	-0.41099215
1.1710151	-0.21053949	1.8085431	1.0455943	-0.26106808	1.6431314	-0.77356386	2.3087063	1.5377845	0.11879426
-1.9471363	-1.9429371	-1.250601	-1.8669251	-0.40419915	-2.1717775	-1.7923335	-1.1993455	-2.3405752	-0.40127403
-1.8065827	-1.9241464	-1.0530691	-1.7147045	-0.6515266	-1.8645518	-2.627457	-1.1096232	-1.4572564	-0.6218739
-1.44392	-1.8173536	-1.010223	-1.3169924	-1.1332107	-1.3973788	-2.215522	-1.3751942	-2.4605038	-1.3526859
-1.8119589	-1.8006651	-1.1967502	-1.719072	-0.13940856	-1.9075322	-1.2528874	-0.5086239	-2.2172554	-0.30040044
0.87164253	0.2116096	1.3654267	0.6741214	-1.9194514	0.08413226	-0.3066593	1.0597072	0.24931127	-2.05981
-0.76540655	-0.99427557	-0.42423353	-0.6452026	2.3162718	-0.4202735	-0.56443375	-0.4772306	-1.0976785	2.3633766
-0.47853276	-0.8633193	-0.14653182	-0.5822671	-1.1717465	-0.28429314	-1.5268401	-0.37988007	-0.116058975	-0.9947583
-1.8274643	-1.8896072	-1.1898944	-1.7741141	0.20087948	-1.6542542	-1.2317884	-1.6087843	-2.168644	2.355662
-1.3194263	-1.3751495	-0.8569677	-1.3149976	-1.0111958	-1.4787002	-1.4373149	-0.7519012	-1.4177271	-0.5192234
-0.8430859	-1.2595695	-0.4633949	-0.85592747	-1.4063879	1.1138569	-0.7293803	0.86016446	0.7776133	-1.8599297
1.6732974	0.6659242	1.601217	1.3795745	-1.7759248	0.54405016	0.06003332	0.31224862	0.015695872	-1.2757821
-1.8347253	-1.9319576	-1.1164455	-1.8061633	-1.6911235	-1.7321407	-1.5861217	-1.084055	-0.78719634	0.42708448
-0.9733554	-1.346315	-0.50847125	-0.95640457	-1.2240107	-0.7571209	-1.3157089	-0.5598618	-0.89702904	-1.3175792
-2.4269829	-2.276415	-1.6842046	-2.3217387	-1.6795348	-2.0033453	-1.2093005	-1.4667729	-2.353425	-1.613286
-3.0004594	-2.6500146	-1.8516679	-2.9542482	-2.1796541	-2.5157754	-1.7758647	-1.5544204	-3.8663695	-2.1633515
0.2568329	-0.005865708	0.4820612	0.0054929554	-1.9797655	0.22017641	0.25046456	-0.14344257	-0.1775011	-1.8612745
-2.223248	-2.0964742	-1.4721732	-2.1911154	-1.5540186	-2.6209342	-2.3759015	-0.73520035	-2.9826035	-1.7057898
-0.77617437	-1.273347	-0.5185802	-0.7481004	-1.8211896	-0.35182354	-0.74824816	-1.0909287	-0.4424169	-1.7602369
-2.2123747	-2.134417	-1.39698	-2.1566036	-0.7992445	-2.1934586	-1.0146683	-1.25836	-2.8799262	-0.69218916
-1.0352318	-1.0820194	-0.41304484	-1.1125884	-1.0774393	-0.36779273	-0.111644015	-0.63916606	-1.2381518	-1.22651
-1.4313238	-1.6226921	-0.9242085	-1.4681374	-1.6512291	-1.0516666	-1.5596287	-1.0603164	-1.7170862	-1.7977425
0.15870261	-0.5602535	0.5748304	0.021131441	-2.2820396	0.16039573	-1.0841693	0.16010682	0.38059354	-1.9260763
-2.0971282	-2.1413536	-1.3828509	-2.011098	-0.83143675	-1.9091611	-2.3977003	-1.2338597	-1.2642598	-1.1905373
0.79890335	0.124620914	1.1424165	0.525215	-1.2635577	0.32466835	-0.37128022	0.4936679	-0.38744432	-2.0494206
-1.19102	-1.4290485	-0.74299085	-1.2373979	-1.480426	-0.845415	0.24209213	-0.93470305	-1.1584651	-2.040304
-0.3425246	-0.9046321	0.031191498	-0.47867435	-2.3761802	0.0598931	-0.56649613	0.46713024	-0.3686851	-3.139182
-1.3091384	-1.8777728	-0.7553673	-1.3474913	-1.8388722	-2.5645459	-2.0019355	-1.1717999	-1.7593932	-0.70414454
-0.09011645	-1.0945994	0.5244218	-0.14838548	-2.8335595	-0.14431758	-1.4400682	0.48271397	0.051207982	-2.591426
-0.83516973	-1.1357853	-0.41081187	-0.8401022	-1.1564575	-1.0559285	-1.2772634	-0.72444624	-1.487973	-1.3199229
-0.48919395	-0.99686337	-0.14553505	-0.5090763	-0.75830984	-1.0141445	-1.2592068	-0.6737445	-0.59677124	-1.2857472
-1.4155457	-1.4454204	-0.7617996	-1.4236724	-0.8121295	-1.5181712	-1.9329714	-0.9168511	-2.361371	0.0965837
-1.3881228	-1.5680888	-0.88215613	-1.2826957	-0.09475669	-1.5819552	-2.1031072	0.2659785	-0.13269289	0.07771801
0.49286422	0.1381371	0.7521733	0.3121755	-0.63486403	0.4593786	-0.07195057	0.631084	0.20884848	-0.10752059
-2.0500233	-1.959344	-1.3568459	-1.9856908	-1.2747252	-2.5747244	-2.5356424	-2.7125711	-0.6317768	-1.3456181
-0.6169144	-1.1408513	-0.049997598	-0.66744053	-1.7401695	-0.98264456	-1.1955796	-0.39765227	-0.88330907	-0.712359
-0.10339501	-0.8627591	0.41321537	-0.25353992	-1.9796184	0.23022439	0.34959707	0.80558145	0.087852195	-2.0382836
-2.3567991	-2.190293	-1.5426924	-2.2936592	-1.5183009	-1.9840672	-2.0919232	-0.9532604	-2.7065845	-0.7664403
-1.9278644	-1.9936714	-1.3561455	-1.8373865	-1.6250433	-2.5048842	-1.7941185	-1.5438762	-2.3416088	-1.7835883
0.3727924	-0.13366085	0.3136265	0.19263534	-1.5188385	1.4080527	0.19469565	1.905865	1.0159497	-0.82709914
0.3829084	0.9228699	0.6558449	0.2855658	0.74374676	0.61660206	1.8390139	1.1514287	0.7426323	0.9548556
-2.511244	-2.333892	-1.5707457	-2.4321496	-2.3016741	-2.155993	-3.6314435	-1.1482475	-1.4004097	-1.3852669
0.2753683	-0.6073998	0.7055273	0.15433441	-1.059741	2.2184448	0.60728455	2.5282252	2.3829489	-1.9551274
0.7549481	0.7231505	1.3031919	0.52793366	-1.1014801	2.0419161	0.7397286	2.3899074	1.4844629	-1.3970202
-1.2175094	-1.6123149	-0.84137297	-1.2049115	-1.9151874	-0.9858996	-1.8310664	-1.2468997	-1.194289	-2.2038043
0.018178307	-0.54896635	0.45764676	-0.15609463	-0.6773243	-0.48249564	-0.76377636	0.115	-0.4013928	0.3677264
-0.6891231	-1.2372183	-0.13546515	-0.81715745	-2.3011665	0.4597262	-1.3509406	0.5977505	0.5298706	-2.055001
-0.22850683	0.47762778	-0.0013972223	-0.40141886	-0.5654883	-0.8418552	-0.6602157	-1.1475987	-0.9953441	-1.1704878
-0.5925613	-0.89768195	-0.22909945	-0.7168801	-1.0670605	-2.1841528	-2.1549978	-0.62147534	-2.8345757	-1.8775712
-1.2796348	-1.6499436	-0.54048836	-1.2539488	-0.9308759	-1.1720688	-1.781029	-1.2625487	-1.1746417	-0.888855
-1.5789739	-1.556912	-1.16656	-1.5456864	-1.3938379	-1.3045791	-1.6579947	-1.055191	-0.27447793	-1.5592922
0.3619849	-0.87243307	0.622429	0.2186519	-1.3831648	0.9963981	1.2210126	1.0785047	0.11120682	-1.6650718
-1.0176349	-0.4252163	-0.86549556	-1.0554404	-0.9727088	-0.80121773	0.1012592	-1.1523324	-1.0136565	-0.9445033
-1.3203441	-1.1357403	-0.8586675	-1.2867088	-2.2857058	-1.396329	-2.2205067	-0.7510343	-1.5356373	-2.6254127
-2.3358574	-2.2422118	-1.5405263	-2.230056	-1.3608977	-2.4781067	-1.8774012	-0.6881322	-1.5872066	-1.0031419
-1.0273612	-0.81980443	-0.65695083	-1.02274	-0.7925507	-1.2337171	-1.3897886	-0.42762136	-1.3983229	-0.7839135
-0.13928023	-0.13797274	-0.02228722	-0.29798824	-0.30108535	-0.83447975	-0.825856	-0.41188836	-0.68093663	-1.0952202
-2.2535028	-2.0005143	-1.431412	-2.1574483	-0.11423305	-2.2971761	-2.0848324	-1.9226886	-2.7295132	-1.325818
-0.23705068	-1.1513051	-0.09707257	-0.34928536	-1.5269998	-2.3620927	-3.1215956	-1.134377	-2.5799568	-1.398814
-1.4350675	-2.1321542	-0.8169105	-1.372818	-1.1618059	-1.056879	-0.32591102	-0.5324032	-0.63433254	-0.86292976
-1.6589434	-1.4147257	-1.0999801	-1.6865039	-1.2104609	-1.323063	-1.3243663	-0.76282537	-1.3010025	-1.3431469
-1.6221219	-1.6158819	-1.0671506	-1.6220587	-0.8907522	-0.86828154	-0.95365196	-1.0175257	-1.0174512	0.06898184
-1.102768	-1.4216151	-0.61597145	-1.0762031	-1.2373322	-2.161195	-2.0465796	-1.5287752	-2.4934182	-3.0805225
-1.4914327	-1.6342252	-0.9689863	-1.47103	-1.3986899	-1.3442069	-0.3073234	-0.897462	-0.50489855	0.52695256
-2.2519808	-2.1532805	-1.460696	-2.1828632	-0.9080645	-2.7556665	-2.4293573	-1.6030433	-2.9400477	-0.529906
-1.408636	-1.671846	-0.88054466	-1.4423918	-0.7693424	-1.3815781	-1.2475137	-1.2181205	-2.1569679	-0.92757016
-1.1366686	-1.0537802	-0.67335534	-1.1739575	-1.2215291	-1.2129346	-0.4915244	-1.0276275	-1.3762447	-0.9463043
-2.0779321	-2.013568	-1.4735104	-1.952015	-0.74193585	-2.49276	-2.1408093	-2.1136074	-2.9362466	-0.29591334
0.7176419	2.279835	0.8748343	0.26538444	0.40749392	0.1479254	0.6431321	-0.28316858	-0.6789684	-0.40589172
-2.187347	-2.1769426	-1.3422483	-2.102827	-1.6390072	-2.227375	-2.2647946	-1.2283258	-2.2836487	-2.2559118
-1.6752175	-1.6275823	-1.1320975	-1.6153364	-0.42450705	-1.8880056	-1.6383646	-0.66279256	-1.5661099	-0.820693
-1.4001435	-1.603495	-0.8035723	-1.4777045	-1.6035752	-0.580873	0.17304122	-0.072239935	-1.2812592	-1.5580134
-1.7411767	-1.756628	-1.1394535	-1.617767	-1.396828	-1.1807069	-1.16221	-0.80017394	-1.2051613	-1.0180832
-1.4026906	-1.1028377	-0.9752717	-1.4015933	0.45326182	-1.9358788	-1.3120646	-1.5714002	-1.4220756	-0.7919401
-2.5852144	-2.5016448	-1.5997835	-2.3977652	-1.6669604	-2.728918	-3.0169375	-1.7072765	-3.110123	-1.9762064
-1.7746571	-1.5503308	-1.2804954	-1.6741371	-0.37539127	-2.4126017	-1.369686	-2.296059	-1.6712525	-1.6250091
-1.0976834	-0.6210146	-0.8768817	-1.142914	-0.68483424	-0.9994651	0.08583887	-0.42807844	-0.77370524	0.15063158
-1.9608383	-1.9672353	-1.2431216	-1.9266546	-0.98390675	-1.78006	-2.1435673	-0.48077676	-2.174062	-1.0182519
0.9130746	-0.6852406	1.2458653	0.76909876	-0.7932775	-0.037520792	-0.4322307	0.31754008	-0.76418626	-0.4937159
-1.738671	-1.7129977	-1.1488729	-1.6996129	-1.2507815	-2.0631154	-1.7938695	-1.2438127	-1.7079552	-1.0341866
-1.177132	-0.6971663	-0.9304626	-1.2194551	-1.1392872	-0.6230063	-0.6451394	-0.94863456	-1.0976595	-0.92872316
-1.5509654	-0.90977454	-0.99156976	-1.5770348	-1.0164143	-1.29339	-1.2877343	-0.89980227	-1.4673219	-0.9575135
-1.8405449	-1.91334	-1.1974703	-1.7386277	-0.8716277	-1.5070431	-2.9135983	-1.1218585	-1.8544241	-0.4770666
-1.4827284	-1.0827506	-0.9507215	-1.558924	-1.4170903	-1.8750452	-1.7753053	0.2012266	-2.8048282	-1.5008167
-0.8161264	-1.0022292	-0.4972771	-0.83009917	-1.5762342	-1.1679405	-1.1191517	-0.7888241	-1.0985878	-0.9609802
0.49691877	-0.021454617	1.0818986	0.35508764	-1.572682	0.79948276	1.1134484	1.8433076	1.6036564	-0.46086866
-1.9808226	-2.0057783	-1.1377044	-1.9861478	-1.6126902	-1.9108102	-1.7700586	-1.1322182	-2.1159668	-1.2506285
-2.2640889	-2.2268348	-1.4815971	-2.1745028	-1.7318591	-1.9625425	-2.1138167	-1.2789042	-1.8169224	-1.1973729
-0.67795646	-0.9778714	-0.33086386	-0.70089054	-1.1247504	-0.36649954	-1.3200024	0.20751755	-0.7585067	-1.817853
-2.3707936	-2.048812	-1.5412529	-2.3403294	-1.6048877	-1.9397302	-1.8333312	-1.6638985	-1.9772973	-2.2126489
-1.6885955	-1.8083487	-1.1229078	-1.6534097	-1.3744026	-2.0792303	-1.298758	-1.6678312	-1.8871762	-2.100318
-1.6278783	-1.603876	-1.0869094	-1.6095533	-1.4379324	-1.3733653	-0.8730876	-0.35818115	-1.5184205	-1.7511111
-2.2211711	-2.1838732	-1.5439893	-2.1342885	-1.832874	-2.0255094	-2.4159095	-1.6563165	-1.905345	-2.0387871
1.8992494	2.1692185	1.7350122	1.7896336	1.3340384	1.5882933	3.2272117	0.58188677	1.9129215	2.5288277
-1.5577561	-1.709445	-1.0077035	-1.4151981	-0.10655677	-1.8996089	-1.7835586	-1.658531	-1.4346992	0.789447
-1.3274423	-1.2500095	-0.8273885	-1.3361903	-0.80565286	-1.8413527	-1.7548717	-1.3837897	-2.361142	-1.6432856
-1.4861314	-1.7701944	-0.9858029	-1.4519843	-0.75111413	-0.9654833	-0.13814133	-1.0458355	-0.5784398	-0.36429706
-1.6298963	-1.7727325	-1.025118	-1.6016262	-1.0947394	-1.5819552	-1.3590915	-1.0103167	-1.3250169	-1.411705
-1.6949466	-1.4311653	-1.1625009	-1.5288985	2.1948073	-2.0647955	-1.5809782	-1.4929253	-2.0773435	1.187914
-1.592151	-1.5778905	-1.1880852	-1.5249069	-0.27024087	-1.9818501	-2.08006	-0.7504633	-1.9403025	-0.30416366
0.70737267	0.4915295	0.75472105	0.5454468	-1.3154696	-0.1892098	-0.122213386	0.7401892	-0.37584487	-2.1493702
-2.0074975	-1.6984266	-1.4749844	-1.983639	-2.1848507	-1.5247425	-1.0226884	-0.48524234	-0.28773835	-1.0598989
0.1300028	1.013764	0.13319647	-0.043336734	0.9145733	-1.3416867	-1.4577159	-0.6893586	-1.6113149	0.08693655
-1.6979476	-1.783225	-1.182689	-1.5747273	0.107596666	-1.9182115	-1.1207587	-1.7734276	-1.7186716	0.7638035
-2.3694525	-2.1984608	-1.4534967	-2.2823336	-1.6735988	-2.7995336	-2.449126	-1.2603416	-1.3623722	-2.544896
-1.289978	-1.1911986	-0.7798177	-1.2892812	-1.2696888	-0.66359794	-1.0247004	-0.4881971	-0.9424074	-0.83596885
-1.2462194	-1.3804603	-0.83308005	-1.1825196	-0.7667835	-1.3023764	-1.622242	-0.95393723	-1.6283557	-1.1582465
-1.0436814	-1.3442581	-0.70210576	-1.1493043	-1.0759463	-1.8579664	-2.1481757	-1.5625603	-1.8232903	-3.6633384
0.7194859	1.2722576	0.7117381	0.43634588	-0.16952974	-0.10717671	-0.2532478	-0.46083212	-0.28687277	0.2916584
-1.9576797	-1.9566598	-1.4220805	-1.896352	-1.0011619	-2.085759	-1.6466335	-3.0275779	-1.6770134	-1.7662182
-1.3623792	-1.5379137	-0.8865433	-1.3827816	-0.4921373	-0.39991906	-1.3003721	-0.60711336	0.25716275	-0.7776226
-1.0134846	-1.083172	-0.60390663	-1.0754876	-1.4180598	-1.0644279	-1.2667246	-0.85187733	-1.3329624	-1.2497832
-1.6762568	-1.6236832	-1.1368213	-1.6705865	-1.5380112	-1.256957	-1.5640732	-1.0796798	-1.1427222	-1.7936825
1.3389143	2.7727854	1.6563469	0.9897492	-0.5150006	1.3688564	4.032358	1.2905599	0.43590707	-1.0800588
-1.9760058	-1.6228641	-1.358729	-2.0025063	-1.9043909	-1.8123004	-1.0720311	-1.2730051	-1.7110498	-2.121515
-0.8186272	-0.54273	-0.51041186	-0.9183442	-0.72274286	-1.5011555	-0.7212778	-1.5439489	-0.73215497	-1.3672885
-1.2110931	-1.4569151	-0.52167547	-1.2164059	-1.0826536	-2.155115	-2.6761084	-1.4153237	-1.9235021	-1.546295
-0.54332924	-0.7858802	-0.16370091	-0.57394385	-0.051054686	-0.37008333	0.04279628	-0.32099676	-0.2867789	-0.720133
-0.7408608	-1.0727994	-0.1603494	-0.7709229	-1.4388218	-0.9485794	-1.2205571	-0.553954	-1.0926942	-1.2162926
-1.0990834	-1.1172657	-0.79867816	-1.1489754	-0.4898377	-1.9792385	-1.9465077	-1.277632	-1.1285392	0.28301013
-0.03695227	-0.08586493	0.6522416	-0.16016161	-0.9373634	-0.20259407	0.2520126	0.8371559	0.34204993	-0.7868888
-1.5161636	-1.25942	-1.0112293	-1.5353546	-1.0799947	-1.6569707	-2.3376677	0.5724141	-1.3917105	-1.084766
-2.2449157	-2.2478757	-1.4730493	-2.2226126	-1.7887118	-2.123677	-1.5606296	-0.7095331	-0.6885058	-1.5548291
-0.3324917	-0.59295857	0.02534625	-0.40729594	-1.1622063	-1.0683826	-1.8475304	-0.70707834	-1.1045926	-1.3130591
-0.23816022	0.07502511	-0.1805639	-0.41383725	-0.96156645	0.18917072	-0.11840612	-0.5852944	-0.5903361	-0.41504583
-0.004095167	1.3221908	0.2589334	-0.2073858	-0.9771253	-0.45159975	1.4404119	-0.02891061	0.26177594	-1.2852703
-2.0095322	-1.9272918	-1.3295565	-1.9431913	-1.5725513	-1.8885034	-1.5932103	-1.135962	-1.8828307	-1.338675
-0.72918606	-0.11961773	-0.5094212	-0.94771826	-1.6388303	-0.75138956	0.88976896	-0.4388681	-1.7794607	-1.4958758
-1.8140086	-1.7781284	-1.1418936	-1.7513893	-0.9008347	-1.7555696	-2.3233936	-1.1435848	-2.604781	-0.60528684
-0.16691285	-0.17283508	0.20435971	-0.28180635	-1.517815	-0.92115426	-2.09814	0.118295185	0.8505236	-1.3006523
-0.0074343793	0.036595196	0.45528525	-0.08969809	-1.0956323	0.6030105	1.170812	0.8646901	0.19296995	-1.2862111
-0.69681686	-0.9098331	-0.4745625	-0.70540816	-1.2221086	-0.34775725	0.2612767	0.20033856	-0.3202316	-1.3857912
-0.9546281	-1.2292224	-0.56544113	-0.92872816	-1.1233549	-1.4871153	-1.5479721	-1.1367964	-1.4404889	-0.5908131
0.65603864	0.4800196	0.8913877	0.41562432	-1.3230549	-0.770872	-0.45045638	0.51948875	-0.37956727	-1.50909
-1.563436	-1.2807089	-1.1330072	-1.573212	-1.1625446	-1.3252028	0.7076826	-0.8171032	-1.3044492	0.6528292
0.075805806	-0.21236253	0.6566727	-0.11227113	-1.5182818	-0.41385987	0.07454165	0.086370416	-0.30017263	-1.0722541
1.0530006	1.1292051	1.4065574	0.8446137	-0.7764538	0.1812689	0.63395756	0.81674814	-0.13124934	-1.0883106
-1.8361986	-1.7684512	-1.1850345	-1.7610515	-1.7154968	-2.0534475	-1.9813335	-1.4606762	-2.0218039	-1.5882006
-2.3303633	-2.1758373	-1.642334	-2.2041233	-1.6075313	-2.142455	-1.7244797	-1.712819	-1.2198658	-0.56401
-1.2483863	-0.6024436	-0.83061445	-1.292144	-0.19997707	-2.1882768	-1.3869803	-1.5499564	-2.1929908	-0.96639913
0.7217419	0.9615898	1.2405478	0.5403496	-0.87877405	0.57588065	1.068105	1.0454258	0.036242258	-0.6997363
-0.34981123	-0.9567025	0.26834607	-0.4512688	-2.3681347	-0.41559497	-1.2751623	0.3468878	-0.5850713	-2.8504019
0.9603451	1.9517648	1.4836287	0.61736256	-0.98750806	1.386574	3.143801	1.6531252	1.1053591	-1.0710697
-0.4809081	-0.48533064	0.27454874	-0.6262511	-2.005822	-0.15755545	1.3168967	0.60091543	-0.22444981	-1.5501964
-0.61056393	-0.55698967	-0.13308868	-0.6889773	-0.97903466	-0.0794429	-0.14187264	0.33299744	-0.0036297983	-0.68938524
0.76628125	1.584513	1.3077613	0.53963196	0.05379358	0.14461929	1.1588689	1.1216785	-0.02680233	-0.62979776
-0.2867274	-0.14706811	0.1783511	-0.42579788	-0.8510736	-1.4583919	-1.1741741	-0.56092674	-1.2189623	-0.7152262
0.5974869	1.0067704	1.0244143	0.378758	-1.1824144	0.963958	-0.2774297	1.100606	1.2525145	-2.1910713
-0.12342569	-1.0808893	0.48164397	-0.16425022	-2.3083735	0.20918183	-0.614217	0.8003387	0.3850681	-2.2833421
0.75238866	3.1343954	1.1245836	0.31977922	0.28585002	0.47014016	1.7114795	0.26623583	-0.38739097	-0.45853874
-0.54804546	-0.019834429	-0.07541871	-0.707849	-1.3718731	-0.3717162	-0.34333828	0.13192597	-0.9627679	-1.8884575
2.9407055	1.039696	3.69642	2.6113698	-0.7214898	2.8175848	1.6048378	3.7457094	2.381644	-1.608175
0.16039163	-0.17130692	0.6526222	-0.010461062	-1.534132	-0.98923457	-0.5766251	-0.3297811	-0.4823846	-2.1076963
1.2776862	3.1486275	1.2624002	0.87558746	-0.16182065	1.3025758	3.525281	1.2249532	0.9731118	-0.002788867
0.5929353	-0.15508424	1.1448555	0.4005412	-1.8709835	0.6090455	0.12063981	0.6662785	0.9094543	-1.5223998
0.029978074	-0.118468285	0.48401454	-0.14393413	-1.2498227	0.58486617	-0.5855615	0.6044531	1.2872192	-1.4487295
1.581604	2.4240413	1.7767531	1.2158765	-0.9707346	2.4929953	2.36416	2.541835	1.7001208	-0.93823737
-0.92144585	-1.0317178	-0.5366473	-0.94306237	-1.1355873	-0.64038473	-1.206609	-0.546252	-1.0860959	-1.5501661
-1.0900794	-0.77996504	-0.6568494	-1.1562122	-1.9171101	-0.026507705	-1.3019991	0.055397112	-0.15836534	-1.8718371
-0.09482954	-0.4745404	0.49856576	-0.26234347	-1.3613282	-0.5387886	-1.0191159	0.645019	-0.46753117	-1.4359225
0.22126225	0.5360384	0.5842381	0.08652209	-0.7160444	-1.3414131	-1.3433719	-1.0514582	-1.276942	-1.0078523
0.67897373	-0.03048107	1.0010717	0.5557519	-0.97406423	0.58315265	-0.65302503	0.982034	0.589536	-0.9170272
1.4949222	2.3255951	1.7180927	1.0795083	0.21839699	2.4776347	3.4663882	1.438596	1.6314538	-0.2142303
3.039138	1.8385632	3.1442435	2.6298032	-0.65500045	1.3610905	1.8729721	1.9645454	0.8899832	-0.4229726
1.2410387	2.407443	1.1969835	0.92752445	0.54913497	2.6699038	3.4244525	2.4420116	2.2522118	1.5651101
1.7627605	0.19840613	2.4224744	1.5359249	-1.3141042	0.9193637	-0.10553852	1.0438079	0.44246483	-1.6419505
0.9882694	0.85691154	1.5628798	0.7217131	-0.9986775	1.1265607	1.5241468	1.3979169	-0.3916112	-0.7257434
0.020060025	0.9769989	0.6053089	-0.21884453	-1.186741	0.45977873	1.6300132	1.2375411	0.26320088	-1.327961
0.49378076	0.4693716	0.99368966	0.31340468	-1.3702496	0.48392093	1.1522003	0.61661965	0.20871788	-1.2708505
-0.102797635	-0.39765108	0.37907404	-0.27102244	-1.7544534	0.43728712	-0.969668	0.7659467	-0.30058995	-2.0092094
-0.8164579	-0.68342125	-0.33423737	-0.93392646	-1.3879837	-1.3467808	-0.9837027	-0.7672435	-0.6853046	-1.3635716
0.08542051	-0.27235377	0.5967063	-0.07384257	-1.4261361	1.0390835	1.0693736	1.2135491	0.49581602	-1.5672337
0.5074059	1.4948001	1.0941069	0.25276333	-0.29091543	-0.41854364	-0.73189586	0.49834186	-0.2493545	-0.8264041
-1.0650026	-1.2336657	-0.68677306	-1.0450914	-1.2649611	-0.39291933	-0.8750036	0.11498299	-0.37080047	-1.3338059
-0.556039	-1.037459	-0.22869569	-0.67271817	-2.054257	-0.8677282	-1.3511208	-0.16151996	-1.9081303	-2.9047444
-0.55148166	-0.2755892	-0.10391328	-0.68806434	-1.4220489	0.1558668	0.15003422	0.6182919	0.325557	-1.2838999
-1.0518557	-1.1543199	-0.5874009	-1.0253266	-1.3936034	-0.60992795	-1.1556761	-0.5331433	-0.5254841	-1.4513701
-0.08561719	0.3905981	0.4553806	-0.2860225	-1.4446999	-0.30656317	0.59315234	0.78345865	-0.7405807	-1.3823047
0.6141576	0.8501735	1.259948	0.38319296	-1.3054019	1.038302	0.92914176	1.784525	1.0370845	-1.3679308
0.5680802	0.9269223	0.59478605	0.35795957	-0.6140553	0.76449126	1.1906937	0.9005674	0.53615683	-0.89187753
0.8648442	0.8087214	1.4217051	0.69705576	-0.8498928	0.7364836	1.2216257	1.3186303	1.2524493	-1.1988056
1.0281444	1.6547801	1.5526007	0.7934185	-0.74993706	1.0788586	2.4778435	1.7654436	1.3673807	-1.2210032
0.19572914	0.98340607	0.47719374	-0.028718382	-0.9797522	0.5552943	0.7522271	0.61509854	0.72542673	-1.4944711
-0.73668474	-0.81230116	-0.37419197	-0.7318479	-1.1374179	-0.97543055	-0.56167495	-0.45784673	-0.94511366	-1.2613575
-0.68124014	0.29954115	-0.22774702	-0.8665947	-0.8463728	-0.7228573	1.8886106	-0.9514645	-1.1785023	-0.19744653
-0.7847701	-1.1300056	-0.31551746	-0.8155977	-1.2534596	-0.9795601	-1.5143381	-0.7248343	-0.96070075	-1.6492118
-1.4554816	-1.3921515	-0.918556	-1.4396665	-0.60482395	-1.7250197	-1.3476428	-1.1136038	-1.7644154	-1.4243021
1.7504356	1.6814183	2.170813	1.4358947	-0.23024145	1.9408045	1.93472	2.8350854	2.0339584	0.2622541
-1.2069575	1.1970824	-0.73397636	-1.4694732	-0.214559	-1.5930413	1.705558	-1.0867586	-0.21986574	-1.1506623
-1.2898611	-1.458002	-0.7683456	-1.2898067	-1.2537376	-1.2585301	-0.09047689	-0.18115251	0.9563121	-0.066287786
-0.6385904	-0.5853332	-0.32035205	-0.66379637	0.508481	-1.3929629	-2.822663	-1.5308117	-1.9154454	-0.1544018
-1.2824733	-1.2179247	-0.8048372	-1.2878789	-0.83186936	-1.477892	-1.2769017	-0.80485916	-1.3407648	-0.3277454
-0.08060066	-0.10668987	0.45487607	-0.27648234	-1.5178105	-0.89690036	-0.75506437	-0.31472546	-0.78219295	-1.6323148
0.055876814	-0.48949826	0.62803996	-0.016981527	-1.4730176	0.31026298	-0.71156967	0.82768446	0.3104846	-0.8188858
0.6526504	0.65448153	1.2742082	0.42559767	-1.4561012	0.1310094	1.0402664	0.5060901	0.17585139	-0.92240614
-0.83534104	-0.057605296	-0.10412049	-0.9541142	-0.43053997	-0.9056287	-0.6662685	-0.117850065	-1.6789514	-0.97304875
-1.5533427	-1.5591338	-1.0215007	-1.5697219	-1.4317563	-0.82612914	-1.3749803	-0.35864267	-1.8724381	-2.0260737
2.419275	1.4132179	2.6589484	2.087789	-0.32552522	3.1918867	2.1820824	2.8618698	3.0334435	0.01603176
1.9586028	1.725205	2.3259761	1.6582882	0.020101339	0.8668885	1.5134257	1.4018441	0.30631664	0.09887023
-0.35191515	1.2677761	0.094310805	-0.7311795	-0.85448945	-0.77851075	0.34154817	-0.94879293	-1.8593668	-1.0788511
0.34807917	0.04565668	0.55622584	0.120086715	-1.5122483	-0.03851843	1.0140636	0.20065376	-0.3761557	-0.7585844
0.45498416	0.10473099	0.86961174	0.23257442	-1.38406	0.7595505	-0.13735166	1.0137941	0.5896189	-1.3918107
0.5164699	0.3974302	1.2984909	0.3517747	-0.90296626	0.93778175	1.6573366	1.8241502	1.4692222	-0.70595884
0.058136486	0.71915424	0.56668806	-0.1868643	-1.3651518	0.8942523	0.81986934	1.3495697	0.4294788	-1.0964949
0.34332496	0.17766985	1.0547221	0.14247169	-1.4168301	0.0032294795	-0.060079988	0.6467683	-0.13610776	-1.9174203
-0.4629161	0.6109719	-0.54565847	-0.6121278	-0.06822464	-1.5615833	-0.66809475	-0.58218485	-1.8027089	-1.6093454
-0.7773271	-0.9817511	-0.38644573	-0.8607141	-0.84823	-0.1685862	1.0580987	0.5177203	-0.6104393	-0.06313789
-0.41039288	-0.9507886	0.15635777	-0.49160612	-1.6344526	-0.06579582	0.044403307	0.57368416	-0.30669576	-1.5221056
1.6494708	3.936549	1.871614	1.1533477	-0.50998706	4.8804884	4.6697125	4.4007382	3.771715	0.5008833
-0.21565267	0.27529612	0.39526778	-0.47223294	-1.7991533	-0.08042028	1.0944377	-0.5473379	-0.6472661	-1.625245
0.18361568	-0.3255489	0.46436587	0.040724143	-1.2102994	1.9016583	0.25424823	2.520444	2.0217283	-0.8929387
1.1491549	1.5658449	1.6510437	0.8927864	-0.9266094	0.90998584	1.3950226	1.6778445	1.1152211	-0.98081964
1.7260777	3.141608	2.218231	1.4818566	1.1903799	1.1944802	2.5684762	1.6787914	0.80226326	1.4175557
-0.5025383	-0.56968075	0.031842917	-0.5916457	-1.4315311	0.038867105	-0.41388047	0.5147495	-0.5743687	-1.1099449
1.0574832	-0.09654942	1.7726218	0.8447727	-1.2702204	0.64235175	0.10166396	1.7977568	0.29324722	0.39267364
0.23659387	0.9977337	0.67414796	-0.046672955	-1.4701043	0.45577002	0.07708201	1.443503	0.52865857	-0.93947923
0.38608783	0.11083901	0.89467967	0.21405615	-1.4173604	0.43698198	0.59588563	0.8994093	0.35530075	-1.1952417
-0.83289	0.49652013	-0.49498507	-1.0613191	-1.307349	-1.266097	1.0400203	-1.0585864	-1.3762447	-2.3046072
0.6159547	1.371655	1.2095516	0.36153162	-1.3730179	0.8247349	0.8264615	1.3126864	0.63902324	-1.3948936
2.382487	2.047305	2.463119	1.9733007	-0.7592471	1.4512017	1.0721236	1.2616034	1.4429661	-1.3456256
0.1396932	-0.19805107	0.5417737	-0.055578038	-1.555571	0.22555156	0.33679533	0.32446584	0.16572694	-1.7358654
0.21188831	0.26333055	0.5838327	0.038069442	-1.0329694	-0.67383695	0.1606884	-0.007295415	-0.5231615	-0.9091119
0.5129681	0.9315456	0.9963647	0.3167063	-0.9785557	2.0456972	3.0691295	2.1984553	1.2641957	-0.54988563
0.112130515	0.9280462	0.56223035	-0.14521235	-1.3557835	0.23180333	0.70067143	1.1423811	0.24518666	-1.7628787
0.1692448	0.4994832	0.548074	-0.08552679	-0.98045135	0.6948292	0.8280255	1.1260428	-0.38619855	-1.665097
1.0326525	0.03763029	1.370867	0.7785044	-1.5832404	1.1605041	0.55616516	1.5147499	1.3635843	-1.7232242
-0.7400262	-1.0446161	-0.08018914	-0.7569572	-0.43502602	0.22348893	-0.32102746	0.71519333	0.4536313	-0.032644283
-1.3288841	-1.038696	-0.91709495	-1.318818	-0.46261412	-0.6559195	-0.5583512	-0.41302022	-1.2508221	-0.5258833
-0.069534644	-0.887048	0.43300235	-0.20129013	-2.1744738	-0.47262132	-1.0433589	0.6180914	-0.3192581	-1.7134609
0.8585664	2.6099312	1.2888308	0.5432638	-0.3785145	-0.041420344	3.4650247	0.5616338	0.5920089	0.643844
0.41875333	0.23923007	0.98851335	0.27644813	-1.132178	0.41631743	0.4904006	0.5444001	0.2876577	-0.5086275
0.56420064	1.6038713	1.0817827	0.21248205	-0.5686589	2.0242357	2.3003137	2.4731784	1.4382231	-0.84230137
0.28791037	0.87894094	0.7697507	0.008251339	-1.1785111	0.03269238	0.6112481	0.21320024	0.0769731	-1.6911106
0.55872965	2.0281696	0.97869813	0.23537515	-0.78910315	1.4033496	2.6520526	1.8004285	1.3244845	-0.67388487
-0.31787136	0.22440335	0.07691352	-0.51093835	-0.7749264	0.1702671	0.5676176	0.42753354	-0.28429332	-0.811103
0.02180373	-0.5655923	0.5802294	-0.19339453	-1.1903688	0.089825474	-0.58903867	0.3849253	-0.5740654	-1.7131649
-0.39409995	-1.131339	-0.13440666	-0.4215654	-1.3350881	0.26975664	-0.90386045	0.8386625	0.54151225	-1.3398018
-1.1314538	-1.0588849	-0.64815307	-1.2265186	-1.8850329	-1.3793784	-1.699745	-0.57714075	-1.2606623	-1.9479035
0.9733524	0.019307345	1.5111697	0.8145896	-0.679092	1.669676	0.6893274	1.7117811	0.9933058	-1.3107289
0.44449314	2.7057283	0.73575085	0.106864884	0.34038052	0.11432188	1.0317208	0.72437775	-0.080809265	-0.7180846
1.1793466	0.66429293	1.4951383	1.0195808	-0.8687011	-0.055733696	-0.28708926	0.28244638	0.22571978	-0.65038514
0.69278055	0.6075381	1.2214097	0.5177411	-1.2181869	0.42810762	1.5586784	1.0951811	0.33763778	-1.0827364
0.8995296	1.3663877	1.4165875	0.6667238	-0.93084145	0.7105937	0.5000041	1.1851411	0.7829138	-1.0105206
0.7076997	0.3798993	1.0564773	0.5226985	-1.0156362	0.21578707	-0.055738885	0.7713455	0.2971401	-0.4652758
1.0510217	1.7564394	1.348832	0.7020099	-1.046735	1.7044048	1.869805	1.7014747	1.1340233	-0.7861175
-0.25930744	0.06669718	0.11768122	-0.47457147	-1.4213895	1.0104659	3.1064744	0.4380877	0.5510375	-0.8451429
1.9625899	1.5037624	2.698498	1.7723752	-0.36173	2.277029	0.28423277	3.5583668	1.4751515	-1.2895422
-0.14810655	-0.17605126	0.24515526	-0.37623328	-2.3549125	-0.39241302	-1.1323848	0.50669926	-0.95109403	-2.6781743
0.7487763	1.151796	1.4198593	0.50976527	-0.43741328	0.57878876	0.6224808	0.9400401	0.3969314	-0.6691997
1.4225327	1.3007448	2.1117303	1.1851692	-0.93697965	2.1224966	1.2052191	2.6881948	2.1347501	-0.27997446
2.8194287	1.440283	2.815417	2.5157495	-1.1039587	2.8439052	0.28996244	3.2066755	2.6021671	-1.4708909
1.1303532	1.2687175	1.7989032	0.88576615	-0.8088902	2.1934614	1.8400427	2.825688	1.9669919	-0.6341151
-0.044364505	-0.6944623	0.3308549	-0.22583848	-2.241309	-0.04981507	-0.44098026	0.61289847	0.27464914	-2.283185
0.4728001	0.14084515	0.7499062	0.33619893	-0.861225	1.5820398	4.017365	1.5495201	1.2859803	1.1713346
1.6781049	1.9853227	1.9743845	1.3419704	-0.7208605	2.2152245	3.6875947	2.5180473	1.9448953	-1.3938308
1.7687718	0.70773757	2.1891234	1.5379629	-1.2476901	2.8865986	0.8114483	3.2880826	2.1973042	-0.8888798
1.6204638	0.84648025	1.4877844	1.4222142	-1.6699251	1.9204365	0.98284835	1.1179864	1.6479008	-1.5195371
0.42796373	-0.38444924	1.0088663	0.2782349	-1.5463389	-0.1702648	-0.19215856	-1.1150599	-0.12776709	-2.2714286
2.6011302	0.17852631	2.7465713	2.2439094	-1.4555757	3.5490568	0.07141746	3.1563542	3.0379086	-1.6154251
0.77467954	0.81501794	1.2226753	0.4359548	-1.6886312	0.3175785	-0.10755546	0.4383369	-1.1593057	-1.9872357
1.1816059	0.95835376	1.7327863	0.96217597	-0.72717893	0.8928329	1.3927426	1.4073548	0.7994923	-0.68682873
0.48060927	1.1338532	0.78276587	0.20163237	-0.94489944	0.83349746	1.3618667	1.1908163	0.80719566	-0.7570623
0.7651203	1.850491	1.0885718	0.48640347	-0.7041385	1.330464	2.491805	0.23078856	0.20527469	-0.3707307
-0.17670888	-0.5520401	0.41323936	-0.22085668	-1.235701	0.28919035	-0.5261316	0.28707832	0.43837246	-1.1953018
0.59300804	-0.46042353	0.9070442	0.4565866	-1.4861099	-0.62751466	-1.2269118	-0.6618564	-0.8675473	-1.422231
-0.24545011	-1.0162202	0.02906105	-0.31393665	-2.2096472	-1.2066085	-1.7046092	-0.46907055	-1.0498054	-2.3311546
-0.15208268	1.2884147	0.2756925	-0.36682516	-0.8282093	-0.34819168	1.3610644	0.40181467	-0.51029074	-0.9890545
-0.014624186	-0.289058	0.4890845	-0.21040158	-1.299467	0.6509497	-0.035671264	0.7403483	0.51037973	-1.0469711
2.0242105	2.8223953	2.343946	1.7534577	-0.55695796	1.0807846	2.0309417	1.3976892	0.62079	-0.5869229
-0.9709062	-2.0311205	-0.3531067	-0.99022806	-1.9023806	-1.0167285	-1.6901143	-0.44116393	-1.289345	-0.17913845
1.3275006	1.939439	1.8207945	1.1435661	-0.09174815	1.4193866	0.76433915	2.3525043	1.2028208	-0.7984599
0.40685937	-0.0017141551	1.2550902	0.23588024	-1.1399679	0.3880375	0.21564096	1.1884701	-0.022565056	-0.54752284
0.30049148	2.401079	0.66855705	0.013252988	-0.4442639	0.8355647	1.243914	1.5736027	0.6725373	-0.7959444
0.25376338	0.23203528	0.7401993	0.08211465	-1.2446996	-0.0005975508	0.5538661	0.78206795	-0.32110173	-1.3843219
-0.6982977	-0.95735765	-0.25270012	-0.78083193	-1.5292084	-0.37374035	-0.49672005	0.0869003	-0.6621829	-1.303855
1.3306733	1.7642615	1.4356664	0.93559325	-0.70543265	1.1470823	3.4444005	1.5082413	0.7313575	0.24619369
1.418852	0.9007703	1.7589179	1.1220891	-1.0482477	0.27824485	0.1621501	1.4362842	0.23500353	-1.2744128
-0.68503207	-0.94410074	-0.12785003	-0.7268824	-1.1080294	0.87441754	-0.32886574	0.9294557	0.888761	-1.0074805
0.06497019	2.736571	0.76247764	-0.23550741	1.7370781	1.7045412	4.408854	2.2307942	1.0123612	2.0621717
-0.056771673	-1.3081415	0.395376	-0.11861242	-1.3819686	-1.5373623	-1.8091689	-1.0264004	-1.5355891	-1.2817459
0.8477587	0.34901026	1.616095	0.6254059	-1.1788846	-0.5951554	-0.93754345	1.1514423	-0.9223901	-1.5188057
0.7308716	1.1041684	1.339237	0.5228506	-1.0223486	0.84156233	1.192257	1.5971899	0.5016996	-0.3916487
0.42760918	0.62000895	0.8477496	0.18492489	-1.1494226	0.47971925	1.5363171	1.3794131	0.15684076	-0.7092461
2.3614638	1.6129634	2.7018206	1.9774227	-0.98352957	1.6339821	1.4557754	1.6978045	1.4825944	-1.0922247
0.8325549	1.0872115	1.2732248	0.6140227	-0.706637	0.2799549	0.8716955	0.18759714	0.82731843	-0.9529015
0.089471795	0.66547525	0.65000486	-0.17138852	-1.138864	-0.28904623	0.14866494	0.86241543	-0.54007745	-1.0370322
0.65995085	-0.2083768	1.089472	0.4799406	-2.0208173	0.28956679	-0.28808206	0.3394147	-0.3461949	-1.861733
2.7369967	2.0346575	3.226098	2.328092	0.18964341	2.2813191	2.369549	2.6638048	1.962354	-0.3029953
1.3360485	1.761902	1.8168819	1.0741023	-0.92821014	2.7783065	2.8749125	2.800176	2.0316112	-0.9819801
0.29218486	0.003153205	0.8048792	0.12254296	-1.454029	0.6611623	0.25364068	0.13604535	0.04316866	-1.7377161
-0.41277528	0.7566025	0.011644572	-0.6545503	-1.3495927	-1.1160526	-0.1346063	0.2129019	-1.4537632	-1.2192695
0.26884532	-0.5012919	0.8610147	0.058785126	-2.1046708	0.19186187	-0.7499729	0.88322544	-0.4422964	-2.3739426
-0.7750954	-1.2847362	-0.26464257	-0.8188274	-1.5354201	-0.87901527	-0.7804358	-0.16249548	-0.76523805	-1.7148595
0.8002873	0.96783733	1.132499	0.56447315	-0.76040995	0.19129705	0.49077046	0.39649114	0.18369754	-1.647726
1.0184633	1.9594996	1.2580338	0.68229306	-0.97970736	1.0432532	2.4100137	1.802939	0.7477191	-1.4585223
0.4010428	1.702277	0.53950775	0.05682297	0.13953122	-0.17383821	0.62450606	-0.23558542	-0.95812225	-0.84967136
0.93401235	1.6339036	1.5086104	0.69221044	-1.0313436	0.32033798	1.7855836	0.26765803	-0.70171195	-1.865195
0.39947563	-0.3440485	0.73703843	0.20075862	-1.7678664	0.06550352	0.46561024	0.72550464	-0.21814413	-1.3612707
-0.1205754	-0.8773216	0.34344888	-0.23725834	-1.7046105	-0.20958222	-0.7922007	0.04711602	-0.36548173	-1.6659456
-1.0009841	-0.49134898	-0.6562393	-1.1148418	-1.1675988	-1.446332	-1.0775336	-1.2562877	-1.8345006	-0.89781284
-0.45590737	0.019693106	0.61673075	-0.5955618	-0.8506613	-0.48831612	-0.13001677	0.68672335	-0.52125716	-1.165467
0.7302268	1.4770437	0.94572604	0.3862353	-0.79194057	0.398458	1.7809457	0.2549002	0.36349007	-1.4416701
1.4223555	0.5022769	1.3164549	1.3349419	-1.0688552	-1.2724142	0.1677324	-0.22563827	-0.7671545	-1.2950777
0.37588963	0.2240654	0.7016572	0.1726207	-1.1788781	1.8382442	0.6844577	2.2863963	1.4231778	-1.5057536
0.17377076	0.46198717	0.7102952	0.0013395548	-1.2112501	-0.31307903	-0.24157314	0.6674239	-0.775249	-0.75732815
0.06602428	-0.5768105	0.59711933	-0.10215057	-2.5386894	-0.100216895	-0.993074	0.6413601	-0.41989553	-2.723654
0.399417	1.1388028	0.91378903	0.14296608	-1.013777	0.36254334	1.2109855	1.2014428	0.17056094	-1.6039532
0.43588004	0.15529183	1.0245299	0.18815838	-1.4866652	0.7299941	0.42132553	1.4724289	-0.04523251	-0.75056815
-0.35005316	-0.7416543	0.04996586	-0.4387648	-1.4832635	-0.4928303	-0.25697473	0.52866685	-0.8461393	-1.6433163
-0.86630553	-1.1390685	-0.40677437	-0.9436238	-1.6785535	-0.5092183	-1.0982965	-0.71509635	-0.67103654	-1.4470146
0.13076931	-0.022106394	0.6091142	-0.040366277	-1.4034337	-0.09216375	0.050487753	-0.068704225	-0.28469598	-1.726846
0.6958164	-0.0028119683	1.1995968	0.52819604	-1.6582212	1.9226485	3.0930905	2.4163616	1.5631607	0.3703326
-0.5778393	-0.2023842	-0.15195349	-0.74670476	-1.0802593	-0.09352414	-0.039403852	0.23484054	-0.18160294	-1.4822011
0.734892	2.6037586	0.7988273	0.33359706	-0.8935989	-0.2637068	0.84471893	0.18066543	-1.3713385	-0.99580395
1.2257118	2.9512446	1.1581247	0.85379887	0.13278657	1.6407684	3.332079	1.0541738	0.74622	0.78949285
0.71387094	0.21168104	0.8557981	0.5351854	-1.2673631	0.7513285	1.7212973	-0.07152577	0.6135836	-1.4147551
-0.060272135	-0.4340915	0.4043675	-0.18709639	-1.2590946	0.09609252	0.1953655	0.74458563	0.10024625	-1.4017811
0.6836404	0.94496095	1.3911095	0.4435265	-0.5150585	-1.1015714	0.52135426	-1.8839631	-1.5082957	-1.7211128
1.3743883	0.917577	1.7348272	1.1081316	-1.9020883	1.1749052	0.53980607	1.7749956	0.12034663	-1.886946
0.19810104	0.055862248	0.6939745	-0.01409018	-1.6646074	0.1277884	0.11859615	0.78517675	-0.32126847	-1.4036678
1.2002935	0.36864558	1.7755029	0.9470483	-1.4287399	0.35357174	-0.08656458	1.3610969	-0.023058286	-0.94873375
1.374786	2.2434022	1.7081953	1.1033752	-0.7053783	-0.18876801	0.899391	0.86970496	-0.39920318	-1.3458058
-0.20446324	-0.47424027	0.21607614	-0.34017813	-1.4574308	-0.42260605	-0.15378052	0.12687263	-0.13590159	-1.2573454
0.14827964	0.28170118	0.67294395	-0.032889515	-1.2878019	0.4884882	1.6939725	1.1821779	0.090312034	-0.7184691
-0.83592135	-1.1935387	-0.3999224	-0.90123737	-1.4172399	-0.6885565	-1.0080985	0.02183819	-0.21215108	-1.3155861
2.1476338	1.5313897	2.551647	1.7721877	-0.56768465	1.6516246	1.0014862	2.2967103	1.3878152	-2.097259
-0.5335116	-0.7731633	-0.085933656	-0.6636414	-1.5150925	0.6269361	0.5886425	1.0105265	0.3521842	-1.9467368
-0.89263004	-1.3638891	-0.5688381	-0.93614674	-1.2175391	-1.2523614	-1.6647985	-0.76909053	-1.5423077	-1.5093994
0.5033546	0.78874385	0.9097674	0.28262085	-1.0223563	1.0526947	1.3005863	1.441446	0.52300435	-0.753987
1.059018	0.50133014	1.6429161	0.86400306	-1.3436549	0.40908837	0.7387178	1.3397205	1.8082268	-1.0990659
-0.11670319	-0.6918323	0.2686005	-0.17854346	-1.4357574	0.32634306	-0.19365269	1.0638961	0.15425342	-0.86560845
-0.4787011	-0.36568016	-0.18460384	-0.5481921	-1.2894351	-1.2078753	-0.9973251	-1.0528231	-1.2559669	-1.3149022
-0.8495844	-0.2754639	-0.47417393	-0.9788527	-1.0218812	-0.8683799	-0.8415397	-0.0129447775	-0.44153666	-0.31727654
3.7985737	2.3460476	4.0023026	3.4376812	-0.6244749	1.9296914	0.75768876	3.05842	1.6960291	-1.0216054
-1.5333582	-1.5690356	-0.9959178	-1.5019951	-0.8836489	-1.949379	-1.4773083	0.095552094	-1.6490555	-1.7813166
0.15591952	-0.5016084	0.75113964	0.037567392	-0.39590132	0.9095278	0.9049498	1.2939106	0.5871885	0.8367863
0.37046462	1.3785055	0.7580615	0.07868977	-0.59143233	1.2071242	1.3606491	1.3058729	-0.35024098	-0.7630271
-0.077842556	1.0901259	0.3585869	-0.32519102	-1.2948767	-0.5731327	2.0458088	0.34514537	-1.0140618	-2.0164845
1.1502019	0.26015076	1.5235484	0.9059757	-1.3248899	1.1266873	0.91110736	1.2948583	0.8542858	-1.575424
0.17642233	0.167786	0.8003882	-0.024675116	-1.0283117	1.705116	1.4472398	1.8778507	1.4822587	-0.7352615
-0.32186502	-0.6220435	0.18830648	-0.40018362	-0.97970736	1.4464726	2.2015734	1.8625494	1.2901021	-0.5737452
-0.24193195	-0.44308963	0.20211175	-0.34508312	-1.3880796	-0.15163074	0.44617862	-0.05372942	-0.23525313	-1.3773389
-0.42671672	-0.72940457	0.0608626	-0.45502293	-1.2521117	-0.580403	-1.4000866	0.01221159	-0.35098487	-1.3502005
-1.0170685	-0.88305163	-0.5917077	-1.077664	-1.3064692	-1.2027084	-1.3678237	-0.46654123	-1.6437318	-0.7186339
-0.22779581	0.61310315	0.045460224	-0.44129562	-0.557176	-0.11022663	1.3749001	0.17260922	0.03833295	-0.078673854
-1.6028637	-2.0036402	-1.003352	-1.5568309	-0.44237873	-0.72434133	-0.3325346	-0.1910194	-0.8850984	-0.9890702
-0.5672582	1.762855	-0.40171972	-0.89776736	-0.35387972	-0.61062485	1.9409049	-0.5182441	-1.189547	-2.4157765
0.89119697	1.8204439	1.2291331	0.54152465	-0.8847585	0.7594414	1.1560651	1.5161954	0.5615686	-1.2640337
0.22487175	-0.004282281	0.88385785	0.027386919	-1.1311169	-0.26430362	-0.5646995	1.1754625	0.029187232	-1.3574773
1.0751642	1.3185484	1.3895351	0.8152958	-0.9910704	1.5728313	2.3925128	2.4001055	1.4273157	-1.2586161
2.0670254	2.1038158	2.5836148	1.785125	-0.6635553	1.6687788	1.9775306	2.0115645	1.1446655	-1.2700763
0.40301389	0.33231565	0.7970829	0.23926364	-1.119797	-0.25837776	-0.27330425	0.6886271	-0.34925374	-1.4701279
-0.70646435	0.21128836	-0.29621282	-0.84799296	-1.2865722	-0.8490573	-0.22531106	-0.10221297	-1.4358469	-1.1596627
1.2473165	1.4762342	1.8114759	1.012415	-0.74284184	2.1166492	1.8296096	2.151507	2.2838728	-0.59099436
0.62728274	0.31616595	1.2740285	0.42853516	-1.0583127	0.16584212	0.09500771	0.75191706	-0.2929464	-1.3124825
-0.1678381	-0.63565034	0.16242078	-0.2652614	-1.21598	-0.58886343	-1.106007	0.19259171	-0.36053565	-1.1549398
0.5152596	0.74873495	1.0450845	0.26740032	-1.1251634	-0.2712385	0.15861322	-0.14913723	-0.95654494	-1.9677782
0.42581204	1.2511024	0.974275	0.17936535	-1.0215867	-0.5504401	1.2562156	-0.38035795	-0.76025164	-1.575885
2.218392	0.6587354	2.8319225	1.9280789	-1.2089719	1.3433257	0.6626882	1.9779582	1.1675643	-1.6756731
0.37379122	0.39669713	0.6651293	0.15754835	-1.3679913	0.84755194	1.0869563	1.1398351	1.017651	-0.8146649
0.011641137	-0.8496723	0.5980376	-0.10680295	-1.9459542	-0.5661883	-0.9246372	0.2822478	-0.6486027	-1.3145192
0.035034835	-0.9068439	0.62618506	-0.040972546	-2.1695633	0.52780557	-0.23274878	0.85525197	0.6225029	-2.385123
1.6686536	0.38088277	2.1276562	1.4309094	-1.060047	2.6280131	0.9230594	3.3892493	2.0632784	-0.6674201
0.04579308	-0.018219069	0.43787783	-0.1078931	-0.99937534	-0.5942355	-0.11171329	-0.11477139	-0.64433515	-1.1626341
1.102773	0.22462717	1.5980566	0.81641734	-1.6634841	0.15515302	0.21310338	0.73047197	0.10119955	-1.3402944
-0.4996158	0.22655389	-0.09341422	-0.70941037	-1.5118887	-1.0796398	-1.4278284	-1.1744616	-1.6184151	-1.892027
1.2054454	1.8093939	1.6053452	0.96715546	-1.3783609	-0.41620442	1.5976403	0.35075575	-0.48369947	-1.4952767
-0.050772913	-0.8232827	0.3429477	-0.17107125	-1.3928474	-0.58385855	-1.0196252	0.062522136	-0.43925285	-1.547014
0.57285565	1.6388502	0.9808682	0.25959373	-1.159597	0.9301596	4.4513884	0.7494235	-0.46879762	-0.6705444
0.4178833	0.48271254	1.0296845	0.2841376	-0.8860587	-0.19492158	0.6439981	0.7911752	-0.27319095	-1.558162
-0.04168349	-0.43599832	0.34610882	-0.2187444	-1.3696402	0.4667543	-0.8532905	1.500077	0.6174359	-1.1899475
2.1335466	3.238275	1.8707685	1.6267395	-0.61013854	-0.100732826	2.012377	0.83611584	0.044978593	-0.4803104
0.28894138	0.07986018	0.88704336	0.10579412	-1.994256	1.4765439	-0.053515263	1.307815	1.7275001	-1.4968894
2.673883	0.2271677	3.1269855	2.4302893	-1.0185697	2.51351	1.2294788	2.7488785	2.8106961	-0.59845823
0.80747217	0.5462277	1.4933774	0.59027475	-0.9358767	1.617377	0.9524655	2.489262	1.6095752	-0.3258245
0.42458826	1.3378183	0.73562586	0.0933765	-0.9237492	2.253585	2.1265366	2.2507806	2.110899	-0.822214
-1.171713	-0.43214247	-0.92891467	-1.1844424	-0.73635864	-1.331439	-1.1036407	-0.67792153	-1.3792179	-0.5593234
-0.63803065	0.042594194	-0.24274346	-0.8234841	-1.1699847	-0.7017863	-0.5087604	-0.42474595	-1.2522808	-1.2219979
1.3063363	0.60372794	1.6516737	1.1441549	-1.4825398	0.6537011	0.58443916	1.2158008	0.7768466	-1.3635064
1.7224573	0.9381976	2.2586243	1.4296992	-0.4927795	0.52778864	0.78610337	1.0759393	0.25790837	-1.1093967
1.0649161	1.5130358	1.5061909	0.77370226	-1.0380927	3.504489	2.3868408	3.093926	3.7183073	-0.86988395
0.397403	0.37136778	0.93224037	0.14578505	-1.5460252	0.14723277	-0.6067918	1.0996159	-1.2412677	-0.9423828
-2.091224	-2.0415955	-1.3484359	-2.0632284	-1.5187372	-2.0304031	-1.883896	-1.3199416	-2.1189072	-0.9695352
0.051997088	-0.87959945	0.5547224	-0.11828672	-2.2330048	0.03911114	-0.8547274	0.5397371	-0.09462778	-2.1584742
-0.5851719	2.1702302	-0.21910599	-0.8646794	-0.22858939	-0.6929374	4.1680894	-0.030395612	-0.6806333	1.4922913
-0.11397354	-0.81712353	0.41003734	-0.2610079	-1.9081802	-0.018405218	-0.7573734	0.6726536	0.051762283	-2.1403265
-0.5447355	-0.8332759	-0.0016987026	-0.7012465	-1.6730553	-0.6087569	-1.6355976	0.547368	-0.9816999	-1.82304
0.47332975	1.3725852	1.0655595	0.20077194	-0.57681143	1.0497718	0.51687235	1.14213	1.1723013	-0.8809413
0.7186516	1.3987117	1.1692635	0.42792243	-0.8269001	-0.029203465	1.3926687	0.5869862	-0.61349446	-1.2778755
0.5174579	-0.24655087	0.931692	0.29333895	-1.7753693	-0.11502773	-0.732506	0.45386574	-0.46939474	-1.6072836
0.2654994	-0.28297234	0.8105295	0.092424706	-1.3890935	0.18650511	0.9945377	0.7933219	0.7926358	-1.0003515
-0.2946829	-0.58026433	0.2020995	-0.41941926	-1.2862899	-0.36480102	-0.8878527	0.16167639	0.021064745	-1.017953
-0.21199006	-0.35346088	0.078472465	-0.31224936	-1.4581296	1.2264577	1.2750689	1.622737	1.2446818	-1.1092372
1.3972479	2.97827	1.0239861	0.97901297	-0.1341864	0.8571466	2.753195	0.37205368	0.2718718	-1.0798593
1.1292377	0.20886225	1.7326391	0.89530194	-1.3420323	0.9698593	-0.14221448	1.816239	0.34434044	-1.7749605
0.089882664	0.08992764	0.48395053	-0.077144995	-1.4828181	-0.23444203	-0.030570861	0.02447853	-0.11388271	-1.2826239
-0.871307	-0.94292986	-0.37824604	-0.9319682	-1.3221521	-1.0885855	-0.12732038	-0.82992995	-1.3476226	-1.4995803
0.79089904	1.1975697	1.0112699	0.534549	-0.54030925	0.23033977	0.78749114	0.38403493	0.5571987	-0.5225935
1.0232366	1.3177454	1.4802303	0.7474906	-0.884081	0.8650613	1.0734631	1.5895842	0.5439008	-1.7196041
0.8050111	0.17148164	1.3028556	0.5286276	-1.5501784	0.13115597	0.034837138	0.9810583	0.2773739	-1.2505299
0.39651483	0.33779356	0.7927592	0.16344611	-1.0755887	-0.6852873	0.51341414	0.29701456	-0.5112982	-1.4037956
-0.011915602	-0.31896716	0.07591921	-0.15569071	-1.3178086	-0.41619968	-0.5696718	-1.0117146	-0.40165251	-1.034389
1.1030059	1.3317212	1.5372833	0.85223377	-0.6743298	0.89817077	0.4913568	1.582189	0.94578713	0.15322526
-0.092114516	0.4064665	0.22794613	-0.36940145	-1.1074942	-0.9474985	0.041674897	-0.4923348	-1.7700928	-1.2780403
-0.15814131	-0.5620587	0.51489687	-0.24155365	-1.5098815	-0.6653304	0.49704164	-0.22650729	-0.110620156	-0.8598623
-0.33022505	-1.1078781	0.28522646	-0.4223616	-2.497563	-0.40835404	-0.9352006	0.48838598	-0.3171013	-2.81069
0.64287275	0.7363092	1.2882843	0.4286201	-0.77996707	1.4384371	0.7315641	1.488424	1.3989015	-0.40221283
0.9187791	1.4029945	1.3364296	0.6746927	-0.5805534	1.6973795	1.8970736	2.3174462	1.5968276	0.050377604
0.1927397	-0.041615322	0.93189573	0.025895387	-1.3301207	1.5889913	0.019765152	2.2710557	1.2901865	-1.3569634
2.9771013	3.1169178	3.107499	2.5955458	0.9508673	0.16372335	2.3777652	0.7182824	-0.38008115	-1.3600185
0.7088643	0.37369636	0.9174584	0.48680466	-1.1047812	0.34081239	0.17010635	0.4625349	-0.3170985	-0.9310882
1.8715457	2.5673685	2.4994886	1.5605868	-0.7249334	2.6445382	2.1870475	2.944828	2.3305693	-1.1823164
-1.0749563	-1.1390545	-0.8060323	-1.0703542	-1.5058872	-1.9680291	-1.637015	-2.3230546	-2.2405937	-2.741941
0.40759256	0.1766344	0.81528854	0.16933762	-1.4994594	-0.5796721	-0.9493986	0.16698973	0.27503014	-1.4250835
-0.8362285	-0.25455293	-0.47231773	-0.9018803	-1.0310843	-0.5322835	0.9135622	0.22274813	-0.38337758	-1.5984607
-0.63945657	-0.9786233	-0.21035948	-0.7743864	-2.2919114	-0.9793369	-0.4083433	-0.41093338	-0.7513602	-2.736085
0.43514088	1.7756093	1.2556155	0.2520098	-0.13005537	-0.7911847	0.07599333	0.86876833	-0.94235224	-1.0002348
-1.1380339	-1.287478	-0.6758814	-0.98931795	0.79733837	-1.3243617	-1.480436	-0.70787394	-1.8304859	0.857789
2.171923	1.8242321	2.1547084	1.8240309	-1.0995356	0.7665507	1.37954	1.0295086	-0.20307902	-1.7109452
-0.18100408	-1.0748955	0.28187707	-0.22707649	-1.8619975	-1.1552345	-0.42068893	-0.3105576	-0.9203055	-1.8632469
1.5969945	3.675667	2.0071456	1.1668248	1.5033985	-0.050308283	1.5972022	0.2623305	-0.8411623	-0.4587744
2.088263	3.4089248	2.425416	1.6543713	0.19106975	0.67833644	3.1610842	1.228013	0.25268054	-0.48325855
0.35893106	-0.46696183	0.90167856	0.1993442	-1.8108225	0.30937988	-0.35917863	1.0701618	0.075384036	-2.0942268
0.7714736	-0.4348087	1.1174107	0.5965693	-1.9017789	0.7105291	0.30133346	1.6861748	0.29964125	-1.7026724
0.25042447	-0.116054475	0.5778818	0.022050008	-1.4176697	0.75742793	-0.65112144	1.1481962	0.7447878	-1.8666037
-0.23465803	0.5668906	0.17246783	-0.4051957	-0.7778539	0.044800527	-0.20198335	1.021919	0.29805166	-1.3391756
0.74667984	2.8363433	0.588743	0.2939074	-0.703668	-1.5241818	3.8061233	-0.27607852	-0.02166158	-1.2193257
0.9450485	1.395879	1.4267108	0.77680683	-0.6940752	1.7319845	1.9508854	1.9783034	1.525569	-0.78948784
-0.34796754	-0.2773477	0.15778926	-0.43262863	-1.3852268	0.66184783	0.64061576	0.4436874	1.0209633	-0.5075825
-1.5822811	-1.4111378	-1.0830972	-1.5544199	-1.1533097	-2.7935057	-2.281033	-1.4908808	-2.0260417	-1.5041573
1.5770984	3.4384606	1.5909929	1.2338407	0.056550235	0.9244853	5.166872	0.37731975	0.15730822	-0.2495438
0.6762302	0.5038719	1.1625212	0.38493866	-1.6063827	1.0327779	1.5546746	1.4054891	0.47817323	-1.8639407
0.90949494	1.1055973	1.4278172	0.647987	-0.97935617	0.20809051	0.543086	1.0042796	-0.21837102	-1.7424173
1.2557963	2.3131378	1.5913734	0.95608866	-0.08283684	1.1494262	1.9797975	2.0051403	1.3557916	-0.70079494
-1.4261698	-1.7292867	-0.9974395	-1.4181303	-0.68705213	-0.9707039	-1.5463395	-1.2392294	-0.5852574	-1.9735475
-1.8114158	-1.6810958	-1.1194056	-1.7863063	-1.7403301	-1.1956398	-0.7761815	-0.49853995	-0.6448244	-1.4890064
-0.4078915	-0.21324524	0.048035562	-0.50286484	-0.923668	-0.9724647	-1.3663917	-0.47182196	-0.9395607	-0.7814376
0.75758934	0.10172716	1.4250184	0.59012234	-0.933287	1.5862348	1.0975298	1.8911213	1.6457042	-0.40284
-0.40417558	0.5667808	0.15289003	-0.66959876	-1.3410301	0.0411222	0.77773196	0.24264924	-0.45327154	-1.5621111
0.562419	-0.11451051	1.0602738	0.45679694	-1.22353	1.3220102	-0.10982839	1.3111887	0.5050057	-1.1571411
-0.9341341	-1.0368656	-0.46948144	-0.95775753	-1.2146032	-1.4841118	-1.560029	-1.0405993	-1.461335	-1.6206082
-0.36374682	-1.5829484	0.34947774	-0.37586415	-2.7560618	-0.021842213	0.17261535	0.27234334	0.16627027	-2.538812
1.5042721	2.2437632	1.277558	1.2047436	0.34771892	0.6505979	1.5932556	0.8695167	0.6401396	-0.21644749
-1.634451	-1.6054221	-1.0733312	-1.6429905	-1.398447	-1.6844761	-1.2671194	-1.8304961	-2.1880884	-1.8011624
-0.17538342	0.5454813	0.17849955	-0.43214214	-1.3624297	-0.037616387	0.87988544	-0.011770204	0.32681698	-1.8460461
-0.9960528	-1.0396544	-0.5489615	-1.0646739	-1.6103389	-0.75359136	-0.37043115	0.5138234	-1.2764624	-1.3776594
1.2360274	2.4693425	1.3588928	0.8720002	-0.21980533	2.1535637	4.249155	1.9354205	1.6883955	0.4683089
0.050653182	-0.11761713	0.29897544	-0.12054707	-0.8267554	1.6840608	-0.5949246	1.2221795	1.2362363	-1.4184363
0.14248309	-0.5217228	0.6558519	0.04154423	-1.9656565	-0.069852	0.11332951	0.4573132	-0.23008719	-1.7723788
1.7426559	2.3300498	1.8866935	1.3716558	-1.1009812	0.8007284	1.9277409	1.4122467	0.22204569	-1.8428361
0.88787395	1.341156	1.1368561	0.6824861	-0.046366602	0.66482663	1.3408451	1.308616	0.58352363	-0.31729418
-1.0306306	-1.1204042	-0.5752723	-1.0576026	-1.0629661	-0.97115916	-1.857022	-0.6143581	-0.98659295	-1.4887345
0.23846152	0.47163436	0.42018437	0.034675613	-0.9023173	-0.029896135	-0.59173554	0.34554616	-0.66653425	-2.232563
1.6044091	2.9786308	1.4903337	1.1075323	0.9560394	0.75387704	2.354618	0.7731422	0.18614864	0.746849
0.098942764	-0.41297713	0.6742346	-0.052729294	-1.6688652	-0.055500988	-0.5326282	0.9110465	-0.3727849	-1.1791999
2.6575172	0.52879405	2.92529	2.3850985	-1.3076122	2.1717029	-0.7994421	2.330264	2.3701713	-0.96525216
1.212751	2.0672653	1.7499784	0.95783126	-0.9399382	1.2513206	3.1131337	2.3046975	1.16377	-0.05114914
0.45750675	0.8597989	1.0424547	0.20123334	-1.6096452	0.4325412	0.71352977	0.9502702	-0.11135308	-1.7288631
2.7705321	3.8449967	2.448746	2.3459256	-1.0791986	4.6011553	4.7588053	4.009124	4.1715164	-2.2656014
1.3610435	1.5528648	1.7501764	1.0888652	-0.87343335	-0.19427127	0.94208586	0.8106939	-0.27260184	-1.4507103
1.5725757	1.6323208	1.8882848	1.1599483	-1.1332954	1.6601795	1.2187539	1.4872315	1.5858406	-1.2310356
0.11779042	-0.18601525	0.5273514	-0.047289535	-1.0899516	-0.3718738	-0.6282376	0.5368087	-0.7725671	-1.187739
0.7343311	0.6779481	0.7746891	0.59354997	-0.32013634	1.2729841	0.39222112	0.2944384	0.9218375	-1.0175873
1.1534655	0.05485505	1.4482973	0.93446815	-1.4572014	0.95471585	0.07585151	1.1621016	0.37681288	-1.2204443
0.5481966	0.85551333	1.0463921	0.29187673	-1.2223086	0.7020034	1.0210223	1.2383167	0.2825826	-1.4712077
0.21483356	1.0998265	0.65863454	-0.071284726	-1.2122191	0.44166115	1.236955	0.8917736	0.22254744	-1.544641
-0.8128243	-0.8994769	-0.3765379	-0.8826781	-1.008136	-0.87208277	-0.9594038	-0.7452735	-1.0060191	-0.7801778
0.19362113	-1.1528121	0.53073406	-0.02852048	-1.6745175	0.47619918	-0.9514462	0.74180007	-0.16278645	-1.5354749
0.36822066	0.18285045	0.6687325	0.15386008	-1.2952715	-0.12385801	-0.04536865	-0.19301578	-0.009567452	-0.45106912
-0.14775237	-0.45316467	0.27561527	-0.2960127	-0.9882785	0.0948443	-0.08701382	0.110604174	-0.4132449	-0.13244584
4.136778	3.6748433	3.795582	3.7664573	-0.12150581	3.4228983	2.6990075	3.1959145	2.9354274	-0.567052
0.24762514	0.43559358	0.6789958	0.019345269	-1.3070645	0.891139	0.39293322	1.3198905	0.39362824	-1.2651935
0.16018432	1.6054384	0.3621047	-0.11537699	-0.29569918	0.97764593	1.5315125	1.5183711	0.21583942	-1.1354724
0.2879998	1.4994338	0.3026432	-0.0044567883	-0.6027866	-0.7550821	0.06886783	-0.42011058	-1.667298	-1.3782104
0.23443809	0.70470965	0.6461561	0.0063411146	-1.1946325	0.32984352	0.91948885	0.8534013	-0.58498704	-1.1324065
3.1561253	2.235262	3.220047	2.8682027	-0.036611974	3.0920134	2.259152	2.8472254	2.3484237	0.17869776
-0.14899448	-0.06888388	0.13701357	-0.38322562	-1.4334503	-0.77696645	-1.036912	-0.120043434	-1.0964822	-2.013923
0.17033228	0.43104377	0.4616965	0.017216653	-0.9494692	1.6049455	2.5667646	2.0917754	1.9722391	0.14049278
-0.09011165	1.3758293	0.6949414	-0.38640553	-1.3566769	-0.42591825	2.2239416	0.21941924	-1.2053196	-1.9251043
-0.038900334	-0.7443974	0.52707064	-0.19469593	-1.9775113	-0.59344727	-1.2654674	0.24701269	-0.7642608	-1.2123384
-1.8384224	-1.9879944	-1.197623	-1.7642932	-1.627354	-2.4281347	-2.0068202	-1.1690217	-2.2102206	-1.2276474
2.3778803	3.0430572	3.0096352	2.024462	1.5111583	3.0826936	4.136456	3.8124282	2.3164089	1.3229806
-0.06752945	-0.48359996	0.4307745	-0.1874307	-1.3051901	-0.0074767894	-0.5714328	0.5352061	-0.45126286	-0.9199898
1.9915961	3.3790987	2.2262719	1.6597495	0.9229082	0.59916264	2.2035904	1.4579488	0.15410857	0.58532935
-1.7512935	-1.6118597	-1.1343982	-1.7664056	-1.4895421	-1.5428388	-1.6429616	-1.6822616	-1.0499407	-0.9746419
1.7143251	0.6187992	1.7822026	1.3468069	-1.2551808	2.3466053	0.52308863	2.1284196	2.0789928	-1.017846
0.7050844	0.6783849	1.0891367	0.52276504	-0.8144643	1.2743367	-0.23004827	1.1770854	1.6197193	-2.0232508
-0.6186771	-0.6262807	-0.14307961	-0.7253269	-1.2727835	-1.1193981	-0.9663518	-0.29523963	-1.2409838	-1.3406917
1.664817	1.6361401	2.1391804	1.4721653	-0.1150966	1.6029093	1.8989561	1.3468357	1.2600433	0.13783784
-0.19896287	-0.5824126	0.17396477	-0.3473388	-1.5240984	0.6668959	-0.18120572	0.8534063	0.53614324	-1.6681235
-0.11501635	-0.4320129	0.32254753	-0.3092757	-1.6497765	-0.8973496	-1.7011645	-0.19542101	-0.8102928	-1.8262408
0.91004765	1.131254	1.3568897	0.60887563	-1.0227706	0.62078285	2.0227394	0.7669729	0.16250764	1.9310325
0.062566034	-0.11753076	0.5392064	-0.121591255	-1.5294577	-0.63727206	-0.9837945	0.038975988	-0.28469598	-1.0942425
1.2950815	0.83419204	1.8396766	1.0080453	-1.1023718	0.8483347	1.2628884	1.0758575	1.2882519	-1.276624
-0.4743466	-0.48929742	-0.05328095	-0.5245443	-0.7225455	0.010798679	-0.53662527	-0.09345288	-0.09783016	-0.9341677
1.3197236	1.6710505	1.7996806	1.051348	-0.9190147	0.8280232	1.8544483	1.5867552	0.86276627	-0.9137551
0.17214629	0.51999056	0.58213353	-0.06258021	-1.3091612	0.1417291	0.9600137	0.5990553	-0.16951425	-1.6024665
2.363564	1.6563802	2.3893163	2.1763093	0.3035144	3.182496	2.7579691	3.051035	3.0365713	1.5240455
-0.080326684	0.12535664	0.15532856	-0.24394363	-1.3884276	0.76385885	-1.029003	0.0693134	0.47936612	-1.6286157
-1.7185905	-1.3182449	-1.2061145	-1.702605	-0.97229743	-1.7467688	-0.4929999	-2.2572515	-1.904284	0.91571933
1.5369542	1.1702334	1.9106406	1.298547	-0.56318814	1.4522436	1.1618829	1.5418103	1.4189022	-0.865233
-0.104192875	0.58352125	0.47249493	-0.31493533	-1.2634169	1.0439956	1.4312378	1.0267177	0.7006983	-1.6062454
2.9204924	2.2787533	2.7965915	2.5299592	-0.2431446	3.1102538	3.2462761	2.45417	3.1381793	-0.91581464
0.11736523	0.016415596	0.5833667	-0.05714892	-1.3563609	-0.070216395	0.10042491	1.0312072	0.0019195334	-1.451687
0.043571733	0.035632253	0.7368524	-0.13134326	-1.1251079	0.6340145	-0.3406865	0.78512156	0.2516983	-1.2026753
0.74721	2.1923282	1.1197327	0.41499352	-0.86620474	0.8830738	2.407837	1.2952398	0.92177415	-0.8445804
-0.21076706	-1.2808423	0.26998386	-0.27706176	-1.6826397	0.3572775	-1.7254559	0.6772039	0.5992889	-1.5952721
0.364155	-0.18240036	0.6707164	0.25362784	-0.77885383	0.074682474	-0.41712287	0.43489397	-0.56629646	-1.0578603
-0.20539257	-0.8545437	0.1667811	-0.32896745	-1.4747385	-0.42201358	-1.0767953	0.09248544	-0.6375025	-0.43159315
-0.09827594	-1.009036	0.4744487	-0.24731	-2.0702643	-0.36392912	-0.92147535	-0.49327058	-0.060972854	-1.8602045
-0.017386891	0.6763673	0.4008983	-0.23469423	-1.4222733	-0.58430606	0.32123074	-0.3660289	-1.4484396	-0.7894843
1.6476446	3.3867238	2.195966	1.2824918	0.4474356	2.5689669	2.6306334	3.5556552	2.4725327	-0.39831913
0.6297123	0.7119392	1.0950778	0.5353685	-0.8331673	0.24905105	0.51500845	0.43970346	0.06349407	-0.8791415
1.1635433	2.1296263	1.4070807	0.89730597	-0.5950779	2.3322039	3.2695262	2.5155587	1.6691185	0.024513172
-1.1946965	-1.024365	-0.74581206	-1.2661073	-0.16797152	-1.9740363	-1.1887733	-0.32513076	-1.9348716	-1.0122458
0.28031614	1.6116564	1.298712	0.06611012	-0.9480643	4.7028823	4.489007	3.1775846	4.2300262	-0.9742951
-0.48955575	-0.69062847	0.0078611225	-0.58841866	-1.3137616	-0.4186161	-0.46601978	0.38646328	-0.79559076	-1.132622
-0.11824495	-0.65024924	0.5251291	-0.296391	-1.4832661	-1.2426993	-0.9360216	-0.4770407	-1.7471162	-1.5724491
1.8809501	3.2493567	1.9070792	1.4519584	-1.0411172	0.9329356	1.861522	0.77993286	0.7847194	-1.4822154
0.61272466	0.08176151	1.2249414	0.38220924	-1.259796	0.68859446	-0.63448375	1.8071246	0.28144613	-1.5707308
1.0128355	0.3233079	1.3389055	0.754126	-1.4923409	1.0281432	0.06925789	1.3882147	0.6251323	-1.188526
0.14143068	0.27794233	0.7176284	-0.004698336	-1.2390332	0.3816034	0.30803922	0.95464313	0.66133267	-0.9035984
1.8283731	3.5335355	2.3510678	1.4531369	0.8865222	0.48439643	3.291138	1.0598208	-0.24237014	-0.8975927
-0.46163395	-0.634218	0.018964708	-0.5340911	-1.2704719	-0.8290275	-1.3347074	-0.7690661	-1.2043775	-0.9954202
-1.5269002	-1.729084	-1.0435264	-1.5322943	-1.5374485	-0.79138416	1.0474701	-1.0545058	-1.3769839	-2.2777007
0.07047101	-0.36268088	0.39775863	-0.07130934	-0.34542203	-1.6275437	-1.8248444	-0.8023036	-1.4486636	-1.1537691
0.0024163797	-0.09351504	0.4001779	-0.14034186	-1.3318745	-0.45273438	-0.5746612	0.7211072	-1.373201	-1.5882038
-0.007365059	1.8393948	0.009111181	-0.2600727	-0.06644061	-0.46929443	2.163418	-0.42460358	-0.5587151	0.23751374
0.5894505	1.0662327	1.0482261	0.3623994	-1.1726563	0.014568162	0.67441684	1.035612	-0.6994262	-1.5203247
0.049243756	0.9499605	0.26778907	-0.14702027	-1.0870314	-0.4109388	-0.42398575	-0.20525919	-0.3342502	-1.4685953
2.1425898	1.7466103	2.3991723	1.8718233	-0.2886247	0.88372374	2.0634134	1.3053919	1.0955191	0.7454101
1.3387767	0.27917174	2.1614044	1.2158494	-0.52301335	1.6457443	1.0827898	1.8885552	1.5675215	0.38011077
0.14335814	2.0211382	0.47195742	-0.13356838	-1.0349411	-0.42175892	1.0692269	-0.8081578	-1.2798015	-1.6092013
-0.74317455	-0.5369772	-0.6968863	-0.8617607	0.044404715	-1.4064314	-1.1680175	-0.85427976	-1.164192	-1.3029048
0.4606836	-0.015404895	0.99264276	0.33592355	-1.1347693	-0.06804662	-0.19770202	0.20042944	-0.22505698	-1.3072562
0.8992304	2.2744153	1.1602569	0.52535784	-0.696984	1.3448347	2.8761988	1.5290713	1.1060317	-0.58345646
3.7272935	2.7399518	4.2260585	3.3162801	-0.41972047	4.26058	3.4010503	4.838453	4.4036565	0.429131
-0.28111294	-1.3145808	0.33724016	-0.33241725	-2.6166792	-0.18532844	-1.326228	0.49439806	0.0252633	-2.5069368
-1.2831328	-1.1343834	-0.9888694	-1.3189567	-1.1114463	-0.8283954	-1.0318882	-0.8218321	-0.80523515	-0.8251533
2.7617962	5.2902527	2.5377772	2.1273804	0.04115635	2.1048958	4.5592184	1.948455	2.0361722	-1.0993396
1.1998385	2.490178	1.1652533	0.8371208	-0.41654104	2.607318	3.0932095	2.2947996	1.9839253	-1.2349559
2.7014039	2.3436577	2.6350794	2.312175	-0.41262513	2.424801	3.7211366	2.5555532	2.0687096	-0.12478238
0.98583144	-0.48348257	1.4982811	0.7713359	-2.042227	0.41000146	-0.33821216	1.0887725	0.22716552	-1.4886233
0.7309398	2.1381307	0.56082785	0.34277213	-0.16882518	0.26722863	0.31257173	-0.0309239	-0.32838526	-1.3942933
0.30548364	-0.24216682	0.7440555	0.12807517	-1.6162754	-0.33168074	-0.6777383	0.2705193	-0.23208357	-1.2657936
0.6044559	0.41410628	1.135316	0.4733985	-0.96727383	0.37753028	0.2976476	0.96030325	0.03967173	-1.2647027
2.2225106	1.5938003	2.1428845	1.92853	-0.44389468	2.1579237	1.349288	1.3310765	1.464685	-0.2898272
-0.18602693	-0.38459283	-0.048073113	-0.37386286	-1.131219	0.32469058	-0.7717743	0.39078552	-0.09517652	-0.9953504
1.3365054	1.4859807	1.9748826	1.1203133	-0.82508844	1.3870084	1.5785952	2.071981	0.42900416	-0.047671527
-0.5028707	-1.1172309	0.09907594	-0.56572384	-1.2099586	-0.8823406	-1.2024722	-0.58234787	-1.5994331	-1.5886048
1.0165436	1.930063	1.4584132	0.6969939	-0.9079875	0.22857936	0.15028277	1.0023863	-0.2724483	-0.77956766
1.0607111	0.9891088	1.3562561	0.7587866	-1.4645054	0.08340934	-0.26488042	0.5119697	-0.10981117	-1.455589
0.8357841	2.0443633	1.4946836	0.6494082	-0.36993882	0.27776828	0.97519237	1.0394877	-0.20894396	-1.5709302
-0.48224026	-0.32463008	-0.14387533	-0.5669994	-1.317409	-0.8875056	-1.4852916	-0.17404307	-0.6774927	-2.2035367
1.1037284	0.7525953	1.5838566	0.86514735	-1.0856514	0.8926797	0.6389301	1.1365894	1.2368236	-1.1731555
0.021135174	-0.3188373	0.45112577	-0.13831247	-1.3856506	-0.3487832	-0.3443803	0.047427822	-0.40145382	-1.7257699
3.840512	1.7834442	3.3623874	3.3798096	0.55010474	5.200292	3.3858707	5.490273	4.5980177	1.6050304
0.42549083	1.0772903	0.92678666	0.17449616	-1.184576	0.16177993	1.5034062	0.9179363	-0.12390132	-0.78854245
0.6965283	1.3702986	1.0456989	0.43314266	0.5480025	0.6030303	0.1907908	0.75377834	0.070543215	-0.7592902
-0.19824502	-0.6645542	0.29169396	-0.366731	-1.9301649	0.09840701	0.037606455	0.401831	-0.6516489	-1.636199
0.47920612	2.0423584	0.7281889	0.15808891	-0.7590239	1.2670976	3.1640444	1.0554419	1.6307262	-0.66115505
-0.5619571	-0.5982316	-0.17991573	-0.6237806	-1.1689734	-1.4710331	-1.3149793	-1.0292355	-1.4556893	-1.3839653
0.5174185	1.4415662	0.8006598	0.24042936	-0.2345714	1.6516287	2.4040952	1.8459648	1.19161	-0.7081974
0.08199548	0.2068182	0.50176775	-0.033966362	0.38288411	-0.18017319	0.4839558	-0.06622495	-0.50718874	-0.011527451
-1.7469819	-0.90054023	-1.2697471	-1.7877071	0.009195983	-1.7007046	-1.2396485	-1.5817493	-2.734439	-0.90041703
-1.8597512	-1.0690798	-1.2875682	-1.9448773	-1.1082095	-2.8541045	-2.2489882	-1.3753562	-3.2402673	-1.5993446
2.008415	1.5016754	2.2866354	1.5933356	-1.1310966	0.756627	1.9175733	1.6492834	0.73263264	-0.89704835
0.16205576	0.424323	0.51110566	-0.04704228	-0.84237194	-0.36216104	0.076960914	0.1350256	-0.6948654	-1.7384303
0.49516866	0.8446616	1.1571392	0.26692623	-1.3550175	0.44719914	0.62660855	1.4030256	-0.48893556	-0.85273474
-0.25490677	-0.3642349	0.21859968	-0.4063329	-1.577968	0.60935384	0.10237143	1.2404388	1.2929122	-0.59893346
0.53281474	-0.36746487	1.0236521	0.34596503	-1.9478494	0.42944384	-0.5629185	0.6268464	-0.0068731923	-1.7688178
-0.08568237	-0.44156516	0.2770848	-0.15234922	-1.0694708	-1.2086664	-1.079926	-1.1133364	-1.3268329	-1.1534108
-0.18400264	-0.5416618	0.36777443	-0.3327341	-1.7535529	-0.6934023	-0.75409085	0.38481608	-0.7773772	-1.4466885
-1.4277295	-1.3573456	-1.0524851	-1.452541	-1.9414173	-2.4147508	-1.9024616	-1.1821284	-2.186229	-2.6025922
-1.8070034	-1.7050334	-1.2507293	-1.7782701	-1.2025952	-1.653027	-1.4233726	-1.1928313	-1.8537006	-1.2247529
0.8714805	1.5429827	1.2195878	0.506306	-1.0345743	1.0384583	1.053879	0.968698	0.6116233	-0.9526144
1.0672529	2.559969	1.3131764	0.66418135	0.111543804	0.6513904	2.6898522	1.2581372	0.89952064	1.5939609
-0.54005307	-0.5646188	-0.14934433	-0.5399751	-1.1615269	-1.0175463	-1.3703818	-0.6265603	-1.3967614	-1.380427
0.20073894	0.113661826	0.77638483	-0.08553864	-1.4314666	1.9531235	0.24656259	2.5864139	0.34333524	-1.3826212
1.039021	1.1600128	1.1066542	0.7796987	-1.5754426	1.4655893	-0.5108956	1.0713	0.4876604	-2.7328842
0.5720797	1.0990151	1.1888636	0.28252512	-1.4526906	0.32461262	0.1958151	1.335127	0.029821105	-1.2236437
-0.88212544	-1.2355007	-0.35712573	-0.9861556	-1.866255	-0.59748644	-1.3683877	-0.21729293	-1.0274651	-1.7423818
0.0507043	-0.8224819	0.63218635	0.0034359396	-1.78229	0.103340216	-0.84266	0.64533776	-0.24353072	-2.0823767
1.8469701	1.5879924	2.3254955	1.5275095	-0.9953892	1.3528798	1.1315135	1.9961051	1.2790133	-1.3027453
1.0502656	0.4207079	1.3575412	0.8601837	-1.0715866	2.0286949	0.9574161	1.4507637	1.9446408	-1.4693078
-0.09064732	0.064923346	0.12048301	-0.11866243	0.2337192	0.54121786	-0.023494082	-0.04883134	0.7907975	-0.4969804
-1.0297779	-1.048202	-0.36509064	-1.1041503	-1.9121345	0.21804363	0.41044173	0.5964103	-0.14244956	-1.3354425
0.4958466	-0.42474955	1.1118578	0.35205466	-1.7606642	0.25105688	-0.59445804	0.28404257	0.608557	-1.4502921
-1.1993312	0.014713794	-0.77371705	-1.3283354	-1.4310604	-1.1272062	1.4439582	-1.0582654	-1.641853	-0.87417424
1.6586124	1.0057573	2.0193312	1.4063132	-1.07877	1.2092196	0.045733016	1.268266	0.30117673	-1.3474803
-0.23344019	-0.26931816	0.15504637	-0.36920774	-1.4672846	-0.5949551	-0.25148177	0.24606937	-0.19606178	-1.2425735
1.0602692	1.1853967	1.8618728	0.9094858	-0.2896453	1.7180146	0.7798349	2.7797964	1.0497547	-0.30654866
0.66105264	0.16170686	0.9437189	0.40268624	-1.3290088	-0.7707617	-0.5190417	0.012066037	-1.3980243	-2.0840924
0.18438011	-0.8562232	0.6425066	-0.04130076	-2.516866	-0.6740931	-1.3158171	0.2804666	-0.6695507	-2.533893
1.5685908	2.590334	1.4144118	1.1796899	0.06572053	1.6197678	3.7103007	1.2410177	1.2773465	0.92015505
2.4587104	1.8671281	2.85088	2.1624641	-0.31760752	0.99494743	0.8915428	1.8045251	1.0486045	-1.893185
0.17564923	-0.54277027	0.642536	-0.0012211055	-2.0787368	0.09288586	-0.04851635	1.5521888	0.0028165008	-2.7447696
-0.15172133	-0.27232578	0.27274606	-0.34211683	-1.2349877	-0.10463077	-0.06992024	0.39194182	-0.20150994	-1.5996342
1.6289563	0.4666653	2.3136616	1.258795	-1.1950111	1.564006	0.21407183	1.979829	1.6685855	-1.2365972
-0.32259017	-0.4723239	0.070179224	-0.3920821	-0.5636451	-0.017948607	-0.03886912	0.77306044	0.21862543	-0.65864915
-0.9775125	-0.13951418	-0.787475	-1.0600672	-0.09334394	-1.2555519	-0.58325243	-1.1146568	-1.6873478	-1.3368635
-0.3370909	-0.55181366	0.09289175	-0.3779078	-1.2752962	-1.0755309	-1.4788281	-0.8843774	-0.63750774	-1.7466193
-1.9786925	-2.009174	-1.3041832	-1.9010186	-1.6827945	-2.2981825	-2.3254125	-1.2067509	-2.4155836	-2.397336
0.14954051	2.0346413	0.6773082	-0.15675963	-0.9950019	-1.6329455	3.1986105	-0.56972635	-2.428743	-0.63185936
0.32773846	0.58930707	0.9876692	0.07672022	-1.4196664	-0.3148596	0.80884683	0.28961185	-0.23018096	-1.4661824
1.6682477	1.0356878	2.0720806	1.3934941	-0.9199555	3.3396208	1.7053901	3.560316	3.011273	-1.0897847
-0.3396581	-0.77270114	0.18702254	-0.4207486	-1.2302787	-0.32229945	-0.9985521	-0.34991157	-0.5938172	-0.99354416
0.6786594	0.508085	1.0275369	0.48853803	-1.0197248	1.0347258	1.4045529	1.4022702	0.9370621	-1.5129098
-0.36878976	-0.12295464	-0.0092408955	-0.57350314	-1.5242405	0.054984655	-0.52093387	0.038663737	0.5654924	-1.485387
0.93160576	0.7576599	1.3128417	0.72937655	-0.9077802	-0.5825691	0.5375555	0.5200394	-0.3625502	-0.3809107
0.08426278	-0.43806696	0.437659	0.04189314	-1.0980988	-1.2909236	-1.2465922	-1.1027697	-1.1690767	-1.5524195
0.22233975	1.175563	0.9278761	0.028915927	0.56822634	-1.2776132	-0.9422718	1.4495076	-1.6563399	0.22002815
0.9640203	2.1861246	0.8481277	0.6474435	0.4587212	0.0051763966	2.6178079	0.1351838	-0.31717438	0.6369571
-1.1852998	-1.1179255	-0.7292131	-1.2501633	-0.92419016	-1.5839666	-1.3328904	-1.0951993	-1.7357881	-0.87358
1.8395301	1.3150933	2.2366579	1.5402194	-0.9655762	1.8369963	2.023588	2.0533993	1.4001135	-0.6483527
-0.28172153	-0.323481	0.33982432	-0.43297333	-1.3604838	-0.45929876	-0.807239	0.13221079	-0.4541763	-1.8863606
-0.15810367	0.9456402	0.22651215	-0.3992263	-1.0748732	-0.38345996	2.026287	0.55112237	-0.6337909	-1.2041867
-0.4208945	-0.9249071	-0.020963311	-0.5121451	-1.3165596	-0.3826541	-1.1516744	-0.20966807	-0.55799824	-1.7462401
1.020213	2.2038052	1.499992	0.68343765	-0.7495487	0.79807574	2.122684	1.3317353	0.8245446	-1.0779818
-0.49904108	-0.5055398	-0.08562812	-0.58369976	-1.1531023	-1.0375333	-0.92286915	-0.6312135	-1.2972684	-0.8931751
0.3756364	-0.08221112	0.9213177	0.21283771	-1.4546423	0.48499915	0.094352566	0.72577995	0.4789329	-1.5899639
-0.11647878	-0.5076512	0.48129115	-0.2711628	-1.4351301	-1.1053827	-1.2463435	-0.14093336	-1.3714668	-1.5686228
0.17653435	0.41624048	0.6662794	-0.017793745	-1.1865597	-0.32783732	-0.77935624	-0.09878085	-0.37056196	-1.454841
1.3203574	0.97260845	1.6152518	0.94591486	-1.2446079	2.0150604	-0.059988048	2.756192	1.2862332	-0.63714504
0.51622456	1.2988745	1.0331736	0.19255306	-0.8283366	0.701067	0.6383733	2.4160805	0.64877176	-0.7943803
0.2373775	-0.104386926	0.7922821	0.09049596	-1.4544779	0.13103078	-0.34652847	0.77807045	-0.0706804	-2.3880138
0.8609397	0.9100156	1.2976123	0.6988745	-0.9996482	1.4197783	0.8450209	2.2390184	1.3073175	0.24412371
0.9941675	1.4865286	1.6457931	0.75173044	-1.048774	1.0446774	1.0686843	1.9680908	0.5755712	0.8745154
2.1480362	3.4849675	2.252221	1.8683891	0.40274283	0.295143	2.8426912	0.7419235	-0.0419127	0.31800762
-1.4540272	-1.6517537	-0.9947778	-1.322307	-1.2802263	-0.24233931	-0.7499859	0.39568543	-0.014752286	-1.0744917
-1.2230028	-0.93988	-0.89198184	-1.2399263	-1.0705371	-1.0558524	-0.93233734	-0.6960699	-1.4184209	-1.3213909
-0.11971819	-0.97896016	0.4831653	-0.18869986	-2.2643094	-0.31356922	-1.2854614	0.38856158	-0.07080344	-2.8495233
-0.04169003	-0.72286105	0.41873994	-0.089047834	-0.84084797	-0.6022201	-0.6817051	-0.13348107	-0.50179195	-1.1850573
0.3193729	1.7477274	0.87681115	0.029664427	-1.0144076	0.5493454	2.7366488	1.0170492	0.2268252	-1.355873
0.6234452	0.716769	1.2493165	0.41901278	-1.2264268	0.17752492	0.819672	0.61290026	-0.1633995	-1.4503304
0.14632419	0.25113672	0.5043893	-0.040003687	-0.98432994	-0.48378414	0.5775585	0.05453358	-0.70226526	-0.56562245
-0.88166314	-1.0607928	-0.40418544	-0.9647198	-1.5373169	-1.2654037	-0.9689203	-0.9319579	-1.5843692	-1.7798584
3.4532986	3.120843	3.4913497	3.0327973	0.59122026	2.6221402	2.4685347	2.1949995	2.0349622	-0.079066366
-0.1639131	0.8470907	0.53871036	-0.29783633	-0.31444916	2.0860255	-0.23743275	2.5119183	1.6381705	-0.6400538
0.7980824	1.336828	1.1671313	0.5447026	-1.1172986	1.8904109	2.80074	1.9563041	1.7037019	-0.535572
0.64902973	0.28323564	1.2256358	0.42711473	-1.8291636	0.0996175	0.35368538	0.7321444	0.17896737	-1.2402468
-1.7715045	-1.7900913	-1.1568073	-1.7298917	-1.2654557	-2.2434459	-2.0590107	-1.2802522	-2.762859	-1.3946298
-0.28318742	1.9131498	0.23667237	-0.6059039	-0.23928368	-0.87145036	1.5121764	-0.38925788	-0.77325344	-0.7556507
-0.16889524	-1.212636	0.4359864	-0.23728392	-2.4128156	-0.5476942	-1.0297346	0.32693008	-1.1388109	-2.6565661
-0.8918746	-0.5636158	-0.12981036	-0.98313946	-1.437194	-0.21868634	1.0696495	-0.19247654	-0.5207594	-1.2792442
0.265694	-0.54387426	0.8179095	0.12852238	-2.6613042	0.777373	-0.8330692	1.1719937	0.6008113	-2.6673832
0.023071922	-0.5420352	0.49097022	-0.14644408	-2.0445268	-0.038033158	-0.4710598	0.84803736	-0.04410678	-1.7349492
0.41641578	-0.41510755	0.96870613	0.2680747	-1.3576411	-0.033574156	-0.4173416	0.61272436	-0.14025185	-2.195702
0.7009506	0.4955968	1.397255	0.54585403	-1.0729073	1.0794947	0.34886938	1.9314954	1.0700823	-0.6528349
-0.42876056	-0.72351253	0.1956979	-0.61621946	-1.4810222	0.363687	0.326072	0.6244527	0.04536515	-1.2252189
0.010483287	-0.17706743	0.6618675	-0.07754189	-0.576019	-0.8058398	-0.6878254	0.1056705	-0.062303565	-0.85586154
-0.08784481	2.601387	0.4481355	-0.526852	-0.21149841	-0.4017708	1.3603227	-0.06836824	-1.1039594	-0.5714405
2.273783	1.4659052	3.1497293	1.8951986	-0.6320554	-0.106578164	0.68747383	1.1069658	-0.15721175	-0.23903628
-0.25996417	-0.18390122	0.23299804	-0.4335521	-1.3702065	0.16785663	0.74789584	0.8015219	0.4860123	-1.294824
-1.2878942	-0.5042418	-0.97033226	-1.3807677	-1.1619649	1.259623	1.4193982	1.4669892	0.39337593	0.10488121
0.53105015	0.19999722	0.96875966	0.26762724	-1.6856682	-0.17522062	0.0028524438	0.8268799	-0.47853696	-2.1376758
-0.18416306	-0.23913509	0.279525	-0.28935677	-1.0686656	-0.22237635	-0.669541	0.09811936	-0.4752848	-1.4571793
-0.68024004	-0.5464308	-0.2351065	-0.75336057	-1.4893781	-0.650829	-0.3559327	-0.34223542	-0.8102212	-1.8669764
2.3633804	3.365558	2.7118323	1.9668756	-0.76943856	2.1241572	4.5660715	2.2639391	1.7770426	-0.122743286
2.9396348	2.926718	3.0126207	2.5348268	-0.3029585	1.2167505	1.5354848	1.7103393	1.197614	-0.98605055
0.87880456	1.7191806	1.0981574	0.520103	-0.8957621	0.24090497	0.9900438	0.5971888	0.12535022	-1.172118
-1.2446636	0.17717484	-0.6741501	-1.3360447	-0.0031441748	-1.5321076	0.52149093	-0.40827614	-1.4941378	-2.4224951
1.1930069	1.4016014	1.3635341	0.8666111	-1.0128924	2.2188776	3.947098	2.0830188	3.02165	-0.91135824
-0.51579493	-0.13970116	-0.011435449	-0.7329555	-1.5194312	-0.55447674	-0.36095837	0.93377745	-0.8303317	-1.2135078
3.3642209	4.9404645	2.9331183	2.7793221	1.538774	4.101284	4.492563	4.4646983	3.7876017	2.835774
-1.4529274	-0.986374	-1.1056024	-1.4741277	-0.3564772	-1.7735419	-1.8214387	-1.0901873	-1.9896959	-1.5217327
0.46944913	0.47072366	1.0357107	0.25506616	-1.3417854	0.9780897	1.1680453	1.3925188	0.18522952	-0.8986655
0.9774979	1.3057488	1.429339	0.6522042	-0.73276055	0.7679875	1.2329547	1.3277217	0.37383175	-1.3443062
-0.4133335	-0.32250458	-0.12088019	-0.5171365	-1.2945787	0.8039379	1.900892	0.9165071	0.92786664	-0.6364608
0.91879624	2.2554886	1.0407214	0.4536131	-1.0832849	1.2985604	2.682315	0.8655955	0.8898121	-1.1706547
-0.0862226	0.20093337	0.4624132	-0.28400552	-1.539404	-0.030284164	-0.9018301	0.8337912	-0.10982411	-0.6923264
0.70595825	1.0800747	1.2388196	0.53219515	0.001069963	1.2236427	0.96924883	1.7913897	0.9554117	1.0214946
0.881248	0.34042653	1.3521268	0.6310138	-1.1725007	1.2185562	1.0095663	1.7123746	1.0636057	-1.2199819
-0.17380401	0.9909208	0.53485155	-0.4242198	-1.0378323	0.34172735	1.4836475	0.45950264	-0.058769304	-1.3816816
3.0893202	3.1773918	2.9341078	2.6359084	-0.38315234	2.3577302	2.2876942	1.8862823	1.7042693	-1.0294375
0.32630888	1.3344772	1.143628	0.054999113	-1.0196995	-0.007172539	1.7314515	1.6558719	-0.054792184	0.3480704
0.94537264	0.46508595	1.3476273	0.73100424	-1.1353487	1.2159142	1.091091	1.659983	1.0192652	-1.3029151
1.3087617	3.377669	1.3609875	0.77557075	-0.7001233	0.5244741	3.8102503	-0.3497343	-0.5585988	-0.30859664
0.5470657	0.23885015	1.0144289	0.28955227	-1.3959411	1.0974175	0.61577004	1.492752	0.64881575	-1.4433035
2.4316099	4.2888975	2.3423898	1.8489623	1.4652983	3.1542773	4.517948	3.5230062	3.5357764	1.3161297
0.19606465	-0.032644063	0.8438859	0.027040347	-1.4244736	-0.15702796	0.06136886	0.85400814	-0.020207671	-1.1737219
0.9751499	1.6930002	1.2980201	0.62282646	-1.0318234	0.28983137	2.002884	1.5987328	-0.08854773	-0.99316925
0.66225976	2.2503836	0.7998657	0.32291907	-0.21388546	-0.741752	-0.07935291	1.0466456	-0.7909005	-0.5109883
0.1606918	0.1058729	0.59805846	-0.034725845	-0.746016	-0.16971269	-0.108142644	0.18990058	-0.6427379	-1.4253126
0.9904322	1.4182332	1.31406	0.6922346	-0.8539853	2.1856349	4.0964236	2.5076256	1.3342044	0.87957335
1.0049335	-0.13745916	1.520761	0.7886236	-1.2739409	3.2616584	2.139005	3.2758682	2.6125436	-1.2437391
1.0555215	1.1074312	1.5580049	0.8048124	-1.1912408	3.1428866	1.3701266	3.417502	2.5953112	0.0076612416
0.8053531	0.47834817	1.2685857	0.6452857	-1.2946416	1.2515681	1.0263642	1.7465419	0.91020024	-1.5757469
1.5702547	1.1395224	1.4163405	1.1198109	-1.4306842	1.5685856	0.16386755	1.2915626	1.096722	-1.6539019
0.13220188	0.28817382	0.7682538	-0.10237001	-1.370847	0.23158433	0.38705322	1.276222	0.14952466	-1.3311453
2.1233149	1.9877303	2.0833662	1.681696	-1.039577	2.6779633	2.553072	2.0807714	2.3339126	-2.1722524
2.541454	1.9605839	2.94556	2.151796	-0.74119973	3.8261604	2.6624334	4.0793085	3.2604682	0.0035773062
0.4534857	-0.37631968	0.819841	0.28832495	-1.4049684	0.58628553	-0.65304995	1.3031974	0.091321945	-1.8846933
-0.18271706	0.21921632	0.27765492	-0.33510688	-1.0403115	-0.24511684	-0.18866095	-0.16882716	-0.13130648	-1.0411905
0.09058388	-0.79063666	0.61754286	-0.05260448	-2.13868	0.20092228	-0.4870119	1.1701952	-0.19150046	-2.2379591
-0.24470282	0.5506526	0.2155923	-0.48121774	-1.187657	0.57016563	0.49882075	0.39630967	-0.07041985	-0.88045853
0.6931256	0.6404749	1.2658663	0.4833187	-1.1842352	0.5202006	1.686981	0.9133828	0.47895992	-1.191789
-0.20003068	0.30120584	0.2635263	-0.38550854	-1.6081884	0.6202448	1.284425	1.1745529	0.060153767	-1.3440995
0.53399605	0.90131426	1.1042187	0.28131127	-1.4334509	1.0998068	0.685849	0.95660406	0.30454752	-1.4127135
-1.7321512	-1.6826591	-0.99087846	-1.756109	-1.1297594	-2.2801738	-2.2885551	-1.7049603	-2.355523	-1.5232493
0.5329237	-0.26978946	1.0478313	0.3358503	-1.0145241	0.55233693	0.22723325	1.5117449	0.48154166	-0.86462444
-0.8016948	-0.9467704	-0.33311698	-0.90064883	-1.3618355	-1.1096435	-0.77695394	-0.7246525	-1.3451356	-1.6222079
-0.022667713	-0.31546718	0.6380829	-0.20887484	-1.7304475	0.56155044	-0.033132333	1.136937	0.91652024	-1.7355862
1.9943341	1.1246887	2.1937175	1.7006744	-0.7007684	1.6400378	1.4084997	2.056356	1.3838125	-0.96410924
1.8736562	3.1246827	2.1927025	1.5490472	0.65066457	2.473824	3.1948407	2.6252513	2.3036478	0.42095706
0.5383925	0.5712526	1.0846547	0.31824136	-1.4959446	0.6060477	0.7643437	0.88014185	-0.5628533	-1.5360229
3.4272015	3.421386	3.431867	3.0070822	-0.61472857	5.7780643	4.3907943	5.704502	5.3690763	-1.7009445
2.6099606	2.6656566	2.7200732	2.1979375	0.10922545	0.39547208	0.9517661	0.24800687	0.6379758	-1.3822249
-0.14516684	-0.7307199	0.25496495	-0.3623504	-1.7711934	0.099607065	-0.81884336	0.35440677	-0.26189488	-1.3853604
-0.7671508	-1.0354283	-0.3963684	-0.790883	-1.397835	-0.020036485	0.3545492	0.39285707	0.15123506	-0.9435208
0.6572473	2.6646159	1.2520992	0.40251845	0.31198993	1.114804	2.075155	1.5565714	0.67486024	0.51863444
1.4160668	1.6339641	1.8485413	1.1855698	-0.92869294	0.7874617	0.6004831	1.5047091	0.5222107	-0.6698527
-0.53842694	0.30231014	0.054402024	-0.6693821	-0.923537	-3.0182872	1.1824528	-1.9572749	-2.8626716	-1.7715274
-0.064906724	-0.29134905	0.4435514	-0.19624923	-1.434392	-0.6849475	-0.3908375	-0.2033888	-1.3562015	-1.3167131
-2.2886984	-2.1765583	-1.5629735	-2.194693	-1.4806317	-1.9554349	-2.059772	-1.7183732	-1.3032341	-0.5385651
-2.268401	-1.9080261	-1.4262037	-2.2217696	-0.79569435	-1.9847535	-2.3744345	-1.3195186	-1.8787712	-1.5055764
-1.7210611	-1.4488631	-1.2085136	-1.607803	-1.1910137	-1.6219773	-1.7278715	-1.3106917	-2.590987	-0.5682391
-1.5203669	-1.1610245	-1.1548891	-1.5937954	-1.9528998	-2.7127142	-1.6607348	-2.280753	-1.0082303	-1.4234947
-1.155604	-0.7893939	-0.8053528	-1.2123682	-1.4522878	-1.156252	-1.2456377	-0.60965186	-1.6145136	-1.5780985
-0.94272393	-1.3055147	-0.37901768	-0.9658678	-1.0689456	-0.71409905	-1.2799635	-0.3542505	-1.1641748	-1.0748715
0.2738413	0.22918954	0.512854	0.035057798	-1.0356802	-0.5024814	-0.02039656	0.7689856	-0.13551438	-1.0473559
-1.567266	-1.7827355	-1.0588782	-1.5869669	-1.3266741	-1.8723087	-1.6588212	-1.3820189	-1.9862252	-1.1000743
-1.6113372	-1.6808397	-1.1096001	-1.5394183	-0.7462913	-1.5318946	-1.2367388	-0.7273836	-2.188449	-1.436057
2.1414797	1.8992443	2.3664665	1.8228049	-0.25097182	-0.23511694	-0.11908332	0.9515291	-0.16905744	-0.9417887
0.82248515	1.6550238	1.2917078	0.56150687	-1.0962024	1.338736	1.5330658	1.5566243	1.2177068	-1.6762141
2.6717186	2.1363475	2.4828084	2.43051	-1.597246	0.9249223	0.8200769	1.1651255	0.82894486	-0.97091633
-0.020826124	-0.6378775	0.46808496	-0.20175764	-2.1422527	-0.44141793	-0.50087744	-0.3405629	-1.2978548	-1.6837732
-0.49961302	-0.56469595	0.15064378	-0.6210836	-1.4348642	-1.2249871	-1.3976841	-0.399664	-0.7057822	-2.1847503
0.21274555	0.8867605	0.7286798	-0.017425045	-1.1370909	0.25511718	0.97551566	0.63756365	-0.5785763	-1.2540543
-0.4161168	-0.124950826	-0.17755383	-0.5707224	-1.15181	-0.9482254	-0.90008104	-0.57314336	-1.2333907	-1.3963066
0.18003502	-0.38075548	0.7401978	-0.0159408	-1.6425306	-0.8053313	-1.0521399	0.63007325	-0.55116445	-1.8897191
-0.8163392	0.13763413	-0.077735424	-0.8970021	-0.8872824	-1.3274174	-0.40884992	-0.1721225	-0.84918433	-1.6434319
1.7162964	2.5506136	1.4457042	1.2705947	-0.5785101	1.0134336	2.9774082	0.6504594	0.6952062	-0.9220589
-0.77203995	-0.80926037	-0.37915698	-0.84657997	-1.427161	-0.5141414	-0.7060473	0.025329482	-0.22156927	-1.7245139
0.37575105	0.6474544	0.79120207	0.11146073	-1.562271	0.6720524	-0.10287584	1.0156119	0.3301597	-1.6463429
0.87028277	1.8223884	1.1522295	0.60674036	-0.74132085	0.48953623	1.3775655	0.73705333	0.15721932	-0.5480191
0.8341107	-0.3417624	1.2027514	0.6986946	-0.8949481	-0.26754385	-0.5124658	0.44186813	-0.42239532	-1.0880762
0.20258474	-0.2859962	0.5859246	-0.01813519	-1.2773395	-0.5126997	-0.29661882	-0.29791787	-1.5206946	-1.8232554
-0.35484463	-0.027162224	0.031547546	-0.42817533	-0.91687334	-0.4671346	0.059882678	-0.11854564	-0.65236056	-1.1394825
0.4709544	0.81964195	1.0077497	0.24350448	-1.5321426	1.1175466	1.2097803	1.5651972	1.134235	-1.6339533
1.5925249	1.3510294	2.064919	1.3666445	-0.8102657	0.10182656	0.863243	0.38830182	0.23170212	-0.7807117
0.7398968	1.2437158	1.2438339	0.5063352	-1.1022215	0.89310247	0.7564849	1.1325973	-0.06508311	-2.1940532
0.9905103	1.4203968	0.7784703	0.833534	-0.2121296	0.18252723	1.9638071	0.96811676	-0.6571505	-0.23223518
0.45228508	0.6132815	0.96545696	0.3273781	-0.88043416	0.08767257	0.19661252	0.04947597	-0.11641505	-0.9557612
-0.11280121	-1.1056681	0.376036	-0.21012095	-2.3868968	-1.107468	-1.4981698	0.18426538	-0.57980806	-2.5176008
-0.81768906	-1.0804645	-0.44636235	-0.8298521	-1.4343072	-0.95440763	-1.3537279	-0.92999	-0.6755832	-1.7169653
0.7210706	1.4941547	1.2845328	0.52086735	-0.2673423	0.6251325	1.3230246	1.6990645	0.3630084	-0.33793563
1.2081159	2.7153122	1.4456632	0.8111547	-0.8828757	1.2697877	1.7401935	1.3917613	1.4481432	-0.6327638
0.46435228	-0.42647797	0.9113953	0.27450806	-2.1668801	0.38696977	-0.5063039	0.9479781	0.42706245	-1.938349
0.8668514	0.3665488	1.2476368	0.6536698	-0.92197144	1.4319724	0.58927804	2.8319976	0.24581873	-0.6002126
1.2987924	0.49820748	2.0199733	1.1718491	-0.9024128	2.0577528	2.4472115	2.4400084	2.1595938	-0.18711112
-0.13087669	-0.74596846	0.3979449	-0.19817172	-1.1398102	-0.18931171	-0.91849035	1.4505361	-0.121463485	-1.1519938
2.3881416	1.4694674	2.5711012	2.0695205	-0.5738867	2.617295	0.8264754	2.6612098	2.071231	-1.893937
0.39257178	0.33709928	0.8423861	0.19995503	-1.0591815	0.48944497	0.7502355	1.2425296	0.56812054	-1.4459008
-0.34700948	-0.5421834	0.05679077	-0.49119687	-1.5114925	0.1259065	-0.12733774	0.4998138	0.24439654	-1.889541
2.7826114	3.7933395	2.749986	2.381574	0.83484304	3.8475266	4.7906814	3.2063837	3.3325334	2.056834
-0.22499293	0.3894696	0.014288574	-0.3957246	-1.5204066	-0.9542688	-1.1034646	-0.6106773	-1.0683482	-1.4695538
0.84780264	1.8405962	0.73420334	0.5406174	-0.017100036	0.26536366	1.3978088	-0.06828526	0.5279392	-0.17698543
-0.52064425	-0.44268972	-0.34413162	-0.59655213	-1.1932837	-0.72160506	-1.2130933	-0.67154306	-0.713628	-1.1061083
0.6868681	2.4325573	0.6142623	0.27228832	-0.7544787	1.948662	4.373453	1.3816619	1.2470254	-0.8902609
-0.43092766	0.24955043	-0.27012345	-0.56143844	-0.62889457	-0.082110435	1.1343514	-0.06390347	0.20038944	-0.9262114
1.0913187	2.8795516	1.4680117	0.7086612	0.019441932	-0.61073804	3.2139616	1.1865414	0.27253452	0.38517213
0.73881173	2.144221	1.1740595	0.6274352	0.23527852	0.4104715	1.6516703	1.0208044	-0.7701228	-0.06777604
1.4264153	2.2773178	1.6453589	1.0114788	-0.57919854	2.1291754	3.5246634	2.4693813	1.286018	-0.87428415
0.8131085	-0.1867282	1.5803443	0.5398364	-1.3733943	1.8600874	0.6798854	2.6849673	1.6413227	-0.7837765
1.1319243	3.6220253	1.1979558	0.61834645	-0.26443267	1.6826255	3.7997808	1.0188645	1.1055814	0.03347768
1.0605654	0.89340377	1.4315894	0.7927934	-1.0261164	0.46580508	0.5226267	0.6619194	-0.11772354	-1.2440255
0.2735676	-0.07482308	0.832939	0.13869722	-1.377684	0.4648175	0.44457954	0.99078494	0.15923117	-1.3288765
0.99308985	1.3411627	1.3917273	0.7594321	-0.797863	-0.24899894	-0.32959706	0.54665095	-0.08203559	-0.5778123
-0.41290522	0.011864513	-0.12481338	-0.61139834	-0.84665906	0.14848606	0.7855496	0.44891188	0.4785765	-0.5126672
0.6764671	0.9173708	1.0622212	0.4332577	-0.571936	0.68434393	-0.32779208	1.0097582	0.35482556	-1.1797745
-0.17817846	0.33427718	0.1930746	-0.4354487	-1.4199309	-0.40111476	-0.19012196	-0.2357833	0.41756418	-1.4507056
-0.85557264	-0.69340074	-0.5674927	-1.037015	-1.328744	-1.3171729	-0.9973049	-0.59567624	-1.6214263	-1.5167161
-0.48415974	-0.68602383	0.14553523	-0.608734	-1.1709789	-1.6779075	-1.9329896	-0.79122096	-0.31790313	-0.9519589
1.405439	0.9366249	1.7458848	1.1564046	-0.97340345	0.8441094	0.14292216	1.9431963	1.1291918	-1.4904513
-0.046221204	-0.24981628	0.5650643	-0.1896551	-1.0351523	0.8874808	0.47110555	1.1604484	1.0115308	-1.1075118
0.8201551	-0.23115346	1.235422	0.64226514	-1.0158155	0.18631475	-0.84209114	0.5613747	0.27052763	-1.4529418
0.83372515	0.06804374	1.3954388	0.66103876	-1.2062066	0.6508721	0.3561635	1.3568671	0.49135205	-1.1897619
-0.28578737	-0.66978526	0.12682632	-0.4519599	-1.8757997	-0.745309	-1.2525295	-0.08482504	-2.6505952	-2.4201906
-0.8854126	0.7483225	-0.55267787	-1.1230235	-1.9416653	-0.97866	-0.2735954	-0.61525947	-1.1705315	-1.3697697
5.0555677	1.6949888	4.340947	4.461089	-0.97410965	6.1454067	1.6202114	6.0621266	5.612517	-0.45634633
-0.63895535	-0.3466019	-0.08903161	-0.7993059	-1.7155296	-0.24793023	-0.6286936	0.16187093	-0.027220668	-0.8487386
0.45276526	1.0689658	0.87554944	0.20862626	-0.6436776	0.8451827	0.9511921	1.4539247	0.27653822	-1.4806975
0.34061155	2.3869386	0.7713195	-0.00044117868	-0.5120542	1.1305196	3.5315711	1.0134549	0.22392176	-0.2951766
-0.83405876	-1.0431588	-0.44956204	-0.8810852	-1.7781161	-0.4903867	-0.4758879	0.06941447	-0.14600855	-1.369093
0.87565434	0.7630459	1.1996697	0.65486574	-1.3894275	0.97989094	0.55059224	0.98162174	0.4639769	-1.5929695
2.4732053	6.1497746	2.1899347	1.9968317	2.9928486	2.191013	4.5295362	1.7286117	1.184268	0.13241929
-0.08288831	-0.012555927	0.35614797	-0.19659524	-1.1324759	1.2872676	1.246189	1.8073833	1.4963069	-1.1611753
-1.1450939	-1.4587253	-0.60823596	-1.1899863	-0.9402683	-1.205239	-1.0303624	-0.5943333	-1.5140618	-1.4977074
-0.08806456	-0.40494004	0.44823283	-0.2297545	-1.4526023	-0.13348974	-0.29613012	0.74115694	-0.1314649	-1.6578813
0.03655543	-0.3184603	0.50911045	-0.13536656	-1.7053746	0.23628415	0.9371181	0.64662105	-0.27260184	-1.5042144
0.0022755638	0.28302488	0.48142856	-0.16385645	-0.80696523	0.0019395563	0.32878894	0.86725396	-0.14589588	-0.6472016
0.17290968	-0.5647801	0.2641814	-0.05953853	-1.4818629	-1.3260863	-1.4871945	-1.4588505	-1.1717943	-1.3103801
-0.3037296	0.39908335	0.4255576	-0.4844491	-1.3683547	0.11383609	2.2895052	0.29073027	-1.2543126	-2.041318
-0.23337278	0.74165976	0.6279515	-0.46037436	-1.7713845	0.40765467	1.8720704	1.18527	0.118624	-2.2548203
1.5367185	1.5289606	2.018559	1.2597055	-1.0975101	1.2061874	0.9445462	1.5621834	0.5251404	-1.474621
0.14190924	-0.06903297	0.65533733	-0.046631753	-1.5496672	0.30969852	0.43582493	1.2791643	0.41111	-1.4361802
1.7889254	3.362457	2.1734424	1.3944808	-0.694479	0.3401976	4.2404094	1.5047765	0.42295703	-0.9682366
-0.1599699	-0.21586147	0.40356177	-0.27390447	-0.52307665	1.2180783	0.80182344	1.3270134	0.69631374	-1.396056
1.5076233	1.1742178	1.8029922	1.3518965	-1.0518728	0.71869713	1.5606847	1.0844079	0.7118573	-1.3169935
1.0435611	2.2002642	1.4353659	0.69164264	-1.169549	1.2820867	2.4143832	1.5587459	1.233712	-1.0488071
0.54642475	0.58517253	1.0544344	0.3715834	-1.0939366	0.6977402	1.3261551	1.4158901	0.3104846	-1.5577773
0.2701909	0.35945097	0.84837425	0.07664172	-1.3890382	0.33605728	0.0048334035	0.6961641	-0.2625993	-1.5426055
-1.0800146	-0.94161713	-0.50094783	-1.1596069	-1.8882132	-1.7102978	-1.9822196	-0.9676749	-0.23008381	-1.6968625
0.14722633	0.29937986	0.68132055	-0.015405953	-1.4329543	1.0390922	1.2058815	1.671616	0.16276298	-1.6420327
1.3400365	2.1477053	1.4730495	0.96450186	-1.1599859	0.8902047	-0.436541	1.5685365	-0.040672425	-1.2516265
1.1220303	1.1377065	1.4693617	0.81910515	-1.2032701	0.33695886	-0.10442939	0.8933532	0.18235506	-2.061042
0.25787407	1.2400728	0.71843517	-0.008253992	-0.94355345	-0.45509243	0.25237793	0.6117608	-1.4047081	-1.1228831
1.6979574	2.4719412	1.9346328	1.2959573	-1.1185366	4.2503653	3.5321887	2.609557	2.9127202	-0.88501984
-0.89979416	-0.23875794	-0.18127087	-1.0553063	-1.6812286	-1.9324245	-1.7682476	-0.51521635	-1.7079422	-1.945792
-1.176622	-1.0544947	-0.68568075	-1.2206886	-1.2453318	-1.3925037	-1.1907194	-0.2789543	-2.4590948	-1.8118488
2.291967	1.0258155	2.7856827	2.0578249	-0.7821491	1.7539735	-0.8618131	2.827001	1.6711861	-1.1228703
-0.99985147	-1.1602085	-0.58393884	-0.98990893	-0.9486805	-1.7133402	-1.9430535	-1.0013423	-1.6924901	-0.65785134
2.3508751	2.4018013	2.6676295	1.9354804	-0.63937163	1.9115225	3.327382	1.9980694	2.210902	-1.0266984
1.1537745	1.4005494	1.6186455	0.84599936	-1.2448121	0.69493854	1.656262	1.412883	1.1880957	-0.92615557
0.3881897	1.157325	0.59986675	0.18483286	0.30931064	0.56750447	2.8765461	1.1640888	0.15063776	1.7979462
-0.3246789	-0.7414427	0.17107868	-0.4491281	-1.5395693	-0.7356591	-0.7231466	-0.3822973	-0.98704255	-1.654707
0.48422882	0.40058246	1.0402416	0.2678904	-1.498221	0.900545	1.0155843	1.1358503	0.7239839	-2.0161424
0.6835642	1.6312807	1.127633	0.355837	-1.3675911	1.0161599	1.8856993	1.7635108	0.18700647	-1.2449915
1.4957649	3.8227303	1.3187971	0.9376619	0.42682353	0.24524167	3.782008	0.8882001	0.15451257	0.19063076
-0.5879728	-0.8211951	-0.11595231	-0.68369675	-1.0266455	-1.3301098	-1.9004066	-0.8649623	-1.1907897	-1.2785257
3.6697133	0.6349182	3.4916494	3.3029823	-1.5066936	3.6109278	1.998993	3.7472785	3.5081842	-0.4089539
-0.0468034	1.6625339	0.21496582	-0.38779458	-1.0191119	0.65004635	0.9556642	1.0692719	0.22140397	-1.3750203
1.0138999	1.6208464	1.4832948	0.6996727	-1.1540627	1.094787	1.4852172	1.6889495	0.42533416	-0.8671183
1.0000243	3.831175	1.212694	0.5058103	-0.016557038	1.7166592	5.4510303	1.4650828	0.8282486	0.045616746
-0.6579921	-0.24674287	-0.34272787	-0.92459524	-1.7188828	0.10822421	0.91932374	0.31980282	-0.55410767	-1.8177024
0.59211624	-0.16221759	1.2269971	0.48433584	-1.3089668	-0.27198145	-1.7781936	0.593772	0.21416204	-0.85979027
1.2370996	0.4394553	1.4462502	1.049114	-0.74108934	1.1883793	2.0035553	0.8694533	0.98209596	0.33674642
-0.9330346	-0.48883253	-0.49782363	-1.0814887	-1.3285605	-1.5832051	-0.8514997	-1.2182053	-1.7193455	-2.107632
0.08215686	2.084755	0.49596587	-0.29946986	-1.1081482	0.35751066	1.0145668	0.42883408	0.003996137	-1.0231527
3.444286	2.3233097	3.4256198	3.045587	-0.6245675	3.0733774	2.7048907	3.0894232	2.5709984	-0.2535763
-1.7825263	-1.7888691	-1.1183555	-1.7376839	-0.80527914	-2.0350912	-1.608332	-1.762603	-2.0552928	-0.92817485
1.8255566	3.1357443	2.1719751	1.3898824	-0.29479164	1.915293	3.2583685	2.6768644	2.3166046	-0.25007442
-0.009583168	1.8545539	0.20428875	-0.29157186	-0.41201836	-0.5955299	2.9526217	0.016467353	-0.6094002	-0.1680669
0.12188359	1.3679187	0.45143586	-0.17893803	-1.0771334	0.63072836	0.8799473	0.7037899	-0.58177	-1.2205143
1.1851432	1.487085	1.6950788	0.88814723	-1.0976217	4.0068345	2.9847693	3.159578	3.756845	1.028341
4.791014	2.5453355	4.746401	4.3040233	-0.59921193	3.6947703	1.8751836	4.049342	3.1276925	-1.4572419
1.8493412	3.3477318	1.9073997	1.4292784	1.0886163	0.33390313	1.974888	0.22996761	-0.09131682	0.26388282
0.3669236	2.1965413	1.1469876	0.06290427	0.64335287	2.2803226	3.7365122	2.424591	1.7770172	0.51030874
0.44605133	1.403291	0.8685392	0.16941164	-0.96239793	0.03020882	1.1018764	1.3440917	0.041793607	-1.1139995
0.16074628	0.87341464	0.23664859	-0.029884204	-0.617676	2.0114214	1.1684594	1.2819949	0.9034533	-0.99142396
2.9261649	2.0544624	2.6756504	2.634625	-0.26684391	2.7250478	1.9663982	2.4591217	3.509557	-0.5736058
0.89029306	1.2098923	1.1366302	0.6064875	-0.8907715	1.0963184	1.1912366	1.0656953	0.94280404	-1.0337988
2.2657588	3.243603	1.9161572	1.7482467	-0.70693827	1.8760477	2.9387224	1.6340771	1.3136911	-0.8912469
-0.123768575	-0.3000419	0.13282636	-0.2529142	-0.9604163	-0.5896305	-0.42089647	-0.5737062	-0.80727345	-1.4232126
0.04308898	-0.38731116	0.09377472	0.00045457482	-0.28951198	0.23323338	1.4623806	0.16510025	-0.26510897	0.73616105
-0.2576588	-0.11201167	0.07700765	-0.41432363	-1.4016964	-0.5917653	-0.6542026	-0.42907432	-0.5334353	-1.8885168
1.4346852	1.2531091	1.7555058	1.1355208	-1.1640778	1.5561769	0.69089955	1.6451724	1.3161552	-1.1027548
1.6024201	0.58112764	2.149875	1.422419	-1.0337436	0.9563126	-0.41150457	1.6674708	0.7686606	-1.4648025
-0.31186956	-0.14679258	0.03323096	-0.48506373	-1.1339841	-0.8625661	-0.825022	-0.80053604	-1.0872766	-1.739989
0.53827214	1.2611147	1.00728	0.28151637	-0.67601776	0.4749125	2.25483	1.0624855	-0.41003177	-1.5904057
0.49080423	0.6257906	1.2253929	0.3674174	-1.0594717	-1.270218	-1.1214029	0.07453123	-1.1042148	-1.0788003
1.7454944	3.262165	1.833235	1.3195307	0.7761209	-0.061138373	4.9780617	1.0402699	-0.027324595	2.3876293
0.34939572	0.5094764	0.9269321	0.12138198	-1.3505157	0.5550861	0.6895318	1.349814	0.5337938	-0.9678782
-2.0346382	-1.9973652	-1.3879569	-1.9646509	-1.4939044	-2.2166595	-2.136453	-1.4020846	-1.7001973	-1.0912019
1.9422032	0.02494374	2.0040193	1.7608457	-0.7671188	3.1277273	0.40414867	3.6949666	3.150313	-1.3323509
-1.6780357	-1.5230757	-1.1079835	-1.6879561	-1.3445789	0.43078408	-0.1749149	1.3218156	0.6482246	-1.7378262
-0.31883284	-1.0260355	0.10386959	-0.40255308	-1.8285942	0.3406201	-0.36214754	0.60365593	0.122291304	-1.7161348
0.28702533	0.44980225	0.96879625	0.19713406	-1.0545756	-0.5819156	-0.5219509	0.018564787	-0.25114933	-1.104325
2.6602147	2.5252295	2.8012786	2.4069746	-0.24752288	2.3774366	0.5863243	2.3490708	1.7075582	-1.4479315
0.23235682	-0.40813786	0.6337172	0.06931274	-1.2837785	-0.029420124	-0.37006992	0.6112395	-0.17627932	-1.5791594
0.3060834	0.1044769	0.96093345	0.16445969	-1.3058863	-0.042111803	-0.22652584	-0.030063208	-0.19790666	-1.5287945
0.20036408	0.24051628	0.7529988	-0.005350098	-1.0354779	0.17584917	0.3481414	1.2492664	-0.62347424	-1.0212133
1.4391153	2.0694134	1.7964059	1.1772835	-0.6126728	1.5320874	1.2078463	2.220094	2.0002632	-0.8606646
0.18881232	-0.17420365	0.66491586	0.033315957	-1.3902489	0.008607534	0.1950496	1.3978139	0.30117673	-1.9001821
0.72087574	1.5948002	1.1095895	0.35642523	-1.3476596	2.6669664	2.2883477	2.744574	2.4872253	-1.0956413
-0.12802058	0.38450673	0.41009244	-0.35419714	-1.3783361	0.02693113	-0.2385835	0.65832806	0.22056358	-1.0984513
0.5398	0.5254978	0.8519006	0.41889673	-0.51336145	0.44942892	0.41759256	0.8770972	0.56811637	-0.6235209
1.2404492	1.5097606	1.6655886	0.9502033	-1.0440423	2.5715125	1.3818473	3.0142796	1.9589924	-0.6069967
0.2576109	-0.19954413	0.73998046	0.05193457	-1.7014649	0.120643646	-0.25955558	0.9602636	0.34138072	-1.5793415
0.8033353	-0.40637866	1.2252011	0.5243003	-2.0143404	2.052444	-0.425095	2.0177047	2.13689	-2.752853
1.07699	-0.35624632	1.5072145	0.9941294	-0.94234955	0.12346755	-0.40243852	1.0836787	0.075108044	-0.48725125
3.3492763	0.9751948	3.5992565	3.0402727	-0.5425354	1.2110324	0.6955133	1.7686375	1.2281338	-0.800831
0.85174865	2.6075366	1.0259261	0.4102689	-0.9939995	0.3342881	2.2807753	0.5883775	-0.31395492	-0.6602359
0.5701	2.808718	1.04918	0.19906665	-0.44418606	0.76973504	3.8400612	1.330782	-0.069969	-1.2350038
2.2140548	3.2959325	2.333672	1.8830037	0.6626513	1.3441644	2.7685053	1.9005729	1.5683426	0.370438
0.8727124	0.28960773	1.3196625	0.6104851	-1.5675944	2.2796004	1.7786179	1.9784157	2.182902	-1.6787162
-0.91814524	-1.0045888	-0.83642364	-0.86677253	-0.27057186	-1.579584	-1.2274504	-1.7276361	-2.1444166	-0.32630843
-0.69355685	-0.32319376	-0.17989936	-0.8387452	-1.4843547	-0.20705712	0.15299097	-0.49292576	0.03723211	-1.2449123
0.5893319	1.6608934	0.7923026	0.15072404	-1.3888009	1.2051325	1.9976777	1.2235554	0.3313885	-0.9708889
0.040519975	-0.014927119	0.5334966	-0.060478017	-1.5520183	0.012892842	-0.026082706	1.1147679	-0.274978	-1.2970966
0.77784675	1.3594205	1.4440254	0.4543922	-0.80476964	2.6425276	1.882173	2.8830452	2.3288057	-1.2187595
0.85686845	2.1551678	0.8034843	0.50841075	-0.025206268	1.7736481	0.45029983	1.8444005	1.3973513	-1.3840852
1.6274043	0.1865623	2.420734	1.5084591	-0.48997018	1.4882463	0.19461985	2.0590754	1.5011365	-0.96124727
1.5733718	1.4252641	1.7792995	1.1989748	-1.0609394	1.8072962	2.748923	2.4327555	2.0737543	-0.7714481
0.8874717	0.85443926	1.5010034	0.67060876	-1.3713466	0.78834295	1.1297983	1.9584085	0.63652295	-1.3269502
-0.046734303	0.43558744	0.4596873	-0.31167692	-1.5942256	0.81717694	0.71570456	1.3065217	1.1668646	-0.73925555
1.054681	1.8828411	1.4299119	0.71492124	-1.1012919	0.77541935	0.8045544	1.2145226	0.58863115	-1.6600033
0.60970575	-0.13207291	1.2639644	0.44091332	-1.7469448	0.2166298	-0.14619246	0.97686774	-0.28085282	-1.8935615
2.8780172	2.1838787	2.8635035	2.5776157	-1.1549454	2.4748452	4.6877346	2.190387	3.1450224	1.4345164
-0.8376157	-0.9987365	-0.35253754	-0.8876882	-1.3058857	-1.110598	-1.4773378	-0.06049834	-1.3210326	-1.3476962
-1.0133886	-0.57954776	-0.654431	-1.1347296	-1.7275237	-1.2350849	-1.1795539	-0.70647246	-2.10951	-1.7833529
0.85374814	0.2316458	1.260277	0.6167538	-0.9822558	0.32535452	-0.013179974	0.7121521	0.26547885	-1.6767702
0.33946633	-0.08313599	0.9564922	0.20912932	-1.7614967	0.10210685	0.7187282	1.0056757	-1.1048332	-1.2667563
0.3960469	-0.24509385	0.902472	0.24977808	-0.88266766	0.27339426	-0.32850897	1.0246239	0.17303729	-1.0804868
1.1032358	1.9596307	1.8128315	0.8648915	0.14246854	0.26951438	-0.118325315	1.5522202	0.14806473	1.6349217
-0.8560155	-1.2984765	-0.33226857	-0.8617152	-1.6140321	-1.4577439	-0.752513	-0.34464017	-1.2442342	-1.9601061
0.09116628	-0.3145904	0.82350147	-0.03836532	-1.6913275	-0.35152394	-0.09526938	1.1045583	-0.46715266	-1.4542452
-1.5194223	-1.6202871	-1.0001236	-1.5331126	-0.79789674	-1.5052408	-1.4680989	-1.0478345	-1.995638	-0.80507845
-1.4453951	-1.2817441	-0.91837585	-1.4762367	-1.5940173	-1.8074666	-1.7432439	-1.1773655	-1.8944459	-0.32642254
0.7989908	0.5142374	1.4290512	0.61161697	-0.22520736	0.9444761	0.36434522	1.5211127	0.7524328	-0.79117215
1.2040669	0.84249115	1.6062212	0.9468118	-1.0621895	1.1510698	2.1859596	1.6298635	1.9189526	-0.9765026
1.396749	1.5437595	1.8467238	1.1221669	-0.52695394	1.9144262	1.9570866	1.8074273	1.9243855	-0.25866583
0.45140216	0.067022055	0.98761463	0.2940927	-1.6953864	0.334068	-0.08845375	0.37409684	0.24840494	-1.7933038
0.60252994	0.8626387	1.2342894	0.40571314	-1.120013	0.18234716	1.24254	1.0695391	-0.45979962	-0.9079498
2.2930746	0.9554181	2.7437756	2.0638165	-0.8199878	1.8240561	0.4444666	1.7861506	0.9867428	-1.5024996
0.17406014	-1.0887047	0.79205334	0.050482437	-1.8810656	-0.10038513	-1.7818832	0.6508203	-0.06452029	-1.7355728
1.7830553	2.0831318	2.0808432	1.3481915	-0.2612876	0.100642644	1.6035273	0.3438969	0.2993295	-0.71197104
1.1699121	-0.06528306	1.1502298	0.8403392	-0.77661026	0.23805778	-1.2751205	0.57447463	0.3067766	-0.008226703
-0.040064745	-0.5969137	0.526142	-0.17334755	-1.783536	-0.084477	-0.0100164	0.8801	-0.6007527	-2.3244948
-0.41350165	-0.9282484	-0.0010961592	-0.50720894	-1.3482957	-0.5176337	-1.2121383	-0.46111372	-1.0899569	-1.8906677
0.114608176	-0.64826703	0.8539134	-0.013337329	-1.9271224	0.08948883	-0.2959591	0.7416354	-0.3817992	-2.9470778
-1.3085486	-1.1613353	-0.8153789	-1.3450905	-1.6420512	-0.8813956	-0.66339767	-0.49214998	-1.1007576	-1.5508518
0.46556488	0.15473029	1.0973558	0.28250492	-1.7490385	0.5837394	-0.10871527	1.1252742	0.59531593	-1.5750197
0.095032	0.03951454	0.60233915	-0.10570471	-1.0439891	1.2658572	0.98697454	1.4894189	0.9712583	-1.338567
-0.08028316	-0.024182543	0.24693246	-0.28452244	-1.2245389	-0.2599668	-0.60501564	-0.024477597	-0.7770152	-1.7441986
1.7591894	1.6285781	2.3476338	1.3850392	-0.7800449	2.1254914	0.48914325	2.9125497	1.8726785	-1.9165449
0.2548579	-0.085292354	0.79677904	0.07394929	-1.3749658	-0.016830202	-0.48513824	0.5027697	-0.1962404	-1.4421972
4.9445305	2.15425	4.840463	4.4304147	-1.327098	4.1056294	3.1444163	4.7148447	3.4866326	-0.13183609
2.779933	2.679323	2.9350455	2.3775947	-1.0103967	3.2790132	1.4466739	3.3633254	2.9351144	-0.6855498
0.9066933	1.0622807	1.4149055	0.68207943	-1.0295991	-0.03889425	0.7457187	0.16789478	-0.7522809	-1.1861184
0.627815	0.83917856	1.0674568	0.40131205	-0.8300984	0.20000148	0.5559932	0.47517544	0.35395056	-1.6771551
0.2121507	1.0667303	1.0019405	-0.014368221	-0.6741594	0.5627375	0.6465933	1.2000376	0.3232218	-1.7332267
-0.19163746	0.58517015	-0.049260825	-0.38317144	0.47093865	0.23513265	0.3821639	0.24340431	0.24771914	-0.26143247
-1.1209118	-1.1817756	-0.73725224	-1.06778	-1.87633	-0.10255109	0.52157146	0.45637184	-0.008117506	-1.4766521
0.48208895	1.3282443	1.019587	0.25367755	-0.90767837	0.7843111	1.0458426	1.3235829	0.6491413	-0.53808886
1.8790742	1.6915717	1.9178423	1.4895163	-0.784449	0.44162247	1.9603883	0.7774446	0.95005924	-1.1256268
0.9173363	1.0353293	1.3722544	0.63827974	-0.7598212	0.75459844	0.803174	1.2250986	0.7669765	-0.11600355
1.2382108	1.2336261	1.4791536	0.9532956	-1.2667143	0.06998615	0.7361075	0.5080366	-0.5052263	-1.3282038
-1.7762034	-1.4252905	-1.1261559	-1.8300959	-1.2867491	-2.2614639	-0.392957	-1.5394686	-1.9609748	-1.7752311
0.08471166	1.0005066	0.89049685	-0.112027645	-0.4127418	0.23212317	0.4125585	1.2356863	0.0052877176	-1.0588135
-0.64748925	-0.9962747	-0.12146008	-0.72533995	-1.6090475	-0.49387157	-0.5437075	-0.26076645	-1.1390419	-1.4886212
0.24288505	2.5607796	0.83744454	-0.09824235	-0.76524067	0.22655298	3.7721903	0.923304	-0.36723486	-1.38416
-2.1344647	-1.9723454	-1.2346926	-2.1632042	-1.4637024	-2.1208467	-2.618068	-1.0442967	-2.6219451	-1.6614865
2.4235308	2.330383	2.4347007	2.0292404	-0.5009463	0.8478476	1.2683464	0.3144309	0.47599566	-0.9970446
1.3101535	2.2567856	1.6556525	0.8435291	-1.4201682	2.9185667	2.955957	2.785142	2.3210406	-1.5332656
-0.0719604	0.22763124	0.3639905	-0.2809018	-1.5505918	0.12117264	0.186885	-0.31532526	-0.37358367	-1.5924149
-1.7319227	-1.2942224	-1.3205557	-1.7501425	-0.8529892	-2.1662514	-1.5919744	-1.6120481	-3.0088627	-1.124209
0.51686966	2.175455	0.8286909	0.11921574	-1.2020811	1.0875841	3.521376	0.8353324	0.50442374	-0.9355305
3.1190164	2.668691	2.8351	2.6759605	-0.10316303	0.17571986	0.34999055	0.51956886	-0.6822639	-1.118941
0.6576414	0.3530667	0.96008563	0.41638023	-1.6179987	0.13552862	-0.28197065	0.72489196	-0.077656515	-2.3240669
0.70436424	1.2819554	0.9221306	0.526251	-0.4689707	0.3836161	1.2028753	0.04193693	0.5117168	-0.53755504
0.4978771	0.61316407	1.0503427	0.25684756	-1.3048397	0.8032304	0.9796254	1.2291664	0.9470514	-0.68095255
2.4402332	1.3689837	2.7810187	2.085817	-0.35234576	3.6774466	0.257298	3.9107273	2.9706352	-0.37468582
0.5057165	0.3587787	1.1178668	0.31373847	-1.2277118	-1.1622351	-1.1750045	-0.6600937	-0.9597996	-1.3838924
-0.6980074	-0.5286932	-0.023954153	-0.8325177	-1.3340026	-1.4632076	-1.673369	-0.036473546	-1.1228217	-2.156343
1.6799761	1.5347812	1.7579554	1.4460063	-0.82232445	2.6865034	3.4014585	2.9703884	2.6827977	0.1529594
0.9551286	0.3754188	1.4733858	0.80332416	-0.8977889	1.1100401	0.54781	1.4206139	0.66346	-0.94687223
2.457555	2.7116332	2.4811962	2.0961432	-0.81243646	1.8466535	1.9283135	2.295758	0.82478267	-0.9785825
0.4017684	0.4779462	1.1127217	0.20758508	-1.2772186	0.4276594	0.7945038	1.3767309	0.21815836	-0.7455606
2.0946894	3.0936713	2.29065	1.6989315	0.4022546	3.1241455	3.2191422	3.100605	2.765364	-0.17600054
-1.1898767	-0.0403094	-0.82619715	-1.3641381	-1.2344214	-1.4541743	1.2339861	-1.3983098	-2.1220536	-1.370173
-1.3327802	-1.0754467	-0.7432103	-1.3705515	-1.9768987	-1.6969911	-1.5789107	-0.8532987	-0.9563564	-1.2747836
0.93417555	0.7203208	1.6840053	0.77172685	-1.1301513	0.7035134	0.91868603	1.2454214	0.7556043	-1.0605925
0.47116724	0.41171858	1.0687063	0.29472107	-1.1945231	0.6365814	0.3601423	1.4089239	0.7759849	-1.3713728
0.68277824	1.9617321	0.5192188	0.43583053	-0.46437344	0.9919624	2.9134142	0.0982523	0.31845534	-0.75322473
1.5531381	1.0659208	1.5801	1.4201204	-0.3830561	-0.9580142	-0.017608676	-1.2008647	-0.28724417	-0.9979928
1.3219451	1.8823888	1.4847007	0.91906214	-0.95558786	-0.41565645	2.0291297	-0.2467789	-1.3536383	-0.91448045
0.5012728	0.74304974	1.0289153	0.32758844	-0.898437	-0.8915398	0.19415835	-0.36927047	-0.86347705	-0.08354336
0.114321806	-0.55886096	0.614378	-0.044058174	-2.0859487	-0.25409198	-0.6226605	0.1776564	-0.46485528	-1.4303346
0.93454975	2.676448	1.2685769	0.6456706	0.03263536	1.336857	3.5702243	1.2968338	0.26172632	0.5892652
-1.539321	-1.7241087	-1.0409768	-1.4818527	-1.8355207	-1.6142577	-1.5440468	-1.2437209	-1.7603276	-1.8839114
0.33718008	-0.021278888	0.7336814	0.102301165	-0.95260215	0.35228306	0.9357153	0.5715148	-0.17254175	-0.7446439
-0.239088	-0.6154668	0.14056504	-0.40734416	-1.7362535	-0.3887279	-1.1001569	0.34521633	-0.60662407	-1.45935
-1.5140368	-1.6679994	-0.9263935	-1.4740341	-1.4452093	-1.1729585	-2.0634263	-0.749141	-1.3157734	-1.5677882
-0.9918317	-1.3709906	-0.44992366	-1.0783145	-2.117844	-1.0248982	-0.99036807	-0.6229942	-1.3109165	-1.3667102
0.26665065	-0.05195883	0.7048482	0.036292717	-1.8306923	0.9735379	0.5627519	1.4667819	1.082429	-0.9199465
-0.7940466	-1.0187936	-0.24974766	-0.8072304	-1.0383613	0.06365598	-0.5128162	0.71751004	0.02198868	-0.99517596
1.3684143	2.1483645	1.5124989	0.869156	-1.2462718	2.364854	3.0821478	2.4596334	2.0154295	-1.2740736
0.22331667	1.5578455	0.4553672	-0.06309649	-0.87218153	0.09805036	3.1212919	0.4019292	0.12802812	-1.3483472
0.18469265	0.502131	0.43911576	0.082649216	-0.26691464	-0.39053613	0.14532013	0.010646302	-0.35723162	-0.37211174
0.5986971	0.22370073	1.0365907	0.38906282	-1.522457	0.63692886	0.6103272	1.1870751	0.42240298	-0.9259893
1.0411825	0.609542	1.4449822	0.7428586	-1.1013417	0.47251773	0.2478858	0.55613494	0.19616991	-1.3830034
0.8992695	2.1195948	1.166363	0.62804246	-0.6392909	0.25648743	2.8819723	1.3567519	0.496993	-0.14659227
-0.298278	-0.06233442	0.08965334	-0.40943286	-0.8393707	-0.35703373	-0.25047818	0.3812662	-0.6218726	-1.2153953
-0.5948584	-1.0010773	-0.1334269	-0.6481362	-2.1844456	-0.5157715	-0.8888891	0.688699	0.12436471	-1.6830218
1.2316462	1.859483	1.3730845	0.80149573	-1.0036062	1.0008899	1.5970783	-0.07785276	1.7030013	-0.8656261
2.515431	2.5923467	2.8484952	2.0825324	-0.7491126	1.935474	2.5870948	2.0772853	1.4904786	-1.2534486
-1.2522849	0.04397568	-0.74233437	-1.448335	-1.5863191	-1.448027	0.7088746	-0.43440256	-2.5645263	-1.3874608
0.3084747	0.9857925	0.82070386	0.098242775	-1.0433235	2.5060327	0.6501336	3.143245	2.137411	-0.8590336
-0.040580172	-0.52202904	0.33009225	-0.23284952	-1.6427826	-0.0073316754	-0.76225567	-0.54430026	-0.28469598	-1.2976497
0.6657923	0.7879741	1.125737	0.42853856	-1.0131912	0.9557634	1.0095868	1.5666213	1.0082389	-0.66309774
-0.037423052	-0.27339315	0.5292963	-0.21201192	-1.7744225	0.1439065	-0.13175929	0.566841	0.48737708	-1.9303024
-0.22418559	-0.17765087	0.15309595	-0.39839852	-1.141583	0.06362497	0.46602988	-0.033834748	-0.41366643	-1.3280288
-1.5432703	-1.4962528	-1.0222253	-1.5044231	-1.3308549	-1.1336099	-0.8774751	-0.6328182	-1.3186668	-1.0885043
-0.59675884	-0.89099383	-0.20038292	-0.71918947	-1.8497121	-0.9820133	-0.39770037	-0.34426096	-0.69706887	-1.4740385
3.0475974	2.5211616	2.9028616	2.712205	0.00030374527	2.2487648	0.36245507	2.2546525	1.8113511	-0.77554065
0.061111324	-0.37744492	0.32092005	-0.15422955	-1.1787877	-0.18029973	-0.35204205	0.029769292	-0.20804964	-0.1778895
-0.17375442	-0.3482133	0.24462558	-0.3380291	-1.8737397	0.19575109	-0.13803516	0.7083747	-0.1310617	-0.9787971
-0.97052395	-0.7594366	-0.68822193	-1.0017027	-0.8454268	-1.1682758	-0.5468318	-0.9460649	-1.3233774	-1.2238768
0.09702369	-0.0094046295	0.54547036	-0.038729027	-0.567205	-0.63023126	-0.87882584	-0.60814387	-0.9082529	-1.4312528
-0.15749505	0.40992293	0.16108918	-0.29832214	-0.8913369	-0.96914005	-0.8781962	-0.6599295	-1.0178962	-0.95537543
0.609752	1.2617292	0.8875985	0.3204906	-0.7255805	1.1855177	1.5055261	1.7168993	0.45130125	0.27966607
1.4152976	2.0346227	1.945063	1.1108673	-0.99005806	1.9818944	1.9177779	2.8256726	1.6662273	-0.28140903
1.4813608	2.7807968	1.6486325	1.0538852	-1.1780123	1.7845138	2.8772607	1.9746293	2.0845945	-1.280521
-1.7917539	-1.8998885	-1.2588135	-1.7363963	-1.3885221	-1.5946822	-2.2167287	-0.7508216	-2.403833	-2.8443887
-0.0019918308	0.13293543	0.6259991	-0.18992415	-1.3688257	0.24351452	0.35567936	1.1914914	0.31985754	-0.98325706
0.08037714	0.27894136	0.33854285	-0.07428889	-0.62845504	0.4610458	0.8405593	0.9149011	0.22591892	-0.20297629
0.14486092	4.4498973	0.06706324	-0.54661256	0.39966878	-0.24103883	4.272121	-0.95012945	-1.3033602	-0.97498715
1.3071254	1.6988198	2.9969444	1.1743475	1.1074543	0.245602	-0.4447588	2.1341777	0.69308335	0.084443316
2.5326493	0.22673574	2.8085837	2.206323	-1.2243993	1.4976331	0.21479186	2.4072108	1.4848791	-1.903714
0.92866886	1.8155572	1.3697419	0.57880515	-1.0499659	-0.30235282	1.6038263	0.2677311	-0.36726204	-0.59770334
2.0958583	1.796618	2.1249874	1.7361416	0.19379297	2.2756333	1.2030724	2.1535401	1.7130051	0.5309557
2.1245818	1.6761024	2.2655003	1.8287346	-0.16910207	4.4884553	1.333459	3.3978581	4.0362153	0.52508974
0.3035973	-0.49732143	0.73201585	0.1277437	-1.5147578	-0.115853146	-0.5343402	0.6537857	-0.22550796	-1.1127825
-0.29595828	-0.0027953088	-0.2532874	-0.46302813	-1.1127819	1.1671854	0.26099303	0.267504	0.8829361	-1.5199308
-0.12138788	-0.8819394	0.3472294	-0.18497844	-1.3484772	-0.017486645	-0.48741776	0.1933449	0.07849959	-1.1657676
-0.6109919	-1.3057375	-0.034362882	-0.69491464	-2.4242854	-2.326152	-2.0806105	-1.2691063	-2.11169	-3.698002
-0.04118227	-1.0076299	0.5409519	-0.12747371	-2.204404	0.38478917	-0.77732676	0.6771354	0.06564844	-2.0793989
0.43001667	0.8497764	0.7045022	0.12425567	-0.7343893	0.9599867	2.288193	1.196906	0.81502366	-1.1329436
0.61282617	0.19776452	1.1035768	0.3779534	-1.3087238	1.7150594	-0.04603899	2.0278194	0.9400511	-1.7567046
0.251251	-0.60416496	0.82582736	0.16027619	-2.13022	0.38588843	-0.54262924	0.94277894	-0.102481656	-2.407479
-0.34863544	-0.813969	0.07644707	-0.47931612	-1.6509734	-0.7724313	-0.5496853	-0.24190204	-0.8446331	-1.5240406
1.1542662	1.4856958	1.7628107	0.9372746	-0.5696503	1.5306329	1.6411375	2.4161243	0.9086067	-0.17769065
1.3446349	0.26356697	1.7380962	1.0752046	-0.8789959	1.5939126	0.93197966	1.714912	1.0057267	-1.1131482
1.05091	1.3235664	1.0924791	0.69023585	-0.8661555	0.18859927	0.74263036	0.075139135	-0.62076366	-0.56654984
2.101076	0.67116165	2.5134826	1.7998873	-1.4968388	4.0167937	1.9627701	4.097447	3.6092503	-2.406389
-0.6504646	-0.48366442	-0.45013753	-0.71833456	-1.3102233	-1.3172594	-0.5649083	-0.15022245	-1.0536131	-1.6461349
2.1442606	1.944644	2.1790411	1.8052064	-1.0823503	1.6023525	1.8526801	2.2259715	1.459774	-1.693032
0.41557944	0.5637281	0.85928917	0.151565	-1.5047991	0.5949908	0.43300617	1.2755513	0.5321607	-1.6383085
2.5870924	2.990208	2.536587	2.0967088	-1.0137482	-0.6655865	2.9341047	-0.3317303	-0.58762705	-1.6046623
1.8428757	0.7420285	1.8909544	1.6015013	-0.3381808	0.23794919	1.0207793	0.82138807	1.8873566	0.23070858
1.0223413	1.8588183	1.0848701	0.8849331	0.65964556	-0.050268523	2.982713	0.5910063	-0.21765624	1.3240339
-0.041760176	0.3207071	0.298306	-0.28195843	-1.2863604	-0.1725686	0.003532703	0.6549177	-0.765517	-1.5419153
0.625071	1.0104799	1.007872	0.41327906	-1.0928035	2.7599428	3.5889018	3.123385	2.5295243	-0.074576795
0.23642573	1.2188323	0.4336835	-0.04858184	-1.0649232	0.7227501	1.484107	1.2370723	0.67496926	-0.81524956
0.012674071	-0.4169267	0.56170285	-0.13476229	-1.6970081	-0.08050414	-0.57455164	0.5282556	-0.41273373	-1.9090142
0.86482555	0.28484586	1.2298139	0.5891251	-1.3231074	2.3490388	0.26841432	2.7915013	1.7462691	-1.1644692
-0.8128286	-1.0175855	-0.36937276	-0.89026344	-1.4820268	-0.15373553	-0.8481419	0.26112747	-0.19552933	-1.9029814
-0.11327338	-0.93809247	0.63180506	-0.3357107	-2.4693015	0.0681995	-1.7858946	0.6711349	-0.23421034	-2.3187943
1.1631771	1.5311491	1.555649	0.9952704	-0.39428413	0.47355428	-0.19633424	0.9587141	0.04316866	-0.51616144
-0.28805727	-0.20860228	0.12287417	-0.44196433	-1.1258824	-0.80542976	0.548476	-0.110838056	-0.775815	-1.3863113
0.70262915	-0.5533329	1.2560999	0.39147633	-1.9558502	0.09539833	-0.16061036	1.1075177	0.4225763	-1.5064595
0.093235396	-0.3342849	0.62074065	-0.012790367	-1.4094263	0.8737369	0.00018967768	1.1255169	0.6254297	-1.4637839
1.1037825	0.03344834	1.26422	0.913211	-1.4036628	-2.7508898	-0.72793406	-2.5183842	-2.7891285	-1.484869
0.26922956	1.4137565	0.40797895	-0.06673609	-1.1007321	-0.54401493	0.8953624	-1.08521	-0.5561221	-1.4197303
-0.3632222	-0.95434976	0.003467083	-0.48354244	-1.2304837	-0.5729067	-0.5814868	0.26553446	-0.8824383	-1.2487352
0.89246464	0.7842623	1.5268757	0.6601277	-1.1117411	0.36309057	0.5131504	1.0380595	0.3164709	-1.0693208
-0.31905827	-0.57116616	0.19450033	-0.5003176	-1.8702419	-1.2709839	-1.3537706	-0.3870618	-1.6522685	-1.3761308
-0.3151121	-0.3271937	0.09965852	-0.43584764	-1.4243686	-0.6775444	-0.30482745	0.5571273	-0.64357436	-2.3425794
1.3094766	1.9320326	1.7248524	0.98182964	-0.8623866	1.4865732	1.3997902	1.9045541	0.41202354	-0.954176
-1.5673045	-1.3402219	-1.1866711	-1.5629945	-1.082373	-1.2761829	-1.5242767	-0.4400499	-1.3664154	-0.67516255
-1.3153366	-1.4129639	-0.8085396	-1.3144269	-1.4095391	-1.6914972	-1.8854208	-1.0460312	-1.2874756	-0.8954896
0.65219104	0.25647625	1.0314865	0.44362688	-1.1820375	0.464602	0.80331886	0.49295917	0.030941293	-1.142972
1.2924229	2.552064	1.642539	0.78082836	-0.54824245	1.2147173	1.6322412	1.6644772	0.49495012	-0.31863874
0.41725335	0.1864681	0.88933706	0.27490836	-1.1062918	0.64029276	0.35898882	0.9065734	1.0234509	-1.7207359
1.7194335	3.3178751	1.6778553	1.316637	-0.19519907	3.0955267	2.766892	2.6050055	1.7246629	-1.4842546
0.2621781	0.31482658	0.8255106	0.12843908	-1.1616739	-0.4271521	1.0703942	0.41156042	-1.1912376	-0.94202226
0.70876414	1.6347897	1.0856452	0.5109172	-0.45128506	0.78503156	1.0437586	0.9747267	0.7847753	-0.4103689
0.0058785602	0.15183336	0.45436245	-0.19253181	-0.96729827	-1.4823824	-1.5395746	0.2570243	-1.1128511	-1.8818954
1.3336251	1.460823	1.6389563	1.0197015	-1.0709958	2.318913	1.2958273	2.6758134	1.7808937	-1.8642706
0.11704352	-0.35751253	0.53933966	-0.09449142	-1.5474539	-0.49166355	-0.47785115	-0.29706365	-0.9155361	-1.5937996
-1.3173138	-1.5447274	-0.8440242	-1.2527356	-0.4194499	-0.8998482	-1.4897009	-0.54926306	-1.255383	-1.6777508
1.2809997	1.6093965	1.6310896	0.9776596	-0.5831336	0.3909942	1.4874532	1.567966	0.39984444	-0.8827986
1.105688	1.6018989	1.3436437	0.7924447	-0.7521045	0.8000199	1.3402072	1.2389203	0.39921954	-1.2303553
0.13347927	0.8223232	0.9318291	-0.1586712	-1.0023258	1.123332	1.9692532	1.3477315	0.6267828	-1.1492194
0.41264245	-0.13529187	1.05047	0.29598218	-1.326693	-0.42677033	-1.0211112	0.5074792	-1.1895155	-1.2554759
0.6001161	0.20065632	1.1496588	0.47472626	-1.2861819	0.41152874	0.060429238	0.5431455	-0.89104784	-1.2373433
-0.7375952	-0.71642137	-0.3103408	-0.8046471	-0.9392177	-0.9621413	-1.2979113	-1.1193649	-0.7379814	-0.97043914
0.75511616	2.13328	1.217195	0.43763775	-0.60558045	-0.60424054	1.1283741	-0.59008956	0.2976057	-1.0568751
1.1293201	1.9862561	1.7629966	0.87406003	0.06637159	1.5159547	3.8133664	2.3490577	0.79430735	1.1290321
2.5642216	1.2949187	2.2876048	2.1348805	-0.23592535	3.4642556	1.8974023	3.6724946	3.0479698	-0.74072516
0.93343264	1.7306211	1.0268885	0.6410378	-1.077501	0.8661348	1.7315158	1.135414	0.5764613	-1.0251324
1.0027738	3.2680986	0.8961381	0.5112399	0.1782783	1.1502708	1.8561789	1.2408682	0.23728265	-1.775636
-0.35470477	-1.2373326	-0.07672188	-0.46479762	-1.4152828	-1.1557504	-1.525672	-0.4501465	-1.6858127	-1.8345014
0.49727568	4.181148	0.74872017	0.060835317	-0.35640562	-1.3651652	3.633822	-0.119840205	-1.1600686	-0.7102062
1.1399701	0.24002081	1.3858135	0.9325144	-0.8948802	-0.6228452	-0.23383196	0.256631	-0.40917113	0.031444278
-1.7347094	-1.737222	-1.1533458	-1.7145307	-1.0424879	-2.0173461	-0.9285303	-1.2304083	-3.2406807	-1.5355375
-1.9215138	-1.8441166	-1.1970011	-1.8622127	-1.281637	-1.6793041	-2.3465412	-1.1027339	-2.5239725	-1.141578
0.812339	2.4475973	1.1762775	0.552025	-0.63740623	0.5085618	0.41612983	1.4755415	0.24288079	-1.1586651
1.2559333	1.9701681	1.8726807	0.99654543	-1.0098315	0.99400455	1.4604145	1.7391309	0.6137617	-0.43063486
-0.35365584	-0.7873056	0.10893634	-0.4906928	-1.5929221	-1.0007412	-1.2136521	-0.3089044	-0.9662152	-1.663294
0.18161151	0.29661933	0.5877029	-0.039874002	-1.6079901	1.4721372	0.6519944	1.7183102	1.4084879	-1.7991239
0.19946158	-0.35037625	0.68096393	0.0352917	-1.6603422	1.2538188	-0.21065216	1.2625734	1.064284	-1.488242
-0.35840163	0.29164997	-0.26151434	-0.564605	-1.1419389	0.8590917	1.7741325	-1.5509473	-0.052594773	-0.84533525
0.31897858	1.1925017	0.7656784	0.044704348	-0.8676703	0.22122343	1.4818933	0.5616287	-0.3069158	-1.0909804
-0.15216327	0.4024453	0.57692146	-0.34969562	-1.1732919	-0.019586528	0.22308247	0.84096545	0.018079313	-1.274364
1.1137015	1.6109086	1.9945457	0.84407437	-0.15386835	0.55455166	2.4982765	0.87607974	0.07718811	0.09421164
0.5272283	0.026728988	1.0767812	0.34979093	-0.9222697	-0.6734031	-0.46818748	-0.24301377	-0.6963478	0.066953994
2.4851792	1.6699017	2.7426553	2.1119845	-1.2083701	2.1099062	2.119639	2.6840758	1.885471	-1.5758804
0.77320296	0.79719317	1.4434936	0.396524	-1.2012819	1.3443123	1.3371305	1.5430405	0.6178395	-0.91398215
0.2708122	-0.03569761	0.75469923	0.15727346	-1.1960121	0.7151114	0.53437704	1.3035522	0.57337165	-1.2901807
0.7421608	-0.46859795	0.8443165	0.6392186	-0.8374679	0.6075122	0.07163228	0.9392097	-0.44153666	-1.2625196
-0.45521384	-0.5482298	-0.053590447	-0.6069095	-1.3926861	-1.592363	-1.3741125	0.16617756	-1.8114336	-1.0901474
-1.0391666	-0.94006324	-0.20077339	-1.0677011	-1.325502	-1.8309171	-1.8943543	-1.0204456	-1.728628	-1.8475673
1.5413646	2.0584347	1.6695043	1.1621828	-1.20312	1.0128934	3.4551606	1.6351023	0.47479522	-0.4899266
0.5939813	0.6977109	0.96073127	0.4293667	-1.1771016	-0.059593458	-0.04121958	1.1013398	0.48904	-1.1088108
0.49805126	-0.5144513	0.89765275	0.32498288	-1.8978022	0.20133887	-1.0191422	1.0109069	0.3690935	-1.2174661
-0.40824583	-0.4313094	-0.0007722378	-0.48543167	-1.247581	-1.1581879	-0.36897412	0.0924192	-1.8372433	-1.2648535
-0.6746695	0.358052	-0.1443406	-0.86518955	-1.3579326	-0.54497784	2.1722708	0.13545278	-1.0530729	-0.69847894
1.7058345	0.5089042	2.248747	1.4129572	-1.4215683	2.5899835	1.1507609	3.0745108	2.1492248	-0.6014583
0.3656081	1.3468668	0.7766348	0.062317416	-1.3579732	0.6688949	1.7826452	1.0392407	0.26932338	-1.044362
0.1487959	3.0126126	0.48113292	-0.25067565	-0.83365977	1.2859473	5.2195187	1.2435175	0.840086	-0.52092683
0.7891526	1.4472946	1.0586159	0.4488393	-1.0770001	1.9806134	1.0791914	2.093625	1.3840519	-1.387661
0.69933265	-0.02290836	1.2497988	0.5202476	-1.5033423	0.66409826	-0.23442037	1.2103328	0.30624646	-1.1342689
0.18127298	0.3485261	0.50908786	-0.06389372	-1.2817295	0.06720493	-0.15375666	0.09247857	-0.8651868	-1.8347812
0.28135696	1.1800352	0.8972851	0.050288185	-1.1055875	-1.2918522	-0.45500278	-0.53603375	-1.940297	-1.7608019
-0.15811524	-0.6596472	0.21139188	-0.28063095	-1.7763648	1.037357	-0.09474042	0.56568164	1.3064821	-0.6701873
0.7785845	2.221975	0.90159655	0.5111915	1.1213738	1.3695127	3.6337457	1.1561451	0.94066125	0.9247182
0.9273763	0.40285757	1.2434751	0.61464334	-1.1695278	0.42632827	-0.016812984	0.35819364	-0.15595832	-0.77208453
0.5178959	-0.398211	1.3353084	0.37689662	-1.6661154	0.3446762	0.748038	0.25063485	-0.14719246	-1.333735
0.08602937	-0.6786949	0.4333137	0.00033842027	-1.1762385	0.70184946	0.39594576	0.81668824	0.51623315	-0.46879643
-0.47527006	0.06745383	-0.22793892	-0.60993147	-1.686315	-0.67209107	-0.22010832	0.011462627	-1.1533484	-1.7822024
1.0475838	1.1354853	1.1628146	0.7836962	-0.48240703	1.8456426	1.825713	1.7609732	1.4688532	0.6135396
0.711043	1.3204541	1.3039937	0.40850884	-0.39863893	0.7538381	1.942438	1.4847851	0.5031269	0.29861298
4.6350617	2.2160578	5.057907	4.23404	0.3047633	4.523277	4.0436864	4.584013	4.0813575	-0.15841758
2.076027	2.3506334	2.3709223	1.7402546	-0.30153888	1.363666	1.6063069	1.7619419	0.9901059	-1.1351082
0.8615496	0.8123094	1.4460733	0.6960304	-0.5289996	-0.081461616	-0.31338057	0.69225353	0.28437805	-0.4401406
-0.13713828	0.011343479	0.30791658	-0.3001346	-1.4543207	-0.5888573	-0.91318476	-0.5092425	-0.40977308	-1.3405311
0.46146265	1.1196795	1.0192878	0.06184341	-1.4078115	0.39538702	0.7924731	1.3248624	0.18971121	-1.5088892
1.490661	1.8009958	2.0181913	1.1597058	-0.90417564	1.9266886	1.686719	2.3289254	1.6597462	-1.30692
-0.59209794	-1.1749792	-0.041088343	-0.70934963	-0.9900701	-1.7595706	-2.8458498	-0.7352009	-0.5020664	-1.8815752
0.95041007	0.98237824	1.6245146	0.7444336	-0.87500334	0.8874158	1.3827503	0.7780917	0.45905736	-1.1604927
-0.99706423	-1.1263622	-0.55704284	-1.0113508	-1.6915486	-0.19242686	0.17188199	-0.53184783	-0.7830808	-2.0321233
0.9958742	0.8602835	1.6140784	0.7631774	-0.9875517	2.1291795	3.1416333	2.2990098	1.4972625	0.09326778
1.0838393	0.61593723	1.7480023	0.8890755	-1.1570803	0.65013415	0.32066286	1.4195006	0.05499448	-1.3546923
0.41614738	0.6628479	1.249107	0.18920003	-0.685303	0.97654146	0.8246913	1.6133717	1.0198793	-0.33208886
0.90678644	0.021597445	1.3685248	0.6472671	-1.0905118	3.9146433	0.6879279	2.8086162	4.0443025	-1.2477456
1.0245554	1.0562639	1.1428331	0.7872193	-1.0809246	0.28931436	1.3386217	0.4533526	0.4181534	-0.68452907
0.9702552	1.6215913	1.7444028	0.69409204	-0.147625	-0.24708138	0.3606727	1.108628	0.115421675	0.197018
-0.12381186	0.2880464	0.49305603	-0.23925187	-1.2073504	0.5585714	0.4192322	1.2752947	0.6107778	-0.09173284
0.89748424	1.1476223	1.245322	0.5995188	-1.2970868	1.7216903	1.7522396	2.1754448	1.3346422	-1.2630707
1.2486526	1.4867024	1.9115809	1.0421159	-0.7711407	1.783201	1.2076514	2.8212483	1.641227	-0.79145575
0.2040106	-0.6064714	0.70259714	0.07610063	-2.5793865	0.067247644	-0.59282684	1.1792268	-0.23387764	-2.6834528
2.206754	1.4205129	2.5435352	1.9172893	-1.1187309	2.0242481	2.4264724	2.8488164	2.095541	0.47152984
1.8037668	2.6507857	1.7744578	1.6009142	-0.16324708	2.6765196	2.754468	2.3031173	2.7775943	-0.333862
0.8850718	0.6365291	1.1650435	0.63553196	-1.3511436	1.2127287	0.84298694	1.2084101	0.9789969	-2.1188931
2.2792006	2.965025	2.288837	1.6972383	-0.69868004	2.7646618	3.6380663	2.9456565	1.6940688	-0.24260813
0.8019353	1.1913937	1.4515233	0.56743217	-0.2913557	0.8941838	0.5421693	1.7837771	0.8124745	-0.7769163
1.3848274	2.1130292	1.5885627	1.0748382	-0.019113988	1.756303	3.3644824	2.3067257	1.4856141	1.3464144
0.023138054	-0.89824426	0.6571804	-0.1543397	-1.8002522	0.24161269	0.08349467	0.4790834	-0.71035665	-1.8461237
-0.36004823	-0.28803954	0.0034029186	-0.3679188	-1.2795646	-0.122736044	1.6053238	1.0487083	-0.39600736	-2.1601396
-1.0598774	-1.0792682	-0.6217319	-1.1281546	-1.2968199	-1.1777837	-0.78067154	-0.6308137	-1.0531751	-1.554555
1.1287502	0.8714446	1.5736884	0.85690916	-1.7090155	1.0393022	0.49775583	1.9624496	0.99462646	-0.94588137
0.0394359	-0.71039796	0.5277362	-0.06116584	-1.8180798	0.18398595	-0.75012904	0.48665848	-0.113210216	-1.846116
2.1750944	0.8127905	2.4938688	1.8956606	-1.5027266	2.202689	1.3434352	1.6076343	1.3673807	-1.0856394
0.055782564	-0.84081686	0.5751529	-0.12548117	-2.455297	0.058091715	-1.1456796	0.5773453	0.2620148	-1.6913483
0.056283347	-0.38276088	0.444982	-0.16095611	-1.822244	0.07533353	-0.55738026	0.93826455	0.14054906	-2.277793
1.3157963	1.0800276	1.6342236	1.025848	-0.9549974	0.2751723	-0.101520136	0.6992547	0.34995744	-1.2873921
0.21397331	-0.20772907	0.8276901	-0.012619257	-2.3618727	-0.06964822	-0.57136506	0.57953125	-0.172932	-1.5372595
0.57703996	0.8252046	1.036689	0.35555607	-1.0621469	1.0325658	0.8739909	1.4780793	0.51262194	-1.0588611
1.3829743	1.0480908	1.7013174	1.0766907	-1.1937027	0.6323134	-0.32627887	1.2652702	0.44829842	-1.0108607
3.439193	3.8811438	3.4543717	2.9191737	-0.8664893	3.49928	2.6317763	3.4984856	2.7150903	-1.3529695
0.067919545	-0.013362199	0.69383264	-0.14146198	-1.159936	0.5292097	-0.512689	1.0403697	0.36088693	-0.7013573
0.58026576	2.7006342	0.51538706	0.1984611	1.6041827	0.19867784	1.7039694	-0.33336446	-0.6410847	0.7053839
-0.6625876	-0.05111122	-0.17308363	-0.8368807	-1.3176258	-0.37955087	0.33268875	-0.00922451	-0.9905408	-1.0589252
0.5210303	0.23393837	1.2224398	0.32486528	-1.2005217	1.1909795	0.4576104	1.6357872	0.89705354	-0.6534843
3.998772	1.1247723	3.9369438	3.6045632	-0.7350315	3.4201245	3.4828315	3.5906363	3.2852008	0.8972268
0.063780926	1.2730426	0.5052053	-0.28594732	-1.0322015	0.58463454	2.584857	0.13538752	0.6048419	-0.39511427
1.4731284	2.3885014	1.8622038	1.1983066	-0.5875353	0.33021203	3.092374	1.2810763	0.33933005	-1.5825611
2.3780992	3.2000556	2.5439274	2.056061	0.20394638	2.3919284	3.3729596	2.060586	2.168845	-0.53258777
-0.5456366	0.84747815	-0.29998156	-0.8036731	-1.1865788	-0.23140088	1.430077	0.22793767	-0.21986574	-1.2608203
1.4808297	0.6905	1.9363469	1.2219701	-1.3446231	0.5676252	0.8961937	1.7840044	0.55446905	-1.5391545
2.2747047	0.2765837	2.6345174	2.0111105	-0.91504216	3.170106	0.051257964	3.135937	2.971819	-0.9189276
-0.20879161	-0.5090486	0.293054	-0.35897654	-2.1547968	-0.6055515	-0.34209523	0.17783487	-0.43818703	-2.4928699
1.0623494	1.8786356	1.4044089	0.6565095	-1.163813	1.0946505	2.2262943	1.3693192	0.36498988	-0.5457417
1.7805291	1.5589628	1.9861679	1.493942	-0.49413013	2.5769446	1.9776276	2.9905827	2.362318	-0.43544367
1.3194935	1.4941097	1.589877	1.0156045	-1.0243087	0.63432187	1.5416977	1.4880166	0.3358404	-1.0325086
1.1750486	0.82546663	1.809993	0.96383345	-1.3319372	1.6177288	1.4618769	2.1895013	0.73048306	-0.7697575
0.76064163	0.89117706	1.4478279	0.5362792	-1.0644133	2.2833936	1.6310259	3.8544714	1.915144	-0.68689775
0.91950166	1.2181622	1.2378552	0.59020156	-0.66356754	0.086387195	1.5317237	1.017155	0.46464792	-1.7552304
1.7910777	1.157515	2.2487476	1.6833277	0.30145422	1.1261977	0.49139458	0.66691715	0.9562915	-0.45649642
1.1872865	0.32460538	1.7263047	0.9590565	-0.9921055	0.26937562	-0.18057026	0.51285917	0.16435303	-1.0238057
0.0048201755	-0.3780182	0.4868437	-0.185385	-1.6120598	-0.6670105	-0.41240975	-0.29820746	-0.9880683	-1.5366992
0.6026251	0.5897989	1.1663452	0.3910393	-1.6831955	0.65066636	0.38150698	1.2238184	0.50731707	-1.7857996
-0.1676833	0.8888992	0.3921633	-0.4445017	-1.1965679	-0.63879406	0.51162905	0.25868112	-0.7095478	-0.40345845
0.6953396	1.0976562	1.2701664	0.43286812	-0.9813945	0.7546738	0.70284426	1.0778728	0.7686292	-1.0198613
-1.2065607	-0.9634415	-0.5134115	-1.318746	-1.2343416	-1.4334148	-1.2886026	-0.7349617	-1.5575297	-1.2297885
0.7864577	1.160491	1.5891519	0.60604835	-0.85754013	0.76833296	1.2076117	1.5662528	0.40412426	-0.8197032
3.1760848	1.8294075	3.4908316	2.7541723	-0.01677972	6.29123	1.565982	6.780335	5.7073016	-1.0900098
0.4029119	1.8500597	0.88295996	0.068831965	-1.1081496	-0.47076738	1.214919	0.10570439	-0.4051966	-1.1911705
0.19612017	0.30813542	0.74587965	-0.0008896291	-1.0287852	0.34808344	0.9189002	0.92858577	-0.2796364	-1.6537124
1.1172956	1.0251744	1.7382375	0.87976086	-1.3318394	-1.238694	0.16564424	-0.18190151	-1.2028432	-0.6106342
0.16953802	-0.049394667	0.69705975	0.0024295896	-1.4472919	-0.13417809	-0.07436338	0.37989765	-0.5148277	-1.5532802
-1.7553134	-1.6405703	-1.2165623	-1.712324	-1.7778147	-1.5757601	-1.187397	-1.079091	-2.1457984	-1.8697735
-0.5923678	-0.55104333	-0.19116917	-0.6695471	-1.3596028	-0.64587265	-1.1100554	-0.3287086	-0.23056252	-1.2161993
0.16302332	0.8166963	0.5115949	-0.069726996	-1.2481471	0.48236474	0.9124949	1.2502943	0.4339119	-1.8111289
-1.1252272	-1.1059268	-0.49387464	-1.1990961	-1.3445514	-1.0078639	-1.40526	-0.52127945	-1.1063479	-1.4315103
0.69655174	1.0569819	1.362331	0.45640296	-1.2257129	1.0934485	1.2704592	1.8313469	1.2489235	-1.4267062
2.899927	4.196728	2.955875	2.5518086	1.4484315	2.9088953	4.2914596	3.2410743	2.7583609	1.1307607
0.63871187	2.8768618	0.72292304	-0.014387414	-0.9418118	0.96734035	3.4419062	1.5501926	0.8071784	0.37433797
0.46428153	1.4162451	0.7114875	0.15564047	-0.40745685	-0.74117684	1.9865412	-0.32540685	-1.1668853	-1.1282002
0.6188626	0.48412493	1.1227332	0.34818673	-1.0207407	0.71977764	0.07262848	0.97514266	0.30728838	-1.0851806
-0.6141264	0.59711325	-0.29040536	-0.79375947	-0.94068694	-0.18504748	1.3784671	-0.101931475	-0.96506435	-0.9871415
0.24933663	0.21792695	0.9211123	0.06361462	-1.428993	0.9272043	0.5005061	1.732354	-0.50937235	-0.5747009
1.5220435	0.7251742	1.9999243	1.2999636	-0.6772772	2.8452938	1.4745722	2.8644357	2.6550016	-0.46628952
1.3783058	1.4718512	1.5314062	1.0732522	-0.69609094	1.1473486	1.4549791	1.7929101	0.99927926	-0.45167422
0.31678262	0.6216856	0.8143581	0.10165839	-1.224933	-0.04122778	1.0556012	0.13343579	-0.3078169	-1.0358487
0.96074086	-0.00065384805	1.2804005	0.7479558	-1.3127344	1.148095	0.052038744	0.7602247	1.0163753	-1.3113856
-0.72868556	2.2832658	0.34540546	-0.9433428	0.68530476	-1.0215113	1.5813916	-0.3132907	-1.2900608	1.5688212
0.70288527	0.6142285	1.2712295	0.519852	-1.3914427	1.4692398	1.093702	1.7078156	1.2527112	-0.069697835
-0.87420124	-0.7312894	-0.40279558	-0.9277904	-1.2576817	-0.72767526	-0.4847552	0.060718242	-1.1761216	-1.350038
-0.07113194	-0.1007258	0.38834167	-0.2386893	-1.3607719	0.63188666	0.5925095	1.1917065	-0.42602468	-1.4257363
0.42822343	0.56426966	0.9913292	0.21577968	-1.2256782	-0.050104238	0.5477527	0.86391985	0.33423942	-1.2430512
-0.8396037	-0.56855816	-0.22758627	-0.9225142	-1.3908117	-1.2225282	-0.91411465	-0.41777104	-0.9504535	-1.3219848
-1.0475194	-1.0445493	-0.7106515	-1.092926	-1.2041042	-0.9030958	-1.3762424	-0.49032554	-0.75797755	-1.6404353
-1.0123144	-1.2396609	-0.571813	-1.0454181	-1.4867953	-0.61323345	-1.2429831	-0.9180526	-1.1767284	-1.5491048
0.58946985	0.54914415	1.1834133	0.3981161	-1.2527196	0.8288066	1.3275975	1.559494	1.7856933	-1.7928576
0.063313104	0.24664834	0.42657536	-0.15831903	-1.351723	-0.25630334	0.27185228	0.12123426	-1.1193049	-1.5311009
-0.2486561	-0.218268	0.15673718	-0.43912256	-1.3222668	0.031032735	0.466524	-0.48882747	0.1752594	-1.6794779
-0.7772904	-0.14986268	-0.15495548	-0.94840455	-1.2609407	-1.1797069	-0.78110147	-0.4100628	-0.63969046	-1.6987884
-0.59124666	-0.71722084	-0.14465705	-0.6910446	-1.4599266	-0.50551	-0.2963599	-0.2583452	-0.45262328	-1.6227868
-0.082482554	-0.38631916	0.3889195	-0.20303287	-1.7580568	-0.07567173	-0.20224118	0.4271626	-0.12712088	-1.5565072
-0.40230453	-0.2260658	-0.06472066	-0.53542626	-0.024037927	-0.55140984	-0.7945021	-0.4882626	-0.40008742	-0.42765528
2.1429513	0.35546568	2.616478	1.9101951	-0.83989215	4.0273647	0.5830155	4.5300517	3.4060178	-2.3555305
-0.23368847	-0.008289516	0.25654393	-0.40970087	-1.1727872	-0.21072263	0.11163514	0.16612689	-0.24077255	-0.7867137
0.022649966	0.9801029	0.32166463	-0.13486075	-0.25973237	-0.62037045	0.16427359	1.1131763	-0.35436815	-0.8806447
1.1799198	1.9204538	1.2785672	0.7844629	-0.63017905	-0.7899377	1.3256707	-0.005164166	-0.8656953	-1.6980991
0.07504853	-0.06701365	0.4082002	-0.10738893	-1.2077118	0.4022266	0.5338595	0.6444217	0.32249874	-1.4710813
0.19321549	-0.74158204	0.6483872	0.0597167	-2.3496454	0.42575064	-0.37604794	0.74372417	0.30359688	-3.603321
-0.94415665	-0.15469185	-0.50445616	-1.137885	-0.9838588	-0.97126377	-0.18175247	-0.32323316	-0.46098214	-1.1970557
-0.5899914	-0.49608406	-0.18919992	-0.6814365	-1.3228381	0.31919435	0.6849027	0.4880916	-0.19735938	-0.7629348
-0.4976704	-0.72387147	0.26465556	-0.59589785	-0.6431788	-0.9135314	-0.72047955	0.9446301	-1.2427264	1.434156
0.57821816	0.34196284	0.20593968	0.3262055	-1.4239275	-0.15912221	-0.39445052	-0.48705545	-0.864561	-1.7117058
-1.2211492	-1.5872667	-0.7926228	-1.2070551	-1.5113767	-0.6781806	-1.6533651	-0.39284056	-0.5507278	-1.2329588
0.579898	2.557606	0.9010546	0.16602962	-1.0705439	0.8361501	5.07242	1.4558756	0.5243883	-1.2932281
0.5827181	2.0051062	1.1440222	0.3598162	0.48958138	-0.7473789	0.59655815	0.42876783	-0.6640846	0.43366265
0.11350273	0.79083633	0.8912666	-0.053380296	-0.6562686	0.08401164	0.2316498	0.57577246	-0.3020487	-1.2178477
-0.677725	0.014073402	-0.20815566	-0.8383112	-1.4280714	-0.49555185	0.28711283	-0.10007508	-0.612641	-1.3542475
0.035226665	-0.24543187	0.40372816	-0.13457443	-1.1851796	-0.8983532	-1.9613951	0.21513358	-0.14277597	-1.1565125
0.39901558	1.2369232	0.89685774	0.14473079	-0.020744205	-0.743465	0.8526419	-0.09194006	-0.21986574	-0.6391657
-0.58288425	-1.1094664	-0.16262525	-0.6231477	-2.1399374	-1.2371442	-2.1336095	-2.103842	-1.1209565	-1.3184416
0.99131113	2.3442147	1.3492216	0.733418	-0.3498021	2.1682744	2.1444082	2.1907477	2.0408707	-0.5617864
2.3451455	1.4460747	2.6554184	2.0936344	-0.30541256	2.660902	1.2587863	3.3688376	2.716793	-0.52084965
1.6893965	0.7916486	2.383765	1.4400458	-0.94368696	1.4188603	1.023431	2.1155887	0.9102668	-1.0876307
0.005315654	0.38356093	0.46126294	-0.20840763	-1.1663822	0.56484365	1.4389181	1.287911	0.40746328	-0.7060589
-0.6323424	-0.80659914	0.07201114	-0.80239975	-1.8261756	-0.4993643	-0.33117002	0.30834338	-1.1634594	-1.5026572
0.49922875	2.3315668	0.74850345	0.07782911	-0.79812676	-0.43010506	2.1158745	-0.3236763	-0.89393425	-1.7863454
-1.3486964	-1.1762366	-0.85492253	-1.4234837	-1.5041134	-1.3065746	-1.1798362	-0.98511374	-2.7307465	-0.98843426
0.7111085	0.17154697	0.99072576	0.49505413	-0.7910509	0.212417	0.39642015	1.0872362	0.1841092	-0.91571337
-0.658826	-0.16847643	-0.32617775	-0.7298453	-0.6881707	0.27066118	1.2894042	-0.10916379	0.13652292	-0.667758
0.75000525	0.5804758	1.0549845	0.49013954	-1.152505	0.20766439	-0.08665979	0.91881925	-0.07777705	-0.7445196
-0.5438903	0.24559739	-0.06291321	-0.7518216	-1.385285	0.07363928	0.474969	-0.29629725	-1.019374	-1.5140582
0.17920348	-0.69660527	0.4104189	0.03527771	-1.4165232	-0.023106897	-0.36563116	0.45585293	-0.75677526	-1.4169347
0.029908307	0.26010895	0.19318637	-0.1838919	-1.0127645	-0.240578	-0.3107215	-0.021011373	0.21506542	-0.976592
-0.1047099	-1.4048367	0.41837958	-0.22627707	-1.6183262	-1.2752306	-2.0198991	-0.7238885	-1.5178745	-1.9310838
-0.28026658	-0.37427196	0.2093966	-0.3494662	-0.9776207	0.01733157	-0.5935731	0.20468394	0.11523344	-0.38393933
0.36331895	0.30252388	0.68781936	0.1888522	-1.0688027	0.80254555	0.058866374	1.5674825	0.36338192	-0.61495805
0.8610992	1.6378613	1.1257297	0.598752	-0.3860993	0.6952278	1.8811457	1.0424341	0.50135994	-0.3523151
0.41009897	0.5682354	0.7555715	0.20930521	-1.1818922	0.055252496	0.40783167	-0.28360617	-0.659598	-1.240056
0.31201017	1.9828784	0.35965148	-0.10687786	-0.9316834	-0.44970912	2.1519058	0.43021864	-0.78340924	-1.051374
0.566115	0.46565452	1.1821368	0.3550706	-1.3937578	-0.12591746	0.5516604	0.64168894	-0.28385174	-1.700235
-1.5554774	-1.2579623	-1.0643712	-1.5987399	-0.9516219	-1.9000529	-1.989123	-1.1373003	-1.7759742	-0.7833555
2.7099025	6.4215846	2.8192437	2.047595	-0.3150831	0.40281835	5.6585402	0.50667375	-0.07636976	-0.84177554
-0.6255607	0.6251472	-0.28555784	-0.82960397	-0.9455483	-0.42384648	0.64315975	-0.4207175	-0.588514	-1.4147705
2.2941027	1.0359644	2.182322	1.9133227	-1.0726151	1.2549045	1.1960208	1.1473334	0.9950439	-0.98879516
-0.3272259	1.8211658	0.13355187	-0.6504829	-0.82765245	-0.5680994	2.6847813	-0.1693938	-1.5883155	-0.8649758
-0.22901449	0.8252952	0.21340996	-0.46029764	-0.2830822	0.7085897	0.7856177	1.2308056	0.38939795	-1.0898341
0.59650993	0.92935884	1.126682	0.35757768	-1.1999646	0.51751435	0.37288198	1.0999583	0.018908404	-1.0793073
-0.35433668	-0.5831851	0.032267213	-0.4992138	-1.7986138	-0.35894826	-0.8298531	0.5633281	-0.06000593	-2.076837
-0.1537247	-1.3092875	0.34304556	-0.17162009	-2.0980978	-0.017158989	-1.0338708	0.56628656	-0.25232458	-1.6801795
-1.4668258	-1.5698811	-1.0279319	-1.4812741	-1.3627167	-0.88028264	-1.2608662	-1.1807438	-0.37459204	-0.9202178
-1.9530724	-1.825069	-1.3271673	-1.8544481	0.05132523	-2.0098057	-1.3270833	-0.1607473	-1.1075276	-0.17937025
-0.23787028	0.14426118	-0.03413278	-0.4963262	-1.3279351	-1.0933888	-1.1450121	-0.62230575	-1.3030499	-1.3348849
0.73274374	0.33676514	1.189829	0.5281224	-1.0610409	0.77717096	0.5385698	1.5296478	0.5511643	-1.0166625
0.112720825	1.2591594	0.75392246	-0.15279965	-1.2850066	-0.91282547	1.0195434	-0.35469764	-0.85392267	-1.8534968
-0.27217695	1.0814105	0.49505287	-0.60375965	-0.8901489	0.77816695	2.5178432	1.4964727	0.4860123	-1.1889414
3.1904461	2.0299447	3.283565	2.7571702	0.027941763	2.577547	2.096549	2.5564487	1.9638305	-1.5357645
1.4319018	0.58452153	1.8519804	1.1891651	-1.0562284	1.1855218	1.2890084	1.2004149	0.51443243	-1.8524518
0.19900057	0.9070289	0.3217874	-0.01045841	-0.053783447	1.248096	0.4877793	1.8138361	1.6180617	0.6122999
0.98375016	0.6533474	1.2385848	0.7657001	-0.065705866	0.6402268	0.23056822	0.97978085	0.17849772	-1.6054552
-0.20420438	-0.3633483	0.24657449	-0.32480657	-0.78053427	-0.07523804	-0.49200913	0.13955344	-0.49579683	-1.005023
0.49179497	0.9971465	0.8963275	0.22746496	-1.2957846	0.8325777	0.54298204	1.4483113	0.9425909	-2.1943605
1.599048	1.972276	1.3676786	1.2336233	-0.6864223	-0.5783727	-0.48975992	-0.7304906	-1.1531205	-1.5614957
1.5609785	2.19748	2.2795575	1.294158	-0.68439794	0.68148845	1.5655774	1.2719191	0.11802582	-1.4618423
0.4790289	1.8084629	0.8829291	0.21654136	-0.33080125	0.96596175	3.9273183	1.7606778	0.38642123	0.88432723
2.6257112	1.8615046	2.9644558	2.2295341	-0.50439143	3.0836873	2.876241	3.5905316	2.533432	-0.21627174
-0.72077376	-0.64766717	-0.21695879	-0.86122113	-1.7082283	0.2202126	-0.12269074	0.7693584	-0.15630521	-2.1609502
0.03720761	0.922451	0.7666042	0.009432048	-0.11966097	-0.03615933	1.3071285	-0.05954842	0.14173903	0.042589538
0.20532522	0.703377	0.5685782	0.05221112	-1.3489392	1.2915182	2.2653756	1.4691486	0.6495205	-0.5140113
0.722267	0.36017546	1.2232476	0.5380368	-1.277513	0.6778334	0.62056655	1.2243677	0.5749937	-1.7096126
1.4809544	1.1045507	1.9607674	1.2451444	-0.40018255	2.711317	2.4854102	2.0731134	1.629062	-0.17232953
0.034912013	-0.6692486	0.3543099	-0.083666876	-1.508149	-0.13809827	-0.70473987	0.3509409	-0.7183922	-1.5255082
-1.1687713	-1.0186387	-0.7166152	-1.2381675	-1.628589	-0.6285998	-0.6822389	-0.36336592	-1.6204036	-2.0222454
0.25136343	0.28763065	0.81369686	0.009923384	-1.9319413	-0.23922853	-0.42368495	0.45358682	-0.58717024	-2.1065652
0.23501682	0.5793122	0.58632994	-0.00055514276	-1.2509571	-0.58511925	0.82481384	0.060627956	-0.8509793	-0.83070743
0.22866732	1.5703458	0.62917674	-0.102993384	-0.9820546	0.14340204	1.3452816	0.17211428	-0.63981855	-0.28267342
1.0325726	0.2943503	1.7562912	0.8435483	-1.0853773	0.7989896	-0.5995028	1.0759666	0.26827863	-0.95649505
-2.0096347	-2.060287	-1.3962761	-1.912549	-1.7439116	-1.9808463	-1.4890202	-1.8412486	-2.2382736	-3.1387618
-0.38206112	-0.2180781	-0.12895676	-0.55771095	-1.43638	-0.53128254	-0.45978934	-0.3071584	-0.4128084	-2.0224617
-0.981216	-0.74360156	-0.44807902	-1.0221068	-1.4615767	-2.5922194	-1.1641488	-1.0660594	-1.728628	-1.632953
0.68207943	-0.16077834	1.0142406	0.53927445	-1.3004571	2.4880664	-0.44025114	2.469621	1.9134208	-1.6710893
0.5692704	-0.46825618	1.3321657	0.3879125	-1.9401629	0.083871	-1.0054415	0.8883774	-0.027382715	-2.517656
1.326036	1.4650912	1.4817406	1.0960569	-0.7352242	2.2074828	2.660397	2.1086628	2.002914	0.045381796
0.39372337	0.5566267	1.0263594	0.24018858	-0.36446422	0.3917907	-0.2770525	1.2051854	-0.389894	-1.0999177
-0.8089484	-0.8125514	-0.46866134	-0.87169313	-0.714298	-0.36565298	-0.11812904	-0.52940536	-0.37037998	-0.5529535
-0.36485022	-0.42490733	-0.009027392	-0.47430933	-0.8774071	0.3638344	0.5845385	0.38362408	-0.80887884	-1.0913674
1.051191	1.6184237	1.3913591	0.78768694	-0.6738602	1.3275042	1.7578804	2.0302663	1.043745	-0.4884347
-0.3447713	-0.39792383	0.2174364	-0.5372466	-2.0430417	-1.709628	-1.1527605	-0.6377274	-1.8258305	-2.305488
1.3035982	0.4757658	1.7453828	1.1032026	-1.1367661	-0.36684328	-0.3308803	0.5120068	0.3329024	-1.6753109
0.102591954	-0.6031922	0.6934302	-0.05672145	-1.955923	-0.60868675	-0.9399804	0.40528333	-0.8053088	-1.8055766
0.26647305	0.5332459	0.66812503	0.015694574	-1.3557307	0.29193786	1.168631	0.73475075	0.23414283	-1.2665906
0.61297995	0.6394348	1.0871974	0.36374986	-1.2870516	-0.30480087	0.5281439	0.5948821	-0.05986538	-1.0487828
1.504367	1.9358175	1.9880924	1.2122476	-0.38968664	1.5220523	1.8362135	1.8238811	0.96267295	-0.7547467
0.06644536	-0.19972026	0.5073274	-0.14213358	-1.2795265	-0.43693244	-0.73023933	0.84012717	0.021132821	-0.7632692
-0.15652719	-1.1255062	0.18196455	-0.23779698	-1.6562024	1.5096699	0.32758072	1.2802745	1.289635	-1.5951858
2.5346267	2.187155	2.7797136	2.2167444	-0.5950476	2.2824295	2.8169174	2.5527782	2.0759315	-0.81711197
0.82915723	0.5793128	1.2896398	0.5798963	-1.0422597	1.6692537	1.3975458	1.8514019	0.6849537	-0.92327625
3.6567223	1.6131922	3.984015	3.422464	-0.98754585	1.6670411	0.79587734	2.2367425	2.1274896	-0.9472743
0.20468938	3.8710978	0.014440298	-0.26028416	0.41429463	1.6737919	5.0752425	1.9374644	1.5262375	1.7978758
1.4878818	2.5129397	1.3482628	0.9650278	-0.79121643	2.1976752	2.2525673	2.8061996	1.3763576	-0.6113198
1.1159989	2.25827	1.3291126	0.7663265	-0.82726705	3.0772748	1.5782897	2.4514337	2.6193595	-1.3709207
1.2445632	1.2682681	2.0150344	1.0757233	-1.1978297	1.1776005	1.6089988	1.8144832	1.1058227	-1.8897191
0.21750334	0.5083289	0.63262594	-0.0002617985	-1.3650233	-0.45120737	0.1069982	0.5762094	0.00022273272	-2.4400072
-1.035915	-1.2760977	-0.5502726	-1.0581051	-0.8441698	-1.0495099	-1.5962268	-0.50069714	-1.0931631	-1.3183451
0.45573428	0.30632964	1.0419877	0.30863273	-0.884513	0.6817491	0.29695466	1.107199	0.8119433	-0.9244002
-0.24738249	-0.06948912	0.5272355	-0.44218427	-0.85910904	-0.3102756	-0.26269874	0.50421864	-0.8120741	-0.6903212
0.5885183	0.32742015	0.98980737	0.3764438	-1.2311354	0.89261925	0.9773322	1.269446	0.35983485	-1.518383
-0.19880676	0.11226413	0.25887895	-0.41376764	-1.4309338	0.07525441	-0.03228355	0.21521701	-0.50170803	-1.158534
-0.032792248	-0.54424274	0.40442798	-0.21338792	-1.9877778	0.31541198	-0.39595956	1.0726635	0.4973037	-1.6510663
-0.22191602	-0.8399198	0.44273603	-0.3215127	-1.1543714	-0.0958402	0.16002066	0.7916148	0.32741046	-1.8769811
1.6426929	4.87439	1.6751051	1.1558036	1.8289548	0.2979068	4.258151	1.0773116	-0.1831533	0.4005084
0.16402361	0.18061563	0.6063937	0.06289436	-0.9022088	-0.030842477	-0.28550944	0.90318644	-0.033410896	-0.60881007
-1.2262744	0.09738943	-0.93202233	-1.3749216	-0.9452034	-2.2315843	-1.4757099	-1.6578159	-0.85756433	-1.2056032
-0.5000446	-0.35569128	0.1435701	-0.751062	-1.350769	-0.50066435	-0.7400075	0.2901296	-0.80306304	-1.2038879
2.5935445	3.2831655	2.9570317	2.1639524	-0.18126725	1.7995086	3.5083303	2.0500836	2.292105	-0.46819523
1.2746681	2.470044	1.7124702	0.8854854	-0.86659026	2.182415	2.4741437	1.0037985	1.5024552	-0.7157876
0.57500416	0.16821101	1.2015107	0.40735185	-1.2003753	-0.4042407	-0.078248106	0.42242017	-0.61954516	-1.5643221
2.7134373	1.7159654	2.985667	2.3173618	-0.84537494	4.9193068	1.7893983	3.3641279	4.278169	-0.96012235
1.7569132	1.8621984	2.1179535	1.3313203	-0.90404844	1.6971514	2.6974213	2.0323894	1.0946205	-0.8236139
0.3239715	0.53721213	0.6296127	0.04239133	-1.3771266	0.15597038	0.81700724	1.292611	0.04132699	-1.0831546
0.9955464	2.2630775	1.1886033	0.62888813	-1.0436294	1.2564536	2.5208042	0.8460933	0.18209687	-1.5238311
1.2851633	1.4479265	1.8464893	1.0008936	-0.94842124	-0.8408257	0.7170156	0.3097881	-0.55687165	-1.376575
0.13671517	0.60569894	0.52641594	-0.042081967	0.019995302	0.6652113	0.13137852	1.4206139	0.16082671	0.029132668
-0.58348656	-0.049438	0.26665244	-0.6659677	-2.0685802	-0.46796486	-0.14095527	0.18500558	-0.6052613	-2.6819808
0.68087274	0.6166439	1.1709268	0.5472345	-0.2722792	-0.8744141	-0.04167416	0.039591204	-0.8771653	-0.5940876
0.98100215	0.3306397	1.4621435	0.73836756	-1.3313113	0.97685874	1.9349474	1.3200226	0.8074657	-1.3263274
1.5911884	3.6806471	1.5503117	1.0793207	-1.0331264	2.8722594	2.8700132	2.1165454	2.332057	-0.82766795
4.2432876	4.051013	4.095484	3.805088	0.058989555	2.9253104	2.685981	2.7113466	2.3137264	-0.6880223
0.9396829	1.3270941	1.4934705	0.68058324	-0.9385395	0.74485135	0.78192866	1.0491174	1.3346504	-1.090469
1.2354301	0.72181416	1.5937004	1.1207994	-0.53741086	1.1066728	-0.73354715	1.8370488	0.50885314	-1.1085538
1.1054521	2.0956204	1.4241258	0.78178	-0.818313	0.55756104	2.0279775	1.2879955	-0.33341658	-1.1902179
0.40355197	1.2595896	1.1298099	0.18802886	-1.0801615	-0.696315	0.54393	-0.10977952	-1.5869247	-1.1683513
0.9119824	1.7595861	1.2088428	0.62120575	-0.8935567	0.6151264	0.6740898	1.0441697	0.45032364	-1.4712299
2.580452	1.9957237	2.8980534	2.1960099	-0.74895924	1.9758223	2.8082554	2.317735	1.1695421	-0.47273716
-0.23537695	0.016224682	0.101783425	-0.28598067	-0.6737882	1.9839417	1.9095492	2.4106069	1.7230759	0.011825791
-0.06308731	-0.6410725	0.48916626	-0.16319738	-2.163097	-0.28098625	-0.39505348	0.7362065	-0.70739394	-2.5219517
-1.9434152	-1.8702272	-1.3069298	-1.8856428	-0.55437016	-1.8990821	-1.2731079	-0.989021	-1.9146004	1.0606729
-0.2634919	-0.87139404	0.2792276	-0.40633175	-1.6901859	-0.7653438	-1.6434677	-0.20243762	-0.7970803	-1.7045506
0.61515707	1.8743634	1.2117853	0.27788895	-0.7137148	0.77208793	1.8938364	1.7371753	-0.07099582	-0.7702789
0.16924629	0.80507946	0.6074145	-0.083700895	-1.2655262	0.37982604	0.6240839	1.1542518	0.35463628	-1.5123932
0.15636232	-0.4577803	0.6241166	-0.021220073	-1.9938215	-0.14661579	-0.7135542	0.19408841	-0.35410863	-2.35312
0.25611454	-0.48287207	0.6973604	0.014648989	-1.4993408	1.1236106	-0.9201106	0.77786404	0.77897066	-1.4294983
1.4550979	3.2062685	1.7135323	1.0999892	-0.62452936	1.0910511	3.2039585	1.9096427	0.75506586	-0.024113141
-0.7788125	-0.011318922	0.3663407	-0.9456165	-1.4478384	-0.9806053	0.59777164	-0.1062641	-1.3097637	-1.5824187
0.02658353	0.70674276	0.75708544	-0.13326725	-1.0901157	0.99404246	1.7901909	0.67121375	0.25049973	-0.9374082
0.9938981	1.3437881	1.6655571	0.782209	-1.0312706	0.96811634	1.0771575	1.1619216	0.66500735	-1.2399606
0.22055161	0.92225444	0.58552873	0.0067222416	-0.7864132	0.33444276	1.071712	0.820073	0.45033082	-1.1086488
0.88068634	0.79250705	1.4736648	0.6767556	-1.0720775	0.49504563	0.18366928	1.4466257	0.7098232	-1.8893884
0.78633416	1.3106956	1.3275371	0.5568242	-0.77317286	1.1499469	2.2902882	1.4926522	0.9627677	-0.78086156
0.88477606	1.1709697	1.3624716	0.62384135	-1.2681174	0.8066174	0.73423284	1.056149	0.528356	-2.0397398
0.15131798	-0.2321176	0.6927476	0.003009662	-1.3947223	-0.31579205	-0.03724833	-0.22180113	-0.5676213	-1.0109053
2.21363	2.152226	2.2235725	1.8284814	-1.5780218	1.6746546	1.5469719	1.5065362	1.449008	-2.1287057
1.5742127	2.710186	1.516449	1.20888	0.61683357	1.3578702	2.812529	0.84264773	1.1204327	1.6807443
-0.18689048	-0.52476937	0.17433318	-0.34820467	-1.4467255	1.0598505	-0.1532745	1.036905	0.36702642	-1.6130457
0.4099935	0.060323566	1.0014443	0.24442469	-1.3707727	0.4682217	-0.1906804	1.4216638	-0.02908681	-0.8771033
-0.108337305	0.003987223	0.37443802	-0.30323184	-1.2783406	0.14333196	0.79138094	0.66735	-0.09727256	-0.3044813
-0.4214468	-0.4188585	0.006004393	-0.47524035	-1.3835	-1.5890111	-0.3528077	-0.5743388	-1.3573693	0.08936152
1.4334354	4.377586	1.6679652	0.99887466	0.7881533	0.21227974	4.4404016	-0.091925584	0.9989693	1.347622
0.036573686	-0.47706863	0.43481696	-0.100541115	-1.6039133	0.9311089	0.7047602	1.8645504	0.91491365	-2.329131
0.8141032	0.4968311	1.380479	0.5848527	-1.5711915	0.37438136	0.50052756	1.0681741	0.26640257	-2.014784
-0.38858676	-0.50058997	0.13521692	-0.55683064	-1.9077688	-0.9280053	-1.0215204	-0.35079542	-1.0364227	-1.5559667
-0.33360156	0.8372996	0.4244958	-0.49901664	-1.3000519	-0.47712985	1.2523406	0.6052736	-1.0573076	-1.4471751
-0.3000839	-0.5666787	0.13926937	-0.43252608	-1.4608932	-0.19290647	-0.59827495	0.31405646	-0.13103306	-1.5263844
-0.31631777	-1.1887611	0.28236625	-0.36073893	-2.439302	-0.4586193	-1.1133038	0.28591314	-0.74566275	-2.5039077
0.38118502	1.3272984	0.79205644	0.11132024	-1.3357831	1.5827014	2.9552622	2.6722617	1.4111326	-0.24692841
1.1283613	0.6118283	1.4131556	0.99175596	-0.4935804	1.1299781	2.1177895	1.577232	0.7744781	0.11354195
0.18571427	0.48697218	0.6898924	-0.03722836	-1.2770189	0.6329355	1.4420203	0.946418	-0.03787206	-1.2315326
1.5864075	1.2453961	2.0087621	1.333786	-2.2201722	1.8485686	2.0411556	1.6813248	1.4149789	-2.328616
-0.39838096	0.61114585	0.31342638	-0.73256785	-1.6856703	0.96105635	1.714947	1.497833	0.65011966	-1.1922735
0.30677357	0.30085018	0.866379	0.11883722	-1.3074403	0.054968227	0.07394127	0.6905174	0.3705582	-1.5677179
0.10240745	-0.838467	0.5352322	-0.02475448	-1.7695544	0.17858826	-0.2374893	0.46550298	-0.14108466	-1.2101377
-1.0518717	0.24246964	-0.55595064	-1.3113258	-1.5529135	-0.792024	-0.22558583	0.13427608	-1.1559583	-1.2545898
-0.07753145	-0.2462034	0.2496964	-0.2542758	-1.3925717	-0.75864285	-0.642381	1.3538245	-0.32447582	-1.4998933
-0.74697614	-0.7718214	-0.43958113	-0.7365676	-0.68317556	-0.95618	-0.09274822	-0.81830734	-1.0896801	-0.51906896
0.5283599	0.048872977	1.1280817	0.3523999	-1.1891267	0.8084223	0.58070254	1.870974	1.0870305	-0.91193694
0.43821177	0.72458065	0.8934009	0.25682604	-1.1397605	-0.22111318	0.3901616	0.40885085	-0.07908282	-1.3149737
2.2464476	6.1920223	1.70021	1.5160253	0.86338603	2.6832976	5.008947	2.006405	2.628178	1.896742
1.154235	-0.7288933	1.9275557	0.9825268	-1.038901	0.5814128	-1.3010392	0.8832471	0.13906556	-0.84418124
1.8167986	3.0301492	1.7889773	1.40558	0.16390768	0.98622197	1.6300441	0.33004677	-0.10421536	-2.1189423
0.7026089	1.587393	1.2340593	0.35703516	-0.35668492	0.3571177	2.5974793	1.0199667	-0.1145609	-0.939586
-0.13347706	0.22650433	0.48603678	-0.31179065	-1.4157004	-0.23402072	-0.310997	1.0601516	-0.41899273	-0.9424425
-0.15127105	0.5434762	0.21482684	-0.34253567	-1.0117104	-0.7693649	0.1038231	-0.32505202	-0.96712303	-1.6378391
1.4913176	1.6612076	2.3669617	1.1800106	-0.34076545	1.7704761	1.73884	2.5662801	1.4141656	-1.7149811
0.82250917	1.4897327	1.2708968	0.551383	-0.9468776	0.55956715	1.1722208	1.2891439	0.09549763	-0.62380266
0.46550736	0.1534689	1.1687361	0.29738593	-1.4348902	0.0116682425	0.06196344	0.82490104	0.34557757	-1.3004532
-0.9266131	-1.1921496	-0.25056565	-1.1946777	-1.5851886	-0.13893764	-1.231764	0.86113197	-0.36430755	-1.8243319
0.05411508	-0.21450666	0.5634912	-0.100888476	-1.1651503	0.22776796	-0.19179054	0.7393919	-0.4054711	-1.5157487
-0.2798459	-0.5731467	0.19717792	-0.3094558	-1.1641647	-1.2785574	-1.6307235	-0.74804854	-0.77628356	-1.2080108
1.5783892	0.8633263	2.1022532	1.2790754	-0.6821239	2.0521731	1.1311643	1.9670643	1.5873656	0.54890096
1.2787398	0.53134334	1.205357	1.0855551	-0.9078306	0.604858	0.09691288	0.4332275	0.39702624	-1.3228161
0.43959716	-0.43924987	0.9900048	0.29827672	-1.8974855	0.7807287	-0.5078113	1.2815479	0.6770704	-1.7805941
-0.71470016	-0.7143703	-0.45402375	-0.7811209	-0.5882998	-1.0174124	-0.42931017	-0.2685407	-0.6671289	0.8738536
0.09584352	1.6884995	0.6341554	-0.03766574	-0.5199387	0.17479242	1.2251067	0.6514191	-0.40647164	-1.1662948
-1.9304084	-1.8650441	-1.004077	-1.9314057	-0.9770955	-1.6363219	-1.9581316	-0.7983537	-1.5456828	-0.5686603
1.3298665	0.56363106	2.098574	1.0507873	-1.3138803	2.434865	1.1932462	2.973467	1.9093419	-1.4563912
-0.19604483	-0.24423933	0.34701064	-0.30127722	-1.3646858	-0.66493493	-0.714796	0.08305601	-0.48809138	-1.3939917
1.9032882	3.3362763	2.1440663	1.4997888	0.20136449	2.5515172	4.310489	2.5266185	3.018399	1.5237838
0.53576857	0.21684211	1.4503734	0.24816184	-1.0332228	1.1720719	-0.05647656	2.249024	1.0166771	-2.1394742
1.1893077	4.4012017	1.1106001	0.5633204	-0.8957424	-0.031739134	4.3950205	-0.39088336	-0.48330137	-1.5332012
-1.4770265	-0.9404129	-0.9275888	-1.5520006	-1.4192796	-1.4755838	-1.245666	-1.1041988	-1.5767937	-1.4322865
0.07247659	-0.6810658	0.33175114	-0.10277535	-2.067823	1.9765679	-0.04111878	1.8134655	1.4053513	-1.828557
-0.111790486	-0.35283303	0.37017822	-0.24008457	-1.404541	-0.098083965	0.025420956	0.55506873	-0.33950922	-1.1402516
-0.7988807	-0.8507794	-0.30774805	-0.84247386	-1.2251457	-0.5865455	-1.522959	-0.56323946	-0.49942812	-1.0389261
0.39860457	0.53014684	0.8752234	0.22495438	-1.1231972	-0.47066638	-0.6224595	0.71618533	-0.15634708	-1.5254221
0.16365606	-0.20176591	0.37081552	-0.050329223	-2.0060303	0.064990945	-0.4522701	0.15585494	-0.07077188	-2.2149365
1.1294718	0.62252986	1.3103049	0.9152485	-0.71239144	1.4405845	1.1612267	1.9772526	1.1593448	-1.328961
0.54197997	-0.24521348	1.0756452	0.39846432	-1.3486545	-0.13451277	0.55354893	0.46654016	-0.05971153	-0.8246444
0.71061903	0.77101064	1.1764764	0.5099677	-0.91326606	-0.38475564	0.02307782	0.7801292	-0.9525498	-1.7339104
-0.1833891	-1.0364901	-0.023225814	-0.22707136	-0.22819695	1.4398044	-1.6405561	1.4104005	1.1148877	-0.13080433
1.1548532	1.7029167	1.5167133	0.88728106	-0.74425423	0.23156932	0.6575404	0.8946316	0.8789965	-1.0487787
-0.19187552	0.617	0.70682836	-0.44001853	-1.2550768	0.3433502	0.8235931	0.7453061	-0.46426618	-1.8339729
0.47100243	0.8778224	0.6953384	0.17711686	-0.59898055	0.08133893	1.0383035	0.5234362	-0.5148657	0.29517165
0.0690039	-0.22381876	0.7267214	-0.10559505	-1.3614794	0.2605134	0.3943976	0.8618319	0.11767942	-1.6688107
0.9304656	1.4743662	1.1382458	0.61038727	-0.9849131	-0.38328195	1.1798797	0.16948496	-1.0501728	-1.189325
0.96002656	2.4259574	1.3431416	0.5875217	-0.99052644	1.4203658	3.2308888	2.001756	1.4685969	-0.80123883
-0.4477645	-0.6146635	-0.07407069	-0.56507057	-1.4417061	-1.0851005	-0.5058081	-0.17748982	-0.8628233	-1.3543283
0.44508192	0.62913394	0.86494195	0.2185839	-1.3173372	0.44182307	-0.4420881	0.8582547	0.12015453	-0.95214736
0.9938409	2.0832784	1.3774663	0.6811286	-1.2246208	0.88114136	1.6830446	1.8433697	0.8012893	-1.9141377
0.33676067	-0.1363408	0.9393581	0.1677527	-1.2122495	-0.5037696	-0.20082438	0.59973675	-0.46191192	-1.9178417
-1.0660963	-1.1015334	-0.6043099	-1.1249886	-1.323731	-0.39702797	0.4803965	0.5900495	-1.3923348	-1.5786077
-0.26107916	0.066958845	0.41711515	-0.47030908	-1.0939587	-0.7835131	-1.0335492	0.030080825	-0.73917633	-1.557848
0.5970917	0.6829088	1.1532985	0.41904068	-1.3391578	0.69668305	1.1352023	1.2404845	0.367402	-1.2713248
1.1975323	1.4639157	1.7618791	0.9832146	-0.83514524	1.4963378	2.1729915	1.431497	1.3043509	-0.97060686
0.7890321	2.5559964	0.81923044	0.44797367	0.11316475	0.5876013	2.5467987	0.8697907	0.07119442	-0.45761928
-1.09625	-0.77375007	-0.5948106	-1.2140472	-1.4440831	-0.71610004	0.019943912	0.0025224292	-0.19483905	-1.1835073
2.214377	0.5793791	2.7734628	1.9941826	-1.2282429	3.1445456	3.0870783	3.3349202	3.0740561	-1.251109
0.20791283	0.37880948	0.89412487	0.023107156	-1.3015003	0.24671452	0.3442249	0.8123769	0.108698115	-1.7467604
0.18843973	0.50086856	0.6857915	-0.014608815	-1.0677046	1.3030585	1.6483048	1.8509777	1.0075136	-1.0745615
-0.5370137	-0.39804527	-0.24552724	-0.635322	-1.294619	-0.90298307	-0.2794527	-0.3185994	0.21508625	-1.918223
0.49867842	0.39200738	1.0505666	0.3178401	-1.274409	1.0163866	0.8147031	1.350084	0.08143146	-1.3950201
0.92580706	0.47310337	1.7166952	0.75052345	-1.3229811	0.507757	0.21179739	1.2693874	0.5142455	-1.1088182
0.28319365	1.9689994	0.5068202	0.1579179	-0.36627296	-0.29768163	0.6452513	-0.087377235	-0.5382086	-0.67320156
0.09617012	0.5439565	0.55722606	-0.0757951	-0.85729945	0.44768286	1.4656745	0.7431825	-0.036963686	-0.8829507
4.189664	3.9614937	4.135978	3.8189912	-0.32426077	5.939328	5.7482047	6.452037	5.706637	0.65679824
3.2082884	0.8387952	3.4011168	2.837008	-0.8530328	2.8146415	1.0160116	3.4101071	2.6806717	-1.8440454
0.27488944	1.3782825	0.7268722	0.006325081	-1.2849472	0.21755052	1.0471572	0.053073507	-0.4345671	-1.2532365
0.5308125	1.3134128	0.938133	0.27625555	-1.4444329	-0.53238297	2.8023622	0.50889194	-0.289266	-1.399937
0.19900939	0.015737355	0.7727852	0.031147465	-1.3560747	0.46769667	0.54066175	0.8780629	-0.20674382	-1.6412985
0.89748514	0.3552771	1.7089838	0.66680413	-1.5525202	0.6757047	0.8672601	1.0351523	-0.13577013	-1.6494554
0.47051886	0.3565794	1.0357103	0.29155046	-1.3689963	1.1185647	1.019127	1.7489051	1.7054454	-0.46551967
-0.7855181	-1.0103581	-0.3158349	-0.8638686	-1.7053305	0.06058797	-0.4287852	0.56667423	-1.003531	-2.2553077
1.332223	1.876193	1.8083194	1.0115716	-1.0979027	1.4978832	2.0172627	1.8935747	1.2919852	-0.54955214
2.3858902	0.8731519	2.8600802	2.1544583	-0.8920429	1.5735489	0.60517484	2.1256483	1.4784296	-0.48542458
0.26817372	0.29047927	0.5877791	-0.013436645	-1.380534	-1.1015971	-0.10238349	-1.0057026	-0.85359544	-1.2667878
1.2646888	3.1224554	1.2781118	0.7601778	-0.5909966	2.4104881	3.5292459	2.0972958	0.87718415	0.5402096
-0.34994337	3.457078	-0.25150424	-0.9506295	-1.2991015	0.32905203	2.869095	-0.258852	-0.37158245	-1.4164214
0.76626337	-0.11805609	1.3674033	0.53991157	-1.2807143	1.4572227	0.30514285	2.11666	1.1439791	-1.702812
-0.69463885	-0.36690423	-0.23304501	-0.78977084	-1.2547728	-1.0477083	-0.62153053	-0.27095985	-1.3869789	-1.3239024
0.18263179	0.8802879	0.613621	-0.093771435	-1.2319595	0.47972998	1.1765305	1.1174276	-0.1528274	-1.8297797
0.20110402	0.020296037	0.64779294	0.04686281	-0.76334167	0.028006045	0.71329385	0.38571608	0.2614235	-1.1504762
-1.1216019	-0.9809606	-0.800694	-1.1750695	-1.3203223	-0.4697481	-0.806761	-0.66381663	-0.8106159	-2.0968764
0.09913837	1.1567566	0.6541766	-0.20327568	-1.1621329	-0.0880837	-0.06120192	0.33428806	-1.1260564	-1.48535
1.249498	1.6946886	1.6032624	0.9769919	-0.4860441	1.4611174	2.0619621	1.9829235	1.2289275	-0.6946764
2.2741642	2.7703562	2.3491611	1.9661262	0.31978092	3.0571392	3.104519	3.0967631	2.3421612	-0.5711861
0.41286796	1.2201365	0.90635216	0.12790619	-0.7239465	0.79779696	1.9295156	1.3206449	1.0498374	-0.3826026
0.84234476	0.45121685	1.3887303	0.65017253	-1.6041296	0.42032674	-0.19028187	0.7153408	0.09787326	-1.9729105
1.5197212	2.3583648	1.3871764	1.1451298	0.34834942	-0.2032857	0.2656351	0.01925423	-0.26055446	1.2056423
-0.31817725	-0.625302	0.23158279	-0.41868383	-0.89670885	1.1994345	0.26220652	1.8281583	1.4669148	-1.1237496
-0.3084491	0.095852435	0.06511772	-0.47307342	-1.4731878	-0.40001392	1.2772601	0.20584576	-0.18219204	-0.79313487
0.38738737	0.5913898	0.9325081	0.21433516	-0.9912436	0.6402147	0.40357924	1.3319045	-0.11958784	-1.2323561
3.2077646	1.8510137	3.7907586	2.8350058	-0.90533054	3.3796687	0.7187583	3.5660667	2.8784175	-0.4718156
0.35670972	0.1650519	1.0777736	0.123515114	-1.054981	-0.005396823	0.8309012	0.63308346	-0.7081121	-1.3080242
-0.9635903	-1.0649062	-0.4785503	-1.0034668	-1.3533813	-1.5500088	-1.645986	-0.8954219	-1.438631	-1.4729226
0.93510693	1.2222959	1.5683802	0.6823964	-0.999545	0.9506345	2.2016428	1.2023296	0.73857784	-1.200197
0.18518701	-0.31593266	0.54034173	0.060829327	-1.1209526	-0.057582274	-0.92216045	0.11840287	-0.017250663	-1.3845851
-0.8012154	-1.1946998	-0.33072242	-0.9785503	-2.8698668	-0.39972088	-0.8007996	-0.06663741	-0.39233482	-3.15918
-0.29825565	-0.63615966	0.121880636	-0.43871987	-1.6279272	-0.40573397	-0.2444307	0.08959958	-0.49360508	-1.3414667
0.4118562	0.4398792	0.82792616	0.17523272	-1.3284836	0.3561483	0.11173704	1.0729822	0.31951457	-1.7487252
0.57921076	2.0120845	0.82816386	0.17455395	-1.0651374	1.0401728	2.6984522	0.5177762	0.25681338	-1.3850024
1.7478784	1.0361345	2.2859623	1.4779525	-1.238098	1.2296859	1.3704792	1.3793274	0.5859069	-1.1450099
0.13023809	0.02264753	0.52836037	-0.031440333	-1.1710739	-0.6315267	-0.044406213	0.5030443	-0.11117167	-0.6903909
1.3059942	1.2024028	1.6076111	0.9797536	-1.2523081	0.27514008	1.4214844	0.66324294	0.3936022	-1.0728362
-2.1471157	-2.114138	-1.4580609	-2.0431323	-1.1074299	-2.5581374	-1.8768512	-1.0516738	-1.7874756	-1.5170907
1.5835096	2.5871086	1.8688016	1.2204243	-0.4728126	2.9163399	3.6310182	3.0456986	2.3746378	0.25136578
-0.9114847	0.5973935	-0.67544556	-1.0342649	-1.5691469	-1.4653865	1.0315039	-1.1902963	-1.8634771	-0.7861985
0.52303725	1.6074893	1.0166701	0.35687304	0.47180554	0.48705924	2.1274412	1.2092474	-0.3386617	-0.0015972884
0.3657201	-0.898497	1.1051319	0.31985652	-2.0000575	0.27183837	-0.4768438	0.6688129	0.11383812	-1.7619675
2.0287688	2.1016166	2.1794055	1.669743	-0.4195303	1.5644852	1.5504073	1.643432	1.2391915	-1.2562476
1.0916473	1.0107014	1.7677473	0.9133173	-0.67519444	0.26163086	0.58559173	0.77377415	0.34108895	-1.3352306
-0.67062193	2.082431	0.15156163	-0.9892545	-0.22561629	-1.3595606	1.190615	0.4437316	-2.0337489	-0.8526628
1.9104503	2.3844776	2.2216678	1.5774962	-1.0483862	2.9120262	3.2835789	2.576069	2.311201	-1.1717219
-0.56015354	-0.41029042	-0.06741288	-0.63500464	-1.1670618	0.21101083	0.8707694	0.13044235	0.2435136	-0.6016474
0.38949758	0.21858859	0.88574016	0.22521497	-1.4406776	0.06433694	-0.03979665	0.97232825	0.34539723	-0.6212273
-1.4978217	-1.3279917	-1.0465281	-1.4056323	0.083889455	-0.7870008	-1.5756699	-1.1068798	-0.78394115	-0.6049226
0.91171247	0.74914026	1.3018681	0.60008526	-1.11713	1.0146062	1.546769	1.6607589	1.0610915	-0.8877953
0.60473526	1.2239498	0.7924638	0.28456092	-0.54167426	-0.48199734	0.77228844	-0.86194694	-1.0037994	-1.1617433
-1.6344489	-1.368328	-1.1916835	-1.5439936	0.45359597	-1.6195182	-1.5757309	-1.4561199	-1.3587778	0.23100393
0.1782467	0.8754368	0.9465809	-0.056011394	-0.88579226	0.2756282	0.7539266	0.52187574	0.10762144	0.10880303
-0.9468557	-0.86146617	-0.5219773	-0.98869073	-1.4643342	-1.2485017	-1.2549154	-0.46155077	-1.4100286	-1.8291931
0.78289086	0.9587897	1.439921	0.60661876	-1.005656	0.080739036	0.4348543	1.3571421	-0.44952676	-1.572266
0.82479507	0.48198375	1.5706939	0.7244498	-0.39016795	-0.92047006	-1.3117427	-0.28057072	-0.5915451	-1.290056
0.2872828	0.43648472	0.76731956	0.1319272	-1.4819503	-0.049781397	1.1934285	0.4587313	0.09779975	-1.3274926
0.13999358	2.5727353	0.5778167	-0.31033933	-0.67509913	0.7018992	3.5855372	1.1174209	0.30306014	-1.7185686
-0.057965674	0.34492835	0.058523238	-0.19986145	-0.8497901	-0.9757957	-0.28723887	0.19130012	-0.531526	0.17967129
-0.7012603	-0.48680493	-0.24341428	-0.8176518	-1.2189878	-0.99954	0.2757618	-0.5947533	-0.82781386	-1.4039842
1.0832971	2.337525	1.4304142	0.8496895	-0.46797138	1.2190806	3.0651035	1.6154218	0.46804294	0.4002716
1.0348077	1.4224991	1.8143433	0.80364335	-0.20889795	-0.06995927	1.2730327	1.5125085	-0.057211068	1.1448913
-0.080880344	-0.05975756	0.41245353	-0.3153131	-1.0847207	-0.094010696	-0.33715075	0.4783569	-0.14131486	-1.367975
-1.9692708	-1.9444678	-1.2028792	-1.9854141	-1.360692	-1.9221298	-2.2673218	-1.4010091	-0.6317768	-1.2426333
0.17933044	-0.047529727	0.7078821	0.05032803	-1.1935111	1.9808877	0.49680117	2.021207	1.606153	-1.7381712
0.44180927	-0.27142274	0.9832841	0.29642183	-1.4278	0.18827988	-0.8104422	0.5908445	0.012349351	-1.4384627
-0.25452912	-0.5107591	0.19998193	-0.4270252	-0.9969624	2.0015852	0.7476225	2.0917668	1.3527266	-1.4741668
1.3864352	0.9473853	1.8057597	1.154706	-1.1791813	2.9305367	1.1756059	3.528337	3.1497817	-1.0193328
1.2268486	0.37116924	1.5905026	0.9631963	-0.8730252	-0.38704902	-0.30255273	-0.021051878	-0.23569743	-1.9234537
-0.49092188	1.136052	0.13030204	-0.78768045	-1.3366963	-0.2932842	2.1300013	0.17215793	-0.9236552	-1.1431752
1.2724545	2.311656	1.426855	0.82138443	-0.9378269	0.8525734	1.3416924	0.94670504	0.2926561	-1.2336218
-0.5156273	-1.0036746	-0.3432534	-0.57324266	-0.5986948	0.032805037	0.14880267	0.5661318	-0.074623734	-1.2789642
-0.28595778	-0.70204246	0.09844205	-0.4109544	-1.4067993	-0.9573501	-1.2309116	-0.62561965	-0.9658825	-1.6182555
-0.3439761	-0.75402	0.036559507	-0.42483103	-1.5398517	-0.49001098	-0.13680068	0.5805021	-0.26200706	-1.0162597
-0.5246682	0.48449728	-0.48148498	-0.71911174	-1.0111252	0.1676135	-0.83089125	-0.06530144	0.259022	-1.2779716
1.1348798	0.76424515	1.462342	0.9539571	0.7199756	0.98641926	1.1802889	1.2261882	1.0112162	2.3871636
-0.51580876	-0.75758517	-0.10437587	-0.57090604	-1.2685345	-0.72442615	0.32246104	-0.08082755	-1.0678626	-0.001575112
-0.3946222	-1.6433599	0.2915033	-0.36533248	-2.553296	-0.21397257	-1.9028729	0.8891104	-0.23509781	-3.2881637
0.8300556	2.8675122	0.9336809	0.36055934	-0.82718444	1.0745723	1.1347045	0.6058809	1.0817877	-2.2332463
0.15744975	2.0732312	0.19864908	-0.17179894	-0.8427751	-0.12593561	2.6176066	-0.16591203	-1.2367228	-1.4551365
-0.78470635	-1.0544314	-0.35613605	-0.8000601	-1.6584098	-1.9375522	-0.94781435	-0.33337742	-1.5397353	-1.5676264
-1.3358411	-1.5023613	-0.87717474	-1.3819941	-1.9101721	-1.6103517	-2.0448527	-0.67054474	-1.4098017	-1.8217155
0.043450795	-1.1997714	0.53736794	-0.07645129	-1.0193715	-1.2444857	-1.9716555	0.3565593	-0.9910404	-1.2370204
-1.1197577	-0.8340955	-0.8428798	-1.1789153	-0.48325914	-1.7614075	-1.2143197	-1.6037453	-2.0577679	-1.1034034
-1.6961106	-1.7903266	-1.1762543	-1.6254488	-1.7148381	-1.8242058	-1.1974931	-1.1920496	-2.0599897	-1.4324105
-0.28195763	0.09606373	0.20777705	-0.4617929	-0.89052546	0.43281952	-0.034287825	0.8904609	-0.6811206	-0.6282272
-0.14890712	1.5474994	0.26589212	-0.37411308	-0.62886465	-1.0642227	-0.5383843	-0.8917908	-1.1643487	-1.8122802
-0.01228369	0.45254746	0.35323876	-0.18896876	-0.9342841	-0.10859163	-0.5349643	-0.22743993	0.008593069	-0.9276654
-0.9209002	-0.99219716	-0.43735543	-1.0445945	-1.9968024	-0.75461507	-0.38088128	-0.3788679	-0.92156327	-1.7007262
-0.5760149	-0.8129096	-0.2124568	-0.6981288	-1.383854	-0.4216576	-1.6196845	0.21763785	-0.29680994	-1.4812558
0.6079651	1.4343288	1.0417767	0.2546389	-1.4000931	0.69046426	0.91197836	0.98831904	-0.0028175365	-0.9681848
-0.35973406	-0.47504795	-0.08950603	-0.41912985	-1.3689723	-0.1319748	-0.22395416	0.36945224	-0.34956583	-1.5680755
-0.59101266	0.5024537	0.1475605	-0.7639151	-0.62878764	-1.110108	1.3161242	-0.06067183	-1.4602871	0.74332404
-0.3335754	-1.0429801	0.3321747	-0.44817495	-1.7990373	0.017394396	0.2560959	0.31829977	-0.37042394	-1.96168
-0.17918515	0.6436242	0.35495684	-0.4833315	-1.2434553	-0.2454795	1.432461	0.22359808	-0.7029495	-1.0387367
-0.34622258	-0.12085703	0.24071077	-0.49368227	-0.82347715	-0.11167893	0.0317844	0.81977874	-0.20370558	-1.0031127
0.74580556	0.7563219	1.2952586	0.5348358	-1.4340025	0.43437317	1.3837378	1.07081	-0.0027893449	-1.2672267
-0.8689035	-0.91833496	-0.36084542	-0.92673	-1.6791612	-0.086967446	0.07511391	-0.111936994	-0.48774448	-1.2673703
-0.18216914	-0.05954966	0.40199047	-0.32963032	-1.4580951	-0.19118984	-0.088576026	0.02096135	-1.1949596	-1.4710355
0.4044147	0.44941232	0.93964803	0.20280777	-1.564675	2.0546758	0.88716656	2.379716	1.8307604	-1.9787241
-1.7588475	-1.6011086	-1.0169339	-1.7314703	-0.11905447	-2.2959402	-1.9740294	-1.2752234	-3.0915635	0.41528055
2.3524144	2.286785	2.7326977	2.018179	-1.2055697	3.1466453	3.3994465	3.123827	1.4808388	0.537291
0.32119521	0.60504615	0.8850031	0.08928816	-1.1699877	0.4762469	0.86019033	1.1329707	0.30979177	-1.649918
-0.10132698	0.015436918	0.3716171	-0.23791261	-0.9080931	-0.70655924	-0.8602324	-0.4504445	-1.181596	-1.3126774
0.13815117	1.3273492	0.7279702	-0.121753946	-1.5230366	0.7982162	1.9361534	1.0318909	0.4813601	-1.392133
0.44237223	-1.0174049	1.1482334	0.3215255	-2.497558	-0.0011936551	-1.1119028	0.89035857	0.22448546	-2.3479924
-0.05754996	0.41905883	0.84635437	-0.28796667	-1.2996315	-0.13115412	0.78754556	0.9912113	-0.67111546	-0.5202182
0.5881464	-0.10746041	1.1898574	0.34956092	-1.3553491	0.33240715	-0.21188426	1.2985351	0.15450849	-0.5263519
0.8517514	2.3076277	1.0122243	0.43188435	-0.92358994	1.0936452	3.1116726	1.2151244	-0.039054092	-1.2003585
-1.0686429	-1.0749167	-0.6125455	-1.1308298	-1.6274611	-0.3862387	-0.56115717	-0.37027335	-0.5064065	-1.1650461
-0.6310742	-0.6547133	-0.11768338	-0.75208026	-1.2407562	-0.8101737	-1.0908934	-0.17427015	-1.5816363	-1.9070617
-2.0425286	-1.8193297	-1.4656465	-2.02233	-0.8027344	-2.1697145	-1.8239539	-1.0003341	-1.5900633	-0.30475143
0.5654221	0.17550287	0.7036121	0.42722183	-0.92744374	-0.7482448	-1.4589959	0.12943174	-0.12076366	-0.8065139
-0.17698222	-0.25954914	0.21699026	-0.32897452	-1.4376323	-0.17840034	-1.2544496	0.05836937	-0.5952266	-1.5474567
0.29699856	0.29298088	0.8004559	0.10172193	-1.0693446	0.23420748	-0.24124698	1.1660945	-0.11876507	-1.5820067
0.10706671	0.23020992	0.5454113	-0.08309503	-1.4739155	0.68393844	0.5387695	1.1538397	0.41584986	-1.5920012
-0.8850025	-0.9592687	-0.44089505	-0.93613	-0.71623015	-0.7105818	-1.0213426	-0.40051645	-1.0069557	-0.9106717
1.5911154	0.008714542	2.139553	1.3618841	-1.0638946	1.0542916	0.15715718	1.7497884	0.7746821	-1.4395247
1.9687318	2.5070388	2.063334	1.5656655	0.54902256	2.7111244	3.1368282	1.9992799	2.412127	-0.5100773
0.091697596	0.07648209	0.55753773	-0.12671132	-1.2318426	-0.92420304	-0.93652785	-0.5381471	-0.91999596	-1.6861196
-0.6294272	-1.2384168	-0.1588048	-0.6773022	-1.2751608	-2.2389448	-1.6236209	-0.9358696	-1.9100318	-1.8522341
-1.1585801	-0.6749359	-0.80195725	-1.1627771	-1.0284475	-2.156536	-2.2074208	-1.1933395	-1.9373024	-1.8319492
0.62950253	0.15837944	0.9785311	0.4024192	-1.7374271	0.09233214	-0.76015246	0.2963152	-0.24103174	-2.6420734
1.54163	3.0507522	1.5851282	1.212434	-0.012456387	1.7172198	3.214153	1.5664222	0.88482624	-0.7327147
0.39623332	1.2576561	0.84406686	0.09814291	-1.1271012	0.6069949	0.9169899	1.144362	0.8002653	-0.6845401
1.4304198	1.9917965	1.7183241	1.0854489	-1.0591869	1.7653794	2.1822674	1.9033159	0.6805447	-0.65795
-2.3294642	-2.125959	-1.5709556	-2.2406561	-1.1538854	-1.4276628	-1.462518	-1.2198524	-1.7110498	-1.4760883
0.8649181	1.6446437	1.2349848	0.5270943	-0.0067284405	0.035987113	0.26667723	0.7981592	-0.24962026	-0.9577104
1.415826	1.348953	1.8718978	1.2113976	-0.5791721	0.472654	0.91000795	0.59375453	0.40755895	-0.7952687
1.2878845	0.7976339	1.8556602	0.98787737	-1.3072587	-1.6258605	-1.7450889	0.18024872	-1.5003169	-1.5029136
0.855295	1.3291001	1.4150145	0.5271057	-0.41013706	-0.13674599	0.6067454	1.0707304	-0.22588119	0.65201664
1.3417952	1.63508	1.9044571	1.0120362	-0.52706325	-0.85332656	0.2938718	0.031654313	-1.6636908	-0.5624131
0.2596301	1.5873005	0.7519312	-0.040160373	-1.2070957	0.66322666	1.730846	1.1049823	0.3530508	-2.3130038
1.6685086	1.9175832	2.191082	1.3538243	-1.1002392	1.6541681	1.3052791	2.0293815	1.341742	-0.92018265
-1.0821139	-0.7707443	-0.79749846	-1.1464604	-0.98338926	1.4317412	1.9590056	0.7843752	1.2387396	-1.0021242
0.55229634	0.8002206	1.0422843	0.3740579	-0.93237627	-0.10079866	-0.5180585	0.6549355	0.0067006806	-1.3321334
0.9812022	3.3723807	1.0629151	0.5886129	-0.0851368	0.8992529	3.945274	0.80383325	0.55641264	0.156439
0.6637437	1.5959258	1.1992198	0.5136227	-0.22851545	1.3064588	2.8882618	1.7495575	0.88671154	0.14220889
-0.09921894	1.4075742	0.2723994	-0.424083	-0.80724585	-0.04034358	0.7169707	0.4890495	-0.5612518	-0.5602926
1.0129849	0.96546745	1.4625431	0.7404616	-1.0833296	0.1826081	0.12323972	1.2525316	0.04290981	-1.1194816
1.0082692	1.8078654	1.275104	0.723531	-0.55600727	0.6988193	1.1073179	0.69540864	0.7082614	-1.0916111
0.37237075	0.13442472	0.77314425	0.16509299	-1.2738187	0.5175924	-0.46638617	0.98497987	0.526582	-1.8785076
-0.24260801	-0.68029237	0.11234513	-0.34216887	-0.782277	-0.9645172	-0.80676854	-0.2592524	-0.932482	-0.13873844
1.4982859	1.7360747	1.8798473	1.2328187	-0.011294246	0.40384147	1.8308558	1.5182225	0.11355686	0.24766581
1.1457059	1.4299798	1.5089846	0.9235774	-0.65874135	0.80109507	0.92622364	1.1993783	1.3446414	-1.0199585
0.053814165	-0.544533	0.5290437	-0.11814627	-1.1855816	-0.22053245	-0.6487545	0.51528317	-0.068472445	-1.5215032
0.066859595	-0.113503784	0.6451541	-0.13548793	-1.5002939	0.5283602	0.20501755	1.2377936	0.9916161	-0.71117187
0.59122294	1.369486	0.9810507	0.20145197	-1.316725	0.96956533	2.3806925	1.0529873	0.42273086	-0.92575777
0.70613825	0.9052917	1.1616188	0.49524236	-1.2206771	1.4812787	2.739125	1.9326259	0.6289695	0.20019373
-1.0312879	-1.5163811	-0.53580034	-1.0463144	-1.535394	0.33733565	-0.5046617	0.777781	0.15500608	-0.6833236
1.2152625	1.0682119	1.7382618	0.9330244	-0.91994643	1.5051869	1.0420734	1.6700938	0.92898846	-1.7586731
0.65237284	0.94141984	1.3992937	0.37411714	-0.9970846	1.1627506	0.4553647	1.9662296	0.7675994	-0.997192
0.40015385	0.78449726	1.087003	0.20998158	-0.82154894	0.6470139	1.2768178	1.655823	0.7290416	-1.0475073
0.5552695	2.0043082	0.849401	0.19090523	-1.0132971	0.52201974	3.6577163	0.8880908	-0.3520937	-1.1147354
0.73174185	0.16660488	1.4345187	0.5711444	-1.4965655	1.3061266	0.89502084	1.6663886	0.5131225	-0.7906916
1.1605083	1.8771455	1.7753565	0.8611181	-0.690627	0.46903774	1.379243	1.1037196	0.5754751	-0.7374974
1.2719556	1.7191873	1.3221588	0.96995544	-0.8042257	1.771601	2.421413	2.3687642	1.1999635	-1.9719019
-0.44667464	-0.47679144	0.46805593	-0.572647	-1.1673853	0.28596792	0.4824347	1.0936296	0.015505793	-1.1602358
-0.6209773	-0.9250531	-0.08618161	-0.73443234	-1.321744	0.48577428	-0.08309351	0.6464341	0.48783466	-0.5816778
0.0005831346	0.59759724	0.019368425	-0.22356981	-0.5204041	0.28182068	2.732458	0.77458245	0.12161432	0.8766836
-0.4987096	-0.8359574	-0.21702257	-0.6423305	-1.2635108	-1.0121093	-1.6868596	-0.8197447	-0.797826	-1.6708224
0.984407	-0.081798434	1.345213	0.8746524	-0.91907763	0.7633384	0.87292844	1.1210177	0.6617279	-0.90500826
1.0842587	1.1501842	1.2803974	0.7388904	-0.7819725	1.7059182	2.4474432	1.6794043	1.5142037	-0.9260043
0.04466568	-0.48867607	0.5254494	-0.0929105	-1.4057102	-0.020565113	-0.49307865	0.2553651	-0.12217506	-0.98568994
1.1080931	2.355903	1.3905761	0.83864343	-0.6101115	0.4871253	2.2777839	1.3701953	0.5856952	-1.2988994
0.5379149	0.26740816	0.9604522	0.4646873	-0.5389632	0.9546703	0.7692031	1.3773471	0.9387796	-1.0976994
0.27964744	-0.43276152	0.5729295	0.13921623	-1.5150112	-0.01557071	-0.18710339	0.85302174	-0.7474417	-2.0718236
1.0015655	0.09581256	1.5130997	0.7205643	-1.4517931	0.58096355	-0.54983866	1.1976752	0.920754	-1.9160935
2.4266565	3.357818	2.2433064	1.8720922	-0.7602571	4.065811	4.927048	4.5846047	3.5668404	-0.20235766
1.0265198	0.8238971	1.5887489	0.6595754	-1.281345	1.4456713	0.9091989	1.4162673	0.93908817	-1.7552171
-1.1841658	-0.2738112	-0.75578785	-1.3156607	-1.2223364	-0.7567685	0.204396	-0.7434886	-1.5879543	-1.3572415
0.62392116	2.2824137	0.6703408	0.32860744	0.045965165	-0.016874164	1.3470733	0.5468473	-0.44344506	-0.88615584
1.7390629	0.9037068	2.291855	1.4218102	-1.311368	0.93352646	0.2002732	1.6453189	0.57049805	-1.1933106
0.6480659	2.829172	0.98434055	0.30838603	-0.58574235	0.8092183	2.0188556	1.810878	-0.31943142	-0.46834192
-0.10995779	0.099814504	0.3431451	-0.28480738	-1.2301221	-0.40402055	-0.4321589	0.21587498	-0.6863788	-1.1895648
1.3773656	0.410293	1.9032111	1.0824962	-0.9492357	1.1038194	0.20259601	0.88346356	0.90758103	-1.9245819
-0.012308396	-0.6427203	0.47821116	-0.21384075	-1.9528514	0.20700642	-0.17140618	0.664526	-0.32233778	-2.0358157
0.09856019	0.18214026	0.86265874	-0.12283097	-1.3930006	1.1248581	0.73545945	1.4210874	0.59206223	-1.5905029
1.0065718	0.39261606	1.1153985	0.7713236	-1.0339646	0.2681663	-0.16645734	0.24197534	-0.86476403	-0.4142689
0.42245892	0.030001909	0.5203819	0.25087476	-1.1149154	3.4272802	1.3732938	3.0539649	3.1187432	-0.75232685
0.9175676	-0.45960492	1.4581811	0.7716937	-1.3120053	2.5236602	0.34069237	2.6604853	1.9098792	-1.2377038
0.39513743	-0.35050216	1.029194	0.19288565	-1.7890337	0.46248665	-0.5506237	1.2859218	0.53232336	-1.6798213
-0.51913035	-1.1816522	0.0052761734	-0.6012686	-1.5948445	-0.40128818	-1.2072166	-0.12575983	-1.8742436	-1.63457
-0.50720096	-0.6477684	-0.10049015	-0.58778954	-1.4086455	-0.27807847	-0.74252474	-0.052134547	-0.88879013	-1.4372623
-0.082806684	0.48767748	0.31448188	-0.40747085	-1.5793418	-0.2826697	0.58529997	0.3733957	-0.5033309	-1.951923
-1.9857206	-2.0089877	-1.3337278	-1.9094893	-1.3838645	-2.6537452	-2.0496497	-0.98837227	-2.229379	-0.5300107
0.18481424	-0.22714701	0.115061074	0.025125965	-1.0526333	-0.93296564	0.09184823	-0.95450675	-0.93311775	0.061139755
1.5706798	3.1209457	1.4623042	1.1280897	-0.588268	0.71291983	3.3837535	0.83624285	0.5198794	-1.4343698
0.97823125	0.8497757	1.436707	0.7346582	-1.2271658	3.0566764	1.5054332	3.2280593	2.140467	-1.4949927
0.106065534	1.0160705	0.7347691	-0.09720425	-0.9217602	-0.45617756	0.080500826	0.4567328	-0.4237158	-0.5342842
0.4787394	0.39765945	0.9770553	0.24926622	-1.5872848	1.1542553	0.4528306	1.954509	0.9122763	-2.055625
1.1474746	0.9856782	1.5014051	0.7351732	-1.3772625	1.1513765	-0.19393146	2.427093	0.7759082	-1.5398266
2.968529	1.8814857	3.062616	2.4910107	-0.9499177	3.516931	2.7817113	3.3113463	3.00642	-1.2739373
-0.87521625	0.1051459	-0.6241369	-1.1009618	-1.2392793	0.08243185	1.4931599	0.15726578	0.046041287	-0.94372416
0.46746662	0.8850081	0.8675324	0.24156867	-1.3281174	0.2449376	0.66148776	1.1508176	0.043098196	-1.6246761
-0.42427647	-0.30780452	-0.07796085	-0.51448756	-0.96354115	-0.6145933	-0.69109684	-0.24723667	-1.6072	-0.8738717
0.43291238	0.023790985	0.62431514	0.17699818	-1.2782792	-0.22829603	-1.0054896	-0.09219603	-0.51763195	-1.5521129
0.22616109	0.020669788	0.6741282	0.06648843	-1.5521234	0.016930418	0.69037455	1.0271273	-0.6400053	-1.385351
0.44593635	-0.3349075	1.1439421	0.35242134	-1.7421248	0.40293208	-0.45657328	0.8269652	0.44291133	-1.7248604
-0.5936727	0.33510092	-0.04526469	-0.7424381	-0.35106435	-1.1241324	-0.7878354	-0.44409114	-1.8210326	-0.7433881
1.8938098	2.7872207	1.8742243	1.5997629	0.25319365	2.190687	3.7140799	1.2517301	1.3979166	1.2100997
1.708507	3.3944025	1.6181127	1.2920916	-0.84668195	0.6741098	2.0980077	0.24579482	0.1475085	-1.7868739
1.5315158	1.832736	1.8575679	1.2947892	-0.35237366	1.3880498	1.0949563	1.5612483	1.6028563	-1.1031125
-0.32632372	-0.6120037	0.13462925	-0.4530086	-1.658254	-0.8253255	-0.35191715	-0.58918774	-0.938377	-2.2581744
0.6686078	0.44372782	1.2564597	0.46339405	-1.1782887	0.1412751	0.17947832	1.0130638	0.24221498	-0.83890283
1.5992948	3.9416373	1.1276783	1.1274395	-0.42026863	1.9561964	3.5866802	1.37734	1.4009107	-0.5056143
-1.8967265	-1.9596045	-1.2514752	-1.7619085	-0.8582908	-2.0251937	-2.328614	-1.6169212	-1.6284809	-0.5790075
1.5902053	3.0469663	1.297284	1.1063838	-0.46296135	2.4422562	2.7500093	0.7582053	1.793063	-1.1245351
1.7808148	2.1555738	2.0015655	1.3683236	-0.989509	3.9685457	4.8486876	3.6940985	3.5812502	1.5714507
-0.19041196	-1.4230895	0.49740985	-0.20107366	-2.3676326	-0.031241389	-0.9242469	0.5786716	-0.4143682	-2.375063
-0.020122472	-1.0777426	0.5541743	-0.090683855	-2.6472735	0.07062355	-1.0663631	0.52710617	-0.075462386	-2.4693153
-1.3280919	-1.343948	-0.87504375	-1.3130982	-1.4416463	-0.9976857	-1.4366088	-0.91578776	-1.4606042	-1.4575461
0.39459077	0.1749722	0.7751999	0.0743985	-1.8598154	0.8864035	0.42786664	1.0736483	0.6465972	-1.5569934
-0.55762273	-1.1027759	-0.0899739	-0.65184593	-1.8839431	-1.1056682	-1.9152645	-0.7276267	-1.4909418	-1.6587014
0.3880852	1.758281	0.783216	0.08482309	-0.79275215	-0.15245244	2.3263273	0.30322406	0.6278412	-1.1670184
0.67512393	-0.37990808	0.9630585	0.5628848	-0.74602747	1.9597605	0.19381894	2.6586177	2.033882	-1.2640443
1.5006207	0.9169698	2.109171	1.2561002	-1.0513942	1.3408649	0.72349095	1.9963505	2.1498694	-1.4069754
2.0974388	2.0371988	2.589581	1.6929014	-0.7521613	2.887949	3.671091	2.9425478	2.6864152	0.24817775
0.17507511	0.18355247	0.7800263	-0.1462756	-0.9816134	-1.1284164	-0.57716703	-0.20599642	-1.078163	-1.1726143
2.1408658	1.7584386	2.5118608	1.8254194	-0.15550134	1.0852633	0.50805634	1.9017916	0.9940569	-0.47494775
0.2900498	0.8045697	0.8466617	0.06868808	-1.2927094	0.53116655	0.48487085	0.95298487	0.40425104	-1.4209214
-0.9475084	-1.0315161	-0.58092356	-1.0435804	-1.4312475	-0.6525398	-0.6396331	0.23373236	-0.096308865	-1.8760527
-0.115458585	0.09670073	0.27080187	-0.34586984	-1.4910239	0.20215231	0.6925052	0.89441895	-0.28106925	-1.4500607
-0.05990981	-0.9100498	0.5166684	-0.11764638	-2.0627441	0.2535283	-0.7599935	0.8046149	0.23970559	-1.7711623
-0.3365626	-0.91711855	0.17149618	-0.38191342	-1.0291461	-0.39952737	0.23279227	-0.0021157234	-0.63406074	-1.2283574
0.58563274	0.8761128	1.016787	0.3827104	-0.9089347	-0.005852254	0.9877584	0.28507784	-0.045313396	-1.2393397
-0.3415491	-1.3206427	0.09371933	-0.35340887	-1.8080101	-0.5007861	-0.31508163	0.72908616	0.07092697	-2.282944
-0.26776206	-1.356395	0.37070218	-0.29981244	-2.6012428	-0.18994932	-1.1628256	0.092532545	-0.16104764	-2.54688
1.8848923	1.2984957	2.1301632	1.6164289	-1.0334841	3.3266582	1.4203172	3.7077065	3.4187493	0.049911484
1.4228295	2.0397658	2.0311465	1.2330498	-0.39678228	1.857063	2.4720542	2.1149883	1.7588077	-0.363218
0.9104734	0.08000848	1.0567032	0.70494914	-0.62326896	-1.3984499	2.6588094	-1.4043027	-1.1792774	1.5155699
-1.4951262	-1.3688574	-1.0137243	-1.501998	-1.0975597	-1.2336191	-0.7351049	-0.09722637	-1.3781873	-0.94356
-1.087936	-0.59797966	-0.745131	-1.2191125	-0.9845859	-1.6773179	-0.98946524	-1.1264203	-1.0930712	-1.2186774
0.08969625	-0.139536	0.4153403	0.031779736	-0.84749573	-0.26134044	-0.8218688	-0.18630722	-1.1616039	-0.8903961
0.08898007	-0.008666873	0.5154768	-0.005590871	-1.0380535	-0.10462794	0.63228345	0.8642625	0.048171155	-1.2463957
-0.27923563	0.12009874	-0.0339835	-0.46180016	-0.40318632	-0.2765272	-0.9212623	-0.76687336	-0.58243585	0.35898057
0.8371291	0.7194532	1.2886132	0.56572187	-1.2839336	1.3228071	1.0034196	1.7760173	1.5261344	-1.6801529
0.58201677	0.5510477	1.087053	0.3455519	-1.2891834	0.5328345	1.4810135	0.28682798	0.7294562	-1.7209675
0.82571733	1.7122138	1.1980327	0.5191151	-0.912668	1.0580798	1.4013875	1.852771	0.19463497	-0.7623351
-0.90413034	-0.3803926	0.13322344	-1.06974	-1.0059202	-1.0067126	-0.10008483	0.46936053	-0.7710182	-0.26685476
0.59365374	0.09881392	1.0232885	0.31811595	-1.4490627	0.4387764	-0.040314164	0.93172425	0.017290331	-1.258869
1.3441554	1.8372405	1.6181142	1.0763364	-0.54314387	1.5958017	3.9577258	1.914147	1.5698833	1.5259848
0.8928078	0.70088756	1.5277716	0.640293	-1.097331	0.747613	0.95177734	1.6679474	0.56173474	-1.5460811
-0.7289099	-1.7231355	-0.38188192	-0.7411337	-1.2115055	0.2824898	-1.911443	0.43417087	0.23882447	0.16863997
0.67534184	1.2393651	1.1866255	0.4553653	-0.062399417	0.7043423	0.30223042	1.6736703	0.66313124	-0.7296378
1.1383858	0.15658262	1.6394337	1.0281929	-0.038294584	1.7333943	0.6305667	1.3606141	1.3143647	-1.1052074
0.8108067	0.4801412	1.1618996	0.56299055	-1.3135302	0.28251022	0.39380658	0.27499878	-0.16454472	-2.6633081
-0.7332416	-1.1030754	-0.18694168	-0.81512463	-1.0536637	-0.8882483	-0.9710115	0.18846576	-0.8772437	-0.68033355
2.7508068	2.1288717	3.1076202	2.473672	-0.47659892	4.4252	3.4635494	3.9348135	3.403189	0.1401297
-0.45959756	-0.20939097	0.2961804	-0.60668576	-1.2587607	-0.8412054	-0.6232209	0.16990261	-0.6317768	-1.4673674
0.94897395	1.0934815	1.3913136	0.7360021	-0.7222959	0.75384694	1.3022287	0.8672255	-0.2170862	-1.4945167
1.2420267	2.4125884	1.5795321	0.8597957	-0.45879197	2.0758524	4.843533	2.4611518	1.7185949	-0.014047008
0.78280354	1.3667686	1.298627	0.5350699	-1.0974485	0.86183494	1.7809579	1.4749247	0.5664076	-0.84703106
-0.32600534	-0.29359737	0.28616065	-0.49413693	-1.9564077	1.2896829	1.3131214	1.9433819	1.2496793	-1.3356719
2.0057886	0.94468343	2.1626332	1.7803023	-1.1634935	1.0803275	0.4261486	1.3878907	1.0404403	-2.3400855
-2.0731957	-2.0262954	-1.4279369	-1.980802	-1.9520061	-2.4374557	-1.7703973	-1.1390922	-2.4456553	-2.0881226
1.5077335	2.2850764	1.5624862	1.2978551	0.022074968	1.3978631	1.6220999	1.7381425	1.2275767	-0.65602195
-1.0986125	-0.76076066	-0.787537	-1.129636	-0.30704248	-0.6464742	0.3866273	-0.17822441	-0.9749361	-0.215903
-0.3423961	-0.25541836	-0.06937897	-0.41584343	-1.0176656	-0.3985383	-0.49049675	0.060727112	-1.3334166	-1.8250777
0.22244012	-0.18778023	0.80257726	0.13500522	-0.95370483	-0.1001458	-0.25032458	0.6813836	-0.8856741	-1.3793675
1.0018082	0.65173876	1.4851892	0.9171648	-1.3276743	1.2695041	1.4129988	1.4901938	1.919867	-0.8215493
1.0119386	1.3177469	0.97749984	0.75381553	0.5499698	1.3814932	0.8146043	1.4612294	0.5813296	-1.2632983
0.8798433	2.5365536	0.7774173	0.6719678	0.96727777	1.8283019	4.0003486	1.2542833	2.1638308	1.2194105
-1.5849655	-1.683043	-0.93411183	-1.6091691	-2.1067648	-0.58712304	-0.68183833	0.21093746	-0.8742437	-1.9197981
0.4540843	2.7835772	0.74991703	0.081502214	-0.82364553	2.1788692	3.6666164	1.5155172	1.6073397	-0.9239073
-1.3036181	-1.4656883	-0.7329806	-1.3243823	-1.3705789	-0.8991365	-1.0259217	-0.4665542	-1.411686	-1.1953264
-0.04445269	-0.3505667	0.62072456	-0.22319792	-2.0593464	0.017461795	-0.3374409	0.8377536	0.41410568	-2.0630786
-1.7388878	-1.5292238	-1.1509078	-1.7223555	-1.2727149	-1.5816829	-1.2737639	-1.6206379	-1.5239832	-1.387994
1.9712633	2.2070334	1.9459156	1.5799888	-0.8185795	1.733732	1.7469636	2.1199775	1.3737442	-1.073595
1.2867818	0.9067941	1.9348885	1.0879748	-1.047361	0.59981847	0.92469484	1.2794133	0.24487358	-1.476843
0.92360693	0.6825117	1.521316	0.7197287	-0.8387402	-0.05789612	0.9848807	0.9119649	0.08768726	-0.54137325
1.370262	1.6790707	1.9370462	1.1816852	-0.47575417	1.1916187	1.4275864	1.5980359	1.1128625	-1.0218793
-1.466549	-1.164973	-1.0123664	-1.4689322	-1.1409341	-0.42182928	-0.024631776	-0.35088685	-1.0313724	-0.45356664
0.11267208	0.057249516	0.5135727	-0.05757062	-1.4179198	0.1313734	-0.13868701	0.7583141	0.059337154	-1.7257434
-0.76179636	-0.9376172	-0.26978007	-0.76644325	-1.5019453	-0.87962	-1.297912	-0.7522874	-0.8367391	-1.4580954
0.12818822	0.05642259	0.7620534	-0.044886515	-1.1699318	-0.255255	0.43919685	0.2915965	0.08577433	-1.9483508
1.3376762	2.4978287	1.2468143	0.998559	1.7764364	-1.0753939	-0.47474468	-0.4039106	-1.2198658	0.8369725
-0.6048046	-0.7891054	-0.045513898	-0.576999	-0.6817411	0.6701314	0.14550097	0.7281652	0.890726	-0.84265316
1.5110406	2.594733	1.3422844	1.201835	0.6672976	1.4646255	3.383533	0.72862065	0.8357343	1.2400109
1.2493616	2.3003395	1.5393806	0.9401146	-0.83791304	1.3674467	1.4941068	1.5241978	1.3723859	-0.8127066
1.0366642	0.87315345	1.5201898	0.8142969	-0.6976313	3.8525789	1.8374289	3.6221445	4.0410686	-0.5881203
0.4820908	0.1623793	0.92062676	0.31919706	-0.9600595	-0.2565544	-0.2747481	0.324852	0.13034151	-1.286302
-1.2366847	-1.5946656	-0.83796847	-1.1874464	-2.0502503	-2.1540742	-1.5248079	-1.1220878	-1.6895155	-1.8657062
-0.2846114	0.016810268	0.7616985	-0.4337635	-0.6795591	2.4763608	1.1947488	3.2256436	1.7722065	-1.1629826
0.5275078	2.0430496	1.1566937	0.2246813	-0.8849995	-0.07727988	2.759387	0.66288507	-0.68763936	-0.3424468
1.1701196	2.5255623	1.4580817	0.8371997	0.2609872	0.896874	0.06384959	1.2585517	0.28016594	-1.015306
0.031758025	0.5216342	0.4324213	-0.21703294	-1.3256054	-0.38661385	0.30489564	0.010521829	-1.1155442	-1.546217
-0.05914215	-0.26845518	0.3152766	-0.10037659	-1.4894964	0.65501845	-0.38354972	0.993241	0.78587395	-1.5459923
0.06122818	-0.24828456	0.61952436	-0.05086638	-2.0154254	0.078775965	-0.7106033	0.697082	-0.24733697	-1.6766676
-0.5706599	-0.8941648	-0.10716882	-0.65126675	-1.2912886	-0.0447927	-0.6389423	0.115553476	0.23582362	-1.4705114
1.5855044	6.5526605	1.8573684	0.9887136	0.7966722	4.0695586	6.820963	3.985891	3.8697388	1.4074345
1.6846108	0.78152144	1.971527	1.4234418	-1.6253827	0.6028379	0.12746191	1.571024	0.18506335	-1.8918319
1.2020708	1.9696338	1.3904326	0.9036145	0.2482833	1.2271687	1.7276993	0.66997296	1.0605065	-0.17808956
-1.2480023	-0.6174587	-0.024071962	-1.3376191	-1.8392271	1.1229604	1.9009697	1.5790442	0.33882082	0.6448055
1.3611838	0.40506294	1.8039294	1.1289697	-0.96486974	1.6606594	1.4314172	2.1264532	1.4691795	-1.2621661
0.2639544	0.2674159	0.7829379	0.23767836	-1.1731021	0.56347203	0.5156247	0.27744636	0.3216566	-0.92207867
0.14891449	0.26232567	0.54732704	-0.07565536	-1.5766996	0.38964796	0.92115843	0.15560281	0.032268237	-1.4892827
-0.40059215	-0.68009865	0.06828955	-0.5128336	-1.731666	3.3331897	1.7914668	3.4534965	3.249015	-0.58412814
-0.12196168	-1.4010106	0.5351546	-0.23171106	-2.694867	0.0035141762	-0.7562503	0.2681233	-0.4478367	-2.7823603
-0.30556345	-0.7156929	0.084353596	-0.40670198	-1.488322	-0.12059961	-0.40867043	0.010108921	-0.51846224	-1.3521042
1.1550931	0.800817	1.8188792	0.8960389	-1.455438	1.336717	1.350829	1.6681147	2.0109687	-1.4908112
0.23873824	-0.5954988	0.75986457	0.11233054	-2.0756147	0.7889505	-0.049551796	1.3526912	0.5167979	-1.2072574
-0.61759794	-0.16314536	0.25630626	-0.7790246	-1.2911278	-0.70709807	-0.53094476	0.2758755	-0.85899776	-1.4559954
-0.2681943	1.1142306	0.00027413666	-0.5663032	-0.53996634	-0.28482047	0.06554204	0.2461148	-0.7406382	-1.271009
2.3262584	1.7557029	2.402157	1.946861	0.09774536	2.6511104	3.0792012	1.9701275	1.919086	-0.7530974
-0.49552965	-0.9901203	-0.038078666	-0.6368783	-2.2338128	-0.2357808	-1.3923626	0.12450141	-0.32590258	-2.2082052
1.1589789	1.4843376	1.3256942	0.97318923	0.44864163	0.7908852	2.0909626	1.498449	0.4276671	-0.6502209
0.36608	1.6348773	0.8104371	0.06710069	-0.7311857	0.9343789	2.7636912	1.2182091	0.05917405	-0.51403326
4.6980677	2.451557	4.750704	4.3755317	-0.019646496	2.2673097	2.8012657	2.961987	2.2470422	-0.9431614
1.0192369	3.6538386	1.7049158	0.5962618	1.0998764	1.9771212	4.3735585	2.9106061	1.5581061	2.8122296
-1.4603995	-1.4257072	-1.0261422	-1.3996899	-0.9349568	-1.7185415	-1.2018101	-1.4271922	-2.2683637	-0.30503717
0.7662865	1.6197085	1.2766999	0.37720412	-1.2797718	1.1237242	1.1578023	1.7356762	0.24661022	-1.6363186
0.43695703	0.22704533	0.9031888	0.13705902	-1.3237123	0.29184112	0.5693584	0.61840165	0.22253047	-0.77480334
0.31157383	-0.653512	0.785473	0.14010589	-1.8489807	0.08410706	-0.54360825	0.64665574	0.0016551215	-2.0067093
-0.49226558	0.20109275	-0.0369322	-0.75232375	-1.832656	0.6027661	-0.22735767	0.9176149	-0.020172117	-1.1195062
0.37205672	-0.106474444	0.8693539	0.20888926	-1.5124589	1.2100081	0.2943916	2.2782488	1.6574438	-1.4804027
-1.2925556	-0.7741481	-0.7526336	-1.3163728	-0.236765	-0.9034067	-0.7335728	0.4859501	-0.47187287	-0.7897551
-0.017549291	-1.159736	0.60800624	-0.07261102	-2.358166	-0.115063645	-0.9226664	0.4011618	-0.14291705	-2.29926
-1.247277	-1.266329	-0.7763337	-1.1936805	-1.3441625	-1.5487673	-1.8547263	-0.5566159	-0.65163165	-1.6129327
0.19752836	-0.039191186	0.66019475	0.06984387	-0.88929176	-0.19383135	-1.4342613	0.3552613	-0.96761465	-1.6708604
-0.5050977	-0.7033128	-0.0070031583	-0.58182126	-1.1473463	-0.24013951	-0.88549423	0.6932105	0.7463225	-0.2977563
0.71826804	2.3346846	0.8211	0.27154	-0.6112566	1.1773453	2.0469391	1.2912093	0.5402004	-0.39685243
1.0819087	0.30506685	1.7296838	0.89505136	-0.1421026	2.0757754	1.6462634	3.4564333	1.3754841	1.4216015
0.3213002	0.098201126	0.91101635	0.19048475	-0.8836794	0.2624629	0.38516027	0.86554015	0.056340933	-0.57875234
-0.4024416	-0.51017034	0.070204794	-0.48280185	-1.4609572	-0.19621938	-0.766944	-0.7474452	-0.06776516	-0.59805566
0.41330388	0.37694028	0.74839115	0.20124544	-1.0393102	-0.07213558	0.3753627	0.2667501	-0.34437335	-1.2985634
-0.8008374	0.45182797	-0.44283512	-1.0446594	-1.1042728	-0.9514159	0.11489997	-0.050763465	-1.158085	-1.0848988
-0.38072503	-1.1619806	0.05799526	-0.41733462	-1.5303719	0.08740968	-1.1933258	0.11636794	0.09878653	-1.9843694
0.31500193	-0.11633198	0.6359473	0.31001997	-1.0887493	1.0747865	0.023255212	1.1439027	0.9713076	-0.779934
-0.5043674	0.051740706	0.09544355	-0.6507536	-1.06799	-0.20101774	-0.13517301	-0.011718064	-0.44224772	-1.1528052
-1.5922751	-1.4156995	-1.0436108	-1.5737401	-1.4263749	-1.520085	-1.3585325	-0.41427663	-1.3244758	-2.1546748
0.27527085	-1.6099465	0.72430277	0.25142604	-1.7876374	0.51797223	-1.5930057	0.7658514	0.08868324	-2.4713287
1.5680971	1.782793	2.1178982	1.3048867	-1.0133997	0.89070207	0.65739375	1.5870049	0.28015134	-1.241741
-1.2559274	-1.3113072	-0.9716141	-1.205228	-0.73646146	-1.9365895	-2.1573	-1.0448393	-1.7283044	-1.078383
-0.5030381	-1.2412632	-0.031754613	-0.6042602	-1.8930923	0.919382	0.9342118	0.38094276	0.16357005	-1.0428811
1.4698297	2.4529536	1.3569556	1.0487365	-0.28408727	1.2943252	1.8669705	2.1288364	0.7133303	-1.2187436
0.016818874	0.2424098	0.24629793	-0.054113165	-0.7630031	-0.08175605	-0.37982678	0.22355922	0.29427382	-1.1541349
0.60767967	1.4244316	1.2447734	0.28344053	-0.27454627	0.85832447	1.4994512	0.5284079	0.22689894	-0.76492435
-1.290108	-1.3761698	-0.8600247	-1.2615525	-1.4338164	-1.9361066	-2.0128682	-1.077479	-1.6470636	-1.3252592
-0.12405259	-0.27718794	0.18566316	-0.21304624	-1.1712161	-1.2761706	-0.76541656	-1.1483005	-0.8064594	-1.5338639
4.0747137	2.1066933	4.4410706	3.637397	-0.53241384	0.66295093	2.4147658	1.4385102	0.5668381	0.0361728
-0.9387104	-1.1091979	-0.47452912	-0.9698976	-1.7608953	-1.17364	-0.8207085	-0.6697178	-0.9472676	-1.2440366
1.2702504	1.321783	1.6654876	0.98318946	-0.9882462	0.18648118	0.71211964	1.3153813	0.010530451	-0.84181225
0.95842534	0.019661754	1.4094124	0.7574869	-1.1166404	2.4094093	-0.36074466	3.4904451	2.4208577	-1.5781658
-0.2857498	0.6868427	0.34385005	-0.5140826	-1.3963765	-0.068284966	1.7747517	1.0556793	-0.155997	-1.9099811
-0.35269102	1.5100552	0.4040648	-0.584272	-0.7575275	-0.18867509	2.2775576	-0.34059283	-0.30363438	-1.4654732
-0.9885837	-1.4789349	-0.5927129	-1.031327	-1.2352126	0.43355942	-0.8797341	0.45904553	-0.027194561	-1.4456093
-0.07369719	-0.05748275	0.47532746	-0.18291871	-0.958737	-0.2952973	-0.31091106	0.3934529	-0.16980809	-1.8263581
0.15253264	0.13620743	0.46381798	0.021894738	-0.57250965	-0.46291882	-0.1886832	0.035184015	-0.58304024	-1.1718537
-1.6134981	-1.6957107	-0.99186826	-1.5978326	-1.2625155	-1.5481417	-1.9290352	-1.0982844	-1.3113065	-0.5719481
-1.1221141	-1.7176523	-0.5637604	-1.1538472	-2.2318296	-1.8895769	-2.4126208	-1.2322152	-1.9979762	-1.7694441
0.59419	0.43920997	0.85764337	0.34384316	-1.4928676	0.2632205	0.6340008	0.90546536	0.35016346	-1.9187009
1.1662446	3.893841	1.536491	0.9582648	3.077064	1.5876244	0.78172606	2.0954194	1.7302828	0.95286655
-0.02911777	0.004035294	0.43573174	-0.17251287	-1.1228714	-0.049617797	0.049326483	0.35052207	-0.19454226	-0.046336547
0.36800125	1.5772686	0.77328146	0.053004846	-0.37011462	-0.17505597	2.9916813	1.0936978	-0.70649964	0.87327635
0.3740603	0.6218734	0.80962694	0.19655691	-1.3406878	1.0623333	2.7456176	1.4382718	0.3700757	-1.2357806
-1.2680618	-0.7636329	-0.899711	-1.3508604	-0.8995211	-1.3497432	-1.0147787	-0.6934002	-1.5949426	-1.7359791
1.6550089	4.06316	1.8143299	1.337274	0.64769256	1.240077	3.8495986	1.3129746	0.5524889	0.40554014
0.32741448	-0.4626478	0.5021943	0.27155918	-0.6005	0.1629213	-1.0148194	-0.14480734	0.27512625	-1.0827487
0.5658453	-0.6048508	0.9313835	0.43809968	-2.278388	-0.13745303	-1.3123579	1.019311	-0.12407436	-2.0696602
-0.38945323	-0.15295923	0.2952045	-0.57395226	-1.2222118	-1.6423962	-0.7896657	-0.53653634	-0.454621	-1.7563688
0.30047718	0.57192385	0.7950423	0.061601862	-1.4532073	-0.6555652	-1.3490825	0.60101044	-0.21986574	-0.7013132
0.30394983	0.2865856	0.75703883	0.05258344	-1.4199371	0.5383985	1.2190927	0.49383253	-0.54476213	-1.7522156
-0.82987416	-0.79589105	-0.45565346	-0.91126585	-1.4018005	0.058999594	3.0277574	0.8713006	-0.4132449	-1.0284631
2.5064392	1.5230201	2.9650981	2.1877985	-0.63085914	3.3433187	2.2635567	3.0588527	2.4883265	-0.598555
0.9272272	1.6535293	1.5785716	0.72793883	-0.6632607	0.65512526	2.359952	1.2717061	0.040200386	0.1751893
-0.9602491	0.20421436	-0.7065668	-1.1539502	-1.221704	-1.0456088	-1.077078	-0.9137686	-0.8625737	-1.3323662
0.47366318	2.1331155	0.45637515	0.17774405	-0.38653043	0.41550103	0.53410846	0.52844435	-0.4749463	-1.5450761
-0.60869384	-0.094187826	-0.1318312	-0.7853282	-0.87578464	-0.056172043	0.42937046	0.10504625	-0.82278043	-0.8982775
0.21123725	0.52894914	0.42891538	-0.056421027	-1.6074712	0.17435494	0.43408448	0.47003597	-0.06984992	-1.6101524
0.23132655	0.37399408	0.6972208	0.0036003739	-1.3426589	0.89376384	1.0540311	1.1894565	0.43217555	-1.0900221
0.72577816	2.554539	0.57578135	0.41209006	-0.51984334	1.1193937	1.7431313	1.4123017	0.6010413	-1.4587791
0.5173195	0.40238497	1.0626538	0.32784182	-1.2051723	0.9314886	1.1835092	1.5959276	0.69974256	-1.3323293
1.2965778	1.6749892	1.8333963	0.9830092	-1.3192463	0.76919067	2.2601576	0.75329906	-0.10663152	-1.2706939
0.47101793	0.7795423	1.0574536	0.2353458	-1.232147	1.23509	1.1667525	2.2930927	1.74158	-1.7723668
0.07160991	0.60479534	0.48795757	-0.20919946	-1.13229	0.14758886	0.6163676	0.7073459	-0.3296624	-1.8101208
0.24392802	0.8798096	0.6535388	-0.0086670965	-1.1597971	-0.15357341	1.6389545	-0.17197528	-0.5709958	-1.537791
-0.18859419	-0.07190278	0.2274841	-0.3715644	-1.3508308	0.63272953	0.7874842	0.32653707	0.62043214	-1.5792118
2.7016172	1.2961291	3.1065404	2.454794	-0.72846997	5.6427593	1.7088996	6.2402706	5.1223545	-0.020347718
-1.7039745	-1.6371796	-1.0982574	-1.674446	-1.6894897	-1.5471395	1.4124255	-0.7877607	-1.4118533	-0.87350595
0.74540085	1.0154314	1.1291233	0.4542811	-0.9146086	1.0780458	1.251607	0.679218	0.29721367	-0.17803471
0.44243565	3.2771788	0.7009221	0.028233767	0.21060374	0.04449696	2.8587892	0.26554772	-0.4392079	-0.653098
0.7993011	0.851984	1.3553009	0.57976896	-1.1427779	0.89488417	0.6950746	1.3917049	0.68756044	-1.320836
-1.2838824	-1.2227689	-0.7910633	-1.3394643	-1.3897309	-1.3441149	-1.364835	-0.987808	-1.3513489	-1.8442155
0.98092383	1.5912235	1.3033404	0.7330139	-0.5713088	1.4842259	2.815998	0.8233769	0.6578739	-0.31731904
1.5767393	1.938009	1.6431446	1.2997066	0.14777097	1.6844195	3.3427885	1.2213166	1.3000135	0.5223416
0.51360714	1.0665953	1.1566457	0.23297663	-1.3359861	0.5738642	0.65052056	1.4029474	0.2912475	-1.037715
1.5427815	5.223842	1.4127339	0.7656911	0.23737404	3.1156473	5.19107	2.393618	2.405602	0.11179136
0.23538262	-0.14919195	0.6740093	-0.025389835	-1.4885126	0.12282843	-0.40638596	0.5723281	-0.025720414	-1.4940232
-0.14429834	-0.44014704	0.3469743	-0.26496786	-2.2144017	-0.374266	-0.8374294	-0.032110486	0.35989228	-1.7131605
-1.7596866	0.019922405	-0.15566954	-1.7521547	0.7751348	-2.4025517	-1.1960129	-1.2941313	-2.368112	-0.70051026
0.08557268	0.50613594	0.53728926	-0.012420401	-0.7443719	1.8637916	1.8323159	2.1038287	1.2624983	-0.28772554
-0.69305164	-1.2611383	-0.36295918	-0.69826055	-1.4877079	-1.6335145	-1.7770336	-1.0777777	-1.7884253	-1.6812022
-0.92834145	-0.083586484	-0.53492093	-1.0900419	-1.2846719	-0.59112155	0.13210979	-0.25586846	-0.55485046	-1.234261
0.357268	0.55174196	0.8100593	0.16399519	-1.035176	0.62601894	0.40429798	0.5318171	0.044172026	-1.0942755
2.1454332	3.0321736	2.672899	1.6657473	0.3787739	0.9285126	5.3020167	1.5472465	0.36580223	2.156713
0.8193887	0.6240115	1.3361162	0.5485798	-1.4587456	0.45439935	1.5751911	1.2870827	0.34656122	-1.0025165
-0.56876945	-0.81585634	-0.18659076	-0.5761013	-1.2504784	-0.82884955	-1.7254912	-0.28901824	-0.87877125	-0.5563171
-1.0276749	0.07084516	-0.43447062	-1.1821039	-0.9377458	-0.7128255	0.17080484	0.414058	-0.30058995	-0.18868908
0.13896567	-0.7481898	0.5865406	-0.045536235	-2.3992805	-0.2489195	-0.83153015	0.31136626	-0.52740365	-2.3313632
-1.6925343	-1.7155321	-1.0605463	-1.6416234	-1.3517454	-1.9358828	-1.7563555	-1.2765944	-2.3727496	-1.0031356
-0.4169158	-0.4833717	0.24115172	-0.51392204	-1.6058636	-0.07054473	-0.7656549	0.19520792	0.5095001	-1.3215773
0.21455258	-0.13097471	0.8841225	0.02235417	-1.4193983	0.41612682	-0.84521663	0.83634466	-0.3704254	-1.1630411
0.8067557	1.0587543	1.2188224	0.67487574	-0.41658965	-0.4267574	-0.0045904075	0.37373343	-1.2018625	-1.4960186
-0.6187405	-0.48995787	-0.2106069	-0.68950045	-1.5897299	-1.2316315	-0.9790447	-1.0504484	-1.0308053	-1.0331433
0.52514285	0.7436303	0.7524005	0.2739942	-1.8106076	1.9051704	1.3979212	1.4515866	1.3683877	-1.4714056
1.7151604	1.0443423	2.0143106	1.4292336	-1.202417	0.68278223	0.6813912	0.858086	0.7749762	-1.5763845
-1.037762	-0.88459206	-0.6306367	-1.1677499	-1.654127	-1.0589615	-1.3699399	-0.42126814	-1.1407378	-1.0445024
0.45564786	-0.36175683	1.020452	0.33975065	-2.1078472	0.21463834	0.27050972	0.89395297	-0.2762628	-1.276572
3.4553273	3.1356964	3.9202387	3.2103279	1.57481	3.511304	2.735689	3.4533608	2.8734741	1.4899586
0.7470964	1.560942	1.2922318	0.4378355	-1.1847188	0.6244612	0.85719734	1.3138186	-0.41481477	-1.0483783
-0.6172089	-0.7995299	-0.17823172	-0.6695329	-1.5108069	-1.7992383	-1.2264024	-0.54430884	-1.1006807	-1.8755761
0.13556048	0.45035914	0.25710425	-0.0037968904	-0.30493706	0.5827143	1.6778413	0.39186245	0.51105154	1.4210413
1.305124	1.6238464	1.7166985	0.98916066	-0.48211208	4.8168187	3.7334049	4.861109	4.992096	-0.22401316
2.4359848	4.534599	2.4230278	1.9523368	-0.3247421	2.399412	3.8897529	2.755264	2.299448	-0.60201246
-0.29953313	-0.1553137	0.2448512	-0.47824025	-1.0791239	-1.113636	-1.570243	-0.59062225	-1.2912153	-1.7667575
0.54767424	0.7472358	0.64974093	0.34668916	-1.224916	0.5014731	0.29311177	0.31638265	0.27471766	-1.4785048
0.43788776	0.22501907	0.94149005	0.28901643	-1.0967734	-0.40873462	0.86619246	0.69041115	0.41574374	-1.6002126
0.40358695	0.8320216	0.693462	0.19346537	-1.3154277	0.4416783	0.49545783	-0.0978327	0.47397524	-0.71647835
0.5201923	1.3048377	1.1058279	0.4340958	-0.15383469	0.04504417	-0.0926984	0.7548207	0.49053743	-0.26709646
1.2940964	2.5035799	1.4384273	0.81717324	-0.75529855	1.0427579	1.6024272	1.5983945	0.8150233	-0.6870253
1.1056533	1.4290279	1.5021608	0.7512726	-1.3891133	1.9362309	2.2338037	2.5301237	2.101837	-1.5468801
-0.70870334	-0.26116022	0.13745537	-0.8318346	-1.4361926	-0.6172245	-0.5415949	-0.009820051	-0.5078387	-1.6579114
0.79345715	2.4596012	0.92084587	0.5415958	0.8221766	-0.29178476	2.1641488	0.4054935	-0.38987377	-0.7909609
0.30527815	0.3223857	0.644697	0.16368352	-1.1011612	2.3237977	0.05133146	1.4627165	2.068425	-1.1246134
-1.0131847	-1.4460564	-0.44253835	-1.0450675	-1.4574555	-0.62739116	-1.1682352	-0.4829543	-0.90262216	-1.4042939
2.7936006	1.2635658	2.9488523	2.5283	-0.93058085	1.3717304	1.4375316	2.0934193	1.7239579	-0.79405504
-0.21039721	-1.0100838	0.28597862	-0.38118172	-2.4571729	-0.6937297	-1.3729215	0.50474924	-0.39398614	-2.232918
0.26722562	-0.40210798	0.73263717	0.104653195	-1.5148627	-0.51085424	-1.620493	-0.33380783	-0.14080665	-2.0633008
0.13100195	0.6421534	0.99484766	-0.037010074	-0.8091145	0.5607622	0.11684883	1.4832382	0.9300006	-1.1257035
-0.721775	-1.1445506	-0.24925181	-0.7767093	-1.3655845	-0.2609658	-0.6162272	0.48269793	-0.89374787	-1.2017697
1.5321614	2.685754	1.4857613	1.1917543	-0.24610321	-0.7125014	-0.0010819713	0.2151262	-0.9207171	-1.5634643
-0.6379453	-1.1940428	0.28786245	-0.78119653	-2.110642	0.15725294	-0.497949	1.3773504	0.07318481	-1.7424093
1.231383	0.061757743	1.4507638	0.98459387	-1.4825624	0.41206247	-0.22542757	1.0498712	0.44130418	-2.020264
1.6718508	3.493096	1.4384518	1.115495	-0.27199766	1.4886835	3.6098344	1.0701439	0.41026682	-0.12609039
0.5727353	0.83109164	1.1512158	0.3926491	-1.298882	0.51326525	0.80292505	1.050553	0.6056048	-1.3897549
-0.12022088	-0.041960716	0.35516858	-0.27267796	-1.3630072	0.30229437	1.3974477	0.30422738	0.34877184	-1.3471948
-1.1292293	-1.2143859	-0.7472316	-1.1351014	-0.9398639	-2.25473	-1.6071912	-1.4104556	-3.7700927	-0.6731185
0.2496492	0.14222208	0.6798737	0.021693066	-1.4750746	1.059577	0.5136699	1.5636245	0.78904897	-1.0587192
-0.007853877	0.91002584	0.276533	-0.33972195	-1.4277321	-0.2676414	-0.03323093	0.011683631	-0.3439803	-1.3862199
0.49532166	0.28411153	0.93266547	0.2933339	-0.9293456	-0.04658871	-0.53537804	0.42823353	-0.26350477	-1.1575518
0.1925981	0.17801484	0.69939923	-0.017658994	-1.4954859	0.96031666	0.9146643	1.7125449	1.0862854	-1.0923369
2.684594	1.1043843	3.176872	2.3615646	-0.8050927	3.3182333	1.8119726	3.7329361	3.000221	-1.4347156
-0.8663795	-1.0359755	-0.41841128	-0.9250679	-1.312888	-1.8546338	-1.2570935	-0.10227986	-2.4221995	-0.89840925
1.470061	2.0471811	1.3239632	1.1495562	0.39360592	1.4253619	2.95861	1.3118012	1.178981	-0.1424688
0.33235338	1.6535746	1.3900247	0.11453657	0.34900633	-0.4030539	1.267999	0.9413046	-0.52114284	-1.6538478
0.19838202	-0.2748586	0.2994328	0.036691695	-1.2357129	-0.6647432	-0.31917116	-0.37548396	-0.70325804	-1.391645
1.0861317	1.4395771	1.3560135	0.8368571	-0.8389282	1.5324591	1.7387156	2.2414088	1.335608	-1.2045364
0.3825152	0.3725386	0.91650116	0.20850323	-1.1368309	-0.57120717	-0.21548434	-0.03616507	-0.5287733	-1.2053382
-0.63427746	-0.56892455	0.4440929	-0.6216194	0.27193645	-0.8022042	0.29249534	0.6561285	-0.5709958	-0.33847246
0.83196646	1.5961486	1.2823409	0.6037737	-1.2713097	0.19751342	1.3295013	0.6884296	-0.022871269	-1.3271443
-0.49546048	0.106024176	0.48741958	-0.67767864	-1.7243079	-0.74493426	-0.1559612	0.2887353	-1.165344	-1.9325947
2.355311	3.5651503	1.9724874	1.885402	-0.5648902	2.692523	4.0102544	1.6502954	2.015429	0.33320558
-2.3702095	-2.1792343	-1.5184767	-2.2126424	-0.9233372	-1.9500104	-2.8046837	-1.4128716	-2.7183063	-1.1083564
3.7174835	3.3055341	3.856716	3.1446888	0.3228263	1.7414927	1.994053	1.5886065	1.0398343	-1.1088125
-0.9363126	-1.5379069	-0.5172262	-0.92746246	-0.9026613	-1.4927621	-1.957769	-0.9951173	-2.0213501	-1.9551537
-0.63529855	0.94901323	-0.465333	-0.8842369	-0.9061457	-0.4488332	2.4698246	-0.7158229	-0.6586321	-0.47640708
1.6304257	0.88796663	2.1977131	1.4126816	-0.35760593	-0.20545287	1.0070574	1.1297487	-0.1908202	0.48237118
0.89340734	-1.1173968	1.6110079	0.7893662	-1.5420223	0.6333404	-0.62590456	1.2757703	0.17833014	-1.1831084
1.2108212	2.5589957	1.5030262	0.9336473	0.20104387	0.9193547	1.9187505	1.3437582	0.5542941	0.036393616
0.06985781	1.5398791	0.56093884	-0.23797503	-0.5033351	0.38950655	1.6775981	0.7435202	0.17161971	-1.2329875
-0.07189212	-0.17672282	0.33154866	-0.23775345	-1.3425987	0.2528595	0.38025606	0.8608154	0.098383345	-1.2744659
2.6740162	3.2469232	3.0174253	2.2475004	-0.17302231	3.7387397	2.3939846	4.9239216	3.276709	-1.0432526
1.9977502	0.200986	2.2173548	1.7719457	-1.1549058	2.4646952	-0.4647558	2.704451	2.102662	-1.1836238
1.3147985	1.2731538	1.7090658	1.067216	-0.8973502	1.5973306	2.6510756	2.6039395	2.2089005	-0.04730002
1.9274244	2.2103136	2.157387	1.5977443	-1.1052363	3.3324544	2.8246262	3.0896971	2.8116496	-1.0552319
0.77582175	2.6123114	0.8190435	0.54119885	-0.23927753	0.5032427	4.253996	0.37136745	0.43356487	-0.5623092
-1.021377	-0.7956419	-0.6301476	-1.0496144	-1.2467414	-1.0194856	-0.8602364	0.039948247	-1.9028656	-1.7749993
1.9840733	2.7376578	1.9052652	1.6110778	-0.6422068	1.4579449	3.8597186	0.99869955	0.52265894	0.004744134
0.34340957	0.39840958	0.62160623	0.08958064	-1.7999904	-0.2603958	-0.6765822	-0.17518686	-1.072844	-1.8080248
0.746025	3.4030921	0.814024	0.23361765	-1.2420111	2.0906582	3.851565	2.6429973	1.3172172	-0.061829165
0.5735292	0.9818593	0.74310553	0.3374046	-1.2063754	-0.45039213	-0.5958582	-0.20650326	-1.3159059	-1.3865955
0.8209549	1.4333779	1.3638854	0.5884229	-0.7818271	1.6023312	1.1377876	1.731952	1.4080952	-0.6111907
-0.51210624	-0.4323107	-0.11400166	-0.69277155	-0.91213155	-0.07127019	-0.68647957	0.58780414	-0.53469706	-1.1431587
-0.5015977	-0.6043435	0.0012302697	-0.51282406	-1.4966282	-0.013337151	-1.1996667	0.16326158	-0.8720138	-2.1038206
1.2490801	0.5730139	1.8143926	1.0184357	-1.144441	1.5515579	1.2422913	1.937934	0.984643	-1.5695497
0.38398036	0.18020543	0.9607552	0.22314931	-1.0595307	0.9884942	0.5414364	1.7973733	0.72520745	-0.2833144
-1.611599	-0.6144712	-1.0964684	-1.6926417	-0.93867576	-0.99962515	-0.90152043	-0.8583252	-1.2867044	-1.1173164
-0.611698	0.15281829	-0.32704702	-0.720408	-0.75145996	-0.64059526	0.01440951	-0.6238252	-1.4895854	-1.3277235
0.98797816	1.4436144	1.2952994	0.7070209	-1.1668335	2.3006022	3.019979	1.3352935	1.6980016	-2.1592875
-0.99904877	-1.5614531	-0.58195186	-0.9712198	-1.2773992	-0.53412884	-1.0136049	-0.30119604	-0.9410572	-1.207806
0.6058602	0.38503984	1.2077452	0.45021266	-1.3835593	0.46303314	0.61894274	1.1945591	0.4522696	-0.557933
0.9704098	-0.38844195	1.1607069	0.820374	-0.897691	2.678402	-0.7108428	3.2681954	2.59863	1.2533889
-0.8972337	-0.7304455	-0.39193627	-0.94895	-1.1747829	-0.44864845	-0.55512506	0.18142374	-0.9660343	-1.2309716
0.19702792	0.16385242	0.70412266	-0.02441357	-1.3083789	0.02110907	0.39752874	0.09666869	0.021132821	-1.0372064
0.1378555	0.3524355	0.5766644	-0.0847864	-1.3001392	-0.72183126	0.020733753	-0.14071487	-0.29039598	-0.9970167
1.868033	2.766719	2.063072	1.5149939	-0.35440305	1.29887	1.7766262	1.5548677	1.0590099	-0.833732
0.52975106	2.26779	1.050229	0.2945876	1.4902664	0.13369146	1.2494144	0.78857106	-0.9818263	1.1575385
1.6571153	1.1028793	2.1469154	1.3081757	-1.2872422	3.0736446	2.3218682	3.1289806	2.419183	-0.52828115
1.0850849	1.1229396	1.6793741	0.8217554	-1.130193	1.2767594	1.7629007	1.7550765	0.5633009	-1.55007
0.48410597	0.63073087	0.92323434	0.20358776	-1.4593805	-0.1119607	1.7582417	0.36497638	-0.39035264	-0.4008651
0.015670486	0.35300115	1.177574	-0.1894823	-0.7986357	0.029714504	0.80290425	1.391195	-0.5835004	-0.23320226
0.90744215	1.1112145	2.074679	0.6220903	-0.75576293	-0.6546036	-0.30070177	0.12646534	-1.2551377	-1.4997467
0.47353968	0.5674876	0.957404	0.21882223	-1.485418	1.1736059	0.5011357	1.3212271	0.10445776	-0.7191797
-0.37512678	-0.021368146	0.0024654865	-0.55301803	-1.5480113	0.21993709	1.411825	0.41614604	-0.16259125	-1.8327059
-1.4096042	-1.5333835	-0.83584476	-1.4123873	-0.7744088	-0.41154736	-0.28824532	0.15532443	-0.51645595	-1.2250122
0.9996837	1.7145066	1.662272	0.71670794	-0.6253623	0.59369034	1.7028068	1.9202467	0.3681568	-0.25183982
0.4054714	-0.6173194	0.89561117	0.21418132	-1.3993859	0.49578238	-0.92038846	1.3599623	0.09649481	-1.8356979
1.0957303	1.3999386	1.6255157	0.7962153	-1.4016739	0.50951576	0.78182226	1.356431	0.1011602	-1.154465
0.5629328	0.6813761	0.9870713	0.2522804	-1.1969532	0.8959426	1.1342845	0.9248078	-0.087958835	-1.5369396
0.42272136	-0.08733538	0.934826	0.2520877	-1.3991168	0.4850092	0.26772392	0.17079552	-0.13727807	-1.3871926
0.84118444	2.8474293	0.9335611	0.48080206	-0.5773465	0.5053861	4.32371	0.368587	0.313309	0.42152953
-0.22728583	-0.31758818	0.12958437	-0.38240457	-1.2307973	-0.30306235	0.25014347	-0.07935038	0.027654894	-1.2324265
-0.25421146	1.2781018	-0.07271439	-0.51598644	-0.5725352	0.7397588	1.9202245	1.5282205	-0.22749768	0.15439387
2.0358937	2.918575	2.1139908	1.7499938	0.6560643	2.942279	4.1262636	3.343988	2.6218042	0.8433575
0.3017588	0.4385278	0.61666083	0.08031501	-1.3457329	-0.07396905	-0.039645385	-0.011197224	-0.123789415	-1.7114906
1.3759683	0.6993326	2.5561657	1.3076209	-0.64403176	3.2486513	2.524254	3.7101274	2.6490073	0.9874386
-0.22720978	-0.7854142	0.22999282	-0.3726505	-1.619696	-0.72781986	-1.2769781	-0.5305127	-1.0694416	-1.2623832
0.98641485	1.1291531	1.5155758	0.73939574	-0.7928759	0.32137313	0.5422593	0.77017134	0.42920992	-1.052649
0.051744975	-0.894717	0.43813157	-0.15904345	-1.7796855	0.27449706	-0.38455144	0.53424203	0.035685536	-1.3320515
0.6515998	2.574735	0.6986954	0.32155585	-0.10196388	-2.3872187	-1.5601646	-0.74238294	-2.2659411	-1.527726
0.8475516	0.6684092	0.9920771	0.59535545	-1.5674196	0.62871516	1.411496	0.81457126	0.15737164	-1.0606892
0.03082209	-0.71121216	0.6402805	-0.09678407	-2.120934	0.28474987	-0.8707039	0.741974	0.06555235	-2.073888
0.5151363	0.09591931	1.2381289	0.2763248	-1.0583841	0.93539613	0.2452802	1.2967308	0.82788485	-0.81621385
-1.2595047	-1.2056777	-0.74829245	-1.3313742	-1.6511211	-1.6755924	-2.161572	-0.7636594	-2.021778	-1.5321913
-1.302248	-1.5504866	-0.8098618	-1.2783842	-1.5681931	-1.3545959	-1.8851289	-0.81611705	-1.0688099	-1.581704
0.5766427	0.018939853	1.1777941	0.34615135	-1.940811	0.5462289	0.040022973	1.3719779	-0.07971312	-1.6904359
0.59753406	0.71950495	1.0339667	0.3102476	-1.494373	0.43328974	0.027702572	0.1945884	-0.06376452	-2.4916582
-2.4248476	-2.1196055	-1.6344796	-2.414333	-1.5962054	-1.8038421	-2.038781	-0.22128184	-0.99518937	-1.2005111
0.43334618	0.3722296	0.8856709	0.20487492	-1.4300774	0.7030531	0.77977663	1.084299	0.37580335	-1.499071
0.46812674	1.0705119	0.88490343	0.16328977	-1.0467479	0.108876415	1.5521184	1.1498827	0.21899343	-0.7939473
0.05984036	0.750641	0.6939975	-0.11869602	-1.0919791	0.43369362	0.6018171	0.81732	1.0170648	-0.54136515
0.8408966	0.7833811	1.218694	0.5255266	-1.2905436	0.2388448	0.15537775	1.1127758	0.13461688	-1.2241758
2.20127	1.7801604	2.452716	1.8344355	-0.45727238	1.8000721	1.1450676	2.124084	0.822999	-0.32201
0.5602661	1.5232834	1.0868156	0.25738513	-0.445661	1.260002	2.2904859	1.3836868	1.1417614	-0.310754
-2.270892	-2.1703765	-1.4412224	-2.214081	-1.284315	-1.7508681	-1.540045	-0.24698293	-0.44225818	-0.7516133
0.40542677	1.5079081	0.8596791	0.08912824	-0.40115172	0.22354273	0.5046211	0.6328424	0.24283598	-0.4250228
0.17229342	-0.21989153	0.52384377	-0.01939015	-1.3374387	-0.23159716	-0.59191966	0.098717675	-0.61554027	-1.3606517
2.0455363	1.8256886	2.2520685	1.777024	0.34879294	2.8375108	2.674762	3.125321	2.4693663	0.8658094
-1.1909509	-0.3001499	-0.90539026	-1.24856	-0.71664643	-1.7464207	-1.2002478	-0.55866164	-1.8732673	-0.66804576
-0.66695607	-1.0244918	-0.19403577	-0.7308044	-1.7147838	-0.46313104	-0.99723464	0.42630124	-0.42631662	-1.8306326
0.14018604	-1.0070927	0.38259667	-0.0070598572	-1.3682644	-0.80933124	-2.038987	-0.06713904	-0.3894008	-1.4101195
-0.40130165	-0.99748504	-0.026853979	-0.45401865	-1.3591483	0.8368228	0.47510797	1.5593659	0.5116312	-0.891517
1.4904445	0.41498086	2.077023	1.2415026	-1.1589339	1.5606018	0.36861894	2.281063	1.5638089	-1.427041
-0.7508717	-0.45431635	-0.34232762	-0.81981814	-1.195398	0.10341014	0.20466815	0.33649105	-0.29177058	-1.6360307
-0.8711976	-1.3096305	-0.3652754	-0.92785966	-1.7786555	-0.5124005	-1.4244897	-0.1067959	-1.0483835	-1.9068251
2.8115864	2.6762245	2.7191374	2.420569	-0.38108897	2.115003	3.4159284	2.147196	1.9407266	-0.08723743
0.26191163	0.07925007	1.0336533	0.068842694	-1.6263803	0.26960498	0.8562184	0.888659	-0.21636449	-2.020772
-0.027512796	0.9972961	0.6027436	-0.2829703	-1.0736765	0.050548583	0.78152865	1.2396696	-0.38836807	-0.9514963
1.238898	0.8755481	1.5789102	1.0085502	-0.9156295	2.4165092	0.78861666	2.4067118	2.5628657	-0.82144684
1.4940795	0.84535015	1.9597616	1.215319	-1.3172574	0.80122846	0.53256065	1.3825687	0.63023174	-1.8297836
-0.6212062	-0.91648424	-0.06820941	-0.67920804	-1.5855972	-1.4906522	-1.93083	-0.40622622	-1.8972433	-1.4235529
-1.3270782	-1.320294	-0.8622434	-1.3345125	-1.3546227	-1.5028615	-1.4159523	-0.95780927	-1.59453	-1.6855137
-0.009599812	1.9814312	0.15223846	-0.1583428	-0.15502651	0.10826603	3.621747	0.5949213	0.077906094	0.28536204
1.2490062	0.49869636	1.7731905	1.1847312	-1.5393045	2.608085	-0.061449654	3.0130503	2.314139	-1.3933938
0.5264345	0.50867057	0.9561802	0.37141567	-0.92085385	1.0767142	0.34036654	1.8468273	1.5371326	-0.30777934
1.8053268	3.7072718	2.074778	1.5640376	1.5792056	1.9233679	5.18974	1.7366724	0.82887554	1.7316006
1.8230549	1.8556573	1.6039954	1.4923003	-0.57505107	3.2379584	2.7128856	2.9646373	2.9621177	-0.9656342
1.1934959	1.7417337	1.7283039	0.9563196	-0.58110255	2.293545	3.0234873	2.4496944	2.2642782	-0.13076654
0.38689813	0.92469513	0.59884465	0.11602534	-1.2808715	0.33220413	1.3885646	0.5029658	-0.18516171	-1.286395
1.6023086	2.5762804	1.4625584	1.2272027	0.35597345	0.9555294	1.7598397	0.7866174	1.0346271	-0.23527773
0.4523513	-0.08487889	0.7971145	0.19598337	-1.5547466	0.5302758	0.19112538	0.61430734	0.47191504	-1.3753462
1.4819769	2.5749805	1.5198531	1.1130404	-0.54758763	1.2677746	2.5230353	1.5701603	0.86793005	-0.44012684
1.0776018	1.948554	1.2480763	0.7813979	-0.5626195	0.29299596	0.6231195	0.90638053	0.106875576	-1.8171566
0.47068432	-0.0071798116	0.8019086	0.2889846	-1.1233714	-0.52835995	-0.13713855	0.15826021	-0.88683546	-1.4963708
-0.0013490692	0.15229958	0.3657441	-0.20553339	-1.6004676	-0.6154126	-0.633663	-0.5351237	-1.9344761	-1.6438693
0.7496291	1.3502852	0.9843652	0.47492713	-1.2258867	0.07708487	-0.2325664	1.2757021	0.20073085	-0.95635635
0.81183225	1.8473194	1.0298045	0.52255964	-0.896883	1.2218173	2.1888857	1.4085199	0.72500354	-0.970427
-0.17937967	0.46954313	0.4820852	-0.3368096	-1.5451334	-0.27896583	-0.27766532	0.063540965	-0.9139452	-1.33361
-0.9249885	-0.80055904	-0.40109786	-0.9842554	-1.2661514	-0.88742316	-0.8485458	-0.15463385	-0.28747553	-1.5044993
2.332868	1.9641585	2.677443	1.9763448	-1.0480983	2.2649767	2.2497222	2.583821	1.832805	-1.0538721
1.7963096	1.6270308	2.1051977	1.5159009	-0.54453236	1.5947516	1.4501894	1.8978322	1.6970764	-0.7307575
0.12771037	-0.7124884	0.68719965	-0.031031907	-1.8845578	1.7311708	0.42423686	2.057896	1.7134727	-1.6412671
0.633393	1.0168685	1.0282065	0.3528641	-1.1672523	-0.46911767	2.699191	0.7202143	1.1951717	-0.91769475
2.6559055	2.466587	2.9813538	2.3155124	-1.3054844	2.5280662	2.4749467	2.7250457	2.1019742	-1.0729576
-0.75317466	-1.0960696	-0.46901008	-0.76564175	-0.98815894	-0.55905014	-0.8750709	0.34159	-1.1842501	-1.003561
1.5386544	0.54381037	2.2274878	1.3162704	-1.2712461	1.3680428	0.51292014	2.3100333	1.2036055	-1.6442374
2.042952	3.220333	2.2517407	1.6649454	0.123254925	3.292468	4.638192	3.436525	2.6871076	-1.0784179
-0.2878516	-0.5991261	0.19385698	-0.3880669	-1.1107002	-1.1428267	-1.924244	-0.96818703	-1.7266891	-1.7421857
-0.27783704	-0.283533	0.012316346	-0.39322746	-1.2157627	0.5736019	0.83905005	0.88238037	0.6979513	-0.93124425
1.1493274	1.3327407	1.6170185	0.9064028	-1.213724	2.196854	2.1027563	2.3919678	1.9376342	-1.2688605
-1.0060146	-1.0189478	-0.5609149	-1.0319718	-1.1170719	-0.9358136	-1.1417211	-0.7227072	-0.60808444	-1.543546
1.0159854	2.3435047	1.1106246	0.6810709	-0.53575397	1.0114641	2.4107065	1.5742955	0.79529774	0.31980523
0.24763545	1.4935446	0.69811606	-0.10519323	-0.9002931	-1.6763995	0.758624	-0.84406924	-1.1762793	-0.43185186
-0.6638056	-0.66265285	-0.21906999	-0.77720404	-1.1614648	-1.7444905	-1.6539177	-1.1511419	-1.8742436	-1.1488552
0.15169132	1.7314022	0.59462816	-0.2492917	-0.88165665	-0.21527097	1.352411	0.7871567	-0.4746733	-0.83501977
2.7167518	3.7911332	2.222696	2.1974943	-0.23124234	1.913839	2.6650865	1.5435145	1.579817	-1.1917373
2.4083567	1.8873162	2.1963665	2.0844536	-0.9597089	-1.2314502	-0.8918517	-0.4252678	-0.6222807	-1.2013003
-0.5101065	-0.9942448	-0.02219659	-0.6034781	-1.5796772	-0.35059077	-1.4031343	0.20450841	-0.049046345	-1.6624036
-0.6808415	-0.66821706	-0.29646155	-0.70434606	-1.0090778	0.9442385	0.47714442	1.5269747	0.79368037	-0.13565856
0.19973668	-0.25062808	0.5987941	0.07782142	-1.3396951	-0.4976335	-0.7670548	0.30262697	-0.56812763	-1.7760522
-0.159828	-0.50619626	0.24010521	-0.2494006	-1.3444413	0.23198022	-0.0041061845	-0.0408673	-0.5226367	-0.9790117
1.9178005	0.40879747	2.322942	1.7478	-0.82474613	1.0788108	-0.75871885	1.1620635	1.2741346	-1.12109
-0.1546703	0.30645004	0.17520542	-0.35429466	-0.3374986	0.20562352	3.3273315	1.0937846	0.20436797	2.7498431
0.5808191	-0.41995704	0.99240863	0.5016773	-0.9113989	2.056702	0.19159694	1.5115353	1.3020948	-0.37782013
0.65735227	1.0701468	1.2446175	0.41038787	-1.4679615	0.9647018	1.8929234	1.4778516	-0.005286445	-0.7520513
0.60388213	0.83328164	1.165456	0.41820228	-1.1439039	0.73162025	1.2097441	1.4268608	0.8154766	-0.61293685
0.74456227	-0.30468744	0.9066427	0.5142568	-1.5520436	0.15099892	0.43765768	0.64707875	-0.26956743	-1.4841255
0.72721314	1.0195608	1.205189	0.51042444	-1.6412704	3.4150846	3.3420372	4.0190606	2.9707272	-1.3719256
0.06885528	-0.5425472	0.72726846	-0.05799283	-1.9981306	0.072044805	-0.4906817	0.5703157	-0.21886511	-2.643834
-0.99483657	-1.4527031	-0.43857202	-1.0670966	-2.4190352	-1.1596226	-1.6593791	-0.5150585	-1.8637136	-2.9492373
3.324374	3.4857683	3.4918	2.8900695	-0.7094313	2.2873511	2.858124	2.301493	2.028398	-0.15361585
-0.40481392	0.46265104	0.54306066	-0.51108634	0.43301037	-0.44341272	1.4538311	0.4983067	-0.679681	0.7521053
0.4340569	0.5676209	0.87421036	0.22631566	-1.2401829	0.47752073	1.2331665	0.7856796	-0.0010142168	-1.461758
-2.535629	-2.370692	-1.6219672	-2.4539752	-1.8058236	-2.2957845	-2.1596184	-1.6348821	-2.1220741	-0.47975537
-0.6986333	-0.9245002	-0.2820885	-0.74287397	-1.3720056	-1.2355738	-1.315993	-0.66194934	-1.1979904	-1.631073
0.59406686	0.45700726	0.82049465	0.45661998	-0.7829607	0.8620901	1.4452127	1.3756123	0.9187396	-0.7005869
1.334191	2.8836377	1.5846341	0.8989694	0.38455257	1.9836812	2.973704	2.132782	1.168588	0.6575852
0.6804993	0.61341906	1.3392186	0.4639398	-1.4502217	0.20985776	0.34480488	0.6287779	-0.15219203	-1.5130128
2.050015	2.1302996	2.313343	1.7442834	-0.72178036	2.4900663	2.9714618	2.4670744	1.777937	0.038325813
1.1856995	2.2502158	1.6544414	0.8817643	-0.77611434	0.3375208	1.4976326	1.3277435	0.121949755	-1.2909048
-0.41862118	0.118882686	-0.009666383	-0.57632077	-0.08484012	0.9389491	1.528773	0.47560516	0.49850073	0.20752092
0.20534655	-0.28478122	0.40184072	0.07156403	-0.49852556	-0.6811757	-0.7577004	-0.5517064	-0.4805846	-0.85284966
2.0565667	1.4635847	2.212663	1.7363262	-0.44976443	2.7490654	1.879736	1.8265312	2.4764407	-1.4704133
0.36141977	-0.08413592	0.8291335	0.1461636	-1.3543866	-0.5089986	-0.62772745	-0.13510552	-0.5941718	-1.3824383
0.538757	0.6584135	1.2874458	0.38963115	-1.046672	-0.03323768	0.06258318	-0.1867848	-0.1667249	-1.0114958
-0.011333346	1.3747153	0.78663456	-0.39166978	-0.49828395	-2.3188062	-0.8514311	-0.8248225	-2.0678627	-0.6570498
0.24497709	0.4049864	0.8526951	0.0021594465	-1.6089389	0.2522731	0.81898034	1.2610837	0.82191503	-1.6641972
-1.0507531	0.16447482	-0.056971848	-1.1272115	-0.6377562	-1.6583577	-0.36148092	-0.00022489416	-2.2409208	0.71498275
-0.56880236	-0.2914193	0.13040444	-0.57274646	-1.0487504	0.15702221	0.8719035	0.6857107	-0.20001917	-0.65740323
0.73058647	0.38282618	1.0096399	0.5580311	-0.62681353	0.08292935	0.5123862	-0.1280522	-0.27397648	-0.24877512
2.7285817	3.6921613	2.749469	2.172664	-1.0397289	1.493817	2.4185655	1.4556211	0.8681568	-1.8631734
0.40221664	-0.04135868	0.94134104	0.25416481	-1.0929931	0.45990807	0.32986936	1.0609913	0.37732723	-0.7519394
0.69615984	0.90887094	1.0133946	0.32749742	-1.8130366	0.24099723	2.1371484	0.7757332	-0.114541896	-1.1212107
0.09883585	-0.19985572	0.41917953	-0.099592194	-1.2988131	-0.47166574	-0.24433178	0.24655324	-0.20890759	-1.7411345
-0.7932505	-0.6091895	-0.4078115	-0.84266675	-0.92303336	-1.2119055	-1.1347703	-1.8836826	-1.131402	-1.5336673
0.35768276	1.2201561	0.5210774	0.06283428	-1.2333306	0.773486	2.7606173	0.7539167	0.35107455	-1.2307996
-0.038802005	-0.9857962	0.34596273	-0.09566493	-1.3703084	-0.81244844	-0.6601928	0.45566076	-0.18605572	-1.0407852
0.8643617	0.592487	1.1586193	0.6821001	-0.8248385	0.84958166	0.650079	0.80561024	0.4315766	-1.0677342
-1.2724875	-1.2002785	-0.8154346	-1.2803576	-0.4964942	-1.9269116	-1.0980954	-1.4649657	-2.1855524	-1.2687879
1.0712314	-0.3511768	1.5208547	0.86014485	-1.508223	0.96990454	-0.233819	1.2133782	0.937013	-1.6564982
-0.16621953	0.078974634	0.207095	-0.3712419	-1.1221673	1.2810118	0.77892065	1.715362	1.4564074	-1.3899224
-0.06719476	-0.83782506	0.46911797	-0.2117958	-2.1997745	-0.74385786	-0.65220463	0.4227727	-0.7671545	-1.0585371
-0.3329835	1.4724153	0.5641402	-0.41217318	1.190282	-0.22576825	2.427169	-0.15760553	-0.63104296	-0.027274037
0.05392752	0.6029831	0.59449977	-0.20077781	-1.3446462	0.1265146	0.6956859	0.48945025	-0.17344016	-1.8294629
0.62972885	1.211735	1.2603745	0.3723325	-1.1561556	1.3325454	1.4042323	2.0319684	0.51709986	-1.033172
-0.6456654	-0.48611006	-0.21654177	-0.7393811	-0.6521468	-0.66234183	-0.8946144	-1.0406836	-0.47275585	-0.87063724
0.50734377	0.45142213	0.77476776	0.33101958	-0.35503757	0.1691931	-0.37600553	0.49038327	0.4681271	-0.43432072
0.4636182	0.49211052	0.8415878	0.17982905	-1.3885492	0.11734742	-0.144026	0.81452346	0.04543705	-1.2737274
2.1512063	3.7594392	2.1318076	1.7933214	0.5396019	1.734784	4.787686	1.210352	0.9503443	0.5130068
0.2888514	1.4191966	0.6767601	-0.06373496	-1.108359	0.38650355	0.9130283	0.57396764	0.18126406	-1.3255014
1.3506898	1.4361272	1.9746723	1.133317	-0.3560452	0.4603689	0.82179093	0.64762664	0.9215625	-1.2586917
1.0447708	0.6661731	1.5382655	0.8081365	-0.6936378	0.61547434	0.4255384	0.9513645	0.53026146	-1.2731642
0.12711841	0.3975272	0.7383722	-0.11123281	-1.7155204	-0.15091021	0.85277003	0.6462108	0.1351999	-1.0799532
2.1433768	1.302337	2.196827	1.7317992	-0.97446847	0.118738614	0.27011043	0.9401946	0.48879498	-0.89968437
1.8376906	1.5331154	2.1717927	1.6390406	-1.1191236	-0.40356186	3.7905478	0.32264158	0.30619	-1.7718222
0.7461869	1.4686954	1.0182443	0.4859187	-0.61288583	1.3980073	1.5143929	1.5025358	1.0136447	-1.9831598
0.37210324	1.8954816	0.9178579	0.0007351637	-0.8280654	0.71191144	3.5526848	1.2252027	0.19063362	-0.7869343
0.48889765	1.1220992	1.249847	0.21771906	-1.2120475	0.5715218	1.6133484	1.1635892	0.15750779	-1.1578951
-1.1419722	-0.655531	-0.6987715	-1.1126709	-1.059941	-0.7700902	-0.63152075	-0.20536906	-0.78735745	-1.0981884
0.8469966	0.4578283	1.612997	0.69782907	-0.7289039	0.7092042	0.048356134	1.294961	0.35602054	-0.49243075
-0.15527171	0.96216965	0.1598584	-0.27573228	-0.05360025	0.56377304	1.0091484	0.93281996	0.58144987	0.4913026
0.8795615	2.4275734	1.1978117	0.5311516	-0.22236781	2.4313254	3.2828257	2.920617	1.8766671	1.4555581
-0.60478145	0.6423168	-0.21458289	-0.78021634	0.2214149	-0.40612462	0.6626037	0.4590256	-0.44740728	-0.27343646
0.95551485	0.274743	1.7360151	0.78167033	-1.0513251	0.46828017	0.6035128	1.5532776	0.5346418	-1.7452826
-1.0336913	-0.51056707	-0.30043516	-1.157401	-0.8804785	-1.0752927	-0.52740884	-0.16278876	-1.056367	-1.6534559
1.131077	-0.034519225	1.5157024	0.96148264	-0.5855616	-0.5494403	-1.025435	0.0787022	-0.22655879	-0.64236605
0.20592478	0.3086622	0.82637453	0.09238164	-0.7368469	0.949309	0.81905013	1.2221303	1.3768035	0.33477882
0.21062279	0.48304424	0.53574044	-0.07337876	-1.5391732	-0.36233428	-0.094233274	0.7153811	-0.81719565	-1.0645461
0.8093383	0.7733352	0.93610144	0.6030751	-0.6165985	0.5463532	0.19866845	0.99562466	0.64196706	-0.7902072
-0.62292564	-0.7413435	-0.1995782	-0.73768765	-1.516453	-0.097912855	0.00095774146	-0.099315114	-0.3733736	-0.78755265
1.4448069	0.46231994	1.6435875	1.2031999	-1.5607927	2.124088	0.79373735	2.642342	1.9942391	-1.5698205
0.1360445	0.2530903	0.748925	-0.063089594	-0.68719244	-1.4540535	-0.5162789	-0.04715377	-1.8435125	-0.68174726
-0.09535561	1.1726131	0.29547992	-0.35611123	-1.2183881	0.042401023	0.56384027	0.79906845	-0.25078592	-1.1852345
-1.2299803	-1.1919304	-0.74542737	-1.2657082	-0.95801544	-1.2527174	-0.43758482	-0.49994293	-0.61494505	-0.7464741
-1.642852	-1.7521193	-0.46358213	-1.5332826	0.2699615	-1.6635209	-2.2873893	-0.6996431	-1.6385757	-0.43031284
1.5019808	1.5129768	1.8236649	1.1428614	-1.4955503	0.15691507	-1.0126637	0.8032601	-0.027397558	-2.2723305
3.7027147	1.3226658	3.6994536	3.4212308	-0.3054392	2.947867	0.06624805	2.5768247	3.4839742	-0.92814696
2.6844425	1.3671794	2.9027686	2.3587353	-0.6406039	3.2097666	2.5684028	2.5083475	3.0160291	-0.54847825
-0.33964953	0.30920896	-0.06217268	-0.48773092	-0.8024423	-0.23057067	0.16647215	0.23203893	0.3002665	-0.5454598
2.0500183	1.3096539	2.5309765	1.8073187	-0.5893533	0.98510045	1.4048151	1.693759	0.7074635	-0.76387453
0.36195156	0.41339925	0.9249599	0.1984704	-1.3390161	0.33157375	0.76594734	0.8857639	-0.12531273	-1.1197486
0.26200196	0.737394	0.7020377	0.062656805	-1.5052677	-0.2778522	0.5077467	0.7929956	-0.8659265	-1.6174035
1.2958087	2.8544872	1.4394218	0.94987893	-0.35405743	0.4989988	2.5454333	0.6751964	-0.6454275	-0.73144644
2.1354053	2.2647803	2.7392468	1.8291054	0.21918967	3.0874743	1.557049	4.138476	2.6400995	-0.47626862
-0.14801723	0.6660193	0.37187555	-0.26289457	-0.32958278	0.43946412	0.6761295	0.8874883	-0.0074977246	0.33470717
-0.030096903	-0.50162864	0.4945188	-0.13921422	-2.2942712	0.1691237	0.16387658	0.93442184	0.05620665	-1.4304484
-1.2020075	-1.3140302	-0.68230045	-1.2522056	-1.754143	-1.350453	-1.1961712	-0.58480465	-1.4819967	-2.1670668
-1.9379346	-1.8531457	-1.3515643	-1.9336317	-1.4057328	-1.1619304	-0.9747136	-0.7592376	-1.2764041	-2.18297
-0.25416878	0.89530516	-0.14912164	-0.4089304	-0.36428058	-0.49142474	0.60936475	-0.39299652	-1.313802	-1.5514667
0.8336268	1.079759	1.0154265	0.6693907	-1.1033331	0.99627155	2.6176867	1.442595	0.49193916	-0.7782527
1.2046639	0.89978373	1.8742063	0.9772693	-1.3807635	1.1171243	0.95335823	1.8364687	-0.011205018	-1.4724073
0.211736	-0.06958994	0.5261116	0.09659167	-1.173248	-0.39750648	-0.15324198	0.46382186	-0.64380157	-1.1518373
0.8120762	0.25305864	1.4451703	0.6148651	-1.3460959	1.2892656	0.83189875	1.6403651	1.0368307	-1.1632556
2.1435049	1.9402673	3.2725568	1.9609509	1.4683789	0.6454281	1.8978835	2.2693233	0.056054816	1.1910094
0.022928014	-0.6521701	0.46674922	-0.15408474	-1.8429029	-0.09790487	-0.6835381	0.6351903	-0.44843957	-1.6273487
0.5665844	0.86245716	1.4098198	0.326187	-1.1828492	1.1168752	0.88979393	1.6826812	1.5751401	-1.3414373
2.165022	2.3696253	2.010859	1.7873405	-0.619774	1.4028646	2.0304017	1.8296782	1.2252418	-0.99061304
-0.6248992	-1.2972206	-0.15568471	-0.79794043	-1.6903431	-0.30545488	-0.7048997	0.045531854	-0.5734713	-1.6974554
-1.265549	0.059931308	-0.9388051	-1.438407	-1.2909867	-1.2865517	0.66400766	-0.3761463	-2.181654	-0.9255632
1.3526576	0.57263565	2.2000198	1.0909415	-0.9443147	0.7320298	0.39811862	1.1252495	0.21942738	-1.5394993
-2.0989206	-1.7655947	-1.4247653	-2.0402207	-0.76054287	-2.1680868	-1.94946	-1.4885517	-3.077539	-1.0524443
1.0763034	0.6888505	1.5120592	0.80133265	-1.2884784	-0.006100317	-0.16920538	0.44729814	0.16991222	-1.2936037
0.4766455	0.97453344	0.8182756	0.22306605	-1.2642481	-0.08492554	0.06271801	1.2542062	-0.06302506	-0.9873788
-0.015990697	0.13161859	0.27075893	-0.09485753	-0.60427046	-0.0625571	0.44381732	0.4634597	0.8031006	-0.40949428
0.6057469	0.9770913	1.2456064	0.44185466	-0.8899851	0.5703056	0.4992483	0.9569236	0.15191504	-1.1777225
0.83861804	0.5756427	1.3060318	0.5338376	-1.396451	0.7987794	0.7143511	0.97165644	0.5440828	-1.2792747
2.653729	3.2577233	3.0452836	2.310169	0.3732541	2.9060485	4.2677436	2.9285648	2.2417839	0.15475668
-0.015668966	-0.7090826	0.2613782	-0.0032575876	-1.1070952	0.2213632	0.67740494	1.1316009	-0.31193033	-0.41169673
0.17277351	0.180697	0.52587104	-0.022053555	-1.329525	0.10647904	0.4049209	0.5185722	0.07521829	-1.6240953
-1.0510329	-1.2708254	-0.590466	-1.0913147	-1.572837	-0.60930777	-1.1127033	-0.4380301	-0.076200716	-1.2860653
2.1484976	0.58970976	2.2297041	1.8639681	-1.658449	1.1767626	-0.69799334	1.4270132	1.1105956	-2.5906558
0.3947087	0.002140358	0.7409463	0.14907481	-1.7299533	-0.67414397	-0.46422103	0.041348923	-0.5721931	-1.0143741
-0.23202884	-0.9625046	0.27501678	-0.3041377	-1.8711494	-0.8318223	-1.2406151	-0.33394277	-0.9824119	-1.984638
0.45622244	0.7707404	0.8715836	0.15927042	-1.7311037	0.2928491	0.45404956	1.4339787	0.13851152	-1.5078986
1.035033	1.7258369	1.2402601	0.72025096	-1.3030916	1.684574	1.8694884	1.1200814	1.3629441	-2.7524867
-0.98389107	-0.95495236	-0.3799846	-1.0961105	-1.54205	-1.2272029	-0.95214355	-1.0187827	-1.5532681	-1.514833
0.9326727	2.5347073	1.092108	0.396792	-1.0000719	2.499579	5.027208	1.9257491	1.2536117	-0.7648117
1.4832677	1.9082885	1.7478691	1.2079607	-0.62476134	1.9208157	2.5267227	1.6423249	1.6995859	-0.13082147
0.41783777	0.58421123	0.9662874	0.16941406	-0.6734162	-0.0025345988	0.09724642	0.33852258	-0.1454863	-0.059464864
2.159637	1.5931453	2.71656	1.8759475	-1.1036451	1.4182036	1.0236868	2.3709345	1.1477954	-1.4673703
0.87201506	1.4875584	1.1220826	0.58035505	-0.56831115	-0.6386152	-0.8540509	-0.2711268	-0.8527497	-0.90914196
1.5976188	1.794203	1.730672	1.3597057	1.1721098	-0.50057405	-0.92867416	-0.1961638	-0.62005764	-0.6649664
0.9142627	1.2500658	1.5917993	0.6931733	-1.226781	1.0794982	1.5056876	1.6542199	0.749102	-1.1350322
-0.9247565	-1.1628681	-0.5132046	-0.8892286	-1.4694837	-1.4102315	-1.7961863	-0.83210915	-0.96164685	-1.6017475
-0.00017093867	-0.374574	0.5532826	-0.14352018	-1.5298827	0.02043517	0.0056558345	0.68449634	-0.1058446	-1.5436883
1.2373503	1.9940174	1.6967752	0.9370531	-0.7396084	1.0809087	1.6700064	1.869489	0.814003	-0.53171736
0.14769599	1.6186025	0.4720964	-0.102962926	0.87398374	0.7541313	2.1822698	1.0778341	0.40008938	-1.0256191
0.7071813	1.1443911	1.2002525	0.4589023	-0.8723432	0.62478316	0.77439284	1.6047175	0.040200386	-1.1870564
2.3298442	1.8128536	2.2546377	1.8682594	-1.4400284	2.0036633	1.4615662	1.6703551	0.95656544	-1.325669
1.5924003	0.6994097	1.6642709	1.3978081	-0.809093	0.71996075	0.15255977	1.110488	0.86127543	-1.3869379
-0.4057654	0.7578689	0.88336	-0.5342497	0.29166648	-0.10326113	1.2080795	1.099331	-0.5370729	1.4242584
-0.340624	0.14865032	-0.004994467	-0.59389335	-1.5217345	0.39007765	4.413515	0.25691044	0.772168	1.3597972
-0.040471457	0.08552089	0.25771406	-0.22172725	-1.2200781	-0.3198616	-0.77298194	0.29809713	-0.72281754	-1.5329517
1.2529684	0.86171806	1.7964319	1.0340688	-1.1652595	1.1068892	1.3872492	1.5016116	1.0233392	-1.5593789
0.81939673	1.3103576	1.5088612	0.60457116	-1.0383427	0.7731081	1.6068015	1.4079192	0.2814226	-0.6179846
0.2860507	-0.067866296	0.77747166	0.12530224	-1.3947908	1.8402873	1.5357671	1.7365465	1.3547815	-2.6358364
0.28833583	1.0919199	0.7811198	0.11603634	0.5342766	1.3838629	1.8525453	2.6787615	1.1679871	1.0945591
-0.53089374	0.4584771	-0.31061408	-0.7716353	-0.98870885	-0.73336005	-1.4733963	-0.7292137	-2.5189457	-1.7957385
-0.9290983	-1.2124662	-0.47238728	-0.9478535	-1.8008307	-0.51960194	-0.47068882	0.006100879	-0.9114424	-1.53144
2.4335492	3.2038982	2.0570877	1.8663387	0.71493053	2.139028	2.8838305	1.3994526	1.3121557	0.37340117
0.53270805	0.3846772	1.0284536	0.29318845	-1.2530221	0.52461773	0.3152873	1.3261992	0.15196718	-1.3186547
0.9038743	0.60279024	1.1701967	0.6559925	-0.37047997	-0.07240878	0.50133926	0.22327207	-0.23610827	-0.83966005
0.5430783	0.861629	1.0270629	0.21554874	-0.965351	-0.33917698	0.8175886	-0.03215039	-0.6651683	-0.45387492
1.3300735	2.205431	1.4228644	0.9260948	-1.1356748	0.2007494	2.671111	0.37640432	-0.21931997	-1.3926198
0.2660199	0.572696	0.48790094	0.013757616	-1.297846	0.5393794	1.7917019	0.7064268	0.16018629	-1.4102651
1.0603781	0.22718355	1.5470612	0.7970097	-1.4446054	1.5618715	0.8840805	1.7837933	1.1269438	-1.5774456
1.4631723	0.2470645	1.6011924	1.2218051	-1.9415462	1.8976115	0.0603834	2.1432416	1.612342	-1.2329768
-0.20222414	-0.4498309	0.26986137	-0.32198602	-1.0721662	0.09396351	-0.07433205	0.48086837	-0.34135047	-1.0763619
-1.3541749	-1.2472823	-0.90960026	-1.3697611	-0.97436595	-0.79439706	-0.90490353	-0.66365147	-0.6911414	-1.082847
1.7054604	2.433236	2.4119163	1.3818512	-0.6071954	1.712241	2.6225233	2.5175223	1.2595556	-0.5645972
-0.3582882	-0.46191254	0.4004408	-0.49919772	-1.744448	-0.6744792	0.27495506	0.13883528	-0.98635334	-1.3911266
0.48000988	0.53716433	1.0890505	0.31963247	-1.2009816	0.8794415	0.8081594	1.9770626	0.85665053	-0.95615363
2.0720847	3.7558289	2.3378994	1.5705006	0.75849724	0.9320619	4.1055903	1.4578668	0.62149763	-0.12151437
-0.008052491	0.6703658	0.6037185	-0.21242431	-0.7661793	-0.7888125	-0.22652002	0.7284217	-0.1776365	-1.0246496
-0.19481793	-0.38385966	0.3467299	-0.34224987	-1.2764622	-1.0034188	-1.2404857	0.057575904	-1.141502	-1.4402618
0.27651724	1.8499749	0.85707474	-0.050342724	-0.6715478	0.9521868	3.7134962	0.8739675	0.9843393	-0.89234215
0.089502625	1.1294513	0.33300248	-0.108792305	-0.8605126	-0.6318302	0.43656	-0.8738749	-0.5173491	-0.8181112
-1.6813995	-1.6899517	-1.0348675	-1.634456	-0.52419746	-1.8496072	-1.6638775	-0.8902677	-1.6429114	-0.95222306
1.7444893	2.3356771	1.6847352	1.4570348	-0.090185404	1.0740616	2.2148683	1.086711	0.5234384	-0.62538475
2.1962097	1.0809779	2.6124089	1.9883971	-0.6918956	2.3989646	1.0552659	2.1688132	2.096849	-0.2140798
-0.8852983	-1.0784479	-0.3112757	-1.0059079	-1.7068126	0.46486044	0.4593058	0.62451476	0.87899506	-1.715166
-0.030752014	-0.945016	0.49429223	-0.13110122	-2.2450857	0.57540274	-0.48502085	0.8360309	0.5710426	-1.8888196
-0.54850686	-0.057830483	-0.19592926	-0.6461123	-0.96312714	-0.4933309	-0.46942294	0.49200475	-0.36417437	-1.2194299
0.8235461	-0.41587085	1.1350832	0.74521375	-1.856697	0.5582475	-0.8002245	1.4241449	0.37455142	-2.1256175
-0.6153591	-0.30383587	-0.03486091	-0.7768793	-1.6794608	-1.6847811	-1.1863644	-0.6782794	-1.3947214	-1.7404166
0.8786375	0.9404743	1.5047517	0.69199467	-1.2288349	1.1162142	1.5178939	1.3157709	0.37923634	-1.3003716
1.8525099	1.7091463	1.8442105	1.485169	-0.3168388	2.8058465	0.2239231	2.3810973	1.7522764	-0.6097217
0.8945688	0.2786174	1.3130376	0.69026285	-1.3578376	0.055006996	0.2704657	0.50786114	-0.38198438	-1.4755341
2.1148143	0.96153915	2.283976	1.7650226	0.008570373	1.3701695	1.3301098	1.5865406	1.055979	-0.61726296
2.505244	2.1047075	2.8164315	2.1977031	-0.7338649	1.5074285	3.663112	1.928887	0.9186676	0.09317909
0.47044775	0.48880532	1.0580709	0.28603184	-1.414135	0.1850862	1.3649813	0.7368389	-0.17334104	-2.1787355
-0.80932844	-0.456189	-0.30819723	-0.90247667	-1.3140029	-0.7445893	-1.2462267	-0.8120585	-0.82631963	-1.0640818
-0.5580012	-0.8532038	-0.22249594	-0.6464631	-1.3034574	-0.912569	-0.2504789	-0.2190063	-0.984615	-1.2252032
-0.9896533	-0.55932117	-0.5493922	-1.1459725	-1.1916817	-1.5086008	-1.1240958	-0.9281303	-1.7797934	-1.9467769
-1.7563113	-2.1063156	-1.0371462	-1.7768638	-2.6677237	-1.869695	-2.3271394	-1.0909244	-1.9842544	-2.298767
0.9260282	-0.15933606	1.3085936	0.7871849	-1.6702461	1.4689101	0.8927372	1.703111	1.6958992	-1.1540339
-2.0609539	-2.2602422	-1.2948136	-1.9769852	-1.2880279	-1.876353	-1.3337833	-0.58001965	-2.364764	-1.5954764
-1.0455354	-0.75356364	-0.6613418	-1.1025697	-1.3856395	-0.905111	-0.5328949	-0.6962547	-1.276525	-1.6174171
-0.45085087	-1.2675897	-0.20891419	-0.53997916	-1.1339599	-0.12674384	-0.86482215	0.41520143	0.24619313	-1.2136996
0.05427607	-0.64686954	0.64500546	-0.050974026	-1.4004179	-0.49211523	-1.1048517	0.079632856	-0.40341455	-1.7652456
3.1783438	2.865679	3.3544812	2.8176422	0.282824	3.9628382	3.1245563	3.3480942	3.081225	0.42626548
0.26649964	-0.12556809	0.56683487	0.08638941	-1.24482	-0.38517603	-0.53562653	-0.17596634	-0.8743174	-1.435582
-0.10882155	-0.29980853	0.52384025	-0.23152255	-1.4593157	0.23553787	0.28893104	1.0640808	-0.26678333	-1.4184127
0.89471394	1.7624851	1.4072274	0.5887055	-0.5248526	1.4217416	3.0035489	2.1569903	1.7279431	-0.3958488
-0.20668489	-0.26786768	0.22389027	-0.40879363	-1.5915904	-0.07009742	0.20886484	0.6073889	-0.3272891	-1.5531591
0.20886475	0.30325094	1.0834917	-0.068085864	-1.2826868	0.44483742	-0.08954465	0.9497324	0.5679479	-1.4204195
0.97945803	-0.7635206	0.699957	0.698319	-0.48912767	-2.1368022	-1.9238672	-1.5056983	-2.7986817	-2.162696
0.117630206	0.38985553	0.8344518	-0.040241122	0.012206167	0.55811805	0.23886229	1.6248623	0.20500726	-0.81888676
0.13226873	0.12937704	0.7243376	-0.04987292	-1.0477314	0.6352996	0.18774216	1.3321079	0.14960775	-1.3432727
0.3935767	0.5731205	0.9360765	0.14658092	-0.8379377	0.9107191	0.35707965	1.2867701	0.8125133	-1.7572007
0.37489292	0.38628915	0.59584343	0.08019222	-0.9383246	-0.17568327	-0.56576145	0.19739789	-0.8611012	-2.2085898
-0.82882804	-0.8852825	-0.586112	-0.8990886	-0.18568847	-1.1961342	-1.3045567	-1.1982169	-1.2632678	-1.0996468
6.0174413	6.1134763	6.09018	5.8917413	-3.1084633	1.4879131	1.7432522	2.3643105	0.6029157	-0.83213294
-0.3407263	-0.17757067	0.007203907	-0.5709195	-1.3801506	-0.27670655	0.12255722	0.27533066	-0.3527676	-1.433835
-0.025402911	0.2545247	0.3106306	-0.26691243	-1.4321789	-0.4226582	-0.15320584	-0.18151444	-0.5655891	-1.9111005
0.7843632	1.1746025	1.4073216	0.59267646	-0.80375946	-0.10358706	0.214589	0.19843133	0.07471741	-1.581611
-0.87355435	-0.88199675	-0.40386084	-0.9658537	-1.4863726	-1.0211734	-0.661942	-0.6805597	-1.2472038	-1.7151895
0.11099932	0.14688635	0.5565059	-0.07536623	-1.1362234	0.33509317	0.17593235	1.4194828	0.37518123	-0.59448904
-0.19780195	-1.3491174	0.06514314	-0.2910537	-1.1962221	2.0605474	-1.0094188	1.0616658	1.0385579	-1.0622898
0.29332325	1.3151903	0.7231424	-0.0008633286	-1.2950307	-0.2070328	0.27912354	-0.2136689	-0.8045753	-1.8960983
0.43594977	0.8559731	0.91828966	0.21905847	-1.0526713	0.8401072	1.1133724	1.0068964	0.40191144	-1.4992422
0.60583735	-0.114337415	1.2019168	0.3949598	-1.552838	1.6884739	-0.44697776	1.7361118	1.7828591	-1.8252655
-0.24436322	0.05712682	-0.12383133	-0.37595987	-1.1193109	-0.5102908	0.36000416	-0.45333514	-0.5360631	-0.99234885
-0.12955232	-0.2138012	0.32009858	-0.29259685	-1.3268068	-0.6020755	-0.74452573	-0.3181642	-1.2671546	-1.2336564
-1.8067069	-1.149807	-0.85470223	-1.81519	-0.5310662	-0.440299	-0.7884909	0.029735299	-0.24583396	0.2286227
0.6963411	2.864028	1.1593723	0.22775598	-0.64816374	0.08983393	2.5416517	0.8545427	-0.09153704	-0.83380604
0.609459	-0.59621656	1.0731794	0.41709316	-1.4245404	0.049892236	-0.5678506	-0.29150987	-0.047483157	-1.2981
0.12688324	0.41945568	0.40533608	-0.13222024	-1.4883801	-0.3295004	-0.08218589	0.056849875	-0.76281166	-1.7269697
-0.058143236	-0.40660858	0.32527184	-0.12011291	-0.73453045	-0.4300268	-0.6383533	-0.12733825	-0.2025425	-0.86976993
-0.47040766	-0.8414912	-0.0024347305	-0.5578286	-1.4501299	-1.3109525	-1.0697656	-1.0913588	-0.9312547	-1.7750876
1.2314578	2.508721	1.6355742	0.91682637	-0.2266865	1.6131003	2.0929632	1.9458117	1.207945	-0.41864672
0.5828523	0.91398954	0.7730514	0.3043506	-1.1480657	1.2281469	2.7949595	1.8168001	0.9546142	-0.6472766
-0.06338874	-0.80311406	0.5169064	-0.17159195	-1.6208993	-0.682943	-0.4197885	0.58746123	-0.46245408	-1.1721616
-1.5610037	-0.5496248	-1.048462	-1.6699313	-1.3751947	-1.7498136	1.6949518	-0.99261194	-2.646926	-1.1102151
1.7142538	2.3685582	2.1127126	1.4632998	-0.553566	1.2317177	1.6181309	1.206431	0.9737008	-0.79012
2.0711997	3.7936327	2.1942084	1.5863639	-0.22600786	2.4609315	4.5423536	2.2462242	1.4724879	-0.43033195
1.4294295	0.4852688	1.7711148	1.1670637	-1.7599725	0.5784609	-0.7584639	0.85946876	0.57055825	-1.995514
0.03179972	-0.73939323	0.6298237	-0.10266981	-2.2028098	-0.39709875	-0.80188364	0.4635634	0.252861	-2.9618027
0.8241673	-0.09897846	1.4506614	0.5288848	-1.6321458	0.78878134	-0.10598251	1.4318211	0.7067291	-1.4726665
-0.6674695	1.2734852	-0.51351404	-1.0362006	-1.0345927	-1.5353322	0.3386238	-0.8257403	-2.4743428	-1.9209905
-0.16150045	0.05580613	0.5742905	-0.236342	-0.76916444	0.71746147	0.62968886	1.0571568	0.45821112	-0.9714917
-0.57795006	0.01919964	-0.21018377	-0.80205756	-1.5031047	-0.05147114	0.18939234	-0.0075506265	-0.310851	-1.0284796
-0.6438815	-0.42555812	-0.27526233	-0.7530784	-1.2353735	-0.8090908	-0.11552181	-0.22851108	-1.2571458	-1.4975597
0.055624686	0.3925754	0.47411194	-0.11491163	-0.91299343	0.017897628	1.175002	0.06660289	0.07731244	-0.24298789
-0.14095798	1.2809144	0.28074977	-0.30693382	-0.3123614	-0.45730442	-0.8602681	-0.15002768	-0.8847162	-0.9069931
-1.6869375	-2.0617425	-0.97547257	-1.6353508	-1.8890136	-1.7749377	-1.5834202	-0.47261354	-2.4125233	-1.7503325
-1.7500758	-1.6545476	-1.0408185	-1.7636795	-1.0107572	-1.2508526	-0.97628015	-0.73494744	-1.1378543	-0.91126585
0.31416658	-0.5212785	0.9102104	0.16486649	-2.2525635	0.524091	-0.12594604	0.7832735	0.26121995	-2.4887688
1.9244788	1.3424137	2.6771142	1.5902822	-0.31141078	1.595538	1.577188	2.7985442	1.758771	-0.5994656
-1.2017443	-0.69219947	-0.622164	-1.3018627	-1.2733558	-1.640445	-0.6449043	0.21772423	-0.6600686	-1.272155
0.96538454	1.1884439	1.5742701	0.77621794	-0.9614973	0.84938407	0.9926292	1.457703	0.31618696	-0.60340655
0.706364	1.9597468	0.95214033	0.5011484	0.12248549	2.8510156	3.0897415	2.5658324	2.0950391	0.9716213
0.46750405	1.2454547	0.97685516	0.19954218	-0.9019135	0.6362636	-0.21894293	1.5327725	-0.09159167	-1.4830704
-0.056015752	-0.94947636	0.47278923	-0.13964874	-2.152958	-0.002277393	-1.2079164	0.50217026	0.272434	-1.9879926
0.4592122	0.8501582	0.85971487	0.23971276	-0.807616	1.2803173	0.9371082	1.2675468	1.1335363	-1.9308326
-1.4467504	-1.8936083	-0.9125242	-1.3618557	-0.5966315	-1.6793231	-1.9779081	-1.0296677	-2.163457	-1.3793659
-1.6328452	-1.8473208	-1.1464324	-1.623448	-1.5275509	-1.7521213	-1.9731737	-1.6347868	-2.112359	-1.8095409
-0.41048145	0.025901824	0.09206477	-0.5407521	-0.9583068	-1.189508	-0.20448378	-1.1881149	-1.8928771	-0.996376
0.6843527	1.4372716	1.0839103	0.38690335	-1.1155356	0.8897945	2.056523	1.5455711	1.004531	-1.002275
0.11070489	1.7479855	0.10714188	-0.1216353	-0.5851281	-0.25820872	1.1943012	-0.14314245	-0.50409764	-1.1005547
1.378416	3.045618	1.5053256	0.94437623	0.06463337	0.76937556	2.503885	0.7855748	0.087647974	-1.2090231
1.2711939	1.4625318	2.00378	1.0513766	-0.86861515	0.68988204	1.6374693	2.680755	1.6414427	-0.091192186
1.0097667	1.2083471	1.5645924	0.8406106	-0.9222264	0.82560575	1.2662395	1.4068668	0.22049524	-0.5371036
-0.18814531	-0.2678186	0.4404597	-0.30804276	-0.35395437	0.03552817	0.31189913	1.0696954	-0.5671892	-1.1609045
0.7551425	1.0536405	1.2948706	0.5404767	-1.1443827	0.6397536	0.9682174	1.4939755	0.005978816	-2.1364727
1.1537981	0.2451371	1.750925	0.94353056	-1.1153533	-0.06455449	-0.55434614	1.2605885	-0.08963731	-2.4387603
-0.33312342	0.5863285	0.46294355	-0.5150574	-1.4035524	-1.6288147	-1.4268507	-0.033787623	-1.0377331	-1.2882036
-1.5200579	-1.6707891	-0.9756471	-1.488505	-1.3764546	-1.4251741	-1.9679425	-0.4389607	-1.3575788	-1.0698166
-0.45049372	-0.37956306	-0.111819774	-0.53268284	-1.21672	-0.6079786	-1.1577168	-0.50978994	-0.5372772	-1.0487375
3.4483864	2.0396092	3.7783787	3.1449134	-1.015275	2.765022	2.2151074	3.0245242	2.377451	-1.3656433
0.5034002	-0.04503773	1.0148466	0.3139382	-1.243534	-0.04850467	0.10157785	0.3948341	0.19863425	-1.2424992
0.23592803	0.49159464	0.6171554	-0.012992576	-1.285573	0.77998435	0.34625107	0.9144424	0.37275714	-0.99003136
-2.2221324	-1.9701227	-1.5645838	-2.1070588	-0.90105045	-1.7045608	-1.5372701	-1.3138309	-1.5124027	-0.6450927
0.13154557	-0.0729381	0.7004206	-0.060259596	-1.4278609	0.11440257	-0.27267805	0.1833905	-0.34698823	-1.458403
0.50723606	0.037860572	0.98528934	0.3048293	-1.3188487	1.1588855	0.20755528	1.4217011	0.49262178	-1.0495082
1.005646	0.8930476	1.3466346	0.6642147	-1.4571146	2.1352456	2.6877809	2.2192025	1.9651039	-1.2728215
0.05085063	-0.13860093	0.31885067	-0.2139433	-2.0822628	-0.54928905	-1.054556	0.38955194	-0.88974994	-2.1581702
-0.0022818223	0.3786814	0.5069468	-0.22456498	-1.7444389	0.2218458	1.047333	1.1001276	0.16481283	-1.309179
0.98184615	0.77963114	1.6083385	0.77473253	-1.3617337	1.4101071	1.0609242	1.4760941	0.7294562	-0.7184854
-0.1199824	-0.4046211	0.48085174	-0.23107137	-1.2288144	-0.3992233	-0.78591543	0.6063946	-0.21026124	-1.4929167
1.9030269	2.1725786	1.9034683	1.6224241	-0.16783383	1.5843849	2.8596406	1.6564417	1.639344	0.03684408
-1.1071504	-1.2545824	-0.45131984	-1.1745372	-1.6361464	-1.0174909	-1.4121795	-0.8452884	-1.6848766	-1.6213151
-1.0269388	0.028990537	-0.2618433	-1.1740556	-1.595178	-1.077286	1.2049342	-0.28335652	-1.0713241	-1.6509516
-0.4432766	-1.2752194	-0.1381585	-0.4289946	-1.2010468	0.5928399	-1.864134	0.57399255	1.2536904	-1.0169162
-0.11613081	0.21070129	0.01859966	-0.3490641	-0.7605702	-0.6482593	1.8967562	-0.19043618	-0.5602511	-0.23035195
0.26405084	-0.5048846	1.1823716	0.16986205	-0.5732846	-0.36762655	0.26849973	0.73499614	0.38077042	0.014485743
0.46499452	1.377084	0.7996081	0.11216752	-1.6650687	1.4101455	1.4878434	1.4242351	0.7955796	-2.2894251
-0.7137637	-1.2985103	-0.17691529	-0.8347406	-2.303169	-0.18457127	-1.0274312	0.054344174	-0.5844375	-1.4986365
0.9135017	2.2454503	1.242239	0.5572178	-0.9893594	1.3178008	3.598686	1.3528277	0.8614016	-0.85663927
0.15217167	0.47541395	0.58447623	-0.06406875	-1.1833167	0.13196564	0.19858031	0.95819175	-0.26099598	-1.0460136
-0.3207333	1.5200262	-0.09837967	-0.56814754	-1.0707669	-1.8553267	-0.79786634	-1.1415861	-1.7105675	-2.108294
-0.22114044	-0.6383531	0.39914823	-0.29687288	-1.2509499	-0.24333851	-1.0207787	0.07909957	-0.56550044	-0.832379
-0.33805746	1.1199582	0.2930496	-0.6878702	-1.4661528	2.926355	1.3563925	3.0607727	2.5968711	-0.7056374
0.59853345	0.24446115	1.1811086	0.34223002	-1.8620843	0.88463175	1.0873175	1.277731	0.040792294	-1.8413243
0.7724172	0.50246465	1.216817	0.5454747	-0.7185061	0.7828418	0.404214	1.674651	0.64138997	-0.6822591
-0.14383924	0.13665158	0.34796298	-0.33824137	-1.237782	-0.3372554	0.20553698	0.6166788	-0.4551607	-1.4344786
1.1592754	1.7079537	1.7639978	0.8862643	-0.2703899	-0.41576916	0.41278756	0.53903276	-0.5329687	-1.8698272
1.6200961	1.5760933	1.9301658	1.3818029	-0.5332793	1.6488603	2.1576142	2.4472466	0.030289665	-1.4645661
1.9862386	-0.0075297058	2.4734008	1.7663934	-1.571682	1.544054	0.29014856	1.9586864	1.242231	-1.6902678
2.5358775	1.8491662	2.5828907	2.2105768	-1.0579638	0.75746554	0.7148043	2.5047398	0.9584498	-1.7687297
0.07899708	0.20655522	0.6146958	-0.11789702	-1.2761052	-0.88464767	-0.645381	-1.3036926	-0.7313708	-1.4095407
0.2057665	-0.8894483	0.76251507	0.109384105	-2.2414472	0.06768466	-0.12211501	0.6229081	-0.05994894	-1.7092392
-1.4770125	-1.4307544	-0.9900135	-1.4679505	-1.2952471	-1.1641564	-1.1842645	-0.76930916	-1.4448133	-1.4016887
0.9331334	2.627304	1.0769168	0.5029588	0.32826898	2.020017	3.6223493	1.9099545	1.3283277	0.016019106
1.1720998	0.7758889	1.4214667	0.9018009	-0.91486394	1.0864172	1.0703812	1.632589	0.90589875	-1.1869551
-0.093045905	0.6243864	-0.22448307	-0.22913961	2.280368	-1.8757915	0.8595832	-1.419447	-1.1632081	2.2278059
0.77772516	1.1665664	1.3654959	0.53529465	-1.1393574	0.4948703	0.06322498	1.1902952	-0.40375286	-1.4259446
0.90521795	0.7328385	1.5295795	0.7423614	-0.15593287	0.5682983	1.5624957	0.5382261	0.29427382	0.122007065
0.8739037	0.6628401	1.3959956	0.66585636	-1.238262	1.0344268	0.6063854	1.3486212	0.6873437	-1.2081094
2.331424	3.1351862	2.7024703	2.0186942	-0.55935794	1.267942	2.0959501	2.2446928	1.1949914	-1.3779545
-1.372007	-1.4413327	-0.7358004	-1.4060864	-0.40390918	-0.78487086	-0.55852586	-0.16170187	-0.9741926	0.018682715
-0.8799866	-1.2600942	-0.57491755	-0.97488683	-1.050674	-0.44880936	-1.2262187	0.32629818	-0.9480902	-0.7897784
0.12486329	0.07111415	0.46766827	-0.07915512	-1.1737405	0.1817022	0.13099496	0.45763734	-0.18377256	-1.6419815
0.48489973	0.9739363	0.9806601	0.20366634	-1.3672919	0.6810128	0.6430023	1.500459	0.2857221	-0.96844155
-0.20818332	0.3842205	0.309909	-0.40691486	-0.9186803	-0.74658215	-0.7323053	-0.0125625245	-0.66429204	-1.5661644
-0.71306527	-0.59144855	-0.08612722	-0.8503411	-1.4482967	-1.8206941	-1.3358804	-0.60751617	-1.0860606	-1.6522576
0.82859856	1.7128744	1.1850332	0.5303536	-1.0278461	0.7140464	0.98232555	1.0488368	0.8430609	-0.78489226
-0.7895779	-0.64480186	-0.4094549	-0.9256367	-1.3475873	0.23257749	0.8320751	-0.26590827	-0.62076366	0.35671872
-0.2416057	-0.8633853	0.49868175	-0.31401545	-1.7791563	-0.24180295	-0.28373182	0.52147925	-0.61075085	-0.99295133
-0.6569667	0.05845779	-0.41086337	-0.810566	-0.61448	-0.44201344	0.35918587	-0.035750777	-0.7587043	-1.683551
-0.11961553	-0.22293988	0.5363607	-0.24032937	-0.11383724	0.296971	0.12610199	1.0817361	0.043081243	-0.61423945
2.7843087	2.5517106	2.9393568	2.4709587	-0.71956706	3.1642501	2.631722	3.1062732	3.1716237	-0.78547627
1.20524	0.71537185	1.0696031	0.9550358	-0.89482665	0.7650954	-0.3064222	0.7144099	-0.055574507	-0.11640266
0.22590837	1.4575369	0.36151057	-0.2071843	-1.1423341	-1.0552077	0.39863968	-0.10965844	-1.9170496	-1.2209612
2.1935718	2.385002	2.502848	1.8896503	-0.37020144	1.2272335	1.3963752	1.7929674	1.6164389	-1.3326076
0.47441968	0.68405163	0.882337	0.27460587	-1.1732165	0.7525695	0.8993999	1.1240118	0.17228755	-1.4359349
-0.122480534	0.036867082	0.41257536	-0.31698304	-1.1946017	-0.41653675	0.41137204	0.640166	-0.45825303	-0.4040201
-1.0105802	-1.0767853	-0.52624726	-1.0512136	-1.3194277	-0.8733679	-0.74114007	-0.29711875	-1.3986199	-1.5366554
1.5230073	0.90450263	2.0659003	1.2377284	-1.3297341	0.95867354	0.701226	1.6817471	0.53330386	-1.7138686
2.5093086	1.7806983	2.4154193	2.291284	0.27643552	1.5914104	2.4199975	1.1339287	1.5786982	0.7237335
0.7218402	1.299244	1.0549943	0.3920473	-1.197681	1.5565419	2.6113563	2.0016751	1.3794543	-0.5667394
-1.2014186	-1.310277	-0.71961164	-1.2431984	-1.7145624	-1.6481923	-1.7967632	-1.1144991	-1.5631804	-1.6349539
1.4742833	2.2660222	1.7590749	1.1206138	-1.0080478	-0.03906005	0.13378695	1.2057761	-0.6684809	-0.58941096
0.81871957	0.24859264	1.6473876	0.6502875	-1.3780446	1.1910352	-0.28643894	2.0873423	1.114172	-1.9352857
-0.78440124	-1.1126552	-0.2553884	-0.83472544	-1.2548119	-0.49665573	-0.93776697	0.24333161	-0.5144105	-1.1954572
1.4931067	2.4198682	0.95797634	1.2849557	0.16588953	1.2664397	-1.2666278	-0.8227878	-0.28747553	-3.1166618
-0.30467716	0.1194976	0.7262627	-0.41295582	-0.5512038	-0.9255261	-1.2205647	-0.5332275	-0.7820149	-1.3194251
-1.4043579	-1.2565432	-0.97842133	-1.4328102	-1.6622669	-0.60224515	-0.55870986	-0.72900766	-0.7679741	-1.7654669
1.146899	2.075372	1.3482199	0.82562387	-0.8644185	1.6948881	2.519389	1.9297464	1.3414071	-1.030322
2.4022806	2.1726005	2.41207	2.063309	-0.26860988	2.7692134	1.6852585	2.845755	2.4808388	0.5317951
-1.2127203	-0.5645852	-0.76433396	-1.3312919	-1.0875375	-0.3584086	-0.123270005	0.2436646	-0.1536014	-0.88361645
0.41925466	1.2710031	0.96644366	0.17030276	-1.0677778	0.59780204	0.55562985	1.0724084	0.72997063	-1.2703254
0.15787089	0.03205803	0.781036	0.024295926	-1.2201489	0.24388306	0.06404865	1.4023364	0.09163457	-0.5217788
0.48043868	1.214777	0.83320045	0.20596983	-0.8609296	0.4511493	1.9804908	1.143635	0.53445256	-1.126513
-0.18112214	-1.0252805	0.4171274	-0.28093576	-2.157016	-0.42452204	-1.1993116	0.27315983	-0.5220326	-2.3151364
2.942342	2.4204884	2.8636057	2.634629	-0.4587075	2.5528622	2.0074654	2.6022675	2.3740003	-0.5450028
1.9477316	4.455567	1.7462656	1.406727	0.036994457	-2.2353065	-0.056239534	-1.4847375	-2.1885722	-3.431796
-0.96840876	-0.35454258	-0.19971648	-1.1173446	-0.63867843	-0.115339085	1.0304595	0.864748	-1.6632077	-0.10091798
-0.9555229	-0.97420037	-0.51416767	-1.0361606	-1.6317294	-0.0036144832	-0.771201	0.5508748	-0.3610766	-1.0660703
0.42660442	0.6347729	1.057413	0.19916223	-1.212451	0.045817193	-0.32508236	-1.5541018	-0.5164704	-1.3405918
0.2323632	0.47083762	0.31465206	0.17096372	0.023007661	-0.63845354	-0.8497078	-0.09464556	-0.34420046	-0.25025988
0.36787337	0.29066172	0.96376634	0.2051677	-1.0630763	1.0714378	-0.08825335	2.0179083	1.3671426	-0.8477999
0.7131372	0.8975407	1.1989633	0.49807554	-0.9705795	1.0955528	1.960417	1.8069459	1.0023848	-0.6980705
0.9893287	1.3323749	1.4500045	0.6869973	-0.6936826	0.23725733	0.44331738	0.81630117	-0.31887645	-1.4048337
0.9533326	1.9115586	1.3129623	0.6656505	-1.0196928	-0.120752744	0.52078986	0.67524576	-0.4601575	-1.4004663
-0.6560152	-0.14349815	-0.2861167	-0.74789655	-1.3361506	-0.41984442	0.80466074	0.4688515	-0.440124	-0.14440978
0.8461811	2.6784947	0.97363174	0.38581246	-0.4472242	1.962545	3.522666	1.3503846	0.3294685	-0.6218622
1.643267	1.6174481	1.9256873	1.2769929	-0.9254575	1.3501893	2.0569901	1.8325365	0.6096345	-0.16368039
3.9182055	4.149111	3.4909055	3.3236096	0.69132316	2.1923597	3.3692174	2.3101025	0.72868514	0.38421825
1.6922745	1.7117757	2.1238153	1.4263635	-0.9782702	1.0924412	1.1113946	1.4267339	0.684396	-0.8785915
2.0396483	-0.45727602	2.7566698	1.7616985	-2.0508919	0.6899671	0.030703228	1.1849841	0.213016	-2.0192907
0.5958324	2.0323448	1.1966181	0.28443414	0.018535495	-0.17116536	1.6912358	0.3391803	-0.5294019	-0.41670156
-1.2071141	-1.3820308	-0.7417028	-1.174925	-1.1981494	-1.6050875	-0.71745694	-0.48243868	-1.885899	-1.2582014
-1.2807176	-1.3371751	-0.80187285	-1.2701509	-1.3375384	-1.1906064	-1.0919654	-0.39639583	-1.7252686	-0.525507
-0.0063116923	2.834202	0.45909068	-0.31703353	0.85775685	0.89734197	3.0026548	1.3768777	0.032662723	0.21118158
1.6605848	2.9898918	1.9920789	1.3102823	-0.71006477	0.9567181	1.5207027	1.5530527	1.0165317	-1.0725393
0.21483934	0.0035386384	0.7090175	-0.025196075	-2.151231	-0.22733654	0.18179788	0.40850666	0.2273377	-1.034035
0.03672506	-1.27611	0.6715281	-0.06351647	-2.7077978	-0.2606632	-1.3227376	0.5628758	-0.42581755	-3.2118175
3.171819	5.926924	2.9540064	2.5882874	2.013734	3.5637128	4.5607123	3.1925411	2.9951825	1.1317973
-0.30960086	-0.52086246	0.1562551	-0.45244402	-1.7390155	-0.107461676	-0.13315116	-0.016129699	-0.29429388	-1.4545201
-0.045273595	0.5444858	0.54784596	-0.30934262	-1.4633073	-0.06752978	0.37957463	0.3938182	-0.5183001	-1.4573734
0.47188935	-0.07187733	0.81018925	0.32411635	-0.9253956	-0.5870474	-1.1167253	-0.2999752	-0.56072026	-0.9782314
0.26736146	0.40877548	0.6383765	0.016885176	-1.1195801	1.966779	-0.87140787	2.1345663	2.0593445	-1.0407217
1.5564712	2.2153833	1.743594	1.2554046	-0.22673845	1.8519207	2.2419472	2.666065	0.5515604	-0.36856645
1.1931449	0.034097046	1.1221308	0.8812959	-0.95919216	0.33430067	-1.1427335	0.5907891	0.31316954	-1.6680907
0.47643653	0.34462842	1.22602	0.29859686	-0.82281876	-0.08976734	-0.14892805	0.94167036	-0.52442265	-1.2184407
1.0832329	1.1062168	1.7803545	0.86443913	-1.1722553	1.6888345	2.2565713	1.6010348	0.8054578	-1.5673996
-0.13809782	-1.2488407	0.50862515	-0.23247606	-2.6349025	-0.21843472	-1.4858125	0.16489802	-0.07510608	-3.0553725
1.9988333	1.4289215	2.1751733	1.6242058	-0.955107	0.8622312	2.7763386	1.9417137	0.34286788	-0.5076714
-0.14586759	0.52257395	0.31225407	-0.40938872	-1.3832928	-0.4936584	-0.18559404	0.40548444	-0.2877261	-1.3560414
-0.023817204	1.83514	0.6936625	-0.3531887	-0.9628624	1.5789351	5.3247495	2.7951822	1.336447	0.93626326
-0.25944114	1.2085643	-0.20393607	-0.5168857	-0.46119297	1.4876727	1.0213165	1.109394	0.90918964	-0.63752866
-0.4476029	-0.83603454	0.017634273	-0.51180446	-0.74454975	-0.49174544	-0.79630446	0.4326703	0.7699162	-0.48639697
-1.1767291	-0.64841014	-0.55974317	-1.2437822	-1.591196	-0.9465952	-0.6968713	0.13414174	-0.7542755	-0.6108059
1.2970871	2.1923938	1.602847	0.9553412	-0.84769356	0.5885957	1.6663569	0.76117617	0.46828976	-1.1057472
-0.06984929	0.6793252	0.28028396	-0.32568985	-0.9855609	-0.12484192	0.45498323	0.22439745	-0.75188434	-1.4253453
-0.91037136	0.44241765	-0.6065092	-1.1119443	-1.2995428	-1.9174378	-0.3002597	-1.5222307	-2.5239725	-1.4356785
-0.25679952	-0.24990948	0.32161957	-0.35760683	-1.3756133	0.16844174	-0.54138327	0.59618074	0.019390604	-2.3645287
-0.26449767	-0.56337285	0.26724258	-0.34260392	-1.6289551	-1.3206426	-1.8640983	0.52226996	-0.97853696	-2.8803205
-0.7012579	1.467579	0.3240027	-0.93745124	0.48107323	-0.9737095	1.7477114	0.4310024	-1.4897208	2.1075983
1.3524534	2.2770877	1.3926296	1.0262617	-0.33709717	0.82910246	2.8155904	0.58209616	0.94043463	-0.7667652
3.76302	1.2205172	3.9665897	3.3748233	-1.0995945	3.2004075	1.4338549	4.1466765	3.1203265	-1.2487049
0.1227205	-0.44103032	0.7209344	-0.027368292	-1.3224869	-0.24331771	-0.8644254	1.0562055	-0.6762793	-0.86321557
-0.27392083	0.4940085	0.7861173	-0.37869692	-0.41758305	0.034338817	0.35140592	0.81818736	-0.6080931	-0.53168154
-0.12993926	-0.64126885	0.34763694	-0.29422104	-1.6177676	-0.08848285	-0.6603501	0.24169685	-0.40344262	-1.1779616
1.3522089	1.5862385	1.8155171	1.0357051	0.19879827	-0.9323261	-0.3521776	-0.64569885	-0.98858666	-0.8004995
3.398924	4.422748	3.0958905	2.8533323	0.3561512	3.4189672	3.7684195	3.265175	3.300899	-0.4430279
-0.94516623	-1.1512437	-0.49437657	-0.95116824	-1.4494296	-0.48706606	-1.3212664	-0.7393201	-0.62680006	-1.5186906
0.6475231	1.1332265	1.1216419	0.41969496	-0.7785362	0.18608722	0.69053143	1.1440063	-0.051048175	-1.1301332
0.39983308	0.57161987	0.59187657	0.28940052	-0.5019158	0.5579106	0.71630347	0.95647556	0.2876573	-1.3942807
1.3541802	2.2347593	1.8073274	1.0591606	-0.71172106	1.2941403	2.722095	1.4086599	1.1545576	-0.7811334
0.65654665	0.67916536	1.1155322	0.36231196	-1.4910152	0.47774825	1.1602848	1.4749452	-0.030163296	-1.8066108
0.37888253	0.82953453	1.0290385	0.115767404	-1.0412667	-1.0252302	0.074090675	0.49777123	-0.28469598	-0.9064463
-0.61917526	-0.5671303	-0.059331715	-0.69790685	-1.5283638	0.6959165	1.122026	1.1849624	0.19835708	-2.11133
-1.0307522	-1.0351582	-0.5155928	-1.1084999	-0.9001329	0.031974997	-0.19874588	0.48167944	-0.5541371	-1.3108913
-0.017256059	-0.06742972	0.41855833	-0.18988572	-0.87933695	-0.030511515	-1.0580802	0.31167874	0.110847734	-0.37920138
0.6514633	0.7135154	1.2723074	0.49211216	-1.1909261	0.8563765	1.4150456	1.2848768	0.37847137	-1.1635702
0.6992205	0.8002281	0.88187397	0.4259733	-1.1340894	0.2974359	-0.17728934	0.58857036	0.75842863	-1.3058468
0.23702595	-0.021454394	0.6933656	0.024329871	-1.3546932	0.1404809	-0.1230776	0.6773898	-0.12093349	-0.8066857
1.5770911	2.3665972	1.3968961	1.1917415	-0.07828614	1.0025249	1.1010782	0.9652988	0.87713474	-0.98019916
0.09909605	-0.16263019	0.5855698	-0.09896295	-1.5478301	0.10893054	-0.06345982	0.9232469	-0.071430676	-1.4814168
1.2332014	0.62754965	1.8235474	0.9906179	-0.88630116	0.8977751	0.7981242	1.7000363	0.7818705	-1.0838425
0.8616231	1.2720323	1.1098195	0.6279963	-0.81049705	0.4653216	2.5981822	0.9779491	0.03338874	-1.3299929
2.165664	2.4003332	2.313422	1.8319962	0.67163146	1.5829431	2.5349252	1.3582139	0.9104319	1.7869059
0.40043738	0.23206708	0.9349109	0.21489932	-1.3372049	0.5639419	0.6042475	0.46889675	0.7449159	-1.3653518
3.439168	1.5113213	3.3933713	3.0815318	-1.0791367	1.4406048	0.90950537	2.1081388	1.5175892	-1.1143962
1.1017576	1.2858922	2.225332	0.8733847	-0.5505531	1.6180458	0.6472313	2.7328477	1.2206138	-0.8626487
0.39168945	1.8660746	0.43019494	0.08400382	0.011026949	3.3748956	3.7586422	2.1469715	2.914987	1.2151637
1.111626	2.1383078	1.4387994	0.8586688	-0.32395238	1.8843979	1.0293618	2.1207366	1.4545668	-0.807581
1.4621195	2.0965433	1.7098	1.1723427	0.6980177	1.1207983	1.7086803	0.9733383	1.6116902	0.35280016
-1.0013615	-0.9343084	-0.63935506	-1.0671602	-1.3885798	-1.3742408	-1.5323381	-0.810731	-1.3751441	-1.6972424
-0.7179137	0.4920846	-0.28124186	-0.91222966	-0.67171764	-0.97703767	1.6078162	-0.3323334	-0.99830055	-1.1432396
0.35912028	0.16289073	0.91080964	0.15480821	-1.7200285	0.5998369	0.005329127	1.1868665	0.26109156	-1.9377786
-1.1737579	-1.3227489	-0.6109071	-1.1980238	-1.339502	-1.3017226	-1.4878703	-0.6136653	-1.4591868	-1.1900083
-0.60486376	-0.31813753	-0.19326764	-0.8374978	-1.7666159	-0.8420227	-1.009723	-0.27949324	-1.6794188	-2.2936652
0.6821267	0.2947785	0.9575131	0.5572772	-1.275137	-0.86508286	-0.24913481	-0.51351094	-0.8849314	-1.9837997
-0.1705822	-0.37775272	0.20110199	-0.36497033	-0.91081524	1.0792612	1.5680444	0.81659037	1.2257284	0.0956127
1.6762983	1.7378252	1.7397138	1.4577188	-0.77147675	2.3713055	1.2335372	1.1575339	2.1987345	-1.1360258
-0.86247796	-0.1891891	-0.43256637	-0.96029735	-0.55972826	-1.2255273	-0.1493955	-0.5582827	-1.5535455	0.63800573
-0.83535105	-0.44738558	-0.42132953	-0.89131033	-1.0434391	-1.7343084	-1.5688412	-1.089761	-1.9801441	-1.5616736
2.613356	1.6481812	2.8507693	2.3401837	0.21420386	3.6261675	1.839561	2.9802053	3.0706725	-1.0098509
-0.6067501	0.21706223	0.16393283	-0.83786464	-1.682481	-0.79346323	-0.62113035	0.12418615	-0.23399003	-1.7849376
-0.27249563	-0.5038537	0.110343695	-0.37669224	-1.2830352	-0.658118	-0.8926031	-0.39709482	-0.5308268	-1.2139761
0.5414308	0.47962138	0.7757349	0.33090293	-0.6800189	-0.196498	-0.57079166	0.4681368	-0.39625528	-1.8735756
1.2691405	1.6142343	1.7485533	1.0375143	-0.73713183	1.2145417	2.0892122	1.8407757	0.86239475	-0.2917402
-0.17474467	-0.30028582	0.1315002	-0.2483229	-1.4373878	-0.34788832	0.02678879	-0.088491276	0.23747092	-1.841752
1.180082	1.8857963	1.1289514	0.8061	-0.9021598	0.35195214	2.6103904	0.6422546	0.8822137	-0.13588071
1.976731	0.945523	2.019549	1.606059	-0.576542	1.4147689	0.70068985	1.4634187	1.539324	-1.5108231
-1.2686533	-1.1131859	-0.93178487	-1.3208812	-1.1380645	-1.4637419	-1.3568338	-1.2259722	-1.8764803	-1.1245596
0.48981133	0.15980136	0.70437145	0.23334257	-0.53547794	1.0674727	1.3879418	1.16003	0.73893154	0.47471797
0.512002	0.362662	1.0543956	0.30844504	-1.4663843	-0.19152641	0.24872398	1.0862061	-0.13597009	-1.573164
0.7932693	1.4436206	1.2252625	0.4983384	-1.0482376	1.0962512	2.2096176	1.532722	0.8535498	-0.0065253004
-0.98765427	-0.43325868	-0.58839405	-1.1248575	-1.4968754	-1.1779323	-1.0797234	-0.9549786	-1.1179477	-1.4490756
-0.21209201	-0.83286774	0.39518204	-0.3386215	-1.4468731	0.5935986	0.29646114	1.386399	0.15881585	-1.3166015
1.3354563	3.1097553	1.7077585	0.95728946	0.22545871	0.94482374	3.1607637	1.066603	0.84959704	-0.55178976
-0.68655044	-0.4436576	-0.249417	-0.7770005	-0.9240855	-1.0204782	-0.0844367	-0.62331885	-1.5151918	-0.9717588
0.19404516	0.36134675	0.45273498	-0.020797014	-0.9876262	0.4555294	1.7919667	0.6875768	0.6132516	-1.6136918
-0.13143748	-0.8846289	0.3973096	-0.30919373	-2.404941	-0.26065674	-0.69413036	0.26781553	-0.26509964	-2.242995
2.2629225	2.2762492	2.336325	1.9332638	-0.7920333	1.9478941	2.673916	2.1511862	1.7599628	-1.3931222
-0.1778104	-1.0723377	0.39998597	-0.25272974	-2.1804774	-0.15095368	-1.380098	0.4554908	0.15280685	-1.7697322
1.4181168	0.9039161	1.7117064	1.0943767	-0.5300481	1.7146763	2.3147514	1.5778611	1.2555778	0.23842025
-0.009757526	0.112320185	0.4458512	-0.19168799	-1.2673517	-0.17772108	0.08001763	0.97150373	0.20196158	-1.521219
2.1958172	2.4046938	2.0025594	1.8807054	0.28799018	1.8143237	1.7596761	1.2460446	0.98926055	0.6833223
-0.15534982	-0.395986	0.18928656	-0.26585013	-1.2056736	-0.13238376	-0.42223823	0.1285759	-0.36865443	-1.1005552
2.4680789	1.9646757	2.4554007	2.0877953	-0.79508364	2.2095006	1.4916474	1.7293438	2.0690846	-1.3660731
1.6608356	1.5161102	1.8353764	1.2905492	-1.0303615	3.0304103	2.004308	3.5764909	2.7170188	-0.95120674
-0.91938955	-0.03138438	-0.5847318	-1.0493251	-1.0746479	-1.2428476	-0.23901491	-0.052803192	-0.27604505	-0.6657829
0.13266468	-0.15363872	0.65584064	0.0106919855	-1.4117786	-0.4127014	-0.16159907	0.61738497	-0.21855652	-1.0360663
1.0333196	1.3398542	1.1471086	0.7078363	-0.5736379	1.5978582	1.0655026	1.3450959	1.8505236	-1.3524983
-0.00013577193	-0.11245409	0.25597036	-0.14452872	-0.86793387	-0.50177455	-0.6197447	-0.1665673	-0.7565116	-1.0591526
-0.16199112	-0.20038971	0.17625952	-0.21037672	-0.6965548	0.059010476	-0.800463	0.89909005	0.15112728	-0.86555606
-1.1154176	-1.160789	-0.5245408	-1.1711557	-1.5392824	-1.3238786	-1.3843102	-0.6189438	-1.2519939	-1.3602409
0.7231058	1.8166718	1.035032	0.30921113	-0.40778285	2.2935307	3.3034427	2.3976362	1.4492015	-1.2213271
-0.6079288	-0.2733096	-0.2094301	-0.71512663	-1.3051888	-0.91854846	-0.2593608	0.15793097	-0.4870235	-0.75219005
-0.28967017	0.5811546	0.28885168	-0.53344226	-1.058371	-0.5556859	0.09196359	-0.3457761	-0.6788602	-0.59024733
0.23460862	-0.54227614	0.71740806	0.122887924	-1.2581581	0.5255646	-0.42173052	1.0420678	0.3985701	-0.8445775
2.1749458	1.1234803	2.7588155	1.8890302	-1.1095634	2.3498197	1.547555	3.350072	2.1133454	-1.4500009
-1.2124696	-1.5862236	-0.7445513	-1.150544	-0.8574778	-1.8224392	-1.3248523	-0.3214398	-1.3680555	-1.1911304
0.8358128	0.66945744	1.4748869	0.6637051	-1.1419119	0.4099544	1.2548484	0.9492481	1.0680215	-1.39487
0.07190021	-1.257041	0.47373107	-0.061381713	-1.8314342	2.510543	-1.2515035	2.9286451	1.9060718	-1.698397
-0.91452724	-0.43107426	-0.7258643	-1.0224476	-0.75561345	-1.5560997	-0.8600134	-1.2422676	-1.9514203	-1.315987
-2.3129106	-2.218645	-1.4816488	-2.2239223	-1.5247197	-2.6281552	-2.6498127	-1.1205004	-1.8124523	-1.8063309
0.26407167	0.56992173	1.260249	0.16450287	-0.8340944	1.4332975	0.92400014	1.9354321	0.96313167	-2.3391263
0.9512375	2.3375971	1.3517097	0.5898352	-0.99693036	1.4482925	2.556421	1.397151	1.3382844	-1.0298129
4.082029	1.7424947	3.821806	3.6911352	-0.20136262	3.2335503	0.48814902	3.1989088	2.498663	-0.82969123
-0.013896979	1.0282564	0.29579875	-0.33014888	-0.58961916	-0.56813985	-0.6229099	0.4411082	-1.06536	-1.8978056
0.0672017	0.085253924	0.8754922	-0.1291075	-1.1875964	0.2674077	-0.33767813	0.8785798	0.20073493	-1.3745633
1.3161801	2.1298249	1.657155	1.0213132	-0.4576967	0.6517879	2.8260717	1.0645106	0.4746032	-0.38821968
-0.31650645	-1.2293588	0.17855337	-0.3417148	-1.8208593	-0.9859349	-1.3997108	-0.50306094	-1.1033211	-2.0024295
0.016539805	0.4138243	0.122684464	-0.16227292	-0.8935349	0.7639965	2.0089126	0.62215716	0.035271317	-0.41211152
-1.672361	-1.7832298	-1.0986017	-1.6769189	-1.5498871	-2.32877	-2.4096487	-1.7794813	-2.6505141	-1.6854994
0.025398128	0.4601728	0.54380995	-0.20491503	-1.2475212	0.2976353	0.5301777	0.73988855	0.38960716	-0.8090545
0.6952647	0.6871836	0.6751096	0.3509754	-0.08983442	-0.21684684	-0.3457186	-0.2844835	-0.74561954	-0.67008036
-1.104504	-0.2985709	-0.7661246	-1.249235	-1.2003732	-1.8696319	-1.752872	-1.2643923	-1.8639135	-1.5403277
-0.82414776	-1.1152633	-0.40086928	-0.8618241	-1.4975765	-1.1081482	-0.9811445	-1.2519671	-1.6594015	-1.8872361
-0.4047605	-0.5538626	0.1428574	-0.5448911	-0.96586037	-0.5724077	-1.0058541	-0.027855715	-1.2321863	-1.0642735
0.39534143	-0.11259672	0.027183682	0.3394578	-1.592122	-2.0480745	-1.23875	-0.93540746	-1.655349	-1.0255032
0.26684275	0.43035766	0.64755714	0.022818238	-1.6958286	0.122816436	0.1858233	0.53276455	-0.3613818	-2.0012763
0.4404318	-0.68161166	1.075619	0.2947501	-1.2033702	0.49715546	0.039705697	0.97140265	-0.13332371	-1.7444146
1.0564158	0.2962148	0.70801675	0.86752534	-1.7223603	0.008306412	-0.2814781	0.05375663	0.13514188	-1.6623814
1.0609118	2.6350386	1.4995959	0.7554644	-0.10216585	-0.24901745	2.2190397	-0.3262713	-0.21986574	0.13675304
-1.3046259	-0.7502507	-0.96291864	-1.3297366	0.028400272	-1.304005	-1.2159159	-1.5871667	-1.2367451	0.109883174
2.2557971	3.757982	2.0932474	1.704396	1.6169649	0.21861047	1.6317986	0.78970325	-0.15638618	-1.493178
-2.3092535	-2.1257584	-1.5722941	-2.243546	-1.3208312	-1.8334243	-1.674656	-0.67742383	-2.453939	-1.6260794
-0.4984727	0.6709982	-0.14999142	-0.8116846	-1.6593792	-0.39209548	0.23875406	0.18436445	-0.72268456	-1.7424587
-2.2703512	-2.1995838	-1.4809797	-2.182502	-1.6763061	-2.9199545	-3.0058713	-1.8855102	-2.4223473	-2.0363388
-0.9590353	-1.353512	-0.37062362	-0.99725306	-1.3337104	-1.6294075	-1.8789719	-0.87187153	-1.3493786	-1.5833155
-1.3400152	-1.9414182	-0.9713708	-1.314452	-1.2699031	-1.184219	-2.4862573	-0.83687973	-1.0991699	-1.949098
-2.287253	-2.2441258	-1.5633872	-2.211166	-1.7954671	-2.1591043	-2.2592173	-1.3954523	-2.126272	-1.860452
0.20176631	0.21317771	0.68458235	0.037809208	-1.1286808	0.0090654325	0.14938763	0.36423185	0.27016616	-0.9061969
-1.4942297	-1.5788559	-0.93062186	-1.4972681	-1.544623	-1.8536737	-1.648677	-1.430464	-2.2264645	-1.793257
-1.4813911	-1.4000921	-0.9426148	-1.4809631	-1.9779643	-1.0020412	0.040851578	-0.42838904	-1.2068089	-1.5774567
-1.6130197	-0.87175167	-1.1277019	-1.6954725	-1.2446816	-1.1501625	0.8514241	0.30629176	-0.5257247	-1.3825631
-1.8097156	-1.8440093	-1.307431	-1.6946326	-1.6377871	-1.1917429	0.821501	-0.96822566	-1.9845145	-1.2710488
0.07974947	2.071057	0.1110007	-0.22324312	-0.44463065	-0.21547103	1.6422768	0.20401815	0.5050057	-0.74456435
0.9465267	0.87047184	1.5031306	0.67256534	-1.2268261	0.5268091	0.8893944	1.1534293	-0.24742095	-0.9910491
-1.958103	-1.8268175	-1.3999739	-1.9170732	-1.213291	-1.8366717	-1.4925773	-1.0865942	-2.555064	-0.24894847
0.15445805	0.14371592	0.6739158	-0.022083119	-1.327388	-1.0553476	-0.5604451	0.025072109	-1.7247101	-1.7045884
0.47717223	0.82352364	1.0225385	0.25447565	-1.1796706	0.09283387	0.58903974	0.9694051	1.1281253	-1.4871541
1.9087658	3.1497881	1.6937693	1.4211423	-1.1369541	0.6854051	2.6291564	0.34368107	-0.0621598	-1.4547306
-0.5275635	-0.27044687	-0.28251705	-0.619777	-0.6115398	-0.40987426	0.32851556	-0.84824777	-0.9152621	-1.4921329
-0.65390986	-0.85333085	-0.2648013	-0.7572855	-1.202383	-0.93635255	-1.7889043	-0.5318471	-0.77593374	-0.68137574
0.24487758	0.08430824	0.77091277	0.061330646	-1.4692247	0.22997656	0.41633552	0.9218918	0.09138535	-1.8719208
0.62171173	0.27855995	1.1763837	0.43059856	-1.4934846	0.27356532	0.44796398	1.2549152	-0.020434864	-1.8408194
-0.0062254146	-0.5849883	0.13455838	-0.17112963	-1.1272236	-0.43614393	-0.6560136	-0.88783807	-1.1877763	-0.99912524
0.3525032	-0.095606476	1.0158374	0.17151316	-1.3790635	1.1504204	0.5865741	1.6501455	0.7473227	-1.0062419
0.115614004	1.4638562	0.33520365	-0.07242471	-0.880975	-0.69987094	0.10166669	-0.23045176	-0.799108	-1.6219547
0.17163458	0.3212677	0.7104095	0.0046998262	-1.4107691	-0.31530228	0.09879298	0.41083843	-0.5656137	-1.3139971
-1.2690601	-1.4904295	-0.85307074	-1.2486151	-1.6532785	0.132013	-1.6650697	0.56361175	-0.25254688	-2.1299057
-0.31429723	-0.54016495	0.0618535	-0.43277973	-1.3649591	-0.36220855	-0.11644036	0.064691015	-1.0660927	-1.2349442
-0.7133836	-1.3043144	-0.2759649	-0.70857096	-1.0699294	-0.7142899	-1.4535432	0.018458879	-0.915303	-0.8001629
-1.7618375	-1.3468273	-1.2467453	-1.7606401	-0.80245465	-1.9149307	-1.1364605	-1.4674455	-2.0126154	-0.33013675
0.9797644	2.1346855	0.80772865	0.6591222	-0.508583	0.017367197	0.08558522	0.29254025	-0.098906964	-0.94842744
1.0709649	1.8285313	1.099563	0.7795125	-0.5392904	0.1253874	1.0755582	0.13446225	-0.48819858	-1.3375756
0.025157414	-0.14540175	0.429721	-0.09095733	-1.1910228	-0.119533405	0.010157425	-0.3157426	-0.3001287	-0.836131
-1.2420028	-1.5487113	-0.78529227	-1.2088349	-1.1770204	-0.99092823	-1.511394	-0.97932976	-0.8656846	-1.3188071
-1.8706126	-1.928753	-1.2406136	-1.8079851	-1.5044409	-1.376943	-2.2578642	-0.88817656	-0.8314955	-1.48488
-1.4048446	-1.473604	-0.62697387	-1.3767947	-0.62625813	-1.7482017	-0.52288055	-1.3204383	-0.8370616	-0.48258734
-1.7391347	-1.6615983	-1.1943923	-1.7349935	-1.7958587	-1.8020025	-1.7229332	-0.96469223	-1.7241007	-1.4711719
0.6803512	1.2197443	1.1447905	0.43259287	-1.1667542	0.73156697	1.0745573	0.92389464	0.17659824	-1.3163112
-1.3965533	-1.0939195	-1.0048393	-1.4256227	0.09636697	-1.9539129	-1.3384403	-1.0642488	-2.2164264	-0.47040144
-1.9013246	-1.9562657	-1.2447214	-1.819522	-1.453741	-1.010338	-1.6890858	-0.34430283	-0.84728163	-1.7502227
0.24315766	0.26804546	0.6638082	0.00045214593	-1.7592869	-0.452379	0.24924701	0.31231445	-1.1368221	-1.876648
-0.9776695	-1.1561286	-0.42098948	-1.0427293	-1.4628593	-1.7550104	-1.3091874	-0.22027908	-2.0175383	-1.5790839
-1.1860195	-1.2729294	-0.69096196	-1.1842967	-1.2643954	-1.4278675	-1.6779188	-1.315224	-0.84101677	-1.3303692
-1.5252236	-1.5605891	-1.0636666	-1.4691612	-1.3443203	0.045425035	0.118029356	0.2181845	-0.15729539	-1.7966067
0.2223799	-0.4833035	0.6214777	0.1748222	-1.2186152	-0.023302244	0.90059286	0.13571234	-0.17191195	-1.3920085
-1.5973634	-1.9148588	-1.0133924	-1.6218866	-1.0547448	-1.3925581	-1.800117	-0.7801079	-1.7313125	-0.9608471
-1.0674822	-1.134217	-0.5023149	-1.0989604	-1.4792472	-1.9267147	-1.290855	-0.72255886	-1.488033	-1.019401
-1.1069475	-1.1899867	-0.600001	-1.1562207	-1.6188364	-1.3866819	-1.551937	-0.89113545	-1.6270709	-2.1796923
-1.0745126	-1.3294168	-0.6026585	-1.1311889	-1.8525401	-1.8088061	-1.6598135	-0.75121546	-2.249613	-1.8964969
-1.6773887	-1.7974644	-1.1443204	-1.6399673	-1.5637473	-1.6641876	-1.5626224	-0.9055062	-1.667531	-1.3698641
-0.5433909	-0.87934875	-0.1523512	-0.63133866	-1.2962365	-0.20996176	-1.0121726	-0.41741294	-0.4976649	-1.2737119
-1.9502944	-1.7585683	-1.3971637	-1.9635988	-1.8835477	-2.2732024	-3.090563	-1.4330215	-2.4421346	-2.0814655
-1.7476996	-1.0060261	-1.226033	-1.8649848	-1.5161974	-0.88624144	-1.322156	-1.6639935	-2.0347178	-1.171436
-0.37997732	1.8149145	-0.3744512	-0.65959156	-0.67554915	-0.5595894	0.8422102	-0.50254315	-1.4206871	-0.832111
-1.295185	-1.6015804	-0.32163033	-1.2479991	0.4954814	-2.5703444	-2.0625162	-1.2182568	-1.815128	-0.21921007
-1.2385976	-1.4302204	-0.6844574	-1.2981153	-1.5644752	-1.9637665	-1.558881	-0.9386138	-1.7377294	-1.3981562
-0.5553486	-0.35431868	-0.37495467	-0.7201123	-1.0919013	-1.8238465	-1.2391531	-1.1289756	-1.8526647	-1.6714916
0.9965455	1.0816567	1.3525085	0.72174215	-1.7426723	0.8797594	0.61003226	1.3817239	0.61956304	-1.3576194
0.646437	1.0678252	1.1551127	0.44371957	-0.96446645	0.47871745	1.1159732	1.2554034	-0.24951677	-1.2860669
-0.8372169	-0.2116125	-0.4453213	-1.0047976	-1.4298514	-0.9925912	0.060350645	-0.42035803	-0.44843957	-0.4442037
-1.5120046	-1.7361	-0.9691366	-1.4761823	-1.7716719	-0.8961148	-1.0546466	-0.5481464	-1.1635369	-1.6485041
-0.7331412	-0.72603977	-0.40943548	-0.80245185	-1.2562481	-0.46425268	-0.54230684	0.25726417	-0.07586981	-1.0250949
-0.54765135	-0.6266669	-0.1929552	-0.6170517	-1.1132964	-0.7902525	-0.22922607	-0.2367532	-0.9808487	-1.0216154
-0.28501508	4.509954	-0.15577105	-0.8676076	-0.7425017	-0.27855438	1.854156	-0.30973887	-0.46163744	-1.1553949
-2.18507	-1.9653747	-1.3131407	-2.124276	-0.3413073	-1.9490869	-1.8924725	-0.91618294	-2.019449	-0.8989567
-1.4870443	-1.5788121	-1.0013943	-1.4040283	-1.1597955	-1.6350563	-1.9878854	-1.0097485	-1.7020192	-1.3189387
-2.0687637	-2.0496614	-1.4018772	-2.0303502	-1.7759299	-2.0527217	-1.5968217	-1.6375165	-2.0214674	-2.4084542
0.10574145	-0.04176262	0.591561	-0.104694925	-1.3463602	0.0036767272	0.07253086	1.3326005	0.46637315	-1.6241122
-1.4397916	-1.5613924	-0.9392897	-1.4740244	-1.8454334	-1.3696748	-0.29607028	-0.42086443	-1.1520486	-0.78927743
-1.5823468	-1.577712	-1.006053	-1.5857469	-0.6780609	-1.8395894	-1.8709408	-0.718982	-1.7289823	-0.5382627
-0.048130415	-0.39933088	0.38962296	-0.19133031	-1.6473697	-0.51843965	-1.0453687	0.040684696	-0.7777244	-2.7284718
-1.3413898	-1.7835462	-0.8237628	-1.3273562	-1.5516833	-0.6322495	-1.8048512	-0.67751986	0.18087807	-1.7432668
0.02652558	0.7949345	0.5152732	-0.10997279	0.62065816	-1.6745757	2.1173196	-1.2584251	-2.1893167	-1.6085567
-0.6433278	0.38101825	-0.36427888	-0.9041014	-1.5465842	-0.66179764	1.1507354	-0.52685297	-0.91518664	-1.6655915
-1.1176873	-1.3415798	-0.7079543	-1.1233836	-0.9984555	-1.1992025	-1.2168201	-0.8032517	-1.2037845	-0.96787155
-1.6348072	-0.6177937	-1.1586442	-1.7019216	-0.88579094	-2.1065073	0.50623703	-0.37984553	-2.0795326	1.368177
1.8327903	0.38921127	2.481458	1.5490085	-1.3628478	0.5782399	0.3076203	1.5294766	0.37348852	-1.7645993
-2.0656266	-1.5297245	-1.5664928	-2.0256853	-0.30245504	-2.0967946	-1.3799493	-2.3195603	-2.9239848	-0.14120239
0.48105368	1.2795633	0.8855034	0.2163498	-0.8998246	0.54005927	1.4852022	1.280759	0.10522745	-0.9481044
-0.64606357	0.6227875	-0.3492463	-0.8654015	-1.39127	-0.5219748	1.0427196	0.70253253	-1.0748227	-1.1134417
-1.9253889	-1.972565	-1.2556926	-1.9017898	-1.3511518	-2.0815227	-1.5882772	-1.2512735	-2.1915183	-1.7011675
-1.4576482	-1.9891475	-1.023218	-1.4310026	-1.1092583	-2.0513148	-2.2863495	-1.0466064	-1.8804234	-1.4773961
0.13718155	1.1698422	0.4563977	-0.19219267	-1.1887306	0.22166175	0.37187785	0.42156523	-0.45182884	-1.77102
-1.2957054	-0.60016346	-1.0556126	-1.2928299	-1.4311295	-1.951555	-1.0106847	-1.5302424	-2.3884013	-1.0973091
-0.6941527	-0.82686114	-0.27245006	-0.7420512	-0.33071357	-2.2630067	-2.3791382	-1.1330782	-2.5563624	-1.4794705
0.80717003	-0.42839438	1.202234	0.585755	-1.5059187	0.6601188	-0.7037992	1.3945937	0.57746696	-2.2077985
0.09445011	-0.3262602	0.6584019	-0.05611767	-1.3037922	0.43014458	-0.061825298	0.42389414	0.09114355	-1.169413
0.13228256	-0.17950717	-0.089889854	0.026886508	-0.52623516	-1.0579879	-1.734775	-0.53509796	-1.1557118	-1.8289455
-0.6887868	-0.8918477	-0.27448687	-0.7624099	-1.5549288	-0.8676792	-0.8430475	-0.46962813	-0.94045043	-1.9025465
0.62157184	1.2394948	0.7553549	0.31965506	-1.0975906	0.0085694045	1.4013143	0.29058746	-0.3727849	-0.8963798
-0.90348667	-0.48089728	-0.5285791	-1.0370263	-1.6199361	-1.1125206	-0.84366536	-0.6678754	-1.3442227	-2.1303298
-0.92852956	-1.1588424	-0.49859807	-0.994704	-1.1257384	-1.566181	-0.9618649	-0.34641266	-1.5913168	-1.395491
0.7243168	0.775507	1.1509434	0.5444546	-1.2433078	0.2916965	0.8876993	1.1546732	-0.19432272	-1.7265848
-0.14344722	-0.29014125	0.21604675	-0.25574046	-0.98899794	-0.3139333	-0.2941185	-0.0009145139	0.047324862	-0.29759496
-1.5575507	-1.081559	-1.1916935	-1.540682	-1.0590777	-1.8944957	-1.3715978	-1.2679049	-2.0303059	-0.7210118
0.5095132	-1.5408132	0.5419761	0.44970256	-1.2989408	0.36647874	-1.2993909	0.54409873	-0.2289791	-2.1437283
-0.42946947	-0.55815756	0.088739485	-0.47274047	-0.7298821	-1.7310873	-2.0036552	-1.0620745	-1.2295235	-0.7277974
-1.374302	-1.4558406	-0.8733249	-1.3727924	-1.2504516	-1.1493202	-0.6002786	-0.24418326	-0.6352751	-1.1423038
-0.90549475	-0.1659098	-0.7806461	-1.0886961	-1.3147502	-0.68397665	0.80238545	-0.78257614	-0.96957374	-1.294803
0.17029634	1.0979241	0.26884198	-0.11612511	-0.6385293	0.12826309	0.31453475	0.15660018	-0.4527724	-0.7065427
-0.95375866	-1.0520848	-0.4314594	-1.0180199	-1.3441715	-0.60357714	-0.46544108	-0.58884495	-0.9408769	-1.358925
-1.5832156	-1.1612494	-1.1444451	-1.6005211	-1.4386314	-0.727843	-0.53679127	-0.5652319	-0.71369696	-1.2332685
-0.02940347	1.2444814	0.35069966	-0.27400073	-0.6588738	0.08501572	1.714261	0.46398827	-0.60902804	-1.1348839
-0.047440983	0.8338355	0.24054721	-0.10642181	-0.2883296	-0.91023296	1.2112724	-0.68235123	-0.53173214	0.2628171
-1.8016135	-1.9237928	-1.2335757	-1.7555712	-1.6639322	-2.1803439	-2.6069791	-1.5303732	-2.9793494	-2.2357073
-1.45914	-1.5629051	-0.8633882	-1.4734634	-1.4975814	-1.8546724	-2.2277737	-1.2611837	-1.8173821	-0.6351374
-2.0826461	-2.0023916	-1.396655	-2.054426	-1.9947481	-2.2307014	-3.06846	-1.5511757	-2.7912822	-1.9141979
-1.8503066	-1.6927141	-1.2274384	-1.8382338	-1.1634363	-1.9010957	-1.7951043	-1.4696459	-2.745306	-1.1680751
-1.542839	-1.7618401	-1.0322421	-1.5049793	-1.8110548	-1.4555317	-1.5159477	-1.0482477	-1.6629915	-1.732483
-0.26692048	-0.47810835	0.15194106	-0.41738558	-1.2310169	0.019028796	0.25180322	0.54517215	-0.12551291	-1.0357455
-1.4555244	-1.4109629	-0.90459895	-1.471408	-1.4835074	-1.562552	-1.5260613	-1.2866442	-2.1904504	-1.9963561
1.6378789	2.6344292	1.9508641	1.269071	-0.64250606	1.5941465	3.4642775	0.9774171	1.0001152	-0.50913525
-0.98142093	-0.6793603	-0.66595006	-0.9866696	-0.71295714	-0.70111793	-1.2704751	-0.52373415	-0.52602476	-1.5221022
-1.8217009	-1.6114773	-1.4141941	-1.864604	-1.65581	-2.6887927	-2.548156	-1.4212788	-1.9624308	-1.746229
-1.1401942	-1.5117773	-0.9395852	-1.0872985	-2.5955095	-2.189133	-2.5082831	-1.1436032	-2.3196654	-2.2364755
-1.1746482	-0.4823946	-0.82158744	-1.3144891	-0.67612636	-0.634086	0.118539214	-0.6571673	-1.0190886	-0.31805003
-1.9912869	-1.8986312	-1.343153	-1.9184163	-0.85151327	-1.5404116	-1.3672967	-0.592332	-0.72900957	-1.1119841
-0.8305083	-0.66326106	-0.44738504	-0.8480117	0.0076369345	-0.7798012	-0.72869325	-0.5130905	-0.8164307	-0.45590565
-2.3360295	-1.5136636	-1.5005605	-2.1965315	-0.32123	-2.410935	-1.7089382	-1.1794306	-2.073384	0.5163082
-1.3436846	-1.4694641	-0.968658	-1.3716029	-1.2353225	-1.4600526	-1.1863061	-0.977907	-0.9272521	-0.7637168
0.006162934	-0.28417355	0.5014561	-0.17332734	-1.2281276	-0.26818764	-1.3548446	0.56842184	-1.2256659	-1.4665828
0.99632424	0.90595675	1.3172333	0.7569208	-1.1209527	0.5596541	0.14036559	0.44344735	-0.6472765	-0.822537
-0.55273676	-0.7510054	-0.14699689	-0.69807357	-1.3813552	-0.47497416	-1.6309768	0.22582878	-0.98879546	-2.0097222
-0.14212874	-0.66460574	0.2504813	-0.23449165	-1.0869774	0.03237983	-0.114853755	0.56225896	0.28256372	-0.53939694
-0.6048464	-0.650218	-0.2534049	-0.6382859	-0.47908732	-1.380014	-1.9081566	-0.3413248	-1.613767	-1.6425327
-1.814988	-1.7971245	-1.1169406	-1.8401618	-1.5467123	-1.4590847	0.24615581	-0.4748403	-1.2726018	-1.4247086
-1.0813934	-1.242596	-0.6600231	-1.0686094	-1.5692396	-1.6360953	-0.76888597	-0.8753487	0.20073085	-0.14486533
0.89173913	0.7849908	1.6108572	0.5602083	-1.5563457	0.852702	1.4265018	1.8772382	0.19624612	-1.2674861
-1.7276496	-1.753786	-1.1102645	-1.7385845	-1.6966045	-2.3258312	-1.6361731	-1.4919692	-2.0798762	-2.0008051
0.35450375	1.3628454	0.7677076	0.022475779	-0.85898805	0.7448298	1.1936781	1.4726046	1.0100942	-1.2321984
-1.700265	-1.7409182	-1.1730666	-1.661072	-1.3707439	-1.4259951	-1.4421432	-0.78024	-0.061869975	-1.6481366
-1.2728773	-1.141463	-0.76555395	-1.3170993	-1.7395679	-2.2225804	-1.6484139	-1.7140484	-2.5681725	-1.6621302
-0.89049196	-0.8845304	-0.43345883	-0.9393219	-1.3177639	-0.8449623	-0.46092448	-0.26997703	-0.6045529	-1.306244
-1.468753	-1.5807375	-0.8841624	-1.4816449	-1.6868331	-1.4668111	-1.561649	-0.6604293	-1.4902985	-1.9709588
-0.0842833	0.15448466	0.23925382	-0.24067084	-1.2380443	-0.48698354	-0.43739396	-0.22236453	-0.6987495	-2.1252856
-0.57715917	-0.4522196	-0.46684536	-0.6757614	-0.81255317	-1.3901112	-2.0675657	-0.75233644	-0.6997335	-1.1225132
-0.13176736	-0.12250638	0.29132676	-0.31224573	-1.2119837	0.10964891	0.12415686	0.6297474	0.10424149	-2.098497
-1.6849878	-1.1464843	-1.0999	-1.7463181	-1.3834035	-2.3532503	-2.2714489	-1.0868864	-1.4876766	-1.3052166
-1.524481	-1.1777571	-0.91888213	-1.499573	0.84967935	-1.7270981	-2.2305977	-1.9080054	-2.3847322	0.33639944
-0.50301045	-0.34138533	-0.1436429	-0.60563594	-0.6942749	-1.2017457	-1.1288911	-0.9180517	-0.9674516	-1.4686762
-1.4089507	-1.3185679	-0.89645135	-1.4431242	-1.5498432	-1.0295101	-1.3390442	-0.9599515	-0.97496766	-1.9660825
-1.5411525	-1.5983528	-1.0525558	-1.4825803	-1.5738046	-1.7260187	-0.74464333	-1.0070341	-1.5603304	-2.374698
-0.54744095	1.208565	-0.19558892	-0.86508244	-1.213797	-0.5901538	2.1330128	-0.63228303	-1.2527101	-1.1173584
-1.7590849	-1.540402	-1.3164448	-1.7141101	-0.91204774	-2.276325	-2.1368628	-1.0501964	-1.3253592	-1.3244576
-0.7693488	-0.13192055	-0.5145613	-0.8675058	-0.5842805	-1.758336	-1.6850376	-1.2646092	-1.8112049	-1.4144692
-0.9744642	-0.8056891	-0.73002064	-0.9794118	-0.5298048	-1.6576039	1.0410757	-1.5423342	-2.2212346	0.18221387
-0.49353483	-0.4554875	0.0021807551	-0.593808	-1.1415141	-0.07472801	-0.09483619	0.19190751	-0.37864247	-1.4806899
-0.9269541	-0.2245768	-0.5934026	-1.0237727	-0.92830837	-1.6741141	-1.0579038	-1.0062016	-2.0044823	-0.7335143
-1.1260791	-1.5644658	-0.7642188	-1.1299181	-1.0060861	-2.2290642	-2.1955836	-1.5618502	-1.4949943	-1.1800166
1.1503748	1.5235659	0.8781024	0.78227997	-2.290505	-0.8615802	-1.5553926	-0.24163996	-1.4524074	-3.3969688
-0.011663236	0.0055683255	0.36555427	-0.1317785	-1.3104823	-0.14728276	0.31393734	0.35251752	-0.013266816	-2.0711777
1.3696699	1.5668148	1.9478614	1.0875719	-1.1810778	1.1381077	1.132885	2.411751	0.42677435	-0.25525802
-1.4491619	-1.5018948	-0.9769273	-1.4743048	-1.1830508	-1.4098583	-1.5242779	-0.8341345	-1.2648969	-1.1429764
-0.6830416	-0.9792204	-0.3710408	-0.7551716	-1.474447	-0.76857626	-0.7331026	-0.4129654	-1.364634	-1.6935943
-1.183921	-0.9262451	-0.64484847	-1.3250759	-1.8297598	0.21715583	-0.11900554	0.4925387	0.05459205	-2.386391
-0.28389725	-1.3198813	0.13602123	-0.3215534	-1.4078182	0.5516384	-0.11119358	0.1498578	-0.13407066	-2.0103614
0.16908032	0.562423	0.22226265	0.1263598	-0.29335994	-0.5437227	0.9662106	-0.9250266	0.014194986	-0.18105865
0.7906451	1.0177503	1.3500779	0.54822654	-1.2286613	1.520642	1.3323202	1.6789794	1.346651	-0.5601305
0.24143681	0.38321164	0.6225848	0.002484113	-1.3007994	-0.08080475	-1.6472325	0.2912947	-0.72463965	-1.468607
0.5201591	0.24624613	1.0425131	0.31200397	-1.3886181	0.37910932	0.12634468	1.0850327	0.33057883	-1.4372988
-1.1387144	-0.623505	-0.9229766	-1.1541616	-0.8839649	-1.5871358	-0.85611963	-0.9492882	-1.834837	-1.4639441
-1.191064	-1.2630603	-0.70184445	-1.2050859	-1.1714053	-1.9296557	-2.3906646	-1.8705415	-1.7952237	-1.045644
-0.6286606	-0.5166896	-0.16666493	-0.8135594	-1.1629487	-0.6762523	-1.5444297	-0.24085538	-0.4934796	-1.3976028
-1.739057	-1.8098323	-1.124789	-1.72431	-1.304272	-1.2452639	-2.0880516	-0.7928597	-1.6065104	-1.2073207
0.3571367	1.6472346	0.47944656	0.23852582	1.2077687	1.2882991	1.615591	1.0242909	1.6217475	0.9975603
-0.7052657	-0.53031754	-0.27208665	-0.83710265	-1.2692261	-0.8468992	-0.6031073	-0.012279702	-0.6874215	-1.6738309
-0.88825876	-0.6818669	-0.4498513	-0.98803073	-1.5075194	-0.8659116	-0.9297485	-0.69090277	-0.94394517	-1.1415839
-1.0312222	-0.76385236	-0.6085826	-1.1254704	-0.90089524	-1.5771823	-0.79310185	-0.8507554	-1.7791469	-0.7046723
-2.1252453	-2.1335764	-1.4094357	-2.0562387	-1.038583	-2.1091664	-2.2279823	-1.0850847	-2.6297245	-1.4824121
-1.7693065	-1.6782805	-1.1897541	-1.7182189	-1.4674276	-1.7276361	-1.0914724	-0.8490414	-3.0330458	-1.2359581
1.2397549	1.3251697	1.7886621	0.9156245	-1.0636656	0.91299814	0.83390546	1.6222626	0.29113382	-1.1609696
-1.6842849	-1.6634332	-1.0858281	-1.6755004	-1.4745008	-1.9726462	-1.3542936	-1.3257315	-1.6227646	-1.3112159
-1.3666797	-1.2796061	-0.85274863	-1.4367337	-1.0345633	-1.6572795	-1.6607171	-0.6858499	-2.5531065	-0.9554785
-1.5108343	-1.3764927	-1.043685	-1.5209205	-0.7419783	-1.5048692	-0.9981391	-1.1230087	-2.159654	-0.63688344
-0.10047518	0.40989438	0.5489532	-0.3422738	-1.1982757	-0.6920344	0.30355963	-0.6293223	-0.38379806	-1.4550921
-2.3948755	-2.319159	-1.5364201	-2.3440645	-1.8762006	-1.9075853	-1.6586668	-1.2240537	-1.9904494	-1.5025433
-0.7821114	-0.755702	-0.3441715	-0.9190056	-1.6787202	-1.3080218	-1.0041375	-0.41086358	-0.90929234	-1.1493558
-0.79295146	-0.74684095	-0.47930726	-0.8912233	-1.0488411	0.1535439	-1.5159218	-0.5804295	-0.2121957	0.09063181
-1.2363913	-1.2519753	-0.8921641	-1.3205671	-2.9637017	-0.43799576	-0.6204708	-0.25582185	-0.42815548	-2.825016
-2.0782347	-1.8253746	-1.4103683	-1.980472	-0.7543279	-2.7116244	-2.1537912	-1.536045	-1.9006768	-0.5400727
-1.2463326	-1.280343	-0.793059	-1.1529073	-0.18250689	-2.0956447	-1.67459	-1.4556644	-1.8525344	-0.59482825
-1.5958738	-1.6389266	-1.0976213	-1.6005895	-2.2465198	-1.37822	-0.45418027	-0.80837715	-0.03199457	-1.554445
-1.4066535	-1.3071294	-0.96574056	-1.4592927	-1.6784796	-1.5444928	-0.8328231	-1.4829665	-2.273191	-1.8621683
-1.5243576	-1.395384	-1.037776	-1.5352005	-1.0965492	-1.0758271	-1.1038158	-0.9854893	-1.594179	-1.098235
-0.89742064	-1.7453005	-0.54638493	-0.89301884	-0.84623826	-1.4693291	-1.3555019	-0.69248194	-0.4398006	-0.67803466
-0.49166965	-0.40403104	-0.08389467	-0.59214586	-1.1493632	-0.23743829	-0.42641073	-0.3457939	-0.31293234	-1.3889824
-0.80916315	-1.4004693	-0.41708013	-0.83748674	-1.8826755	-0.29061055	-0.60924643	-0.02979219	-0.06502602	-1.0032997
-0.92412186	-0.40317038	-0.49917224	-1.0713651	-1.5510815	-0.7483483	0.16314438	-0.47413033	-1.5234485	-1.1322079
-0.09039346	-0.4941049	0.1705729	-0.17978819	-0.826434	0.10364302	-0.62700737	0.6423627	-0.09741721	-1.3241268
0.092634745	0.70614886	0.60730374	-0.14240557	-0.9994205	0.3528829	0.603593	1.2192994	-0.4247604	-0.468192
-2.0495791	-1.9157058	-1.3637974	-2.010803	-0.962759	-2.050928	-1.9733146	-1.6650786	-2.0636141	-1.189022
0.71018946	0.8227911	1.262236	0.51782644	-1.1855929	0.4343089	0.12521704	1.2815948	0.5984958	-0.9687047
0.2143834	-0.12919062	0.63560194	0.03783013	-1.2331938	-0.74531376	-1.0282346	-0.69420475	-1.1877092	-1.718449
-0.0010447651	1.5407835	0.5883887	-0.35749778	-1.4405923	1.6490704	0.79804814	1.024423	1.5412356	-2.8135836
-0.96396786	-1.070612	-0.6481606	-1.0134412	-1.2459085	-0.76160544	-1.0600421	-0.8795678	-1.2353399	-1.816046
0.8731607	1.0787476	1.4408915	0.63987494	-1.1367214	0.20310666	0.80098754	1.253867	-0.08925876	-0.55367845
-1.3842704	-1.0521808	-0.8842262	-1.4279066	-1.3221984	-0.41273412	2.5611904	-1.1743346	-1.361601	0.031458773
1.2964728	0.18051443	1.2497122	0.9627501	-1.4239148	0.6576531	0.91844076	-0.038174935	-0.6988233	-0.81020904
-1.6555117	-1.7156922	-1.0635377	-1.6491678	-1.2332702	-1.783842	-1.5598276	-1.3459572	-1.5455595	-1.3698118
0.103491835	0.48688313	0.46899575	-0.14050831	-1.4133223	1.4326842	2.255148	1.3208591	1.2256174	-1.4731194
-0.61147606	-0.6435944	-0.42465016	-0.5636969	-0.59253025	-0.9381896	-1.1479805	-0.70088714	-0.7556985	-1.1321479
-0.20627451	0.7972779	-0.15982583	-0.36050293	-0.51231045	-0.27145955	1.9204234	0.2308373	-0.5042293	-2.225378
-1.531262	-1.4858876	-1.0433829	-1.5174769	-0.88518906	-1.760159	-2.6523015	-1.245153	-1.394982	-0.65330654
-0.6962953	-0.2639722	-0.3177593	-0.8173769	-0.9529551	-0.86724615	-0.7041983	-0.56302935	-0.6426231	-1.1917899
-1.6731814	-1.4984789	-1.0919933	-1.6881611	-1.5595008	-1.856723	-1.4625406	-1.040419	-2.3626258	-1.6467164
-0.51121444	-0.7551631	0.030331105	-0.62483054	-1.5728749	-0.615842	-0.4928311	0.06488732	0.04714018	-1.887888
-0.042686827	-0.5565963	0.5845872	-0.2240312	-1.2364546	-0.79612213	-0.38363352	-0.03392737	-1.0098423	-0.8607214
-0.45771936	-1.4712276	-0.3242285	-0.5439191	-2.3757772	-1.3098303	-1.8647274	-0.5535139	-2.5890996	-2.326836
-1.6182503	-1.8407674	-1.0866576	-1.5996331	-1.9965173	-1.3311666	-0.5053247	-0.4759184	-1.3718688	-0.7806857
0.14563268	0.84886444	0.54648304	-0.12062332	-1.2063346	-0.061820928	1.1475477	0.61811876	-0.1710271	-1.310382
-0.83987814	-0.72568977	-0.40968916	-0.9298506	-1.2498128	-1.2153337	-1.2828543	-0.12257881	-1.0785385	-1.4338328
0.2925593	-0.24007508	0.82637084	0.066646144	-1.5460366	0.27172214	-0.29295224	0.7332403	-0.18530333	-1.725482
0.049599625	2.7597177	0.3614198	-0.3945769	-0.6514621	0.25494766	2.335675	0.6838227	0.03851696	-1.272176
0.046946347	3.0516722	0.185406	-0.48158795	-0.9962163	-0.5943888	1.4303983	-0.22796266	-0.78474844	-0.7639122
0.80535173	1.2695472	1.3397901	0.5431702	-1.0868455	0.56531453	1.0141164	0.52480924	-0.46044803	-1.2781113
-0.54127675	-0.7544936	-0.09489572	-0.6022912	-1.2573674	-1.4101753	-1.2791579	-0.9591981	-1.571986	-1.6251649
1.0377797	1.8069689	1.4666234	0.8543283	-0.12552735	1.556979	1.3467479	1.4609314	0.7123167	0.19861424
-1.8446422	-1.6981237	-1.2700684	-1.8544407	-1.2911702	-1.3582531	-1.608797	-1.4500401	-1.5631324	-1.7343524
-1.0263127	-0.2178128	-0.5673629	-1.230472	-1.3679967	-0.66543996	-0.3639067	-0.5058924	-1.5688457	-1.7831765
0.96485573	1.2304512	1.0823941	0.7577788	-0.30298692	2.5265343	1.8891819	1.8995764	1.9784354	-0.2273277
0.94933814	2.0376208	1.2520276	0.63772774	-0.91961086	1.7927521	3.0384302	1.9277148	1.3401209	-0.7117736
2.1506476	2.6389313	2.0276024	1.5221543	-0.6600859	0.37776145	1.5083213	0.88627845	-0.044762116	-0.7976866
0.49894163	0.059574097	1.0218629	0.26294845	-1.3945874	1.0910165	0.086963356	1.5396525	0.21026672	-1.4218706
-0.116152465	0.80356765	0.2917137	-0.39603108	-1.1212605	0.24861445	0.116427064	0.81008416	0.1127349	-1.1052052
1.2208921	1.0483363	1.6345003	0.95941186	-1.3863212	1.2673905	1.0978357	1.7868373	1.181494	-1.917632
-1.549812	-0.87939656	-1.0404923	-1.6466488	-1.1792253	-1.9109564	-1.7662252	-2.6758277	-1.6066241	-2.015467
-0.8012747	-0.48898453	-0.45368782	-0.90677935	-0.9670856	-0.82023484	-0.91775334	-0.12366238	-0.95324713	-0.9305822
0.07997645	-0.14638251	0.4776741	-0.068756096	-1.2148299	-0.42403978	-0.43119392	-0.13303408	-0.9198891	-1.2532027
-0.21339151	-0.0715009	0.25756145	-0.38632762	-1.212767	-0.3468997	0.061863784	0.33083335	-0.3198042	-1.6145469
-1.1765907	-1.3403699	-0.7776059	-1.179273	-1.0198928	-1.0996791	-1.2435795	0.0020793774	-1.1929586	-1.1667743
-0.11817875	0.6269127	0.287029	-0.38919184	-1.3459549	-0.5625243	1.0117977	0.033131763	-1.6705315	-1.2787782
0.484565	0.8640859	1.0148683	0.24050774	-1.0832742	0.34793577	1.2410526	0.95682067	-0.06513716	-1.554607
0.12785578	-0.2654068	0.7293873	-0.10907819	-1.6674047	0.15851283	-0.19616696	1.0958809	0.24443512	-0.70914966
-0.67370814	-0.89370644	-0.15062869	-0.7752999	-1.5870758	-0.6782628	-0.56103307	-0.079345524	-1.1183817	-1.0537905
-1.7614793	-1.8917085	-1.135746	-1.6682637	-1.0224917	-1.9579824	-2.0320978	-1.6507516	-1.8540475	-0.68832713
-1.0823277	-1.2797565	-0.66248894	-1.0900075	-1.1370254	-1.8607527	-1.7506297	-1.4678748	-1.2154523	-1.4861145
1.4503915	1.2459755	1.7849176	1.2054498	-0.7663895	0.5997448	0.9655309	0.8458148	0.50716233	-1.5378559
0.11553631	0.4441035	0.42060924	-0.06287545	-0.3669454	-0.7507796	-1.2094088	-0.042503633	-0.6565306	-0.22778508
1.1076549	0.90432036	1.7829182	0.95160675	-0.22194043	0.4863867	0.3437147	1.1159083	0.40416062	-0.9337997
1.0026815	0.2953355	1.3807344	0.80844253	-1.4186782	1.4395175	-0.015848605	1.5378065	1.3417104	-1.0224674
-0.053402252	-0.8848975	0.56527776	-0.20683824	-1.4009004	0.3754796	-0.42359993	0.84711546	0.038079917	-1.3570997
0.45573387	0.792673	1.0093361	0.24130659	-1.0013232	-0.026880218	0.8924048	0.48838067	0.29748696	-1.6486095
0.6345054	1.8877409	1.1956308	0.35228324	-0.55161685	-0.14447282	2.2720237	0.865386	-0.28057262	-1.0943216
0.7929734	1.7692456	0.9995383	0.5013008	-0.943951	-0.16591625	0.2676721	-0.07077743	0.17896737	-0.7986577
0.33541474	0.38693205	0.43580776	0.099754676	-1.3078663	-0.03711981	0.016601067	0.07382884	-0.514	-1.4542323
-1.9019068	-1.8796239	-1.2312659	-1.8828993	-1.4598725	-1.4569201	-1.2558473	-0.9424331	-1.763294	-1.3681707
-0.35629392	-0.3247489	0.023924813	-0.5226615	-1.5494084	-0.8774288	-0.7804081	-0.3073736	-1.6713067	-0.50879484
-0.15561113	0.6327152	0.2648936	-0.5148946	-1.2773874	-0.1280206	0.09739237	-0.17800462	-0.9528673	-1.6396937
1.2870388	2.0539703	1.5736179	0.9580753	-1.0717202	1.3754817	1.1913974	1.6556438	1.257246	-1.3488704
-0.6223617	-0.5608619	-0.030074626	-0.75268954	-1.8145334	-0.8396291	-1.001786	0.0023908017	-0.58304363	-1.7541391
-1.377065	-1.5636214	-0.879599	-1.4019662	-1.6423079	-1.5999241	-0.82601714	-1.497856	-1.567306	-1.905646
0.44953486	1.1831405	0.9205086	0.15518834	-1.3163968	0.85523677	1.0969293	1.518629	0.94236755	-1.3577646
3.1631968	3.0413187	3.0947669	2.7022462	-0.8075774	1.8850013	2.490922	1.962091	1.4232913	-1.69125
0.17191416	0.124962986	0.8084247	0.0134949535	-1.3659898	0.7477271	0.45029652	0.2508402	0.04316866	-1.0119749
-1.122754	-1.1905347	-0.8808106	-1.155351	-1.6249743	-0.43964887	1.537929	-0.30200526	-0.5558933	-1.3403918
-0.17522779	-0.20137978	0.3105963	-0.31165993	-1.2295387	-0.37141705	-0.11420297	0.46919367	-0.223044	-0.55402714
0.313534	0.004989907	0.87083757	0.15767173	-1.2412359	0.4912815	0.3017379	1.2705079	0.49456072	-1.7839875
0.260199	0.12814	0.6812829	0.082397565	-1.1676813	-0.08202504	-0.54768354	0.4615895	0.14373806	-1.3980668
0.47953025	-0.012135088	0.861218	0.25059617	-1.5168358	-0.59097433	-1.1844518	0.08786047	-0.7740606	-1.3683032
0.8467574	0.85777676	1.5059115	0.6013981	-0.84789515	0.7771329	0.71954954	1.6512804	0.81600404	-1.3622715
1.2730381	1.2980449	1.7154651	1.0107671	-1.111933	1.313319	0.942915	1.3099788	0.44017398	-0.538812
0.23435608	0.5029092	0.6641998	-0.022877827	-1.4444169	-0.13132246	0.5457161	0.017927706	0.26598206	-1.2433283
-0.24433362	-0.44799504	0.40302062	-0.44904572	-1.2606136	-0.61175585	-0.66669214	0.004582339	-0.7533077	-1.8017074
-0.035893876	-0.4827922	0.31904656	-0.17555922	-1.1880906	0.2355993	0.20679002	0.5635697	0.2625983	-1.1843787
-0.1404081	-0.21374416	0.30620983	-0.21056308	-1.1282398	-0.49784908	-0.999552	-0.3646496	-0.43847704	-1.4021723
-0.9099241	-1.0117925	-0.36119685	-0.9747748	-1.5722252	-0.8645018	-1.5026509	0.008372005	-1.8491668	-2.2121341
0.50038534	-0.2919748	0.64564633	0.3581512	-1.0854791	0.43530777	0.098041676	1.1706303	-0.30045217	-1.5361059
1.6559203	1.6033367	1.6997833	1.3176664	-1.0934701	1.0480464	1.5878321	1.3747345	0.94639707	-1.4206567
1.4849985	0.9629818	1.3659726	1.307408	-1.5523498	0.49932775	0.5138123	0.97520965	-0.21574736	-2.2825654
0.112473	0.09134981	0.45082754	-0.06339823	-1.4187888	-0.4719635	0.011043824	0.10624882	-0.78896743	-1.6321007
0.58886844	-0.72092104	0.8258965	0.4393413	-0.9636575	-0.9114644	-1.2941661	-0.676752	-0.7328325	-1.452934
-0.7889593	-1.0349823	-0.40554902	-0.86683667	-1.2372293	-0.9766014	-0.462232	-0.87415403	-1.3053209	-1.7810487
-0.065482	-0.4808507	0.19926062	-0.15779705	-0.81344324	-1.444263	-1.0221972	-0.6911596	-0.9270881	-1.4121044
-0.58062166	-1.0218967	-0.17476311	-0.6515586	-1.6638955	-0.6945424	-1.5601009	-0.17961524	-0.04253229	-1.2584484
-1.2007389	-1.7349769	-0.683293	-1.1619562	-1.3477408	-1.3239255	-0.9784039	-1.0620656	-1.6828878	-1.2556223
-0.20342073	0.71453	0.028375179	-0.48827833	-1.3883389	0.5052196	-0.7610496	0.4776989	-0.40470815	-1.5286593
-0.5778916	-0.5390222	-0.18518278	-0.70697534	-1.4261965	-0.31556657	-0.18536697	-0.3700935	-1.6280706	-2.0109434
-0.86155033	-0.8773025	-0.51099575	-0.9625529	-1.3914236	-1.4133587	-0.8979078	-0.26391006	-1.2042674	-1.1094685
0.06291514	-0.4925721	0.44254455	-0.18599315	-2.0684342	-0.2555093	-1.1941803	0.079729766	-0.9132449	-2.1740232
-0.48950252	-0.5097443	-0.04272768	-0.6270803	-1.3445971	-0.3724329	-0.63739073	-0.54138404	-0.14764115	-1.1874121
0.15701199	0.92125094	0.40116462	-0.0724732	-1.0429202	0.23318703	2.844755	0.13993268	-0.6562773	-1.5437634
0.63413113	1.6280895	1.1324164	0.3726173	-0.020032167	0.3970673	0.26532283	1.1933838	0.061592817	-1.3536108
-0.04632426	-0.29333818	0.6306919	-0.29024285	-1.1750836	-0.8420141	-1.5058329	-0.6483493	-1.4239848	-1.6513665
0.8854394	0.29966035	1.3332555	0.6680536	-1.4738735	0.46963596	-0.30537218	0.9630481	-0.08298814	-1.543629
-1.0531752	-1.6115861	-0.62445045	-1.0670439	-1.3919824	-0.6536912	-1.4651706	-0.139686	-1.0115864	-1.4803736
-0.6637541	-0.07620546	-0.28906277	-0.842755	-1.3022338	-0.8787525	-0.122794375	-1.4699903	-1.0350534	-1.1515403
-2.1887915	-1.9788784	-1.4730778	-2.13543	-1.3515606	0.03296461	1.5631804	0.8770644	-1.3666902	-1.6904104
-1.575219	-1.6150888	-1.0195897	-1.547429	-1.5449075	-1.3358544	-1.1359607	-0.43682894	-0.6960435	-1.3129516
-1.4186385	-1.0828412	-0.94962955	-1.5005126	-1.8922367	-0.96237314	-0.53288007	-0.94219106	-1.586222	-2.96843
-0.77545625	-1.1807971	-0.29358885	-0.84933937	-1.4286268	-1.0787971	-1.1525875	-0.84728134	-0.7376773	-0.927211
-0.5612245	-0.3808279	-0.12532592	-0.72727346	-1.276843	-0.64179724	-1.3329031	-0.39124843	0.31064898	-1.6625483
-0.81501573	-0.7992555	-0.54147863	-0.95984674	-1.6803627	-0.68037105	-1.0367087	-0.6672416	-0.99566996	-1.4320687
1.2544011	1.3206722	1.0719419	0.88028	-0.67151916	0.10055014	1.2551517	0.16082627	-0.15146394	-1.16194
0.385354	0.8810233	0.7174058	0.11167909	-1.1837368	-0.12469933	0.22146177	0.2939441	-0.034347232	-1.6567392
-1.0413482	-0.6950691	-0.6721058	-1.1657978	-1.5640898	-1.3638275	0.11020186	-0.9446776	-1.2335615	-1.1210647
-1.5795015	-1.3788618	-1.0174043	-1.6089729	-1.3224115	-1.5012754	-0.9459043	-0.247601	-1.8696585	-1.6261104
-0.37164986	2.0193512	-0.122454375	-0.54989135	0.17941293	-0.0960263	4.1601944	0.12277387	-1.2929946	0.12091492
0.65771776	-0.4635269	1.2730122	0.47601002	-1.5332934	0.14834714	-0.1336831	0.6999224	-0.12754898	-1.4358046
0.38164398	0.1505701	0.9438307	0.1647899	-1.4469435	0.014397565	0.8015798	1.3583512	0.07039897	-1.2843434
0.5877876	0.5689708	1.2815484	0.30791306	-1.3607664	0.9160224	0.14486277	1.6967738	0.37923634	-1.5112312
-0.002823092	-0.12013331	0.46459568	-0.1522787	-1.5422367	0.52238554	0.7330254	0.73928356	-0.12458657	-1.170984
1.4344548	2.9222853	1.3959117	1.0345521	0.12763724	1.5480281	2.6951537	0.9173942	-0.20572616	-0.3954165
1.431414	0.8963132	1.925226	1.2487009	-0.9110135	0.22680597	0.75364065	1.1875112	0.49043256	-1.0977122
-0.4545993	-0.7165201	0.0031456351	-0.62263113	-1.6183969	-0.22512615	-1.5734397	0.09241521	-0.52012235	-1.8100538
1.5796021	1.200835	2.1237085	1.2600126	-1.2370416	3.0971005	3.438134	3.2149673	2.3608053	-1.6833209
-1.846137	-1.8098907	-1.2526718	-1.7955384	-1.203493	-2.2559726	-2.7035167	-1.1449562	0.08727279	-0.8379297
-0.32202157	-0.25135577	0.038760036	-0.48583978	-1.3647999	-0.8006224	-0.55741554	-0.5050029	-0.8798264	-0.79444563
-0.8423984	-0.6254525	-0.22314057	-0.92225665	-0.76264143	-1.2189444	-1.5332448	-0.7228239	-1.2119963	-0.6143539
-0.8278669	-1.0200416	-0.3514388	-0.8996975	-1.3161216	-0.81903416	-1.3746145	-0.18271743	0.29748696	-0.4409236
1.0012751	-0.04919195	1.4709121	0.8229449	-0.73449826	1.7926625	1.0857906	2.3371446	1.6688943	-1.6231091
-0.008647658	0.5925758	0.3617851	-0.29678112	-1.4295253	0.071385294	0.3247836	0.75327295	-0.23245548	-1.6742868
1.1322814	1.3243405	1.3608252	0.85855854	-0.968938	-0.4582037	0.1258193	0.88652915	-0.033748962	-1.3429426
-0.1592809	-0.18447113	0.37474397	-0.2958901	-1.4281151	0.1315008	0.27136186	0.2783958	-1.3837981	-0.6818263
-0.49266827	0.64424324	-0.2478854	-0.7396387	-0.9851388	-1.3690872	-0.4228124	-2.6495087	-0.912443	-1.1089619
0.22860277	0.07632035	0.83024573	0.08327024	-0.7220782	0.49974975	1.2126806	0.61870193	0.040200386	-0.7192972
-1.6250925	-1.6916598	-1.0782933	-1.5973123	-1.4936168	-1.4215131	-1.8864133	-1.8893975	-2.2387707	-1.7587823
0.80072784	1.952255	0.8030251	0.50652426	-0.814471	-0.7110038	0.30530155	0.25330982	-0.37842783	-1.2755591
-0.18584609	2.3379843	-0.0050530434	-0.52196556	-0.75351167	0.13155305	1.476683	0.17708685	-1.2222002	-1.3310167
0.8769408	0.6901406	1.25327	0.54026175	-0.71331084	-0.8608052	-1.3431735	-0.067992896	-0.49499428	-1.4862099
2.5628655	2.6821141	2.7389085	2.1158767	-1.2102307	1.1593517	1.4390448	1.2915999	0.81451195	-1.0755899
0.4311283	-0.5481616	0.70313394	0.32518953	-2.3120458	-0.14256066	-0.9909269	0.1425268	-0.6023884	-3.0630968
-1.159185	-1.0490665	-0.7186878	-1.1887379	-1.4336778	-1.5850923	-1.6095192	-1.0024259	-1.9688165	-1.6977835
-1.1498979	-1.2975211	-0.64047694	-1.1861173	-1.4089651	-1.1797116	-1.23468	-0.83275443	-1.1559583	-1.6527252
-0.43511933	-0.49202397	-0.35557672	-0.47769785	0.041184872	-0.08009241	-0.7694117	-0.4540224	0.121627726	-0.5740565
-1.3355615	-1.3230041	-0.798591	-1.3893446	-1.3556905	-1.4270536	-1.4601015	-0.539702	-1.9464194	-1.3916024
-0.5589869	-0.45037183	-0.16259766	-0.69390976	-1.1750363	-0.36642423	0.32104865	-0.16614711	-0.33660457	-1.5389798
-1.7751365	-1.8568155	-1.1409374	-1.7336696	-0.7854072	-1.3061206	-0.011869759	-1.2663778	-0.65801054	0.058390167
-0.379872	1.2457925	-0.4245015	-0.5939106	-0.4289658	-0.91218	2.4431443	-1.4454912	-1.3046643	-0.73471993
-0.8626108	0.58188295	-0.43819568	-1.0710539	-0.8202474	-0.7313392	1.824433	-0.25579312	-1.2532904	-1.1976343
0.5108507	0.80611885	0.48828	0.33624935	-0.28013748	0.7213775	2.162593	0.4716718	0.23322004	-0.46246856
-0.729866	-0.09418771	-0.43220535	-0.8672534	-1.4365062	-0.5738739	0.44537276	-0.35343564	-0.67805386	-2.1129973
0.69222707	1.0417266	1.0941309	0.44672155	-1.3110164	0.42397562	0.8630408	0.82741416	0.7788613	-1.9181857
-0.5236748	-0.54970205	-0.057622463	-0.61640126	-0.8823303	-0.58057255	-0.95961094	-0.28621635	-0.6799896	-1.0574367
-0.046049155	-0.033891365	0.36385363	-0.26076838	-1.1869274	-0.023981268	0.43062624	-0.06292791	0.18992391	-1.2303292
-1.3635296	-1.3920772	-0.852263	-1.3484048	-1.006422	-1.1380857	-1.2278345	-0.32964873	-0.37915915	-0.87325746
1.6859024	2.691258	1.7890064	1.4074467	-0.65464413	0.6184713	2.2084649	1.1464199	0.89167714	-1.0763847
1.0987111	0.6784744	1.4385682	0.8312588	-1.2434661	0.5430864	0.2903041	0.56575084	0.38375658	-1.2036574
0.5430417	1.3464093	1.0913684	0.2263885	-1.5748835	0.035595622	0.86492485	0.6322265	-0.4123531	-1.6318794
0.1635884	0.48088047	0.6612772	-0.0302746	-0.9008739	0.3721308	0.89311624	1.2420348	0.09810138	-0.63595814
-2.5013568	-2.2894652	-1.648499	-2.4074883	-1.7032567	-2.3978293	-2.666368	-2.04909	-2.5382783	-1.6611629
1.0623066	1.2679805	1.8026434	0.8441218	-0.85719955	1.9910127	0.8194118	2.5624595	2.283354	-1.26028
-0.566682	0.37602344	-0.14318264	-0.81064105	-1.4891235	-0.5813761	1.5535369	0.3079732	-0.4621237	-1.2672545
-0.61897147	-0.8543569	-0.0010400116	-0.6795256	-1.5517576	-1.569897	-1.2118603	-0.74311334	-1.0248451	-1.3815484
0.28860393	0.12170565	0.56023353	0.109500274	-0.91749287	0.07645973	0.1384421	0.49008873	-0.02255216	-1.1604793
0.106370084	2.0739236	0.41669238	-0.23413473	-0.65865195	0.08804023	2.17383	0.7004146	-0.45913532	-0.90367895
-0.42516991	0.9458946	0.045822218	-0.6712888	-0.7636045	-0.57598823	0.56640726	-0.4615804	-0.8559807	-1.1535084
0.044968925	-0.4058833	0.397001	-0.09442742	-1.1939379	0.5072554	0.033030614	0.570305	0.9229369	-1.1573788
0.12513211	3.33017	0.63497484	-0.2346005	0.2942674	0.15716416	1.7923312	0.3518922	-0.34812018	-1.2972766
0.38359624	0.3030255	0.77275336	0.22415031	-1.1004134	0.28294793	0.31535834	0.82173365	0.34643784	-0.75767434
0.45487168	0.33549055	0.85005164	0.2716298	-1.2737796	0.7101672	0.250388	0.9872032	0.17992276	-1.1893189
0.046248756	-0.32331008	0.39116114	-0.040444717	-1.499896	0.42233643	-0.4083227	0.73394877	0.016865432	-2.4486597
1.2809808	3.8804142	1.836854	0.78529847	1.449919	0.5364451	3.1036975	0.31556934	-0.007432233	0.85406375
-0.15751499	-0.0071279705	0.2751765	-0.31473202	-1.274859	-0.6515245	-0.8428635	0.24626513	-1.4171547	-1.0360861
0.44231442	1.0913471	0.7867634	0.2553171	-0.3298199	0.5657216	-0.051912878	0.7796195	0.70878667	-1.090632
-0.20374724	0.76931906	-0.117866606	-0.47984433	-1.5085553	-0.16423234	-0.36396915	0.22383623	-0.44113252	-1.3090746
-0.7985165	-0.36662826	-0.5215782	-0.9844131	-1.0478059	-1.5157462	-0.5397044	-0.9459021	-2.1737487	-1.336295
1.0434678	-0.7514851	1.3879689	0.81704307	-1.4887992	0.86835134	0.18123123	0.98830515	0.31141365	-1.4289441
0.30095512	1.0769254	0.6687828	0.019047827	-1.2325453	-0.1308648	1.0298398	0.8569328	-0.039627947	-1.8280948
0.08668669	-0.56729877	0.6104686	-0.08301963	-1.7956437	-0.5350602	-0.66946846	0.19149859	-0.8216113	-2.0422447
1.5200886	1.6784837	1.7924788	1.128933	0.56052303	1.178773	1.8524498	1.3824145	0.59124947	-0.8578731
1.5393866	2.649593	1.9434538	1.1138971	-0.9713261	0.99433184	1.174671	0.8775861	0.5185027	-1.2981489
-0.19310576	-0.51042193	0.26024514	-0.35202563	-1.2833401	-0.015711999	-0.11889983	0.5038377	-0.32198238	-1.0118085
-0.7243757	-1.2718496	-0.21844575	-0.7917643	-1.7432582	-0.8389431	-1.6666715	-0.18241943	-1.4480306	-1.1906998
-0.027158149	-0.13466215	0.40148705	-0.22119313	-1.3257136	0.208172	0.26259714	0.69331217	-0.21005844	-1.4594798
1.0548669	1.9963474	1.2271953	0.7479322	-0.29979905	1.2018317	1.6820738	0.7915576	0.79867244	-0.84541667
1.0287286	1.8299901	1.2125523	0.615342	-0.5884306	-0.66944224	1.4857782	-1.0838482	-1.4641217	-1.9045178
-0.6005637	0.6407728	-0.42714277	-0.74282706	-1.1665527	0.38802665	0.4909493	0.13964851	0.19684227	-1.5516384
0.054874353	-0.0965454	0.35431167	-0.08102597	-1.1456475	1.1454601	1.1643251	0.91690636	0.74886507	-1.937107
-1.7222595	-1.5783875	-1.1320256	-1.737569	-1.2891824	-1.8955183	-1.6285942	-0.68907905	-1.9189928	-1.6257168
-1.0694261	-1.1255088	-0.63221216	-1.1040268	-1.6535926	-1.5644953	-0.60530245	-1.2449509	-1.2234974	-1.4366935
-0.82770115	-0.92372215	-0.3868787	-0.8895099	-0.7904893	-0.097874306	-0.38695547	-0.27150252	-0.044448074	-0.8473108
-2.3680658	-2.220226	-1.5486726	-2.2987385	-1.7638829	-2.4234445	-2.8582728	-1.5235295	-0.44225818	-1.8208716
0.89871615	0.19851455	1.1739026	0.6777509	-1.2485527	0.6600605	-0.45286608	0.18708496	0.694485	-0.88967025
0.035570733	0.5515286	0.50819606	-0.16946416	-1.132153	-0.27080217	0.62886477	-0.04664832	-0.8819372	-1.2553293
-1.7425117	-1.7853212	-1.1715299	-1.715712	-1.1725861	-1.9601984	-2.2250307	-1.425031	-2.04066	-0.8747678
-0.8099613	-1.0320622	-0.34958354	-0.89062256	-1.4434425	-1.4369621	-2.526038	-0.5879448	-1.1602393	-1.1344032
-1.4914865	-1.9439081	-1.030533	-1.4811379	-2.3895085	-1.4903054	-1.8889095	-0.92375016	-1.7605916	-1.5309341
-1.049083	-1.2974246	-0.55585074	-1.1069173	-1.3945385	-1.584355	-1.4417882	-1.0550086	-2.1035275	-1.9842381
-0.12790474	-0.061114103	0.34320924	-0.29845613	-1.7370275	-0.651568	0.13082325	-0.43809396	-0.32738817	-1.3567044
-0.001839973	-0.028503314	0.48631787	-0.18368597	-1.2088168	-0.07317029	0.32620382	0.7145339	-0.40575147	-1.5664777
-1.5315287	-1.5952421	-0.990119	-1.5551257	-0.89060295	-1.535369	-1.5400646	-0.6984423	-1.2665654	-1.0159663
-0.69175005	0.24248484	-0.1441459	-0.91989464	-1.0035158	-0.2230345	0.56346184	0.5132636	-0.45060146	-0.9003716
0.27706197	1.157017	0.63242126	-0.017050967	-1.1012046	0.024496084	0.61336064	0.66787606	-0.5721931	-1.3790534
0.25485268	1.9442506	0.74270904	-0.020654485	-1.1384846	0.043018524	3.3078177	-0.09571877	-1.0317645	-1.025472
0.5126948	0.6660565	1.1119876	0.31836677	-1.3708657	0.6468773	0.6034373	1.1658798	0.7429655	-1.4834085
-0.04247605	0.02679798	0.3161432	-0.23017968	-1.1227908	0.016374817	0.34373787	0.46528885	-0.4740609	-1.5743359
0.24001214	0.22131872	0.7797153	0.07314037	-1.3344505	-0.07723505	0.1609568	0.8428678	-0.7690041	-0.97227424
-1.4055276	-0.62411845	-1.0988024	-1.4715872	-1.219798	-0.69708014	-0.16806193	-0.8225911	-0.20929426	-1.1764085
-0.90926874	-0.5728512	-0.41522607	-0.9855164	-1.5037032	-1.270336	-0.90880704	-0.9510543	-1.6103843	-1.6881994
-0.25198582	-0.636644	-0.06875083	-0.20763476	-1.3650752	-1.5763276	-1.3587502	-0.6382272	-1.1929586	-2.1491396
0.65907615	0.71897674	1.0636781	0.4781022	-1.3276492	0.681184	0.49102327	1.4893878	0.400416	-0.9008212
-0.5653169	-0.7372806	-0.0660952	-0.6622923	-1.3687325	-0.8597509	-1.0157838	-1.0579302	-0.8942109	-1.5367641
0.43918177	0.21265644	0.95288587	0.22478811	-1.4386133	0.58870435	0.11582604	1.0050925	-0.11235801	-1.9217652
-0.84733564	-0.8107083	-0.42010137	-0.9391748	-1.2642988	-1.3316805	-0.9298763	0.13752562	-0.5742026	-1.3762244
-0.91798824	-0.5334735	-0.4483045	-1.0861721	-1.2013693	-0.27668118	0.22411075	-0.015471932	-0.9319834	-0.5365559
0.15673596	-0.10679716	0.50942945	0.023079082	-1.4157561	-0.42753485	-0.95321035	-0.13730226	-0.76535946	-1.5667375
0.13088161	0.536203	0.41577733	-0.1863842	-1.431425	-0.6835486	0.88527954	0.31379005	-0.45724508	-1.133072
0.08928343	-0.6883327	0.64628524	-0.02305837	-1.2739104	-0.17610443	-0.38071865	0.7522916	-0.43547675	-1.063576
0.09990681	0.2155653	0.51627743	-0.1530859	-1.5442394	0.23327196	-0.030211743	0.66617614	-0.18352911	-1.3842974
-1.0202979	-0.6437899	-0.74631596	-1.0943172	-1.4172741	-0.7214549	-0.03304998	-0.20974123	-1.1948017	-1.5395855
-1.2743587	-1.2895659	-0.7818816	-1.2868073	-1.3253691	-0.98827004	-1.038315	-0.47389233	-1.0212532	-2.1046515
0.15924323	0.16694412	0.5875263	-0.043406203	-1.3992282	0.22431223	-0.028699769	0.33974493	-0.049035758	-1.3237344
1.0908538	1.7126477	1.4493623	0.7364612	-1.2044188	0.913586	1.556745	1.8548328	0.61876744	-1.3302116
0.32323724	0.27362236	0.9327667	0.17418854	-1.3843282	0.31655622	0.5378913	0.7126894	0.14196709	-1.5567465
-0.08217691	-0.1523208	0.3170686	-0.2593519	-1.4111164	-0.2875294	-0.49074897	0.83370996	0.26357356	-1.6361742
2.3139377	3.5358512	2.434438	1.9558103	-0.2687585	1.1321295	1.2165979	0.6679748	-0.25228086	0.010745159
-0.09081032	0.086176634	0.51479685	-0.29278028	-1.6938516	0.34825054	0.044746354	0.49773964	0.09230134	-1.49965
0.28400066	0.31618765	0.78606665	0.06085719	-1.4391603	-0.23644847	-0.23909448	0.7688067	0.9884895	-1.8667046
0.12569946	0.022952765	0.52753294	-0.062290415	-1.4850816	0.11622677	0.1666501	1.3762045	0.23227948	-1.4478081
-0.18864387	-0.86744535	0.28303945	-0.37110168	-2.0053604	-0.20784855	-0.8793446	0.17660244	-0.47752503	-2.1832774
-0.7150396	-0.60275936	-0.34782454	-0.7913721	-1.3048013	-0.4680947	-0.844801	-0.035712194	-0.16645172	-0.19482172
0.17494631	0.4768496	0.49997345	-0.006256342	-1.0968448	-0.066954486	0.9693609	0.024119228	-0.49550018	-1.2417586
-1.3130194	-1.4616832	-0.83004665	-1.3555537	-1.4835132	-1.6752242	-1.4578971	-0.8809722	-0.98973536	-1.4279784
0.34129706	1.1241604	0.71314514	-0.016525105	-1.1872524	0.54776734	2.3734272	0.48961952	0.12219721	-1.2444797
0.20067006	1.5322081	0.725654	-0.13225472	-1.3063447	-0.7790671	1.8696424	0.092649765	-0.5320076	-1.201512
0.26587138	0.63162553	0.6923828	0.050346732	-1.1309564	-0.127238	-0.14547491	0.7691221	0.06158238	-1.6605407
0.99640983	1.1482332	1.5899762	0.75781465	-1.2404861	1.3199544	1.1944754	1.7380826	1.4585698	-0.53025764
-0.21861619	-0.24926421	0.4186211	-0.3259756	-1.3145895	-0.07897566	0.27525586	0.052999496	0.52265894	-2.300436
0.74572843	0.44162396	1.3834983	0.51372415	-1.2426807	0.6544654	0.9692638	1.1350886	0.8784463	-1.2282366
-0.59663737	-0.95490205	-0.062885106	-0.72737753	-1.3843055	-0.45689443	-1.4022434	0.017812552	-1.1246482	-1.36914
0.18879291	0.4082605	0.76726747	0.000546962	-1.5358796	0.6711207	0.7567196	0.8178863	0.7664565	-1.1754693
-1.2848953	-1.4302994	-0.73818004	-1.3340222	-1.679948	-0.7302845	-0.96416426	0.28204378	-1.6025007	-1.9645458
-1.3393555	-1.0937744	-0.7577524	-1.4117023	-1.6440188	-1.6906621	-1.7174737	-1.1478915	-1.8372433	-1.4510292
0.6736857	1.1042719	1.0493337	0.35636252	-1.1553696	0.96722215	1.2377563	1.4431461	0.32244453	-1.2992572
1.4947318	3.109446	1.9810358	1.0633328	-0.67130417	1.4630758	2.4564013	1.3301018	0.7795204	-0.54986966
0.3803266	0.6060529	0.9356195	0.22536008	-1.0582854	0.5905245	0.8504238	0.8097208	0.4410522	-1.2681067
-1.0466114	-1.2748379	-0.53646076	-1.0761814	-1.3716962	-0.34016553	-0.2569173	-0.17974795	-0.56495607	-1.4117573
0.08363726	0.7361088	0.5528536	-0.15815789	-1.1328812	0.04009822	1.0454736	1.0315871	-0.30698407	-1.4147391
0.37372133	0.2782931	0.7356926	0.16058819	-1.3891026	0.96761286	0.5919479	1.1741747	0.5129639	-1.4391323
0.3415659	0.6664388	0.77253544	0.12224533	-1.0782274	-0.24969535	0.50996774	0.76906353	0.14965169	-0.2869545
-0.17386812	-0.35572094	0.26485002	-0.3385487	-1.5154878	-0.7402459	0.30064508	0.35068852	0.099991195	-1.3510091
0.29654026	0.9918803	0.7070331	0.073550895	-1.4672557	1.2747741	1.6253123	1.959273	1.0604323	-1.3462405
0.19585815	0.5129473	0.7222488	0.07211654	-1.3091781	0.7350741	0.5447753	0.6117594	0.37191296	-1.5280628
0.4597614	0.6189101	1.0554416	0.26971138	-1.1785886	-0.7392588	-0.7233904	0.24161594	-1.4832101	-1.525877
-0.21020103	0.4885042	0.30684057	-0.4231976	-1.1971486	-0.49896947	-0.1664691	0.008582877	-1.1726514	-1.7965806
0.17009968	0.59444654	0.7384554	-0.06366922	-1.4317707	0.048210073	0.7804199	0.78990394	-0.35648045	-1.763622
0.25961432	0.56111073	0.8276634	0.040779248	-1.4215163	0.053838015	0.6304691	0.9047058	-0.41909164	-1.3110738
0.09359177	0.42994675	0.6686108	-0.14658643	-1.3067216	-0.21554427	0.29585654	0.015468373	0.08424605	-1.2087678
0.25478777	0.26631513	0.4712863	-0.029736772	-0.78249836	1.2002937	0.3823402	1.0525558	0.35034168	-0.3524996
-0.27928934	-0.70798945	0.1445272	-0.42025232	-1.2197115	-0.68542016	-0.9527528	0.124903634	-0.98900795	-0.6614972
-0.4792257	-0.8722831	0.007541567	-0.5983633	-1.709688	-0.19238654	-0.7532755	0.14608167	-0.11801667	-1.3980271
0.2616229	0.50611806	0.78090227	-0.021770492	-0.98451066	-0.34854874	0.46823493	-0.22560379	-0.98856467	-1.8037678
0.30536172	0.6366234	0.80694044	0.09034525	-1.232673	0.3975283	0.95608604	1.0624057	0.1412948	-1.3633432
0.18812856	0.934927	0.6765183	-0.106810376	-1.3503989	-0.3360975	0.1491525	2.1429288	-0.8048282	-1.459808
0.70897156	1.0545979	1.2002836	0.46650815	-0.8640163	1.0340979	1.0832969	1.5197055	0.96765393	-1.0503734
0.20004201	-0.19780728	0.5918053	0.017103255	-1.5325073	-0.45491138	-0.3203889	0.009536448	-0.2261499	-1.1912507
-0.5866551	-0.31937298	-0.16356954	-0.7403337	-1.1202009	-0.90377486	-0.5807607	-0.5557238	-1.2531842	-1.4950441
-0.5510396	-1.1015314	0.022289857	-0.635733	-2.1011286	-0.18988448	-1.7571526	0.5408507	-0.34171733	-2.5274606
-1.2459235	-1.3252124	-0.7690886	-1.2951018	-0.81061214	-1.7917242	-0.86791885	-0.67027926	-0.7110498	-0.713117
0.24303451	0.97573185	0.99893224	0.018968433	-0.41103247	0.693981	0.3987356	1.2446098	0.37013403	-1.8115911
-1.4805347	-1.5073733	-0.9685557	-1.4973817	-1.5304735	-1.7871473	-2.6581583	-1.309992	-1.1774927	-1.7491062
0.5684294	2.5125787	0.9755603	0.16180153	-0.9221641	1.1104889	2.648577	0.9752174	-0.5532989	-1.1253701
-0.055328578	1.6080507	0.2220091	-0.43057662	-1.2424088	0.40009183	1.5753975	0.7140219	0.52121645	-1.315645
0.36963692	0.44531623	0.8860254	0.16992597	-1.1975611	0.08091857	0.46878532	0.5695997	0.04316866	-1.6002126
-0.56039536	0.27985325	-0.278851	-0.68404216	-1.1363283	0.52763486	0.9750868	0.1669955	-0.33945298	-1.2791271
-0.734507	0.15939543	-0.41539958	-0.99193895	-1.2481549	-1.3862181	1.1013712	-1.059803	-1.4700503	-1.1206524
0.54793864	2.6430626	0.7581934	0.058675215	-0.33419558	1.5506619	3.2435653	1.3275963	0.918515	-0.6732394
0.35786712	0.16321167	0.99123216	0.17668568	-1.6273676	0.8526167	0.13738412	1.4101042	0.32680205	-1.6663194
-0.41495574	-0.13385421	0.030361533	-0.59740406	-1.4509058	-0.023429217	0.14933018	1.2004678	-0.8905292	-1.8656836
0.17513323	0.89883673	0.51977	-0.09127794	-0.7379725	0.5751513	1.3775458	0.6069391	0.018003326	0.35370043
1.1801236	1.5406901	1.6093076	0.8902284	-0.7516448	1.0632032	0.87955254	1.4996383	0.15161166	-1.5595495
-0.4862775	-0.44383013	-0.12657484	-0.6227256	-1.5682498	-0.4565331	0.37238434	0.3632102	-0.0770185	-1.4089803
0.14982194	0.55193484	0.65428364	-0.11331169	-1.4017727	0.13369738	0.6495014	0.87417376	-0.12814534	-0.96980715
-0.07138523	0.24097973	0.36633927	-0.32822162	-1.6092049	0.46490243	1.5083094	0.8820764	-0.13734709	-0.641319
0.28467253	1.9084845	0.4936354	-0.08322785	-1.232471	-0.10004681	2.6372278	0.6113302	-0.65268296	-1.3603182
-0.43459105	-0.16501495	-0.05016011	-0.6308212	-1.3910348	-0.196738	-1.0128018	0.047250837	-0.88745767	-1.4429686
1.1307036	1.6932843	1.327899	0.86719656	-0.28790995	1.2612345	0.8888329	1.2140994	0.95272887	-1.0849257
0.7942826	1.6354018	1.0501689	0.4537804	-0.8367725	0.19144772	0.308575	0.52133477	0.20032579	-1.347326
0.6750384	0.9811951	1.1809615	0.41758746	-1.0841242	1.3152751	1.2024319	2.0774815	1.0020567	-0.7289846
-0.6347428	-0.524981	-0.20252278	-0.7567377	-1.6441592	-0.5242651	-0.3347473	-0.21828878	-0.5832039	-1.7158681
1.7307158	2.361106	2.2910693	1.4136219	-0.80662847	2.2087464	0.8692147	2.1369443	1.7503834	-1.2514697
-1.3820785	-1.2799847	-0.88705957	-1.3472605	-1.545323	-0.8690631	-1.5005928	-0.778846	-0.8800038	-1.8250395
-1.7205069	-1.6569186	-1.1291189	-1.7618122	-1.7807441	-1.1118312	-0.3265426	-0.63262933	0.17171758	-1.5370804
-0.19630063	2.3955505	0.23511419	-0.63152236	-0.9429344	-0.4145942	3.2923772	0.0870381	-0.63490325	-0.9924232
0.5270865	1.1362896	0.9904144	0.28634357	-1.0732974	0.0820838	0.71496266	0.7159521	-0.0010066273	-1.0614644
-1.1326327	-1.4566852	-0.67609465	-1.1584119	-1.7031032	-0.5018105	-0.6556387	0.49716076	0.013512043	-1.3183013
-0.83085597	-0.20171502	-0.4703593	-1.0048743	-1.6549367	-0.73040557	-0.16052979	-0.983615	-1.0621449	-1.5923617
-0.13309574	-0.0056331456	0.26052457	-0.30505452	-1.2834551	-0.13379739	-1.4214473	-0.23340695	-0.19049327	-1.4847152
0.44807622	1.0329379	0.9808246	0.2126476	-0.9993509	-0.10503621	0.5781409	0.736942	-0.44725412	-0.6584979
0.5990975	-0.12371442	0.84588766	0.4715116	-0.82208335	0.2862161	-0.9521333	0.76995194	0.46506524	-0.7494024
1.0638167	1.4389067	1.7819618	0.81147444	-1.1507317	-0.23152831	1.6385635	2.082924	0.17094651	-1.1566058
0.14254811	0.166056	0.7074538	-0.06322568	-1.2614669	0.40438733	1.0351456	1.0202235	0.44047529	-1.1055411
-0.51938367	-0.84078646	-0.12332487	-0.5964795	-0.9727824	0.21426487	-1.1382148	0.4496113	0.72998965	-1.343417
-1.1582109	-1.290342	-0.646806	-1.2101619	-1.7408059	-0.26298505	-0.850391	0.44299018	-0.28830475	-1.3412013
0.3833287	1.5915086	0.83385587	0.1033905	-1.0180326	0.4659553	1.1926237	0.4120228	-0.15805832	-1.139244
1.6496843	1.5406566	1.9824642	1.3606131	-0.6742059	2.451302	0.5701538	2.110612	1.8948188	-0.6564817
0.7146907	0.7857597	1.2772641	0.4878527	-1.3872366	1.091456	0.9887162	1.681891	0.5655787	-1.2774322
0.016805448	0.33386752	0.50273156	-0.17060788	-1.2908748	0.37030295	1.6410784	1.077507	0.49241155	-0.97383875
-0.2674601	-0.5951638	0.19380924	-0.39422625	-1.4147451	-0.70690686	-0.32730454	-0.42588398	-0.23954897	-0.94340473
1.1645792	1.054385	1.3506393	0.89553523	-1.2090966	0.45264974	1.2606398	0.80072343	0.11013046	-1.5521679
1.2031468	0.42149487	1.6704574	0.9485643	-1.3602338	1.5061495	0.69358957	1.8647156	0.42032716	-1.419504
2.4314322	1.3693556	2.446907	2.1070576	-1.0807809	2.1066945	1.7122663	2.3160064	1.4890807	-1.7874192
0.6403266	1.1055212	1.033478	0.4882776	-0.7749083	0.50429505	1.3096038	0.9554801	0.35195088	-0.989492
-1.8951291	-2.0387044	-1.3560473	-1.8112271	-2.0747073	-1.8996954	-1.0936942	-0.5880865	-1.8713608	-2.3154073
0.86442804	0.6041348	1.408584	0.6438224	-1.1355654	0.1982253	-0.3716195	0.4097226	0.0075983796	-1.6868854
0.5699564	0.64536965	1.0844507	0.30586475	-0.99133265	0.8881045	0.778676	0.8612715	0.47743493	-1.2658677
-0.3822604	-0.62542355	0.21114388	-0.5060407	-1.210762	-0.3366694	-0.8571807	0.5408661	-0.22285976	-1.7438575
0.42403433	1.3032568	0.9925736	0.111107066	-1.1718806	0.16078004	0.9504679	1.1911039	0.07809854	-1.4024386
0.92044944	2.0301993	1.3801647	0.63412917	-0.3348276	0.6993474	1.7214509	0.69335437	0.7788309	-0.33311692
0.6103479	-0.15558374	1.4989177	0.42846316	-1.759746	3.3309202	1.2463821	3.233688	2.0139666	-1.2318887
0.78429973	0.6325394	1.4064624	0.48326296	-1.3663304	2.1017497	0.8495551	1.8055122	1.5350845	-2.4166884
-2.533833	-2.0292943	-1.7213331	-2.455583	-1.4544885	-2.6641657	-1.8539586	-1.1870759	-2.919101	-1.900501
-0.7674319	-0.51188225	-0.40875557	-0.8402928	-0.27931398	-1.1964726	-1.1790655	-0.40254584	-1.1006901	-0.2283645
-1.2983578	-1.6989925	-0.8552129	-1.2373766	-2.2174609	-1.4928868	-2.3035662	-0.6143184	-1.105685	-2.1522446
-1.4898823	-1.4889194	-1.0477295	-1.5371182	-1.6444877	-1.3418638	-0.67524827	-0.7048236	-1.5447621	-2.0450523
-0.3979276	-0.5671942	0.10545966	-0.5130022	-1.208804	-0.96686476	-0.6796014	-0.29984003	-1.0945015	-1.1332401
-2.058724	-2.2026188	-1.3497442	-1.984611	-1.26337	-0.90723896	-1.3487908	-0.71452016	-0.79525626	-1.5905035
-1.5426502	-1.6593058	-1.0090499	-1.4993732	-0.97599363	-1.3915112	-1.7501404	-1.1220466	-1.1378132	-1.1268452
-1.247185	-1.116061	-0.7974603	-1.2760949	-1.4511727	-0.88574487	-0.84659344	-0.6435671	-1.0926921	-1.3977613
-1.2301247	-1.6304007	-0.66795874	-1.2790391	-1.1564003	-0.786607	-1.1709577	-0.5861117	-1.7727945	-1.5866241
-0.4406511	-0.63808	-0.050952435	-0.52794814	-0.5414078	-0.9235372	1.5578246	0.33495757	-0.76727825	-0.21695057
-1.7119681	-1.6494058	-1.1059868	-1.7045765	-1.2763985	-2.0483136	-1.0209138	-1.6763011	-1.6920332	-1.0742196
-1.1566423	-0.840647	-0.79820967	-1.244213	-1.392268	-0.7626867	-0.5478603	-0.34058675	-0.38979074	-1.5657389
-0.8617472	-1.2249366	-0.39422747	-0.9257147	-1.6115284	-1.973299	-1.9370425	-1.7928119	-1.2215806	-1.9298446
-0.8101633	-0.73340356	-0.31263795	-0.95128417	-1.5928642	-1.1069609	-1.2220148	-0.6349636	-0.93325275	-1.7382138
0.2724502	0.10237637	0.7431884	0.113905504	-1.2606534	0.64320993	1.4943318	1.4389766	0.46293	-0.57224774
1.3412678	1.8589804	1.9998065	1.09925	-0.6768867	0.61513126	2.4780772	1.2992983	0.82896644	-0.7499295
0.07718214	0.37797293	0.53046453	-0.15943417	-1.4704783	0.1471828	0.583388	0.2750967	-0.005373559	-2.0484037
0.3379337	-0.1112054	0.883026	0.17158626	-1.1505252	0.4622764	0.32521868	0.91583997	0.5812355	-1.3263336
-0.5719758	0.096695125	0.12646377	-0.66162926	-0.9870093	-0.18186256	-0.28577745	-0.08028926	-0.3115016	-1.1836263
0.021797068	-0.11453019	0.5371244	-0.14698085	-1.3759993	0.9598008	0.7528544	1.085404	0.9989693	-0.5282398
0.45955017	2.8966897	0.7336337	0.089640185	-0.7277703	0.18666686	1.4780318	0.69263965	-0.28557557	-0.9177107
0.38897917	0.6400137	0.7754648	0.16571866	-0.94439757	0.25961825	1.1798806	-0.07560818	-0.3210326	-0.99177593
0.7954246	0.64840496	1.4497578	0.5889075	-1.0905803	0.8616352	0.38894165	1.6449518	0.48156586	-1.2334172
-0.052983396	0.7031436	0.5618105	-0.20556843	-0.5529533	0.3533701	1.3168142	0.91259885	-0.49499428	-0.1635575
-0.6306339	-1.0853262	-0.23820198	-0.63256204	-0.8424089	-0.089082725	-0.335315	0.018418347	-0.44820762	-1.05237
-0.58897537	-1.2236421	-0.23481342	-0.6115083	-1.267139	-0.051388778	0.27884755	0.032292284	0.030835114	-0.40334436
0.4096336	0.23621541	0.7488909	0.27164865	-1.0875008	0.04402424	0.06538947	0.6483198	0.3689142	-1.7406015
1.6084057	0.82455754	1.883225	1.3028938	-1.2455909	1.0537512	2.134143	0.88950247	-0.11238734	-1.5256683
-0.09738291	-0.4576989	0.45359796	-0.255437	-1.6514004	-0.33232012	-0.86096764	0.38771057	-0.57494843	-1.6757805
0.8438205	0.55806196	1.4061606	0.67275596	-1.0485057	0.13180599	-0.05270867	0.890034	-0.16739991	-1.2949207
0.30398786	-1.207261	0.9826163	0.19307329	-2.2143695	0.13566147	-0.41130206	0.7525611	-0.2361075	-2.4987533
0.022478625	-0.009449393	0.39274085	-0.16738588	-1.4289616	1.3159237	2.3770378	1.4989207	0.76290596	-1.5663141
0.9783532	3.1488109	1.3921514	0.6260062	-0.80245554	0.4947023	2.151525	0.9846875	0.4872114	-0.9700904
-0.9096568	-1.4451969	-0.5056143	-0.92365813	-1.8514074	-1.3949802	-1.3802943	-0.72535	-1.0368251	-2.4196172
-0.4861806	-1.0830154	0.050701052	-0.5937344	-1.7432816	-0.010581188	-0.82676375	0.05941592	-0.16764033	-2.0190828
-0.029500104	-0.07953921	0.4772051	-0.21891515	-1.7729665	-0.5430267	-0.92813605	1.4182986	-0.23195988	-0.3278142
0.67197526	0.96690977	1.1112256	0.5359652	-1.2902834	0.9775526	0.6672092	1.4774969	1.2248352	-0.7244576
0.4713579	1.2259986	0.7252902	0.13298593	-1.0929785	-0.54596025	0.9474037	-0.17102776	-0.7264645	-0.85081196
0.7061235	0.31194118	1.2065717	0.49867898	-1.2344403	-0.47081515	-0.15991826	0.16150308	-1.2489512	-1.4347492
0.018890657	0.26423445	0.57170004	-0.20219886	-1.3741784	0.33669847	0.3992491	0.8427094	0.5402004	-1.5274562
-0.1239138	0.06022203	0.4854257	-0.30511767	-1.2447579	-1.1199551	-0.45420364	0.12214346	-1.3106159	-1.0361502
-0.4072334	0.21255177	-0.055865765	-0.637816	-1.5318407	-0.80091125	-0.0031520103	0.056418497	-1.7112013	-1.8125494
-1.0061824	-1.1637772	-0.43815348	-1.0867201	-1.6993265	-0.5532287	-0.75030583	-0.4174087	-0.18303145	-2.27756
-1.0908699	-1.0842112	-0.5989418	-1.0974873	-1.4188775	-1.0145003	-1.218345	-0.6526971	-1.3074584	-1.5479337
0.7996228	1.9084125	1.079375	0.45025808	-1.0574367	0.44670683	0.8582102	1.2392668	0.09310263	-0.709837
-0.30739462	-0.30969632	0.08396348	-0.44305104	-1.7714761	-0.7925036	-0.97320217	-0.43362936	-0.23676741	-1.8356798
0.085714884	-0.11937246	0.55952275	-0.1205219	-1.6039679	0.29137844	0.55434585	0.93048614	0.034411978	-2.7731993
-0.598221	-0.5166029	-0.20749727	-0.75415474	-1.6016108	-0.74496377	0.016572196	-0.30694187	-0.36460862	-1.2648641
-0.50296885	-0.132997	-0.09090969	-0.6228877	-1.2598976	-0.479382	-0.3073349	-0.06224751	-0.60590065	-1.3054957
2.023944	1.4137114	2.4486856	1.706842	-1.1729863	1.485749	1.3314289	2.063928	0.7546613	-1.7206291
0.35885727	0.40263328	0.96076465	0.1587768	-1.2214613	0.49701184	0.40104383	1.4934868	0.8545842	-1.316705
0.7775132	1.1705781	1.236855	0.49791408	-1.3542069	0.62610364	1.3515022	1.1492562	0.61620194	-0.94456774
-0.020604275	0.44271472	0.25044912	-0.2840102	-1.4266013	0.11172298	0.52082723	0.58058846	0.28141043	-1.3826308
-1.0243438	-1.3091005	-0.49678972	-1.1085135	-1.3363904	-1.6113333	-2.1240187	-0.18311653	-1.3765428	-1.0912971
-1.0636874	-1.3733505	-0.6290295	-1.064764	-0.9958273	-2.090196	-2.1723318	-0.8978985	-2.057001	-0.9610607
-1.4278027	-1.3922682	-0.92783177	-1.4240011	-1.3838441	-0.8857968	-0.67218536	-0.12876946	-0.51398975	-1.3094894
-0.48651987	-0.44664267	0.034630805	-0.6128317	-1.5933256	-0.93026465	-0.9731737	0.20245671	-0.52705944	-2.178881
-1.1113179	-1.8402883	-0.4137902	-1.1318312	-1.8372339	-1.7562897	-1.8909496	-0.7648447	-2.7313995	-2.362605
0.99101716	0.6590979	1.5995979	0.8138536	-1.1344082	2.1520061	1.2659148	2.4866397	0.41032076	-1.395854
0.90138215	1.0172884	1.5434462	0.7029689	-1.0790058	0.54566455	0.87530667	1.403138	0.42625064	-0.97742707
-0.68580705	-0.30441865	-0.333195	-0.8132564	-1.2563213	-0.94959164	-0.30985492	0.19941466	-1.522335	-1.7626685
-1.1996776	-1.3696903	-0.66741455	-1.2355446	-1.5796026	-0.83132744	-1.1020596	-0.6379708	-0.68958974	-1.6313734
0.7661013	0.5542636	1.4360831	0.62797767	-1.049453	0.81687456	1.1312163	1.8175515	0.47962302	-0.14258511
1.3388928	2.1497817	1.9812944	0.9677453	0.21372393	1.6705092	1.6409377	2.1887789	0.077874094	-0.33808953
-1.0756571	-0.4527923	-0.65293336	-1.218472	-1.12025	-0.9108954	-0.04197775	-0.021843037	-0.48290014	-0.9091628
0.5190699	-0.7586547	1.1883405	0.3648026	-1.3960791	0.52381694	-0.9084041	0.84543484	0.5755896	-1.7281291
0.74558383	0.8718014	1.3920112	0.48678154	-1.3657764	0.5142855	0.2141276	0.8501155	0.13986419	-1.4398569
0.42229483	0.7124636	1.0129791	0.19619216	-1.4076322	0.7207371	1.0569872	1.1780107	0.93983805	-1.6100817
0.9177799	0.71094525	1.3409003	0.7160675	-1.3837694	1.4140965	1.5909424	1.863021	0.6813068	-1.4264812
0.5056252	0.5060848	1.0365648	0.28621304	-1.3245826	0.5235501	0.35960215	0.89441663	-0.6852344	-1.1924484
0.6985782	1.147023	1.0898895	0.39781988	-1.2908047	0.49680635	1.2791293	0.59566534	0.4469151	-1.442754
0.38689825	0.2998396	0.9102279	0.24600331	-1.2001222	0.3672965	1.0449529	1.4518269	0.27238655	-1.1204798
1.1842408	1.2097924	1.628803	0.86977303	-1.0085667	-0.022119332	0.8696114	-0.27380377	-0.88879013	-1.3913147
0.14232561	0.689468	0.57354915	-0.14134228	-1.4236617	0.5889825	2.3955379	1.4674104	0.121949755	-1.5384465
0.5501409	1.0159539	1.1764913	0.3009284	-1.3211719	0.023177799	0.18815702	1.0089775	0.52067244	-1.7147566
-0.6279078	-0.63361096	-0.057095587	-0.7517842	-1.347373	-0.4599189	-0.27937508	0.15355611	-0.9303926	-1.1468061
0.685215	1.4064411	1.1576772	0.45467758	-0.9350604	0.91211647	1.9162475	1.2237275	0.3984686	-0.78695834
0.27947354	0.9675609	0.630962	0.027565032	-0.8648068	-0.07441757	0.664202	0.31584513	-0.5455126	-2.1276066
1.1923237	0.5649785	1.6560966	0.9797672	-1.2290932	1.2298707	0.79700583	1.8092816	1.3472047	-1.1802136
-0.028015085	-0.07118204	0.42156947	-0.20751321	-1.4494854	0.5667196	0.58906645	1.3802313	-0.6138608	-1.2508786
-0.59707516	-0.010397822	-0.36424544	-0.79801524	-1.290772	-0.8630469	-0.6092122	-0.16814834	-2.441116	-1.106692
-0.3460476	-0.6114409	0.05539149	-0.45223755	-1.2317321	-1.2950816	-1.6069	-0.54239887	-1.0443763	-1.2281322
0.29344162	0.42157152	0.79504406	0.09112202	-1.3752971	0.39622146	0.45554078	1.1641028	0.53742063	-1.3712656
0.6121512	2.0599365	0.83485544	0.24331187	-1.0272576	-0.1899594	1.6418574	0.12066131	-1.2111421	-1.4064794
-0.27843723	-0.16930148	0.11211975	-0.43121028	-1.389983	0.08603645	0.0035025459	0.7788773	0.3618411	-1.6979731
0.56716174	0.7479367	1.156494	0.37923187	-1.1845354	0.7396423	0.13326894	1.0174797	0.3091619	-1.2481997
0.32878968	-0.07796875	0.80426025	0.22969885	-1.1558172	0.47478348	0.110603355	1.0160732	1.2873325	-0.6909441
-1.763751	-1.910834	-1.1917485	-1.7582581	-1.3573341	-1.515488	-1.4303087	-0.8072072	-2.94197	-1.9879324
1.4329442	2.1146235	1.662538	1.0571932	-0.9718195	0.80902016	0.83160007	1.2684267	0.38791376	-0.6300044
-0.1624974	-0.6115804	0.6716025	-0.25373816	-1.5885423	0.20784533	-0.3091944	0.78722674	-0.13185579	-1.5188367
0.61378574	1.6739169	1.0036871	0.31275457	-0.85632527	1.4305906	1.719383	1.5764889	1.1061679	-1.25728
-1.5048957	-1.6688948	-1.0210648	-1.4354765	-1.4405671	-1.6413262	-1.600478	-1.1030309	-0.97980744	-1.7046788
1.234336	1.8680983	1.5013696	0.95376563	-0.89987576	1.1243725	2.512472	1.1167728	0.7901733	-1.5107917
-0.89415944	-1.2089255	-0.566502	-0.91032946	-1.4345641	-0.08112801	-0.82980436	0.16524369	-0.13524367	-1.3622628
-2.149549	-2.0090053	-1.4296155	-2.1028216	-1.5259701	-2.2317889	-0.9595793	-2.188968	-1.5768273	-2.0238461
-0.9922606	-1.2704332	-0.61389947	-1.0237118	-0.989117	-0.7672313	-1.1263993	-0.79317516	-0.62925154	-1.1453154
0.9990614	0.088847995	1.6167824	0.75386244	-1.5308081	2.1027768	0.82215464	2.414007	1.39411	-1.3175886
-0.3170176	0.3506253	0.08066301	-0.5497766	-1.1744816	-0.17399794	-0.04980514	0.15129116	-0.632472	-1.5711324
-1.5584747	-1.1725576	-0.9742526	-1.6159935	-1.3171902	-1.7467062	-1.4621509	-1.0399419	-0.9974733	-1.0094992
-0.4326159	0.05759564	0.21010217	-0.66271347	-1.6199192	-0.4527792	0.06632967	0.36120346	-0.92337984	-1.6148635
0.32755142	1.3312674	0.7024631	0.062670365	-0.880085	0.690013	1.9143324	0.7793697	0.42700556	-0.96559346
-0.054541834	1.1388599	0.27740902	-0.36483115	-1.1470361	0.8574799	2.1574311	1.5778171	0.20116444	-0.005054282
-1.301049	-1.1032915	-0.8013499	-1.4213473	-1.9220048	-0.9763205	-0.6070635	-0.41252664	-1.047425	-1.6161004
-0.6113004	-0.3928468	-0.23763606	-0.78219235	-1.2508262	-1.2200297	-0.24770714	-0.007896891	-0.21986574	-0.37526113
0.14367223	-0.22705176	0.68170565	-0.026840627	-1.3505118	-0.14193234	-0.63943344	0.45592695	-0.5145442	-1.354209
-0.75013983	-0.88722277	-0.34594974	-0.8991162	-1.5746514	-0.75637126	-1.0196035	-0.40204525	-0.5709958	-1.498333
-0.7036428	-0.8038329	-0.35694715	-0.79035574	-1.7385966	-1.9411391	-0.28761888	-1.4800968	-1.0083617	-1.4972794
-0.0067977235	0.25264668	0.41998982	-0.23735058	-1.616536	0.009063876	0.060877655	0.7452594	-0.18080188	-1.6764749
0.9181441	1.9781907	0.95992684	0.5009377	-0.80093604	0.1446383	1.3227042	0.34172234	-0.4746271	-1.1879498
0.9448034	0.9247774	1.4550955	0.7445653	-1.0002582	0.7834276	0.8299028	1.4152243	0.68209684	-0.8479368
-1.3987883	-1.470635	-0.8546264	-1.4103812	-1.0532354	-1.7972106	-1.7113105	-0.9463872	-1.8695135	-1.7723489
-1.0611538	-1.0590562	-0.56325376	-1.1613234	-1.6375216	-1.3353789	-0.438092	-0.5667909	-1.2238669	-1.7741511
0.27038887	0.15496045	0.9002433	0.10124461	-0.76364964	-0.3790465	0.37558115	0.46115282	-0.39500397	-0.23428534
0.03186039	1.3582945	0.06686629	-0.2221486	-0.29528666	-1.015383	1.1750785	-0.354235	-1.2098364	-0.9147347
-1.9100022	-1.6951938	-1.234032	-1.8949641	-1.438767	-2.5093913	-3.0312681	-0.93662685	-2.2700927	-1.3884406
-0.38707873	-0.68297565	-0.23521203	-0.55673504	-1.5663041	0.1291779	0.48009983	0.38879165	-1.2829812	-1.053836
0.7021853	0.29107633	1.2126274	0.46958637	-1.3696924	0.88455236	1.0288267	1.2549218	-0.4253323	-1.3533044
0.5281313	0.6748036	0.95443916	0.29275137	-1.1376282	0.2588309	0.9748295	0.6204736	-0.012470263	-1.5704749
0.73083484	0.8342246	1.2003219	0.4201156	-0.99874306	1.9671156	2.4920297	2.1869617	1.413642	-1.3360173
-0.2927931	0.66572714	0.02977708	-0.5392572	-1.0549518	0.8251737	2.125923	1.3851693	0.67681843	-1.5693119
0.21473	0.4177592	0.741272	0.021561295	-1.3415467	-0.53246194	-0.5276409	0.71918416	0.0025266758	-1.0641596
0.30426955	-0.51313376	0.82892287	0.1757885	-2.3178818	0.019013438	-1.0597035	0.9020337	-0.038825627	-2.7342405
0.5676123	0.66559815	1.1525807	0.32031804	-1.2359546	0.6755482	1.0861485	1.2173989	0.6178395	-0.43787482
0.10407262	0.19995964	0.5665981	-0.09271984	-1.1968697	0.4681936	0.21339482	1.3750126	0.5051783	-1.2068558
0.5418744	0.20677584	1.0709566	0.37017804	-1.2280585	1.7149136	0.9475954	2.2271013	-0.19454226	-0.73381835
-1.0893718	-1.6074818	-0.58216083	-1.1214825	-1.3048817	-0.043157563	-1.7566249	-0.089067124	-0.10190876	-1.0122974
0.9225005	0.2625483	1.3264092	0.69201666	-0.27275354	1.394166	-0.2656308	1.9520941	1.2614433	-0.44526908
-2.0755312	-2.0287445	-1.3875513	-2.0017476	-1.3398349	-1.264796	-0.3779536	-0.017676292	-1.5070884	-2.046455
-1.9604988	-1.8357412	-1.2612423	-1.9226923	-0.82142496	-1.9830928	-1.8037792	-1.5216366	-2.5549102	-1.3190677
-0.44429937	-0.98559606	-0.00785172	-0.5364536	-1.5506511	-0.18096447	-0.71478885	0.16582824	-0.2635675	-1.3861198
-0.6311138	-1.0105487	-0.1228022	-0.6577342	-1.2440925	-1.0428536	-0.84584635	-0.3883379	-0.898525	-0.9803303
-0.48515353	1.0049026	-0.23784378	-0.74188894	-0.022271901	-0.0966302	1.2909154	0.28523827	-1.0091982	-0.45453164
0.5786313	0.8994223	1.0834618	0.3503499	-1.14313	0.1687827	0.7677359	0.96637654	0.5165212	-0.91846806
-0.28947446	-0.7011054	0.2954199	-0.35780036	-1.4037949	-0.32908958	-0.8369064	-0.20660418	-0.41685158	-1.2483308
0.22514266	-0.06588006	0.7417201	0.07430251	-1.3337411	0.5261787	0.43414545	1.199595	0.69163233	-1.152016
0.08357998	0.87849915	0.28400284	-0.04519351	-0.23920627	0.009181471	1.4548153	-0.18999836	-0.3457019	-1.225644
-1.2275137	-1.2792306	-0.8189527	-1.2925036	-1.9537724	-0.9240441	-0.9591213	-0.06741483	-1.2614626	-2.0644808
0.2174938	0.2601406	0.574872	0.030004486	-1.3029481	-0.4640227	-0.18911631	-0.040767934	-0.46054444	-1.2427304
0.9354934	0.9704143	1.4196901	0.66979307	-1.10075	0.20277834	1.4844024	0.42844367	0.4091094	-1.4859948
-0.54204094	-0.71337664	-0.24708208	-0.63216615	-1.350989	-1.2841871	-1.5400773	-0.9900589	-1.3340303	-0.77769864
-1.5080736	-1.5305839	-0.9584898	-1.518653	-1.610317	-1.8609238	-1.1627456	-1.395907	-1.1054152	-0.7429929
0.37401697	0.2654666	1.1308792	0.17543058	-1.2176127	-0.24702276	-0.41377363	0.8537883	-0.6060117	-1.2694129
0.3124249	-0.42146313	0.95637465	0.1695938	-1.2654097	0.07172431	-0.04709371	0.6986525	-0.43622905	-1.173119
0.89946544	0.40349093	1.594264	0.67753243	-1.2585711	0.72831506	0.7692993	1.3362687	0.446647	-1.1240582
0.89111775	1.5943061	1.4253943	0.5350708	-0.9417695	-0.0853636	1.2155933	0.60225594	-0.24658053	-0.59273493
-1.1756045	-0.012839049	-0.9528414	-1.2226715	-0.19620201	-1.2992359	0.7586261	-0.6803315	-2.3430088	-0.6751744
-2.0701635	-2.0569737	-1.3412591	-2.044032	-2.000102	-2.322135	-1.532836	-1.4712136	-2.5368783	-2.1214871
-1.2463522	-1.5899168	-0.81024706	-1.2420979	-1.5879699	-1.6467685	-1.1872231	-0.89453644	-0.55033237	-1.2355015
0.48382184	1.8744726	0.4371454	0.2896046	0.6614413	0.8722524	1.3606852	0.6334745	0.8001792	-0.06137384
-1.5956254	-1.2796239	-1.0717927	-1.5964041	-0.7875989	-1.8654583	-1.4946212	-1.2260641	-2.1680748	-0.893069
-0.79374933	-0.90249324	-0.38228235	-0.8583279	-0.72113055	-0.65705866	-1.3014841	0.074655995	-0.3758951	-0.52644837
0.30195066	0.80510926	0.7337682	-0.0028036684	-1.3745477	0.5826604	1.5348592	1.0223223	0.5197835	-0.8153822
-0.7122101	-0.5138339	-0.19706264	-0.9122922	-1.3392541	-0.3092868	-0.7094487	-0.21637124	-0.28203136	-1.2097712
-0.666214	-0.62836474	-0.16898301	-0.83069104	-1.1021563	-0.6205087	-1.4001062	-0.20173395	-1.4145577	-1.9691219
-0.81629556	-0.8187518	-0.36635694	-0.9344854	-1.5520667	-0.98867166	-1.0346934	-1.2205322	-1.9298283	-1.9644123
1.2104785	2.0665376	1.513833	0.8505964	-0.6928294	0.6106864	1.6594114	1.2061417	0.47637004	-2.1585667
-0.8331812	-0.5865474	-0.43160412	-0.9946636	-1.5049927	-1.4846184	-0.5585533	-0.8852757	-1.234504	-1.5829833
0.18853128	-0.02603963	0.74042463	-0.005783245	-1.2089638	0.17625038	0.3023558	0.38760996	-0.04541081	-1.8292578
0.3858544	0.09651846	0.8916869	0.22099991	-1.6321999	-0.045439728	0.025963964	0.6306254	-0.28472564	-1.775467
0.18175116	1.1538955	0.4066643	-0.04394035	-0.5821906	-0.56752765	-0.1058742	-0.45615494	-1.8600473	-1.1794755
0.3367325	0.70764506	0.7353816	0.097184464	-1.0559894	1.1626755	1.2775226	1.2565552	0.66576093	-1.5365344
0.20608726	0.58724916	0.9590547	0.027790517	-0.97785366	-0.7421576	0.581233	0.29266247	-2.4863298	-0.92734385
0.60650617	1.3249009	1.1633121	0.27511275	-1.1169406	0.082059324	0.92421514	0.4372009	-0.18774784	-1.3548646
-1.0350337	-0.90864396	-0.54466665	-1.1452693	-1.5316167	-2.0439863	-0.60705984	-1.6129093	-1.9726284	-1.8787755
-0.44075707	0.30319318	-0.041858435	-0.6163082	-1.3125907	-0.92588985	-0.68863004	-0.5623952	-1.7132796	-1.3282342
0.6021473	0.471024	1.1712618	0.43817198	-1.0559331	0.659742	0.6476411	1.0713878	0.79848814	-1.0149401
0.4104793	0.62994754	1.0028355	0.1873117	-1.2567924	0.3990998	0.3109772	1.4442047	0.38964915	-1.2722474
0.07105877	0.32702598	0.52778065	-0.1397902	-1.3707821	-0.47976035	-0.06507866	0.059468884	-0.80326855	-2.3162968
0.0002798438	-0.14474298	0.55580306	-0.1898107	-1.5415391	0.0546864	0.33620152	1.1136485	0.122238345	-1.0363116
-0.013295971	0.21735057	0.37513918	-0.19921228	-1.2988656	-0.71458715	-0.34628835	-0.11934291	-0.862322	-1.5024582
0.27362737	0.21303275	0.80696356	0.06950976	-1.4248084	0.055756897	0.8493881	0.69956666	-0.76278156	-1.825481
0.8754278	1.7854106	1.2917595	0.5141847	-1.0647546	1.4472004	1.7308236	1.3831309	0.69894147	-1.2571924
0.12131906	-0.034481168	0.62091565	-0.07361337	-1.263215	-0.06496894	-0.08117047	0.19439937	-0.16494498	-1.3985014
0.40277925	0.82650113	0.956282	0.10594092	-1.5255245	0.6930966	1.0511359	0.6405665	0.62184894	-1.9475083
0.5379035	0.5120237	1.1858422	0.34216732	-1.1811047	0.55644786	0.669577	1.2131478	0.465097	-1.3450674
1.2615626	1.1763328	1.8113034	1.0297744	-1.1846819	1.3807062	1.7209976	1.913761	1.3078455	-2.0481887
-0.404146	-0.4876962	0.07720849	-0.48907828	-1.0388999	-0.59659755	-0.6062315	0.49280715	-0.50576085	-1.5717407
0.057634152	-0.22775742	0.5025352	-0.09790785	-1.6103721	0.3913341	-0.504115	1.1892654	0.6513966	-1.4424616
-0.9688945	-1.2811334	-0.46672025	-1.0613358	-1.586845	-0.9179819	-1.1784637	1.4788643	-1.647266	-0.9555438
0.078571655	0.026654512	0.56746817	-0.096814916	-1.3983742	-0.586432	-0.37708122	0.1990178	-1.1742213	-1.540659
1.1512021	1.8424852	1.574355	0.8158841	-1.0055991	0.7855041	1.7019659	1.3266927	0.7060646	-1.2943993
2.146487	3.6868846	2.3499618	1.651385	-0.88796496	2.4522634	3.0505881	1.6928633	1.5162389	-0.9857111
0.94777066	2.9255834	1.0229315	0.5801098	0.33207753	1.0209161	2.1527848	2.110338	0.9237092	0.3818358
0.7607843	1.0980235	1.3524839	0.5193296	-1.1764584	1.0871063	0.6120847	2.0020828	-0.06629647	-0.8010544
0.3846635	1.7648139	1.0028088	0.11717431	-0.8097285	0.44682637	0.93910897	0.8179024	-0.020448502	-1.4955543
0.9891853	1.2546425	1.6011999	0.80056643	-0.95999014	1.1874596	1.0804836	1.583096	0.29811946	-0.6800127
1.5289589	2.3348489	1.8379796	1.1969866	-0.81491894	0.7316098	1.9258521	1.5012071	0.53064597	-1.6439701
-0.77221394	-0.70096684	-0.3288838	-0.87406576	-1.0234771	-0.6143854	-0.2320504	0.24014129	-0.27085736	-1.0391493
0.37699372	-0.025061756	0.9686136	0.16587432	-1.3701166	0.70386314	0.9582291	1.54316	0.7560174	-0.95680165
0.8106492	1.0967019	1.1125597	0.5641845	-1.1573433	0.87970716	1.2074513	0.5237528	0.7961499	-0.48156282
-0.53934413	-0.66811156	-0.1688785	-0.66091824	-1.9029272	-1.7178513	-1.9520863	-0.8356405	-2.0390143	-2.5182576
-0.9033006	-1.3065587	-0.3982931	-1.0020659	-1.3887951	-1.3717781	-1.4731514	-0.5776299	-1.7210203	-1.4257758
0.38739318	0.2277439	1.0142365	0.16974972	-1.518035	-0.0522236	0.3669275	1.0270563	0.40369114	-1.4068987
0.31409732	0.48148343	0.79316163	0.0993032	-1.2796893	0.31436902	0.5596967	0.6525279	0.38120326	-1.3996685
0.67124176	0.7682674	1.3405402	0.45263958	-1.1074368	0.6394459	0.87878263	1.4915649	0.1241727	-1.0273892
0.54760665	-1.288827	1.0328546	0.42909992	-2.0813255	1.088351	-0.11432462	1.1091174	0.85969216	-1.4670204
1.094221	-0.3455104	1.4921589	0.8723427	-1.5451599	-0.7406574	-0.35869637	0.107316844	-0.75017476	-1.5217792
-0.285226	1.6417702	0.07256755	-0.7012674	-1.6064051	0.6234358	3.0595083	0.9017628	-0.20796417	-1.8287408
0.037483312	0.79904675	0.37330532	-0.2169096	-1.609771	-0.34029934	-0.13455641	0.4696908	-0.2529686	-1.0579284
0.12756073	0.36019984	0.7913524	-0.06284533	-1.2471728	0.10615707	0.38573414	0.5153659	-0.2712208	-1.0173776
-1.7714694	-2.1030529	-1.0899612	-1.7522312	-1.4370002	-1.6655827	-1.6575675	-0.83923376	-1.7763205	-1.153214
0.45568863	1.9689388	0.9678279	0.10605769	-1.0363516	-0.019102842	1.789896	-0.014290754	-0.5148264	-1.413453
-1.5362148	-1.1841099	-0.9605458	-1.5831269	-1.3359033	-2.2533526	-1.5136627	-1.9210634	-2.7843955	-1.3962672
-1.5031116	-1.0209789	-1.0318744	-1.5378653	-0.55104613	-1.4611219	-0.29365236	-1.0956253	-2.0920508	-0.39028272
-0.19700989	-0.02878967	0.45861235	-0.36396116	-1.4484187	0.08577237	-0.48183492	0.63168085	0.38613924	-1.735855
0.52867866	0.64206874	1.0171757	0.31092662	-1.2757561	0.47455654	0.7795553	1.0901905	-0.14493202	-1.2920849
-0.09737255	0.6238506	0.4870019	-0.34806514	-0.9140327	0.08546606	0.24763338	0.70438254	-0.11679553	-0.32652682
-0.9544026	-0.19004315	-0.24839672	-1.1078033	-0.72708476	-0.72031045	-0.069516286	-1.0559534	-1.3125718	-0.8008256
-0.7907447	-0.37549874	-0.3624415	-0.88107324	-0.666204	-1.3912911	-1.052418	-0.8345536	-0.8697052	-0.5524562
0.55017775	0.4570314	1.4651225	0.35785323	-1.095751	0.34349343	0.9445959	1.2889429	0.26068518	-0.678466
0.1437715	-0.13305861	0.60881484	0.008012369	-1.1298558	-0.92466205	-0.17897958	0.5424026	-0.79178816	-0.7638134
-0.32399574	-0.09278861	0.011246085	-0.50131804	-1.1944624	-0.41302752	-0.016178995	0.41504464	0.33459654	-0.9860658
-0.5908473	-0.4373922	-0.15291646	-0.71644783	-1.3785418	-0.6264073	-0.48797563	-0.17243929	-0.21116571	-1.4689165
0.81989616	0.66821563	1.3847699	0.63302505	-1.1424695	1.0409108	2.0569403	1.5287062	1.0379705	-0.65751594
-0.8465157	0.19676933	-0.47844264	-0.9805733	-0.7890931	-0.7955831	-0.37121361	-0.3746334	-0.49845257	-1.4291449
0.8706889	1.118022	1.541297	0.674349	-1.1076111	0.83611274	1.5743091	1.0486344	-0.12236488	-1.5006504
0.14499152	0.1066443	0.57836306	-0.08941053	-1.4078289	0.10118721	0.38149568	0.7766333	-0.093520366	-1.7665328
-1.4183097	-1.4847102	-0.8600452	-1.411397	-1.1045316	-1.7101208	-1.8437968	-1.1242894	-1.8962531	-2.1517324
-0.44621226	1.0437039	-0.30879185	-0.62684333	-1.04474	-0.4053769	1.6276287	-0.33545604	-0.2332133	-0.6255537
-1.6544431	-1.6222315	-1.1625245	-1.6470348	-1.4737483	-0.944341	-0.6289045	-0.12740998	-0.46464533	-1.2949054
-1.0828687	-1.3841519	-0.5997838	-1.124636	-1.3359194	-1.1475471	-1.4430299	-0.5531252	-1.2019196	-1.1416433
-1.1757685	-1.0426532	-0.6667254	-1.2308793	-1.321479	-1.1724037	-1.1428766	-0.88585335	-0.72251976	-1.027454
-1.8006243	-1.7810556	-1.1903313	-1.7665896	-1.6928136	-1.765267	-1.7776579	-1.1983387	-1.8485047	-1.8340615
-0.35692245	-0.80486476	0.06225261	-0.47837275	-1.478415	-0.7967403	-1.5269434	-0.5670729	-1.0858696	-1.9685934
0.67127764	0.72133064	1.2192422	0.45152563	-1.1183906	0.092229754	0.40131024	0.15509443	-0.27884457	-1.4449588
0.5555696	1.2660689	0.9547162	0.3047943	-1.1232977	1.4367305	2.6856842	2.327443	-0.13177681	-1.5799758
1.6634583	1.6962591	1.8918508	1.3187597	-1.053335	-0.1467705	1.586695	0.38431925	-0.27471387	-0.8431049
0.6285569	-0.52426153	0.98376703	0.41031677	-1.4341984	0.6814564	-0.1732389	1.6180067	0.67670965	-2.3844838
-0.41030824	-0.40618962	0.12666234	-0.53362554	-1.2268019	-0.038078103	0.09286165	0.089684054	0.54489976	-0.7902334
0.46418473	0.57808006	0.74704254	0.2520789	-1.0829699	0.20399413	-0.35571706	0.45952284	0.33527848	-0.9404489
-0.38191822	-0.3297292	0.070763186	-0.5373485	-1.223716	-0.84991634	-0.69052637	-0.4420078	-0.6818763	-1.4883231
-0.45018336	-0.09970188	-0.11868885	-0.6587051	-1.5542595	-0.7815719	0.32706836	-0.069482595	-1.4165876	-2.0765097
-0.13840684	0.38793442	0.15813285	-0.37088805	-1.2306428	0.010307185	0.7399792	0.3880837	-0.14524628	-0.84961987
0.2126283	2.4741616	0.10607767	-0.22959778	-0.42674446	0.56838804	2.419593	0.26291847	0.020693308	-0.6916736
0.2735786	2.9719386	0.06826666	-0.023349687	2.0853434	-0.8838718	2.293164	-0.4788455	-1.3292726	3.070047
0.27185217	0.24436262	0.8185561	0.08649771	-1.3249233	0.4079825	0.4402755	0.65732443	0.38808733	-1.3985177
-0.12230705	-0.25671443	0.5144396	-0.34502828	-1.4147106	-0.5939826	-0.40592265	-0.03881896	-0.8527001	-1.7201766
0.49058375	0.6089544	0.9187509	0.26638502	-0.9969988	-0.012910008	0.51580775	0.30342534	0.35878465	-1.2569058
0.6975593	1.8026519	1.2111956	0.41391146	-0.650537	0.720405	2.1818428	0.48875394	0.3297571	-0.20169193
0.33275524	1.4018093	0.8267313	0.025924608	-1.2207373	0.4197742	2.1325138	1.1712538	0.524969	-1.2808601
0.7792553	1.231324	1.3125461	0.5644801	-0.7714298	0.35929817	1.055669	1.195349	0.5028837	-1.2112215
-2.036068	-1.5979521	-1.4331487	-2.0060034	-0.44472376	-2.7245789	-2.3428009	-1.6736559	-1.4597827	-0.8014332
0.5406268	2.4673307	0.75683546	0.16354139	-0.822422	0.23442899	0.71864194	0.3889561	-0.21772997	-1.3122909
0.4491352	1.1731358	0.942106	0.1775737	-1.139219	-0.013009832	0.790844	2.0300348	0.35300264	-0.894746
-0.8928024	-1.2014164	-0.49077198	-0.9587737	-0.91437984	-1.2624683	-0.9749213	-0.2800742	-1.1646669	-0.52994955
0.13211584	0.652133	0.70941436	-0.094101235	-1.1933199	0.2967925	1.0493816	0.6540213	-0.06308016	-1.1232945
0.03631247	0.7250987	0.42165774	-0.23911747	-1.2917827	-0.13258614	0.41798896	0.06586682	-0.03199457	-0.58141184
0.9463715	1.1790756	1.6538583	0.78429466	-0.8673879	0.8906318	1.770606	1.5878239	0.8379914	-0.66598856
0.30433407	0.9945946	0.5634037	0.03790404	-1.4959389	0.9932214	1.8647665	1.2967122	0.7617256	-1.6282959
0.01384712	0.04088685	0.45470214	-0.111795574	-1.0220965	-0.09216691	0.05173499	-0.7032931	-0.21986574	-1.084882
0.04035043	0.3838984	0.6518247	-0.19061173	-1.6818119	0.37231186	2.492851	1.2512082	-0.17848696	-2.3554752
-0.9200998	-0.42947277	-0.58801174	-0.9877353	-0.36357	-1.1094944	-1.1592299	-0.4942391	-1.5543165	-1.0814072
0.024839409	0.1865868	0.55048525	-0.21329486	-1.358223	-0.38755408	1.3497149	0.2868975	-0.3948487	-1.2143863
1.264706	3.555446	1.3308234	0.7875596	0.41345468	1.1519555	3.7196698	1.6374768	0.88689697	0.74471605
-0.648707	-0.7932912	-0.16775694	-0.66459304	-1.3660841	-1.8718197	-1.641478	-1.1367192	-1.321074	-1.6372619
-1.4666146	-1.7513244	-0.91148794	-1.4322981	-1.250659	-1.0000408	-1.1466774	-0.21113977	-1.2342577	-1.1994612
-1.0201671	-0.14422962	-0.87187195	-1.1620439	0.057336718	-0.588746	-0.17970441	-0.3177013	-1.0999925	-1.4097515
-0.3615411	1.0812136	-0.3803589	-0.6296918	-0.22443956	-1.3693082	-0.3279082	-0.72522974	-1.1088145	-1.2752901
-0.8370215	-0.3083488	-0.46044317	-1.018831	-1.3814647	-0.58242387	0.32313186	-0.30973855	-1.5139872	-1.8021357
-0.36005974	0.1641204	0.04139635	-0.47648382	-0.03140828	-0.39131796	0.45183602	-0.0013616411	-0.3672027	-0.18305865
-2.2202797	-2.1255596	-1.4965147	-2.1624105	-1.6403865	-2.092741	-2.0810585	-1.1395698	-2.57942	-1.9585528
-1.0047181	0.14613459	-0.32688645	-1.1640924	-0.08068922	-1.3032315	-0.82110596	-0.9617043	-0.122587554	-1.3133743
0.8054498	0.9126823	1.2952294	0.5615958	-1.0303365	-0.3046886	1.1653632	0.9453919	0.36875653	-1.1175092
-0.7307231	-0.71577907	-0.35998604	-0.83843076	-1.4865721	1.1008614	0.58992195	-0.48747638	0.0048106317	-1.0022525
1.286565	2.2132206	1.6949083	0.9048971	-1.1943481	-0.25865242	1.0053346	0.7298422	-0.75081915	-1.305085
0.9436415	0.11812818	1.040895	0.6671651	-1.3304545	0.88789546	-0.09955529	0.91789	0.75796974	-1.8926401
-0.106069185	-0.27898562	0.19571558	-0.2535146	-1.193923	0.78414494	-0.09547806	1.0013921	0.36653107	-1.04214
-0.88095856	-1.0672934	-0.29639074	-0.92592466	-1.0661305	-0.5815254	-1.3983496	-0.31346145	-0.8971259	-1.1927688
-0.74069595	-0.77872694	-0.4407551	-0.8678266	-1.1263987	-0.4640942	-1.5041375	-0.5282386	-0.28469598	-0.9073671
-1.0135124	-1.0288663	-0.5418488	-1.0968732	-1.1473714	0.068045735	-0.22847944	0.53464127	-0.7167393	-0.7277565
0.31913075	1.5250196	0.39172068	-0.07407567	-1.1196653	-1.6742969	0.6675133	-1.9777743	-2.2198658	-2.111652
-0.19897032	0.45340398	0.022961676	-0.37657288	-1.1255223	-0.44775435	-0.70706207	-0.020392917	-0.4583813	-2.1254177
-0.40074512	0.14280891	-0.14583862	-0.54643804	-0.6495673	-0.1319666	-0.07444196	-0.33812875	-0.064235255	-1.0869672
-0.3759702	-0.68808377	0.3190091	-0.5002715	-0.84592205	-0.570226	0.15787525	0.4606558	-0.9530701	-0.6951923
-0.72619545	-0.26538846	-0.19411981	-0.8923622	-1.5140375	-0.5663336	0.5529236	-0.42081222	-1.354946	-1.8949741
-0.5342537	-0.3981319	-0.044011027	-0.6888862	-1.5665319	-0.4610086	1.9878769	-0.80059385	0.21424623	-1.7306813
0.4392155	0.40125892	1.1656123	0.2923628	-1.0928982	0.6066565	0.51240045	0.97963786	0.25907916	-0.9754709
-0.46507326	-0.42566687	-0.089841366	-0.650574	-1.3753695	0.049389154	-0.20047832	0.5957173	-0.12546301	-1.2813864
-0.52481294	-0.44423747	-0.12142056	-0.6600448	-1.2104049	-0.776314	-0.454965	-0.24145761	-1.1625085	-1.3996984
0.34989455	2.0878887	0.6545736	-0.048372507	-1.0007397	-0.008228194	1.6555707	-0.12907441	-0.13403456	-0.81800246
0.3480795	0.7698264	0.7746775	0.089604005	-1.4160506	0.59015936	0.53494895	1.2034804	0.24391165	-2.0948708
0.38526186	0.33503035	0.91864073	0.19867371	-1.2080029	0.5135993	0.34624466	1.1189164	0.049260806	-1.1226425
-0.3391705	0.4905019	0.030929953	-0.5309376	-0.918175	-0.4380291	0.73658615	0.21956998	-0.39989886	-1.018568
0.6352046	0.65779066	1.2697318	0.43880785	-1.2013049	0.11100165	0.82131624	1.1614017	0.12412441	-1.1269404
-0.8534879	-1.0179132	-0.40198454	-0.91565883	-1.3390487	-1.0058329	-1.0468676	-0.53429985	-1.0340264	-1.0508947
-0.88895154	-0.54495496	-0.4254845	-1.0020223	-1.0995688	-0.8418009	-1.210607	-0.3548195	-0.47998983	-1.2983847
-1.2458867	-1.2046722	-0.8145435	-1.3051449	-1.480489	-1.6335707	-2.5496125	-1.0450327	-1.7852979	-1.3184801
0.46891525	0.60452235	1.0275887	0.2364678	-1.4039525	-0.021092122	0.45186225	0.8828063	-1.05407	-1.1309737
0.68685514	0.71883154	1.1360985	0.43013763	-1.5153011	2.4755752	0.78163123	2.2137213	2.1545048	-1.0856625
-0.13124081	-0.36079055	0.44720238	-0.27638197	-1.0987982	0.10375246	-0.095553815	0.8282623	-0.041982353	-1.3370156
0.5749952	1.1480461	1.255459	0.32310343	-0.766148	0.6081349	1.1887627	1.1754334	0.30225885	-0.7791548
0.7813758	0.6767491	1.4190198	0.6250598	-1.1768337	0.61024857	0.51590055	1.5379363	-0.20777836	-1.7628328
0.7035364	0.31354824	1.2955238	0.5281788	-0.9807781	0.8827408	0.8738833	2.015874	1.1789674	-0.8853006
0.28404257	-0.12603135	0.8634362	0.14162348	-1.0461781	0.60758805	0.26338324	0.37682807	0.14628142	-0.96475375
1.0899328	1.5726199	1.6622765	0.80865616	-1.0400906	1.7405269	2.2614305	1.4174142	1.0394151	-1.0027874
0.18361536	1.6556947	0.4733977	-0.18277885	-1.4233348	0.17505875	0.83219564	0.4086831	-0.7912821	-1.454854
0.3253421	1.0783323	0.70425963	0.048709124	-1.4406807	-0.15880051	0.627465	0.7713188	0.10777632	-2.1084719
0.63799727	0.7842523	1.2026	0.3921268	-1.2079902	0.6724667	-0.062866636	0.92709494	0.3899063	-1.5425854
0.8535602	1.4826179	1.5008863	0.60045326	-0.90111864	0.6990906	1.3519615	1.6997774	0.85976356	-1.1340225
0.194646	1.6427641	0.40274033	-0.14954107	-0.7013798	-0.3611076	0.8539237	-0.16140892	-0.69085246	-1.7632042
-0.46006796	-0.83682525	-0.18181032	-0.49825925	-0.49166897	-0.99701947	-1.4126407	-0.5379376	-0.83289516	-0.57289016
-0.42636856	-0.45331305	-0.004641831	-0.5445836	-1.2849039	-0.69999003	-0.29351974	-0.5523801	-1.2221583	-1.4129748
-0.40225515	-0.18301955	-0.07187852	-0.5260729	-1.2928783	0.02842289	2.5748656	-0.24463268	-0.08229623	-0.4252912
-1.1646616	-0.3642681	-0.8075812	-1.2896879	-1.0261431	-1.5360602	-0.86539394	-0.47239828	-1.9238503	-0.85429776
1.0358837	1.2154205	1.750667	0.682889	-1.194497	0.7237284	1.1496158	1.5478649	0.36410362	-0.6022646
-0.8462816	-0.42484984	-0.39444438	-0.99536	-1.1500216	-1.2437261	-1.4155946	-0.63588583	-0.9115283	-1.1121746
0.31025225	3.3977103	0.36228335	-0.13408883	-0.072089255	0.047197122	4.922708	0.06409338	-0.6921628	1.0814986
-0.17625093	1.378803	0.11039947	-0.34168106	-0.042212903	-0.25364938	2.8144608	0.040586174	-0.3846783	-0.5439791
0.364604	0.45526746	0.9376211	0.14281575	-1.1471523	0.581684	0.7582005	1.4278708	-0.066003785	-1.3094106
1.3664241	0.73893356	1.9252127	1.1048496	-0.9849782	1.3176907	1.5041018	1.906662	0.110165514	-1.1775879
-0.46442476	-0.20022565	-0.10014489	-0.6126666	-1.3311057	0.24182843	1.1562055	0.2990998	-0.3331506	-0.98844266
0.57151014	0.832242	0.8488449	0.2850564	-1.0241601	0.47553012	0.22092497	1.0867318	0.15708882	-1.6866363
0.1809093	-0.047476172	0.5540637	0.044201687	-0.9362316	0.034206692	-0.285932	0.63265806	0.22160415	-0.8654538
0.13786003	0.59555733	0.6401874	-0.08796257	-1.3154001	0.13439278	0.5035724	0.5418132	-0.17783228	-1.0162815
-0.7131825	-0.3260927	-0.29507622	-0.8914779	-1.437322	-0.98437834	0.41511855	-0.1922023	-1.4114747	-1.8935413
0.47739914	0.73070276	0.8085929	0.22022764	-1.1180481	2.2513034	-0.41088384	1.562974	1.6367546	-1.3301617
0.31227693	-0.025947884	0.74998105	-0.0007163286	-1.0248942	0.2727057	0.15003146	0.20830593	0.37256214	-1.9186231
-0.14354184	-0.83018196	-0.05699423	-0.20451237	-1.2204458	-0.9135465	-1.4570265	-0.8441729	0.10766517	-1.4510664
0.24391687	0.22858235	0.8471291	-0.00022445619	-1.2791488	0.71758467	0.72661555	1.0204481	0.23226401	-0.90207106
0.53773326	0.5197562	1.0850841	0.29465485	-1.3771856	0.7668826	0.55300343	1.2116137	0.4101751	-1.6019778
0.65467894	1.3085833	1.1236496	0.30406964	-1.2294306	0.57284456	2.1981034	1.1240087	1.1140518	-1.2278371
-0.26026648	-0.3136134	0.13796236	-0.46604645	-1.344868	-0.106539726	-0.55638856	-0.2455405	-0.86965847	-0.46226102
-0.054091163	0.0015201569	0.45546904	-0.26101422	-1.5198816	-0.85582495	-0.4353858	-1.335677	-0.8017185	-1.9348071
-0.027573504	-0.6237962	0.3862663	-0.15554418	-1.3411005	-0.1768802	-1.0135037	0.48222297	-0.32637757	-1.3848902
0.3448731	0.909611	0.801705	0.09808092	-1.1851982	0.68467575	0.8051013	0.6820684	-0.31934166	-0.6462481
0.7981822	0.5429423	1.4552828	0.5854344	-0.7677754	1.0077986	0.9426498	1.2883648	0.9508021	-1.116148
0.5337782	0.49269608	1.1052293	0.3311448	-1.3315449	0.29536352	0.46690363	1.2328969	-0.5477304	-0.8488294
1.2263423	1.415454	1.7138671	0.9549395	-0.19234517	0.31423745	0.19457908	1.2971258	0.37136322	-1.1666418
0.04129883	0.2656217	0.59076	-0.16603138	-1.5071015	0.36500204	0.86290526	0.79200906	-0.1122269	-1.2675887
0.1659882	0.13907176	0.6497463	-0.048021063	-1.4377316	-0.66015095	0.042016428	-0.23652445	-0.65074676	-0.8371276
-0.17064455	0.60101736	0.092247576	-0.41784596	-1.3736211	-0.43028092	-1.0211872	-1.05029	0.3673807	-1.8627645
-1.4102637	-1.5673224	-0.8916656	-1.3940371	-1.1745586	-1.1309874	-1.3627715	-0.91577756	-0.77247816	-0.7891245
0.84874684	0.6466944	1.4279577	0.6622247	-1.1829915	0.6318888	1.6272645	1.1407104	0.27053124	-1.6687703
-0.44208243	-0.5313196	-0.13669744	-0.6050035	-1.3179557	-1.9465849	-1.3114924	-0.7310769	-1.2874756	-1.5232521
0.1807279	0.053552955	0.4708888	0.021759778	-1.407162	0.26245612	0.23417486	0.9866941	0.43405983	-1.5413064
-0.46434298	-0.40477985	0.094520584	-0.6085977	-1.4981786	-0.3395416	-0.49783918	-0.035820883	0.09669935	-1.511159
-1.2455074	-1.6772841	-0.8155184	-1.1475635	-1.2044435	-0.6325471	-1.78309	-0.21118176	-0.3327768	-1.7347655
0.38900444	0.32595888	0.94990206	0.18840034	-1.3508303	0.23149021	-0.08042722	1.2050624	0.55272377	-1.1088336
-0.06541578	0.8402952	0.03770332	-0.2473223	-1.1426315	-0.95952547	-0.124260925	-0.43289906	-0.9245479	-1.7685289
-0.3617266	-0.26537514	0.101825535	-0.5694189	-1.1589392	-0.62089866	-0.11008097	-0.6329739	-1.0311391	-1.2440372
0.8214093	0.75360346	1.1443497	0.58168834	-1.2443261	0.6653032	1.0707089	0.8703687	-0.04205537	-1.2961186
-1.268094	-1.2797886	-0.7449206	-1.3326285	-1.5911095	-1.0429317	-0.5828697	0.10867381	-1.2054514	-1.0703633
-0.70452344	0.7673842	-0.4309921	-0.88384986	-0.79176426	0.21533388	0.35946473	0.32971933	-0.16056035	-1.1150773
0.26599053	0.74945617	0.7497889	-0.031131923	-1.3383445	0.37508658	0.5977846	0.8622739	-0.71337384	-1.2582669
0.5776077	0.7423334	0.98493457	0.31967294	-1.2307348	0.55273986	0.8415105	0.7771937	0.3357976	-1.3910562
0.31177136	0.08822653	0.8625475	0.13012303	-1.3633287	1.551195	1.1806648	1.639742	1.1994437	-1.6453952
0.37676495	1.9998646	0.7058075	-0.027674481	-0.8034242	0.38082865	2.2729585	0.650807	-0.08219622	-0.8232621
-0.28605276	0.081303	0.22701001	-0.5174096	-1.3816316	-1.0774381	0.09382774	-0.11042723	-1.1793554	-1.5700065
0.7687119	1.8986404	1.2051293	0.49032068	-1.1218492	0.8246168	2.4398725	1.4337375	0.9891401	-0.034956638
1.4137218	2.1392896	2.019596	1.0853949	-0.8677201	3.4510531	2.005324	3.893102	2.8065314	-1.1973537
-0.44577447	-0.77739084	-0.07647219	-0.48748612	-0.8297527	0.5503523	-0.56826234	0.28707758	0.35544676	-1.2854567
0.5176308	0.9445908	0.8508234	0.22939329	-1.4113175	0.5367907	1.5547564	1.2107342	0.4790725	-0.6596293
1.227766	4.091223	1.1702272	0.54123795	-1.0782033	0.51813954	3.8179717	0.74326843	-0.96182954	-1.1741604
0.69405377	0.590152	1.2791893	0.46186602	-1.296932	0.74777925	1.3225935	1.5709587	0.2001376	-1.2135634
-0.04787966	-0.17365739	0.20990776	-0.15339124	-0.9605309	0.32602316	-0.20750073	0.33877346	-0.18196309	-1.089305
0.25767908	-0.12740226	0.6843444	0.099884525	-1.2722172	-0.13017112	-0.48652145	0.19506672	-0.585569	-1.1963947
0.7053633	0.7996477	1.2533641	0.43991953	-1.2696142	0.24890703	0.17447577	1.2186812	0.35612482	-0.8391784
0.41321328	-1.1516317	0.8723893	0.3069362	-1.4508482	-0.41256702	-1.279851	-0.10101472	-0.5787618	-1.8352717
0.2402848	-0.4637261	0.9164709	0.0672964	-1.3028276	-0.13604482	-0.33597535	0.3532383	-0.27003664	-1.4429911
1.498019	1.7906451	2.277714	1.3085595	-0.74071	1.183422	1.5572493	1.9147946	0.7666258	-0.74062175
-1.8702672	-1.8990458	-1.308732	-1.832014	-1.4689335	-2.6954072	-2.3722615	-1.7219296	-2.260842	-1.5617385
0.6721247	0.8567915	1.2232146	0.43893307	-1.2013336	0.88436574	1.7592922	1.2082907	-0.30573848	-0.05407248
-0.11485859	1.0163757	0.24165544	-0.4211812	-0.19174144	-1.1333771	-0.25697848	-0.34676057	-1.4949943	-2.5711517
0.5730401	1.5621208	1.1548965	0.2338628	-1.1552974	0.17472434	1.7750444	0.37346753	-0.02618372	-1.2394809
2.82839	2.494573	2.9288235	2.3471804	-0.8428239	4.5884824	2.1694057	4.490643	3.3925867	-0.62738323
0.5605839	1.4678004	1.2120289	0.26743793	-1.1141915	0.23792416	-0.046676625	0.3336278	-1.1129506	-1.4262509
0.74982756	0.5131452	1.341855	0.4725232	-1.1893752	0.30537224	0.2531911	0.9752415	0.7090481	-1.8292714
-0.4037651	-0.108118266	0.17160839	-0.5529146	-1.4242332	-0.21144512	0.77892506	0.43882754	0.08281992	-1.5959417
0.56717104	-0.51473236	1.248488	0.26914555	-1.2757746	-0.1710635	-0.3972922	0.04174377	-0.7081311	-1.3546584
-0.80277336	0.18537739	-0.39151582	-0.97264063	-1.1645085	-1.281095	-1.6091853	-1.0287949	-1.3551494	-1.3069974
-0.85226274	-1.0176272	-0.45939514	-0.84877473	-1.4909099	-1.749688	-2.0676615	-1.1351469	-2.7057261	-1.9667782
-0.02360151	-0.5458049	0.37188372	-0.16385533	-1.0638888	-0.14394091	-1.5131776	-0.38685608	-1.0548159	-1.3477505
-1.845157	-1.868018	-1.1485771	-1.8333178	-1.4041061	-2.2417285	-2.0132914	-0.7704568	-2.247654	-1.3611571
-0.086816795	0.16647455	0.24384844	-0.3189384	-1.4756576	-0.68228585	-0.42135698	-0.9523865	-0.64879966	-0.9946485
-1.749812	-1.7963338	-1.0647095	-1.7667344	-1.6817344	-1.750912	-1.626946	-0.672582	-1.9568835	-1.5228336
-1.4919208	-1.5971699	-0.9106481	-1.5008258	-1.598498	-1.3267566	-1.6142633	-0.73548955	-1.8738766	-1.8704369
0.17810059	0.07779637	0.7116277	-0.016219392	-1.4673903	-0.031094411	-0.39515805	0.3350586	-0.2630679	-1.9930562
1.7326847	0.653898	2.2125695	1.4509625	-1.5849749	-0.04061703	0.2186949	0.34770176	0.051560424	-1.2106308
0.51494735	1.422516	0.9227303	0.17780097	-1.1675696	0.4193555	1.4719683	0.6001123	-0.26977858	-0.72098863
0.1365864	0.038630426	0.60064065	-0.010842174	-1.4526455	0.13490407	-0.44370458	0.8233909	0.08543428	-1.0512177
-0.32469526	0.96782327	0.015830934	-0.517684	-1.1153697	-1.4388083	-1.3056347	-0.60323066	-0.77593374	-1.6869845
0.81358	2.457527	1.2905052	0.3137015	-0.85334677	1.3925768	3.6436973	1.906621	0.808646	-0.4556664
0.46680793	0.45284536	0.77872074	0.22012626	-1.1008465	0.12759085	0.31839034	0.45986754	-0.78172773	-0.9427214
0.82464236	1.2010299	1.2052431	0.5079288	-1.1093906	0.778085	1.0448294	1.5118254	0.49267155	-1.1799189
-1.3629675	-1.3809913	-0.76552284	-1.4184408	-1.7911955	-0.7962499	-0.6896534	-0.31064716	-0.6712525	-1.4837519
-0.453135	-0.75929487	-0.034387797	-0.556188	-1.5444072	-0.014887018	-0.6751982	0.004515592	-0.12130902	-1.8520374
-0.18006697	0.7227943	0.23128471	-0.43648976	-1.2074058	-0.19441049	0.979921	0.76372206	-0.19829684	-1.8499638
0.33397803	0.6948279	0.7539644	0.114942506	-1.1846527	0.41816136	0.61779815	1.1025988	0.08151153	-0.4674366
0.3598029	-0.24112436	0.96426225	0.13332145	-1.4906622	0.15909752	-0.47187865	1.0203267	-0.2073746	-1.6914732
-0.3217345	-0.33497098	0.08646427	-0.46076614	-1.4914414	-0.14622225	0.22977531	0.11516581	-0.45094863	-1.6654617
0.9163286	1.6114172	1.3404629	0.6469589	-1.0113494	2.556862	2.9327877	2.2939975	2.4824495	-0.6241984
-1.8393284	-1.7672315	-1.3755071	-1.8158245	-1.3089709	-1.9180409	-1.9892162	-0.9618889	-1.814808	-1.2135347
0.30820882	0.34295365	0.68137026	0.095005795	-1.4682215	0.508633	0.26238605	1.0783182	0.2378175	-1.6259018
-1.2874923	-1.2047158	-0.76345384	-1.3775359	-1.9290295	-1.0142233	-1.3284192	-0.7140991	-1.2608176	-1.5209756
0.06381943	0.8192117	0.24668327	-0.17082888	-1.6202837	-0.10428149	0.2248853	0.05882538	-0.3269717	-2.345078
0.41363505	0.8718766	0.37433514	0.14196701	0.17465368	-0.5791917	0.4897806	-0.529079	-0.34662881	0.035775624
-0.7954867	-1.3018159	-0.40721992	-0.86150765	-1.6006725	-0.6992785	0.046242263	-0.0054772208	-1.3079605	-0.9625246
0.46061	1.7861502	0.6840605	0.094616726	-1.0144763	-0.69279605	0.8097464	-0.59998137	-1.4175338	-2.5207808
0.75680155	1.8458109	1.2465253	0.3676337	-1.1128116	0.7856419	2.839852	1.5628617	0.63860595	-0.8552262
0.2133069	0.9767568	0.7144773	-0.024940878	-0.8931724	-0.22657828	1.4284129	-0.17674734	-0.17304614	0.0982921
-0.63639593	-0.83773446	-0.1868104	-0.7408979	-1.5213228	-0.86036056	-1.3362013	-0.76754314	-1.5394248	-1.6617088
-1.5461308	-1.6510986	-0.9161756	-1.5759459	-1.902228	-1.9040856	-2.1184042	-1.5238098	-1.9728656	-1.7247125
-0.2474873	0.7201693	-0.053934723	-0.4873191	-0.49118012	0.8378668	2.8273787	0.85031706	0.68963665	0.22337557
-0.6738791	-0.73474276	-0.2632335	-0.7175343	-1.1387407	-1.5016116	-1.7359488	-1.2207627	-1.5112051	-1.5081623
1.2863209	1.0066055	1.7055137	0.9299935	-1.2660922	1.0042274	0.44494435	1.4165509	0.6681186	-1.535954
-0.33149764	-0.044409722	-0.25387165	-0.36747825	-0.62449276	-1.0787476	-0.63862795	-1.0098004	-2.2314913	-1.7796006
-1.6544983	-1.6870512	-1.082839	-1.6076481	-1.621394	-1.0767399	-0.5597403	0.48954776	0.39337593	-1.0227252
-0.40069172	-0.3844019	0.005013138	-0.5849412	-1.3628203	-0.8550114	-1.0027541	-0.5780648	-0.61797345	-1.6643007
-0.2249997	-0.13314933	0.14903098	-0.3628105	-0.5101303	-0.38412535	-0.6751947	0.5807165	-0.15987624	-0.28899366
-0.08782672	-0.2830977	0.33984908	-0.2393283	-1.24679	-0.35151118	-1.0645931	0.24070944	-0.37243804	-1.3887085
-0.20801967	-0.53406143	0.22190985	-0.33831203	-1.3569206	0.052150894	-0.5146684	0.49186322	-0.26715988	-1.439184
0.012794755	-0.33346093	0.43642253	-0.15871698	-1.593496	-0.19338065	0.015482995	0.6075608	-0.049562503	-2.891216
0.041867428	-0.29341334	0.4551157	-0.15340404	-1.5306516	0.12918018	0.2035372	0.30720663	0.019868882	-2.0108776
0.024872355	-0.31973422	0.43523008	-0.15413997	-1.5129589	0.009436693	-0.21766657	0.65598565	0.56964725	-1.7524223
-0.14932403	-0.054683387	0.20429383	-0.3504753	-1.4034007	-0.5135986	0.20731895	-0.049157966	-0.13269289	-0.845095
-1.0481521	-1.3187319	-0.55775225	-1.0755581	-1.0499041	0.33449522	0.37494004	0.40292248	-0.12579049	-0.3133213
-0.09867314	-0.7889818	0.4788975	-0.1814615	-1.7768997	-0.47403792	-1.1112	0.03126072	-0.80190796	-1.2826128
0.002481863	-0.28925487	0.34939867	-0.15169191	-1.5503069	0.04811764	-0.76211023	-0.009063462	-0.6762793	-0.9997291
0.09657719	2.028406	0.08090067	-0.30293965	-0.67660105	1.031928	4.4117894	1.3063431	0.3161849	1.8499987
-1.6181728	-1.6123787	-1.0572817	-1.6114868	-1.3798422	-1.7666684	-1.4336599	-0.91102386	-1.7917417	-1.7463915
-1.3891529	-0.42769405	-1.0062909	-1.5443641	-0.76535046	0.012797544	-0.47963545	-0.58104503	-0.98339206	-0.82525855
-0.8179586	-1.0661306	-0.32853243	-0.8951106	-1.2871224	-1.5528393	-1.4263086	-1.2633984	-1.8300558	-0.15083615
-1.4323953	-1.4687027	-0.8790958	-1.448835	-1.3955725	-1.5058428	-1.6032227	-1.1101736	-1.742478	-1.1920325
-1.2875443	-1.3830105	-0.7944752	-1.284253	-1.3941642	-1.3085988	-1.3859274	-1.304947	-1.8212034	-1.3840486
-1.2895153	-1.018436	-1.0050454	-1.2603775	-0.75577223	-1.2868285	-0.65958226	-0.55667377	-2.0500858	-0.26253515
-0.3090898	0.84135866	0.13901366	-0.60539293	-1.412309	-0.4364924	1.0382686	0.45926017	-0.12068238	-1.5089378
-0.6341351	-0.8230692	-0.114975244	-0.7817392	-1.6339673	-0.13068026	-0.39617634	0.5528143	-0.43136984	-1.8940924
0.878388	1.3108524	1.4909309	0.54721457	-1.1137067	-0.14650592	0.83287615	0.9592526	0.13947323	-1.0310513
-1.4236794	-1.5656676	-0.91872346	-1.394309	-0.055526465	-1.4994171	-1.244458	-0.8337478	-1.2993051	-0.56809455
0.6403433	1.0119941	0.9999976	0.28238642	-1.4269681	0.21395358	-0.018969627	0.57580876	-0.81968206	-1.7236356
0.38425514	0.43258598	0.9308729	0.17819579	-1.4351226	0.78911406	1.1211445	1.1762552	0.7035026	-1.3017218
-0.26906246	0.12367982	0.06862433	-0.47635937	-1.6460179	0.21611059	1.2676023	0.39577803	-0.15937431	-0.56721
-0.8385952	-1.2040707	-0.42425087	-0.8519198	-1.0956664	-1.3975686	-2.065282	-0.9672946	-1.0928324	-1.5939548
0.18070969	2.4828951	0.50522137	-0.14484736	-0.81048447	-0.36363447	5.319087	0.32237697	-0.792366	0.7459194
-0.5060483	0.7510171	-0.20735148	-0.76378846	-0.1200141	-0.4245547	2.2942686	-0.56013864	-0.8358359	-0.51478046
0.44809148	1.3110484	0.8286246	0.16258536	-0.8699981	0.5892837	1.2167639	0.77290225	0.25612327	-1.0031677
1.1355326	2.0665567	1.3977315	0.83832717	-0.63406676	0.8223808	2.5613942	0.87277025	0.23436683	-0.9033524
-0.05346667	-0.092941165	0.40347856	-0.23634183	-1.31239	-0.34820828	-0.45517102	0.21346189	-0.5250482	-1.59262
-0.40868005	1.232317	-0.37450352	-0.7285951	-1.3702472	-0.56263304	1.6578933	-0.94104654	-0.8942313	-1.6283398
0.5534403	0.80773914	0.8925334	0.37350607	-0.37338337	0.39957082	1.6813298	1.0278357	0.476031	-0.3944569
3.1773431	1.5862873	3.4417741	2.8391666	-1.001139	3.7301054	1.9460565	3.8445196	3.292057	-1.384325
-0.7061685	-0.9603009	-0.5751866	-0.7532665	-0.52229613	0.2949726	-0.6048613	0.24627694	-0.07901208	-0.21587251
0.4507464	0.8778038	0.94087934	0.21027137	-1.2100312	0.5787257	1.424095	0.43766764	-0.22809936	-1.4891179
0.017101161	-0.17476279	0.69209397	-0.099551156	-1.459806	0.2640145	0.00020529395	0.24179982	0.16980673	-0.8742722
0.22855547	0.5356947	0.84355736	-0.004854381	-1.1928935	-0.17714556	-0.038121548	0.9321607	-0.6853876	-1.572041
0.6285471	0.47906175	1.1324276	0.42188942	-1.1564436	-0.36438987	-0.19853427	0.57342106	0.51297647	-0.91872126
0.3211508	0.37815937	0.7074599	0.11997761	-1.2266064	1.2477821	0.77226514	1.9202211	1.044622	-1.3036027
-1.8044082	-1.7077413	-1.2436488	-1.7307914	-1.3077959	-1.416368	-1.0981091	-0.4772008	-1.8204671	-1.6732404
0.38029954	0.24772367	0.9371983	0.19296454	-1.3622271	0.60343647	-0.11532673	1.1426392	-0.13139859	-1.6867757
-0.40681365	-0.44649976	0.10592267	-0.5358007	-1.5466846	-0.75900006	-0.0946306	-0.2165286	-1.1588124	-2.068338
0.12293551	-0.15916649	0.51358926	-0.01740764	-1.237394	-0.8871565	-1.0023922	-1.1491835	-1.8157113	-1.3382661
-0.5074663	-1.118641	-0.046714067	-0.64391714	-1.3870215	-1.5041949	-1.267172	-0.6210447	-1.3141568	-1.5827715
0.44989726	1.0460261	1.0032718	0.19992729	-1.4244957	0.17741527	0.33249706	0.8773174	-0.8457094	-1.4940084
-0.7943696	0.7368696	-0.65836275	-0.88877505	0.7380153	-1.1093765	-0.5585831	-0.53313184	-1.3123596	-1.483807
0.51685137	0.79640996	0.8219271	0.1888008	-1.5254241	0.30881536	0.71092814	0.545808	-0.1960435	-1.6668011
1.096604	0.97370636	1.7258619	0.8575163	-0.92837715	1.1589329	1.1256844	2.0184872	1.2533512	-0.79943997
0.30281994	0.13187557	0.8607638	0.1853853	-0.90887547	-0.02451876	-0.32041454	1.0642881	-0.17850228	-0.6902809
0.38535914	1.3060706	0.8226944	0.07994108	-1.103519	0.23815693	1.6808685	1.0990152	0.18754074	-0.84681255
-0.56156874	0.5840539	-0.28446028	-0.6735236	-0.9911895	-1.1148411	-0.051334284	-0.36066315	-1.3971547	-0.661055
0.4756935	1.1481534	1.0761256	0.20914112	-1.3292816	0.22215582	1.0778917	0.75390464	0.1014197	-1.7380899
-0.7554381	-0.5414152	-0.24986318	-0.8544154	-1.6254429	-0.6770704	0.5113531	-0.41464376	-1.0330327	-0.7630887
0.076487236	0.038688928	0.46225572	-0.15511833	-1.3631057	-0.9846352	-1.1946701	-0.359186	-0.9151376	-1.5519226
0.07905378	0.17149892	0.6767376	-0.081375375	-0.83797276	0.37124896	0.82422304	1.3137	0.3957702	-0.8349455
-0.9727206	-0.62944853	-0.56846344	-1.0560005	-1.3972993	-1.2794074	-0.40694648	-1.0817171	-1.2928778	-0.87528306
1.2409741	1.5897298	1.633462	0.9827243	-0.74702847	0.20387584	0.885073	0.82368666	-0.1866586	-1.1922437
-0.74233526	-0.8589437	-0.34685466	-0.8132713	-1.4362545	-0.67179394	-0.95696795	-0.3526745	-0.27723333	-1.489214
0.43579766	0.3287557	0.8389114	0.23390634	-1.0482221	1.0064607	1.5923897	1.1061037	0.5617425	-0.89823276
1.1675007	0.67309725	1.699322	0.9431176	-1.3625792	0.6609625	0.53006643	1.3849618	0.5718592	-1.3435473
0.6400501	0.7543247	1.2519883	0.45142817	-1.1607558	0.6987371	0.90420675	1.6807998	0.23956588	-0.8468869
-0.71241385	-0.8362113	-0.22446978	-0.816747	-1.4169717	-1.3148791	-1.8900182	-0.6892465	-1.0494615	-1.5986676
-0.53290385	-0.4282575	0.011818364	-0.73630124	-1.2098061	-0.17649853	0.033065774	-0.004110676	-0.6792974	-0.67466104
0.29129848	-0.8382815	0.8940568	0.23521559	-1.05648	0.17927618	-0.96754324	0.34846923	-0.5899493	0.30456793
0.5732751	0.40530172	1.1356466	0.38975698	-1.3323741	0.0070268484	-0.274891	0.13325962	-0.46941015	-1.8856457
-1.4645331	-1.6063766	-0.82584083	-1.4309264	-0.17520216	-1.2465694	-1.8527989	-0.55806476	-1.8556617	-0.8442475
-0.20458508	0.87023973	0.027461737	-0.45361805	-0.58763444	0.036519285	0.95559835	1.0422882	-0.06870966	-0.54891
-0.3431475	-1.0158807	-0.009177089	-0.5004132	-1.6378325	-0.5329229	-1.0411454	-0.6226833	-0.4714345	-1.2962705
0.021382414	-0.5708939	0.2711512	-0.085498884	-1.218314	-0.8614443	-1.2299889	-0.8493709	-1.5425044	-1.3843838
-1.4330567	-1.980907	-1.0313978	-1.4003099	-1.136768	-0.95605254	-1.3851264	-1.4411607	-1.106026	-0.95438945
0.3963424	0.5195143	1.0289382	0.22211306	-1.333816	0.22002575	1.046636	0.92028433	-0.07703224	-1.3241203
-1.2706945	-0.7437953	-0.8709458	-1.3279223	-1.3689905	-0.98912704	-1.1484828	-0.5440163	-1.4184011	-1.6589048
-1.1605498	-1.2312484	-0.8399284	-1.1318915	-0.7344259	-1.1133162	-1.1888438	-1.1367824	-1.3066969	-0.81642693
-0.6054891	-0.8018749	-0.28609	-0.6346	0.88957286	-0.49784192	0.38419876	0.12850167	-0.27950475	0.33864665
-2.0437322	-1.7033793	-1.3978606	-1.9940945	-0.97837937	-1.9146394	-1.8797535	-1.6411283	-2.2199352	-0.99241525
-1.8885585	-2.039546	-1.2907245	-1.8324575	-1.618131	-1.6981719	-2.321639	-1.3909752	-1.4248933	-1.3690214
-1.8440032	-1.9259846	-1.228506	-1.821455	-1.5681177	-1.6253564	-2.2283216	-1.5042896	-1.6686833	-1.8518201
1.091468	0.5219737	1.9592429	0.83239615	-1.1529466	0.9752324	0.82985294	1.4733465	0.34737355	-0.8731471
-1.816814	-1.8723054	-1.2268614	-1.7714715	-1.5967277	-1.577999	-1.5163848	-1.0234598	-1.6237383	-1.5131028
-1.5464092	-1.6786078	-0.96537125	-1.5393972	-0.8196609	-1.6427357	-1.8658141	-0.5595156	-1.6184971	-0.9370091
-1.8143581	-1.8003753	-1.1934437	-1.7777783	-1.213766	-2.1056883	-1.6661869	-0.9485051	-1.4398602	-1.0063012
0.6841051	1.3799362	1.1651216	0.39456826	-0.6548064	0.6284107	1.9999998	0.9886935	0.2358445	-0.72681266
0.34685796	0.414059	0.8666401	0.14249136	-1.2905915	0.10807263	0.34516227	0.8858743	0.45929855	-0.7442627
1.2162611	1.4874659	1.3596705	0.9964582	-0.81506073	1.295296	1.9932171	2.1659157	1.2477192	-1.6347402
-0.62147623	-0.36122614	-0.26255226	-0.8050634	-1.5487719	-1.5303942	-1.8192991	-0.53946346	-2.0190887	-1.017409
-0.924915	-1.0110713	-0.47618952	-1.0094126	-0.9965446	-1.2511269	-1.1297324	-0.4173969	-1.300157	-1.1088231
0.20272467	0.6652484	0.39005858	0.012565196	-0.92412925	0.016154148	0.6788175	0.006691233	0.2018082	-1.0586749
-0.26464558	-0.072750956	0.05215597	-0.4280945	-1.1125745	-0.3236245	-0.1257847	-0.1779595	-0.4586969	-1.2447767
0.033580758	0.90024924	0.6052246	-0.2439979	-1.5346267	-0.11171082	0.60651916	0.5819227	-0.4517236	-1.8150994
2.2803712	2.1738517	2.5710618	1.9079313	-0.2428093	2.3878322	2.2677202	2.4417474	2.0607202	0.115298934
-0.009284921	-0.21453893	0.31632707	-0.1840077	-0.7700186	0.38137943	0.4817335	0.69215894	0.15246117	0.042427566
1.2043186	0.5458574	1.919392	0.9458821	-1.3579764	1.0623316	0.32241648	1.2764395	0.55084217	-1.640043
1.2626268	1.3112698	1.7887242	0.9661362	-1.1556919	1.9521229	1.6916003	2.383792	1.2899429	-1.1868528
1.1730491	1.0514535	1.6528411	0.88938105	-1.2203476	0.21742584	0.8103446	0.86894417	0.2994714	-0.61823106
0.43431953	0.9101535	1.0067967	0.12038331	-1.4163779	1.1659398	2.8922634	2.0725155	0.9026099	-1.6787426
0.26692685	-0.16323128	0.7342534	0.07035689	-1.3353283	0.65342814	0.2691435	1.256508	0.01498185	-1.23304
0.40366128	0.33820084	0.87437284	0.22109647	-1.261976	0.34718066	0.78842795	0.7712296	0.004344567	-1.5554177
0.040364593	0.6259521	0.5138283	-0.14741355	-1.0845512	-0.11330853	0.37841257	0.9194979	-0.13180643	-0.45518136
-0.3796571	-0.42807314	0.18448278	-0.48024338	-1.2341661	-0.5694226	-0.1213702	0.7344371	-1.2198658	-1.5771289
-0.031716444	-0.25755638	0.4925937	-0.21499193	-1.5706476	-0.10198057	-0.089125834	0.33979335	0.22207889	-1.7763836
0.40412977	-0.17224772	1.0313963	0.15972255	-1.4925303	0.45906857	-0.18675819	1.3964914	-0.021274848	-1.2674186
-0.2873709	-0.5724385	0.08986522	-0.40167356	-1.4777292	-0.5546362	-0.96999896	-0.98647076	-0.37225625	-1.4195108
0.4448379	0.6080133	1.0502262	0.2447669	-1.33779	0.8861188	0.55671626	1.2296981	0.09643775	-1.4467849
-0.8099476	-1.0411396	-0.37876436	-0.843444	-1.0449414	-1.7392246	-1.6206475	-1.0866125	-1.5973488	-1.229481
-1.2882502	-0.20392057	-0.6146319	-1.3461413	-0.0015063286	-1.5316948	-0.24404608	-0.73181075	-2.0106246	-0.41696525
0.53582585	0.22889182	1.0015947	0.31567538	-1.2884098	0.79781926	0.20487577	1.0707154	0.29343066	-0.90300435
-0.11912563	-0.44501102	0.3071746	-0.26905948	-1.3855201	0.23461667	0.03708624	0.4387702	-0.09861902	-1.4214727
-1.2529383	-2.0073435	-0.8454362	-1.2747648	-1.4025202	-1.1026825	-2.2128043	-0.73303765	-1.2650484	-2.025313
-0.64308745	-1.1126975	-0.099828035	-0.6839203	-1.2432512	-0.72049165	-0.44521934	0.12399648	0.18270148	-1.446933
-0.07427008	0.13150662	0.4092454	-0.20424087	-1.4002922	0.05536193	3.0098016	1.0126246	0.57779413	0.0830233
-0.7304859	-0.3609976	-0.3623322	-0.87758607	-1.2147266	-1.7772349	-1.4850101	-1.4636701	-1.9091868	-1.251054
0.4298244	0.9624187	0.78048694	0.18941878	-1.093747	0.019667879	0.9190758	0.9852156	-0.54754186	-1.0504043
-0.3041973	0.17631477	0.035801545	-0.5471734	-1.2806969	0.08467022	-0.30800968	0.24803784	-0.94043154	-1.4902881
0.27808765	0.2548616	0.954007	0.17353533	-0.74979705	0.4611953	0.04227032	1.0849152	0.117250405	-1.276831
-0.81696177	-0.72911084	-0.33738104	-0.90704113	-1.2558391	-1.402544	0.7278305	-1.0009685	0.5633009	-0.8079698
-0.021929368	-0.38824838	0.29370967	-0.15042731	-1.1770725	-0.73918086	0.19634359	0.089629956	-1.1991615	-0.974014
-0.16389358	0.352232	0.257909	-0.3570724	-1.2520876	-0.8999	-0.18627076	-0.4627484	-0.99805665	-0.84015256
1.013247	1.0967407	1.6721413	0.7114761	-1.3538985	0.58438414	0.8927664	1.2883819	0.108508274	-0.7671253
-0.90145504	0.10046527	-0.6250849	-1.1143975	-1.3851383	-1.5135027	0.17129958	-0.61621785	-0.5982197	-0.91323686
0.40691692	-0.49264959	0.73239046	0.20965533	-1.1897793	0.33331984	-0.23501238	0.5098201	0.1556776	-0.77267975
-0.109655224	0.7346003	0.11028391	-0.3961298	-1.3210676	-1.2649097	-0.44249636	-0.3207129	-2.2165737	-1.4796367
-1.5355461	-1.2840892	-1.043051	-1.5638006	-1.696817	-1.3286929	-1.0777007	-0.8212747	-0.63490325	-1.5604584
-0.015872583	0.7426373	0.40037632	-0.23924188	-0.9961493	0.45384157	2.1224108	1.0400863	0.3496576	-1.244257
0.764976	0.47677693	1.2761843	0.5492587	-1.4854319	0.8569931	0.727915	1.5022469	0.6176877	-1.7465945
1.3472366	0.32646993	1.8648897	1.1268356	-1.8523312	-0.7064611	-0.017647266	0.17990306	-0.87776166	-1.7164772
1.5768856	0.5686525	1.9478909	1.2045398	-1.270185	0.37781247	0.9154264	0.72137016	-0.37326726	-0.83715016
-0.30409017	-0.35289276	0.005255431	-0.3496362	-0.7709899	-0.44810286	-0.78797543	-0.22239003	-0.70987475	-1.3799486
-0.17160767	0.13850513	0.2722538	-0.3567281	-1.0782841	-0.69660985	0.37147194	-0.80777836	-1.2271044	-1.8398688
0.71882474	0.252404	1.2775787	0.4377908	-1.7603565	0.5090539	-0.22986372	1.233308	0.15108235	-1.3491877
0.40979862	1.9475663	0.82795155	0.05590366	-1.1420068	-1.1613641	3.3935812	0.1585966	-0.3070383	-1.1109477
-0.5186907	-0.608099	-0.13750187	-0.6358559	-1.6098064	-0.4784097	-0.053007405	-0.08057226	-0.66328174	-1.4354224
0.023967914	-0.45188352	0.4781662	-0.09441035	-1.4750268	-0.010470911	0.01646892	0.5300802	-0.03442569	-1.1384385
0.036520116	-0.7145353	0.6061667	-0.1082357	-1.6215693	-0.19020586	-1.3123814	-0.34679976	0.08172826	-1.3898093
0.22023249	1.0909253	0.59969366	-0.06885699	-1.2434461	0.075941026	0.827137	0.46503082	-0.48362407	-1.4122845
0.4488655	1.8884737	0.5535283	0.07443415	-0.96432364	-0.39339194	1.3485011	-0.357164	-0.82217145	-0.68498516
1.7145478	1.6302842	2.0351658	1.4002466	-1.1278225	1.8244022	1.1422008	1.9878172	1.3736916	-1.6209569
0.11526998	-0.49732503	0.6131915	0.023528054	-1.5597972	0.1052667	-0.14998043	0.24431975	-0.12365547	-1.596302
0.36046582	0.41459432	0.89932585	0.18790595	-1.1373063	-0.26798752	0.5782009	0.59513146	-0.6542332	-2.0136404
0.03568749	0.113969475	0.521344	-0.20385642	-1.4592254	-0.010249819	0.07175764	1.8231448	-0.11180271	-1.7313056
0.873249	1.9199753	1.2185395	0.5099071	-1.4172783	0.6331602	1.152515	0.80560696	0.39197102	-2.0572035
-0.7499136	0.06908026	-0.2590245	-1.0144442	-1.4201071	-0.26332363	-0.69873476	0.21364802	-1.0524622	-2.284439
-0.1382485	0.10153127	0.36688316	-0.30310875	-1.2221316	0.14649615	-0.14454514	0.66622984	-0.1665274	-1.6640226
0.39535126	0.7873235	0.8635546	0.14585863	-1.2366309	0.35456052	0.98726654	1.3142027	0.23075643	-1.4354941
0.5329768	0.7882935	1.0148202	0.30021954	-1.403171	0.9810785	1.1879674	1.6803908	0.7297864	-0.61335045
0.050092958	-0.8398869	0.30921438	-0.118949905	-1.0252283	0.9103687	-0.48776123	0.6047688	0.84072673	-1.6005683
-0.1017367	-0.32137915	0.5143366	-0.20761208	-1.405662	-0.07805871	0.010214754	0.5171884	-0.3580329	-1.2902393
-0.98416156	-1.1754359	-0.52397895	-1.0875375	-1.3104211	-0.82767314	-1.2138869	-0.5110018	-1.1082317	-1.6771057
0.13677803	0.36760452	0.56789744	-0.08143245	-1.322487	-0.3673435	0.073657505	0.09740981	-0.29184422	-1.425066
0.44794163	0.34088668	0.9816687	0.27651852	-1.293653	0.40828624	0.7134192	1.2396266	-0.23582356	-2.204284
0.5650893	0.6236267	1.1347747	0.37634832	-1.1970879	-0.48590943	-0.11417465	0.014315935	0.16275664	0.084713995
-0.61385316	-0.6444238	-0.4169747	-0.75116664	-1.2377294	-0.95352274	-0.9142589	-0.7732227	-1.5596358	-1.711314
0.89431554	1.1714443	1.2469153	0.6211127	-1.3198855	-0.18697959	0.10324086	0.09576333	0.00045862774	-1.5760878
-0.021683965	0.38306972	0.34605762	-0.2353917	-1.1701825	-1.0429481	-0.49812943	-0.3802568	-1.1929586	-1.7732674
-0.87279385	-0.5802801	-0.42193308	-0.83685875	-0.4668839	-0.85469294	0.64669377	0.12265051	0.34404168	0.08078161
-0.71283144	-1.4647801	-0.30596778	-0.7749239	-1.5021609	-1.47696	-1.4716837	-0.7990483	0.44325128	-1.5771987
0.71417433	0.55579436	1.2417184	0.49198884	-1.1441256	0.5015808	1.2069482	1.0951598	-0.2017474	-1.675651
-1.546229	-1.1935097	-0.9085157	-1.6108882	-0.9394592	-1.7508634	-1.1854227	-1.1447742	-1.4465635	-0.544302
-2.0998816	-1.6602517	-1.61247	-1.9962046	-0.7303943	-1.9678924	-1.3688029	-0.79660785	-1.3989234	-1.6051916
-0.50215113	-0.69650465	-0.098691165	-0.5932175	-1.3024226	-0.8929343	-0.9559486	-0.2248635	-0.7840262	-1.4417685
0.35629305	1.4885796	0.79106784	0.03300692	-1.3485093	0.43902692	2.1460397	0.95318323	0.66205186	-0.94592357
0.15943447	0.000663504	0.64531606	0.0007225871	-1.3468801	-0.2389812	-0.061264675	0.7353729	-0.2388499	-1.5000051
0.9170146	1.839685	1.3757868	0.6301726	-1.371156	0.70971125	1.7406566	1.5152928	0.40889013	-2.0102081
-0.5125529	-0.7064338	0.029518574	-0.6338273	-1.4178851	-0.541069	-1.832823	0.32361457	-0.7190332	-1.4372649
-1.738625	-1.7402031	-1.1890914	-1.6730192	-1.3161517	-1.9489468	-1.9044065	-1.3825176	-2.228714	-1.764756
0.60098106	1.0736196	0.8833231	0.4661101	-0.563486	0.33662564	0.9834726	0.7503615	0.6466972	-0.23908786
-0.7988034	-0.9499955	-0.49851885	-0.80269283	-1.0400128	-0.65739	-1.222751	-0.8732203	-1.2556144	-1.0190498
-1.5400705	-1.7000066	-1.0125514	-1.5198605	-0.9686918	-1.3625237	-1.6220742	-1.0636868	-2.10864	-0.48988587
-0.11436459	0.42408076	0.40140516	-0.24730256	-0.021831572	-0.33531645	0.43390292	-0.12210976	-1.2598156	-0.16947135
-0.8362451	-0.48922145	-0.4619287	-0.92953944	-0.69282436	-0.99922764	-1.3857566	-0.87630206	-1.2445918	-0.47171095
-0.7511826	-0.26692784	-0.38249406	-0.90033466	-1.3088409	0.13814211	1.6368707	0.38265172	0.021075347	-1.1106434
-1.8643337	-1.9933456	-1.1117725	-1.8529117	-1.5848417	-2.2595537	-2.153984	-0.9615389	-2.7556126	-1.5090638
-2.4329507	-2.3073108	-1.5377299	-2.3095655	-2.1679523	-2.405871	-2.3713174	-1.4278611	-2.18051	-2.2128842
-0.2545482	-0.22359991	0.168843	-0.39269558	-0.8433223	0.13724366	0.2431835	0.68142116	-0.38793188	-0.9174907
-2.1927469	-2.0321565	-1.2812415	-2.1587465	-0.9633224	-1.3695925	-1.9674562	-0.8480825	-0.88379806	-0.7220063
-1.1767793	-1.3006091	-0.67495704	-1.2142905	-1.2608118	-0.6536394	-0.9469522	-0.3779415	-1.3787712	-1.1832159
-0.28687668	-0.5615176	0.1525509	-0.32737333	-1.3800817	-0.56373185	0.04467021	0.01111442	-1.1584674	-1.0361546
0.5327002	0.298587	0.7632202	0.33336174	-1.2609617	1.1835372	0.99710864	1.0907865	0.99835867	-0.8609463
-1.6211977	-1.667664	-1.1091255	-1.537324	-0.95992565	-1.8669244	-1.8671173	-1.2541833	-2.0997536	-1.3001517
-0.5525509	-0.6944589	-0.38719717	-0.59800166	-0.46803054	-1.44912	-1.7578595	-1.0196466	-1.7656122	-0.2131873
-1.8727738	-2.0144105	-1.2583745	-1.8329222	-1.7633564	-1.7966381	-1.8458207	-1.4005008	-1.4214996	-1.0657253
-0.7111103	0.7356814	-0.6208997	-0.9539379	-0.13606691	-1.3681891	0.14960125	-1.0446211	-1.7950737	-0.4247449
-0.08730347	-0.05539769	0.2630145	-0.31199265	-1.17927	-0.5310281	0.0059088087	0.28638616	-0.6914999	-0.33663824
-1.4691763	-1.5381576	-0.8316742	-1.5030534	-1.6606855	-0.9880562	-1.1492736	-0.5132476	-0.8558684	-1.1758431
-0.18146026	-0.35165662	-0.0074525177	-0.26056978	-0.20984754	0.34560844	0.80174667	0.26547948	0.38890368	-0.7072769
-0.69622964	-0.53924614	-0.37727782	-0.7497592	-0.7943695	-0.6677408	-0.35849175	-0.6033108	-0.7823931	-1.1898468
0.49369195	0.42463574	0.9872376	0.29309177	-1.2957001	0.8286216	0.22214998	1.3372658	0.988795	-2.002311
3.1501818	4.0020237	2.3484893	2.7445922	-0.62616533	3.1514273	4.3329244	2.566224	3.0198793	-2.0596442
0.35739735	0.24913067	0.95596087	0.18745528	-1.4828137	0.3595033	0.34650254	0.95558	-0.015190804	-0.91805667
0.043695137	-0.17025721	0.59343195	-0.15519536	-1.5523379	0.31123844	0.4276712	0.7033937	-0.051488757	-1.9777485
0.30186996	0.3273203	0.5767088	0.047054693	-1.1346204	-0.71827674	0.8909018	0.4125766	-0.77321994	-1.4614756
1.0632457	2.485384	1.6379243	0.8669474	0.44872925	1.309422	3.466364	1.6959397	1.1927861	0.1770862
1.1392165	1.9028356	1.5368618	0.8478843	-1.1574531	0.7584218	1.4908136	1.2940519	0.6749849	-1.237134
0.42877838	0.34077886	0.77126265	0.271006	-0.2947821	0.05438954	0.4056388	0.19746473	-0.6770596	-1.0474573
0.57040197	0.6669235	1.0018365	0.3480984	-0.8879299	-0.041432865	0.13473289	-0.41435757	-1.0931929	-0.70372075
1.4203075	2.3451502	1.6287143	1.0785568	-0.037009746	0.06528231	2.3527563	0.86302143	0.10113788	-0.46665087
0.24302185	0.5535624	0.551468	-0.02183564	-0.694268	2.762054	2.2249892	2.9035547	2.7507854	0.43143746
-0.7165924	1.6211455	-0.3905454	-0.9824155	-1.0154198	-1.6453058	1.0449039	-0.48376355	-0.45830768	-1.1145151
0.53315884	0.6217257	0.8417742	0.23915969	-1.0098757	0.019207336	-0.4808896	0.3506121	-0.4239287	-1.4115032
-0.70853484	-1.1063206	-0.18478706	-0.756832	-1.5846385	-0.9722309	-1.6363697	-0.38768008	-1.2024724	-1.5915067
0.26611218	0.118222594	0.6709547	0.108676836	-1.0820874	-0.12365631	0.04896213	-0.45756114	-0.7108684	-1.7487466
-0.42897505	0.13299671	-0.044346362	-0.6635366	-1.2281686	-1.1581483	-0.22044477	-0.6273018	-1.7145387	-1.1899104
0.041209035	0.71820617	0.44904202	-0.17038228	-1.2264578	1.0276012	1.0799016	1.568252	0.8594633	-1.1706986
0.2700238	-0.20618685	0.8964473	0.104424074	-1.4288788	0.18084109	-0.17940465	0.7137161	-0.1548975	-1.3885281
0.06369718	1.8042767	0.59048975	-0.20024708	-1.0288775	0.0762024	1.9197547	0.86884546	0.1381588	-1.2360576
0.23194784	1.0468518	0.59971917	-0.06089388	-1.2790934	0.28399405	0.83612794	0.5510527	-0.28966475	-1.6668662
0.49169847	0.97159016	1.0970097	0.13514145	-1.0230085	-0.4470791	1.3160837	0.7584329	-1.785838	-1.1942577
-0.14224067	-0.24871019	0.44932997	-0.27631605	-1.5194069	-0.8070698	-1.2551636	-0.45908597	-1.2603542	-1.9167032
1.3651913	1.6220812	2.0370524	1.1281449	-1.1417942	1.0004271	2.0593631	1.5925782	0.8905462	-0.17966703
-1.2255104	-1.3216009	-0.6721481	-1.288838	-1.4599613	-0.47373298	-1.5232246	0.033285998	-0.607275	-1.5745546
-0.5328916	0.19432476	-0.09043661	-0.75102866	-1.2322079	-0.6785212	-0.9477611	0.18877101	-0.23111305	-0.8352952
1.2913517	0.7928276	1.816953	0.95521605	-1.2586169	0.8366852	0.584087	1.5821542	0.9018692	-1.35514
-0.12602201	-0.107402414	0.3033222	-0.3483277	-1.7725996	-0.5555318	-0.16365248	0.040811643	-0.81692237	-2.1821272
-0.048033528	1.1964839	0.21811706	-0.35438052	-1.2376626	-0.15635477	1.1627398	-0.1516442	0.14579812	-1.4587879
4.14683	2.2201617	4.4059243	3.7515159	0.50282943	2.9571912	0.3667411	3.710877	2.3916974	-0.18516748
1.6103704	1.544797	2.3456376	1.3561109	-0.63686013	0.6736506	1.4818553	1.2694707	0.47743493	-1.382287
-0.20100185	-0.46160382	0.22418165	-0.37416697	-1.4030004	-0.29766542	-0.80313355	-0.1317883	-0.32099587	-1.5442895
-0.4559226	-0.3279064	-0.017966866	-0.6490416	-1.4358529	-0.057931654	-0.06662977	0.05332016	-0.7874755	-1.7474364
0.69581777	0.701049	1.3808339	0.4812522	-1.2312342	0.4088335	0.9986968	0.4891151	0.06016902	-1.4574403
-0.86871856	-0.3408908	-0.3074102	-1.0195136	-1.189278	-1.512605	-1.4656389	-0.3810825	-1.6580055	-1.1042914
2.0460443	2.197198	2.1412468	1.6092873	-1.1217878	0.55021065	1.2722758	1.9415685	0.35570222	-1.4194899
0.5400334	1.517391	0.96086	0.20227738	-1.298757	0.35394615	1.5091765	1.1412297	0.085120045	-1.816807
-0.07035426	0.13442692	0.3293231	-0.26656747	-1.273152	-0.047809776	0.20064355	0.2464132	-0.29701993	-1.3216758
1.0199815	2.9874578	1.2883812	0.57296824	-1.0710196	2.354291	3.48333	1.6675881	1.1584522	-0.578764
-0.1338085	-0.08678794	0.47346163	-0.32249135	-1.4934987	-0.40128836	0.20623212	0.50800043	-1.045789	-1.221313
0.23160562	0.42917398	0.4595797	0.030252352	-1.1091298	-0.23628294	0.13998798	-0.13534005	-0.33828452	-2.0090468
0.6702866	-0.08850609	1.1482136	0.36540616	-1.3989277	0.37760177	-0.29661882	0.04106889	0.21697105	-1.1322638
-1.0552584	-1.2743214	-0.6010171	-1.0554438	-1.5122081	-1.6825744	-2.2555346	-1.4511061	-1.7617432	-1.7237449
0.43794486	0.78207064	1.0211792	0.2063198	-1.1298667	0.58970356	1.6111362	1.1559976	-0.024997933	-1.3141723
0.58163786	0.4102247	1.1065689	0.38184762	-1.3103524	0.84427327	1.6804315	1.4519024	0.34012374	-1.5050721
-0.9432554	-1.180628	-0.3868353	-1.0315173	-1.5587336	-0.613994	-1.3029817	-0.5574582	-0.5908345	-1.12745
0.4835889	0.58177686	0.9658611	0.22226681	-1.2286953	0.88409656	1.5131627	1.6712651	0.8063779	-1.083436
-0.069276206	-0.38538158	0.4153769	-0.17740321	-1.251857	-0.5295258	-0.66852415	0.5745335	-0.27985165	-1.391302
0.60205483	0.4888806	1.2156075	0.33226168	-1.4890206	1.648724	1.106815	2.227875	1.399046	-1.7395587
0.71000975	2.113164	1.1301324	0.30875987	-1.1286827	0.28280652	2.4090002	1.0719787	-0.04643949	-1.6253846
-0.57513756	-0.22094223	-0.06658512	-0.71694857	-1.0379558	-0.59451294	-0.35969555	-0.77478087	-0.8362497	-1.5001869
-1.0636959	-0.81047463	-0.57709575	-1.1415476	-1.591632	-1.1742089	-0.6565833	-0.709345	-1.301756	-1.6726481
1.4362513	1.4509044	1.7289075	1.1083753	-0.8397351	0.15468419	1.6484619	0.4853335	-0.0688897	-1.0856286
-1.0609916	-0.92829275	-0.4409602	-1.136046	-1.3522564	-1.3752061	-1.6332422	-0.5375344	-1.9279981	-1.6598471
-1.5673125	-1.7326112	-1.0079815	-1.5473405	-1.5310897	-1.6893928	-1.8085141	-0.6385824	-1.6066241	-1.4261757
1.1203855	1.6711417	1.7748169	0.8127554	-1.1246842	0.70165277	1.195889	1.1020154	0.6609149	-1.6589466
0.47658548	1.8843887	0.8998524	0.18842103	-0.91741383	0.1855186	1.2889382	0.6494205	-0.37891418	-1.5672978
0.9372881	0.95799625	1.4165506	0.7054988	-1.0891708	0.78535587	0.9511072	1.355312	0.57943743	-1.1364454
-0.1507637	-0.29637083	0.36939085	-0.32693404	-1.4258207	0.004577908	-0.058946174	0.75262356	0.26642472	-1.1097832
-0.2470251	0.20470372	0.24234268	-0.45868814	-1.2428662	0.49894023	1.0200968	1.1959217	-0.02166158	-0.9125906
0.6506803	1.5303097	0.900985	0.45257938	-0.36285686	0.7502748	2.8713808	0.48280483	0.048186447	-0.8340703
0.5824579	0.5823848	1.1868078	0.34349912	-1.3100086	1.2499803	2.442765	1.8351052	1.3933736	-2.1410193
-0.36752388	-0.16120788	0.12897953	-0.5649099	-1.4506729	0.13579251	-0.22437549	0.9114276	0.16518348	-1.4831005
-1.9741832	-1.9982607	-1.3313272	-1.9085943	-1.5629861	-2.642037	-1.1058763	-1.544693	-2.8048282	-1.493228
-0.6086047	0.684495	-0.20233339	-0.79032284	-0.7269776	-1.0001655	-1.5663985	-0.7312053	-1.559162	-0.919429
-1.6543152	-1.7877103	-1.0324733	-1.6456323	-2.29286	-1.7235663	-1.9677987	-0.8838827	-2.43724	-2.0037136
-0.9800077	-1.2666221	-0.54538596	-0.9791255	-1.1378171	-1.2784419	-0.5580402	-1.0999067	-1.6673183	-1.5133784
-1.9588878	-2.098392	-1.2672786	-1.9649138	-2.2768562	-2.2526064	-2.4890459	-1.4323786	-2.0917501	-2.8119962
-1.4262133	-1.521348	-0.8869326	-1.4585176	-1.2652572	-0.58135426	-1.1809733	-0.45925486	-1.1056236	-1.6398189
-0.78249866	-0.86522746	-0.26701698	-0.8785677	-1.6275033	-1.0643598	-1.0616062	-0.61737096	-1.3822144	-1.60912
-1.5264893	-1.322819	-1.0726166	-1.5083939	-1.3278106	-1.0848155	-0.35828963	-0.7212751	-1.3720685	-1.1771672
-1.9387832	-1.883272	-1.2810308	-1.8988031	-1.248031	-0.9490495	-0.44492412	-0.42056817	-2.3522863	-1.1835582
-0.27013278	0.14532605	0.15678799	-0.3830716	-0.23889115	-0.8638005	0.13624032	-0.45997435	-1.530211	-0.22765198
-0.6461225	-0.8695928	-0.19071004	-0.66911906	-0.48630634	-0.4500732	-0.11956833	-0.23386057	-0.71012676	-1.4302335
-1.8735594	-1.8003906	-1.2286817	-1.8567524	-1.1668476	-2.2411978	-1.6951823	-1.4750284	-2.0508137	-1.2861049
-1.1809624	-1.4400766	-0.8043666	-1.1854929	-1.6203927	-1.1381176	-1.3215623	-0.7669629	-1.2290512	-1.6113155
-1.9652778	-1.9382972	-1.332946	-1.8895391	-1.2935698	-2.498079	-1.7840962	-1.132291	-1.9848061	-1.2568192
-2.0728953	-2.0350878	-1.54939	-1.9615793	-1.5651459	-2.329219	-1.3147868	-1.475569	-2.2066934	-1.6367023
0.9322606	-0.28113014	0.98852766	0.7448722	-2.3187392	0.1265557	-1.0751208	0.88461435	-0.54197186	-2.7868624
0.057663344	-0.3578544	0.29512367	0.0052776784	-1.2348468	-0.1951016	-2.0345063	-0.07336562	-0.77088994	-2.1464179
-2.1128652	-2.0316393	-1.4510821	-2.022343	-1.2720767	-1.9918307	-2.0185435	-1.4388344	-2.1485898	-0.9663376
-1.8341526	-1.8443145	-1.2022651	-1.8137834	-1.4913658	-1.3258495	-1.2427984	-0.36838433	-0.66767466	-0.8525607
-1.1480601	-1.4414504	-0.65413904	-1.1866645	-1.4079493	-1.9579207	-0.82708335	-1.0471922	-0.91272724	-1.4588836
-0.4712528	-0.037171036	-0.12636802	-0.64443356	-1.3004234	-0.21897209	-0.16963771	0.490828	-0.79463184	-1.5010537
-1.2482185	-0.825076	-0.81194735	-1.3042557	-0.81521875	-1.6266723	-0.9941602	-0.62542355	-1.8081036	-1.1091032
0.15916196	-0.25425324	0.7201106	-0.036518216	-1.4810756	0.48385313	0.17386778	1.0950338	-0.06113051	-1.6217498
0.78690475	0.6726036	1.3545429	0.5678	-1.3568686	1.458915	1.8001822	2.6871352	0.6269022	-1.3372655
0.6585242	0.58994174	1.1543868	0.5460618	-0.9523617	0.4880701	0.3794518	0.63729167	0.54542124	-1.182432
1.4154462	1.4349371	1.9964628	1.1654061	-0.8471955	1.1381423	1.3571755	1.7434614	0.64292365	-1.202234
-0.22932774	-0.30930224	0.20102409	-0.35345817	-1.2830874	-0.22708327	0.05348184	-0.28953356	-0.52274185	-1.47322
0.5472873	1.5606917	0.85386324	0.30823708	-0.6913979	2.0593216	3.1241689	2.7971416	1.551296	-0.9956913
-1.2752514	-1.2673954	-0.77566934	-1.3142382	-1.2422768	-1.5374869	-1.8030031	-0.46487293	-2.403156	-1.4525939
-2.2888396	-2.2022386	-1.4575623	-2.1804562	-1.3726857	-2.3728514	-2.1990411	-1.1862305	-2.8441966	-1.0219492
0.25235692	0.40104714	0.67726547	0.050807476	-1.1146655	0.42757046	0.77227485	0.58451915	0.96195525	-0.8937801
0.38527593	0.30243215	1.1333045	0.20401235	-1.2744156	0.16769002	0.3456931	1.1267216	0.033620786	-1.443802
0.7213374	1.8589551	1.1916856	0.39945894	-1.0111057	1.2360992	1.056097	2.2343543	0.48246178	-1.2340846
0.5923088	0.91109467	1.1098057	0.3813572	-1.3415655	0.6426986	2.3071547	1.0859047	0.6015719	-1.3585018
0.34617475	0.807336	0.803295	0.053818002	-1.166185	-0.3795193	0.64151484	0.009536447	-0.6762793	-1.722203
-0.42219108	-0.23106447	0.0136372745	-0.61082053	-1.365384	-0.7477688	-0.8381291	-0.5958267	-0.9295748	-1.8515227
-0.35005665	-0.53218365	0.13040635	-0.49390107	-1.5156584	0.2585444	0.67782134	0.3085499	0.5867551	-1.3858924
0.20650765	0.23560187	0.5675534	0.007622391	-1.0436922	0.29650885	-0.20413853	0.9862527	0.46911442	-1.2153858
-0.3258445	-0.47270182	0.079578936	-0.44081473	-1.2787688	-0.9969195	-0.65866244	-0.44974586	-0.98942775	-1.3845074
-0.15456653	0.38971713	0.1569067	-0.362314	-1.2386298	-1.9192966	0.021597726	-1.760038	-1.7457558	-1.4686486
0.46821055	-0.8441615	0.8198625	0.2886284	-1.6004331	-0.20934984	-1.3039656	0.53190726	0.022659155	-0.9548941
-0.9798362	-1.1771519	-0.52974916	-1.0248164	-1.1688207	-1.02063	-0.60533446	-1.0613142	-0.88847965	-1.5950642
0.33575785	0.08988497	0.9160738	0.15451287	-1.4074801	-0.32290182	0.17793764	0.28024682	-0.29481	-1.6252451
-0.9022216	-0.71938896	-0.40174803	-0.9492097	-1.2607489	-1.2459205	-1.4260263	-0.43158284	-1.0623245	-1.9745008
-1.7384336	-1.7059801	-1.099302	-1.7302159	-1.7248443	-1.9001908	-2.112609	-1.4805179	-2.334773	-1.5762285
-1.0568601	-1.1190894	-0.52223563	-1.1028421	-1.4794836	-1.365052	-1.1215811	-0.31441027	-1.1976663	-1.2759451
-1.6115227	-1.3372805	-1.2466495	-1.578725	-1.3940513	-1.7197387	-1.2491646	-1.4595157	-0.90500087	-1.4558718
0.2904294	1.568222	0.6216419	-0.053228483	-0.30927306	0.82944274	1.0106858	0.83109957	0.5149797	-1.1844897
-1.404001	-1.1578983	-0.86935043	-1.4022088	-0.3591607	-1.4762276	-1.692539	-0.8652019	-1.3391956	-1.1146553
0.91030735	1.3746765	1.4724503	0.6484898	-1.2230786	0.09258913	0.49872896	0.8415459	-0.04510538	-1.328027
-0.17852888	0.075448185	0.22818218	-0.35775816	-1.3345672	-0.4586901	-0.10028794	-0.16366565	-0.8594457	-1.1640944
-0.7766666	-0.67983985	-0.40051314	-0.9115687	-1.1641053	-0.29766688	-0.63454014	0.10063249	-0.6270877	-2.0296566
-0.1032569	-0.08437744	0.34536856	-0.25806493	-1.2533665	-0.780496	-0.4860344	-0.23621124	-0.6088335	-1.4799906
0.31358674	-0.44114745	0.84340394	0.1502846	-1.785115	-0.021754818	-0.6882377	0.7121344	-0.041411307	-1.8939482
-0.54560095	-0.17488733	-0.015314221	-0.75783646	-1.0156556	-0.8203056	-0.7640713	-0.1152011	-0.906342	-1.1662471
-1.2688185	-1.5046802	-0.75774956	-1.2509587	-1.0944475	-1.186283	-1.3035072	-0.5097889	-1.2005608	-1.12046
-0.46583527	-0.35127702	-0.052040547	-0.5522889	-1.231183	-0.87971604	-0.8086212	-1.215094	-1.0922455	-1.2914585
1.5497278	2.134349	1.2980168	1.2039642	-0.8375093	2.1941097	1.6890364	1.7527639	2.3642483	-0.6215059
0.44109997	1.0405279	0.92967904	0.21026169	-0.5721456	1.5340981	1.6137131	2.1118398	1.5147494	0.28112933
-0.4615748	-0.123087674	-0.18105602	-0.6013183	-0.5775024	-0.2625606	-0.23524103	0.28384003	-0.7836429	-1.1410495
1.3729416	1.729445	1.7360854	1.1132498	0.01993367	1.3436394	1.1800561	1.7588273	1.5001391	-0.79156554
0.35883996	3.5924242	0.22846174	-0.13017611	-0.54582155	-0.06350307	5.013864	-0.38300112	-0.7902553	-0.29122832
0.37287745	4.1717577	0.38710922	-0.08309907	-0.03237465	2.3572292	5.141776	0.86711365	1.5027069	-0.5859939
1.0084505	1.1147273	1.569454	0.7781006	-0.922791	1.1727762	1.650502	1.6687471	0.9446259	-1.01464
0.721095	0.5337405	1.1915388	0.5088329	-1.3703902	1.1398635	1.0841614	1.7025151	1.1597445	-1.7963761
0.5360813	2.4493942	1.1077656	0.16435812	-0.9987557	1.2099415	2.6161473	1.6585016	0.9663754	-1.0772974
-0.043816082	0.3145884	0.3695645	-0.27295953	-1.2910739	0.23941958	0.90728915	0.83141077	0.2981524	-1.5875351
0.022022538	-0.07699868	0.34840047	-0.13881113	-1.4034348	-1.0711429	-1.4231479	-0.66493654	-1.4492025	-1.5011618
0.40581164	0.78310823	1.0104973	0.14563446	-1.4381276	0.4887466	0.89558196	1.3471068	0.49669436	-1.2824761
-1.0784729	-0.2627991	-0.69974506	-1.2447833	-0.92818856	-1.1698164	-0.030245243	-0.8918858	-1.1094036	-0.40143248
-0.24146414	0.32480672	0.37046	-0.42499423	-0.7977716	-0.5039792	0.20847799	-0.34535503	-1.3085293	-1.2955533
-0.49957785	0.13978216	-0.033456504	-0.65607053	-1.2933097	-1.5426036	-0.8506377	-1.1476632	-1.6465288	-1.5768224
-0.29114	0.5411912	0.05364929	-0.50811636	-1.3135788	-0.18314138	1.0890718	0.966091	-0.70134103	-0.73007596
-0.4286259	-0.7045437	-0.0050641894	-0.5538302	-1.4947265	-0.08891334	-0.5963703	0.26068404	0.0012113171	-1.3764243
0.47074017	0.4945989	0.9446764	0.30353707	-1.2270268	0.5804101	1.5948058	0.41385612	-0.40933517	-1.3606578
0.46542045	1.2187965	0.8988527	0.2487817	-0.94990194	0.41785595	0.9157448	0.79170823	0.6431713	-1.3507423
0.66754895	0.7490971	1.0840983	0.43665218	-0.2799737	1.1343746	-0.03698939	0.6744468	0.8607144	-0.7032418
-0.024835892	0.30138478	0.3202555	-0.20773025	-1.0164831	-0.44980335	-0.10656069	-0.040483277	-0.9522462	-1.1641452
-1.197647	-1.2180554	-0.6050676	-1.261749	-1.5299002	-0.9296144	-1.0031108	-0.44205123	-0.9723166	-2.036408
1.2395946	1.3904232	1.7152549	0.92469597	-0.9954189	1.6398516	1.127402	1.8577083	1.1213361	-1.0073973
1.3420225	0.4713842	1.724864	1.1095517	-1.3653115	0.55310714	0.39896846	1.0442421	-0.23550458	-1.2947336
0.69613266	0.76745975	1.2879118	0.49620563	-1.1283075	1.0131583	0.6183273	1.7382969	1.1537883	-0.78249794
-0.59082586	-0.9997127	-0.19661924	-0.6947303	-1.6293074	-0.50690603	-1.0495203	-0.7445756	-1.3684958	-1.5715872
-1.3018787	-1.2536674	-0.74952006	-1.3400526	-0.8282088	-0.910353	-0.981642	-0.45975652	-0.9276244	-1.0381033
0.19887793	0.24530515	0.67992425	-0.018268898	-1.4207017	-0.4328766	-0.23269425	-0.25505206	-1.0023514	-1.5558566
-0.8694162	-0.8444958	-0.4543726	-0.9558768	-1.4103711	-1.1996047	-1.1856579	-0.63255507	-1.3689439	-1.5962737
-0.887741	-0.83152914	-0.4855828	-1.0050455	-1.4995453	-0.78148407	-0.8778796	-0.14874579	-0.94258994	-1.7378372
-0.41461584	-0.57435334	0.044640243	-0.5594033	-1.524248	-0.23298147	-0.68954736	-0.045978453	-0.3746375	-1.4069188
-1.6343348	-1.43056	-1.0658891	-1.6189975	-0.7215222	-1.4942781	-1.4592696	-0.65654826	-1.6173744	-0.94619334
0.71429265	0.2520028	1.1268793	0.5860343	-0.47640696	-0.2144351	-0.2494892	0.5417765	0.040200386	-0.4915972
-0.30911404	0.9976078	0.029174969	-0.61960286	-1.3481652	-0.10363456	0.029098433	0.09242999	-0.34473974	-1.3367767
0.2389197	1.3389661	0.3531742	-0.022758901	-0.53241736	0.55424345	1.8848844	0.7771929	0.49510148	-0.17811926
0.5881561	1.8524725	1.2372326	0.30263048	-0.8824707	0.18232673	2.7675307	1.1577528	-0.5417938	-0.23561782
-0.57049716	0.12397888	-0.16607943	-0.7719756	-1.3052475	-0.7649118	-0.28222534	-0.5963859	-1.3496362	-1.48566
-0.21112981	-0.7499554	0.19975781	-0.42691815	-1.8882529	-0.40739056	-2.248365	-0.32732317	0.09470988	-2.5966444
-0.22422335	-0.7857635	0.1897969	-0.35241085	-1.4108573	0.09198901	0.49739775	0.5523162	-0.18139663	-1.3290362
0.1581128	0.43726113	0.21436188	-0.10284515	-0.22047323	0.083791435	0.41192597	-0.10903742	-0.2919421	-0.43835106
-1.1962764	-1.1693385	-0.7568797	-1.2165592	-1.2835815	-0.6092368	-0.9769453	-0.5277752	-0.52221817	-1.0825661
-0.04640547	-0.33437282	0.55466527	-0.2590248	-1.620993	0.90808433	0.15127525	1.6827104	0.41662553	-2.0448089
1.1906579	0.3732092	1.7612264	0.9685453	-1.3396956	1.0595577	0.72668886	1.7259315	0.7833904	-1.673899
0.35211986	0.06309754	0.81099546	0.12958722	-1.3555385	0.19195393	0.066518836	0.02556136	0.92605877	-1.1880374
3.6062734	1.7949555	3.537786	3.0835547	-0.6944673	4.726942	2.3965633	4.2590275	3.6910908	-0.17887929
-0.058969833	-0.13629192	0.39444852	-0.20852329	-1.4468986	-0.120082274	-0.8316488	0.2352254	-0.1075838	-0.7434645
-0.23155922	-0.050438225	0.57365733	-0.42034513	-1.3178768	0.11515879	1.298686	-0.34139	0.33738098	-1.0456849
0.20381436	1.1356323	1.05451	-0.023725435	-0.7966404	-0.13147575	0.7324767	1.1805598	-0.014957371	-0.49840346
-0.5696056	-0.13438001	-0.17696542	-0.7380806	-1.3099725	-1.0352116	-0.71552646	-0.5232249	-0.33724338	-1.540834
-1.7247771	-1.7292522	-1.1273752	-1.6672869	-0.95440435	-1.7149943	-2.1962023	-1.2305514	-1.9968687	-1.2349156
-1.350246	-1.2927399	-0.8419585	-1.3268661	-0.6920321	-1.1249286	-1.374154	-0.5088655	-1.0592858	-1.3160906
-1.3987731	-1.5443466	-0.98847437	-1.3962263	-1.339185	-1.5709851	-0.8082981	-0.8745957	-1.5499384	-1.0882881
0.28539386	-0.10008049	0.7722653	0.12989707	-1.2568257	-0.6528175	-1.3417177	-0.53337544	-1.033749	-2.0674958
0.5439376	1.1291966	1.0644765	0.27945215	-0.8251693	1.8455417	1.5437266	1.2835976	1.1544211	-0.29596958
0.0874353	1.1953844	0.43340385	-0.22126603	-1.4541622	1.5127884	1.4389104	1.5782214	0.99472606	-0.91768354
-1.6679949	-1.639114	-1.0394472	-1.6752402	-1.64848	-1.9019337	-1.7599605	-0.96343565	-1.956856	-1.6276304
-1.6206118	-1.8840481	-1.0064249	-1.61289	-1.1225834	-1.1395308	-1.5585184	-0.8172783	-0.9127367	-1.4017224
0.20992038	0.65362394	0.71123815	0.042380944	-1.3468206	1.1237019	1.441341	1.7507114	0.8744313	-1.3661827
-0.025174845	0.8889191	0.3889671	-0.30086005	-1.1838826	0.048316795	1.6082017	-0.32641065	0.78013426	-0.9443283
-1.2737032	-1.3990155	-0.7571186	-1.2964987	-1.4671466	-1.2814336	-1.9983199	-0.5224953	-1.2128532	-1.551878
-0.70551825	-0.87780297	-0.30690518	-0.77910924	-1.6003327	-0.7075972	-1.378747	-0.8494012	-0.14513718	-1.8398073
-1.3275485	-1.5130632	-0.82287765	-1.3822892	-1.8300227	-0.35680515	-1.1632351	-0.552331	-1.0216615	-0.9265412
0.7437749	0.8892406	1.2957193	0.5121458	-1.066525	0.48785374	0.4596486	0.9583846	-0.06627039	-1.1107014
-0.5822109	-0.9156829	-0.103079885	-0.70435596	-1.588545	-0.15261132	-1.0214297	0.29049352	-0.12944245	-1.6675996
-0.9885306	-1.1619811	-0.5145415	-1.0457561	-1.4057286	-1.2910029	-1.6304708	-0.8544988	-1.8465682	-1.3961312
0.46808484	0.11851516	1.0233924	0.19056438	-1.4112996	-0.13455972	0.4286277	1.1755208	-0.49661797	-1.7809916
-0.37440938	-0.17379588	0.06651044	-0.5584195	-1.2058032	-0.6237492	0.11534738	-0.037435375	-0.45886824	-1.2075471
-0.4629707	-0.95393133	0.072671115	-0.5580272	-0.96495605	0.20996274	-0.297793	0.7228353	-0.03656867	-1.2554295
-0.6012864	-0.5192108	-0.2363702	-0.7478516	-1.158927	0.6011506	0.020609926	0.5173331	0.36724156	-0.4992754
0.6498881	0.2420612	1.2422673	0.41917288	-1.2430946	0.46284893	0.3442901	1.2199745	0.3979902	-1.8050445
1.6168664	2.0419579	2.1126385	1.3289237	-0.936177	0.4703682	2.1887646	1.2967851	-0.54975414	-1.9270878
0.14525533	-0.29054758	0.7266226	0.037777796	-1.2735865	0.7601418	0.81952405	1.311166	0.6493473	-1.6203415
0.38365883	0.07374123	0.98891366	0.13745622	-1.28837	-0.31779143	-0.6085641	0.0018273087	-0.39896032	-1.2240716
-1.3629327	-1.354245	-0.83281326	-1.4009469	-1.5723335	-1.7026509	-1.2797256	-0.7782641	-1.3150463	-1.6148553
-0.1570221	1.2640448	-0.013948977	-0.40244853	-1.0628746	-0.122225724	-0.041161392	0.5861711	-0.1310921	-2.0115469
-1.1164311	-0.2220507	-0.81829095	-1.2198011	-1.3611252	-0.51236504	-0.3603789	-0.58009803	-1.0123162	-1.7367365
0.09063392	-0.021495193	0.5983135	-0.060645804	-1.3991512	0.45977	-0.22512428	0.066814	0.45025933	-1.8954695
0.8142222	1.1021564	1.2396506	0.59791523	-1.0370963	1.4102017	2.9152036	1.7880131	1.082556	-0.7866906
-1.7761444	-1.7716326	-1.2346264	-1.7080408	-1.4562755	-1.306693	-1.5132854	-0.79819494	-1.5801479	-1.193121
0.7124949	1.4338778	1.1250464	0.42058498	-1.2185664	0.8474373	1.0810808	1.2975216	-0.9484396	-1.0869693
-1.2557262	-0.959839	-0.79553854	-1.2817988	-0.9081464	-1.1273444	-0.019276284	-0.49220675	-0.98234355	-0.697877
0.007154532	0.32729277	0.45416763	-0.20722473	-1.2800299	0.3424808	0.44760793	0.4815782	0.49284106	-1.9613581
-0.7501143	0.012489319	-0.43186232	-0.87909234	-0.6831182	-1.0350746	-1.4034722	-0.7206269	-1.4322288	-0.91426504
-0.45055616	0.003355533	-0.016326755	-0.5440598	-0.8689234	-1.0265822	0.23411642	-0.20620424	-1.2023478	-0.9413144
1.81258	1.0693363	1.8892473	1.539594	-1.1719029	1.0273945	0.010978092	0.8569592	1.085208	-1.347663
-1.6160638	-1.7316917	-1.173303	-1.5934099	-1.3993219	-1.0303653	-1.2386808	-1.0474986	-1.0551414	-1.6137362
-1.8236518	-1.8261226	-1.2258489	-1.7753735	-1.2448324	-1.7874352	-1.9265159	-0.9726753	-1.8511552	-1.3320197
-2.203427	-2.045176	-1.4544213	-2.1504886	-1.247416	-1.0091816	0.3611353	-0.59364486	-1.8169224	-1.3814459
-0.16530417	2.1303024	0.047690153	-0.5427177	-1.2658291	0.26881704	1.2421821	0.70211905	0.095241	-1.126879
-1.4973925	-1.3217163	-1.1356807	-1.4336681	0.718135	-1.9354417	-1.8241152	-1.0910023	-2.1839035	-1.2828075
0.5020771	0.58203936	0.9274596	0.28704417	-1.25805	2.8676531	1.624032	3.2213128	2.310215	-1.0094708
0.95513767	0.45086518	1.2268822	0.80090225	-1.1605899	0.042750638	-0.61939174	0.14535435	0.109386	-1.1633197
-0.36010024	0.29014876	0.13967513	-0.5617725	-1.3135805	-0.7055818	-0.29224434	-0.18387271	-0.343594	-1.0671809
-1.0459628	0.27422866	-0.73566794	-1.2715874	-1.1224478	-1.1584749	-0.90480345	-0.76364565	-0.10781822	-1.2459579
0.8730759	0.3652474	1.6458285	0.6455468	-1.5520164	0.86605495	0.6429346	1.2558867	0.9383635	-0.9033373
0.3606138	-0.23529407	0.54115313	0.16208969	-0.9682381	0.6123308	2.8132865	0.57286716	0.4202801	-1.0973718
-0.055587523	-0.20479156	0.3499616	-0.23823975	-1.2227165	-0.4228538	-0.40991274	0.17234416	-0.72916937	-1.3963078
1.1404505	0.3757538	1.2646102	0.8796778	-1.0737092	0.6317631	-0.8247053	0.49594545	0.4137432	-1.6491923
-0.20298687	-0.57897246	-0.01132293	-0.311105	-1.3078985	-0.89003783	-0.8281561	-0.35226956	-0.9371707	-1.7471377
-1.0384085	-0.76636505	-0.65889025	-1.0780436	-0.56674325	-1.0565302	-0.34435928	-0.6169321	-1.4677932	-2.119369
0.68381876	-0.5990542	1.0025951	0.4745332	-1.3862692	-1.1050144	-0.72629625	-0.5129629	-0.9614643	-1.4485943
0.8425515	-0.37129644	1.1105937	0.6333892	-1.2641999	0.43319613	0.04822789	1.0783286	0.027744817	-1.8138893
-0.19788519	-0.9277111	0.062476784	-0.2913357	-1.1712633	-0.6366841	-0.5534567	-0.5340496	-0.73630774	-1.0873098
0.56027836	0.57486606	1.1400478	0.35345256	-1.3258419	0.42460802	0.24909705	1.1826856	-0.49176967	-1.663088
0.6412535	1.3920567	1.1790043	0.36580586	-1.1621463	-0.059453875	0.09888199	0.6404735	-0.4439452	-0.41802084
2.6387007	2.1700313	2.7866333	2.3093243	-1.3468773	2.6619303	2.44432	2.927098	2.0218692	-1.2106395
0.89649314	0.46824822	1.2051555	0.6189153	-1.2474698	-0.15512389	-0.0908822	0.66966546	-1.4167268	-1.5070632
1.2705888	1.1449783	1.9684389	1.0166402	-1.2771196	1.2097167	0.9252871	1.8184428	0.52238846	-1.0307858
-0.11269026	-0.17924514	0.41961157	-0.2864442	-1.4681237	0.13891259	-0.5268231	0.42306572	-0.043549698	-0.69119895
-0.3292325	-0.28401655	0.07721233	-0.4893216	-1.1935515	-0.653428	-0.23900448	-0.16074999	-0.45821598	-0.95212936
-0.07273672	0.15181974	0.59940434	-0.24705808	-1.8540237	0.588492	0.15079007	0.96730244	0.12375538	-1.7843465
-0.10598738	0.0026276708	0.433633	-0.26434535	-1.3981763	0.057510667	-0.42078277	0.5249026	0.26882038	-1.7450488
0.2496557	0.37966332	0.70661724	0.0347497	-1.3821727	0.38635463	-0.15486778	0.4505827	1.3002665	-1.2231429
0.88202006	0.9568348	1.464931	0.6544455	-1.1806122	0.9690671	0.7646908	1.7991574	0.87045133	-1.0448211
1.2209628	1.0146414	1.6222774	0.9341862	-1.2081922	0.6136756	0.10496184	1.2672855	0.062451415	-1.4556446
0.35749975	-0.025772154	0.7124598	0.21346109	-1.3118961	0.71252686	0.38276362	0.702116	-0.5477304	-0.3999139
-0.65209275	-0.65667796	-0.4534401	-0.673984	-0.85177827	-1.0104729	-0.5474096	-0.39484924	-1.0332203	-0.16618711
-0.14327517	-0.35048634	0.30218807	-0.24814914	-0.7786958	-0.60630226	-1.1109909	-0.8027283	-0.25125402	-0.8874876
-0.42789295	-0.75565875	-0.1815804	-0.52274245	-1.2732505	-0.3962544	0.1171186	-0.0710979	-0.5496466	-1.4791392
-1.3824973	-1.1643867	-1.0879824	-1.2936996	-1.2842721	-1.5879235	-1.0463783	-0.71411484	-2.585622	-1.3186893
1.0402012	1.7858646	1.3459349	0.7114534	-0.8537776	-0.24274558	0.04015066	-0.08203562	0.39337593	-1.8442438
0.14533508	0.31674436	0.6233252	-0.031408504	-1.055354	-0.44323337	-0.09488941	0.16864453	-0.31362632	-0.83720446
0.041973807	0.16555765	0.74092317	-0.13363402	-0.9714712	0.11031874	-0.053029623	0.5943874	-0.14077711	-0.75779873
0.76321346	1.014014	1.4004167	0.56952935	-1.0681053	0.5909006	1.1575276	1.0417969	0.33933794	-1.2575234
0.22118863	0.80428636	0.560934	-0.038441643	-1.2283224	1.1199646	1.28362	0.91112655	-0.8983445	-1.0762408
-1.3110497	-1.2369425	-0.85183835	-1.2925501	-1.129286	-1.0932832	-1.5434461	-1.0889053	-1.3295155	-0.97906035
-1.0279373	-1.0249805	-0.51945424	-1.0753982	-1.0811093	-1.2271211	-0.9371368	-0.74085724	-1.1106666	-1.7041547
-0.75824636	0.31569454	-0.5504228	-0.8867443	-1.1533642	-1.3353933	-0.2902193	-0.7528116	-1.8199998	-1.5156183
0.47488257	0.9757428	0.8652034	0.20196347	-1.3224099	1.4056175	0.7865229	1.3926054	1.5362477	-1.2914692
0.8321155	2.1706526	1.3023295	0.47761285	-1.1093324	2.3559997	3.1674728	2.0256047	1.7824271	-1.3495035
0.7463388	1.176254	1.383765	0.5084357	-1.3630294	0.71668285	1.0024428	1.1856887	0.51999605	-1.1596202
0.7744799	0.8671657	1.4153827	0.6120832	-1.0033892	0.4919334	0.024373798	1.013756	0.55057967	-0.59642494
0.47424236	1.723754	0.3784927	0.23656337	0.25950888	-1.0405785	-0.3408693	-0.93048537	-2.3394392	-0.6350557
-0.2773637	0.5919424	0.16453502	-0.5397306	-1.1644788	-1.9444451	-0.99350286	-1.6697623	-3.12919	-1.8298144
0.028981574	0.8219018	0.32961166	-0.2513106	-1.0798584	-0.22875595	0.20126888	0.38275734	-0.08188793	-1.0611479
0.34842327	0.88463354	0.7424376	0.12551968	-1.2528669	0.52063715	0.7496536	1.2094293	0.27266264	-1.3835526
-0.92352813	-1.0748762	-0.48198655	-0.95058316	-0.8156848	-1.0267797	-1.2563158	0.28349695	-1.0059379	-0.44791508
-1.2009152	-1.4869838	-0.8238896	-1.2465639	-1.5664673	-2.0216622	-2.0685096	-1.7220112	-2.7667937	-1.6541455
0.13510945	0.1907419	0.2983292	-0.07392533	-0.92500997	-0.47009125	-0.8836886	-0.3704422	-1.5609573	-1.3619248
-0.7201276	-0.4326312	-0.08931899	-0.81438935	-1.2437968	-0.99751735	-1.3103292	-0.49109665	-0.19454226	-0.6368488
-0.31469294	-0.4054829	0.23345718	-0.4555347	-0.88956034	-0.0028187279	0.7737583	0.74433875	0.006379685	-0.65226763
0.13572499	1.404981	0.2067219	-0.18356125	-1.1985761	-0.18084575	0.5222581	0.044685435	-0.22336093	-1.7140157
-0.1667152	0.18893269	0.15821132	-0.36032873	-1.1717573	0.36274633	1.0415715	0.60176045	-0.3709734	-1.1398971
-0.82729495	-0.8026787	-0.30973634	-0.9256604	-1.4655792	0.54892254	-0.32165575	0.39290524	0.64956355	-1.9426408
0.8372119	1.4614147	0.7443366	0.54788417	-0.52048016	0.44124994	0.48124537	0.75233805	0.72315055	-0.4571659
-0.91753846	-1.0808171	-0.43667367	-0.99395293	-1.3505365	-1.6320289	-1.7170993	-1.5729334	-1.3261442	-1.1791623
-0.024000533	-0.07031962	0.10572216	-0.2160864	-0.9116398	-0.7200681	-0.63438433	-0.94136894	-0.5608702	-1.6266521
0.02463068	-0.24165191	0.75886416	-0.12706006	-1.4309105	0.13066804	0.25315794	0.47912407	-0.4125108	-1.008722
0.5847478	0.4823425	1.1992528	0.37946677	-1.4433864	0.5811941	0.2992777	1.411799	0.72148544	-1.7237242
-0.46928036	-0.28703326	-0.193975	-0.58187526	-1.2437917	-0.32698408	0.325413	-0.08413561	0.02499923	-1.5108218
-1.8440024	-1.8649306	-1.205151	-1.7470378	-0.6888857	-1.4371307	-1.8526762	-0.55574644	-1.3909153	-1.3380331
-0.44005403	-0.48471022	-0.040774375	-0.5426611	-1.2622573	-1.1230178	-0.6263015	-0.38871542	-0.94036645	-1.2471749
0.46628472	1.599813	0.9625343	0.13482834	-1.256079	0.28697544	0.89672995	0.6354717	0.10118587	-1.1575799
-0.208808	-0.3847651	0.46476066	-0.34835777	-1.5383757	-0.03892351	-0.117460445	0.54554486	-0.55598956	-0.97995734
-0.23391414	0.29855594	0.10638982	-0.43597895	-0.9622507	-0.65145576	-0.105741605	-0.5554639	-0.6737304	-1.6725453
-0.7455207	-0.5458853	-0.313993	-0.8966415	-1.1651111	-0.445913	-0.41929418	-0.61643857	-0.67815536	-0.9332013
0.77305126	0.5137737	1.3957078	0.5820809	-1.17575	0.8839803	0.83584636	2.2110853	0.47743493	-0.96705776
0.26979464	1.1174659	0.5957504	-0.09051634	-1.0613589	0.3042542	2.2730782	1.277559	-0.24748494	-0.17444547
0.049016677	-0.36502743	0.6624474	-0.07168211	-1.4607459	0.59364957	0.078166276	1.334049	0.8997448	-1.4456615
0.5975102	1.0680153	1.2772821	0.35372984	-1.2203135	0.68870735	1.1920986	1.2986268	-0.4167229	-1.6210462
-0.38592437	-0.03546059	0.19460371	-0.5385178	-1.0567068	-0.5429448	-0.07764707	0.24392247	-0.13852793	-0.77828825
-1.1554762	-0.16600528	-0.920439	-1.293227	0.12858814	-1.3427019	-0.7656465	-1.0578823	-1.9479109	-0.7403623
0.31490928	0.33856204	0.945505	0.12641399	-1.4072013	0.34977943	0.5754868	0.8142626	0.063877635	-1.308011
-0.15694204	-0.09122257	0.28938097	-0.35109973	-1.4591426	-0.90147775	-0.43532753	-0.23873848	-0.62884706	-1.6723197
0.062330775	0.5203084	0.65402913	-0.14922892	-1.4928373	-0.017456949	-0.04686429	1.661625	-0.14296879	-1.7388831
0.72592086	-0.038891077	1.1876792	0.49235123	-1.2922168	0.29249975	0.2652754	0.77728015	0.08976154	-1.1839209
1.0497595	0.86957383	1.7468512	0.80039334	-1.2594845	1.3838044	0.93702525	2.0459332	1.2802955	-1.1361665
-0.18619052	-0.54595536	0.19397062	-0.29164448	-1.0830477	-0.53836155	-0.8280802	-0.7277905	-0.55970603	-0.89581513
0.32905316	1.0469606	0.7670932	0.016722009	-1.2904085	0.56765443	1.2701268	1.1177626	0.027234314	-1.5012876
-0.5335005	-0.58860874	-0.15379012	-0.6039684	-1.1032636	-1.0991312	-0.77751166	-0.54433525	-0.6478656	-0.20569104
0.53995234	-0.17664795	1.3133937	0.3537497	-1.6053433	0.3348641	0.1286314	1.154043	0.48493215	-1.4695675
0.33708188	4.9117866	0.36283094	-0.2581488	-0.41385072	-0.17042696	4.4113564	1.0433376	-0.25572407	-0.3378024
0.029063262	1.3021395	1.1021314	-0.19278497	0.3954238	0.6479967	1.5843401	1.4382595	0.02748393	0.8371634
0.3963062	-0.462358	0.8974438	0.1319447	-2.4775372	0.039534252	0.045688555	0.88000095	0.5561557	-2.1134486
0.5209782	1.7099633	1.0891868	0.26044208	-1.0882293	0.45104843	1.2881393	1.2003276	0.65284055	-1.2120947
0.6673784	1.6544175	1.1063169	0.34101278	-0.798874	0.99162835	1.6693513	1.4170969	1.2458745	-1.0955979
0.082395904	-0.019901067	0.4833766	-0.1462008	-1.4156283	-0.36948845	-0.72915405	0.007992659	-0.85989004	-1.6539894
-0.07793226	-0.15663965	0.35381693	-0.22100554	-1.0918714	0.1410034	-0.9940989	0.44457117	-0.3373888	-1.1090416
0.9254547	0.6596315	1.5075588	0.6891273	-1.2227081	1.5832031	1.6610847	1.8844044	1.4387056	-1.2492992
0.92513007	1.0830723	1.4634601	0.69346046	-1.2230836	0.5560522	0.7602653	1.0765629	0.17642069	-2.0105743
1.4648565	1.6619605	1.3313926	1.145945	-0.93199587	2.3844142	3.2610435	1.8504509	2.0024571	-1.4852554
0.28365675	0.7473476	0.7936741	0.007142395	-1.4401047	0.59175634	0.7185971	1.0356128	0.61106044	-1.3992915
0.45650712	-0.059640795	1.1245604	0.28233808	-1.1934022	0.9678569	0.24429902	1.4877107	0.7444139	-0.9934973
0.4877694	0.42878792	1.0739952	0.29795527	-1.291515	1.0315905	0.9911569	1.2913399	0.26095524	-1.8735738
-0.42356443	-0.4611501	-0.042117804	-0.5250064	-0.2327494	-1.230735	-2.7166777	-1.2669246	-1.4736223	-0.53867173
0.4478068	0.38413742	1.0869087	0.24834584	-1.4284724	0.51029086	0.55231315	1.362116	0.46356496	-1.5468141
0.23113674	0.40724483	0.6513468	-0.0019591749	-1.3459915	-0.24663797	-0.08236894	-0.031855695	-0.3332893	-1.3708162
0.6204458	1.1982381	1.0088063	0.34736753	-1.306932	0.96028024	2.5840418	0.8000863	0.48925453	-0.8375363
0.59300804	0.62815356	1.22153	0.32728702	-1.2847935	0.51260275	0.9775549	1.3795553	0.6150827	-1.2032349
-0.54002357	-0.82609844	-0.07676116	-0.6296488	-1.3774165	-0.6179089	-1.065509	-0.5280547	-0.70050275	-1.6231915
0.11112986	0.15618223	0.5626941	-0.119039655	-1.4619253	0.8700118	1.4309824	1.1725205	0.30545774	-1.1831276
-1.0574691	-1.2181871	-0.47896108	-1.072213	-1.269294	-0.5444075	-0.6210693	0.020050786	-0.20006809	-1.293711
-1.0780264	-1.0944872	-0.65328157	-1.1319537	-1.1048658	-1.1248158	-0.6917595	-0.7001794	-1.3697909	-1.6711648
-0.8264577	-0.25191578	-0.33669022	-0.95294577	-1.0152065	-0.110696785	1.8166654	0.70776314	-0.22549732	0.59746176
-1.7357868	-1.7467605	-1.218225	-1.7259536	-1.6030535	-1.5216765	-2.2128608	-0.95847815	-1.5334021	-1.6889457
-0.53709114	-0.35714135	-0.15946665	-0.6515058	-1.276337	-0.10398964	-0.37685117	1.496161	-1.1591651	-1.8703017
-1.6418874	-1.6559378	-1.0979803	-1.5919789	-1.2891824	-1.730184	-2.15847	-0.97969955	-1.1363108	0.066232026
-0.57648	-0.070833236	-0.48345217	-0.73519194	-1.0193157	-1.365355	-1.035337	-1.0969268	-0.93793005	-1.4846504
-1.3265747	-1.4270173	-0.8059561	-1.3552029	-1.3603443	-1.3795062	-1.7076842	-0.798233	-1.3220565	-1.2956461
-0.26571336	-0.44876593	0.03578177	-0.41581494	-1.4326766	-0.8192173	-0.28211933	-0.16724412	-0.27377245	-2.0310788
-0.9758208	-0.42554408	-0.586136	-1.078825	-1.0600634	-1.7139214	-0.3910237	-0.69274133	-1.6109873	-1.2681203
-1.7885642	-1.758159	-1.2613668	-1.7253581	-1.4176362	-1.8958997	-2.0266442	-1.0939372	-2.0572515	-2.1265378
0.5711481	-0.9261342	0.8044419	0.35323793	-1.2674333	0.24121833	-0.9922416	0.30498272	-0.20076853	-1.5440159
-0.2012712	-1.4653484	0.22038451	-0.31369835	-2.0261083	-0.8944183	-2.616833	-0.34774318	-0.44550794	-1.4795995
-0.79230183	-0.66381097	-0.3660449	-0.8910024	-1.0532595	-0.5490706	1.0632467	-0.6413425	-0.51942605	-0.3517853
0.51620185	1.6599584	1.1247448	0.23200516	-0.4186848	0.26121846	0.74421	0.77080035	-0.8456651	-0.7239664
0.32814184	0.28967884	0.79377997	0.07513361	-1.2321743	-0.31567287	-0.61767024	0.1909619	-0.79646224	-2.1604097
0.04544118	0.990422	0.54536307	-0.25292268	-1.5611888	0.6458696	1.4777662	1.2111152	0.6991245	-1.783874
0.09949138	0.24285129	0.70730174	-0.086546406	-1.2792333	0.18752916	0.6677554	1.4378957	-0.686861	-1.0446842
-0.35288164	0.63374186	0.20657331	-0.50528234	-1.051741	-0.41888174	0.6831129	0.023899442	-0.73607016	-1.3654195
-0.9471715	-0.035940483	-0.5310005	-1.0603732	-0.47024405	-1.0506924	-1.5056515	-0.53679377	0.41574374	-1.5506833
-0.5809472	-1.0478456	-0.10358882	-0.6389425	-1.4497879	-1.2207116	-1.0719243	-0.12051666	-1.3836755	-1.7276343
-1.8966763	-1.9019608	-1.2143232	-1.867336	-1.6810313	-2.459001	-2.402994	-0.89114577	-1.5722828	-1.5159209
-1.1860015	-0.37860867	-0.7403519	-1.3195734	-0.88209033	-1.0391473	-0.017150678	-0.57089627	-0.28469598	-2.809666
-1.0629302	-0.20137426	-0.5592563	-1.2660903	-1.8294758	-0.724939	-0.069110654	-0.3885691	-1.8750188	-1.904424
-0.84027696	-0.2877439	-0.3502924	-0.97834575	-1.370555	-1.2343452	-1.3527236	-0.5971857	-2.0246835	-1.7498225
-1.1479381	-1.7485253	-0.6310638	-1.1858665	-1.4068131	-1.4334584	-1.7486833	-0.7148341	-1.5262468	-1.7714696
-0.030270822	0.3196353	0.57536197	-0.2359993	-0.18354759	-0.7934617	-1.5039239	-0.064110026	-0.969233	-0.7142591
-0.34671596	-0.55353713	0.10445213	-0.51173276	-1.3871026	-1.1140163	-1.2450721	-0.46244425	-1.0813124	-1.7260218
-1.1796936	-1.2893845	-0.7366717	-1.1441686	-1.0576206	-1.7622491	-1.891546	-1.018073	-1.6543207	-1.152452
-0.4699701	-0.6300328	-0.059915066	-0.52258015	-1.2328647	-1.6770214	-1.2657808	-1.119124	-1.4853266	-0.91578835
-0.4373897	-0.58604413	0.12246995	-0.59191775	-1.7619718	-0.46699938	-0.15210402	0.4529331	-0.7836163	-1.2165843
-0.84826875	-0.7582084	-0.45378086	-0.9396001	-1.4133141	-0.8255884	-0.5409576	-0.6867359	-0.8732708	-1.1854174
-1.5664566	-1.7663262	-0.94027233	-1.5716074	-1.447686	-1.0547657	-0.6261835	-1.0159669	-1.3282824	-1.9510906
-0.16120937	3.7850392	0.3089569	-0.4178205	1.0143888	-0.5102729	2.7512789	0.28509685	-0.7778655	-0.45307246
-0.91626614	-1.1606203	-0.43956348	-0.9943931	-1.7851961	-0.7068694	-0.772297	-0.031502236	-1.0317645	-1.6034226
-1.4411377	-1.5074985	-0.94531095	-1.4046586	-1.4017928	-1.3100717	-1.6736727	-1.3702377	-1.8475825	-1.3979254
1.3830863	1.820709	1.656334	0.9464998	-0.9930463	0.45501786	1.3520336	0.0052416343	-0.4959839	-2.3591003
-0.7155324	0.084020615	0.005686134	-0.85058355	0.890422	-1.2191397	-0.16272554	-0.7468136	-1.4383333	0.2985245
-1.3441516	-1.2159362	-0.8882805	-1.3602312	-1.2635638	-1.6628778	-1.8490571	-1.1201726	-1.568353	-1.7637948
-1.7074075	-1.6880829	-1.070156	-1.7052517	-1.2730849	-1.2603455	-1.0511403	-0.91106147	-1.8817142	-1.3332303
0.4395474	1.2642564	0.818122	0.16015051	-1.0203652	0.5287903	1.4987653	1.2842809	0.41412833	-0.7631071
1.1647701	1.3732297	1.8403351	0.94855773	-0.61936945	3.0567799	2.5280955	3.3457193	2.3842306	-1.3543868
0.6870156	0.50375354	1.3249353	0.5139574	-0.9480562	0.82264084	0.37703168	1.38647	0.5320126	-1.0491318
0.9037677	1.6339263	1.346944	0.60387087	-1.1111827	0.307559	1.4254094	1.6336583	0.683163	-1.1418029
0.8138889	1.0664924	1.2685614	0.6097148	-0.6166115	0.82770497	1.2171003	1.5032285	0.5105041	-1.0178833
-0.5476901	-0.593505	-0.1594018	-0.67616516	-1.2422309	-0.9909017	-1.1572565	-0.51167166	-1.5122147	-1.2995565
0.5507843	0.33758304	0.8806882	0.27992672	-0.9968616	0.07972972	0.042035747	0.5432468	-0.1278757	-0.7745828
0.89441663	1.2650095	1.4863616	0.68809676	-0.6728196	1.2493343	1.146365	0.9666472	0.43269393	-0.5652289
0.55787814	0.70103705	0.8360138	0.27291977	-1.470996	0.59141135	0.68904763	0.9660709	0.50465727	-1.6222756
1.176641	1.344841	1.817756	0.8901075	-1.1048591	0.6584889	1.1601638	1.4676559	0.30520198	-1.3740169
-0.68387276	-0.20556763	-0.08670923	-0.7953055	-1.3724806	0.19149068	0.68930715	-0.1103119	-0.11163781	-0.18265876
-0.76126057	1.1155431	-0.38166317	-1.1182587	-0.56370103	3.691892	2.0941782	2.9367218	2.7607899	-0.34400395
0.90601057	0.9315232	1.5323921	0.679093	-1.1031592	0.7804776	1.2271844	1.5264827	0.5834282	-1.5403022
0.46110925	0.9964466	1.0502714	0.20314015	-1.2937192	0.32456768	1.6967694	1.2336785	-0.69129515	-1.5837655
0.5615263	1.1108857	1.0932974	0.26498038	-1.2621078	0.09798785	0.9540052	0.75705886	-0.07309582	-1.3183506
-0.14212972	-0.26463255	0.26757705	-0.25569767	-1.3624082	0.6443887	0.84751064	1.0619048	0.37517098	-1.7018969
0.7741845	0.07406533	1.2854459	0.5978876	-1.0061154	0.7561974	-0.9634959	1.0614535	0.32518372	-1.9245772
-0.055887647	-0.28340876	0.41674286	-0.16353126	-1.247729	-0.6242435	-0.31565285	-0.531267	0.23956588	-1.0856394
-0.07284374	-0.06460449	0.3392487	-0.21365276	-1.2217	-0.06677605	0.37705186	0.7108897	1.0696472	-1.1971697
0.24167386	0.33777758	0.77557147	0.05715002	-1.2021592	-0.12715642	0.0012026636	0.7594751	-0.2512396	-0.6308802
-0.2530778	-0.33728334	0.11889662	-0.31894225	-0.6624099	-0.15516366	-0.6036406	-0.7672851	-1.0454587	-0.44644162
0.47566208	2.2244608	0.66889316	0.078954265	-1.0857868	-0.07203079	1.668721	-0.10002171	-0.58758813	-0.8783729
0.49764803	2.682344	0.7450912	0.051100954	-1.0092378	0.7415201	4.850674	0.62976015	-0.07919305	-0.81037706
1.7232066	0.86283004	2.100098	1.4221131	-0.7658542	0.73732585	-0.0064404574	2.1483743	1.1915298	-1.1391723
0.5134503	-0.7335683	1.1255575	0.30307484	-1.3629508	-0.7637468	-1.2308971	0.3619784	-0.9477106	-1.7063421
-2.0530326	-1.9626839	-1.4713384	-1.9667323	-1.430857	-2.1354349	-1.3422837	-1.0935922	-2.0048575	-1.0959802
0.26346794	0.6436267	0.75161827	0.015616208	-1.2423387	-0.032031633	0.46801835	0.14334679	0.34953785	-1.5330582
0.4857348	0.6371386	1.0422248	0.28508776	-0.9870393	0.11771977	0.27112564	0.8776256	0.535706	-0.82629186
1.508671	2.2544227	1.5529003	1.1811036	-1.050848	0.7405034	1.1500263	0.31294712	0.3811124	-1.1696861
0.95216686	1.205376	1.4602545	0.6864229	-1.1592101	-0.2556027	1.4769988	0.23606831	0.26392987	-1.4883784
1.0678457	1.1830282	1.5735893	0.824734	-1.213159	1.2714399	1.6549053	1.8910366	1.1839284	-0.9253954
0.79133946	1.3916059	1.1982435	0.49456632	-1.1951977	1.7573653	2.2801964	2.1218045	1.4760674	-1.2035842
0.47425357	1.6140121	0.77761734	0.15268184	-1.1840415	0.33732802	2.422441	0.85057807	0.06786767	-1.3196168
0.8017539	0.92288697	1.2326299	0.5277117	-1.406739	0.52568907	0.39607203	0.8966722	-0.12579049	-1.8305522
-0.09036662	0.48878387	0.49647632	-0.2987769	-1.2803454	-0.5436867	0.88985837	-0.0051061944	-0.5496851	-2.5490847
-0.20124182	-0.5714388	0.39764145	-0.34680942	-1.5597768	-0.96116465	-1.9245913	0.18829076	-1.0229144	-2.6897264
-0.42848462	-0.11786285	-0.015154451	-0.6760851	-1.4837114	-0.07298902	0.19848856	0.31670356	-0.95292383	-1.5246065
0.7082047	1.3438251	1.0340812	0.43161428	-0.9991988	0.2778785	1.5178483	1.1726091	0.26840496	-0.6735309
0.091144316	0.7666569	0.56668174	-0.19443086	-1.3100239	-0.3508106	-0.10414475	-0.09704435	-0.31589845	-1.3413423
-0.5767341	-0.34518734	-0.06712648	-0.7062619	-1.5391351	-0.63257223	-0.6320631	-0.42824316	-1.0480676	-2.101621
0.82022244	0.791844	1.38268	0.5486094	-1.4067345	0.83234686	1.1620197	1.6511596	-0.18008591	-1.5600439
0.42524564	0.6700325	0.95754457	0.2107961	-1.1324625	0.58949137	0.8538915	-0.07069713	0.12896948	-1.1323289
0.17672816	-0.060712576	0.6607373	0.026416436	-1.1452134	0.7353489	-0.3646404	0.3584935	-0.13114294	-0.1709647
-0.18567783	-0.20593375	0.3277318	-0.3437152	-1.5105257	-0.6974676	-0.37674072	-0.051101435	-1.1901305	-1.5585188
0.17756525	0.086576045	0.8846513	-0.0014065355	-1.4847078	0.8649731	1.0862797	1.8754222	-0.54476213	-1.4627091
0.29302466	0.7476413	0.8427502	0.032928824	-1.4195287	0.32266414	1.173334	1.1352619	0.30545774	-0.6796471
0.8636554	1.6489003	1.5629584	0.6165718	-0.8889141	0.85775363	1.1676128	2.009269	0.8563345	-1.6626583
1.1026313	2.0998878	1.4048734	0.7567952	-0.8616208	-0.20980437	0.68732756	0.5621775	-0.66628027	-0.8888812
0.13288715	0.38313046	0.68883955	-0.07930736	-1.5271626	0.14267544	0.9027188	0.75905776	-0.57578206	-1.6745204
0.3293774	0.4352148	0.8021852	0.11198981	-1.1951042	-0.11281371	0.5578568	1.5131832	-0.23137078	-0.037393406
1.0449574	0.7410103	1.5444149	0.81069267	-1.055763	0.62771106	1.0853304	1.5927826	0.52915186	-1.1637447
0.33683112	0.16022763	0.9055629	0.13544564	-1.0999385	0.6500816	2.6663544	0.9578802	0.36546552	-0.8260546
-0.03895002	-0.1432432	0.39596188	-0.24019483	-1.5332525	0.047767468	0.048273142	0.45236865	-0.200989	-1.7466811
0.33932197	0.115288526	0.9337108	0.18427949	-1.270954	0.81305546	1.3612471	0.20246872	0.031239431	0.27425656
0.20989594	0.19807476	0.68538785	0.015306011	-1.0616161	-0.75001746	-1.2234927	-0.7005063	-0.8281904	-0.96198195
-0.17872071	-0.38563478	0.412411	-0.33569008	-1.6138884	0.0077294465	-0.3668445	0.36417085	0.12337958	-1.5001289
-1.5237982	-1.7257168	-0.920105	-1.5302075	-1.7373923	-2.2646291	-2.4432983	-1.2809402	-1.1921338	-1.2356191
-1.2347139	-1.3466791	-0.768049	-1.2433273	-1.2062904	-1.1747336	-0.8984414	-0.39838713	-1.4484396	-0.44714123
-1.0178353	-1.3842045	-0.13105398	-1.1593874	-2.490525	-2.3819227	-1.7301668	-1.2287794	-2.4275296	-2.232949
-0.72907424	0.14572957	-0.38717887	-0.8731124	-0.8636255	-0.74671644	-0.03249752	-0.49605954	-1.5007784	-1.0268834
-1.0098089	-0.5784082	-0.652573	-1.1067083	-1.2218404	-0.82434195	-0.06484025	-0.883195	-0.99860895	-0.7027018
-0.30268246	1.2695853	-0.26449195	-0.64512396	-1.3681086	-1.1177669	0.25917906	-0.5957503	-0.9131488	-1.4274327
-1.0023518	-0.43699232	-0.527606	-1.1126829	-0.92279816	-1.95759	-1.7156657	-1.5390909	-2.3621995	-1.2601563
-0.13756666	-0.7212856	0.3864818	-0.24896951	-1.3740362	-0.03954139	-0.5744928	0.4258275	-0.16641612	-1.5724168
0.9384487	0.18963295	1.4434452	0.76388484	-0.85933614	1.1648223	0.25591362	2.4844258	0.25815204	-0.9531968
-1.505334	-1.3149436	-1.0269685	-1.5269912	-0.7405211	-1.5053335	-1.1459723	-0.6945354	-1.4962813	-1.0980533
-1.3545161	-1.0173844	-0.92509365	-1.3419393	-0.61137307	-1.8029579	-1.1743512	-1.3173136	-1.8842005	-1.5919868
-2.047614	-1.8904343	-1.3401045	-1.9915549	-1.6520776	-1.5074818	-1.457455	-1.0249246	-1.5016838	-1.5063013
-1.6362684	-1.7902973	-1.0737885	-1.5795527	-1.3149437	-1.6566714	-1.7763385	-1.1289409	-2.0632598	-1.6730078
0.24628866	0.52893996	0.7631326	0.01730375	-1.2497534	-0.2046084	-0.1497408	0.6933066	-0.015028095	-1.5794913
-1.044399	-1.2299212	-0.56416345	-1.0834492	-1.3150476	-1.2638899	-1.3136191	-0.40709665	-0.70572615	-1.1739383
-0.03986723	-0.09752959	0.5807742	-0.21575443	-1.4656094	0.06517518	0.25858068	1.1151766	0.6171974	-1.1610181
-0.330388	-0.3904617	0.22690333	-0.510389	-1.6418611	-0.28977266	-1.1797696	0.00643192	-0.6128013	-1.6336976
-0.6789395	-0.84058344	-0.32310823	-0.7641271	-0.8529155	-0.6387944	-1.5580728	-0.05383311	-1.1473938	-1.371895
0.48319808	1.400051	1.0340784	0.20366065	-1.1264884	0.4693038	1.7686236	1.4029084	0.39337593	-1.6383476
-0.38056475	-0.73466134	-0.11898109	-0.44273186	-0.6439673	-0.5919237	-0.5860764	-0.420312	-0.94579244	-1.6000203
-2.066928	-2.1400347	-1.3428473	-2.0280817	-2.0166073	-1.9845412	-1.8112451	-1.4690773	-2.454381	-2.2802606
-0.90694255	-0.25939164	-0.5453354	-1.0798894	-1.3937416	-2.2956727	-1.7039734	-2.0964994	-2.2559009	-1.6891309
-2.1222072	-2.0219088	-1.3970121	-2.0250762	-1.007501	-2.6081882	-2.2836213	-1.0096873	-1.4585462	-1.6735203
-0.88497484	-0.18620983	-0.5618501	-1.0364169	-0.6569545	-0.95483226	-0.0052603944	0.0057963734	-0.44516066	-1.6173118
-1.4527233	-0.95260227	-0.9458463	-1.5020931	-1.1280658	-1.3871628	-0.83087635	-1.3040242	-1.5409518	-1.0291791
-1.6543708	-1.6879394	-1.0590109	-1.6820645	-1.5545367	-1.1815236	-1.6403613	-0.38537183	-1.725287	-1.6158855
0.26205334	0.9743669	0.7306311	0.017231897	-1.3716084	0.38103384	1.2828478	0.860767	0.24012865	-1.7972698
-1.5141051	-1.4904824	-0.9317895	-1.5090431	-1.3635185	-1.1104779	-1.8031352	-1.1503485	-1.4875958	-1.3790272
-2.2266052	-1.903563	-1.5011097	-2.2115455	-1.8676268	-1.7501036	-1.153758	-0.7876652	-1.4225483	-1.6520739
-2.0846703	-2.0766065	-1.4470013	-2.024617	-1.6108363	-1.9104235	-2.183624	-1.5253053	-1.8972397	-1.9444107
-1.9547476	-1.8932681	-1.3436204	-1.9152348	-1.4586363	-2.4942226	-2.4438813	-2.091913	-3.2587214	-1.3498218
-1.7346171	-1.1864743	-1.2530457	-1.7901525	-1.5291761	-2.0325873	-2.2097902	-1.3721663	-2.9275296	-1.3244616
0.4411851	0.51605964	1.0322204	0.25523704	-1.2318699	0.11222945	0.6063922	1.0663695	0.12160057	-1.490626
2.3282073	2.944413	2.0573366	1.7588811	-0.9083086	1.8314646	0.38955936	1.3592476	1.5345677	-2.2605317
1.3003231	1.6003276	1.8061519	1.0596397	-1.0342598	1.6731473	2.426715	1.8958869	1.4485023	-0.47484854
-0.37143376	0.21788913	0.059808582	-0.6231054	-1.4843504	-0.27014297	-0.3043781	0.11004902	-0.8679982	-1.0479743
-1.3621145	-1.418052	-0.8500067	-1.354192	-1.1766958	-1.270391	-1.85876	-1.0982909	-1.4157715	-1.5974199
-0.58715373	-1.0163625	-0.030237108	-0.68223625	-1.364507	-1.4803967	-1.2899843	-0.77273935	-0.9838772	-0.9121626
0.06460925	0.7982658	0.25229803	-0.19254948	-0.9468837	-0.14053419	0.40374938	0.08893145	-0.38642225	-0.9494485
0.2275494	0.7408	0.760646	-0.05656323	-1.5402055	0.17745374	0.21400945	0.5521276	0.27566552	-1.1910529
0.50493103	0.6337725	1.0489479	0.3040511	-1.4776417	0.56433135	0.7234597	1.6814398	0.58100724	-1.0948707
1.9983133	1.5082638	2.2080724	1.4536413	-1.1073171	3.5269592	3.5836518	3.1122346	2.687942	-0.873566
0.62718934	0.7557998	1.2303978	0.43543267	-1.2894491	0.32176113	1.1075302	0.45138985	-0.06366313	-1.5531043
1.739517	0.35761526	2.2574556	1.4544842	-1.4869715	1.8909332	1.6693264	2.3369923	1.2689066	-1.4949572
-1.4403903	-1.4602929	-0.90424836	-1.4500543	-1.2144276	-1.6484063	-1.244183	-1.0792065	-1.7761569	-1.3147725
0.28648302	0.13337374	0.52056456	0.055815563	-1.3658993	-0.07644037	-0.76345855	-0.15282363	-0.4520712	-1.5826101
-0.85626596	-0.67598283	-0.48675635	-0.96095735	-1.197142	-1.1742927	-0.68041325	-0.51288646	-0.4712628	-1.5396475
-0.48654726	-0.79776835	-0.128988	-0.547802	-0.7113147	-0.11774322	-0.8612948	0.43230236	0.0771539	-1.2007717
-1.2173272	-1.3622574	-0.746825	-1.2403566	-1.1980106	-1.5269134	-1.9440854	-1.319057	-1.6375729	-1.3245944
-0.2854678	-0.71552277	0.13685054	-0.41086918	-1.5100685	-0.27162525	-0.61009914	0.18420595	-0.8088635	-1.3269789
-1.331045	-1.3691529	-0.8281727	-1.3577709	-0.7784138	-1.5316426	-0.6461856	-1.3174784	-1.7199949	-1.1625605
-0.5198363	-0.4687933	-0.09553784	-0.68058693	-1.5222228	-0.90896773	-0.5745984	-0.030065065	-1.3299918	-2.035292
-0.2672625	0.091820925	-0.1945374	-0.44918054	-0.71395457	0.9294575	1.1507901	-0.038124587	0.5559201	-0.28056332
-0.6005555	-1.0199742	-0.46769133	-0.6364499	-0.92716885	-1.7721982	-1.5132017	-0.60445875	-1.2203116	-1.4147662
-2.1115544	-2.0188262	-1.3998084	-2.042207	-1.2823458	-1.5185573	-0.78236425	0.06184686	-0.66937643	-1.0367651
2.1596024	1.8864567	2.6684318	1.911911	-0.5614465	3.2823796	1.0382589	2.8760886	2.9103987	-0.9655179
0.807771	2.448282	1.0310158	0.38527238	-0.18735333	0.9183628	3.58318	0.92274415	0.5287095	0.26525828
0.59765637	1.2998906	1.2337626	0.3803076	-0.80860114	0.7849747	1.8282725	1.3074797	0.65101457	-0.9192053
0.7550302	1.9289095	1.2434338	0.43967307	-1.1563361	0.80757254	2.267684	1.4000252	0.7091352	-0.5403314
-0.19170272	0.03979975	0.30958718	-0.44956595	-1.5768479	0.26299196	0.6371169	0.74310863	-0.037450552	-1.7334181
0.5652614	0.9415479	1.1068827	0.346393	-1.1813141	0.9774694	1.3873245	0.84547824	-0.1122269	-1.3586711
0.36871177	0.27657065	0.9637487	0.06317033	-1.6941862	0.050366182	0.6130079	0.42161468	-0.5756347	-1.9154382
-0.53580093	0.10486534	-0.33957335	-0.7261754	-1.7480081	-0.38374937	2.0968487	-0.4707615	-1.2867789	-1.1151437
-0.19157013	0.33241495	0.24090074	-0.42719328	-1.3549061	-0.5531898	0.2723474	-1.0248395	-0.3955519	-1.4599673
0.6703623	0.6997752	1.0862687	0.3654341	-1.3876425	0.028158622	1.1198952	1.0990477	0.6588888	-1.024322
-0.82638013	-0.050623864	-0.16792426	-1.0567478	-1.3714436	-1.6327552	-1.1493837	-0.706416	-1.9608235	-1.5462228
-0.6181153	-0.33691624	-0.21780285	-0.7479071	-0.9620279	-0.5678673	-0.65369666	-0.58691704	-0.9699894	-1.2701769
-0.19687495	0.15141305	0.09881574	-0.3933851	-0.7170507	-0.2729678	-0.8474904	-0.021085855	-0.59078383	-1.190321
-0.34639043	-0.39166623	0.00097844	-0.43212497	-0.6794694	-1.5727824	-1.4373697	-1.3124673	-2.5501883	-1.3503977
2.1734035	1.0452256	2.4486887	1.8878822	0.0876165	-0.17103428	-0.61824584	0.13123493	-0.4819967	-0.81260276
-0.36287525	0.33542845	-0.041434973	-0.5794024	-1.3277322	-0.22334102	1.356926	-0.34531412	-0.753133	-0.9116721
-1.0203146	-1.4531696	-0.49537584	-1.024904	-1.4947892	-0.91094893	-1.7666315	-0.32930055	-1.0065845	-2.1193304
-0.07689542	-0.45414406	0.40766603	-0.2239559	-1.3036543	-0.017896147	0.02621884	0.21913499	0.12439428	-1.2302172
0.7011434	-0.97802484	1.0395501	0.53283936	-0.64194167	-0.18933384	-0.50285923	0.36375093	0.3349805	-1.1365895
-1.043342	-1.3607185	-0.5233731	-1.1213263	-1.6742722	-1.2340667	-1.8426908	-1.0859902	-0.6680246	-1.0406322
-2.0512733	-1.8819981	-1.4478644	-1.9843404	-1.3184898	-2.4595628	-2.293043	-1.4779023	-3.0981872	-1.9819599
-0.545851	0.15408805	-0.29892007	-0.7160789	-0.9627484	-1.0582845	-0.32767558	-0.6589967	-1.0512341	-2.0108476
-0.56942433	-1.0067948	-0.33667788	-0.7243096	-0.8723351	-1.1427876	-1.2434062	-0.4814391	-1.1585099	-1.8165746
-1.788833	-2.0403254	-1.2365599	-1.7542688	-2.9837077	-2.123793	-2.080027	-1.2397951	-1.9325064	-2.0011506
-1.3866594	-1.6858093	-0.91893995	-1.3801398	-1.8374594	-0.5617958	-1.1765535	-0.11896023	-0.4800356	-2.4267294
-2.1131585	-2.0597816	-1.351769	-2.0738008	-1.8597897	-2.4734793	-2.624954	-2.1637032	-1.7733744	-2.0899549
-1.5327816	-1.6295854	-1.0884663	-1.4656125	-1.5123856	-1.8300424	-1.5001962	-2.3132343	-2.4501798	0.14470258
-1.8920317	-1.6355369	-1.2122302	-1.9114853	-1.1951276	1.4196824	0.0030988303	1.0184556	1.0744027	-1.5650178
-1.8890717	-1.8071284	-1.2664089	-1.8463038	-1.1325557	-1.3515141	-1.6925555	-1.0620688	-1.639279	-0.8017486
-1.9096584	-1.9872566	-1.1909378	-1.7443986	-0.9003713	-1.8985759	-2.07718	-1.0815872	-2.0891562	-2.0283396
-1.184597	-1.1880949	-0.82915413	-1.1509342	-0.13866282	-0.19569589	0.17550239	-0.11060708	0.29226926	-0.65048933
-2.4442227	-2.5783064	-1.6980132	-2.347055	-2.622822	-2.3384717	-1.93932	-2.0126967	-2.449502	-2.7729023
-1.5474843	-1.6844606	-0.987185	-1.4287196	0.26870766	-1.1044922	-0.7034393	-0.50214756	-1.6233146	0.044520713
-1.3306438	-1.4346248	-0.8951237	-1.2406893	-1.0819885	-1.0969784	-0.8323269	-1.2250199	0.19426154	-1.5123132
-1.5026654	-1.4674903	-0.9570676	-1.5314857	-1.4963113	-1.7367617	-1.7710662	-1.010005	-1.820709	-1.1509194
-0.712875	-0.76290536	-0.30522802	-0.8163759	-0.53602743	-0.7902126	-0.7208674	-0.34640944	-1.0676193	0.38946363
0.12431856	-0.65861344	0.8962157	0.04951276	-1.3755292	0.16340554	-1.034037	1.2946609	0.46367553	-1.9693831
-1.6155751	-1.8198406	-1.080232	-1.3753215	-0.9766787	-1.1739907	-1.3220271	-0.5945022	-1.6845769	-1.906514
1.7856973	2.1058004	1.9573702	1.4161574	0.28857002	1.2990782	1.3236535	1.3019032	0.562186	-1.1401863
-2.046482	-2.1756408	-1.34208	-1.9416378	-1.4738668	-1.9903513	-1.8049299	-1.4216448	-1.4788672	-1.499346
-0.83163923	-0.44062042	-0.23910365	-0.8949461	-0.22017446	-1.9271436	-0.8252346	-1.1955963	-2.369184	1.787758
-1.5641145	-1.6522859	-0.92396355	-1.5308233	-0.90469646	-1.8649253	-3.162977	-1.6116402	-2.3040075	-1.5491209
-1.5365814	-1.893754	-1.168251	-1.4269212	-0.5396732	-2.2375023	-0.99884534	-1.2358785	-1.7645429	0.07205854
-1.804453	-1.9511906	-1.204394	-1.7239438	-0.6281824	-1.5695702	-2.1091743	-1.1149151	-1.4287108	-0.8232674
-2.3009727	-2.1245701	-1.4947879	-2.261859	-1.014163	-2.49315	-1.6475478	-0.8328882	-2.2292933	-1.492814
-0.5708197	-0.75623155	-0.12063059	-0.6451326	-1.2896085	-0.4212209	-0.86217755	-0.19380888	-0.5439043	-1.8742826
-0.95112973	-0.86713004	-0.3729194	-0.96001023	-0.89707494	-0.90963155	-0.19677736	-0.32456174	-0.9264298	-1.4623636
-1.2343915	-1.436051	-1.0045593	-1.2191031	-1.516735	-0.9927537	-0.6817427	-1.3653138	-1.4215459	-2.2564378
-0.9464116	-1.7623909	-0.5313748	-0.80252725	-0.5106574	-0.9693188	-1.4478607	-0.15943302	-1.1660615	-0.8405748
2.665532	2.1367042	2.9987192	2.3947515	0.3654352	1.8105464	1.2132562	2.097749	1.8346833	-0.48627666
-2.0870514	-2.1669564	-1.3531932	-1.9692012	-2.1260526	-2.0625577	-2.0359566	-1.3419701	-2.050596	-1.2729176
-1.7132668	-2.010846	-1.1563054	-1.7031083	-1.4018307	-1.6950248	-1.8955885	-0.9707016	-2.1267564	-1.4681294
0.024636798	-0.87078464	0.48198554	-0.08446957	-2.1694982	-0.102348104	-0.57468724	0.47192633	0.19228557	-2.4553704
-0.6590454	-1.0155246	-0.21122906	-0.7393616	-1.3657614	-0.68385094	-0.6503087	-0.3479492	-0.98590577	0.099347234
0.20638055	-0.34995967	0.6401311	0.016303644	-1.8925264	-0.009011442	-0.13944955	0.019357855	0.5155404	-1.6120987
1.0724357	2.5062337	1.3494961	0.77467096	0.5803753	0.66967404	3.2145846	1.7071145	0.5056253	-0.032715045
-0.89501184	-1.1305023	-0.7910863	-0.92806834	-0.911402	-0.58499604	-0.22512308	-0.076775946	-0.12744285	-0.3823571
2.0848985	-0.9775263	2.2906296	1.8122001	-1.3783764	0.8582925	-1.604657	0.668793	0.49953485	-1.1062655
-1.8153399	-0.71218336	-0.9265375	-1.7796334	3.1963694	-2.7230084	-1.2544096	-1.1871696	-2.6533365	2.0339537
-0.12599361	0.15560189	0.63371444	-0.25288996	-1.1565804	-0.93650156	-0.32558268	0.5410333	-1.5642599	-1.4112083
0.24418429	1.4918407	0.5663215	0.081628755	0.68080854	0.19337101	2.791085	0.6393196	0.4162015	2.7144687
1.2508548	2.126306	1.4467654	1.0142591	-0.53526014	1.6091087	4.401601	1.69875	1.2609524	-0.02458691
0.5365069	0.25630057	0.98879015	0.34034115	-0.83768165	-0.7141511	-0.46525684	0.6443279	-1.5405711	-0.95644987
-2.7443976	-2.5292947	-1.7103066	-2.6549516	-1.847685	-2.6512022	-1.9189373	-1.5204636	-2.581086	-1.3588172
-2.0134225	-1.8991097	-1.3208777	-1.9342797	-0.88681686	-1.6513823	-1.2912124	-0.4918189	-2.3897908	0.33011475
0.38271913	-0.05806279	0.993073	0.21907042	-1.9259919	0.6808768	0.13144983	0.09495806	0.07029778	-0.863247
-2.3884528	-2.2452753	-1.6607044	-2.3036804	-1.3969252	-1.6475847	-1.4490461	-0.9552685	-0.78583795	-0.8065752
-0.9347447	-1.2933025	-0.5586411	-0.95541096	-1.2149235	-1.0592878	-1.4969031	-0.60037285	-1.5361232	-1.4680024
-0.0873667	-0.314255	0.469373	-0.20376569	-0.4963774	1.1141841	-0.34129527	1.1538323	0.34628388	-0.83286166
0.53108245	0.691391	1.2564559	0.3332246	-0.16662845	0.9546399	0.66843915	1.6100192	0.90320355	0.3342413
1.5499274	0.3082582	1.5133048	1.2825147	-0.75456774	-0.03136819	-0.61529547	0.88782465	-0.071986005	-1.1382076
-1.968471	-1.9225366	-1.2591699	-1.8915746	-0.7674713	-1.6989428	-1.7780776	-1.0800401	-0.759012	-0.35989773
0.5385706	0.54271305	1.179877	0.3622424	-0.17292199	0.1912458	0.8127492	0.386131	-0.23018096	-0.7957066
0.30797476	-0.43943027	0.7865306	0.16681968	-1.4482898	0.5339033	-0.694166	1.206246	0.5042177	-2.23898
-1.054271	-1.3087921	-0.7672242	-0.9880606	-0.71164465	-1.360937	-1.6471149	-1.4907721	-1.7187238	-0.73258513
-0.45125356	-0.7437309	0.17472228	-0.5111361	-0.75405765	-0.5616564	-0.5739092	0.02683025	-0.9202653	-0.98823285
-0.31437913	-0.52700686	-0.003204435	-0.4064868	-1.2078428	-0.010173298	0.2746519	1.1147616	-0.60250074	-1.6546603
0.18827951	-0.528893	0.58549374	0.0077735037	-2.0389178	0.1164002	-0.8527236	0.34011298	0.51297647	-1.7846371
-1.0523424	-1.5062385	-0.58854043	-1.1185671	-2.165209	-0.70516753	-1.572046	-0.5634457	-1.6635516	-1.7248571
0.17791697	0.23675448	0.4152996	0.028030142	-0.6755185	-0.82101697	-0.8160319	0.12793824	-0.41280824	-1.0256232
-0.3068208	-0.9206704	0.08884832	-0.35488367	0.044483483	0.4890503	-0.67753786	0.8316877	0.44233584	0.8570166
0.5999178	0.2761673	0.93437696	0.397182	-0.54215336	1.0957754	0.35520977	1.6345401	0.5011991	-2.0831091
0.256432	-0.07140228	0.7397313	0.19101016	-0.3048955	0.48294452	0.4567483	0.4834795	0.3802444	-0.93099725
-1.3673536	-0.68028677	-0.8464242	-1.411481	-0.91036487	-2.0413938	-1.220113	-1.6976712	-1.5205101	-0.6761338
-0.92556137	-1.3955572	-0.5788783	-0.93802965	-0.35613203	-1.2410372	-1.3113799	-0.39422107	-0.98122984	-0.9046919
-1.8539191	-1.6567727	-1.2465435	-1.8601317	-2.0197372	-2.2870762	-1.6245137	-1.5852689	-2.6905236	-1.8329337
0.11243176	-0.11769351	0.746938	-0.030713469	-0.48650765	0.08041567	1.7431653	0.24595502	-0.6247996	0.038861107
0.6590311	0.1603285	0.88116443	0.45898855	-0.37044466	0.73074776	0.57766926	0.9084673	0.73558706	-0.4755349
-1.8178259	-1.9421017	-1.2116098	-1.8139834	1.480806	-1.5984288	-1.1927955	-0.94169044	-1.5555052	0.6925306
-2.7212882	-2.371683	-1.6997286	-2.6086187	-1.1868294	-2.43187	-2.302889	-2.033058	-2.281008	-1.150297
-0.8599198	-0.001465857	-0.21852764	-0.9771428	0.9306549	-1.4543543	-0.0017528568	-0.31397936	-1.4677048	0.2002342
-0.3447246	-0.0031794012	0.19825462	-0.44593644	0.5899036	-1.4604045	-0.94982195	-1.115963	-1.9458841	0.007462669
-1.9758663	-1.6679584	-1.2635592	-1.8195851	0.5565773	-2.2885687	-1.7966477	-1.225127	-2.2524626	1.3881255
-0.54083973	-0.8628353	0.30404654	-0.63764596	-2.124849	-0.20253022	-0.6011279	0.6536055	-0.1705315	-1.6628773
-1.2918588	-1.391993	-0.830904	-1.228519	-0.44763544	-2.1869445	-1.8680679	-2.322501	-0.9627679	0.0024519528
1.5436888	0.7822591	1.8043675	1.2212491	-0.21135142	2.2255862	1.2250715	2.5194018	1.9557679	-0.30123895
-1.9863359	-1.9446487	-1.3321817	-1.8407073	2.762642	-2.1596284	-2.1273928	-1.1208005	-1.767575	2.5059829
1.0170887	1.1072731	1.2563356	0.7441244	-1.1912584	-0.36705554	1.6435809	-0.12723428	-0.3229222	-0.2891773
-1.0512855	-1.4952161	-0.73255503	-1.0690552	-1.1951568	-1.8955708	-1.8568338	-1.4605948	-2.0085523	-0.607045
-0.8941188	-1.3895245	-0.49383786	-0.9288492	-1.3018844	-1.0426354	-1.8013182	-0.51141524	-2.1272447	-0.7489515
-1.8917797	-1.9323715	-1.1933564	-1.8445486	-0.49755678	-1.0396249	-1.8138065	-2.020349	-1.5276788	-1.1403521
0.5238547	-0.049412698	0.8077729	0.36522472	-0.8341646	0.8260173	-0.17912276	1.1318157	0.45239252	-1.1359124
0.7428909	0.4502519	1.1249235	0.51652944	-1.1190192	0.51536053	1.4156301	1.4390196	0.5050057	-2.0449975
0.33786455	0.21450135	0.86406946	0.12597202	-0.32650188	1.0761975	0.0983362	1.601615	1.024547	0.25937986
0.5013979	0.06722894	0.89752877	0.29155183	-1.5701044	0.09867161	-0.080422625	0.84434015	-0.2774695	-1.8735651
0.35164303	-0.2551309	0.6349803	0.31995285	-1.3450493	0.18271753	-0.6954875	0.49871108	0.41489983	-1.7934967
-1.7635167	-1.2643527	-1.1713123	-1.6967744	2.1128292	-1.7823592	-0.59051585	-1.1634012	-0.90782416	1.6756691
-1.7341415	-1.9141253	-1.0545634	-1.6385652	-1.7910798	-1.9533458	-2.0417356	-0.69398576	-1.9335	-1.6117482
-1.0957292	-0.72501576	-0.48308554	-1.0225154	-0.61473715	-1.5421188	-1.2321116	-0.86455196	-1.8090099	-0.99905485
-0.23532605	0.5425401	0.41209418	-0.30631673	0.92525876	-1.1073749	1.7686659	-0.60105157	-1.3087571	1.1537472
-2.0322168	-2.070603	-1.3208789	-1.9827918	-1.5093311	-2.6101725	-1.9807286	-1.4552633	-2.5895505	-1.5592282
-0.5625704	-0.67991483	-0.017083675	-0.686399	-0.38207877	-0.33412918	1.2002939	0.70975924	-0.35567707	-0.53532904
1.1424295	1.5325172	1.7436353	0.8300674	-1.271287	1.6301516	1.9964652	2.1671662	1.6029073	-2.0406625
0.41254574	2.0679064	0.32486135	0.25250214	2.0581765	0.048150122	0.84111196	0.47868055	0.026242686	0.94780445
0.39756423	0.9671556	0.71665084	0.3479787	1.7425848	1.0101285	0.8026731	1.1606491	0.6613203	1.1726956
0.3097359	-0.058115453	0.57934415	0.2755782	-0.9884918	0.9006836	1.1240704	0.53487784	1.2011645	-0.939487
-0.22057894	0.3196738	0.26539466	-0.42363924	-1.3626343	0.36439863	1.8461304	1.0727464	1.0211354	-0.512193
-0.92689645	-1.3384781	-0.4592466	-1.0480267	-1.604213	-1.1452041	-1.3538263	-1.1572229	-1.4328011	-1.4261847
-0.077187836	0.554456	0.32984132	-0.17028296	0.5333874	0.028876757	-0.34083655	0.5728899	-0.053211227	-0.8394178
-2.3261054	-1.9954462	-1.6964179	-2.2081702	-1.6061326	-0.4524155	-0.83102685	0.19643939	-0.21872377	-2.225977
-0.7732611	-0.8634074	-0.32574597	-0.7087912	0.6698605	-1.4654171	-1.207497	-0.68541586	-1.1543207	0.40807688
-0.10686789	-0.7325059	0.2998704	-0.27460855	-1.7267581	-0.6657787	-1.6294334	-1.0580295	-1.0535781	-1.2802446
-1.9372513	-1.987473	-1.2924157	-1.8662952	-1.078733	-2.047302	-2.3198838	-1.2267402	-2.3198607	-1.0667458
-0.60090876	-0.8842175	-0.13308907	-0.6726512	-1.3787332	-0.82892275	-1.1063014	-0.09619813	-0.5199711	-2.5906212
-2.3956218	-2.2981956	-1.4811053	-2.1840806	-1.2496645	-2.0987434	-1.2219745	-1.038961	-1.9857004	-0.90577024
-1.753896	-1.7328783	-1.215801	-1.6650475	-1.2497216	-1.5027664	-2.0452225	-0.84360987	-1.2760451	-2.6836925
-0.6510527	-1.2604153	-0.2716703	-0.7485169	-1.410298	-0.458467	-0.9971494	-0.3414498	-0.74032587	-1.3069215
-1.3459538	-1.331298	-0.76755786	-1.4884835	-1.6839601	-1.1435683	-0.12004164	-0.17279783	-1.4256823	-1.9149936
0.13427913	0.5681577	0.5847181	-0.12749733	-1.5779177	-0.058327034	-0.17772718	0.56289226	-0.5199258	-1.5389028
-0.07322514	0.3574405	0.15748352	-0.17469563	0.102124244	-1.9976963	-1.443909	-1.3858414	-2.4733162	-0.6687663
-1.5426437	-1.7552896	-0.9303379	-1.499531	-0.28518403	-1.3088403	-1.5504912	-0.7618915	-1.5314343	0.47565493
-0.6470804	-1.5174911	-0.24170485	-0.74695295	-1.0345811	1.0758363	-1.4531041	0.5778021	1.0268015	-0.84766835
-0.1345878	-0.33535436	0.22983697	-0.28920913	-1.3305088	-0.30531237	-0.14983042	-0.13319679	-0.48614833	-1.9352342
-0.7236785	-0.42049327	-0.45502123	-0.6429949	0.31532905	-0.31926987	2.3650713	-0.096249975	-0.09131682	2.1368644
-1.8414156	-1.6555867	-1.344769	-1.7952305	-0.94753385	-2.27556	0.3010334	-1.0733557	-1.8472285	2.8358274
1.4985151	0.552479	1.6509997	1.1735512	-1.0900329	2.033249	1.4836872	2.1020331	1.6432571	-1.2816272
-2.806096	-2.6407177	-1.7920029	-2.6885974	-2.33493	-3.150053	-2.2971735	-1.5419946	-1.8796878	-2.2350843
-0.055061854	-0.34939587	0.41577104	-0.14827861	0.03475237	0.2634625	-0.37533432	0.8232746	-0.07690509	-0.7920513
-0.23523366	-0.37548867	0.13635758	-0.40788418	-1.5867052	-0.6367802	-0.98428273	-0.6396252	-1.4048368	-1.3777792
-2.1922987	-1.974161	-1.6054734	-2.0856068	-0.37678775	-2.4938555	-2.2210057	-1.8358307	-2.427198	-0.40694034
-0.6717953	-0.11259672	-0.2792683	-0.65995634	0.45812806	-0.92993087	-0.6190445	-0.23361927	-0.7744073	-0.49248946
1.0400813	0.18161562	1.4501944	0.78038865	0.07755607	0.9428993	0.18910637	1.7166016	0.51082355	0.7118691
-0.9114886	-1.3996207	-0.6302577	-0.81176084	1.2023096	-1.2853923	-1.5883578	-0.6718811	-0.8642768	0.37496305
-1.662052	-1.8630261	-1.1290369	-1.6375997	0.11285946	0.17858621	-0.370325	-0.040086176	0.44571492	1.2694478
-2.0991428	-2.198462	-1.383626	-1.9795383	-1.1381246	-1.6737659	-1.7173458	-1.0204203	-1.7476912	-1.586393
1.0324718	0.078366786	1.4727296	0.7084608	-1.0177134	-0.5509321	-0.96991986	0.44696307	-1.7246488	-1.8877232
-1.0467705	-1.18282	-0.61223376	-1.0737054	0.869889	-0.8554985	-0.9533838	-0.5199097	-0.8735059	0.34829962
0.3869028	1.9218259	0.6807606	0.04316351	0.4897252	1.0438635	2.5894358	0.74431396	0.87751436	-0.39770892
0.6149196	1.0328549	0.8593426	0.3933406	-1.5864171	1.0000854	0.49920723	0.9410152	1.0234504	-2.379028
-1.4506896	-1.4919921	-1.0006741	-1.4347963	-0.5311415	-1.8767356	-0.6040801	-1.5405525	-1.4001732	-0.6535054
-1.0849328	-1.407782	-0.6197871	-1.0974418	-1.4649107	-1.6220646	-1.3438996	-1.1252244	-1.4406253	-0.2742223
0.16150835	-0.38987198	0.61472845	-0.03106308	-1.7189962	-0.11085235	-0.8875682	0.7718236	0.14476699	-1.7864938
0.5363086	0.84463036	1.0660875	0.27096647	-0.48240775	1.2017803	1.4979395	1.3808464	1.3918582	0.15869221
-0.5241425	-0.95717895	-0.11213538	-0.6930078	-1.6195431	-1.6141326	-2.7561343	-1.531989	-1.3281636	-1.5956631
-2.4725263	-2.2018802	-1.5695279	-2.2873418	0.8944286	-2.8780346	-3.1228893	-1.5667825	-3.509629	1.6165471
-2.9812703	-2.4312618	-2.1952467	-2.7044706	-1.7720156	-3.0382373	-1.8697468	-1.5561864	-1.9183791	-0.32019386
3.9699605	2.7500663	3.2143397	3.4611893	1.0300015	1.9404573	2.0296667	1.2020947	1.4413751	0.16430752
0.47036752	0.029789567	0.7318698	0.30101758	-0.9642391	-0.071512185	-0.27288643	0.2519459	-0.20920254	-0.7976764
-1.0597388	-1.118156	-0.4425833	-1.1201935	-1.149857	-0.82641304	-1.1353157	0.3565261	-1.0560498	-0.7794216
-0.20997444	-0.3765051	0.3085559	-0.35688603	-1.4695135	-0.64630765	-2.299744	0.42186522	-1.0166128	-2.399027
-0.49206746	-0.23757808	0.15555497	-0.77001226	0.23362139	0.104617	-0.56222534	0.5599364	-0.831379	-0.86055475
0.32782495	1.2310607	0.7700845	0.122379854	-0.49162328	-1.6484259	-0.103325635	-0.5569795	-0.13787152	-0.9868677
-1.9226795	-1.7776896	-1.1777688	-1.9115424	-0.27727875	-2.0938995	-1.6612897	-0.8715574	-2.0827615	-0.6118952
-0.8581833	-1.184989	-0.5112231	-0.92659765	0.5415007	-1.789729	-1.6111417	-0.9266277	-2.7159724	-1.0916564
-2.6043406	-2.440571	-1.5815008	-2.5354943	-1.7121098	-2.4579906	-2.07878	-1.2010517	-2.7021315	-1.9321765
-3.011396	-2.6172686	-1.8764682	-2.8873382	-1.9308145	-2.2496417	-1.5289448	-1.2149963	-0.7627433	-1.2650144
-0.42842644	-1.090845	-0.019928068	-0.48435152	-1.360287	0.4315414	-0.2976284	0.26247638	0.13034151	-0.70943826
-1.6671839	-1.892164	-1.3069928	-1.4897082	-0.5374981	-1.2774348	-1.9628556	-0.9724798	-0.94544643	-0.60617644
0.24673429	2.6302	0.55913293	-0.12758449	0.0435524	0.26863125	1.9831886	1.1958964	-0.21986574	-0.34673256
-2.0143685	-2.2984524	-1.4140749	-1.8985318	-1.0411707	-2.345568	-2.064544	-1.9030887	-2.4209757	-0.7363087
-0.24444199	-1.0965337	0.17551866	-0.3035224	-1.4303428	0.7844303	-0.8931403	0.6092726	0.25116143	-0.38547888
1.0296971	0.38394436	1.2475992	0.72421575	-0.33885378	1.7318399	0.8422321	1.8846953	1.1443154	-0.24295446
-1.1533301	-1.4077797	-0.8599143	-1.101909	-0.049542546	-0.9377805	-0.54959005	-0.4880513	-0.7041979	1.4815133
0.61784714	0.92804015	0.83805585	0.32716823	-0.42225814	3.0731637	0.5759293	3.0444915	2.7416904	-0.034428906
-2.009557	-1.6942344	-1.4983748	-1.9437357	-0.09076801	-2.8868206	-2.2707698	-2.0491047	-2.3852203	-2.5946658
-1.5072641	-1.7201396	-0.977396	-1.451955	-1.0822676	-2.251581	-1.7429509	-1.7526195	-1.8229588	-1.677911
-1.930433	-1.8910782	-1.1856966	-1.7663839	-0.7926903	-1.56263	-1.5428596	-0.40420863	-1.1118594	0.22850305
0.0120367035	-0.53304327	0.25548604	-0.0616581	-0.6737603	0.100275524	-0.75277966	0.482575	0.12209718	-0.56491244
-0.7379027	-1.1143559	-0.47241148	-0.7147563	-0.45773977	-0.90111136	-1.3760378	-0.6264961	-0.9320521	-0.7757392
-0.19792372	0.3063461	0.0454593	-0.4809025	0.87884676	-0.35843694	2.5645826	-0.30104187	0.062493965	1.3708531
-1.0827655	-1.4312221	-0.67259943	-1.0950334	-1.6099713	-0.0870039	-1.063335	0.38383865	-0.7434178	-2.0405412
-1.1094375	-0.5138576	-0.533357	-1.1183234	-1.3016332	-0.52351624	-1.7986389	-0.73670703	-1.169321	-1.4773985
-1.9798958	-2.1782806	-1.3951508	-1.947208	-0.77955693	-1.8337387	-2.1842253	-0.8620942	-1.9025367	-0.9115364
-1.8345174	-1.8058674	-1.2381207	-1.8069662	-0.7647543	-1.8213104	-2.0634797	-1.0561882	-1.7165025	-1.3624363
-2.3538868	-2.2884927	-1.7091428	-2.2630696	-2.1017349	-1.6757457	-2.113555	-1.2547643	-2.8129914	-1.6920699
-1.1129622	-1.4364442	-0.61937857	-1.1249105	0.19037327	-1.6504678	-2.0038795	-0.9717973	-1.6102747	-0.19118538
-0.29019052	-0.87444973	0.2511107	-0.44400096	-2.2601883	-0.23520565	-0.79981035	0.3420102	0.36509675	-1.5897201
0.3107851	-0.12277964	0.6328223	0.13374083	-1.8871129	-0.52690566	-1.4185314	-0.6341932	0.04316866	-2.8956685
-0.072539546	-1.1512147	0.20306876	-0.13848133	-0.06344241	0.073538706	-2.1099038	0.2980113	0.31828833	-0.57507354
-1.9609028	-2.0464406	-1.2808886	-1.9483054	-1.6511028	-2.0552654	-2.394784	-0.53380775	-1.7998986	-1.9077017
0.2768725	-0.08701286	0.6055776	0.040382594	-1.4438701	0.082899034	0.36279303	0.8480961	0.41776288	-1.8972203
-1.6643269	-1.6878173	-1.0668062	-1.667218	-0.9787334	-1.5008495	-1.2411733	-1.1311214	-1.4358097	0.18597952
0.07118537	-0.437505	0.73531747	-0.0651723	-1.3618765	-0.07860809	-0.6151911	0.63998604	-0.32989538	-1.6180475
-0.33246982	-0.67794496	0.16548067	-0.4677269	-1.7779243	-0.65122616	-0.95534754	0.05654597	-0.74141246	-1.9638233
-1.3382592	-1.3573276	-0.31628206	-1.3116059	0.1325269	-1.670764	-1.7556996	-0.87204784	-1.7442374	0.6161295
-1.9675491	-1.473905	-1.2749128	-1.8529963	1.9544815	-2.192191	-1.7784376	-1.3147868	-2.429656	0.24775714
-2.9415424	-2.6576936	-1.8589227	-2.849495	-1.4626527	-2.9787517	-2.3949716	-1.7366492	-1.4113688	-1.9237165
-0.4833717	-1.0504695	0.08798006	-0.59546745	-1.5318279	-1.4271182	-1.3054811	-0.9056812	-1.0872376	-1.443814
-2.159	-1.6744838	-1.5181078	-2.1860561	-1.7209815	-1.4841566	-0.8036625	-0.9204228	-1.7658733	0.11918326
-0.4347397	0.5434598	-0.24913305	-0.52750766	0.34915873	-0.30247214	0.18914495	-0.5586482	-1.1025007	-0.10420205
-2.0309079	-2.219464	-1.4017228	-1.9392871	-1.365095	-1.1055888	-0.6986993	-0.51727027	-1.5068238	-1.4584957
-0.20242956	-0.4770938	0.3558377	-0.3273645	-1.3612529	-0.21270552	0.20085457	0.106054686	0.40745804	-0.6053989
1.9680592	1.9210725	2.0928566	1.6468384	-0.12573487	2.324594	2.4107184	3.0285728	1.8746009	0.2897507
-1.8137231	-1.7393434	-1.2789748	-1.7171309	-1.7680353	-1.9862686	-0.9054145	-0.99190855	-1.4511464	-2.053651
-0.73860973	-0.58162415	-0.665354	-0.75671065	-1.5657718	-0.4606561	-0.7928158	-0.70974946	-0.60729337	-2.1103568
0.23689601	-0.4157726	0.83123934	0.14184861	-1.2019206	0.40733358	0.3227354	0.77148896	0.6416704	-1.6544472
-0.7283001	-0.91685176	-0.26363215	-0.74738246	-1.083037	-1.1683921	-1.3258021	-0.6989402	-1.4826747	-1.263763
-2.2092817	-2.560613	-1.4246755	-2.1275146	-3.4471357	-1.9342805	-1.880722	-1.2952908	-1.756027	-3.3406034
-0.74952716	-1.1590245	-0.26938054	-0.7675438	-1.2030984	0.08809219	-0.5562818	-0.43057048	-0.026282987	-1.7186775
-2.1818433	-0.72406137	-1.4998393	-2.1808584	0.53984284	-2.1941428	0.34869987	-1.2880744	-2.0117145	2.102412
-0.65809846	-0.5387356	-0.5824665	-0.5898265	-0.5557463	-2.229376	-0.48754445	-2.1483955	-1.8770822	0.3851715
-0.76910347	-1.2611908	-0.16246909	-0.86707866	-2.4577093	-0.6460566	-0.75843817	0.865803	-0.36095887	-3.386107
-0.72829014	-0.9291507	-0.24963728	-0.73657393	-1.8232514	-0.69485676	1.3907447	0.49596775	-1.1004206	-1.4582375
-1.9724133	-2.118085	-1.2755042	-1.8272076	-1.8309432	-1.5247569	-0.12468188	-0.55506873	-1.9949943	-1.8444496
-1.8115174	-1.5673436	-1.3011181	-1.7633061	-1.3353728	-1.8224455	-1.0987188	-1.4755371	-1.4525824	-0.59971744
-1.5052716	-1.7342612	-0.81952024	-1.4820472	-1.8491131	-1.1905652	-1.4947288	-0.6652595	-1.502804	-1.2909496
-2.413841	-2.247156	-1.5688745	-2.292523	-1.8540708	-2.575017	-2.310626	-1.5431901	-2.9251683	-1.8862575
-2.3202944	-2.1571965	-1.5094355	-2.192615	-0.35137928	-2.1210883	-1.5794032	-1.3139262	-1.9489889	0.2562786
-0.4954455	-0.8008437	-0.0020851046	-0.49607682	-0.21489382	-1.0259149	-0.92894834	-0.18589604	-1.1826694	0.35969815
-1.1331676	-1.200384	-0.7265681	-1.1505283	-0.9864359	-1.1002243	-0.69599396	-0.39961115	-1.0845312	-1.0866165
-1.1573429	-1.2553253	-0.80296075	-1.1282728	1.1730852	-0.77289456	-0.8943167	-1.1366434	-0.5118416	2.022368
-2.1372545	-2.1855876	-1.4172751	-2.042452	-0.96237147	-0.6019246	-0.98429734	-0.34957033	-0.5065584	-0.7559026
-0.5576745	-0.8475245	-0.3539339	-0.54663795	-1.0560228	-1.9235414	-1.9026433	-1.1340356	-1.003531	-1.5083206
-0.9185466	-1.1890614	-0.44120172	-0.933388	-1.6178943	-0.30102533	-0.7127576	-0.26845196	-0.8959548	-1.1902069
-1.222631	-1.3619876	-0.5301566	-1.1985728	-0.7013391	-2.083495	-2.7114668	-1.6746328	-1.8748372	-0.37381434
-1.8257962	-2.047733	-1.2055265	-1.7133945	-2.2938764	-2.3123136	-1.2957014	-1.1027596	-1.638333	-2.9991543
-0.765772	-0.97588754	-0.5755168	-0.7110008	1.6924931	-0.4785734	-1.2563983	0.07559544	-0.016011281	2.3533688
0.007898532	-0.6209394	0.4060893	-0.13621302	-0.70492864	-0.6184532	-0.72956157	-0.45063636	-0.58565915	0.54408884
-2.764015	-2.4769661	-1.8151217	-2.661446	-2.0306363	-3.2930949	-3.3391483	-1.6899123	-3.2198658	-2.6396625
-3.0283356	-2.6657789	-1.879137	-2.9379435	-2.1903086	-3.068278	-2.4796765	-1.4931301	-4.0949473	-3.2948039
-1.7339746	-1.814451	-1.113316	-1.6271473	-0.85825765	-1.5577488	-2.1120446	-0.77759194	-1.4729067	-0.57872534
-2.1059515	-1.8496224	-1.4792911	-2.0206673	-0.8668747	-1.4551104	-1.3228502	-1.1675707	-1.2447274	1.2423221
-0.76404834	-0.96911085	-0.18921307	-0.935332	-2.5204253	-0.29862186	0.0804787	0.16459064	-0.9142911	-1.4058357
-0.52711934	0.06903693	-0.31894407	-0.6057335	0.6515368	0.21327996	-0.18158521	1.6998706	-0.5070884	0.19580573
1.2698956	1.1891149	1.5721085	0.9262978	-1.3032111	0.889571	-0.3289053	1.4253151	0.6425465	-1.4450624
-1.9624188	-2.15713	-1.2607837	-1.9297479	-1.3398786	-1.7110884	-2.1448152	-1.16903	-1.8823034	-0.6007313
-1.5270866	-1.3220057	-0.7404524	-1.4335846	0.23141399	-0.8063532	0.21235311	0.26236197	-2.4221995	-0.84084725
-1.7718674	-1.8945796	-1.0109266	-1.6880885	0.6793972	-0.86295164	-1.8532751	-0.6252888	-0.7029464	-0.7245586
-1.5650009	-1.6710157	-0.8749522	-1.501472	-1.1822486	-0.7093173	-1.4738984	-0.07799014	-1.0085565	-2.1880403
-0.7899434	-1.6444291	-0.427322	-0.85766214	-2.145322	-1.5141246	-1.5320212	-1.41353	-1.3842317	-1.2913744
0.5842829	0.7275462	1.0855017	0.43815422	-0.69711137	0.4442574	0.6644534	1.234824	0.691974	-0.611195
0.08736839	0.99172616	0.7029393	-0.061410606	0.9825549	0.9911866	1.727918	1.9469554	0.96653277	1.5465213
-2.6737108	-2.4249165	-1.7149863	-2.5559766	-1.1171881	-2.6952946	-2.2132764	-1.8522637	-1.929413	-1.4495999
-2.0509765	-2.260721	-1.3367887	-1.9322958	-2.028579	-1.4647293	-2.3072367	-1.6596888	-1.4934772	-1.4177833
-2.0346453	-2.1723905	-1.3173465	-2.0531256	-1.5022411	-2.0672016	-1.5295382	-0.920932	-2.2340178	-2.0468419
-2.1160343	-2.0601442	-1.3447781	-2.0144486	-0.08035001	-2.401829	-1.9369625	-1.2630266	-3.0122147	1.1942763
-2.025126	-2.2205248	-1.4295137	-1.9565512	-1.3467234	-1.7428632	-0.92279434	-1.0475979	-1.7730293	-0.90378314
0.16354448	-0.15349951	0.49670407	0.0068561435	-0.9404745	1.2538756	0.9236698	1.5947168	0.93431985	-1.4233116
-1.6725366	-1.868197	-1.1047328	-1.652501	-0.59446424	-1.896628	-1.9520557	-1.3011036	-3.2869387	-0.2868226
0.22738287	1.056526	1.0069538	0.025858596	-1.3314179	1.2021999	0.1788349	1.5397925	1.0954038	-1.853278
-1.9034762	-1.827896	-1.3279867	-1.8272408	-1.2258742	-1.7476894	-2.208739	-1.6072459	-2.0006428	-1.4197733
-1.2886498	-1.848717	-0.8843188	-1.1915721	-1.311544	-1.5525212	-1.9563831	-1.0478865	-1.5100081	-0.9381692
0.46214458	-0.37628898	0.8248925	0.26575005	0.0133321285	0.5798134	-1.0729896	0.46721533	-0.30467102	-1.3721966
-0.66119015	-1.0161301	-0.26632223	-0.73997283	-0.51090825	-0.8512331	-1.3770062	-0.27869123	-0.5177647	-0.55859214
-1.2308826	-1.6178966	-0.73288727	-1.2618403	-0.4959269	-1.8323573	-2.2100542	-1.1222651	-2.4572334	-0.55471385
-0.8054907	-1.5909331	-0.40732518	-0.67203057	-1.8708144	0.20745395	-1.0762935	0.5222938	-0.3502947	-1.8834825
-1.288135	-1.6822145	-0.84617746	-1.2208934	-1.0048969	-1.3468447	-1.6781867	-0.9113583	-2.0216508	-0.685162
-0.32343492	-1.1828275	0.42048892	-0.4044394	-1.6865968	-0.5831873	-0.4061232	0.48146078	-0.5323248	-1.5692295
-0.04741654	-0.86978257	0.41142896	-0.21995679	-2.4820402	0.51092595	-0.2975696	0.7882568	0.25860146	-2.1721673
0.12405347	-0.4596178	0.2755053	0.028987497	-1.6658481	-0.58468103	-0.8010561	0.30197662	-0.44385937	-1.1159682
-1.2970589	-1.6270332	-0.8489109	-1.2624073	-0.9878303	-0.60256517	-2.1714385	-0.3791339	0.021516958	-1.7410035
0.096657254	-0.17971817	0.501227	-0.102497086	-1.4859817	-0.40971637	-0.34991542	0.0578674	-0.49625775	-1.4036155
-1.4162797	-1.43054	-0.96752954	-1.2786365	0.12784061	-1.8800559	-1.3157426	-0.6201937	-1.868264	-0.6965313
-0.17517498	-0.8997897	-0.02720946	-0.21878366	-1.5432363	0.16317762	0.7555507	0.6170016	0.18905985	-1.2084479
-2.3015802	-1.9717519	-1.6290584	-2.2289293	-0.2451525	-1.9062462	-0.6668131	-1.1564394	-1.9982074	-0.59110373
-1.1258497	-1.299419	-0.64861953	-1.1790667	-1.481432	-0.6528808	-0.04996576	-0.1557438	-0.36669022	1.1288304
-2.0963438	-2.0373025	-1.3652371	-2.0048609	-0.86695814	-2.2629356	-1.9228123	-1.2427444	-3.454621	-1.2027187
-0.10165676	-0.8331876	0.40975052	-0.2700749	-2.221982	0.02703992	-0.84696496	0.13852061	-0.072163776	-1.8935982
-0.36433494	-1.1141683	0.09466511	-0.44900775	-2.052456	-0.48434505	-1.5250477	0.57294565	-0.647366	-1.9669863
0.3257071	-0.2987607	0.814392	0.19645832	-1.1792641	0.2183631	-0.28159046	0.79947186	0.028437318	-1.3325552
-1.6893827	-1.8699743	-1.1282529	-1.6162406	-1.6801188	-1.6939614	-1.560943	-1.2893955	-2.136478	-1.2299919
-0.3302663	-0.10452703	0.122807205	-0.4041417	0.15436867	0.7387022	-0.13081935	1.2135335	0.4809989	0.5902078
0.36360392	-0.059355587	0.49036512	0.09365074	-0.5867137	-0.8292346	0.7555094	-0.11007962	-1.3657513	-0.7323008
-2.1473653	-2.1547146	-1.3621576	-2.0097084	-0.85516727	-1.920304	-1.5270394	-0.9390462	-0.36347708	-0.7454134
-2.2471237	-2.168999	-1.5227916	-2.1487403	-0.9564855	-1.5708733	-1.7983353	-0.92073035	-1.6221325	1.3689909
-2.1795356	-2.250771	-1.3173629	-2.1093178	-0.08410898	-1.875515	-0.7602705	-1.58141	-1.8328426	0.7178225
-0.0321391	0.2903959	0.22621775	-0.15596773	0.29938343	-0.004750026	0.62581	0.3375123	-0.7852588	-0.76292825
-1.3922272	-1.7001935	-0.8364203	-1.424185	-1.5312514	-1.1957607	-1.9073435	-1.2892064	-0.90805244	-1.6038027
-2.0978906	-2.0106683	-1.4619634	-1.9705719	-0.68743956	-1.8970722	-1.8559067	-1.0278628	-2.530853	-1.8227184
1.6631491	1.1926697	1.7369134	1.3876483	-1.6137036	1.7705917	1.7044977	2.3198862	1.5472974	-1.6757029
-2.5543919	-2.322144	-1.5865554	-2.4880052	-1.9465176	-2.100582	-2.7236753	-1.6111658	-2.6223545	-2.0951586
-1.5009874	-1.8084152	-0.96506405	-1.5095086	-0.60843754	0.011615917	-1.6334859	-0.9486167	-1.4232327	-0.19871467
-1.8039654	-1.8528459	-1.2470087	-1.7103283	-1.4986669	-1.8965151	-1.6599563	-1.0328629	-1.0622615	-1.1139668
-2.414283	-2.3856823	-1.5180838	-2.3446438	-1.6768048	-2.1454382	-2.3594902	-1.4887402	-1.6410847	-2.0324695
-2.380082	-1.9493463	-1.6108495	-2.24437	1.5958234	-2.3177164	-1.5948632	-1.0501931	-1.8176935	1.1168839
0.5577448	2.8518908	0.59751344	0.20695825	-0.28651547	-0.22286429	1.445365	0.45356628	-0.24353856	-1.19438
-2.148053	-2.0342143	-1.3054717	-2.031103	-1.1793882	-1.8391157	-1.4998028	-0.98959404	-2.8007116	-1.46364
-0.40380162	-0.4506485	0.21033886	-0.52604234	-1.8964914	-0.54262626	-1.5043274	0.020232184	-0.56033045	-1.2636728
-1.3566992	-1.4448282	-0.9839684	-1.1751628	0.46491072	-1.7751992	-1.9631491	-1.2091608	-0.70996493	-0.7662823
0.64625615	1.497755	1.1838777	0.4203074	-0.5592346	-1.9856412	0.33759484	0.86805165	-2.8673677	0.2991069
-1.7909755	-1.8245875	-1.1126208	-1.730033	-1.088788	-1.5323435	-2.2198186	-1.4658816	-2.079283	-1.2031301
-1.6780123	-1.7721655	-1.1168716	-1.6434509	-1.4270376	-1.536494	-1.9804465	-1.0052874	-1.8140656	-1.9985042
-1.4902707	-1.5859205	-0.97186184	-1.52986	-1.5647299	-2.2843692	-2.8048148	-1.2523053	-1.3360808	-0.79706055
-1.7168953	-1.4893764	-1.0769664	-1.7388833	-1.0787424	-0.6217949	-0.532234	-0.17292069	-0.7897255	-0.83509237
-0.2024355	-0.9437375	0.12944886	-0.27221727	-0.6666353	-0.87756956	-1.5530924	-0.268113	-0.611081	0.06407962
-0.82952535	-1.0490086	-0.67522514	-0.81266546	-1.0514296	-1.0145317	-1.3851132	-1.0041972	-1.3548806	-1.8466647
-1.4111389	-1.4839696	-0.9205022	-1.3149865	-0.40000752	-0.9440078	-1.3569242	-0.40015972	-1.0482111	0.04339966
-0.0903123	-1.0237402	0.44890177	-0.2685202	-2.5335064	-0.48399293	-0.4701871	-0.004473444	-0.29626006	-2.263318
-0.76814145	-0.16442642	-0.4182205	-0.83698225	0.6363895	-0.077065006	0.8350684	0.72893673	-0.5673603	0.68642867
-0.70526904	-0.9595382	-0.009457201	-0.7940351	-2.2860956	-0.7612543	-0.53348917	-0.5929972	-0.40658998	-2.0670154
-0.36310622	-1.012724	0.2122527	-0.47295773	-2.4684148	0.09020364	-0.95997506	0.5632617	-0.111215904	-1.4066161
-0.38749677	-0.6284879	0.042627394	-0.5264563	-1.850316	-0.81438804	-1.2479203	-0.60022515	-0.8947421	-1.6452054
-1.7425169	-2.2188025	-1.2076594	-1.6490647	-1.0568384	-2.4723504	-0.5352039	-1.338586	-2.2382736	-1.0563716
0.056467377	-0.47322768	0.49629375	-0.07859738	-1.358858	-0.47524405	-1.0835835	0.8014648	-0.376862	-0.987638
-2.5551069	-2.3814056	-1.432688	-2.3647296	-1.4374632	-2.2148538	-2.4977741	-1.7579237	-1.1385757	-1.0316279
0.70040715	0.20486191	0.9116144	0.5837764	-0.20457824	1.057441	1.5020072	1.2088029	0.99154353	-1.0974734
0.41254416	-0.07787424	0.8973719	0.273988	-1.4966286	-0.012846845	-0.061401136	1.0592014	-0.23819362	-1.7116469
-1.5758362	-1.7924548	-0.942446	-1.6263357	-1.7334663	-1.5019301	-2.055268	-1.8479499	-1.5477304	-0.45840487
0.5173086	0.30122122	1.0899863	0.35103196	-1.2727814	0.01605547	-0.6821512	0.7283929	-0.545321	-2.3011386
-0.2940723	-1.0908833	0.17881104	-0.3544302	-1.948413	0.5171465	-0.7423868	0.83156955	-0.19179635	-2.0398648
-2.1396062	-2.1519616	-1.3778265	-2.046108	-0.9809358	-2.6772141	-2.9154294	-1.837509	-1.0943348	-0.7941125
-1.9029303	-1.9747124	-1.1967052	-1.9282737	-1.0614966	-1.1902587	-1.1440756	-0.63594157	-1.694018	-1.0807598
-1.0546169	-0.8854641	-0.8347801	-1.0239314	0.4677573	0.5944952	0.9277141	-0.40734106	0.39309978	0.020875746
-2.4209964	-2.0838635	-1.6783578	-2.34324	-0.698367	-2.145614	-2.0584	-0.99327874	-2.1792238	-0.659488
-0.54041654	-0.6567781	-0.22428498	-0.60285085	-1.0314686	-0.87466943	-1.1588297	-0.49261802	-0.9325264	-1.3042595
0.7442729	0.18704996	1.2732292	0.5172921	-1.3018742	1.3298502	0.35470146	2.2148056	0.9916923	-0.911303
-0.69981605	-1.2809796	-0.34689334	-0.7333258	-2.235005	-0.01818222	-1.0457069	-0.29437104	-0.120181695	-1.0671567
-0.5568173	-0.6233009	-0.13668677	-0.6044303	-0.083176374	-0.8084057	-0.8361704	0.011476978	-0.95491415	1.183743
-2.1448019	-2.2120266	-1.4540701	-2.0675857	-1.9794248	-1.8065026	-1.0820521	-1.0212321	-1.6490555	-1.717742
-1.6451387	-1.5597678	-1.1227858	-1.639828	-0.76228523	-2.4857907	-1.8872005	-1.7858452	-3.0986638	-0.73757833
0.072130226	-0.86705554	0.56265193	0.021248147	-2.3581672	0.02811872	-0.76357645	1.0783393	-0.16889764	-3.283909
-1.2758467	-1.5738963	-0.7680173	-1.2527454	-1.028224	-1.7469693	-1.8155137	-1.2458725	-1.9770314	-1.9893427
-1.750148	-1.9095054	-1.217741	-1.6792322	-1.8007034	-1.7198836	-2.0248318	-1.2930565	-2.0911841	-1.6721187
-1.3736283	-1.5167905	-0.9314133	-1.3336579	-0.092157036	-1.1320975	-1.5938284	-0.8225003	-1.2360468	-0.29297385
-1.4787185	-1.563227	-0.9181788	-1.4415941	0.8018391	-0.8862438	-1.0531551	-0.68913996	-1.1614137	0.8508917
-1.6068997	-1.6073312	-0.92847705	-1.5313045	0.8892448	-1.4578645	-1.411981	-0.8556851	-2.1421804	1.7423595
0.11341906	1.3175913	0.14460045	0.008237436	0.12857446	0.20228828	0.64493585	0.039238784	0.056783818	0.2687913
-2.217103	-2.1699724	-1.4716604	-2.061665	-1.3811808	-2.5396183	-3.2135067	-1.1783378	-1.284696	-0.72762567
1.7715864	-0.29542327	2.3377411	1.4516519	-2.787396	1.0242301	-0.26127324	1.7526227	0.67146826	-2.6533678
0.5042637	0.8640578	0.96653783	0.46143252	0.54802656	0.27482045	0.47397158	0.97946	-0.8287568	0.69507754
-0.5480841	1.0979155	0.18750826	-0.681465	0.80697	-0.9144906	1.9790128	0.22651629	-1.0913168	1.9983268
-0.06660367	0.5226306	0.3014581	-0.27376306	-0.21529184	0.6965351	1.2609951	0.7511448	1.1279001	-0.025247863
-0.80831605	-0.8853071	-0.43556944	-0.8791277	-0.96770966	-0.72692895	-1.0879204	-0.1874676	-0.48613998	-1.3675834
-0.39219868	-1.0711982	0.16204867	-0.49385846	-1.7738732	-0.014473663	-0.85056216	0.94564843	-0.5345928	-0.8631648
0.8643707	0.2635204	1.1493937	0.57766384	-1.6027343	0.58710146	0.060115945	0.6968987	0.11993949	-2.000546
-0.22417173	0.13038924	0.20720491	-0.40975976	-1.608457	-0.06467314	0.06224422	0.018651843	-0.663694	-1.3643359
-1.1086085	-1.4140699	-0.67778087	-1.1261314	-0.962777	-1.6659204	-2.4681747	-0.58369374	-1.7892299	-3.0217881
-0.6446965	-1.008384	0.0041187108	-0.7743239	-2.5340228	-0.09729911	-0.8640462	0.84832054	-0.17032085	-2.5339239
0.8399558	-0.10619804	1.2250379	0.69575214	-0.9518578	1.9331299	-0.17767897	2.0551178	1.6351514	-0.27671996
0.46314397	0.31806728	0.64533263	0.2839839	-0.67729914	-0.3851223	-0.5610906	-0.31874192	-0.40376619	-1.7279629
-1.5320646	-1.5955898	-1.083011	-1.4464337	-0.873322	-1.0824217	-1.1742903	-1.0511765	-1.1949596	0.2454747
0.92583805	0.5038674	0.8356744	0.78705364	-0.64231277	3.8084247	1.5852141	3.099508	3.5019004	-0.17988075
-1.3058605	-1.3766943	-0.91977143	-1.2795689	-0.19641921	-1.5291371	-1.3682597	-0.8557156	-2.2775881	-0.7404067
-2.4011984	-2.259555	-1.6939272	-2.324852	-1.1973007	-1.9889082	-2.451206	-1.5848212	-2.3706338	-1.6254281
-1.8644503	-2.065348	-1.2457101	-1.7573225	-1.4913832	-1.8220848	-1.9061254	-1.3177863	-2.0950115	-1.558357
-2.028348	-2.094721	-1.3774943	-1.946088	-1.2758238	-1.1931907	-1.2659185	-0.21672624	-0.9446128	-1.1438566
-0.5885537	-1.1543964	-0.16028494	-0.67539775	-0.8778478	0.9156773	1.4339508	1.3138126	0.6752185	-0.06722333
-0.18063	-0.23929515	0.39729467	-0.258236	-0.31472567	-0.9711482	-0.99551016	-0.4412036	-0.8154016	-0.6550167
0.6556913	0.25170416	1.0841784	0.48826873	0.12663671	0.41739187	0.3784982	1.0245477	0.19904867	0.281124
-1.8403485	-1.85659	-1.1446108	-1.7735221	-1.1846958	-1.4749608	-1.2779994	0.9647161	-2.5127807	-1.0028641
1.4488356	0.958776	1.476054	1.186308	-0.20397353	3.2859633	1.7928995	3.5237606	2.6331527	0.9484763
-1.548225	-1.7149284	-1.0092735	-1.4949471	0.42848048	-2.114639	-2.3872168	-1.3463062	-2.068027	0.8456776
-1.3037407	-1.4953148	-0.79048264	-1.2817205	-0.35103515	-1.8793461	-1.6537502	-0.39443943	-1.4124429	-0.46451887
-1.493649	-1.7197878	-0.9883503	-1.4458923	-1.0080566	-1.7367692	-1.4734235	-0.53453404	-2.0504503	-1.0230087
-2.4970512	-2.0135021	-1.5738337	-2.4148865	1.029178	-2.2272122	-1.5711997	-0.7350064	-2.4541874	0.30845886
1.0478305	0.7878542	1.5949056	0.8498708	-0.7768367	0.112826146	0.66549426	1.0094628	0.28281143	-1.561297
-0.41222855	-0.757547	0.0070914924	-0.4549951	-2.264233	-1.5933933	-0.36234406	-0.7057375	-1.4606962	-1.3422315
0.6440465	0.18732294	1.0183132	0.55108476	0.05461833	0.049071547	-0.30784845	-0.10953322	0.2774981	-0.53903353
0.49663857	0.78365195	0.8779237	0.27962434	-0.06626898	-0.964126	1.3867419	-0.29255196	-1.3225025	1.2820033
-0.0462704	-0.23943248	0.47019553	-0.21766742	-1.5604143	-0.33010933	-0.30847302	0.1336833	-0.6738542	-1.1967565
-0.08113197	-0.65189874	0.13092136	-0.17018671	-1.113916	0.15818113	-1.2327229	0.34161466	0.4247394	-1.7958086
-1.4972546	-0.8478991	-1.0213691	-1.6003004	-0.071742	-2.0388515	-1.4075543	-0.89443004	-1.8372433	-0.86490077
0.2530708	-0.420447	0.76283395	0.19218664	-0.16673344	0.8810857	0.41683027	1.4260008	0.692962	1.6171823
-1.1845189	-1.4542705	-0.627028	-1.217885	-0.2975647	-1.7156925	-1.828899	-0.8144889	-1.4902561	-0.8750266
-0.8421561	-1.3279495	-0.33500502	-0.9010693	-1.9111437	-0.93467814	-1.5745887	0.084877826	-1.1023486	-1.5816143
-0.020720102	-0.5738765	0.4986466	-0.14506717	-0.5865793	0.034141608	-0.98944485	0.7373359	-0.454476	-0.91708034
-1.5325619	-1.9584289	-1.0824503	-1.4182105	-0.9138347	-1.4828438	-1.1029571	-0.9168312	-2.0587692	-1.6813492
-0.354882	-0.29878688	0.16564332	-0.49594915	-1.3430986	0.12262738	-0.19994308	1.0397238	0.068684794	-1.281213
-0.8031956	-1.3989843	-0.39575878	-0.8374094	-1.9760543	-0.6136649	-1.4792432	-0.5546283	-0.42810294	-1.586014
0.5342923	-0.4278774	0.6825856	0.33166778	-0.95603514	-0.73512214	-1.1018157	0.24666248	-0.836092	-2.1680975
-0.39487168	-0.041127115	-0.4322715	-0.43892694	1.4435185	-0.2407781	0.72197807	-1.0696592	-0.25239322	1.755379
0.029042281	-0.47424057	0.32602945	-0.18470417	-1.6492306	-0.19336313	-0.17744997	-0.030619457	-0.50255615	-1.1658038
-0.18378755	-0.80050683	0.19570825	-0.28878385	-1.35848	-0.22861782	-0.847183	-0.61408365	-1.0574018	-1.3739305
-1.3170933	-1.7197145	-0.83565354	-1.2958218	-0.93077946	1.0717527	0.8568262	1.5750835	0.22557536	-0.32512766
-0.09149887	-0.22655158	0.24283904	-0.25069413	-1.5204272	-0.3515845	-0.35220215	-0.052622624	-0.038886044	-1.8000618
-1.2706556	-0.32776436	-0.38707873	-1.518931	-2.1541948	0.80274934	0.9902262	1.104034	0.13398094	-1.9918904
0.012123637	1.3507086	0.5016926	-0.2816087	-1.1120129	-0.039860804	0.7886659	0.7694278	-0.032695927	-0.89503115
-0.2778165	-0.41569647	0.024118751	-0.27317387	-0.95650554	-0.9327561	-0.78624755	-0.5950511	-1.4021783	-0.7883705
-2.6438205	-2.3766983	-1.6452614	-2.5816853	-1.7130826	-3.197322	-2.4345899	-2.1045606	-2.561536	-2.4066257
-2.4726946	-2.288097	-1.5113395	-2.3939886	-0.74493635	-2.0785978	-1.9115937	-0.929205	-0.9674736	-0.35344574
-1.3340257	-1.7141397	-0.8781216	-1.2459694	-2.333538	-1.6574783	-1.564027	-0.9655631	-1.577299	-1.6311222
-0.7160112	-0.8099961	-0.25545093	-0.7572405	-0.96819484	-1.4406148	-1.1656672	-0.9738343	-0.56097287	-1.8786931
-2.0564477	-1.9605908	-1.3449993	-1.9635019	-1.0462034	-2.289025	-1.8490257	-1.4936975	-1.453705	-0.51135784
-0.8525494	-1.3009768	-0.62541735	-0.73554933	-1.4623985	-1.6816119	-1.9384732	-1.4449658	-1.6860557	-1.4665353
-2.6126623	-2.368594	-1.6522635	-2.4559786	-1.4675	-1.9618225	-2.2547634	-1.3905059	-1.1243614	-1.0350739
-0.15537015	-0.31843308	0.37113544	-0.16487838	-0.8593998	0.27427903	0.28697026	0.89722115	-0.073748015	-0.6836504
-0.94942296	-1.1677519	-0.6871034	-0.9701952	-0.36581534	-1.2083381	-0.7764369	0.12975956	-0.8000269	-0.53762126
0.47467247	-0.058430195	0.81673706	0.32093817	-0.675192	0.011791076	-0.35725912	-0.025128912	-0.1276645	-0.4198873
0.41689909	-0.23976669	0.7044445	0.2681263	-1.3783545	1.9705014	0.44864643	2.1021123	1.7100594	-0.26596925
-0.99488115	-0.69544196	-0.7830188	-0.9435633	1.1774336	-0.32165128	-0.048614647	-0.11731522	-0.3363153	1.7323693
-0.40932384	-0.9090873	-0.3510044	-0.45368135	-0.8878515	0.5647739	-0.7986129	-0.32494172	-0.31254646	-0.58353835
-0.24332514	-0.88779485	-0.27868512	-0.20162822	-1.1200314	0.021254241	-1.811039	-0.5929119	0.15213774	-1.3259673
-2.068555	-1.9974751	-1.4318852	-1.9327977	-0.28250596	-2.301297	-2.4889097	-1.2538474	-1.946802	-0.4397237
0.0022569	-0.4125916	0.36329624	-0.19491944	-2.252302	0.19557624	-0.6451156	0.44891948	-0.21872377	-2.3176172
-0.14335606	-0.32300398	0.29017985	-0.21806933	-0.42249256	-0.11781668	0.050548825	0.25821108	-0.13418175	-0.5466472
1.5027009	0.93074846	1.9600185	1.2458506	-0.43488848	2.2189436	1.1983821	2.5735083	2.1297488	-0.58307755
0.807625	0.39831004	1.1738038	0.638951	0.01647064	0.08524296	-0.5463522	0.77861565	0.3359948	-0.50443655
-1.1994758	-1.3556215	-0.65989053	-1.1485823	-1.114724	-1.1036322	-1.7508459	-1.3170463	-1.141246	-1.4376937
-1.0661565	-1.0367798	-0.54249346	-1.0575901	-1.0360748	-1.5009165	-1.4111559	-0.60215586	-1.1192273	-0.9403441
1.3854117	1.3437678	1.6948794	1.1340587	-1.4127183	1.9656467	1.5183592	2.6746304	2.3142087	-2.0460606
-2.2159624	-2.0635371	-1.4963478	-2.006847	0.035436958	-1.8379574	-1.317981	-1.8878512	-2.8689308	0.82204187
-1.5295205	-1.4160784	-0.97906184	-1.4591463	0.88377845	-1.3568323	-1.4467924	-0.80397856	-1.63265	1.7423357
-2.6798444	-2.4536414	-1.7008046	-2.527915	-0.12898728	-2.688949	-2.6006181	-1.582622	-2.6983626	1.1943796
-1.9997078	-2.236187	-1.312953	-1.8874359	-1.7171135	-2.0919385	-1.663615	-1.586836	-2.113514	-1.8816596
-2.7118046	-2.4143956	-1.7465712	-2.6118774	-1.9570558	-2.4243836	-1.1267776	-1.4791881	-2.553723	-2.2636113
-1.2951385	-1.6143544	-0.7734773	-1.2708266	-0.24640647	-2.3142533	-1.8872577	-0.72176284	-1.7318269	0.0862529
0.28020737	-0.8772495	0.3707473	0.15174346	-2.0120616	1.0857782	-0.87367463	0.8849172	1.7632209	-0.8837297
-1.2904902	-0.31597093	-0.91173446	-1.3259178	-0.48824424	-0.82133085	-0.06339461	-0.61924	-0.91679835	-0.22293088
-1.3715507	-1.397238	-0.9115375	-1.4174085	-1.0341532	-1.3746593	-1.076658	-0.76471853	-0.608599	-2.7188358
-1.8611287	-1.9022973	-1.0631628	-1.832508	0.20822987	-1.966619	-1.952901	-0.9721295	-1.68774	0.47472888
-1.9073834	-2.0474744	-1.2885128	-1.805424	-1.6133888	-1.4815676	-2.3237743	-0.47569102	-1.3146813	1.7019753
0.08231113	-0.28738773	0.29338512	0.055287957	-0.49414107	0.054618265	-0.64566106	0.15196298	-0.3754326	-1.0468674
-2.4051044	-2.2955217	-1.653214	-2.2730074	-1.3972622	-2.5080671	-2.82503	-1.7493346	-2.4275296	-0.8194452
-1.265674	-2.230983	-0.5572281	-1.3130829	-1.4377781	-1.2597057	-2.3236997	-0.92744905	-1.4768585	-2.2337205
-1.9872454	-2.1296132	-1.1135876	-1.8789809	1.3248607	-0.12193764	-1.5610015	-0.77671146	-1.2242603	1.7666223
-1.5835415	-1.9929276	-0.99812746	-1.5044868	-1.2493081	1.6653724	-1.4296498	1.6746248	1.8583691	-0.9557411
-1.8699303	-1.9475658	-1.1174879	-1.7364649	-0.91473186	-1.6156038	-1.9126614	-1.3447673	-1.6524651	-0.6617001
-1.9123386	-2.0234857	-1.4415979	-1.8310511	-2.0965438	-1.8383815	-1.7221872	-1.744121	-1.5635309	-1.2643836
-0.19543299	-0.8637227	0.24670413	-0.2460831	-1.3276405	-0.20444626	-0.13711119	0.32495356	-1.7406147	-1.3954312
-1.8297485	-1.8372622	-1.2838074	-1.7523618	-0.17461845	-2.033167	-1.7458785	-1.4192578	-2.0817873	-1.0763127
-1.986706	-1.9691875	-1.434762	-1.8467971	-0.44568607	-1.9769728	-1.8848486	-1.7804669	-2.5433946	-0.65861285
-1.9728159	-2.0479808	-1.325007	-1.8644049	-0.8575705	-2.1185992	-2.0980659	-1.2553025	-2.3870113	-0.93708616
0.95668477	3.0216959	1.3971034	0.6972897	-0.11803308	0.5414124	2.2518525	1.366777	0.22065376	-1.2698034
-2.1385808	-2.1459527	-1.3573194	-2.0302894	-0.58184385	-1.6488163	-2.598997	-0.94681937	-1.5417938	-0.48493382
0.9330457	1.4541357	1.8022684	0.7075323	-0.22264355	-1.318869	1.1859591	-0.7721408	-0.9173552	0.12910561
-1.5904788	0.22072086	-1.1152484	-1.6684203	-0.6849335	-1.542744	2.742401	-0.13364382	-2.4002473	0.36004424
-2.1017537	-1.9911935	-1.3491559	-2.032343	-0.7010449	-1.8754606	-0.21236911	-0.7779617	-1.0273794	-1.2373337
0.22459194	-0.35920826	0.6062382	-0.020631328	-1.3073343	-0.15553965	-0.47468844	0.49487206	-0.45081487	-1.0732014
-0.05606381	0.68024147	0.33930203	-0.23236997	-1.1583254	0.8161851	1.0233796	1.1245135	0.8338465	-0.9932915
-2.2042708	-2.2030172	-1.3946263	-2.1083632	-1.2805436	-2.403288	-1.6960405	-1.124267	-2.1517684	-0.426597
-1.913033	-2.2548645	-1.2276443	-1.8260605	-1.6193705	-2.3123393	-1.8862121	-1.5152766	-2.5913167	-1.5271603
-1.6454602	-1.8217255	-1.0705563	-1.5995171	-0.3353971	-2.1664689	-1.9408898	-0.9835608	-2.3707554	0.060029007
-1.774352	-1.8655702	-1.2191851	-1.6780525	-0.83580416	-2.149239	-1.8128575	-1.4132582	-2.4078007	0.60075146
-2.182127	-2.1812885	-1.5492522	-2.0462375	-1.8042337	-2.0604973	-2.8366194	-1.9937413	-2.253402	-1.8914769
-0.37624744	-0.504249	-0.016983896	-0.42773	-0.19596735	-2.278832	-0.10807443	0.3042097	-1.6369745	-0.25539896
-1.8810992	-1.8201582	-1.0564954	-1.8060806	-0.95151556	-1.5450782	-1.5033463	-0.8476052	-2.0796258	-0.15518823
-0.9098671	-1.3993412	-0.51653445	-0.92754894	-1.7875715	-0.7744286	-1.002685	-0.025698539	-0.5417938	-1.8459767
0.8124287	-0.06066285	1.2247648	0.56676525	-1.7226027	0.24456069	-0.21719432	0.8973027	0.1957076	-1.7881181
-0.026117917	-0.6436858	0.26413321	-0.034256324	-0.88791144	0.038833294	-0.52388495	0.3364214	-0.31682876	0.12268477
-1.9267889	-1.883595	-1.1922598	-1.8552696	-0.24570516	-1.8498006	-1.9111329	-1.3163826	-1.6499035	-0.5040511
-2.065994	-1.955044	-1.4348805	-2.0420525	-0.7370151	-2.7731323	-2.5724688	-1.9127413	-2.8762445	-0.85225195
-0.20525509	2.4810913	0.3691499	-0.607367	-0.64793575	0.7442743	2.5959346	0.6972178	0.7744629	-0.42985648
-1.7576133	-1.8364271	-1.1492305	-1.6350359	-0.42173585	-1.2407275	-0.81924146	-1.384261	-2.1874633	0.24265136
-1.8733909	-1.9421543	-1.1962893	-1.8244771	-1.0647494	-1.8280332	-1.5655077	-1.2093635	-2.4486516	-1.1637319
-1.6869315	-1.7931781	-1.0912277	-1.6233624	-0.5118178	-1.8158085	-2.2992659	-1.254454	-1.4654132	0.015322103
-1.967966	-1.8853936	-1.3261145	-1.8621722	-1.1876247	-2.621918	-2.6295147	-1.5746131	-1.7960123	-0.20760812
-0.41955003	-0.3021697	-0.0871591	-0.63035154	-1.2970738	0.13934566	0.023636261	-0.23694247	-0.79926914	-1.5477451
-1.462994	-1.5639328	-0.98078096	-1.4073184	-0.8680397	-1.4395807	-1.0250459	-1.137974	-1.2553182	-0.34955373
-2.1160574	-2.0969605	-1.2690868	-1.9900908	-0.51738065	-1.9034978	-2.0124872	-1.4493597	-2.1156785	0.029244049
-1.1488024	-1.3557183	-0.635175	-1.143967	-1.3585705	-1.3309731	-1.4291221	-0.84073067	-1.3207732	-1.4330622
-1.7705051	-1.9793581	-1.0663558	-1.6370862	-1.3167461	-1.6194501	-2.0838459	-1.261489	-1.4185685	-0.8458988
-1.1528013	-0.68293893	-0.78293395	-1.1260468	1.3301381	-1.003519	-1.6823654	-0.91715574	-1.1948003	1.0674291
-0.7297978	-1.4118836	-0.46372095	-0.70088106	-0.5154052	-1.3239332	-1.4570835	-0.8434734	-0.28469598	-0.47040996
-1.9485652	-1.8659308	-1.2895862	-1.8894017	-1.2769911	-1.2980263	-0.36127928	-0.8526704	-1.1074163	-0.9262912
-2.0153103	-2.281596	-1.3914493	-1.9467995	-1.54472	-2.3307106	-2.2837756	-2.445092	-2.2554896	-1.5792965
1.1571723	-0.03780526	1.6880406	1.04198	-0.62088865	-0.2833205	-0.97426385	0.6355945	-0.4178838	-1.8248767
-1.5878735	-1.881502	-1.151639	-1.5110633	-0.9836681	-1.9444368	-1.3945906	-1.1071126	-1.537712	-1.033948
0.039004058	0.056286007	0.26879996	-0.026231915	-0.45654368	0.34666523	-0.54668355	0.22328089	-0.28443155	-0.25312835
-1.8735561	-2.1062202	-1.2701969	-1.7699372	-0.5245955	-2.1036942	-1.4702474	-1.0932641	-2.4240892	-1.0429474
-2.515152	-2.359046	-1.5406952	-2.4252675	-1.0638274	-1.9942287	-2.4766169	-1.2381454	-0.28469598	-1.8899517
0.52650714	0.20290413	0.8996905	0.29785138	-1.4579321	0.7914322	-0.17396477	0.91298604	0.34604457	-1.4337963
-0.3996875	-1.0964102	-0.100954354	-0.47817194	-2.3260002	-1.469533	-2.0378673	-0.6821719	-1.2262057	-3.2829494
-0.7395053	-1.1628033	-0.44755158	-0.78961897	-0.93934023	-0.8875094	-1.3588328	-0.9883205	-1.0116847	-1.4962689
0.22766498	-0.4376257	0.6291121	0.018007234	-2.1360812	-0.10585613	-1.1577691	0.37429354	-0.32841027	-2.0510921
-1.5793877	-1.7317916	-1.1041644	-1.542083	-1.952188	-2.4782188	-1.8692977	0.09432034	-2.084441	-2.5853577
-2.0122585	-1.983411	-1.3816803	-1.9245594	-2.617263	-0.3435042	-1.1289188	-0.43749917	-1.1199617	-2.1911
-0.07557319	-0.42576334	0.35102975	-0.11218403	-1.0787002	-0.60438347	-0.18431242	0.16779967	-0.3310515	-0.08696345
0.21656543	0.8459263	0.33946794	0.0077866763	1.6471564	-1.2386092	-1.0198861	-0.8003892	-1.3243018	1.0877694
-1.962318	-1.9232769	-1.4487213	-1.8380353	0.4033824	-1.6956779	-1.5318651	-1.2594128	-1.7959735	-0.07004108
-2.1023524	-2.183404	-1.4692578	-1.9441485	-0.65441453	-1.973809	-1.7916094	-1.7744259	-1.8870112	-0.9910067
0.5183684	-0.6597017	0.5970684	0.48162055	-0.3903058	-0.036470946	-0.92697954	0.1452509	1.0724705	-0.31155363
-3.1099408	-2.6054337	-2.0612762	-2.9857628	-2.724409	-3.0023239	-2.1725454	-1.1586293	-2.8935053	-2.4903972
-0.06190417	1.0582048	0.35597575	-0.33505702	-1.0182331	-0.6562638	-0.19872607	0.33915168	-0.74677277	-1.4561234
-1.8790653	-1.6227329	-1.2912679	-1.805696	-0.6708243	-2.1389046	-1.760829	-1.4659542	-1.5332203	-1.1192832
-0.27556634	-0.485335	0.09863606	-0.3044839	-0.13856915	-0.40053222	-1.0980374	-0.28696218	-0.69008315	-0.07324425
-2.108927	-0.6814083	-1.7202101	-2.0952275	-0.13722017	-1.6200385	0.97362274	-0.69166374	-1.250916	1.3475169
0.39836445	0.007909298	0.7091749	0.22661896	-1.1977566	1.2009412	0.31781393	0.74250096	0.95926404	-0.5481438
-1.3714422	-1.6552517	-0.9223108	-1.3344411	-1.198571	-1.5786465	-1.9536004	-1.3157465	-1.2848284	-1.7544029
-2.5678554	-2.0622864	-1.6072543	-2.555539	-1.1190146	-2.88584	-2.2811265	-1.5069847	-2.004053	-0.755637
0.50588125	-0.49690485	0.7978103	0.24072717	-1.9417089	1.2678622	0.13873446	0.6980012	0.773535	-2.771873
0.16899109	-0.29378206	0.5903107	-0.005476743	-1.7084523	-0.106115706	-0.30731222	0.7319858	0.2389036	-1.0998873
-0.83814776	-1.2918767	-0.31180546	-0.9059825	-1.6229533	1.3692904	2.8100896	1.4336102	-1.9136055	-1.4184232
-1.8631227	-2.0104783	-1.2299474	-1.6558018	-1.0078777	-1.6223742	-2.1932356	-1.770541	-1.8555063	-1.4829347
1.4278353	1.9847491	1.9392302	1.1993716	0.3000947	0.67125076	1.2525021	1.10093	0.57893133	-0.13188879
0.6058512	0.9513755	1.1279273	0.3809731	-1.0148596	1.5970267	3.8611476	1.4973915	0.9269461	0.35416436
-0.9160633	-1.2338157	-0.33253124	-0.90600044	-0.66677177	0.13837828	-0.4572012	0.32975736	-1.47346	-1.8171685
-1.498079	-1.5977008	-0.8287802	-1.4161541	0.72511446	-1.6709142	-0.9044894	-0.9755481	-1.7906886	0.051174153
-0.31669712	-0.08950329	0.1638338	-0.4124862	-0.82198346	-0.59703	0.2625208	-0.6392423	-1.2627438	-0.47542793
0.3746348	-0.19579461	0.77897656	0.1945223	-1.7059077	0.38971215	0.47964463	1.262161	0.14953919	-1.7828414
-1.8388427	-0.06428495	-0.9502404	-1.8898449	-0.64704084	-1.5800132	-0.37937796	-1.1670114	-2.6697865	-1.7905796
-2.1444309	-2.1399066	-1.4063298	-2.0892024	-1.2099928	-2.4612043	-2.3041565	-1.5404978	-2.5745835	-1.6965678
1.0399301	1.2378352	1.4412432	0.784982	-1.0556061	1.4412389	0.78630656	1.5140877	1.2057302	-1.3393157
0.011869244	0.11423281	0.44947386	-0.17076114	-1.4444035	0.42880863	-0.7858885	0.8773371	0.4799742	-1.9222138
0.1943849	-0.7598692	0.5537121	0.10514526	-1.9458599	0.22647993	-0.8931999	0.77643335	0.2426595	-2.2274616
-2.4393125	-2.3243825	-1.6161369	-2.3710384	-1.4694494	-1.8612301	-2.498286	-1.6238471	-2.3169224	-2.7653909
-1.2761617	-2.0755365	-0.8176863	-1.2137296	-0.9282901	-1.3511686	-2.2033458	-1.1491356	-1.1737304	-0.5287965
-1.9238404	-2.2097933	-1.3379498	-1.848421	-0.50177	-1.6887983	-2.2150989	-1.4263289	-1.1619947	0.055003297
-0.18474802	-0.4334127	0.12354851	-0.23261501	-1.6102492	-0.3174718	-0.59379673	0.16716109	-0.74774694	0.45765287
-2.466768	-2.3842661	-1.5490267	-2.3941493	-1.5248605	-2.3490164	-2.2598248	-1.6855425	-3.0692706	-0.7102408
-1.0551467	-1.0551585	-0.5620904	-1.0655959	-0.49144906	-1.103151	-1.5961376	-1.1933049	-1.5169518	-2.378459
-0.38457194	-0.9774064	0.09326957	-0.3880037	-0.8708203	0.6504687	-0.08841119	0.85598636	0.44212103	0.7324738
-1.213128	-1.189951	-0.70709634	-1.2793604	-1.2087847	-1.184308	-0.39770037	-0.84053475	-0.6528252	-1.8554204
-1.1741877	-1.2093554	-0.8249656	-1.1216948	-0.046536773	-1.2029688	-1.5031599	-0.78069806	-0.99710596	-2.3165147
-1.6930503	-1.7103934	-0.9168414	-1.7345438	-1.6375812	-0.8198284	-1.5266314	0.25972763	-0.47853696	0.39325103
-2.2162538	-2.2250905	-1.4244515	-2.0750856	-1.8626412	-2.2186358	-1.3517103	-0.80876476	-2.4589157	-1.2573687
1.0156354	1.0289346	1.2844014	0.72433805	-0.6084369	1.3557557	0.7571596	1.7424042	1.0845332	-1.04514
-0.085417666	-0.75310624	0.2735361	-0.14986943	-1.2488405	0.25701693	-0.24826755	0.60049397	0.20992579	-0.75423217
1.0803854	0.9980869	1.0356933	0.6980388	-2.048356	1.7641815	1.1273712	1.276098	1.355965	-2.8458543
-1.6509624	-1.7464882	-1.1609825	-1.5649819	-0.8756983	-1.4286255	-1.7845181	0.02257523	-1.5131652	-1.1788517
-0.24514577	0.3765773	0.057165936	-0.42492348	-0.77234995	-0.87182504	-0.57195586	0.25857124	-0.48906776	-0.8711643
-0.27060166	-0.770177	0.058668613	-0.36091703	-0.16219574	-0.89829385	-1.715435	-0.17992663	-0.51753825	-1.2463709
0.28966615	-0.07782036	0.73510987	0.102890864	-1.7900553	-0.09570996	-0.4876346	0.3366886	-0.69313884	-2.4338672
-0.12310324	-1.0767813	0.12947479	-0.21871723	-1.5293413	-1.0067327	-1.5634892	-0.43595457	-1.1717563	-2.8571928
1.8327798	1.5062532	2.1912246	1.5942379	0.8708252	0.67724526	1.3812989	1.1570328	0.61207116	0.21845172
-0.68882895	0.09729737	-0.699481	-0.8898306	-0.8103112	-0.2013995	0.84271586	0.2803381	-0.29351196	-0.27754182
-1.3614088	-1.4374913	-0.7929183	-1.2237765	-0.7797632	-1.0510689	-0.7141593	-0.3366767	-1.0931929	-0.090447634
-0.10454718	0.12845767	0.09773955	-0.23620792	0.16879109	0.26696682	-0.0020498817	0.19944304	-0.65068644	-1.1886983
0.4444246	0.60187876	0.633306	0.21821193	-0.49319503	1.0338339	0.8899792	1.1646483	0.83426774	-0.15448682
-1.088087	-1.3350915	-0.60193586	-1.1620111	-1.5601789	-1.246434	-1.4335182	-0.5232201	-1.9760103	-0.4372316
-1.2397256	-1.0376811	-0.721375	-1.397981	-1.9403933	-1.1022133	-0.88863117	-1.3728474	-1.7585955	-1.7755109
-0.62201625	-0.66709286	-0.04789558	-0.6656266	-0.6440859	-1.4722162	-0.49075413	-0.86309516	-1.5354358	-0.51671135
0.27266288	-0.25570524	0.7075014	0.08468248	-1.9229375	0.4350698	-0.009124982	1.5179046	0.37399998	-2.1620853
-1.9183421	-1.6661334	-1.2053897	-1.8767666	0.16344973	-1.7457101	-1.3535733	-0.3771453	-1.7956579	-0.33582976
-1.1981643	-1.3123014	-0.65198636	-1.1746662	0.31277427	-0.7936644	-1.5877692	-0.6168789	-0.75567544	0.016810311
-0.6355122	-0.809028	-0.18897608	-0.7269694	-0.6993054	-0.40611827	-0.6328589	0.04546133	-0.56378037	0.025362937
-1.9047544	-1.9299269	-1.3239176	-1.8057028	-1.3416277	-1.9846652	-1.5191686	-1.2442422	-2.1622286	-2.379629
1.236593	2.0352905	1.6222508	0.89048254	0.4180098	0.93415064	1.0327668	1.6654837	0.083257966	-0.5775784
0.61673886	-0.011185288	1.0757674	0.398921	-1.6881722	0.54286826	-0.47847918	0.58586097	0.22148542	-1.0089009
-0.56380534	-1.1522009	-0.1820277	-0.62185025	-0.9750049	0.42514125	0.1486754	0.384906	0.43147388	-0.6946719
-2.105618	-2.205002	-1.4367456	-2.0977895	-1.4877249	-1.4349271	-1.8814385	-1.1561818	-1.5816226	-1.8031521
-0.6683267	-0.6649163	0.03042823	-0.80370134	-2.2509856	-0.09296454	-1.3912207	0.5311216	0.16639629	-1.890362
-0.5380823	-1.02922	-0.29615	-0.53934014	-0.93666935	-1.1156611	-0.8366703	0.059576597	-1.8780396	-0.6549462
0.40548927	0.15775833	1.0793201	0.37675828	-1.0342989	0.30450147	0.25381288	0.8808352	0.043182846	-1.9251622
-0.4465826	-0.56847143	-0.057048738	-0.47220844	-0.68720984	-1.2438128	-1.2011935	-0.77567697	-1.0112051	-2.8887904
-1.6989874	-1.7340686	-1.1832018	-1.6144762	0.5057641	-1.5008123	-2.3369107	-1.5241009	-1.1502287	0.21765466
1.241963	0.8898164	1.6981401	0.989431	-1.1368186	-0.32049838	-0.5341225	0.39576554	0.55507404	-1.0704409
-1.3403065	-1.4221249	-0.7628987	-1.3197536	-0.68878114	-1.4161723	-2.5706816	-0.651126	-0.8486034	-1.1280998
-0.71333385	-0.6936494	-0.24735227	-0.77902263	-0.9936564	-0.93336076	-1.2286197	-0.15332897	-1.2083865	-0.91539377
1.6207759	2.6703832	1.9385064	1.3131528	2.409329	-0.11631917	0.47456306	0.3967076	-0.6819282	3.1319797
-0.28268266	0.18176454	-0.06989813	-0.36159492	2.1049438	-0.22011058	0.624887	-0.38336682	0.5756208	2.4532945
0.6098257	0.04071662	1.4909704	0.40981895	-1.5832852	-0.35463244	-0.4114636	0.6012596	0.11377827	-2.5304687
1.2042614	1.4639754	1.6761334	0.93911934	-0.87834716	2.5781443	3.0483577	2.8079545	1.989169	-1.3862473
-0.06672328	0.70194936	0.2696883	-0.26367527	-0.7442309	-0.25107113	-1.4265021	-0.18059239	-0.48632985	-1.0291754
-2.019029	-2.2302911	-1.359561	-1.9594846	-0.7089218	-2.242352	-2.4467876	-1.5768232	-1.8744171	-0.50743705
-0.60498184	-1.0296735	-0.17740011	-0.6494915	-0.9661267	-1.2876893	-1.3863181	-1.2621012	-1.3585932	-1.0870059
0.043595448	-0.10033783	0.28068793	-0.050368592	-0.48746705	-0.13294414	0.20666927	0.25919214	-0.0548649	-0.9149958
-1.7812065	-1.9752953	-1.2352936	-1.6823078	-1.5036556	-1.0171607	-1.4060638	0.19560266	-0.7586272	-1.0181812
-0.36089838	-0.51326793	-0.012867361	-0.4283265	-0.57749116	-0.949801	-0.548647	0.1280576	0.07851103	0.10426517
-1.4737651	-1.8990927	-0.803648	-1.4641912	-1.2355026	-2.1828122	-1.6381062	-0.9101253	-2.7331629	-1.0751467
0.16923824	-0.5834256	0.5350379	0.023754284	-1.487461	-0.24280812	-0.9413311	-0.09959123	-0.6679133	-0.79874474
0.16245323	0.040189266	0.46567565	0.10238437	0.08878541	1.0348388	0.5641887	1.7992913	0.8747981	0.70248324
-1.8654368	-2.0476682	-1.0169792	-1.7911793	0.05725974	-2.6656916	-2.98083	-1.8419937	-2.3631363	-1.1562809
-1.8270625	-1.6269419	-1.1150969	-1.784793	-0.29789996	-1.3286167	-1.6160669	-0.74855804	-1.6781992	0.38014525
-1.8066924	-1.8606076	-1.2596705	-1.7178923	-1.0305793	-1.9863324	-1.3128719	-1.1838653	-1.607766	-1.1497704
-2.2137733	-1.8635541	-1.4970714	-2.0970643	0.1148386	-1.3102722	-2.5083683	-0.56935763	-1.4999294	-0.41899124
-1.2842269	-1.1561432	-0.90247166	-1.3406773	-1.367014	-1.0446551	-0.40782878	-1.1716324	-1.6216118	1.0620359
0.10615101	-0.6717421	0.33086845	-0.11412555	0.363691	-0.66598296	-1.4412136	-0.024400152	-0.77808994	0.85532856
0.0022650138	0.1612812	0.6008015	-0.025027573	-0.9005004	0.15957469	0.48813945	0.53703696	-0.13289657	-0.35270914
-1.6954633	-1.7265478	-1.1011	-1.6390948	-0.995741	-2.0887902	-2.2135103	-1.7590979	-2.1838295	-0.9964742
1.9594783	1.585465	1.6677619	1.6970265	-0.50501704	1.8619496	2.4715426	1.09139	1.6122824	0.12870437
-0.21597692	-0.42996556	0.20021391	-0.37466207	-0.983616	-0.39546588	-0.45223367	0.3228313	0.02501356	-0.9102771
-0.3442777	-0.6879287	0.11369079	-0.46356326	-1.4582304	-0.41922092	-0.76295066	0.5568092	-0.54283834	-1.6205838
-0.88376755	-1.2684159	-0.5138154	-0.91186005	-1.6518999	0.0317284	-0.41215283	-0.6197288	-0.37665468	-1.6201296
-0.685862	-1.5107169	-0.45897308	-0.7774681	-1.5421429	0.50766224	-0.6256138	0.5698411	1.0772729	-1.3890542
0.3191496	1.1502544	0.5084395	0.08662121	0.37885305	0.1262501	0.8073507	0.19933632	-0.16482142	0.26017916
-1.9274313	-2.031838	-1.3018491	-1.8320904	-1.4867169	-1.6927623	-2.1340559	-0.5127745	-1.3239094	-2.1113033
-1.724172	-1.6904777	-1.1388676	-1.6692958	-1.1704823	-0.5646876	-1.3719695	-0.614796	-0.5153516	-1.943842
-0.49363598	-1.0919336	-0.026653558	-0.58082724	-1.3348525	-1.0723797	-0.58236897	-0.7689536	-0.13504824	-1.505722
-2.3731613	-2.2254903	-1.4863025	-2.2940311	-1.0546147	-2.0641968	-1.6756325	-0.9273901	-1.5753179	-1.0861593
-1.4073989	-1.4510332	-0.894542	-1.4115472	-1.5198158	-0.7015012	-1.3184297	-0.78430355	-0.43887168	-1.9289131
-1.1577473	-1.5326662	-0.6341841	-1.1658531	-1.7518572	-1.956051	-2.7069764	-1.4482801	-2.152965	-1.3686949
-0.18532696	-0.5120903	-0.2656832	-0.15525709	-0.9918648	-1.3075539	-2.1438637	-0.77919346	-0.9011303	-1.9913294
-0.18460211	0.51832604	0.18104169	-0.4314375	-0.9030187	0.17051733	-0.806911	0.92482543	-0.090821214	0.111281276
-0.39683142	-1.233434	0.25488445	-0.4870615	-2.4327037	-0.079677485	-0.448357	0.48792708	-0.15729539	-3.2685912
-1.0733767	-1.3082967	-0.69354975	-1.0019672	0.83481777	1.1396664	-1.734822	0.9133795	2.1584342	-0.15194304
0.15249869	-0.6259486	0.6313603	0.024394378	-1.4116846	-0.42407715	-0.860935	0.21269794	-0.52705735	-1.478938
0.37291613	-0.69752383	0.6213769	0.2638597	-1.4009748	1.4159205	0.25961167	2.311289	1.3555619	-0.21740189
-0.93280435	-1.2955831	-0.5729265	-0.96367514	-1.0073487	-0.9425622	-0.5312518	-0.42963156	-1.5526747	-1.2403344
-1.0694594	-0.6216603	-1.0594212	-1.1064829	-1.8708286	-1.8900295	-1.349787	-1.5864613	-2.1817746	-1.5519279
-2.2903745	-2.2642913	-1.501409	-2.1920958	-1.9702212	-1.7288222	-1.5581962	-1.6690693	-1.9139293	-2.3779461
0.59277564	-0.056064487	1.0480268	0.40035927	-1.9783224	0.03952486	-0.6601968	-0.1187504	-0.5606317	-1.3142364
-1.3860885	-1.6199355	-1.0283452	-1.2938461	-0.2472837	-1.2985601	-1.3224155	-0.845264	-0.8827465	1.5976979
-1.5320102	-1.8472326	-0.96363986	-1.4392018	-0.6136615	-1.2890748	-1.6634023	-0.3008287	-1.1804131	0.38317695
-1.2158816	-1.4592088	-0.77191925	-1.2255437	-1.9004894	-1.6240995	-1.8467281	-0.7635556	-0.9230784	-2.3495233
1.723877	1.053653	1.8311088	1.6173141	0.5703901	2.6596391	1.5991491	2.7361183	2.479353	0.21837166
-1.7193238	-1.7687529	-1.1626761	-1.7041965	-0.5258839	-1.507563	-1.619318	-0.24193169	-1.0285513	-1.2958617
-1.5913786	-1.464249	-0.9953532	-1.6646218	-0.5345324	-1.1565604	-1.160014	-1.0466882	-1.3734417	0.79926705
-0.8140912	-0.76264787	-0.26528093	-0.8825762	0.04622367	-0.3423767	-1.1157246	-0.7930252	-1.0153947	1.3865805
-0.29972312	-0.5280127	0.23786107	-0.3791907	-1.121598	-0.52903473	-0.265885	0.054078817	-0.48772013	-1.5218432
-1.5327823	-1.0372828	-1.1476758	-1.397984	1.2542886	-1.5546716	-2.083058	-1.485463	-1.397191	0.40879723
0.0047688037	-0.55618775	0.32566953	-0.2533004	-1.8976966	-0.017488007	-0.11164883	0.056389317	-0.95210433	-1.4705284
0.2651392	2.234069	0.41882634	0.098363	2.5641437	0.6957818	2.0931356	-0.021542292	-0.020652644	2.0673268
-0.7955522	-1.1716828	-0.39530632	-0.8542597	-1.0844666	1.7534075	-0.15080969	1.857318	1.9272218	-1.9866573
-1.2441783	-1.5490389	-0.75599563	-1.2356646	-1.6454167	-1.2431122	-1.4580294	-1.0272291	0.010759898	-1.2363721
-2.4537747	-2.3887773	-1.5526967	-2.3394203	-0.8287351	-1.8255466	-1.5508128	-0.58940053	-2.413979	-0.36955518
-1.4083805	-1.6647568	-0.93160486	-1.305122	-0.24187869	-1.1736735	-1.4664174	-0.71723574	-1.7114997	0.96784264
-0.5859933	-0.58100104	-0.307063	-0.66313946	-0.48539317	-0.98236495	0.4296442	-1.0518898	-0.81794524	-0.12324797
-0.98777974	-1.294582	-0.52894163	-1.0245996	-0.8368194	-0.85035104	-1.4349825	-0.18582436	-0.5272125	-0.8397704
-1.8441328	-1.9299911	-1.1465567	-1.8158219	0.2811477	-2.8385766	-2.5031679	-1.2108176	-4.1425858	0.26719353
0.80817753	0.5828208	1.2176776	0.5858387	0.21239552	0.10576799	0.40050223	0.8648107	-0.78601974	-0.20138803
-2.1496384	-2.140681	-1.3702784	-2.0720212	-1.8494613	-1.5679902	-2.3337593	-1.3213327	-1.6486552	-2.271022
-0.7315379	-1.0647506	-0.31421742	-0.7595289	-1.7598605	-0.40612623	-0.87331116	-0.06491122	-0.22587834	-1.9060724
-0.8171572	-1.7982566	-0.3483958	-0.78621626	-1.5045961	-0.6863161	-1.7046334	0.28050962	-0.4132449	-1.4678959
-1.8226374	-1.8096881	-1.1196132	-1.7392659	0.29234955	-2.2680874	-1.3701456	-1.2076248	-2.1867762	1.2699732
-1.8965111	-1.912916	-1.1812904	-1.8452315	-1.5864971	-2.0775733	-1.3768512	-1.0621179	-2.6657317	-0.44287407
-0.08898612	-0.14773026	0.06501533	-0.2293643	-1.4283924	-0.29087836	-0.0043972917	0.27361676	-0.06409293	-1.3341463
-2.0925443	-2.1336942	-1.4008944	-1.976443	-1.2156513	-1.7311665	-1.6099458	-1.0466231	-1.6221712	0.9058903
-2.4781818	-2.3199728	-1.612434	-2.3999968	-1.6061379	-2.4746017	-2.0682337	-1.5323917	-2.630723	1.3880706
-1.6396582	-1.8596447	-1.058593	-1.6745191	-1.1713829	-1.8688256	-1.9228874	-1.0817772	-1.9271187	-0.97229886
-1.8469586	-1.6686022	-1.2349155	-1.7955151	-1.0245104	-0.91292423	-1.0857564	-0.29756874	-0.94153666	-1.0162717
-1.7760034	-1.7265159	-1.132204	-1.7721214	-1.017287	-1.7149177	-1.8733683	-0.5388358	-1.5209979	-0.5351571
-1.754323	-1.9237756	-1.2446786	-1.71994	-1.9164494	-1.606918	-2.0445976	-0.899828	-2.1559584	-1.8719898
-2.4169462	-2.2585044	-1.5153425	-2.3190844	-0.672026	-2.511044	-2.2822146	-1.4062258	-2.3043094	-0.254822
-2.0416188	-2.0193424	-1.3852544	-1.9380465	-1.3953608	-2.121188	-1.6600615	-1.1741352	-2.3413522	-0.962389
-0.7193492	-1.6675833	-0.5594139	-0.6793104	-2.0009274	0.6468793	-0.9562795	0.519646	0.7906079	-2.0021195
-0.47000965	-0.6413142	-0.098728925	-0.65269506	-1.793813	-0.65349454	-1.0051848	-0.10911191	-1.1397476	-2.5385222
-2.8997545	-2.6241968	-1.9088855	-2.7897384	-1.4406251	-3.784609	-3.09814	-3.9095695	-4.544628	-1.1885359
-0.18180278	-0.35713625	0.3817265	-0.36185914	-1.2116355	-0.022170559	-0.30397245	0.91997546	-0.17085853	-0.8836906
-1.8149886	-2.0085077	-1.2073361	-1.7150259	-0.5207251	-1.7875683	-1.6831858	-1.1467544	-1.4949943	-0.1623563
-1.3864074	-1.519657	-0.7359663	-1.3526491	-0.48285946	-0.5814652	-1.1340042	0.5241817	-0.7504976	-0.8452558
-2.100233	-2.1680126	-1.4180636	-1.9665811	-1.4265801	-1.9215623	-1.9722626	-1.0535135	-2.0173135	-0.5719947
-0.5549751	-0.82042575	-0.10651204	-0.5639581	-0.80755186	-0.71362025	-0.56272626	0.20398521	-0.6967652	-0.57391447
-0.96188635	0.1991111	-0.7699163	-1.0097921	2.1587253	-1.6547929	-1.932121	-1.4010352	-2.103201	0.06443332
0.19395554	-0.63150436	0.73537445	0.07661061	-1.9071645	0.6723057	0.08936169	0.39797065	0.29495147	-2.6770227
-1.9906101	-2.01411	-1.2971587	-1.9251655	-1.5831244	-2.3961332	-2.3241963	-1.4022387	-1.7919062	-1.2751071
-1.5636785	-1.8257021	-1.0602779	-1.4489026	-1.2320914	-1.2464672	-2.0730312	-0.9930345	-1.0730538	-0.8245678
-0.93997425	-1.5320491	-0.3513777	-0.8954996	-1.1413544	-1.6138892	-1.3422173	-0.8914578	-0.3520155	-0.9804865
-1.1381062	-1.5777267	-0.9227123	-1.1540345	-0.7243707	-1.1554415	-1.3249743	-0.70489013	-1.0459949	-0.5172714
0.52246916	0.7502998	0.9467766	0.36419725	-0.94939554	1.3841903	2.5116055	1.6334825	0.8416882	-0.27287424
-2.4877756	-2.2758014	-1.5273114	-2.3664663	-0.9335005	-2.9754922	-1.893053	-1.4396427	-2.479712	-1.3138353
-0.11654309	-0.35189617	0.35272533	-0.25309914	-1.1925045	-0.41472864	-0.73381037	0.08653916	-0.12630242	-1.0036455
-0.08649377	0.3190346	0.41745824	-0.31894314	-0.30979645	1.0932404	1.1013558	1.4856259	0.8159691	-1.3545057
-0.26610512	-0.9249929	-0.017014652	-0.2975158	-0.06539932	-0.22394857	-0.35141057	-0.36176053	-0.1705315	-1.6435528
-2.986757	-2.7116556	-1.9654186	-2.8069751	-1.5391089	-2.9321787	-0.30459097	-1.2474254	-1.5417938	-2.416723
-1.6246067	-1.5358683	-1.0595295	-1.4977443	1.3241159	-2.0366929	-0.91969645	-0.7119218	-1.658392	1.2793268
-0.9069026	-1.4019879	-0.66619563	-0.9015728	-2.3060071	0.043164156	-1.2173923	-0.036276683	0.12644881	-2.0926678
-0.33837005	-0.97220075	0.004505217	-0.2937777	-1.7055489	-0.22596604	-0.89165795	-0.30939925	-0.5935398	-1.1310742
-1.3391349	-1.2123125	-0.7779323	-1.380633	-0.63706875	-1.1172038	-1.1390446	-0.48866546	-1.3933018	-0.45938376
-2.7218926	-2.4225729	-1.7100993	-2.603619	-0.91255426	-2.043884	-1.9386668	-1.6391065	-1.6066241	-1.6691535
-1.3226722	-1.4701754	-0.8394952	-1.2934825	-1.1494942	-1.3159703	-0.9318411	-1.0479188	-0.7996375	-1.7847848
-0.1671941	-0.8407161	0.29110676	-0.22456388	-0.66580355	-0.005992677	-0.85628986	0.24477716	0.07825973	0.050979864
-1.2755605	-1.4722972	-0.7778475	-1.2230687	-0.13309255	-0.74160755	-0.9495961	-0.2788951	-1.4277345	-1.1030682
-1.7990656	-1.8168198	-1.1292671	-1.7674772	-0.3068918	-1.8519188	-1.1056986	-0.7284449	-1.886021	-2.2385497
-1.9658493	-2.0442061	-1.3211206	-1.8610117	-1.7236174	-1.6383958	-2.1429358	-1.0110669	-1.5965091	-1.8005475
-1.9809023	-1.9353316	-1.2969874	-1.9206057	-1.1554552	-2.3650086	-2.8551052	-1.7443068	-2.4080784	-1.2460034
-1.4467828	-1.6332316	-0.97625566	-1.4170778	-1.1224811	-1.901877	-2.0140371	-1.1475185	-2.029623	-1.4644277
-1.7156036	-1.8938379	-1.1664032	-1.615494	-1.21585	-1.6966075	-2.2221217	-1.2332035	-1.8614926	-1.9087723
1.1630479	1.7537557	1.1060735	0.93896437	0.52811277	1.7539021	2.3509295	1.857211	2.0729187	-0.1587822
-1.1295244	-1.603303	-0.6913668	-1.1179239	-0.5851817	-1.5605102	-2.2805285	-1.1097214	-2.3562274	-0.41148484
-0.5037113	-1.2492137	-0.23474187	-0.52171725	-0.24622717	-0.04090354	-1.0386207	-0.24361815	0.14902763	-0.03534343
-1.6007892	-1.6499853	-0.9967648	-1.5635443	-0.63362455	-1.9400487	-2.346005	-1.0592599	-1.9059216	0.02317765
-2.362657	-2.205504	-1.5021577	-2.2214801	-1.1016818	-1.807459	-1.8497733	-1.2952783	-0.9765737	-1.436648
-0.9245501	-1.3886153	-0.59782374	-0.92449534	-0.6664876	-1.1679144	-0.79911053	-0.91867536	-0.64606404	-0.98421013
-0.47910273	-0.6333121	-0.095795214	-0.5479301	-0.2879247	0.13641834	-0.82846725	0.4855517	-0.4195587	0.60345286
-1.032222	-1.2712626	-0.62851727	-1.023492	-0.6376057	-0.4906891	-0.5902765	-0.38187104	-0.6415295	-0.4758749
-2.0524879	-2.057621	-1.4242105	-1.8666692	-2.1777077	-1.7135197	-2.88552	-2.05825	-1.6762793	-2.3559794
-0.85162383	-1.2312995	-0.24684402	-0.7987754	-0.24431196	0.397055	-0.4197161	0.7908324	-0.061039552	1.1929637
-1.4537656	-1.7666576	-1.0851095	-1.394299	-0.5169892	-0.8320919	-1.7229342	-0.96140337	-0.6023535	-0.017608378
-0.3429959	-0.8830675	0.09085125	-0.5124854	-1.7762977	-0.58559537	-0.095136486	-0.264774	-0.5178156	-1.3270681
0.30532518	-0.21261726	0.5869684	0.13054563	-0.36146984	-0.75895727	-0.4309094	0.22461027	-0.67850226	-0.4670093
0.6841516	2.78058	0.3016142	0.35340863	4.91779	-1.495069	-0.21792538	-1.0961276	-1.5348918	3.1967444
-2.2921188	-2.3528626	-1.409697	-2.1970115	-1.0292969	-3.3030088	-2.82522	-2.2062335	-2.5434728	-1.3178232
-2.4184399	-2.2051613	-1.5918785	-2.3719404	-1.1681907	-2.7007732	-2.4155428	-1.8737001	-3.1337006	-0.84978807
-2.1725936	-2.088751	-1.499316	-2.0034535	-0.45840755	-2.262241	-1.4619218	-0.91190034	-2.6283875	1.13326
-2.0231655	-2.0259395	-1.2862252	-1.9068984	-1.1329559	-1.7941277	-1.8726995	-1.1964132	-2.334824	-1.2354116
-0.34982133	-0.598879	-0.2571011	-0.44277358	-0.62016535	-0.18029088	-0.50362617	-0.13799307	-0.17330469	-0.464913
-2.6266801	-2.2993324	-1.6885151	-2.4942234	-1.1549088	-2.0980093	-1.6682582	-1.0923101	-1.8521171	-1.8721125
-0.9870091	-1.3879288	-0.654508	-1.0294362	-0.26292762	-0.71918714	-0.9557068	-0.17125572	-0.75038046	0.018088695
-2.0728743	-2.1634948	-1.392794	-2.054047	-0.74393904	-2.3444512	-1.9647518	-1.4043218	-1.818506	-0.5031597
-0.67063063	-1.1461481	-0.19745967	-0.7221826	-1.4554724	-0.41305667	-1.2038795	0.29418445	-0.41833156	-1.47774
-0.37603506	-0.67320263	0.36175707	-0.5219971	-1.5001394	-1.5780945	-1.2643805	-1.3728766	-1.3897908	-1.6439145
-2.3787048	-2.2266214	-1.5313025	-2.2447336	-0.33450198	-2.092801	-2.0251393	-0.31980374	-2.1559584	-0.073293604
-1.860602	-1.7351767	-1.3206563	-1.7977278	-1.0229592	-1.925848	-1.9940838	-1.32927	-1.4022318	-1.1459299
-0.95146316	-1.3914022	-0.5725188	-0.9380255	-1.8485245	-0.9024388	-1.3003136	-0.5910535	-1.1229389	-2.7511508
-1.6253046	-1.7231374	-1.148455	-1.5728531	-0.31929436	-1.6232251	-2.0082228	-1.0139432	-1.5270542	-0.7415977
0.21479538	-0.46210042	0.5595843	-0.01080215	-1.6405903	-0.4823396	-1.5823387	0.22650713	-0.4071413	0.050632443
-0.9722771	-1.4075826	-0.5355029	-0.99572474	-0.87911713	-1.1841458	-1.6259224	-1.0100957	-1.0324693	-1.2193639
-1.4350146	-1.5795262	-0.9269476	-1.3937254	-0.40324643	-1.2555181	-1.0098897	-0.68241745	-1.6290619	-1.1969881
1.4800165	1.0353366	1.9896123	1.2523555	0.20552531	0.97856396	-0.098402664	1.4678844	0.6753494	-0.46557248
-2.336894	-1.8608165	-1.6334887	-2.2247958	-1.0975574	-1.2771591	-1.1488849	-1.70138	-1.8453413	-1.3942697
-0.23511091	-0.347746	0.5796876	-0.24763693	0.9944682	-0.26070976	0.7408443	0.30473042	-0.3776289	0.07232214
-0.58576816	-0.9227059	-0.23025748	-0.51067656	-0.5846404	-1.4853848	-1.9518844	-0.8225332	-1.2090887	-2.4885957
-1.3301964	-0.9076508	-0.87944436	-1.4117448	-0.5715308	-1.386264	-0.70943516	-0.7891643	-1.4297525	-0.90519726
-1.5950089	-1.6986282	-0.9680892	-1.5055021	-0.3732874	-1.5077001	-2.333524	-0.8233782	-0.8867705	-0.657442
0.034904175	0.077738315	-0.001350373	-0.049955994	-0.27317005	0.7557539	-0.17482553	0.2196495	0.16045667	-0.6693863
-2.1449971	-2.3007963	-1.4800279	-2.063812	-2.1001248	-1.7738918	-0.8955885	-0.18505594	-1.8696585	-1.7733154
-0.97778225	-1.0032016	-0.6736171	-0.99428517	-1.0038313	0.40570146	-0.2171278	0.2725728	0.3650192	-0.7652055
-1.1942737	-0.8379036	-0.917559	-1.2615978	-0.26333255	-1.6506451	-1.0829014	-1.1209103	-1.2921444	-0.30923486
-0.57265776	-0.08260003	0.0252503	-0.780687	-1.7877761	-0.5632344	1.1877939	-0.6178504	-2.014062	-1.7862228
0.59413695	0.32576045	0.92743707	0.38337892	-0.4486225	2.5489767	0.3379056	2.6921995	2.408334	-1.0311574
0.084749185	0.4070069	0.14858541	-0.08584948	-0.6295115	1.5516118	1.9245054	1.2919666	0.76004165	0.28323925
-1.0787084	-1.1636796	-0.56581855	-1.0788403	-1.1113899	-0.9670203	-1.1274581	-0.3770049	-1.5979337	-1.7168233
-0.975611	-0.8903682	-0.72048056	-0.9364674	0.054696232	-1.198169	-1.6463419	-1.1352144	-1.2176597	-0.92813146
-0.37519702	-0.53632	-0.050973207	-0.41994077	-1.0692239	-1.2370247	-1.0168036	-0.1187962	-0.32979944	-0.90885717
-2.1152868	-1.9674292	-1.4444106	-2.0137222	-0.8887342	-1.6272814	-1.7532585	-1.1545278	-1.8692651	0.8293631
-1.3644255	-0.4714292	-1.0320282	-1.3046719	2.3692284	-1.8187753	-1.3153561	-1.0738472	-2.579035	0.72032607
-0.051746108	-0.770756	0.20509478	-0.09782137	-0.4981893	-0.3439072	-0.12631275	0.4185603	0.026568908	-0.5266253
-1.7108393	-1.7294154	-1.1428771	-1.6217511	0.39278635	-2.2901661	-2.2639291	-0.8303922	-1.2978683	0.4519514
-1.9351574	-1.8928217	-1.522363	-1.8839144	-0.96356785	-2.4072678	-3.4902294	-0.9943825	-3.0244412	-1.606575
-2.2656834	-2.2393396	-1.5158194	-2.156343	-1.4861802	-1.2205001	-0.59034544	-1.3147819	-0.6800859	-1.474157
-0.1981321	0.13791224	0.67811644	-0.33647496	-0.80139065	-0.5820026	0.8111696	0.13341476	-0.936387	-0.4701214
-0.04782898	-0.3545471	0.15711592	-0.20216545	-0.120059356	0.36204484	0.9888872	0.5001048	0.34017798	1.6740369
-0.9063274	-1.4620289	-0.4963388	-0.89776903	-1.6242347	-1.8114932	-1.8737288	-1.7531291	-1.7392832	-1.858392
-0.31309223	-1.0137603	0.19423711	-0.48435795	-2.6816378	-0.47504416	-1.0142676	-0.2986189	0.1304865	-2.031487
-1.7665579	-1.8126475	-1.2126489	-1.6870834	-0.51824117	-1.6350392	-1.554034	-1.1519392	-1.9068457	-0.7318679
-0.35463026	-0.5420115	-0.021655917	-0.3753285	0.6374111	-0.60245687	-1.4512123	0.009962972	0.65460336	0.37097698
0.44860777	0.10849112	0.3298259	0.3356259	1.2458258	-0.042707182	0.15061118	-0.16414207	-1.5054572	0.5282645
-2.2141986	-2.1750383	-1.3879366	-2.181144	-1.5932082	-2.1367953	-2.258387	-1.2268332	-2.048076	-1.9295908
-1.5540572	-1.3657507	-1.07616	-1.5032121	-1.07906	-2.024382	-1.5694382	-1.2327054	-2.482221	-1.6969495
-2.5132344	-2.3253474	-1.5705507	-2.42686	-0.56809306	-1.6372925	-1.7168837	-0.73304075	-2.1918514	0.8022991
-1.7100962	-1.9333346	-1.0953707	-1.6250595	-1.4440001	-2.4400864	-1.6484085	-1.5051419	-1.202513	-1.5853231
-1.5485473	-1.6756669	-0.78588915	-1.4808381	-0.29645798	-0.30388537	-0.18667294	-0.07991171	-1.4844723	-0.64422464
-1.5118374	-1.3700683	-1.0828596	-1.4864309	0.09761861	-1.385437	0.0076752184	-0.72640425	-1.4018849	-0.56234574
-0.6591905	-0.78070533	-0.2678561	-0.71147025	-1.6037616	-1.0277693	-0.46394977	-0.545437	-0.97149557	-1.8135558
-2.4124424	-2.408298	-1.6012864	-2.3258982	-2.343882	-1.9193985	-2.1123085	-1.3319604	-1.513376	-1.9915245
-1.666311	-1.824462	-1.0632277	-1.6427027	-0.6101233	-1.7396057	-2.050688	-1.1412709	-1.9902806	-1.6234049
0.12639868	0.35555103	0.557907	0.046522945	0.22570619	0.37120256	0.84822714	1.0052911	-0.073122695	1.4679848
-1.9544117	-1.806463	-1.2317892	-1.9464442	-0.6093788	-2.5550957	-2.369915	-1.7951747	-2.3552096	-0.94042367
-1.3617647	-1.4455742	-0.7400327	-1.3580947	-0.7431079	-1.405788	-0.66988987	-0.9240281	-1.881029	1.4683592
-1.7836391	-1.9746566	-1.1760043	-1.6626474	-1.1055251	-1.8328189	-1.0757723	-0.8789367	-1.611924	-1.9606386
-1.6269062	-1.8991181	-1.0836725	-1.5694333	-1.809311	-0.59066623	-0.8137454	0.46488115	-0.7934097	-1.9286516
-2.195342	-2.0241737	-1.3169371	-2.137945	-0.72595596	-1.3456304	-2.0399034	-0.5147239	-1.115389	-0.8028965
0.13155118	-0.65450203	0.39612025	0.0027142614	-1.8745437	-0.009298875	-0.89781207	0.28115818	-0.29036877	-2.507523
-1.6316669	-1.6930374	-1.0453823	-1.4448428	1.4330542	-2.0959125	-2.1524684	-1.168585	-2.3555934	-0.06740253
-1.9414887	-2.008364	-1.2991313	-1.9021938	-1.7859002	-2.3416052	-1.8201473	-2.1517532	-2.0375123	-1.5252298
-1.1607057	-1.3433977	-0.5932486	-1.1701014	-0.76226234	1.7051591	0.9098257	1.990901	2.1255867	0.02341892
1.1300787	0.55079794	1.3935585	0.8565918	-1.5270046	-0.60006416	-1.1349952	-0.020417595	-0.37453392	-1.9104745
-1.3874623	-1.2228551	-0.9266623	-1.3946335	-0.5366064	-1.1036918	-1.1915777	-1.3539069	-1.3044505	-0.9282963
-1.0370755	-1.417126	-0.55038047	-0.96521306	-0.07317552	-0.8749419	-1.375955	-0.37532672	-0.5852221	1.1021621
-2.0775096	-2.0916696	-1.281677	-1.8786854	-0.19789883	-1.8188424	-1.9154294	-1.0807028	-1.3102311	-0.3119854
-1.5572953	-1.8160796	-1.0617651	-1.4489961	-0.8066473	-1.8792853	-1.6585139	-0.084756635	-1.284696	-2.3456397
-1.3632356	-1.1692874	-0.8375155	-1.3827939	-0.07008433	-1.6171368	-1.1075559	-0.33697927	-0.92624253	0.6890795
0.39897636	-0.2553173	0.8776716	0.2068549	-1.9013606	0.41126916	0.010745486	0.8351296	0.076350056	-2.0119135
-0.6610281	-1.6139662	-0.2165527	-0.70411265	-1.8686683	0.14359507	-0.79805577	0.3290347	-0.12884973	-3.8683293
-1.5523158	-1.7346649	-1.1154132	-1.5356821	-0.71421254	-1.2323124	-1.8734252	-0.6437327	-0.98994374	0.27144092
-0.35804275	-1.1635933	0.113289505	-0.46565694	-0.943311	-0.005795136	-0.6230302	0.64438766	0.31546488	-0.6819936
-1.2364675	-0.36225063	-0.8733599	-1.4204042	-0.011490673	-0.6420781	0.7011831	0.34192497	-1.5635537	0.41671512
-1.6550764	-1.7336512	-1.1588576	-1.5765729	-1.0673088	-1.8558836	-1.974134	-1.546563	-1.9911802	-0.9889071
-1.6044804	-1.1998382	-1.2335846	-1.5571152	-1.1603599	-1.7547648	-1.2234367	-1.3525776	-1.8547252	1.132808
-1.3076028	-1.4703209	-0.73574495	-1.2314132	0.9919187	-1.6347106	-1.8945479	-1.42977	-1.3629214	-0.073231556
0.08486583	-0.084116295	0.45640314	-0.09223792	-1.0553954	0.9961127	0.7935652	1.4313984	1.2082851	-0.15795903
-1.175166	-1.4384815	-0.7177408	-1.2061509	-1.066257	-0.77073056	-0.64725703	0.030173946	-0.21986574	-0.30817845
-0.47017023	-0.75851715	-0.22839162	-0.5012399	-0.539283	-0.60011554	-1.2407774	-0.7357455	-0.50888187	0.039702483
-0.35495254	-0.4155277	0.099912226	-0.44847107	-0.18989828	-0.56052136	-0.9097784	-0.47816363	-0.7201869	-1.0077631
2.0893273	1.7954881	1.8301787	1.841444	1.9290427	1.0027692	-0.9898177	1.6240771	0.9224503	-0.8802724
-1.9682597	-1.8583865	-1.2051655	-1.8863266	-1.129675	-1.9967817	-1.8050916	-0.8903632	-1.52908	-0.9091924
-0.08660216	-0.57251596	0.23602179	-0.23292847	-0.21303536	-0.13591838	-0.8244269	0.24255854	-0.6899652	-0.14625037
-1.7767	-2.0130007	-1.3340328	-1.6222707	-1.8892674	-1.7486849	-2.3874345	-1.4352742	-1.4970794	-1.7038759
-1.0612752	-1.4032993	-0.5869472	-0.9825107	-1.352225	-0.40347728	-1.2634803	-0.63988894	-1.11052	-1.4432871
-0.3282074	-0.17603299	-0.064799875	-0.6077707	-2.2013695	-0.30548295	-0.38844404	0.22492121	-0.08306874	-1.6876833
2.3558753	2.522895	2.0573802	2.107605	-0.3439819	1.5164201	1.8460149	1.006473	1.1695675	-0.018663457
-0.07041875	-1.1854186	0.113568306	-0.14531614	-2.8722248	-1.1274999	-1.3574721	-0.45366472	-1.8098042	-2.8217251
-0.60958505	-1.1104766	-0.3212194	-0.7308295	-1.45261	-0.28066456	-0.95400494	0.08450553	-0.11391682	-1.1740322
-1.1970731	-1.5259248	-0.72535884	-1.1546997	-0.8442912	-1.5736325	-2.2162824	-1.0777905	-1.5641114	-0.8222335
0.22415876	0.49211589	0.4732858	0.013711169	-0.43152237	-0.6060789	-0.24866116	-0.3538965	-1.6792057	-0.80171096
-2.061648	-2.0243728	-1.4787755	-1.9745021	-0.7736989	-2.2735877	-1.3990995	-0.38125938	-2.454621	-1.5269153
-1.4212091	-1.7209666	-1.1504791	-1.3781501	-1.7776016	-1.207704	-0.6673906	-1.0609986	-1.8890531	-2.5632856
-0.2914044	-0.57872474	0.14345038	-0.3919971	-0.9969833	-1.0587258	-0.6550698	-0.94538224	-1.2360702	-0.5013401
-1.7190301	-1.8654873	-1.1494671	-1.6478949	-1.2844821	-2.052745	-1.6863797	-1.2101203	-1.9806268	0.11033773
0.72033113	1.1902723	0.5132091	0.42935866	-0.17310432	-1.5148824	-0.19387011	-0.631151	-1.8128682	-0.34037432
-0.93337834	-1.5244336	-0.48506263	-1.0008503	-0.5568613	-1.7310317	-2.09392	-1.1411737	-0.86965847	-1.0122662
-1.46899	-1.6539286	-0.9601326	-1.4172904	0.19518873	-1.8831708	-2.1166096	-1.5963014	-2.0070632	1.6604624
-0.022547968	-0.1971533	0.5080941	-0.14222316	-0.24009629	0.371995	0.24174939	1.0494076	0.55939204	1.1407107
-0.37132508	-0.9949527	0.034181967	-0.4790389	-1.7457521	-0.5046583	0.010736101	0.50202477	0.18495369	-1.7504551
-1.6233462	-1.6544044	-0.99003255	-1.519344	0.26364496	-1.3670185	-1.6547418	-0.83822083	-2.107504	1.3631381
-1.4424614	-1.5675445	-0.913097	-1.2957511	0.37680873	-1.7581991	-2.1078472	-1.2971966	-2.0137398	-0.8288267
-0.74081975	-1.2904185	-0.28762957	-0.7281831	-0.6036953	-0.97001255	-1.246512	-0.61958945	-1.0225335	0.29390267
-0.23178455	-0.9207374	0.057489306	-0.28197026	-2.4525704	0.72623235	-0.7413971	0.42377162	0.5435805	-2.462644
-0.340479	-1.5112351	0.12169823	-0.30305278	-2.2744417	-0.1331832	-1.5773978	0.601956	-0.88857746	-3.3935158
-1.0264145	-1.8614397	-0.7066642	-1.0433424	-1.6094323	-1.1308037	-1.2067139	-0.8767146	-0.7689476	-2.2980504
-0.97081625	-0.7775066	-0.56336296	-1.1069243	-2.1770463	-0.79100263	-1.2093091	-0.22028717	-1.4068754	-2.9728098
-1.4311867	-1.9115695	-0.9185773	-1.3685334	-1.133689	-1.4701841	-2.2594101	-0.6303697	-1.6315671	-1.4404553
-1.8083774	-2.0508595	-1.1985557	-1.8473089	-2.900486	-0.9389055	-1.474022	-0.82224435	-1.1762793	-3.1040885
-1.4118354	-1.793862	-1.015437	-1.3184532	-1.3943654	-0.9815465	-1.4858164	-0.39718568	-1.3568469	0.60156775
0.46592453	1.4328876	0.68514395	0.21424462	-0.6470666	0.7618708	1.9229233	1.1990688	0.0606643	-0.9122754
-2.1533952	-2.1774702	-1.4196228	-1.9843756	-1.0992497	-1.606822	-1.617271	-1.2975274	-1.5436912	-1.2731798
-1.47635	-1.7602221	-0.9869338	-1.4355823	-1.2624187	-1.9772074	-2.0715911	-1.3378431	-2.0626085	-1.1670827
-0.9041272	-1.3296148	-0.502949	-0.8324538	-0.7424303	-0.6750361	-0.56617856	-0.32882622	-1.2955712	-0.27101374
1.864872	2.113539	1.9752446	1.5669948	0.33428922	1.9257594	0.8613108	2.9889383	1.8654615	1.9651899
1.1001954	1.4043401	0.8053739	0.8232192	-0.35544616	1.1892178	2.5235717	1.4483752	0.79495656	-0.69519204
-2.254561	-2.216473	-1.4369822	-2.1641176	0.027227014	-1.9354979	-2.1543212	-1.4577843	-2.4697962	-0.88243866
-1.5042722	-1.6469398	-0.83592916	-1.4624314	-0.6733272	-2.1332211	-2.0403419	-1.2671094	-2.2144737	-0.83808523
-2.3773952	-1.9632044	-1.6474733	-2.2227392	0.6252755	-2.5287297	-1.830206	-1.006526	-2.726047	1.4363794
-1.1399995	-1.4941629	-0.7325835	-1.1310638	-0.6011467	-1.6749353	-1.7897931	-0.6638555	-1.3799574	0.6678274
1.0675601	0.066010535	0.760509	1.0165195	0.19728836	-1.0199707	-1.3850062	-0.8789506	-1.2366618	-0.43159503
-1.3864324	-1.5624963	-0.85200155	-1.4229814	-1.2169977	-0.7553974	-1.1943729	-0.63040966	-0.6094757	-1.1750212
-0.41259313	-0.83927953	-0.26244462	-0.54932606	-2.8324482	-0.6639547	-0.75508326	-0.26135457	-0.7600367	0.72068816
-0.4829539	-1.5686103	-0.25724825	-0.42867053	-1.7091377	-0.3868943	-1.4554589	-0.13154565	-0.12698518	-2.1015296
-1.9671516	-1.8756883	-1.3565693	-1.8867862	-0.21353324	-1.3291242	-0.85594106	-0.7254262	-0.28469598	0.29460663
-1.9123828	-2.047797	-1.3144094	-1.8110987	-1.0555867	-1.9449795	-2.121319	-1.4697615	-2.0232005	-1.902661
-0.10894956	-0.041031733	0.3147868	-0.19740348	-0.2649492	-0.4332216	-1.4790698	-0.17753904	-1.2072225	-0.6751607
-1.4326442	-1.6931775	-0.99650323	-1.3545605	-0.80192375	-2.100177	-1.8831573	-1.4015251	-2.1151311	0.77691966
-0.8404472	-1.2869996	-0.40815124	-0.8299373	-0.67936254	-1.207354	-1.8267642	-0.34215456	-1.8763906	-1.3820434
-0.16373304	-0.65611213	0.24758838	-0.36153752	-2.2813642	-0.40031254	-1.134666	-0.09518477	-0.7522809	-2.2782845
0.5757439	0.3253301	1.2462742	0.32308996	-1.7333943	1.0700078	0.46789935	1.0860273	1.0444065	-1.2802527
-1.9942907	-2.0771067	-1.3015882	-1.7729081	-0.6522726	-1.6188784	-1.2918887	-0.52121127	-1.4805379	-0.9351504
-0.86463946	-0.30625778	-0.50457644	-0.9827372	0.0013347566	-0.6964224	-0.11012799	-0.08399478	-0.6430447	0.19436704
0.04781189	1.6189262	0.52477396	-0.25096214	-0.8601942	-0.74817944	0.69138545	0.37558207	-1.0074174	-2.0592725
-1.2255234	-1.5981809	-0.7695961	-1.2246009	-0.75706553	-1.1511463	-0.7706994	-0.226305	-1.0467591	-0.87493426
-0.63555115	-1.1842408	-0.28269336	-0.6780337	-1.5470617	-0.89352715	-1.4418725	-0.27104247	-1.0463539	-1.6996362
-1.923515	-1.9807663	-1.0617945	-1.8421838	0.45599326	-1.975526	-1.834809	-1.1093371	-2.5051365	-0.21818173
0.94067997	0.4327623	0.95670366	0.7447816	-0.51663774	2.351675	0.061016906	2.463631	1.8301462	-1.1299797
0.46246013	0.51181304	0.59563124	0.28998166	-0.013947219	0.44247273	0.9844539	0.84156656	0.14253351	0.9982598
-0.2060298	-0.18321228	0.4335294	-0.25046805	-0.012954235	0.83653444	-0.40122887	1.9193654	0.7104817	-0.47561148
4.2016907	3.2897437	3.3824208	3.7073848	-1.6246231	3.632791	2.7458832	3.3671036	3.1807542	-1.6007667
-0.32131565	-0.41602966	-0.22158462	-0.3244589	-0.9727737	-1.1385822	-1.3003268	-1.0881569	-1.5449644	-2.4012227
-0.31595075	-0.6667057	0.052118108	-0.49836296	-1.6105381	-0.94453776	-1.2353945	-0.7907048	-1.6272787	-1.729571
-1.9770106	-1.9621007	-1.4202013	-1.8679421	-1.2266086	-2.0740075	-1.4295769	-1.1131762	-1.9329295	-1.5686781
-2.0597641	-1.8478798	-1.3888901	-1.9920665	-0.98443174	-2.1873956	-2.1974547	-1.1856952	-2.6494887	-1.0432305
-2.2095726	-1.978319	-1.3800427	-2.103067	-1.0018233	-2.5973783	-1.9510131	-1.0798681	-2.3610578	-0.8909489
-2.0401173	-2.1569371	-1.3095037	-1.9756608	-0.89225066	-1.3692163	-2.1827066	-0.8821542	-1.7249484	-0.36386892
-1.928058	-2.078671	-1.3765702	-1.925838	-1.9761411	-2.1858304	-2.2156003	-1.5634459	-2.5942276	-0.83794004
-2.1479867	-1.4744302	-1.5588396	-2.0282924	2.3120801	0.51706964	2.7527735	0.9804015	0.3602649	1.2625996
-1.8629636	-1.9938209	-1.1639	-1.7913826	-1.1447881	-1.6635154	-1.4261911	-0.8640863	-2.0712585	-1.0104346
1.1121051	2.1480014	1.3590729	0.8713236	1.0743898	0.046617016	0.0013992661	1.2450112	0.5408073	-4.8993348e-05
0.3436007	1.8765099	0.7662759	0.12381764	-0.07609683	1.5946518	1.7884698	1.223017	1.3459992	0.070984185
-1.6873661	-1.6862063	-1.0059791	-1.5804993	-0.69834805	-1.8161031	-2.2394586	-1.3430806	-1.596106	-0.51891184
-2.3332634	-2.3194406	-1.5073555	-2.2261796	-2.3941596	-2.016654	-1.6023362	-1.4103992	-0.9949943	-1.4426372
-1.6584189	-1.8166187	-1.0491151	-1.6078564	-1.2207634	-2.2262979	-1.9004871	-1.4661365	-1.7693887	-0.79799086
-0.6523641	-1.1874949	-0.24449399	-0.63672245	-1.2126856	-0.62602276	-1.749779	-0.26983288	-0.9796628	-1.5208048
-2.4357586	-2.4436216	-1.6227795	-2.3696206	-1.2719532	-1.8577132	-1.7253166	-0.98329115	-2.4154472	-1.3491678
-1.8816836	-1.9143964	-1.187544	-1.8602226	-0.5135217	-2.0821211	-2.6234803	-1.5813015	-1.2281125	-0.85505474
-2.5508876	-2.3650403	-1.5548475	-2.4277036	-0.7528059	-2.516158	-2.500392	-0.5682232	-3.0545218	-1.7504572
-1.0174936	-1.4268347	-0.536127	-0.926521	-1.3932241	-1.2196637	-2.0247705	-0.98722136	-0.86874825	-0.9865736
-1.2338852	-1.5626925	-0.78239524	-1.1994324	-0.052547097	-2.0413883	-1.5100316	-1.1344268	-2.4355505	0.06202322
-1.2850438	-1.3677683	-0.8195944	-1.285064	-1.5784361	-1.2462353	-1.4861414	-0.40336534	-1.1941843	-3.099399
1.6572484	2.260777	1.6930524	1.4244827	1.2459551	1.5529134	3.3713102	1.9345863	1.1649158	2.0404983
-1.8658016	-1.9742821	-1.1095458	-1.8884575	-0.43013543	-1.6272618	-2.014965	-1.2435368	-1.8696585	-3.0856395
-1.7856896	-1.9517785	-1.1884978	-1.7044835	-1.5272278	-1.0607427	-2.670719	-0.22893125	-1.5335782	-1.1256504
-1.7677159	-1.8917104	-1.1776121	-1.6857897	-1.1774476	-1.5811287	-2.25355	-1.1173501	-2.4221995	-1.7390403
-1.9396327	-1.9625533	-1.3377464	-1.8624758	-1.4296664	-2.2789943	-1.6303312	-0.9535449	-2.1287344	-1.5054494
-2.4119906	-2.2665343	-1.5279834	-2.2778003	-1.5230429	-2.4426408	-2.6700633	-1.5379443	-2.425506	-1.380678
-1.7684429	-1.9141792	-1.2281641	-1.6628897	-1.3730403	-1.5840946	-1.6722258	-1.8302264	-1.8215042	-1.3365015
-2.3200688	-2.3648813	-1.5370073	-2.2588043	-1.430396	-2.587146	-2.2678778	-1.4261805	-2.476385	-0.2849268
1.2462987	1.5581	1.7791089	0.90332747	-0.966143	1.3100064	1.8012394	1.7341064	1.0827165	-1.0230409
-1.864787	-1.9971879	-1.1959257	-1.7595825	-0.71627426	-1.8789983	-1.4888482	-0.44575593	-0.48290014	0.3600803
-0.93035203	-1.1866293	-0.5261414	-0.98649484	-0.81989443	0.34871727	-1.2525059	-0.7604639	0.36637706	-1.87123
-1.0589511	-1.1171142	-0.5459169	-1.0840827	0.044746846	-1.4096192	-2.0648181	-1.4275542	-1.2474718	-0.518832
-1.3494028	-1.201848	-1.0289052	-1.2770985	-0.57378244	-0.9170171	-1.0364077	-0.762767	-1.2760562	-0.11424699
1.2074546	1.3638399	1.5313735	1.0072613	-0.33798242	0.08216325	0.6332703	0.2371893	-0.1627125	1.027459
-0.7426061	-1.3019136	-0.29794702	-0.7043396	-1.2903367	-1.1870993	-1.4987168	-0.8094551	-1.5006078	-2.7180471
-1.0164772	-0.6222732	-1.0222521	-0.9637046	-0.49695307	1.734935	2.2435584	1.0780375	1.1685379	0.0033484022
0.0015040264	-0.17295009	0.59729767	-0.12338288	-1.7296773	-0.08869836	-0.37495378	0.8277642	-0.17467424	-1.0876014
0.38548535	-0.23658523	0.76629627	0.19386654	-1.948986	-0.11075054	-0.95330703	0.12938271	-0.39618832	-2.8415172
-1.0454056	-1.1784239	-0.6060519	-1.0098156	-0.48321435	-1.1290551	-0.84559375	-0.58223015	-1.3512505	0.925351
-0.96408373	-1.4498376	-0.53797734	-0.965701	-1.5483394	-0.30260512	-0.053141672	0.7490629	0.7318647	-1.3504417
-1.345927	-0.17456654	-0.86380696	-1.4364536	0.56249046	-2.097392	-1.0122056	-1.7391651	-2.4859207	0.93805087
-1.3930519	-1.4868573	-0.94464195	-1.430309	-1.0122867	-1.8867226	-1.678041	-1.2491846	-1.6644951	-1.0378895
-1.659503	-1.8092346	-1.135375	-1.551026	-1.141804	-1.8935971	-2.09814	-0.41593722	-1.4141691	0.70868814
-0.57994264	-1.3563614	-0.21135512	-0.61701757	-1.7158391	-1.6476535	-1.7931567	-1.1630896	-2.2903595	-1.6660246
-1.2187854	-1.4568522	-0.7117083	-1.1946154	-0.6310289	-1.0528044	-1.4074835	-0.90984046	-1.4600853	-0.52002424
0.031475805	-0.573274	1.0053161	-0.10249485	-1.143562	-0.14215511	0.5648061	0.33573505	-0.15332511	-0.69129556
-2.282794	-2.2411082	-1.6304811	-2.1587758	-1.9147161	-2.363242	-2.8428419	-1.953234	-2.682518	-1.1799189
-1.6109339	-1.8451322	-1.0108479	-1.5853041	-0.86895335	-1.9608461	-2.7669282	-0.9598982	-1.59453	-0.6587343
-0.04961068	0.18206841	0.22033662	-0.17915514	0.026179135	-0.39065018	0.62984705	0.30520707	-0.17020336	0.06404399
0.08337929	-0.48303035	0.65684915	0.053781822	0.37238452	-0.9775185	-1.5589267	-0.60975146	1.2544503	-0.8900783
-1.6731741	-1.8489143	-1.0998365	-1.6167077	-1.917138	-1.0617206	-2.0730467	-0.46031684	-1.0159043	-0.18822823
-2.529909	-2.3251548	-1.5876964	-2.3931997	-1.3084992	-2.8920794	-2.375494	-1.6091464	-2.7785397	-1.274893
-1.8920128	-2.1215754	-1.2775033	-1.7732271	-1.9238353	-2.0051525	-2.3108342	-1.2995608	-1.4197145	-1.5424632
-2.4359975	-2.149312	-1.604202	-2.3396435	-1.2190591	-2.1499212	-1.9329051	-0.8581565	-1.526527	-1.5356005
-0.4225367	0.029109895	-0.056886166	-0.52276564	-0.4494853	-0.934361	-1.1933424	-0.3702227	-0.4497861	-1.263098
0.37288278	1.7063116	0.79064965	0.08062653	-0.56298	1.8896376	2.4949486	2.5543408	2.092622	-0.049271572
-0.55143064	-0.13760158	-0.28379616	-0.53417194	-0.4062046	0.8976777	2.0944164	0.5940361	0.9456219	-0.23009945
-2.0224476	-1.6147685	-1.31239	-1.8824906	0.31756577	-2.5297155	-1.766552	-1.1305975	-2.0306194	-1.5770656
0.43379232	-0.5100255	0.8652972	0.24475266	-1.7098984	-0.36604226	0.020253617	0.8965086	-0.32567152	-1.1972978
0.82478267	0.1910347	1.0044321	0.46831203	-1.3112633	0.48051703	0.5308175	0.33475313	-0.6029931	-1.4346211
-1.7233459	-1.7232821	-1.0368117	-1.6185927	-0.0998196	-2.0851018	-2.1873708	-1.0393295	-1.8666902	0.24327789
0.08762737	0.45887384	0.42037886	-0.02426894	-0.55915797	-0.1588092	-0.3937277	-0.16006224	-0.5823947	-1.9436988
-2.1892073	-2.2168963	-1.5318122	-2.094832	-1.8061692	-2.1581202	-1.8550224	-1.5133386	-1.6559583	-1.1776825
-1.3463258	-1.5531015	-0.92843556	-1.2997129	-1.3821164	-1.5375872	-2.0326867	-1.1770838	-1.281363	-1.4806154
-1.8410503	-1.9651974	-1.2891484	-1.7496339	-1.9527277	-1.3977858	-1.7239801	-1.1798149	-2.7767925	-1.5987419
-0.8599562	-0.92552567	-0.4320704	-0.9263619	-0.6160469	-1.6211336	-1.2946271	-1.3180068	-1.6806644	-0.9658921
-1.3397346	-1.5645081	-0.8062763	-1.3764788	-0.85672677	-1.1120975	-1.5453687	-0.9400113	-1.2844824	-2.5562363
-1.1390833	-1.2291058	-0.67436194	-1.1304379	0.20313087	-1.1722475	-1.6867474	-0.9189904	-1.0822432	-0.46337143
2.311229	1.020617	2.5644612	2.1329741	-0.64282644	2.7967162	1.1794949	3.5956285	2.7935777	-0.26576775
-0.38633662	-1.1101173	-0.05134356	-0.33399063	0.2502875	-1.0795759	-1.5358022	-0.4056513	-1.0695689	-0.24415782
0.40899596	0.38048187	0.6704521	0.17751156	-1.4486156	-0.15546586	0.651762	0.8916241	-0.5627446	-1.242327
-2.303545	-2.4139163	-1.5747813	-2.194083	-0.121667	-2.3277555	-2.4184115	-1.8764737	-2.0579982	-0.98916525
-1.9986085	-2.033314	-1.3143486	-1.9402714	-0.3502654	-1.7983077	-2.0759244	-1.3141248	-1.8357264	1.8383168
-1.7233735	-1.5431793	-1.0919302	-1.6940185	-0.4804715	-1.5583779	-1.2285982	-0.4700732	-2.5077617	-0.68397796
-1.9181073	-2.0704453	-1.1169448	-1.9189293	-1.2391541	-1.9680971	-1.7218426	-1.119588	-1.7705438	-1.4364864
0.39620462	-0.48530304	0.9041935	0.21624814	-2.4103131	-0.15890957	-0.781432	0.6680326	-0.623382	-1.9967669
2.1379333	1.9199011	2.0802116	1.9931204	0.81305814	3.6561203	2.5155828	4.059524	3.3826566	1.3642079
0.44047007	0.084688485	0.92070043	0.28487235	-0.9601022	0.024636894	-0.6434199	0.7324565	0.018716581	-1.162627
-1.3746791	-1.5518451	-0.89266145	-1.2849088	0.8076569	-1.4358578	-0.8508475	-2.1410606	-1.7453381	0.70669264
0.813304	3.324158	0.9739511	0.5160801	2.3283257	1.1369684	3.2209263	0.76484776	0.71113026	0.027787916
-1.8930103	-1.925922	-1.1960127	-1.852644	-0.8158939	-2.234056	-2.0619025	-1.0468343	-2.1751955	-1.271764
-2.2397108	-2.238497	-1.3886161	-2.1597412	-0.6672125	-2.3509724	-2.555627	-1.8720609	-3.4967487	-1.1918427
-0.01599852	-0.7169175	0.52424634	-0.15198104	-0.24972865	-0.5887911	-1.8127754	-0.03865652	-1.1619947	-0.2598659
1.000581	0.9897907	1.3477967	0.7589761	-1.1163107	2.5999045	2.1061997	2.5321488	1.7841271	-1.4094107
-1.379273	-1.6662931	-0.78156126	-1.3418807	0.36836347	-1.5623031	-1.8790926	-0.85672385	-1.6908512	-0.045273572
-2.3863974	-2.320923	-1.4231353	-2.3948042	-1.6435473	-1.5330781	-0.7442828	-0.11041715	-3.284696	-2.2753787
-0.6459597	-0.9752399	-0.2844189	-0.6847783	-1.7477328	0.04536534	-1.6034132	0.42396858	0.17071983	-2.4586878
-2.6830223	-2.4798691	-1.720868	-2.6210222	-1.9330703	-2.7831607	-2.9345899	-1.8981082	-1.7643036	-1.7481173
-1.4873987	-1.5733384	-0.9768164	-1.4460399	-0.4429891	-1.9257365	-1.453016	-1.5016685	-1.4266064	-1.5745822
-1.2940041	-1.6203917	-0.76543546	-1.3105532	-0.26194254	-0.7139446	-0.8411938	-0.24865153	-0.67143744	-0.3620442
-2.257621	-2.206361	-1.4603512	-2.055989	-1.6109126	-2.4347014	-2.2255194	-1.5199577	-2.5070884	-1.0337787
2.3548002	0.94947386	2.503155	2.122554	-0.7248931	0.19163959	-0.15358286	0.5730262	0.26415268	-1.5132396
1.0163765	0.7273685	0.68183947	0.86023223	0.61713994	-0.86508316	-0.6865685	0.011217335	-1.0447621	-1.6322757
-0.9780903	-1.1979994	-0.6726397	-0.8736937	0.23694	-1.3827529	-1.8495108	-0.55552226	-1.3497889	-0.21765478
-0.21823508	-0.7816442	0.181689	-0.39043352	-1.7224268	-0.031683214	-0.09031679	-0.40749916	-0.24325217	-1.3413502
-1.2483255	-1.6143374	-0.8294649	-1.2117975	-1.0312212	-2.0130463	-2.1372068	-1.3149567	-2.8856928	1.0716152
1.771469	0.18970466	1.6738722	1.3511158	-0.80060685	1.8985677	-0.29947978	1.3699105	1.6238258	-2.3983536
-0.2707755	-0.5215098	-0.124623924	-0.26917297	-1.447037	-0.44175208	-0.87081474	0.07093827	-0.5922994	-3.7045908
2.5264199	2.3348386	2.5307393	2.2376943	-0.4598034	1.6409022	1.7521921	1.9041979	2.0360365	-0.9861369
0.5377738	1.2687054	0.942222	0.31186312	-0.8677244	0.9692798	-0.08163857	1.6505526	1.2533079	-1.0568013
0.99057573	-0.02428773	1.0649563	0.68379664	-1.0678741	3.1465855	-0.0030905807	1.9829866	2.5287473	-1.0048567
-1.5473042	-1.7794408	-1.0461086	-1.4327605	-1.2273719	-1.8990216	-1.861749	-1.7645322	-2.6634023	-1.592265
0.57340133	0.21217248	1.1869353	0.40328473	-1.3366182	2.351796	1.5579439	2.8372364	2.5954978	-0.43291497
-1.7156317	-1.7280627	-1.320214	-1.6953309	-1.420036	-2.077383	-2.823773	-1.742109	-1.7053698	-1.9778934
-1.853257	-1.9204218	-1.2323984	-1.8077817	-0.7415154	-2.3668928	-2.0796468	-1.6450634	-2.1762793	-0.7141675
-2.4775043	-2.4892209	-1.6238316	-2.3809037	-0.6599977	-2.8375266	-2.821577	-1.8346035	-1.9863553	-1.6284214
-0.4097335	0.79916453	-0.19780448	-0.6437163	-1.3787416	-0.077481754	0.00085242814	0.39244604	-0.12624922	-1.0258144
-1.5839024	-1.8734276	-1.0824847	-1.4923222	-0.75861406	-1.2865334	-1.6403838	-0.23369977	-1.3484907	0.60055864
-2.9313538	-2.6623492	-1.9632268	-2.7388864	-2.4453216	-2.7475674	-1.7241275	-2.2129908	-2.5371633	-2.1358
-1.8566265	-1.8751376	-1.1843871	-1.7621135	-0.3322803	-1.473958	-1.8102983	-1.0283549	-1.161212	0.25435382
2.0388796	1.3210858	2.1559691	1.739986	-0.24587606	2.4124324	1.0271614	2.6025488	2.9546444	-0.46733314
-0.35984412	-0.13953802	-0.13937953	-0.47911274	-1.9574267	1.0367959	0.06988806	1.3439924	1.1640406	-1.6545596
-0.88357747	-0.7372441	-0.5054482	-0.94779193	0.77666426	-1.1658323	-1.6472422	-0.60574573	-0.85597587	0.21827292
0.0066624805	-0.61852896	0.38136715	-0.11054507	-0.80806035	0.2302476	0.2650399	0.9121171	-0.24912989	-1.9316036
-0.124342024	-0.22964084	0.11991295	-0.34164506	-1.444754	-0.7194513	-0.93080515	-0.6827276	0.1381605	-2.3488293
-1.3536847	-1.7435796	-0.86887515	-1.3322017	-1.7074293	-0.23902881	-1.3528494	-0.6665056	-0.36951348	-0.5957314
0.7003068	0.92729986	1.1615307	0.44842875	-1.25348	1.3693199	2.0438929	1.7064284	1.4497368	-1.4715074
-0.4363039	-1.5120444	-0.1001257	-0.4713828	-0.78072226	0.5538827	-1.1068559	1.369388	0.74105	-0.54383886
-0.099938944	-0.2929093	0.35467538	-0.18821289	-1.4187745	-0.77507746	0.23654123	-0.095400676	-0.81029683	-0.88560987
0.45414183	-0.3190902	0.8572396	0.28245556	-1.5624398	0.56753	-0.0998657	0.8243056	0.13477902	-2.1007314
-1.4712139	-1.8405333	-0.9163519	-1.3848481	-2.3234096	-1.1682222	-1.5555559	-0.93654907	-1.0449052	-1.8740131
-0.086764075	0.29305235	0.26990625	-0.1796767	-0.88731766	0.055209197	0.80910426	0.05845111	-0.2154349	-0.049933888
-1.1197697	-1.459497	-0.59341276	-1.0205915	-0.6029564	-1.0105814	-1.477357	-0.5770145	-1.4097327	0.55928755
-0.583385	-0.5040394	-0.038908422	-0.6112095	1.3578864	1.0320992	0.99326396	1.2441214	0.58618635	1.8069689
-1.8193488	-1.6421338	-1.1810918	-1.6872524	1.4476329	-1.8624116	-1.173768	-1.1044964	-1.9844289	3.4401126
1.6808021	2.8877017	1.1635151	1.5008466	0.28617963	0.37842795	2.7891788	0.5266422	0.5268654	0.613836
2.7827559	4.534674	2.4805777	2.2670867	0.8493494	1.6424574	4.254363	1.3733484	1.2991245	-0.5422265
0.6871875	1.2207148	0.60182405	0.41818815	-0.25656223	1.808166	0.32100803	1.4065316	1.7282586	-0.83983535
-1.0385911	-0.2819755	-0.4295266	-1.1115288	0.6250794	-1.1475432	-0.98882204	-0.517493	-1.3083856	0.9224386
-0.19098875	-0.5349389	0.2240427	-0.32814813	-1.4824408	-1.0990441	-1.3319751	-0.6161666	-0.3622736	-1.7573282
0.48903564	-1.1132859	0.8502954	0.35186195	-1.9044375	-0.0520334	-1.0283402	0.93931305	0.037158858	-1.8154191
-1.6987516	-1.5626103	-1.1893749	-1.670172	-1.9183	-2.0233061	-1.342368	-1.9695327	-1.3693835	-2.905789
-1.550498	-1.8285434	-0.8599503	-1.5780524	-2.7359776	-1.819146	-1.9405524	-0.7498037	-2.288485	-3.339542
-1.4140775	-1.6111816	-0.89336216	-1.3308018	-0.099704385	-1.2071189	-0.68825936	-0.7193846	-1.2617104	-0.63055694
-2.5486748	-2.0117936	-1.7529638	-2.4741335	-1.5280365	-2.9162169	-1.7034758	-1.8017012	-2.0678627	-1.3160684
-2.047551	-2.0580897	-1.2400956	-1.9723581	0.86059237	-2.3740692	-2.4140854	-1.1023016	-2.2918093	-0.017912552
-1.763868	-1.9375983	-1.191125	-1.6002814	-0.014459342	-1.4533519	-1.6831331	-1.149748	-1.6124232	-0.594949
-1.6102824	-2.0804577	-1.1828873	-1.5247629	-2.1300125	-2.2613573	-2.2078311	-1.6770644	-2.002289	-1.9453508
-0.7637038	-0.29690054	-0.07902482	-0.81587195	-1.0397218	-0.5799509	-0.39467853	-0.045849126	-0.65562695	0.08184305
-0.24295673	-0.62867117	0.4022709	-0.21725856	-0.039939404	-0.23400126	0.042475898	0.042179167	-0.47466594	0.26599208
-1.5296757	-1.9294319	-1.0618739	-1.5054326	-1.0867678	-1.6200727	-1.7823976	-1.3786241	-1.8127204	-1.2787712
-2.084543	-2.0553586	-1.2942413	-1.9821789	-1.1719416	-2.025254	-1.9222095	-1.4321389	-1.59453	-1.2865508
-0.99315757	-1.6773602	-0.5739672	-1.0680982	-1.7271813	-1.323749	-2.0127017	-1.0188195	-0.8357288	-1.2764561
0.85757536	0.36967507	1.5906427	0.64139354	-0.5172683	2.462563	-0.62777764	2.9731097	2.4414854	-0.76849
-0.24338984	0.8224622	0.18439093	-0.38637674	-0.3422694	-1.2661071	-0.59067893	-0.04147691	-1.341253	-0.9223954
0.594626	2.5057542	1.2904458	0.3507688	0.42559394	0.85639673	1.9622084	1.6145717	0.24243452	0.24740995
-1.7267678	-1.8164386	-1.1609561	-1.6742308	-0.6465198	-1.6613138	-1.7841566	-1.3687376	-1.4481997	-1.9053271
-1.7361106	-1.6456776	-1.2611516	-1.6297228	-0.12113997	-1.6388211	-1.6500953	-0.5921749	-1.3871835	-0.7756858
0.035380475	-0.48391604	0.26093754	-0.058932617	-1.370141	-0.0786581	-0.9207544	0.08235494	0.027112667	-3.0422006
-0.19287321	-0.56161726	0.2421594	-0.31734198	-1.7903143	-0.047153737	-0.89091194	0.23649354	-0.5564209	-2.082825
-0.04713265	1.3661058	0.4652151	-0.3102948	-0.09108168	1.1554383	2.5656312	1.2738909	1.0907161	-0.49421278
-0.87858707	-0.3582815	-0.45459864	-0.94664115	0.56756115	-0.6362815	0.8919968	-1.2869079	-0.5153153	2.2816896
-2.0952282	-1.9717152	-1.2952684	-2.0775678	-0.8392713	-1.442098	-1.5167304	-1.0172323	-1.3054882	-0.48023206
1.0608326	1.0235071	1.0387508	0.9423624	-0.39858028	-0.2395951	-0.35533175	-0.018579315	-0.4421664	-2.0337336
0.17951837	-0.5869988	0.5779207	0.0024725646	-1.7422954	-0.2598882	-0.8036363	0.071938284	-0.39474678	-1.6663762
-0.5474793	-0.5623472	-0.18274882	-0.71965814	-1.3143772	-0.52997005	-0.5663567	-0.35722712	-0.3919609	-0.1991992
-1.9424689	-2.154494	-1.2970505	-1.8398528	-1.7121621	-1.7199229	-1.7838513	-0.6632159	-2.261581	-1.7354872
-1.740103	-2.0063505	-1.1108055	-1.713006	-1.2615705	-1.6402688	-1.6791127	-1.1550721	-1.6850435	-1.4868951
1.2598159	0.89080477	1.6401346	0.9919089	0.9118601	1.5198854	1.0995443	2.0606654	1.1849537	1.2569215
-1.2347707	-1.3818853	-0.60131884	-1.2807688	-1.0948365	-1.2861912	-1.7219626	-0.13606885	-1.1683645	-1.3589451
-1.9543856	-2.0822701	-1.3385525	-1.887236	-0.4659772	-2.5057266	-1.8749809	-1.026601	-3.0585644	0.049117282
-1.8147155	-1.5210828	-1.308229	-1.7395	0.009348363	-1.4345326	-0.9186658	0.54171443	-2.3353221	1.222702
-1.8401955	-1.9364971	-1.273963	-1.8323336	-0.18591645	-1.7835355	-2.2199435	-2.0846238	-1.8825446	-0.38516676
-1.2646656	-1.3913864	-0.7703495	-1.2830175	-1.1299167	-0.9378126	-2.3927853	-0.22135055	-1.3121444	-1.3040646
-1.8841671	-1.9850864	-1.262646	-1.8770686	-1.5773638	-1.944685	-2.127848	-1.3222238	-1.7661369	-1.7727813
-0.57051164	-0.41621947	0.13420296	-0.6179226	-0.75862515	-0.67269117	-0.8959764	0.53071344	-0.42526138	-1.058854
0.034782022	0.66428995	0.36503768	-0.12811509	-0.8733542	2.047723	2.620616	1.1463798	2.1566787	0.9839081
-0.07848234	-0.804633	0.58459663	-0.16925152	-1.4539897	-0.82540345	-1.5909116	0.10576781	-0.9103588	-1.8844911
-0.37534213	-0.4417251	0.025421351	-0.37701315	-0.21187109	-0.9563888	0.45175713	0.46488428	-0.23678702	-0.2773122
-1.8575537	-1.8811516	-1.1924933	-1.8100171	-1.0059091	-1.782189	-2.0698504	-0.6072387	-1.08629	-2.60155
0.32092914	-0.25731233	0.77820146	0.13716377	-1.9211737	0.08180236	0.15233131	0.49103457	0.1598335	-1.9115161
-1.04606	-1.0009097	-0.5418674	-1.0845265	0.37929246	-0.5990032	-1.5631138	-0.5209832	-0.82213503	0.51113963
1.2089638	1.3327603	1.6566999	0.99226916	0.62155247	0.049370646	1.810155	0.6618624	-0.6484049	0.5182752
-0.27306515	-0.86790097	0.019059584	-0.349	0.4904894	-1.9388798	-2.4916344	-1.573039	-1.8168807	0.47160548
-1.7454697	-1.797735	-1.2190069	-1.6833932	-2.0340536	-2.341799	-1.9478327	-1.0491585	-1.5774177	-2.352667
-2.2760167	-2.1942122	-1.4471558	-2.1693354	-0.90422297	-2.0590043	-0.897774	-0.85756814	-0.8048282	-0.31026834
1.029118	2.0734053	1.5903811	0.88821006	1.1733059	2.5221593	3.3842592	2.442684	2.3810089	0.21909149
-2.191291	-2.1283696	-1.3269913	-2.1163485	-1.107314	-2.345251	-1.8343052	-1.1919622	-2.0244412	-0.8709715
-1.0792356	-1.5741683	-0.57516146	-1.114575	-0.8651031	-1.250601	-0.810404	-0.21747078	-1.8724381	-1.2339528
0.86597264	1.0986147	1.2485868	0.5976097	-1.2126795	1.6985964	1.6343424	1.891803	1.5188651	-1.7304877
-0.07321025	-0.6408587	0.2124612	-0.2936813	-1.8562803	-0.46850404	-1.1523465	0.14730892	-0.4908301	-1.861296
1.1527388	0.82086694	1.7263001	0.9916533	-1.3392402	0.9574786	0.39387298	1.5564382	1.1069925	-1.4784803
-1.6551484	-1.8591481	-1.0959535	-1.604395	-1.9154259	-1.8854225	-1.8580128	-0.5761883	-1.3785789	-1.7197317
0.010006033	-0.3998157	0.26124838	-0.050184265	-0.47512966	2.814986	-0.8308699	2.3982885	2.9647827	-0.9325419
-3.048406	-2.3250012	-2.0375128	-2.9020076	-0.6702831	-3.1151044	-2.497416	-2.1099179	-3.252281	0.19836637
-0.87675303	-1.3051269	-0.4753575	-0.9964003	-1.6720926	-1.3204923	-1.9668605	-0.8861579	-1.4341007	-1.4011894
-0.6797789	-0.66589415	-0.5106982	-0.67351955	0.072031796	-0.5456451	-0.017727433	-0.12115644	-0.5345878	-1.025128
-2.6523833	-2.2895768	-1.657651	-2.5606105	-0.28621146	-2.4622085	-2.2383091	-2.357754	-1.9996632	1.976899
-1.6117809	-0.46922067	-1.0650103	-1.5885699	1.5151043	-2.0454164	-1.6086828	-1.0558063	-2.171164	2.3498273
0.041501485	0.15605879	0.4343299	-0.10463573	-1.0606943	-0.24885029	-0.121336356	-0.25469884	0.08235034	-1.3907435
-2.2357807	-1.9336126	-1.3679124	-2.1396568	0.084308356	-2.841208	-2.5365894	-1.6549288	-2.8471932	-0.61468357
-0.047820333	1.5512704	0.3110609	-0.26840973	0.42338702	0.27297762	0.78138095	0.9601246	0.6679167	2.329627
-0.91047937	-0.91521287	-0.5367427	-0.98314965	-1.4369763	-1.1101154	-0.6539527	-0.35298085	-2.3307505	-2.0102758
-2.6060503	-2.3795078	-1.6985193	-2.438455	0.032873183	-2.2278914	-1.8768586	-1.8915992	-2.2175379	-0.3711037
-2.8913958	-2.2967687	-2.0738704	-2.7734864	-1.0087304	-2.7678535	-1.9282173	-0.46692136	-2.6539297	-1.0373145
-1.2528309	-1.685619	-0.73179686	-1.3194612	-2.2508311	-0.79625666	-1.6513939	-0.18162365	-1.5326383	-1.3337221
-1.9176226	-1.9574084	-1.266221	-1.8986899	-1.1784097	-2.1345766	-1.8071125	-1.638078	-1.0830622	-0.022724899
-1.125619	-1.3760288	-0.608359	-1.1681886	-1.243045	-0.16977511	-0.7639105	0.7654171	-0.8727849	-1.164422
-2.184554	-1.7086366	-1.6539439	-2.0203178	-1.9766139	-2.723155	-1.6063623	-1.9652534	-1.4829001	-0.7976725
-1.7571422	-1.9019079	-1.099255	-1.74609	-1.2061298	-2.186986	-1.9669765	-1.192232	-2.6271975	-1.7999362
-2.8154907	-2.4346993	-1.7559372	-2.6667583	-0.29514208	-2.7118876	-2.1030822	-1.9754827	-3.1393626	-0.8277848
-0.250179	-0.420412	0.1864124	-0.3537775	-0.85649204	0.51917064	0.18972902	0.6828398	0.6274675	-0.96908325
-0.2832776	0.23902532	0.13104466	-0.4492715	-0.56387144	-0.30470455	-0.6600352	0.1446125	-0.15030295	-1.0150084
1.033989	0.67979133	0.97882056	0.8396658	-0.5360858	-0.06723796	-0.6990425	0.07619448	-0.48577148	-1.3424946
-1.910815	-1.8830211	-1.3284882	-1.8312311	-1.3807925	-2.160193	-2.1040204	-1.1600418	-2.3201985	-1.347293
-1.9018375	-1.6129693	-1.4286568	-1.8178601	-0.45688412	-2.1998951	-1.9831057	-1.3225951	-2.0343213	-1.2633545
-1.3264575	-0.79520845	-0.9290178	-1.2707092	0.4373723	-1.3160069	-1.7811391	-1.2817307	-1.1284542	0.69883627
0.5983971	-0.0683139	1.0445967	0.61756617	1.0012691	0.04622392	-1.2330772	0.3747214	0.06964723	0.50034255
-1.8761641	-1.9163144	-1.3653513	-1.7516702	-1.6992604	-2.3214521	-0.9650185	-1.0155097	-2.4465196	-2.3926673
-1.6059245	-1.6636317	-1.2058402	-1.4360936	-0.4721575	-1.4575049	-2.1354325	-1.0081183	-1.1939338	-1.3654505
0.123885475	-0.23462546	0.22731796	0.13440509	-1.735819	0.38945815	-0.95237523	0.712106	1.5341762	-2.1152225
-2.256424	-2.2347004	-1.5230786	-2.1075861	-1.9222485	-2.1077716	-2.692071	-1.6681255	-2.5868793	-2.3363626
-1.9851693	-1.8289325	-1.3185799	-1.9418628	-0.89104056	-1.6451999	-2.249411	-0.49812928	-2.0185285	-1.5539558
-1.0383044	-0.44328672	-0.41649184	-0.96175677	-0.48276725	-0.514518	-0.075545974	0.11742993	-0.075732395	1.2612075
-0.72503597	-0.18984956	-0.47582427	-0.7343215	2.0117717	-0.8778386	-0.59351444	0.057152525	-1.0575697	2.177006
-2.3402207	-2.2220924	-1.6661711	-2.1711822	-1.449	-1.3142731	-2.031715	-0.85561275	-1.3060021	-0.84213716
-0.7853071	-1.3967215	-0.38085225	-0.8601535	-1.4502206	-1.3569596	-0.9078651	-1.3090744	-0.88879013	-0.91141427
-0.19057432	-0.3521526	0.07057376	-0.31927043	-0.519315	-0.17544341	-1.0074707	-0.19895193	-0.15016201	-0.86823624
-0.47900984	0.3330187	0.18360686	-0.6171704	0.6372098	0.56301284	-0.15107593	0.823478	0.079531364	1.5651639
-0.18565005	-1.0899035	0.13966253	-0.30581713	-1.0503677	-0.711943	-1.023317	-0.64095116	-1.1590008	0.3691045
-2.0778968	-1.9430736	-1.2597431	-2.0213451	0.26701877	-2.1370544	-2.0257363	-1.5196666	-1.0216615	-0.24199224
-1.3203598	-1.1341343	-0.9227015	-1.3430169	0.22710761	-0.6909267	0.18165533	-0.25308686	-1.0205694	0.15750946
0.48821768	-0.0015186667	0.7859404	0.25469732	0.9971397	-0.38212058	-1.4756372	-0.53593343	-0.29165062	0.80724865
-1.3262162	-0.6567807	-0.72730684	-1.3427111	-0.63549954	-1.3572578	-2.0905335	-0.7275328	-0.45979962	-1.290715
-1.5086887	-1.6144474	-0.94822025	-1.3638343	-0.24067068	-1.4820772	-0.07892575	-0.9218928	-1.9227993	-0.46599016
0.1493943	-0.225391	0.66187215	0.1122974	0.7331835	-0.0029368766	0.6162911	2.006944	-0.1283171	0.5476043
-1.5863105	-1.835519	-1.1208913	-1.4956536	-1.1113342	-1.0019203	-1.9141678	-0.7442173	-0.80232984	-1.0485525
2.617633	1.6237832	2.202988	2.215067	-0.21736	1.9770466	1.4681786	1.4727932	1.8743998	0.31109545
0.27398047	0.5146185	0.68368566	0.009433016	-1.7143575	0.29775685	0.16549933	1.0044336	0.2423825	-1.3839844
-0.049644627	-0.27510288	0.3326436	-0.22397377	-1.854932	-0.088300385	-0.8399892	-0.4287394	-0.57870334	-2.5364923
-0.36097515	0.039459407	-0.06150067	-0.40176865	1.9824749	-0.23335943	-1.0415566	-1.506611	-0.35736927	2.1985292
-1.7296647	-1.5893093	-1.1481874	-1.7383054	-0.30273917	-2.3175008	-1.135763	-0.24902005	-2.4080784	0.21379098
-2.1844952	-2.2209387	-1.386554	-2.1727245	-1.6384524	-2.6686192	-1.6223941	-1.6844689	-2.244054	-0.8553063
0.6870819	1.5465611	1.187016	0.42645	-0.47992775	0.9085526	1.9614656	1.7691414	0.86901855	-0.32175997
-0.3880905	-0.84216845	-0.053648084	-0.45320046	-1.0779945	-1.0142746	-1.783832	-0.47806215	-1.592884	-1.7898186
-2.4207852	-2.441076	-1.5332656	-2.361775	-3.181026	-2.1104472	-2.769048	0.11507299	-1.8954481	-3.0415573
-0.4745103	0.65830934	-0.23268983	-0.6072937	1.8957318	-1.698286	-1.2232255	-1.3136678	-1.7541858	1.8774438
0.14845866	-0.004582584	0.5733614	-0.020776063	-0.4168309	0.50614965	0.37405717	0.59231436	1.5117369	0.3290563
-1.9001707	-1.4773811	-1.2952527	-1.8519607	-1.2160555	-1.8174732	-0.4694085	-0.052982435	-2.4999738	-1.7280731
-0.7861925	-1.5511124	-0.4851466	-0.7225822	-2.135164	-1.4702842	-1.5373075	-1.09798	-1.3584816	-1.4331402
-2.248935	-2.0521772	-1.3768207	-2.176336	-0.38699904	-1.8003796	-2.427153	-1.5512004	-1.4829001	-0.1619635
-2.060653	-1.8876024	-1.2485961	-1.985364	-0.27104726	-1.3156234	-1.2037144	0.17776774	-1.8657553	-0.40349585
-2.2483222	-2.122033	-1.3265716	-2.1068935	-0.42317036	-1.8248802	-2.808514	-1.9757149	-2.5978618	-1.3598154
2.0660002	2.3073647	2.2065282	1.7980896	-0.081662446	2.65371	3.7969153	2.6434941	2.2788994	0.99405915
-0.09683577	-0.5526869	0.23806894	-0.21483962	0.3198255	-1.4260192	-1.499535	-0.7891563	-1.0263906	0.67406654
-1.9587948	-2.0701747	-1.298426	-1.8847042	-0.89622724	-1.7906704	-1.9456109	-1.122526	-2.192417	-0.51720464
-0.8102892	-1.4451541	-0.23117447	-0.84340274	-0.54350436	0.009048588	-1.3880013	1.0303769	0.14802723	-1.0617745
-0.69786376	-1.1952872	-0.25393122	-0.68046254	-1.6141684	0.2874795	-0.06884125	0.2860678	0.45366544	-1.0626684
-2.4180381	-2.2605433	-1.574444	-2.3069692	-1.0683486	-1.9473426	-1.3384304	-1.2973171	-1.639279	-0.9411918
-1.9213649	-1.7255452	-1.3540674	-1.8515121	-1.2356671	-1.8670038	-1.3089613	-1.6833682	-1.8324968	1.5462538
0.14721009	-0.28355888	0.5361069	0.045064405	-0.98324955	0.58382255	0.03625374	0.87659276	0.8405097	-1.45358
1.4749378	2.3683197	1.6390224	1.1586672	-0.7355701	-0.09490305	0.91166675	0.78423417	-0.5526458	-2.2828195
-1.0760196	-1.4898214	-0.63553166	-1.026403	-1.6813146	-1.0961435	-1.9162441	-1.1929063	-1.938532	-1.759788
0.5652339	0.07452157	0.943763	0.33760655	-1.487206	0.92279804	1.3148383	1.9038081	0.6064892	-1.7802193
0.04633989	-0.30890262	0.52474654	-0.06074337	-1.9752036	0.8511245	0.093561396	1.349201	1.3417585	-1.5239601
-2.267615	-2.3035116	-1.505272	-2.1091344	-1.5696124	-1.9315445	-2.1223917	-1.1826286	-2.210365	-1.6949021
-2.1186855	-1.9695227	-1.2874186	-1.9857153	-0.8238684	-1.8835022	-2.114864	-1.3986181	-1.7714258	-0.6372398
-1.0078042	-1.2317951	-0.49297205	-1.1655427	-2.1761112	-2.1892483	-2.0892358	-1.2438223	-2.45255	-2.2534978
0.9263025	0.092463374	1.3374742	0.70062125	-1.6286054	1.0013301	0.7728281	1.5278456	0.8297839	-1.2781177
-2.073016	-2.0239847	-1.3699548	-1.977393	-0.12607864	-2.7331743	-2.5210915	-1.6188611	-4.0039644	-0.3323247
1.0327847	0.88574314	1.3300606	0.8469273	0.5413673	0.6160844	0.26212806	1.0805953	0.51833755	0.75159734
0.109279595	-0.93530595	0.5149092	-0.058129847	-2.753761	0.24988946	-0.4792955	0.7543162	0.23291464	-2.4021814
-1.1293561	-1.6488751	-0.6581459	-1.114449	-2.1731408	-0.91782624	-1.4140244	-0.6550591	-1.2784635	-2.4232512
-1.463174	-1.6081007	-0.8590727	-1.431067	1.0865963	-1.6355698	-2.00849	-0.27113438	-1.6873338	0.13932241
-2.1500652	-2.183966	-1.3861184	-2.0270798	-0.69087213	-2.4381938	-1.6671611	-1.3747095	-2.3720138	0.09630199
-1.7964469	-1.7803982	-1.1509409	-1.7131648	-0.5373472	-1.7286689	-1.1107812	-0.47482744	-1.9949943	-1.2312893
0.2746249	0.24683717	0.5821129	0.19049226	1.2349874	-1.0708629	-1.0206203	-0.8463511	-1.6728187	0.38414687
-1.895036	-2.1812146	-1.3338405	-1.8077807	-2.4168696	-1.5846578	-2.5156486	-0.9805371	-1.3733717	-2.6091669
-0.8873858	-1.3196925	-0.4395586	-0.9034165	-1.2018396	-0.92027706	-1.0589794	-0.49802434	-0.8990254	0.73948693
-1.708834	-1.5789907	-1.1082118	-1.6726482	-0.123155564	-1.3372866	-1.2224138	-0.19677176	-2.2604485	-1.0282685
-2.611454	-2.330484	-1.5704296	-2.5045779	-0.95331943	-1.6946267	-2.636304	-0.8390465	-2.434876	-1.0679709
-2.6625383	-2.5183518	-1.7828755	-2.503358	-2.1775665	-2.5401778	-2.741132	-1.1139066	-1.7368132	-1.6411657
-1.8811959	-2.0815039	-1.2608616	-1.6637148	0.017586857	-1.5703113	-2.1741905	-1.2975432	-0.8048282	1.2168322
-1.7350674	-1.7781887	-1.1009341	-1.7277722	-0.59084046	-1.8750448	-2.0777009	-1.0037287	-2.0661955	-0.49984795
-1.0809004	-1.1408643	-0.5487411	-1.0733157	-0.16863555	-1.2140236	-1.4655224	-0.20025353	-1.5472553	-0.4298322
-0.69707066	-1.2865299	-0.16277224	-0.7529762	-1.7157339	-0.25935987	-0.8845055	0.20048326	-0.52499795	-1.2368709
-0.27875772	-0.86522746	0.14040384	-0.32399368	-1.3893536	0.7765159	0.34561276	1.695892	0.711066	-1.3291297
-0.32593104	-0.5520108	-0.06807876	-0.44029558	-1.077676	-0.98530793	-1.2377487	-0.6565394	-0.66767895	-0.71451735
-1.688242	-1.8237935	-1.110872	-1.6654692	-0.5231917	-2.3552148	-2.1036732	-1.2668715	-2.3169224	-0.24718256
-1.4513955	-1.7156516	-0.87331426	-1.4143083	-1.0626127	-1.5345947	-1.8692758	-0.7989903	-1.3268088	-1.1501766
-2.1849012	-2.1121087	-1.3771887	-2.1061857	-0.5037544	-2.3101	-2.532193	-1.6299944	-2.3992095	-0.8414874
-2.1106005	-1.4967384	-1.3160098	-2.1168604	-1.0906216	-1.1827717	-0.42029995	-1.1455791	-1.3720545	-0.8853594
-1.0255994	-0.27376962	-0.71807086	-1.0061402	0.88888323	-2.2303956	-1.7560762	-1.2182984	-2.2765355	-0.65305215
-1.2537373	-1.30106	-0.77676654	-1.3277673	-0.6814406	-0.8908649	-1.2844436	-0.9154786	-1.6505237	-1.8268027
-1.853883	-2.0756733	-1.2153362	-1.7825835	-1.235856	-1.8273383	-2.1165907	-0.89981264	-1.7771914	-1.6452279
-0.13480145	-0.3686346	0.19273196	-0.2516899	-1.5745795	0.42727607	0.60705864	0.9452493	-0.17627932	-0.9413732
-1.8169729	-1.8981707	-1.1639699	-1.7586224	-1.4075437	-1.8028255	-1.5099156	-0.864834	-1.8804479	-0.8312047
-2.839523	-2.394237	-1.8385751	-2.6581843	-1.5682756	-2.5477276	-1.192943	-2.3177664	-1.9922211	-1.0287682
-2.4771554	-2.2571878	-1.6292174	-2.374748	-1.4747211	-2.5492582	-2.131901	-1.2404947	-1.8696585	-0.9666731
0.6967606	0.6965871	1.0253744	0.46363688	-1.9090155	0.077652216	-0.8284816	1.0045761	-0.15624693	-2.1227565
-2.4830678	-2.3122778	-1.5331209	-2.3223197	-1.4364836	-1.8492225	-0.28222317	-0.017739393	-2.1716404	-1.980358
0.20730868	-0.025501221	0.71634424	0.092235014	-0.9601749	0.7710255	0.6692367	1.6657858	0.611878	-0.81388944
1.008117	0.754897	1.1021363	0.9404943	-0.34674352	2.3953102	1.7752688	2.459792	2.197817	1.1747693
-2.0874913	-2.1702828	-1.1894809	-2.0301864	-0.5096296	-2.4099267	-2.804094	-1.8135899	-2.7450252	-1.7764091
-1.4125453	-1.6135257	-0.9275396	-1.375591	-0.2121329	-1.6623186	-2.0636423	-1.0489438	-1.6504228	-0.75273806
0.75614136	0.69421256	0.7729057	0.6139374	-1.7106699	0.27112132	-0.046090856	0.5053175	-0.4079492	-1.4039822
-1.3796293	-1.2702522	-1.0373288	-1.3223158	-0.3302897	-1.5996411	-1.464837	-1.4563106	-1.2260472	0.024739038
-0.6338023	-1.3364341	-0.2230131	-0.7716925	-2.9519742	-0.71343446	-1.2059333	-0.18651365	-0.9675254	-2.4832158
-1.6563934	-1.6554681	-1.098542	-1.6384499	-0.0015912056	-1.0860841	-0.6724484	-0.5250617	-1.8476322	-0.5178382
0.37789863	0.19273302	0.75792074	0.1733117	-1.8730394	0.77098805	0.30837747	1.0048248	0.346992	-1.9687048
-1.3328658	-0.174342	-1.1004716	-1.3413094	0.52155375	-1.2085799	-0.525909	-0.99003077	-1.4310569	1.1243066
-2.2064033	-2.1177485	-1.4000568	-2.0880716	-1.280891	-2.3363173	-2.646363	-1.6107459	-2.1282017	-1.2398427
-2.0098855	-2.1133687	-1.3364933	-1.996877	-2.1702325	-2.3123834	-3.1648662	-1.858468	-1.4433839	-2.407384
-1.1920453	-1.4431422	-0.6506034	-1.2049171	-1.2253242	-1.4692109	-1.9417228	-0.796633	-0.9730357	-1.0451648
-0.84910434	-1.5504708	-0.30664513	-0.8456912	-1.4892762	-1.3658783	-2.0496497	-1.0970638	-2.1458652	-1.0374471
-1.9393017	-1.9953423	-1.2302905	-1.9028172	-1.4676113	-2.0254602	-2.3506486	-1.6655885	-2.0197637	-1.5929226
-0.6666626	-1.0709363	-0.35039052	-0.7783287	-2.3114798	-0.5684698	-0.21158902	0.21550001	-1.1352723	-1.5627615
-0.3606006	-0.73197603	0.035832405	-0.46274734	-1.469849	-0.28024292	-0.5180157	-0.36260033	-0.5155824	-1.3849883
-1.547847	-1.9211516	-0.94070804	-1.5059111	-1.393541	-2.2141204	-1.545146	-1.6976742	-2.0957196	-1.3190916
1.1469679	1.306863	1.1012533	0.91943514	-0.40144455	0.84140116	0.33022815	0.8177143	0.24338922	0.093336195
-1.7436022	-1.8902639	-1.0691807	-1.5713882	-0.7445817	-1.2689114	-1.0316377	-0.29100287	-1.0521096	-0.33775434
-1.7475367	-1.9646306	-1.1383451	-1.7925987	-1.25701	-1.1499044	-0.0036135253	-0.25230086	-1.5203073	-0.67276865
-1.3695651	-1.4012501	-0.83332324	-1.3879567	-0.2581184	-2.0535016	-1.7383143	-1.0931563	-2.1435566	-1.4860642
-0.31104544	-0.8410851	0.16214773	-0.3570299	-1.4154898	0.022609742	-0.79763985	0.40942514	-0.24625947	-1.3667501
-1.9045136	-1.9243616	-1.1961058	-1.842464	-1.1410608	-1.9928603	-1.9117162	-1.2171812	-1.9285522	-1.4407953
-0.8486471	-0.68871486	-0.4631031	-0.8116651	-0.11038184	-1.0302709	-1.692805	-0.3113162	-0.91927654	-0.82395065
0.15557417	-0.54297614	0.45414937	-0.061667144	-2.0537398	-0.61144257	0.14090843	0.72709835	0.13518585	-1.12572
-0.6678588	-1.2961427	-0.27879718	-0.6895502	-0.90581644	-0.8152248	-1.1439881	-0.42774832	-1.3682765	-1.5575578
-2.5750391	-2.4338899	-1.578198	-2.4571812	-0.690709	-2.3169146	-2.3322597	-1.3853817	-2.5938327	0.0127925845
-1.9512199	-2.1346352	-1.3000889	-1.8435552	-1.671868	-1.1309211	-2.1256845	-0.73572206	-0.7986136	-0.024911875
-1.8195726	-1.9918585	-1.2336217	-1.7179581	-0.32101104	-1.3903978	-2.6671953	-1.4830805	-1.8919926	-0.067122824
-0.86973643	-1.4216971	-0.46965393	-0.8918972	-1.560711	-0.41342255	-0.880778	-0.5533585	-0.48022878	-0.818979
-0.008625075	-0.64497185	0.41522086	-0.19835444	-2.5231612	-0.31667215	-0.94145083	0.13437809	0.33933005	-1.9138232
0.43415424	1.941957	0.79027545	0.10284035	-0.87475	-1.1837621	1.6752934	-0.70241076	-0.3957273	-1.3329525
-0.5522543	-0.30298683	-0.3253748	-0.7239032	0.53211594	-0.83373976	-0.6859858	-1.1224223	-0.5748791	-0.321023
-1.8921293	-1.6961457	-1.3048575	-1.8192312	-0.44857702	-1.9094521	-1.8087615	-1.2742877	-2.0268443	-0.22002022
-1.9070551	-2.1917038	-1.2801075	-1.8231255	-1.5287167	-2.309524	-1.7538971	-0.712954	-1.9767313	-1.8346603
-0.44785735	-0.48604086	-0.3196099	-0.4984808	-0.8106408	-0.54100996	-0.9517633	-0.022978492	-0.30207682	-1.0750679
-1.1912843	-1.6245407	-0.8057643	-1.178428	-0.2731893	-1.531192	-2.167578	-1.0991988	-1.4939264	-0.99914163
-1.2162426	-1.6845907	-0.7547531	-1.1078206	-0.1338928	-0.593857	-1.3226688	-0.7524669	-0.070075154	0.3552518
0.75137365	0.32323465	1.1943041	0.5580426	-0.0874846	0.80584824	0.72329557	1.0249921	0.6560325	-0.001218002
-1.1330382	-1.3395213	-0.7479167	-1.128408	0.17708758	-1.5363611	-1.8067256	-0.6943118	-1.2102123	-0.97675216
-1.5173383	-1.5598081	-1.0317686	-1.5061921	-0.5348575	-1.5390685	-1.5954001	-0.66698164	-1.5810372	-0.3229508
-1.1397512	-1.3861743	-0.6045772	-1.1597853	-1.0018874	-1.2411277	-1.7551599	-0.91580284	-1.3763695	-0.44498062
-0.90597385	-1.2832958	-0.48366913	-0.93735546	-1.457529	-1.850118	-1.6902328	-1.0842166	-0.31001946	-1.3835515
-1.7387369	-2.0349305	-1.128892	-1.6687347	-1.8299135	-1.3748511	-1.5319325	-1.0760398	-2.0287082	-1.7137233
-2.2514195	-2.0475528	-1.5152062	-2.1290407	-0.77901757	-1.5527979	-1.4313054	-0.4448877	-1.589091	-0.7656076
-1.843103	-2.0011199	-1.1460211	-1.8310517	-1.7494802	-1.5293151	-1.8851905	-0.38677555	-1.4117217	-2.2236934
1.0150511	0.6794375	1.6295377	0.85890114	0.16983029	1.1993748	0.682534	1.7887129	0.90319884	0.7750942
0.45336458	-0.05408573	0.90485203	0.27123648	-1.7346909	0.17945701	0.06677989	0.84487593	0.23096244	-1.9964026
-1.4560437	-1.7030383	-0.8998487	-1.4605633	-1.5626377	-1.7588323	-2.4558609	-1.2663358	-2.048452	-1.751155
-0.9479927	-1.3633016	-0.4699743	-1.0385853	-1.7307751	-1.5877413	-1.746851	-0.049795248	-1.7549059	-1.9896654
-0.32395512	-0.8521066	0.29181024	-0.32412797	-1.0541853	-0.53043467	-0.63710374	0.44906983	-0.52602476	-1.1849612
-2.1342728	-2.5644407	-1.4056089	-2.0688858	-2.9768848	-2.1215494	-2.0746586	-1.1849247	-2.311517	-2.9883623
-1.8598937	-2.1594791	-1.2104158	-1.7407719	-1.1214461	-0.18747745	-1.9269618	-0.8487567	0.046937425	-1.1241912
1.1877791	2.7034085	1.0498462	0.8632004	0.6382663	1.1019385	2.9016454	0.82690567	1.1590115	1.0792537
-0.018953077	0.28776953	0.23511514	-0.115083024	-0.5419745	-1.8441901	-0.58985436	-0.57829934	-2.0019612	-0.21515797
-0.5112345	1.0901923	-0.058313817	-0.7188134	0.33827803	-1.0032239	0.67299676	-0.5657434	-1.2257657	-0.52202964
-1.5063002	-1.6916441	-1.0283457	-1.4547441	-0.9032161	-2.1457515	-1.5719513	-1.3230702	-1.3842317	-1.3177475
-0.72540826	-0.86162555	-0.48651525	-0.7900046	-0.9096743	-1.2566857	-1.2144959	-1.7254859	-1.1634293	-0.028363243
0.41900083	-0.3756537	0.8475691	0.3399335	-1.7413741	-0.047012273	0.93961334	0.514481	-0.06918585	-2.3292272
-0.4583406	-1.0841564	-0.11255863	-0.506831	-1.4491802	-0.80594516	-1.5143138	-0.5991078	-1.089229	-1.6839534
-1.8005347	-1.9751194	-1.1463845	-1.6902628	-1.7742783	-1.8714142	-1.5410621	-0.80089444	-1.8598478	-1.2569371
0.027381621	-0.20054466	0.60371244	-0.10895546	-1.5347705	-0.6404057	-0.83684623	-0.22255765	-0.21872377	-2.0142612
-0.4903244	1.2432376	-0.08522609	-0.78869355	-0.67911345	0.792245	2.448518	0.6432547	0.2206808	-0.48534745
-1.8643447	-1.6359249	-1.3005681	-1.7994558	-0.9749329	-2.3879192	-1.7143518	-1.2832527	-2.5009766	-1.7166575
-0.93570733	-1.5244162	-0.59441805	-0.98177207	-0.65139306	-0.8617213	-1.4187407	-0.74998975	-0.33191273	-0.9923304
-1.1857371	-1.2879803	-0.707535	-1.2488252	-1.4611648	-1.9707701	-2.2466655	-1.0378997	-2.0481646	-1.2914126
-1.4337134	-1.7621762	-0.94808936	-1.2614031	-0.66542697	-0.5670037	-1.2455779	-0.1322155	-0.28469598	-0.9346316
-0.7706863	-0.86991954	-0.46021935	-0.81849504	-0.8175182	-0.78530926	-1.0502244	-0.100271344	-0.8094415	-1.8075863
0.14471292	-0.7852669	0.45776844	-0.00453721	-1.609989	-0.1365607	-0.206219	-0.031239986	0.281693	-2.7369983
0.84244454	0.58822155	1.3641846	0.71509737	-0.7675115	0.77403665	0.28900358	0.98953587	1.0309061	-1.3836203
1.9037529	0.9295734	2.0328724	1.6761863	-1.5863235	0.49584863	-0.45539618	0.9188648	0.4141663	-2.4680212
0.4427366	0.7915125	0.682452	0.21320476	-1.4873695	0.39920694	1.5545499	0.9984131	0.56756675	-0.62986255
-1.5319307	-1.7433146	-0.9455843	-1.4213859	-1.0823803	-0.7596579	-1.6888813	-0.46004876	-0.49499428	-0.14350192
0.064176224	-0.22826436	0.23393008	-0.08373012	-0.43640712	-0.82316875	-0.57835096	-0.44480917	-0.17822838	0.29658994
1.1490549	0.8371012	1.5796198	0.9641044	0.5593988	1.3221166	1.7146456	1.6479294	0.7754667	-0.00052501267
-0.863492	-0.44646284	-0.69807863	-0.9005808	-0.08325127	0.31025907	0.19517861	-0.49374467	0.039567716	1.3954133
0.0843121	-0.3183651	0.37386802	0.06192325	-0.027860254	-0.30231696	-1.2954834	0.013613076	-0.25123793	-1.5117677
-1.427886	-1.7304802	-0.92174566	-1.3743458	-1.1664436	-1.4714193	-3.1693325	-3.162135	-1.8467029	-1.34029
-1.0831046	-1.105748	-0.7603644	-1.0736785	-0.68507963	-0.18064226	-0.21146564	-0.62904674	-0.9871836	-0.30272806
-2.1765485	-2.2399087	-1.4247229	-2.145016	-1.0420487	-2.3862774	-2.282172	-1.0530514	-2.8372433	-1.7425637
0.44187352	-0.60368204	0.83297896	0.200471	-2.1623974	0.1440165	-0.49046233	0.42039472	-0.22442615	-1.6881433
-0.8567476	-1.1844605	-0.3977898	-0.84183353	-0.64130557	-1.824974	-2.5831952	-0.9839442	-1.7131001	-0.4579714
-1.838893	-1.9171095	-1.1890631	-1.7797312	-1.4123913	-1.9395941	-2.3734505	-1.7842499	-1.8814703	-1.514693
0.068077825	-0.5593667	0.21282348	-0.057681337	-1.5129569	0.3829239	-1.3985403	0.16908863	-0.2705438	-1.0664449
-1.9870126	-1.7805338	-1.2456315	-1.8055819	0.12866011	-1.6672107	-1.9612569	-1.6248782	-1.9256331	1.7858462
-2.100757	-1.9970464	-1.3346294	-2.0237956	0.62741244	-1.7768048	-1.4791963	-1.3736566	-0.12033007	-0.27051237
-0.61449826	-0.5865905	-0.72431993	-0.5963928	-0.96135676	-1.1679823	-1.2158871	-1.2305448	-1.5783192	-1.6249905
-1.9322293	-2.0799131	-1.2952056	-1.8600738	-1.4254168	-1.4397087	-1.4628037	-1.5264965	-1.96701	-0.8548672
-0.6149801	0.41864243	-0.3842083	-0.74206173	-0.41418326	-0.44311738	2.078816	-0.22509626	-1.5299532	0.176033
-0.5565568	-0.45800743	-0.3076754	-0.6294295	-1.1193879	-0.98148346	-1.254234	-0.67595905	-0.84793174	-0.63227755
-2.0777278	-2.0577278	-1.3378761	-1.9835653	-1.0776595	-2.2945657	-3.297136	-1.5085114	-2.882019	-1.113707
-1.7321724	-1.8897004	-1.0754042	-1.7551286	-1.9814473	-1.4520881	-2.0891001	-1.2484447	-1.4679178	-2.018196
-1.6430141	-1.9542191	-0.96548355	-1.5394762	-0.004309356	-0.7180589	-0.3498128	-0.4374697	-0.28469598	0.8114699
-1.2973063	-1.1098939	-0.99535656	-1.2160263	0.6495018	-2.038172	-1.7693756	-1.4754529	-1.9595535	-0.7075401
0.3574063	-0.5143688	0.864771	0.27412653	-0.63753366	0.3502198	-0.31702808	1.7364162	0.83361846	0.3121349
1.5808885	2.0883074	1.15412	1.3602198	-0.43295008	0.98760384	2.0857134	0.062602445	0.5512513	-0.7957271
-1.9127635	-2.1972744	-1.2851169	-1.8144647	-1.2329229	-2.2840343	-2.3051014	-0.8646835	-2.1323054	-1.6068988
-0.22022805	-0.086699456	0.28233317	-0.2310936	-0.1817218	-0.1494674	0.19214559	0.2219125	-0.421918	0.31378382
-0.8835108	-0.9944823	-0.45514086	-0.8670518	-0.5127586	-0.7051963	-0.5172111	-0.42955548	-0.6770134	-0.7213982
-1.786872	-1.9607404	-1.2010064	-1.7123529	-1.5575862	-1.6698079	-2.0409603	-0.96024144	-1.4221995	-2.6475182
-1.2396773	-1.5747902	-0.7169136	-1.2607425	0.015265018	-1.3641677	-1.0034497	-1.2454884	-1.7881752	2.591156
-2.4787083	-2.2991962	-1.5660707	-2.3391945	-1.2471083	-1.9426194	-1.541824	-1.3218039	-3.1326928	-0.90278774
-2.8804412	-2.6131175	-2.0231624	-2.80855	-2.9774568	-2.5911043	-3.0898635	-1.8950387	-2.0739706	-1.6136926
-1.8372897	-1.982471	-1.2114841	-1.7710917	-1.4996111	-1.926433	-2.0200183	-1.480229	-2.4512153	-1.4387199
-0.4416719	-0.9523736	0.004885912	-0.45408845	-1.0181913	-0.8206431	-0.97340745	-0.24716757	-1.4647917	-0.91257113
-0.7815613	-1.0339227	-0.2545326	-0.76917034	-0.47393465	-0.8583221	-1.8105661	0.15162061	-0.7713484	-1.035123
0.81487584	1.6410785	1.283024	0.6326853	0.91007984	0.34446225	0.8681318	-0.6427364	0.3105444	-0.44219008
-1.6706332	-1.2137854	-1.1982943	-1.5686245	0.5089648	-1.3712608	-1.2845235	-1.164149	-1.2607279	0.5424492
0.057630666	-0.5027052	0.5666438	-0.084815875	-1.8652883	0.6350048	-0.17831568	1.2181371	1.2639298	-2.1259015
-2.6120918	-2.4629273	-1.683955	-2.477752	-1.4257644	-1.9752734	-1.6137393	-0.9252869	-2.4059951	-1.0239829
1.4633718	0.66105664	1.3305784	1.1893806	-0.6009066	2.9106011	3.544555	1.6838261	2.9475226	0.75452256
-1.6132672	-1.6978537	-0.93783104	-1.5945837	-1.1319323	-1.8546625	-1.803893	-1.700507	-1.8067279	-1.4616903
-1.254177	-1.4981712	-0.7572315	-1.3000654	-2.03816	-2.4146574	-2.9955997	-0.9940498	-2.824304	-2.430532
-1.9322962	-2.1702352	-1.3249557	-1.8695567	-2.775906	-1.846427	-2.290469	-1.6554933	-2.171006	-3.4278693
-2.0826697	-2.1520932	-1.3743374	-1.9987935	-2.2685695	-2.656125	-2.1196542	-1.8571515	-2.6765177	-2.5841753
-1.9648	-1.7144305	-1.3333323	-1.929856	-1.0423173	-1.0956678	-1.369073	-0.9213031	-1.0354543	-2.1752715
0.80281645	2.840744	0.59229773	0.32952768	-0.3399698	-0.13778289	2.6972098	0.5796554	0.1818438	-0.6184146
-0.5824932	-0.7136838	-0.38830844	-0.57985073	-0.3292591	-0.13885713	-0.8730905	0.47448355	0.18789086	-1.2201328
-1.690907	-1.7018352	-1.1143191	-1.5413822	0.770906	-1.5103226	-1.3854369	-0.06592504	-1.5573076	0.106699415
-1.6444777	-1.1339945	-1.2613707	-1.6354545	0.16877088	-1.4823219	-1.8038979	-2.0568054	-2.3550854	-0.77080435
-1.1190125	-1.4931716	-0.63362503	-1.1802759	-2.1297936	-0.5963491	-1.7247181	-0.42530003	-0.6331983	-1.4376707
0.089005135	-0.59284586	0.6979054	-0.11440529	-1.4482936	-0.2192837	-0.43180668	1.1645548	0.117513336	-2.1632917
-0.788019	-1.1672932	-0.24480799	-0.7167196	-1.0298158	-0.96159375	-1.6018778	-0.08509092	-1.1080368	-0.5301436
-1.4712945	-1.634956	-0.94987535	-1.4750868	-1.7417327	-1.391731	-1.3452497	-0.8719768	-1.7114077	-1.6783941
0.020449184	0.3426136	0.21555367	-0.09909876	-1.5485401	-0.88130486	-0.036152195	-0.81073	-0.7147494	-2.3550196
-0.99023134	-0.87230504	-0.5099319	-1.076919	-1.1586468	-0.40425253	-0.09137651	0.12541744	-0.51505584	-1.8077943
-0.83482844	0.06649873	-0.5470226	-0.8372759	2.4483104	-0.65032214	0.56970406	-0.39268368	-0.7609872	3.0222516
1.276293	2.952415	1.1536813	0.85680056	0.48357704	1.418262	2.312555	0.87162054	0.55109674	0.44441062
1.0521322	0.4686202	1.3449597	0.76390815	-1.8810714	0.4861774	-0.10543795	1.0342367	0.47436905	-1.7522514
-0.40096918	-0.5537807	-0.119503826	-0.3157813	0.8296819	-1.0500711	-1.3149651	-0.803939	-1.2190986	-0.6894408
-1.9013753	-1.9622744	-1.2417051	-1.8112571	-0.76522726	-1.282926	-1.159778	-0.057591777	-0.5417938	-0.21553212
-0.56314635	-0.96563447	-0.16364363	-0.63483983	-1.3787836	-0.21996407	-1.0481378	0.06777521	0.36509675	-1.1172552
-1.9382944	-2.2619245	-1.1462234	-1.9364171	-0.76997805	-1.83814	-3.54681	-1.1413729	-1.5917863	-1.4480264
-0.109788544	-0.21940139	0.41426894	-0.23635869	-1.067394	-0.6831182	-0.9936188	-0.02777169	-0.70755434	-0.7667569
0.4704179	0.9210957	1.1826469	0.28710157	0.18577752	-0.3958206	-0.37858626	0.5461529	-0.53796154	-0.75957155
-0.9424809	-1.0105373	-0.61073434	-0.9591946	-1.099592	-0.6450597	-0.6539789	0.05653756	-1.0059559	-0.96711063
-1.1543329	-1.4962435	-0.77290535	-1.160744	-1.0480391	-1.3792075	-1.6743324	-1.3868775	-0.5705785	-0.39904976
-1.3354427	-1.0798677	-0.80974853	-1.3077227	0.49141023	-1.083407	-0.9386668	-0.47417387	-1.555271	-0.76826054
-2.678284	-2.4548528	-1.7630637	-2.6007934	-2.462039	-3.056322	-2.5196795	-2.2947721	-3.1047044	-2.1392689
-0.97231656	-1.0875273	-0.43995216	-1.0161681	-0.23498882	-1.1274091	-0.9582984	-1.2279723	-1.697913	0.14361952
0.3849403	0.04864201	0.60933924	0.34206635	-0.56536126	-0.17269464	-0.30896983	-0.66377926	1.1277437	-2.3349745
-2.766962	-2.3998313	-1.6456803	-2.6742594	-1.3683782	-2.1518693	-0.70582265	-0.35988235	-0.7052926	-1.4906092
-0.42086068	-0.817014	0.10731104	-0.43649948	-1.7831316	-0.711584	-0.6887795	0.049643517	-0.4350623	0.38641113
-2.7071295	-2.319624	-1.7913082	-2.6048	-0.69778	-2.3403137	-1.905854	-0.7149144	-2.9543767	-0.6173815
-1.6533502	-1.3879852	-1.0578432	-1.5336392	0.567745	-1.1121477	-1.285932	-0.81651664	-1.5992293	0.016808923
-0.8093133	-1.0548387	-0.5362896	-0.78901964	-0.6253319	-1.725835	-2.4191751	-1.3770019	-1.778855	-1.7084765
-0.8286172	-0.5693316	-0.5864043	-0.8434143	-2.5219605	-0.776098	-0.1983143	-1.1302385	-1.0964094	-1.876128
-1.4283779	-1.5769755	-0.9652741	-1.3940539	-1.6709672	-1.6492347	-2.1227634	-1.2808114	-1.6238931	-0.8307265
0.10560263	-0.5524527	0.6531987	-0.103278406	-2.1940575	0.58041656	0.108673364	1.5640931	0.18190093	-1.4713764
0.26482064	-0.3390508	0.5336071	0.1666099	-0.15495773	-0.31230325	-1.0381881	-0.061018154	-0.08635974	0.34397757
-2.3157837	-2.2994385	-1.5301476	-2.2264647	-1.3253154	-0.760086	-1.6441274	0.3007439	-1.4001732	-1.3390393
-0.69527197	-0.9227077	-0.5217377	-0.6925715	0.7348597	-1.4731956	-1.1950016	-0.7530398	-1.3597873	0.07807377
-1.7395338	-1.810636	-1.0751004	-1.6820415	-0.8604678	-2.0647461	-2.486586	-1.2030102	-1.4411162	-1.3081563
-2.0450573	-2.0962024	-1.3259808	-1.9496825	0.5155473	-1.6551605	-2.0168974	-1.7140503	-1.7264266	-0.030069916
-2.2155418	-2.160653	-1.4168184	-2.127436	-1.106356	-2.0898397	-1.6177965	-1.7942091	-2.6951954	-0.60839427
-1.9168224	-1.755893	-1.2166885	-1.879216	-1.154068	-1.7572156	-1.8427945	-1.1554118	-1.802232	-1.8697866
-2.5391188	-2.388328	-1.7008889	-2.4499948	-2.0009654	-2.5543058	-2.717212	-1.5826861	-2.7506297	-1.7055838
-0.010515012	-0.60839987	0.63642967	-0.095936954	-1.0928473	-0.16159125	-0.4259625	0.23170546	-1.3282824	-1.1422895
-0.85290337	-1.1627159	-0.45577034	-0.8302427	-0.89966595	-1.5188648	-1.6175636	-0.96062356	-1.9105978	-1.1180152
0.33506113	-0.1929889	0.93179333	0.12366761	-1.1850051	0.09041644	-0.1305625	0.74350226	-0.5742647	-0.8306595
-0.4278718	-1.2155071	-0.028101832	-0.45089304	-1.2841645	-0.42359117	-1.2595825	0.24526173	0.4269509	-1.3117088
-0.6815373	-0.45920986	-0.48213914	-0.7107311	0.13473508	-0.14571181	1.0468143	0.10417374	-1.0459163	0.01731105
-1.0002407	-1.7499639	-0.49961433	-1.046436	-1.8290223	-1.0779922	-2.070307	-0.24514842	-1.2530855	-1.7342395
-0.9460626	-1.3158339	-0.46577528	-0.9640262	-0.31738406	-0.33138764	-1.0461975	0.28883496	-0.53042746	0.35408655
-1.7923148	-1.7422291	-1.2317188	-1.733264	-1.359342	-1.6156374	-1.0136095	-0.78192157	-1.527488	-1.3199203
0.16471383	-0.6327766	0.6630186	0.052327067	-2.2021754	0.41691196	-0.8786067	0.7688106	0.2579512	-2.1841993
-0.94173515	-1.3102882	-0.57087386	-0.87251776	-1.2847409	-1.1451645	-1.3777134	-0.6686487	-0.95239216	-1.205772
2.0165186	0.9086684	2.1756709	1.7285922	-0.92206717	0.1052863	0.46831483	0.7688883	-0.07004601	-0.42926216
-1.4410104	-1.2930036	-0.9390005	-1.3014421	0.62751234	-0.8579984	0.3272627	-0.48076254	-0.6343446	-0.6058117
1.2213175	0.16367278	1.1732974	1.0374267	-0.8520217	0.6332814	-0.16003203	1.0385695	1.7146633	-1.4453319
1.132025	0.317795	1.3624413	0.9092585	0.9138781	0.103324786	-0.18402527	-0.040634736	0.45895705	0.28523228
-1.545524	-1.6774108	-0.80661225	-1.5313085	-0.5420301	-1.2291559	-1.2702353	-0.15063973	-1.490409	-0.32207784
-1.9607496	-1.9495354	-1.1584859	-1.8334663	-0.6235908	-2.3569255	-2.5513399	-2.549936	-1.9630127	-1.9281795
0.71841043	0.93160415	0.8344954	0.5857052	-0.4330837	-0.27210075	-1.2739267	0.012171397	-0.26523486	-0.6289537
-1.6917292	-1.4629806	-1.1420335	-1.6115686	0.065530926	-1.9520994	-2.2144573	-1.1577628	-2.2598026	-2.1500487
-1.4615005	-1.765287	-0.9458529	-1.3763323	-1.6303431	-1.8189193	-1.836375	-1.3522319	-1.4177246	-0.0016075118
-1.892817	-1.9379104	-1.2216024	-1.8575592	-0.99308	-2.069293	-1.6209558	-1.00659	-2.4999738	-1.1561973
-0.115475036	-0.3370055	0.4094377	-0.29243225	-1.5091249	-0.6588827	-1.3204955	0.36981404	-0.70268875	-1.3026961
-1.191031	-1.5095013	-0.7445229	-1.2184995	-0.24232054	2.2371807	-0.53360426	0.9271229	1.5614982	-0.24347892
0.59746295	2.3963664	1.1237663	0.35486436	0.39753148	0.5071052	2.2192833	1.4427435	0.37923634	0.2889173
0.70645535	-0.8352232	0.8236823	0.6075213	-0.5941553	0.73466545	0.44770455	1.1584466	1.090117	-1.4591693
-1.5873502	-1.4606405	-0.9591954	-1.5037818	2.0261302	-1.4108052	-2.1074145	-1.3733841	-1.9878281	2.7824807
0.30374485	-0.059176475	0.47492477	0.12747176	-1.4493788	0.49716723	-0.05949778	0.91024077	0.7512011	-1.6990294
-2.0359597	-2.0012405	-1.3077921	-1.9614421	-1.2089261	-1.8162503	-2.3210285	-0.8967988	-1.9167124	-0.7314463
-1.1567607	-1.4596708	-0.94209874	-1.038057	-1.1671263	-1.466775	-1.1441846	-1.0498445	-2.8628407	-1.5641681
-1.4905255	-1.7637744	-1.0020001	-1.4605616	-0.6041	-0.4906075	-0.85278124	-0.27097124	-0.137378	-0.42435762
-0.013754368	-0.91237545	0.45303613	-0.14487457	-2.291567	0.085587665	-0.6740024	0.07929073	0.31871095	-2.2406723
-0.08066311	-0.5153067	0.30983645	-0.2737665	-1.8380319	-0.9227036	-1.2897459	-0.37407	-0.78018034	-2.2271857
-1.5482246	-1.3955172	-0.9379841	-1.528224	-0.55839276	-2.0551386	-2.3846886	-1.2995386	-1.9563233	-1.742199
0.9782633	0.5508579	1.05385	0.71520174	0.2842737	1.5737756	0.82774526	1.4324225	0.7594849	-0.6560576
-1.9366282	-1.5270791	-1.2234747	-1.8848547	0.77325594	-2.6525457	-2.0180461	-1.4245297	-2.3550854	-0.08441597
-2.269869	-2.2648013	-1.3662311	-2.2146506	-1.3079926	-2.148335	-3.09814	-0.9270773	-1.4059951	-1.429021
0.6040362	0.5089383	1.2134227	0.48597294	-0.5319381	2.3289485	2.844993	2.6673234	1.3581333	1.4631567
-1.6407354	-1.7950417	-1.0863255	-1.5897306	-1.5886022	-1.9185414	-2.1026328	-1.3880156	-2.3803132	-1.6882815
5.4345665	2.5299392	5.029514	4.5918465	1.3848659	3.9635408	-0.6492223	3.1542382	3.0895324	-0.1628375
1.3307163	2.1968963	0.9799311	1.0570182	0.9601792	2.2229586	4.833552	1.9213558	1.2410585	2.8286164
-1.3068208	-2.0205328	-0.74661386	-1.3158162	-2.1645832	-1.2528852	-0.83415544	-1.3866732	-0.7744779	-2.393057
-1.8251976	-1.7114006	-1.2792677	-1.8335307	0.116918474	-0.87752366	-0.548647	-0.5737252	-0.19882326	-0.30053106
0.9479615	0.82200336	1.4442716	0.6876232	-1.1202939	0.970481	0.288248	1.574268	1.0162636	-1.20612
-0.91735655	-1.0227156	-0.38435468	-0.91654086	1.7036787	0.1671298	-0.21340637	0.8329447	0.44673467	3.5522232
-1.5841793	-2.0432408	-1.2697628	-1.4230294	-1.8070239	0.1658345	-0.834164	-0.565784	0.6352538	-1.6896212
-0.8012269	-1.1230075	-0.23488137	-0.8213874	-1.727565	-0.3121587	-0.015337144	-0.40252653	-0.1020834	-1.7570287
-1.7112837	-1.8950074	-1.1000477	-1.6623762	-1.3675374	-1.659	-2.1549056	-0.8385609	-2.2313707	-1.6432319
1.2505637	1.1039077	1.6472161	0.9398955	-0.9796827	-0.56560946	0.9656092	0.28834414	-0.87602824	-0.3013694
-0.44664377	-0.84998405	-0.0027646422	-0.4881208	-1.4070705	-0.06940169	-0.24550712	-0.0043747	0.028941207	-1.5710133
-1.1007658	-0.6954949	-0.7123846	-1.0634699	1.2286278	-1.477616	-1.1262648	-0.33931908	0.009500112	0.21648368
-1.3550073	-1.6400967	-0.82927454	-1.3948044	-1.8156383	-2.4032109	-2.7290347	-1.4523635	-2.2429261	-1.4691976
-1.5983341	-1.7322663	-1.0655948	-1.5302399	-0.6642631	-2.36904	-1.1948835	-1.1842717	-1.7409208	-0.78531647
0.079224594	-0.19790903	0.50170183	-0.0072774887	0.42101678	-0.68490803	-0.83313245	-0.24172504	-1.011765	0.46274757
-0.2365346	-0.054869473	0.07559112	-0.36149913	-0.90228295	0.45054424	1.3147689	0.15327375	0.2449981	0.3174187
-1.7339857	-1.7298586	-1.218355	-1.6775327	-1.8140398	-2.056265	-1.499938	-1.33995	-2.358731	-2.1403222
0.16235325	0.40686837	0.52202255	-0.025254935	-0.41145536	-0.0060693296	0.7923292	-0.10493896	-0.44187912	-0.058805805
3.9355328	2.8826907	2.9911895	3.6411464	-1.052155	2.531769	1.9992186	1.4909215	2.5967116	-0.619652
-1.4703124	-1.5237471	-1.0537732	-1.4204708	-2.209658	-1.5031457	-1.1378275	-0.50755495	-2.1953468	-1.9245158
-2.789717	-2.3264806	-1.9626834	-2.7208726	-0.9394306	-2.1197145	0.03705682	-1.4563836	-3.6066241	1.4482963
-1.0348718	-1.9084296	-0.655841	-0.9641168	-1.2458316	-1.8316158	-2.2627842	-1.2151465	-1.7522974	-1.3427612
0.50656515	0.32979432	0.8175101	0.3711459	-0.79984903	0.5504025	0.05853316	1.0926958	0.2507968	-0.8385721
-2.4801638	-2.2525954	-1.7084714	-2.4014778	-2.398987	-2.5059495	-1.2989296	-1.3644942	-1.567306	-2.4428706
-1.8903221	-2.082038	-1.2051266	-1.8020507	-0.74745643	-1.8997598	-3.1414974	-1.7504747	-2.4855647	-1.1928791
0.528908	-0.5087235	0.5928885	0.2839991	-1.6655585	-1.2535095	-1.3508394	-0.80636847	-0.91561073	-0.8101037
-2.3205593	-2.1286123	-1.4981605	-2.189717	-1.5666424	-2.2288022	-2.4471045	-1.360398	-2.1496446	-1.218611
-0.17166305	0.57448304	0.011072129	-0.3745563	-1.3619665	-0.8677598	0.4700965	-0.7475681	-0.6835291	-0.6960449
-3.0405831	-2.7325423	-2.0229542	-2.922981	-2.4621358	-2.7546217	-3.2542312	-2.6744401	-2.2375453	-3.069437
-0.28126854	0.27811697	0.022261322	-0.4309599	-0.464958	0.46237308	0.20269512	0.27455214	0.08184209	-1.0767072
-1.8560039	-1.9298744	-1.1905006	-1.7567999	-0.004175037	-1.6218278	-1.6438919	-1.0332987	-1.7441276	-0.32128516
-1.2446835	-1.1873543	-0.73759484	-1.159194	0.5942936	-1.246194	-1.7598795	-0.95474535	-1.1228217	-0.27231202
-2.1285262	-2.020344	-1.4794794	-2.0211856	-1.3254687	-2.0975883	-1.3640836	-1.5031195	-1.768199	-0.942898
-1.9060473	-1.8857257	-1.1837339	-1.8204424	0.6186166	-2.0452132	-1.6915135	-1.2198346	-2.089406	-0.29514146
-1.9235619	-2.0596008	-1.2480676	-1.8729028	-1.0276605	-1.5595496	-0.8450997	-1.2427036	-1.0892646	-1.6097006
0.104045756	1.2124455	0.39862806	-0.15114382	0.589643	0.1256175	2.1990647	0.43271446	-0.11549833	0.6849451
-0.10513056	0.16581908	0.25211978	-0.32213306	-1.0097659	-1.0280641	0.082761936	-0.6932349	-1.7260472	-1.5471199
0.55124146	-0.35698697	1.0935173	0.40351868	-1.3498436	-1.0437409	-2.055228	-0.6996543	-0.38859725	-2.2022312
-1.9872588	-2.0484755	-1.3106056	-1.9552635	-1.7707716	-1.8160219	-1.9139935	-1.4109288	-2.095181	-1.4162467
-0.11018161	-0.6183708	0.18624593	-0.33737278	-1.8822681	-0.3247165	-1.0640489	-1.0126282	0.35290477	-2.6209319
-2.6404645	-2.4159667	-1.5815053	-2.4572983	-0.89801323	-2.384262	-0.8431735	-1.6828394	-1.284696	-0.28631246
-2.1475623	-2.1191068	-1.4632614	-2.0462317	-0.8405669	-1.7769744	-1.8369007	-1.3604841	-2.322787	-0.8887343
0.50274634	2.6214402	0.79886246	0.20178546	-1.3214821	0.59142405	2.41591	1.3366113	0.89815694	-2.0959802
-1.9364206	-2.102782	-1.270452	-1.8915962	-0.55655825	-1.8029536	-2.1093633	-1.0530003	-1.6193049	-0.79562753
-0.6535776	-1.2691287	-0.14500743	-0.67662066	-1.0474712	-0.15398182	-0.52892756	0.34904203	0.35501593	-0.97313184
-1.6062679	-1.8803587	-1.1213342	-1.5457506	-1.8373885	-2.4647558	-2.8035216	-1.6038055	-2.2092726	-1.5806341
-0.82520586	-0.590791	-0.5941738	-0.91857576	-0.3358515	-1.4078091	-0.084688455	-0.81304	-1.5524873	-0.30101982
-1.5308806	-1.6761312	-1.0898464	-1.4124677	-0.49096105	-1.8308057	-1.1426923	-1.8075563	-1.4221995	0.5886098
-2.3516781	-2.1499245	-1.4170029	-2.2612727	0.045336157	-2.4222324	-2.384498	-1.80997	-2.548176	-0.029098082
2.3835719	0.670305	2.5232577	2.2388678	-1.8874491	0.0659584	-0.94321465	1.1375104	0.26382577	-2.669247
-1.9397722	-2.1131275	-1.2334613	-1.9163792	-2.1997087	-2.300564	-2.64621	-1.5742968	-1.9953936	-2.5752764
-2.1727958	-2.25142	-1.5332547	-2.0409493	-1.1407436	-1.9861789	-2.1329875	-1.2917775	-2.6687722	-1.4299948
-1.1307366	0.094154626	-0.7607094	-1.2059162	0.0811533	-0.18388942	1.4761149	0.34583268	-0.34691486	-0.0257279
-0.109581314	1.3561193	-0.013704896	-0.42187372	-0.7865002	-1.0106826	1.786729	-0.74143475	-1.4240594	-1.6278754
1.2336811	-0.5856839	1.3438835	1.0216568	-1.533578	3.0655704	-0.2908165	2.9372532	2.6193175	0.41626054
0.23516041	0.27938995	0.57670873	0.019089878	-1.0143679	0.63217	0.1704579	0.70733845	-0.28399608	-0.86723566
-1.6884886	-1.8468074	-1.1045756	-1.5681036	-0.48224804	-1.5173355	-1.4590709	-0.7582021	-2.2684915	-0.524354
-1.9914023	-1.9764299	-1.277097	-1.848814	-0.05458054	-1.6586857	-1.7113843	-1.0126332	-1.7159827	-3.2727678
-0.6597557	0.35318634	-0.14417431	-0.9110912	-0.8234345	-1.4428703	0.12722671	-0.15804446	-1.7858154	-1.1348968
-0.50918835	-0.4633442	-0.39214692	-0.5341247	-0.15394074	0.22281434	0.42188832	1.096649	-0.41470072	-0.64350337
-0.61185485	-0.652267	-0.18404937	-0.70832455	-1.2052726	-0.80326885	-0.7750207	-0.485924	-0.28644085	-1.6702766
-2.0927987	-2.051026	-1.2887802	-2.0736299	-0.7608911	-2.5486908	-2.568779	-1.9893179	-2.5636115	1.0965656
0.34023744	-0.2060431	0.9301164	0.23357065	-0.7121571	0.6665905	-0.7375087	1.3244386	0.8701823	-0.799906
-2.0358434	-2.0384862	-1.3539535	-1.953645	-1.5795534	-1.8067957	-1.701813	-1.2099528	-2.1015434	-1.7789029
-1.8702242	-1.9022137	-1.3975298	-1.7565565	-1.0234922	-1.6983255	-1.3837088	-0.7233544	-0.6061905	0.86723024
-1.1706306	-1.3337823	-0.69748116	-1.1038073	-0.20957607	-0.9528443	-1.154233	-0.5991715	-1.007182	-1.0620407
-1.917175	-2.0153866	-1.2713016	-1.8473405	-2.2161639	-1.7795497	-1.529108	-0.838505	-1.3761016	-2.0054917
-1.9052562	-1.8436375	-1.1870787	-1.786654	-0.8734106	-1.5844929	-2.6187894	-2.468505	-0.7701228	-0.57595736
-1.6536137	-1.783442	-0.9960331	-1.6030316	-0.9643562	-1.6132221	-1.9722239	-0.88380057	-1.284346	0.29825366
-0.24038833	-0.24109593	-0.40817222	-0.3205741	0.10585001	-0.6271509	-0.6490897	-0.6985616	-1.2700928	-0.017684203
0.44916597	0.2932863	0.91096044	0.24101587	-1.6681342	-1.0800046	0.10802041	-0.05004305	-0.45979962	-1.1033653
0.8896134	0.84018946	1.1805173	0.695435	-1.1075176	0.5088557	0.95422196	1.2535434	0.39141726	-0.9502944
-2.5215874	-2.405831	-1.6529759	-2.4234042	-2.0619054	-2.4539204	-1.896724	-1.4744892	-2.188083	-2.1047986
-0.40449014	-0.7529738	-0.071157485	-0.5843689	-1.8596406	0.285143	-0.789235	0.93865204	0.6363339	-1.8522029
-1.2196523	-0.92108417	-0.6298646	-1.3076644	-1.564503	1.7484324	2.1902573	1.2060139	1.2912961	-1.322399
-1.8552712	-1.9053586	-1.2469258	-1.7706552	-0.77875936	-1.1932168	-1.7519506	-0.90468097	-1.764754	-1.3013166
-1.3485811	-1.7047101	-0.9042436	-1.2459524	-1.7051766	-1.2249413	-1.6328324	-1.1958131	-1.2451739	-0.697836
-1.5373384	-1.5319722	-1.1078182	-1.4625144	-0.8717451	-2.1735053	-1.4761337	-1.596369	-1.1317768	-0.74838835
-1.6290641	-1.7202586	-1.0684075	-1.5353624	-0.63265276	-2.1112163	-1.8924062	-1.0111188	-1.6970593	0.3431459
-1.191651	-1.7131379	-0.6404599	-1.1710453	-1.1667085	-1.2677238	-1.9979254	-0.97516686	-1.2169977	-2.8904994
-2.026752	-1.8855723	-1.3317959	-1.9327459	-0.6617327	-1.9090171	-1.4700363	-0.7929862	-1.8252643	-0.059602253
0.19600555	0.19406924	0.58073425	0.036192313	-0.98729444	0.19478619	0.36749086	-0.06475289	0.002961277	-0.6283046
0.49414763	0.5144478	0.7715169	0.25692558	-1.5953839	1.3443555	0.657337	1.0119843	0.6362752	-2.7062376
0.39821184	0.2558139	0.8082509	0.21431725	-0.7465844	1.5498295	0.58547896	1.5773485	1.1102165	-1.1672082
-1.3070709	-1.5573939	-0.70987225	-1.352003	0.06242153	-0.2292954	-1.3777492	-0.29127464	-0.51872396	-0.64055413
-1.8304011	-1.8575891	-1.0685042	-1.6874279	-0.0111840665	-1.6887076	-1.5860994	-0.6657813	-1.3017755	0.14142087
-1.9256777	-1.78808	-1.3011001	-1.8693787	-1.3847059	-1.6097157	-1.2725083	-1.2911093	-1.7444656	-0.27943793
-0.3034032	0.39794436	-0.080174774	-0.40784362	0.68928707	-0.7159715	0.49054435	-0.24737473	-0.36808	0.30405438
-2.5555258	-2.4079247	-1.722432	-2.4568634	-1.8725857	-2.8228884	-3.1391673	-0.32814386	-2.2143064	-2.8894415
-1.5699285	-1.8690927	-0.9291669	-1.7012206	-1.7443808	-1.9255435	-1.2636831	-0.9535595	-2.702513	-1.4771817
-1.715893	-1.87649	-1.2189289	-1.597358	-0.97139406	-1.9799671	-1.8501385	-0.68051255	-1.7481706	-0.9483647
-1.8009685	-1.8072872	-1.1861601	-1.7127336	-0.5403682	-1.0581605	-1.5481378	-0.6617376	-1.0757926	-1.5011486
-2.5346959	-2.411706	-1.5972556	-2.4665396	-1.3609561	-1.9405382	-2.1132815	-1.0053365	-2.732194	-1.6337678
-1.0089768	-0.98221624	-0.5689068	-1.1325306	-0.14650455	0.3722987	1.0692745	0.35036442	0.3397962	0.05388049
-0.33563054	-0.360072	-0.0633769	-0.38437492	-0.9297582	-0.5574661	-0.74771273	0.059168376	-0.76133466	-1.8586221
-2.0170436	-1.9450622	-1.3082206	-1.9348859	-1.3492738	-1.8175452	-1.5888096	-0.77218515	-1.2974681	-0.51460135
0.019910842	-0.013168842	0.40504733	-0.1985988	-2.0635953	-0.31354323	-0.38044396	0.30439	-0.47601035	-1.8714731
-0.045020647	-0.49576047	0.2954777	-0.2255602	-1.3089229	-0.39434582	-1.025384	0.096291244	-0.50028926	-2.3653917
-1.6117984	-1.8816415	-1.0831105	-1.5757624	-0.18884328	-1.8792164	-1.5306574	-0.94124603	-1.8299199	-0.16233097
-1.0110292	0.042617172	-0.8440176	-1.0529648	1.545307	0.3957161	1.8604598	0.23844936	1.0272027	2.9130638
0.53251415	-0.16818029	0.82309055	0.34329867	-1.2861407	-1.3908999	-1.6359617	-0.7583609	-1.168159	-1.865869
1.4369415	0.8997983	1.7349648	1.1755636	-0.058814377	-0.06513808	-0.36696017	0.48186123	0.17739752	-1.1255767
-2.2287052	-1.8277719	-1.5125742	-2.1611855	-0.60713756	-1.6977499	-1.2253166	-1.289378	-1.4214996	0.52235913
-1.8782682	-2.0358608	-1.2638031	-1.8877504	-2.430192	-2.2115424	-2.7847672	-1.6048577	-2.1249945	-2.6357012
0.6271674	0.9192014	1.2837329	0.3740986	-1.009262	0.20241366	2.227149	0.61529523	-0.20510457	-0.8493056
-0.5487848	-1.0622611	-0.14860252	-0.7461141	-1.7268454	-0.65430963	-1.0630064	-0.5696252	-1.049789	-2.026174
-2.1767297	-2.2398775	-1.4732505	-2.0906165	-1.6244093	-2.321323	-2.2247853	-1.193586	-2.1563456	-1.5969996
-1.7628169	-2.0585577	-1.1067278	-1.6892136	-0.8557938	-1.1535804	-1.957308	-0.8783684	-0.955277	-0.4851744
-1.5785	-1.7897277	-1.0655698	-1.5217842	-1.4211195	-0.9696959	-1.8522773	-0.5643163	-1.307616	-1.4050429
-0.8458055	-1.2135571	-0.41883555	-0.90240943	-1.2967254	-1.5645623	-2.3134532	-0.67035824	-1.4364746	-1.2034103
0.16528878	0.3327228	0.31754243	0.01990898	-0.14477655	0.68914425	0.5284038	0.94638073	0.6964955	-0.2033923
-2.2727623	-2.0068488	-1.4766682	-2.175009	-1.470167	-2.573975	-3.079962	-1.7193179	-2.92433	-1.0945547
0.036442906	-0.35013852	0.38582993	-0.11388637	-1.8620769	0.38776925	-0.13614112	0.35063842	-0.50231767	-1.7972083
2.249784	1.7666619	2.7512093	1.9885097	0.7763201	1.9337362	3.624976	2.9050903	1.7972729	1.5817715
-1.9172248	-1.9639378	-1.2705963	-1.8461158	-1.230621	-2.796642	-2.8424273	-1.8501109	-1.2198553	-0.20485629
-0.93471324	-1.2520486	-0.5386107	-0.93144727	-0.48851448	-0.31562158	-0.80405414	0.18951611	-0.605136	-0.3097274
-2.636935	-2.4197059	-1.7084284	-2.437371	0.55690336	-2.6418502	-2.1465917	-2.1602478	-2.6347032	-0.97381955
-1.6419638	-1.782007	-1.0786253	-1.5243117	-0.34925756	-1.9024094	-1.9126571	-1.1559701	-2.1515996	-0.80705154
-2.2560294	-2.2021313	-1.402044	-2.185976	-1.2911443	-2.4043553	-1.7992121	-0.67499137	-1.648709	0.25871485
0.599793	2.0533276	0.4575001	0.26413393	-1.0920388	0.9020891	2.0925102	0.7436001	-0.017344182	0.6341897
-1.343069	-1.1122539	-0.5678363	-1.3126602	-0.13445893	-1.7752113	-1.494145	-1.2056235	-1.5888976	0.2552167
-2.3027592	-2.097311	-1.6161412	-2.253881	-1.2063136	-1.7428358	-0.7327359	-1.9750925	-1.6066241	-1.8901343
-1.3596569	-1.5650538	-0.72995913	-1.3672485	-0.2657532	-1.0084319	-1.739865	-0.68533725	-0.6755106	-0.9388804
-1.7331393	-1.8694851	-1.0191396	-1.6133794	-1.3168126	-1.1835717	-1.4908472	-0.35253948	-0.58584636	-0.98132724
-1.9538848	-1.4515789	-1.3980404	-1.8441203	1.635233	-1.5081407	-1.2025445	-0.87439054	-1.8176098	1.576465
0.036855154	-0.37064478	0.4264857	-0.06229131	-1.4569265	-0.5057382	-0.8870316	-0.24306448	-0.59410256	-1.3439703
-1.0151074	-1.5248913	-0.5249026	-1.0064751	-1.3153721	0.3726244	-0.95525956	0.09836029	0.27992362	-1.3208983
-1.961619	-2.0178342	-1.3967259	-1.8409281	-1.2147477	-1.6662829	-1.4328353	-1.0976187	-1.475654	-1.0292072
-1.0540104	-1.3782597	-0.6762972	-1.0467192	-0.062425047	-1.5279973	-1.3755717	-0.9386649	-0.07703224	-1.028284
0.26912278	-0.54542196	0.7510979	0.10667358	-2.1505468	-0.23982988	-0.9772046	0.66169745	-0.04948785	-2.207324
-2.3310804	-1.9998968	-1.7234126	-2.1996474	0.25175574	-2.0246544	-1.8831272	-2.217565	-2.335343	-0.21003671
-2.6049864	-2.4510736	-1.754246	-2.4770045	-1.1110549	-2.6271758	-2.5173674	-1.6876824	-2.5855176	-0.50191337
-0.09959439	-0.08432162	0.46334106	-0.13547714	0.54678464	0.13173756	0.8774419	0.66381603	-0.16402717	-0.84398305
-0.2826917	-1.0186933	-0.05479172	-0.34460187	-2.013108	-0.5738928	-1.341162	0.34161672	-0.14434671	-1.640285
-2.0362246	-1.6733066	-1.1234995	-1.987603	0.19208184	-3.0101266	-1.0920038	-0.82691354	-2.2906888	-0.23316467
-2.046445	-2.0317893	-1.3409513	-1.826083	-0.7931001	-2.268268	-1.7479969	-1.1972532	-1.5070884	-0.89933974
-1.6736771	-1.825381	-1.2003385	-1.63	-1.5576636	-1.4343411	-0.86045414	-0.97325325	-1.3314804	-2.1799333
-1.4344188	-1.4302428	-0.87232673	-1.3886448	-0.7905623	-1.5468177	-1.8787304	-1.2494277	-1.6890568	-0.188126
-0.70355207	0.10398021	-0.37258366	-0.77110624	-1.9318336	0.2633478	0.5566383	0.6815749	-0.12076366	-2.2757776
-0.5299258	-0.581254	-0.17222685	-0.5377897	-0.38529792	-1.0770822	-1.4094784	0.43297318	-0.6758551	1.0055815
0.7506666	1.0117878	1.0192289	0.42753267	-1.4664001	0.39410493	-0.24496773	0.7961248	0.5227027	-1.2116807
-0.5893585	-0.9931022	-0.17193955	-0.5800107	-0.5085774	-0.71253335	-1.3850026	0.044126976	-0.4888798	-0.5362117
-0.5222215	-0.88509965	-0.12000421	-0.5578601	-1.094714	-1.3009162	-2.0458941	-0.8063779	-1.3830932	-1.0694817
-0.3287479	-0.74785733	0.430927	-0.40359545	-0.80744606	0.25838736	-0.402536	0.6670811	0.1328201	-1.2015904
-1.8505616	-1.8553749	-1.2578522	-1.7285776	-0.15139964	-1.4334073	-1.480593	-0.6248188	-0.92347276	0.8739483
-1.1815176	-1.8987298	-0.8164432	-1.0789747	-3.763437	-1.4474247	-0.844581	-1.0691339	-1.463071	-2.1665595
0.42288968	-0.7301413	0.98707795	0.34123957	-2.4109483	-0.40723732	-0.7412706	0.19801293	-0.98576677	-1.6865202
-1.1693563	-0.9771639	-0.9569099	-1.0845712	-0.23928264	-1.4263892	-0.8737352	-0.4342507	-2.852134	-0.38936508
-2.1722891	-2.149259	-1.3970985	-2.0303695	-1.3398994	-2.343013	-2.6094816	-1.338765	-1.9159449	-0.94149816
0.46770266	-0.05304934	0.88566387	0.29073423	-1.694876	0.15512004	0.009921621	1.6197846	0.5694087	-1.8480266
0.5910707	-0.025954947	1.0531583	0.3988467	-1.6324402	0.5428372	0.63042754	1.0664321	0.7721446	-2.2671378
-0.26723522	-0.8624418	0.17002651	-0.4039955	-1.8167452	-2.685003	-2.248365	-1.3246226	-3.1901288	-3.209323
-1.2659246	-1.7544444	-0.96130025	-1.2202456	-2.6165285	-1.0432377	-0.9119835	-0.4902378	-0.5243396	-3.3798225
-1.7868326	-1.7670814	-1.2551565	-1.7318977	-1.1195343	-1.7340549	-1.8773955	-0.9208321	-1.3901498	-1.6993576
0.34243488	-0.2514004	0.696947	0.26399982	1.2101398	0.59879184	0.8175171	0.53826934	-0.14296073	0.21614456
-1.6002694	-1.9283707	-1.1655927	-1.5497979	-1.3320101	-1.4820781	-1.197796	-0.6819283	-1.2392832	-1.9118545
-0.038107194	-1.5003498	0.28639826	-0.03815843	0.17921016	-1.0515877	-1.5799496	-0.5116275	-1.4630127	-1.7910895
-0.0600282	0.12196651	0.22286493	-0.28341195	-1.9110063	0.3555682	0.1676911	0.48046812	-0.21374817	-2.1223433
-1.4407068	-1.6076386	-0.94301414	-1.3371773	-0.61562383	-1.170573	-1.0312693	-0.62865496	-1.3162875	-0.07349483
-1.5267131	-1.7213413	-0.9513992	-1.4272254	-1.3560102	-1.3081253	-1.461642	-0.18571302	-1.5347347	-0.6780958
-1.1127127	-1.335971	-0.65883255	-1.1111318	-0.35117278	-1.4680829	-0.72015876	-0.09381801	-0.65917146	0.3215738
-1.05813	-1.139195	-0.55886126	-1.0626695	0.40545878	-0.912455	-1.2349421	-0.49712	-0.8835253	-0.21109915
-0.76205933	-0.16791323	-0.57297516	-0.83371437	0.2692823	1.236505	1.7237295	1.1776923	0.35997304	0.3621395
1.0500329	0.24898288	1.1294851	0.77007145	-0.74021083	2.6595109	0.85965323	2.027173	2.1769862	0.42119846
-0.49185023	-0.94158673	-0.055333167	-0.5976686	-2.2343903	-0.103238404	-0.9778807	0.7845126	0.2653693	-1.9797164
-1.7613226	-2.065986	-0.91577125	-1.676563	1.1124421	-2.1659095	-2.5532522	-0.93476355	-1.3573693	0.9923124
-0.55205464	-1.0270169	-0.043284237	-0.59571517	-1.5158498	-0.6589127	-2.5528622	-0.51511914	-0.35448238	-1.8238151
-1.1930525	-1.7292507	-0.70210326	-1.1777214	-1.1522262	-0.7252525	-1.1926212	0.17777815	-0.76108056	-0.91398114
-1.5877004	-1.6538788	-1.0792482	-1.6358869	-1.339505	-1.1706443	1.521939	-0.9858145	-1.5383981	-0.6578962
-1.5726504	-1.7720629	-1.1800632	-1.5503719	-1.8748624	-1.8043454	-1.674717	-0.89500445	-1.4484396	-1.2769853
0.7460531	0.86467505	1.2043847	0.47151244	-0.84155774	0.85741425	0.9057067	1.0967987	0.5634635	-1.4319887
-0.063447714	-0.9666139	0.19582088	-0.2127657	-1.1901885	-0.9425607	-1.3448875	-0.78248453	-1.8422056	-0.9129367
-1.0910378	-0.5826545	-0.7017695	-1.0908594	-2.192593	-0.47066405	-0.5385168	0.28989387	-0.89221287	-1.4128187
-0.6779816	-1.097614	-0.38821533	-0.67711204	-0.6915431	0.45772943	-1.3318164	-0.0074161133	-0.6878182	-1.0654607
-1.3895366	-0.7613224	-0.79951143	-1.5277948	-1.6668285	-0.14982414	1.2999215	0.14539737	-1.2360702	-1.9689784
-0.17384583	-0.11825346	0.0932973	-0.35951465	-1.7363628	0.5867195	0.69726825	0.511887	0.32236886	-1.2417073
0.8059267	1.7843294	0.6930605	0.626232	0.79949844	-0.027435957	0.67974126	-0.37158793	0.037028316	-0.8855149
-2.4635193	-2.3748863	-1.5969993	-2.3365264	-0.5832895	-2.490048	-2.6124487	-2.090654	-2.3710148	-0.8623028
-1.7200702	-1.7367903	-1.1368401	-1.6526676	-0.6938603	-1.7955717	-2.096774	-0.6280498	-0.18638593	-0.76098806
2.3318977	0.9331715	2.4592226	2.1123614	-0.54043794	0.7055949	0.07007094	2.1782513	0.5171241	0.99739593
1.8669231	2.286168	1.635853	1.6413622	1.1947211	0.27762255	3.34135	0.21852082	-0.077973895	2.3963225
-0.0061146095	-0.3876536	0.63409555	-0.18106493	-2.0621672	-0.13620141	-0.27751687	0.110906176	-0.166439	-2.2912421
-1.4160103	-1.6863742	-0.9140396	-1.3713125	-0.78076255	-0.53962994	-0.9865296	-0.34230983	-0.43659323	-0.61419487
-0.7102863	-0.8880739	-0.40703776	-0.7628013	0.029149473	-0.4629547	-0.11904517	0.57033235	-0.1267702	-0.07565128
-1.2793454	-1.4678011	-0.86413383	-1.1765255	0.25336632	-1.3491559	-2.4717634	-0.67184013	-2.2628117	-0.058209836
0.058497153	-0.5920777	0.28386596	-0.01891549	-0.8494463	-0.30108464	-0.5528723	0.3961356	-0.4008957	-0.19627486
0.15818712	-0.28741297	0.5885245	-0.044602722	-2.0848653	-0.07255683	-0.48663986	0.72169733	-0.5883381	-2.1040192
-0.48109677	0.13036099	-0.35123405	-0.53554404	-0.23416385	-1.3960389	-0.96720177	-1.0947198	-1.1465288	-0.43376905
-0.7670676	-0.738618	-0.4809049	-0.9039154	-3.2390249	-1.0533776	0.81615704	-0.68762684	-1.5402956	-3.6776483
-0.79784554	-0.9158571	-0.38546786	-0.7661631	0.3111442	-1.181252	-0.96754324	-1.21104	-1.7567753	-0.45726895
2.7673736	1.9609661	2.6540687	2.4318833	-0.3638205	1.6775808	1.1230583	2.0774925	1.5129765	-1.4381157
0.62649196	0.19899198	0.75516057	0.42675072	-0.8918214	-0.7966663	-1.050052	-0.569369	-1.1326723	-1.2296597
-1.2154564	-1.4390587	-0.8141043	-1.1220001	-1.2310393	-1.345388	-1.6532598	-0.49349123	-1.6927868	-2.1673288
-0.69082266	0.3025128	-0.3943772	-0.8417777	2.1985207	-1.5279679	-0.47854474	-0.65483844	-0.86965847	1.0105634
0.2631036	-0.15925986	0.63474476	0.11960773	-1.3641299	0.35405603	-0.6732309	0.6904362	0.31234005	-1.7878486
-1.0481925	-1.4754765	-0.62859654	-1.0781976	-1.1606089	-0.73118895	-2.3346956	-0.7781667	-1.2290126	-1.0370368
-2.0161953	-1.543676	-1.4408174	-1.9029964	0.43365404	-2.2629745	-0.9212623	0.07690911	-1.4829001	-0.04370339
-2.4147844	-2.2801106	-1.4922334	-2.2947786	-2.0866446	-2.699922	-3.0509353	-1.2751687	-2.1903665	-3.2324777
-0.7645824	-1.0470625	-0.25974703	-0.74644434	-0.6594097	-1.4465814	-1.4833424	-0.7380069	-1.1632823	-1.0790353
-0.90234005	-1.30133	-0.32480046	-0.9739385	-0.8101543	-1.5996368	-1.3809574	-0.9773935	-0.74126774	-0.5404322
-0.5987324	-0.99513066	-0.15819055	-0.6054755	-1.2492639	-1.2724402	-1.8110594	-0.6039206	-1.4655474	-1.9538879
-0.9077458	-1.3672098	-0.50318027	-1.0017296	-2.2713554	-0.4124698	-1.0061957	-0.010486936	-0.60912275	-3.1195867
0.38540062	-0.19842865	0.8467573	0.20771076	-1.8249379	0.19853519	-0.014741043	1.1064487	0.6401416	-1.4599495
-0.20382735	-0.7298804	0.2133399	-0.38786685	-1.9148607	-0.11178	-0.56651026	0.33336726	-0.42079836	-1.408225
-1.4826294	-1.5670679	-0.8509464	-1.4946283	-1.1072838	-0.47695935	-1.006523	-0.053025287	-0.5086421	-1.3581885
2.0356941	1.8576128	2.1772504	1.79232	1.5211097	3.0270169	3.1122904	3.005153	2.9194582	2.4372888
0.08101066	-0.43118924	0.55167794	-0.04894574	-2.0225515	0.018153055	-0.71106964	0.34045905	0.08614113	-1.9184322
-1.6211437	-1.9709364	-1.0620108	-1.6173692	-1.2263194	-2.1037064	-2.3310337	-1.450993	-2.2664344	-1.8045167
-1.3068975	-1.3360165	-0.89802456	-1.2603238	-0.44680107	-0.08446346	-0.5580507	0.36091787	0.10582265	0.59771335
-2.0164685	-2.0045433	-1.2390532	-1.8913119	0.42637333	-2.445348	-1.0932256	-1.0730236	-2.4881184	-0.6577417
-1.3637894	-1.8001175	-0.925938	-1.3218485	-0.65594864	-0.61144114	-1.8186953	-0.63847095	-0.5368128	-1.0125607
-1.701867	-1.5849061	-1.2595166	-1.6170607	-0.210816	-0.9187719	-0.83353996	-1.0275425	-0.7670172	0.7154679
-0.6379417	-1.262083	-0.11254153	-0.7263221	-2.1726646	-0.6277822	-0.90298283	0.022271827	-0.21205595	-2.332747
-0.7732743	-0.41757706	-0.3499312	-0.7882767	-0.62434137	-0.25468066	-1.3745878	-0.21187063	0.19340794	-0.2813651
1.2413799	-0.10734838	1.699538	1.0771743	-1.0302901	-0.073165804	0.8538921	0.66143334	0.19849342	0.26806504
-0.49017373	-1.0963778	-0.32811055	-0.48439008	-1.4067754	1.3987111	-0.7595355	0.87856615	1.3332378	-1.7555765
-3.0653155	-2.739538	-2.1552196	-2.8815439	-2.073302	-2.6953852	-2.0350318	-2.1212115	-3.049476	-1.9598194
0.11180445	-0.010145456	0.45882037	-0.06823467	-1.3120232	-0.30881935	-0.4072054	0.11285541	-0.8579263	-1.119683
-2.36467	-2.2894483	-1.5581484	-2.2573879	-1.1440462	-2.3290088	-1.8642299	-1.1914203	-1.5046769	-1.0518246
-0.4869052	-0.5768397	-0.15783846	-0.54590654	-0.017866522	-1.289631	-1.0392312	-0.8443743	-1.4724326	-0.3006789
-0.8010173	-0.63128835	-0.31397948	-0.87224764	-1.3955668	-0.16581446	0.2319779	-0.1371522	-0.39177212	0.091525845
1.875179	1.377551	2.3234549	1.5717417	0.18447205	1.4487498	0.28446642	1.7177331	0.9477058	1.3215835
-0.45047507	-0.5966027	-0.00956887	-0.6253769	-2.2309208	-0.62542856	-0.7896434	-0.86656314	-0.90813035	-2.6421702
0.31700435	-0.31509924	0.77210176	0.1430177	-1.7033876	0.37506607	0.33121333	0.77293366	-0.1836206	-1.6733494
-0.1039202	-0.89288664	0.069433	-0.200835	-1.3960948	-1.560879	-1.4876803	-0.8586492	-1.3715695	-3.0925128
-0.6981744	-0.32376203	-0.3970261	-0.8321967	-1.8772498	-1.1376439	2.0528586	-0.42226782	-0.7072274	2.1958416
-1.9503742	-2.0397444	-1.2223904	-1.9550976	-1.5718423	-1.7404826	-1.0453986	-1.4277506	-1.3194014	-1.2114552
-1.4972588	-1.6260517	-0.9095478	-1.5084081	-1.3168257	-0.5928943	-0.19657862	-0.28725094	-0.9203055	-2.157442
-0.29692242	-0.31243137	-0.12990734	-0.42372495	-1.4398012	0.21393616	-0.36962214	-0.8323113	-0.26421705	-2.356872
-1.0646325	-0.60372883	-0.6710439	-1.126134	-0.14778197	-0.38107625	-0.6394168	0.2557081	0.09733322	0.660234
0.75655675	0.2451222	1.0607347	0.4808144	-1.4051301	-0.1089309	0.3786465	-0.20565166	-0.54361624	-0.35406718
-0.98143667	-1.3776022	-0.40348712	-1.073298	-0.94088936	-1.4725492	-2.043409	-1.7412546	-2.662843	-1.7450902
-1.9105507	-1.9806919	-1.2733614	-1.813458	-1.6285874	-2.8955514	-2.5919693	-1.2012755	-1.9899527	-1.6467617
-1.4599694	-2.5112708	-0.91326725	-1.400166	-3.6838467	-1.0067977	-2.5272036	-0.39748305	-1.5140419	-3.936746
-1.4452429	-1.7676947	-0.90862155	-1.4539244	-0.5550152	-1.925418	-1.6487881	-1.6428305	-2.3321311	0.92891335
0.26817212	0.0045573264	0.6775503	-0.032939196	-2.1673968	1.2728074	0.9395741	1.752411	1.0280766	-1.2497791
-2.0833395	-1.9562138	-1.3408482	-2.0055223	-0.48292813	-1.8867761	-1.2085714	-0.98473066	-1.4912008	-0.352069
-0.08644984	-0.58472216	0.1652992	-0.23006465	-1.6061414	-0.8830419	-1.8421979	-0.7489834	-0.68080187	-0.93032366
-2.3113143	-2.335591	-1.4709485	-2.1679924	-1.8484749	-1.6629475	-0.84515935	0.086930126	-0.21986574	-0.72452694
-1.1817235	-1.431246	-0.68141043	-1.1989163	-1.1090419	-0.7115273	-1.3493209	-0.28010294	-0.5960597	-1.9165719
0.046207033	-0.41668475	0.19145432	0.0073289126	-2.1327305	-0.18304238	0.6534511	-0.1316857	0.30566308	0.4095342
-0.9010923	0.2139818	-0.6465031	-0.9284475	1.4630383	-0.7568533	0.61996174	-0.41337815	-0.909176	2.0668602
-2.3407578	-2.2331767	-1.4964149	-2.2435596	-1.329013	-3.6200793	-3.4212286	-1.9225346	-2.9208076	-2.2540653
-1.2549784	-1.6039408	-0.77820134	-1.2892927	-0.6439275	-1.4349365	-2.420617	-1.1035639	-1.8004509	-1.5987803
-1.5441101	-1.7305706	-0.96427	-1.4817615	-1.0867796	-1.7558895	-2.20793	-1.3056008	-1.3997763	-0.7549146
-1.8070358	-1.8444339	-1.1760837	-1.6791098	-0.8150375	-2.5211504	-1.2058611	-1.1580633	-1.9303591	0.09982104
-2.423846	-2.2441437	-1.5428419	-2.3074067	-0.16303143	-2.6627617	-1.1841514	-1.0847005	-0.38423166	-0.19769385
0.52288866	-0.06257656	0.5762714	0.45741922	-0.0049721897	0.6135516	0.551822	0.058720097	0.9365447	0.4957238
-1.5212315	-1.6228238	-0.9970701	-1.4002134	-0.30645046	-1.1997902	-1.953449	-1.2989975	-1.9647917	-0.3057053
0.31521615	-0.1598978	0.836627	0.12236093	-1.1530148	0.36597654	-0.2842529	0.90886396	-0.01081173	-0.80790436
-2.502132	-2.2504392	-1.5692052	-2.3882048	-0.5577117	-1.9778525	-2.4407294	-1.1350805	-2.9101813	-0.1798943
-0.32148853	-0.24210021	-0.01678124	-0.40186888	-0.677817	1.862436	3.6421027	1.7300634	1.575719	2.3987005
0.13883641	0.8514881	0.32913175	-0.06487109	-0.24454665	1.689657	2.192548	0.5774609	1.3395956	0.11665634
-1.1220716	-2.3604004	-0.7030959	-1.1180184	-1.2816145	-2.3394468	-2.0184524	-1.4140434	-1.3816841	-0.33649155
-1.6253054	-1.7722807	-1.1727945	-1.5824802	-1.4458078	-1.7635521	-2.109593	-2.0345376	-2.8825448	-1.7414621
-0.9562079	-1.3803974	-0.42089042	-0.8466014	-1.7093884	-0.43052068	-1.0356202	-0.5266189	-0.08196877	-1.5418602
-0.07356868	-0.39986357	0.3767059	-0.2071485	-0.9293319	-0.24319772	-1.4159095	0.5883281	-0.26025164	-1.0220087
-1.3713876	-0.65981436	-0.9877149	-1.4426751	-0.38737258	-2.1429865	-1.7219112	-1.7124718	-1.0686833	-1.7128302
0.7522784	1.1135056	1.0203019	0.5732216	0.013641179	1.7141616	1.3004607	2.1606984	1.2676681	-0.1812989
-0.3917754	-0.7207682	0.06529167	-0.5252711	-1.9950393	-0.38790128	-0.86331016	0.5447977	-0.46113667	-1.1477433
-2.4315915	-2.3689513	-1.7593505	-2.4817414	-2.6292677	-2.589485	-1.898271	-1.5799501	-2.1847453	-1.9247937
-1.3407073	-1.3862777	-0.7888763	-1.3708415	0.46984884	-0.27598804	-1.5556271	0.24524084	-1.2409208	0.45982555
-2.119261	-2.203089	-1.3824314	-2.0263834	-2.2050645	-2.036538	-1.4379696	-1.3348888	-1.1203127	-2.1118112
-1.2784023	-1.7051107	-0.78686905	-1.2490141	-0.469528	-0.7059857	-1.5572141	-0.05148157	-0.8086899	-0.7552959
-1.3407813	-1.9131612	-0.8155985	-1.4254477	-1.0045613	-1.9464498	-2.2634854	-1.0994415	-1.7978548	-1.7971082
0.23511252	1.1998128	1.1264797	0.002116993	0.17686298	1.0682358	1.6520934	1.4535882	0.4603084	0.7684642
0.714153	0.35290626	0.95970654	0.5843713	0.7199291	-0.10338565	0.020754214	0.35291353	-0.4263965	-0.19752207
-0.12604524	-0.7560309	0.28465652	-0.26849762	-2.2722383	-0.88586265	-1.6579019	-0.6223381	-1.1397476	-2.6273983
1.4643134	1.9267108	1.9025698	1.2074331	0.06352702	2.6878898	1.8473811	3.1423564	2.502917	0.26727438
-1.3163072	-1.6490585	-0.7960887	-1.2802825	-0.59048206	-1.1400132	-1.4122728	-0.92354274	-0.6585121	-0.52116686
-1.6758524	-1.3402863	-1.1575823	-1.6255989	-0.22120398	-0.29038298	1.4152985	-0.6569235	0.102965824	-0.38323444
-1.8939393	-1.9870687	-1.3498617	-1.8326494	-1.355149	-1.2508548	-1.5976899	-0.8551979	-1.436685	-1.012594
-1.7157679	-1.8235937	-1.1488044	-1.6042765	-0.97888374	-1.9520636	-2.1989725	-0.9950621	-2.3048599	-1.2474109
-2.5743902	-2.4486265	-1.5494931	-2.4455872	-1.9499863	-2.617294	-2.8169281	-1.781862	-3.2646062	-2.1623294
-1.0033767	-1.242333	-0.53041315	-0.93893397	-0.7702625	-1.4169385	-1.220596	-1.3867738	-1.1357992	-0.5924568
-1.9626273	-1.9422612	-1.3265198	-1.9117813	-1.4695395	-1.9601882	-2.292932	-1.3868544	-1.8837981	-1.8273475
-1.987271	-1.9489547	-1.3361142	-1.9089036	-0.65927774	-1.7089665	-1.3819462	-0.8925918	-1.0350795	-0.69307387
1.131958	0.5594833	1.7505431	0.9137647	-1.3275666	0.61615026	1.4209018	1.4033681	0.73874956	-1.5389875
2.1568031	1.3317428	2.031871	1.9203823	0.8691995	2.547031	-0.123149104	2.0146766	1.509216	0.7098649
-2.2569978	-2.2008815	-1.3641007	-2.1162856	-0.5668062	-1.9010847	-1.6113594	-1.4602004	-2.1366181	0.4251642
-1.9242526	-2.0506861	-1.2989995	-1.8515637	-2.177844	-1.39002	-1.5301522	-0.74743444	-1.4464682	-1.5925565
0.24509591	0.22745734	0.57040757	0.18156831	-0.5176896	-0.17910136	-0.44386354	0.09548629	-0.56707174	-1.9329425
-0.84364766	-0.6754847	-0.5250424	-0.89289385	0.24466166	-1.0947949	-1.5258859	-0.751906	-0.85458064	-1.0845509
-2.4750292	-2.220379	-1.5636362	-2.3823469	-1.3827432	-2.3508306	-2.1357574	-1.3922894	-2.555946	-1.2578157
0.11967265	1.2707704	0.7313217	0.035763785	0.3646724	-1.4630454	-0.25087124	0.3059288	-1.1266106	0.12720738
1.3886245	0.2800959	1.557735	1.0543541	-1.678748	0.09283419	-0.5001108	0.5958065	0.13495652	-1.7996062
-1.207064	-1.3476349	-0.7423034	-1.2063277	-1.7069336	-0.9605244	-1.4553682	-0.19331217	-1.1512853	-2.1013417
-2.05105	-2.115799	-1.3110182	-1.9537534	0.012908995	-1.9601358	-0.7472848	0.14812252	-2.5655005	-0.87533635
1.5524126	1.3835901	1.8780912	1.2701426	-0.31181008	0.5286846	-0.08632453	0.82530713	0.7476321	1.2395233
-1.8472868	-1.8856231	-1.2220337	-1.7009416	-1.0662427	-2.4404023	-2.8318136	-1.2829927	-1.546541	-0.7881339
-2.7985568	-2.8242455	-1.857543	-2.636894	-3.2764168	-2.6679387	-2.0052865	-1.5821056	-3.3407636	-3.6092117
-0.9668636	0.17337039	-0.3245683	-1.1426345	-0.72559166	-0.732351	-0.13912444	0.052941717	-0.0663904	-1.3108145
-2.705476	-2.6073112	-1.7930441	-2.5547428	-2.309451	-2.732954	-2.387486	-1.9940954	-2.7682438	-1.5097923
-1.4851224	-1.6691242	-1.0398556	-1.4149083	-0.5490185	-1.5827391	-1.7174035	-1.133006	-1.5558085	-0.87632835
-0.7852234	-1.286151	-0.4278278	-0.8161939	-1.6384407	-1.3903445	-1.8723412	-0.6227449	-1.1572953	-1.1441467
-1.1591102	-0.990314	-0.8204589	-1.1073909	2.319973	-0.52475387	-0.5321678	-0.34638962	-0.6434787	0.8809484
-0.6407314	-1.087452	-0.15305725	-0.7889736	-2.075563	-0.24524918	-1.2654476	0.060490895	-0.8591032	-3.5853984
0.8214602	0.23636645	1.137861	0.5607333	-1.5667794	-0.39276916	0.8406119	0.914649	0.17094651	-2.7156897
0.1283293	-0.33549178	0.5470524	-0.018834278	-1.1731877	0.1261575	-0.069195285	-0.10316521	0.13929825	0.6623489
-0.47291854	-0.92514586	-0.086955905	-0.496593	-0.24087839	-0.41178718	-0.8312361	-0.4913721	-0.4073038	0.90956134
-2.38681	-2.250595	-1.5545144	-2.3057125	-1.205256	-2.6021118	-1.8447056	-1.9579813	-3.1849928	-1.473849
-1.7097784	-1.918268	-1.137335	-1.6558077	-1.5515083	-1.6350435	-2.0620828	-1.0224063	-1.9332634	-1.5878589
-0.63988143	0.9501169	-0.32977244	-0.7863398	0.89462006	-0.85716367	1.7812937	-0.52096605	-0.9991882	-1.4580842
-0.36631632	-0.89204156	-0.035790533	-0.51626647	-1.8263997	-0.81033117	-1.1734405	-0.5018279	-0.6755652	-1.3624238
0.46473262	-0.04759133	1.1845504	0.27909458	-1.4771153	0.62586987	0.7033118	1.4426637	0.7563331	-1.0554756
0.369571	-0.2083027	0.7975575	0.1892872	-1.8203189	0.1806956	0.23947923	1.5142889	0.15219913	-1.1183392
-2.560822	-2.1779578	-1.6886758	-2.4177153	-0.83702755	-2.5555866	-2.1932862	-1.6853112	-2.9169643	-1.6001685
-1.863463	-1.9538908	-1.172316	-1.8829994	-1.690929	-2.0455635	-2.0458658	-0.98673326	-2.3939767	-1.8891631
-0.8150703	-1.2283535	-0.34116873	-0.85803086	-1.2797534	0.30825076	-1.3676283	-0.026122179	0.35038045	-1.4971746
-2.8302095	-2.4821174	-1.8334906	-2.634777	-0.36382195	-2.8340042	-2.691825	-1.4493536	-3.1701512	-0.2734191
-1.2659744	-1.3332589	-0.6337966	-1.2171805	0.35381374	-0.77142626	-1.0889107	-0.09662789	-0.21363164	0.23297554
-1.9926449	-1.8916519	-1.316618	-1.9151493	-0.17316821	-2.430946	-1.938894	-1.321353	-1.9633502	-0.21913205
0.3117013	0.06070742	1.0155802	0.1573488	-1.4153454	0.54102826	0.54606336	1.2725531	0.012976493	-0.12446181
-2.1244326	-2.0286677	-1.3441093	-2.097045	-0.9622164	-2.6219318	-2.183839	-0.9269177	-0.7252686	-1.407772
0.334697	0.14056566	0.6719234	0.2645154	0.24856362	0.5330342	-0.48121512	1.1322659	0.09323062	-0.47629836
-1.0570034	-1.3077703	-0.73840535	-1.0767188	-0.33069852	-1.4386878	-1.5390692	-0.58743185	-1.6792973	-1.3084959
2.0564985	2.3241992	2.2370167	1.7024626	0.651374	2.6237292	2.3683424	2.8840425	2.1808085	1.2145177
-0.7764431	-1.1091756	-0.3051782	-0.8575418	-1.824426	-0.5456639	-1.1460313	-0.010263766	-0.41059676	-1.8060434
-1.6985555	-2.3780777	-1.1492321	-1.7431073	-2.6704502	-1.462841	-2.2006898	-1.4893589	-1.5372843	-2.5804448
-2.4321833	-2.2181866	-1.6906652	-2.3062298	-2.3413343	-2.101085	-2.2198853	-1.8308595	-2.3401659	-2.442918
-0.907385	-1.3590484	-0.50589705	-0.88457716	-0.9898529	-0.48279122	-1.2691996	0.023430008	-0.20301309	2.2087226
0.32054576	0.4550431	0.57537204	0.17581867	-0.5426352	-0.4600463	-0.62707937	0.105201915	-2.068415	-2.0347836
0.75414866	0.5552536	1.3733617	0.59794784	-0.7846286	-0.40161932	-0.55293655	0.4849119	-0.26859543	-1.2806581
0.08251404	-0.15891406	0.5755267	-0.017101869	-1.691667	-0.18125376	-0.8640836	0.5890029	-0.9082529	-1.6433368
-1.1764513	-1.6042659	-0.8022598	-1.0941647	-1.9393438	-0.5050188	-0.836779	0.20240426	-0.7055789	-0.25272685
-1.8720466	-1.9707233	-1.2383264	-1.8267733	-1.7516843	-1.8278403	-1.4723248	-1.2591934	-2.0741565	-2.1935232
-0.18265793	-0.30035433	0.26190433	-0.31333637	-1.1075482	0.7231211	1.2657462	1.144317	0.2566801	-1.253073
-1.9868366	-2.099455	-1.2935064	-1.9084976	-0.6437105	-1.7595956	-1.895931	-0.6947063	-1.5402435	-0.6253563
-0.70543355	-0.9777658	-0.31708345	-0.83488894	-1.7272017	-0.8201334	-0.88266826	-0.24985139	-1.2588615	-0.5071527
-1.5439137	-1.6739334	-0.99421513	-1.4965283	-1.4231789	-1.161223	-1.7396697	-1.0306373	-1.7888886	-0.91044617
0.41401955	0.67976904	0.77522254	0.21831451	-0.22954899	-0.20576099	1.4725081	0.40305102	-0.5337771	-0.096839964
-1.8251519	-1.9041007	-1.2162462	-1.7708877	-1.4846541	-2.4088793	-2.0054624	-1.5833231	-2.0624926	-1.9010915
1.0454018	0.97900844	1.5460787	0.7789091	-0.6032816	1.6931745	0.97485626	2.108506	1.0953952	-0.9137639
0.10501573	-0.17468384	0.8187841	-0.16837174	-2.0726259	-0.24296473	0.38823444	0.9753049	0.0950612	-1.1671826
3.0261118	1.6610651	2.99183	2.6342795	0.1007134	-1.1332463	-0.7301902	0.17589201	-0.86169815	-2.6861064
-0.5744528	1.9614782	-0.23133335	-0.72754717	1.9995576	-1.4339527	0.5139629	-1.1545339	-0.6141381	1.3876816
-0.7541906	-1.3655055	-0.04219249	-0.6646963	1.1261295	-2.0314918	-2.3800776	-1.2916323	-2.1034012	0.96533835
-0.97326803	-1.4856223	-0.5804566	-0.84433174	-1.1910506	-0.65684944	-1.3642206	-0.04549816	-1.2542918	-0.91867733
-0.186878	-0.8812063	0.4385433	-0.24490286	-2.2597797	0.33125618	-1.0763326	0.9038089	0.029821105	-1.4062283
-1.082679	-1.4080757	-0.6466553	-1.1782545	-1.9802282	-1.9942259	-2.081993	-1.7515814	-2.324304	-3.1179693
0.40046245	0.40113685	0.86075747	0.30137932	-0.16743553	0.28861272	-0.19249882	0.53466594	0.70745176	-0.4874209
-0.0152174905	1.5071695	0.39040312	-0.26284432	-0.024843723	0.15447491	1.3171452	0.3045221	-0.37531152	0.26510167
-0.18767583	0.13681605	0.3590592	-0.3226369	-0.50509906	0.27371716	0.529345	0.44137487	0.122398496	0.13239196
0.6763089	2.6574378	0.8165301	0.09994741	-0.9470972	-0.13023143	1.9663328	0.052033614	-0.034314502	-1.9281458
1.1194502	0.642419	1.5439242	0.8612236	0.16095087	0.59434384	0.15878466	1.2716355	0.15308397	-0.19136488
-0.5439798	-0.8214998	-0.32504603	-0.6196044	-0.38772604	1.0417536	-0.10807443	0.15998544	-0.37877125	-0.9417268
0.7561044	0.34881917	1.2084246	0.5637772	-0.78841484	0.063469835	0.05569422	0.5851719	-0.13163303	-1.5554297
0.49757507	0.963704	0.97224903	0.30393142	-0.6410494	0.3494585	1.6757556	1.5157201	0.20818335	-1.3019053
0.5145078	1.5313264	0.44774866	0.20629703	0.1536878	0.32688767	1.1603824	0.05210581	0.13998316	0.17700772
-0.582881	-0.9549266	-0.19359139	-0.72566485	-2.6940567	-0.96469057	-0.41674995	-0.05545779	-1.0893958	-1.4811292
-0.87818736	-1.4386992	-0.48981854	-0.82993495	-1.6551625	-0.26308995	-0.17353204	0.108307615	-0.9655755	-0.72347623
-1.1108924	-1.1926993	-0.639632	-1.1447572	-1.2940537	-1.7122368	-2.1327965	-1.412075	-1.4001732	-1.5171392
0.8158129	-0.69102424	0.815755	0.6687242	-0.5916898	0.1589342	-0.7780148	0.36236385	0.14775035	-1.2997471
-0.2524067	-0.90302074	0.103960305	-0.346237	-1.7258707	0.7527888	-0.0975812	0.61932224	1.2510068	-0.69722474
0.30584073	0.8623967	1.016376	0.15320109	-0.8845545	0.82700044	1.1288846	1.6646346	0.75587004	0.3888187
0.6714077	3.9248154	-0.11483672	0.46870184	2.8432152	2.3414516	3.153186	0.95085424	1.6865913	2.205812
0.002813734	0.103398085	0.3387514	-0.23549306	-0.9833847	-0.16036953	-0.46378547	0.33203644	-0.52198565	-1.373582
0.18478999	-0.19985838	0.5212064	-0.05286941	1.7483693	2.0676572	0.71544474	1.9769634	1.9569008	1.4616777
-0.25823426	-0.42424303	-0.0766184	-0.33580458	-0.39013967	-0.8473444	-0.72681284	-0.21978365	-0.8745668	-0.4719053
-0.18164343	0.01191017	-0.1709305	-0.31051016	0.42057756	-0.1443737	1.1840473	-0.7137678	-0.63444275	1.4691802
-1.9942265	-1.9426378	-1.1969949	-1.920135	0.7534417	-1.9720193	-2.2051964	-1.1902176	-1.3669939	0.7025261
1.2672895	0.33266488	1.4001796	1.0151546	-1.4187971	1.2669829	0.26070407	1.3080138	1.1277901	-0.94366276
-1.6332921	-1.9528916	-1.2179707	-1.5862335	-1.7093772	-1.7967213	-1.9087732	-1.1738101	-1.9526043	-2.0367334
0.43465152	-0.6555211	0.8822558	0.22408701	-2.4239225	0.6936974	-0.64101475	1.1466573	0.4005411	-2.020697
-1.51661	-1.5453019	-0.9698	-1.4429952	-1.0256397	-1.656974	-2.3318124	-0.7202468	-1.4221555	-1.2123101
-1.1983838	-1.0983747	-0.7885473	-1.1867387	-0.92150795	-1.7021751	-2.0489485	-0.91190577	-1.6139497	-1.4456931
-1.5759529	-1.7904814	-1.0711172	-1.5300839	-1.8652433	-0.7399687	-0.5343619	-0.45388937	-0.9879337	-1.169798
-0.8905004	-0.91384566	-0.60807157	-0.93581676	-0.32578042	-1.2386284	-1.7851382	-1.1598645	-1.048896	-0.13441765
-0.7752981	-0.72406197	-0.38305977	-0.8418937	0.10695124	-0.6345174	-0.25345582	-0.78381866	-1.2432467	0.0047446587
0.7195903	0.60316515	1.1080362	0.5400207	-1.0249763	-0.4963178	0.3598957	0.9865686	-0.30780056	-1.4356402
-0.30956092	-1.4130516	0.031135052	-0.40021163	-0.5913377	-1.3050184	-2.3308804	-1.4464551	-1.5345919	-0.19123934
-1.0024985	-0.471736	-0.6797075	-1.0984014	-0.6643408	-0.9707892	1.0693897	-0.63789827	-0.27950475	-0.7398519
-0.6786153	-0.9664364	-0.33549067	-0.7082796	-1.5682862	0.6639698	-1.0393443	1.1415102	0.05997727	-2.7761562
-0.42787132	-1.1241075	-0.13880101	-0.425106	-1.1122667	-0.6683438	-0.99750054	-0.710134	-0.26998353	-0.3419165
0.3951351	0.17686158	0.8381977	0.19687451	-1.1384119	0.07896596	-0.3957869	0.37935722	-0.46659625	-0.32032958
-0.69505423	-0.4335828	-0.2829077	-0.79867893	-2.1350636	-0.2671875	-1.6058763	0.6570419	-0.6122269	-1.2392288
-1.5405712	-1.6065397	-1.0640885	-1.4178369	-0.64238256	-1.4628217	-1.34415	-0.90871245	-1.6622183	-0.70712024
-2.0216632	-1.4201344	-1.2701949	-1.9142905	0.14205232	-2.1241503	-2.106448	-2.2707415	-2.7225993	-1.4700098
-1.5992175	-1.894583	-1.0942805	-1.4855357	-1.5522742	-1.3948332	-0.64144874	-0.5363063	-1.6856996	-2.0037997
0.47964004	0.5532813	0.84546864	0.35300893	-0.24377999	0.0034686483	-0.14287664	0.60373086	-0.2611682	-1.0751182
-1.6689606	-1.7011158	-0.5337454	-1.530512	0.7890898	-1.2499447	-1.6656083	-0.7557374	-1.8917357	0.20544696
1.2541689	0.5538596	1.7038897	1.0053298	-0.1875815	1.4200858	0.5038258	1.933931	1.0819083	0.3185533
-0.85972923	-1.102089	-0.5352992	-0.9357605	-1.1074526	-0.2221555	-0.38484246	-0.5156467	-0.21577698	-0.86992544
-0.57377684	-0.70482194	0.017580658	-0.6473349	-1.1962979	-0.89852774	-0.1213702	0.2645894	-0.61519337	-1.084038
-1.9328283	-2.0247593	-1.3308655	-1.8171986	-1.5646876	-1.2845961	-1.2721695	-0.4258169	-0.9892465	-2.0478013
-2.0093744	-2.0382767	-1.456192	-1.918362	-2.5130227	-2.181837	-2.030378	-0.82983834	-0.7247101	-2.442869
0.42012623	0.03595653	0.819795	0.24011664	-1.4884188	0.5715044	0.5906043	1.5137776	-0.28747553	-1.9307144
-2.1438282	-2.1362314	-1.4218712	-2.1052732	-2.069824	-1.7111723	-2.147277	-0.9259923	-1.8127558	0.5742791
-0.97478086	-1.15122	-0.51762414	-0.9695443	-0.738425	-1.8519732	-0.8694317	-0.7175894	-0.99518937	-1.4446727
-1.6596376	-1.4967837	-0.9521351	-1.4461414	4.417164	-1.6546019	-1.2952083	-0.84838974	-1.6269691	2.6514487
-2.3736165	-2.188364	-1.5186086	-2.2657871	-0.04182297	-2.2629213	-1.4802725	-0.92898494	-2.2139702	-0.9107333
-1.5521275	-1.7242612	-1.0381584	-1.4371802	-0.9152359	-1.4283309	-1.9881045	-0.40247115	-1.180238	0.29720888
-0.8057236	-0.67758214	-0.34872964	-0.7623137	-1.4118139	-1.9548587	-1.0035133	-0.59419495	-1.3740079	-1.5030688
-2.0966961	-2.1452215	-1.3815527	-1.9535184	-1.1639217	-1.7657347	-2.0335178	-1.0891991	-1.6869392	0.0912167
-0.5715519	-1.1971048	-0.25009432	-0.697126	-2.022943	-1.0867236	-0.73662543	-0.39132062	-0.33046803	-1.6727861
-2.0243247	-1.9989654	-1.3150177	-1.9229853	-1.1307482	-2.5641115	-2.4610538	-1.603809	-2.6695495	-1.7356783
-0.7657944	-1.1720053	-0.3798308	-0.8321539	-0.37956142	-1.7958695	-2.2533505	-0.7111007	-1.5312862	-0.44676846
-0.769197	-0.6470106	-0.505198	-0.81659293	-0.06575206	-0.50353783	0.060257282	-0.299213	-0.2838778	-1.7019243
0.04237754	-0.531986	0.404815	-0.16331299	-1.7948276	-0.6532292	-0.85050714	0.024246266	-0.6360922	-2.2892284
-1.4057903	-1.587882	-0.9613069	-1.3821579	-1.6394067	-1.2575347	-2.1578205	-0.6682603	-1.1387446	-1.7676728
-1.9822282	-1.9993501	-1.2104654	-1.9550152	-0.9280945	-1.9724008	-1.8324867	-0.3782134	-1.7480965	-0.282683
-0.5922529	-0.7264714	-0.2539238	-0.6310587	-0.75330055	0.11169938	-0.019450016	0.29597864	-0.79910177	-0.6018933
-0.9986878	-1.2783078	-0.5910411	-0.9188953	-0.7315633	-0.98439294	-1.1571971	-0.745459	-1.1226898	-0.6898807
-1.9046726	-2.3599536	-1.1887403	-1.8662599	-1.4168416	-2.4021878	-1.9073354	-1.1693622	-1.8617765	-1.4511228
0.31680417	-0.6072815	0.6315775	0.09452216	-2.184946	0.34176517	-0.7627534	0.5054199	0.30540752	-1.811251
1.7679844	1.5825452	1.64233	1.5340812	-0.20681812	2.076813	0.85437775	1.7068871	1.5481712	-0.4146567
-1.7798983	-1.7055062	-1.174435	-1.8323401	-1.064586	-1.2407602	-2.0096297	-0.8129104	-1.6558808	0.47745106
-1.8007797	-1.8349779	-1.2104251	-1.754039	-1.151874	-1.3370594	-2.0442407	-0.5908407	-1.3533995	-0.86379844
-1.3341901	-1.7639025	-0.8819462	-1.246433	-1.5519087	-1.2135458	-1.3827733	-0.8543867	-0.9532734	-1.4980825
-1.3311982	-1.4901593	-0.82243395	-1.2303816	-0.6002861	-1.0927924	-1.3702478	-1.1304013	-1.4684569	0.0029364312
0.70766354	0.30049053	0.98746574	0.56783813	-0.19557834	2.1105328	0.9249091	2.813225	1.9708472	-0.5675448
-0.08006634	-0.6410811	0.34299815	-0.20728073	-1.4949561	-1.1687453	-1.51899	-0.49182016	-1.1626511	-1.7105782
-1.2093369	-1.4921615	-0.7362882	-1.1717473	-0.094492584	-0.85360205	-1.3036859	-0.6142517	-0.96745616	-0.1546334
0.10282984	-1.2966468	0.17301777	0.020078465	-0.06920633	1.415584	-1.5782021	-0.28054202	0.6544083	1.085679
-0.2862994	-0.93316865	0.20772986	-0.41808084	-2.457637	-0.3262971	-0.5992172	0.4589716	-0.48091143	-2.4510312
-1.756678	-1.4681435	-1.0936172	-1.71437	0.7401351	-1.9286307	0.3781912	-1.4260663	-1.1934355	2.3620071
0.09714826	0.04397908	0.42233276	-0.015791833	-0.45100418	-1.456076	-0.16199672	-0.62054324	-0.89909226	0.068701155
-1.1871198	-1.0377189	-0.93580186	-1.1874602	-1.335887	-1.480687	-0.9343704	-1.4238101	-1.8483301	-0.2762022
-0.9691538	-1.1673636	-0.55327964	-1.0932603	-2.743852	-1.4753109	-1.2880821	-0.52947706	-1.8591342	-1.9629716
-0.20724124	0.1778942	0.10170086	-0.4232788	-1.6424434	-0.03823249	-0.11266167	0.47942212	-0.3555063	-2.065018
-0.021143742	-0.4505009	0.2800776	-0.04100652	-1.2298334	0.7114373	0.87813526	1.3441952	0.5940231	-0.7174922
-2.1025012	-2.0153668	-1.3826034	-2.0302622	-1.0564464	-1.6486975	-1.2041291	-0.85474813	-1.5343828	-0.5443449
-1.6890457	-1.8728886	-1.0666541	-1.5966257	-0.34428066	-2.1444325	-1.4716367	-1.3125116	-1.5765135	-0.39800045
-1.3719811	-1.9710565	-0.8891337	-1.3420792	-0.6097405	-1.7481194	-2.2740748	-1.8346204	-2.106076	0.18044703
-0.87740797	-1.1903701	-0.8131496	-0.9082358	-2.4099967	-0.16341864	-1.0479662	-0.5638251	-1.1025007	-1.2799972
-0.75872236	-1.6124092	-0.3973181	-0.651398	-1.3778319	-1.4106177	-1.4178479	-0.59501046	-1.4266739	-0.8834415
-1.6746374	-1.7771698	-0.98558426	-1.6381413	-1.3477662	-1.2437592	-0.9245067	-0.5793133	-0.4740842	-0.86262393
1.86231	2.0201657	2.2079568	1.5404832	-0.7273987	1.7950372	2.1380827	2.1505034	1.3099476	-1.4049962
-1.6735269	-1.8847743	-1.0666437	-1.5342171	-0.0052569807	-1.7424996	-1.6525142	-0.7224148	-1.1559583	0.11352881
-0.9846701	-1.14538	-0.38326237	-0.9423986	0.23190472	-0.68150425	-0.80471677	-0.49850655	-1.7392832	-1.0728949
-1.2720456	-1.3577068	-0.9465853	-1.1941314	-1.579292	-1.608391	-1.5258716	-0.7023114	-0.6835291	-2.2200286
0.13145164	0.52782464	0.27001938	0.0049361438	-0.26293382	1.437647	0.70573294	1.1893898	1.2214497	-0.6991448
-0.8040224	-1.1178857	-0.31571028	-0.87533695	-0.45015603	-1.7594117	-1.7619414	-1.8573029	-2.4097686	-1.0346656
-1.7711529	-1.6666493	-0.9847721	-1.694619	0.75196755	-1.6056017	-1.7208183	-0.83027124	-1.8133848	0.8664689
-1.1900792	-1.1040597	-0.8367107	-1.1698319	-1.036827	-0.853406	-0.58955795	-0.51340216	-0.6533112	-0.9915811
1.5607797	1.104027	1.5246056	1.43247	1.675641	2.5723882	1.0672222	3.1914067	2.2491004	2.505148
-2.4975927	-2.312679	-1.5319171	-2.385506	-0.38861707	-2.8527136	-2.6724415	-2.2011292	-3.1943662	-0.6927508
-1.1931516	-1.3842411	-0.9334948	-1.1717794	-0.49970052	-0.40077466	-0.8143031	-0.29688153	-0.4697413	-0.9353023
-1.2465934	-1.3738697	-0.7149321	-1.2466578	-0.08033097	-0.7962242	-0.56492156	-0.007723438	-0.89793766	0.11038817
-0.46974653	-0.28633913	-0.40036693	-0.5178069	-0.7772042	-1.3827325	-0.994274	-0.19470425	-0.86304396	-1.4866455
-1.0675491	-1.2854128	-0.5851097	-1.0732117	-0.70742166	-0.7625902	-1.4373609	-1.2581066	-1.1039873	-0.9029151
-0.28036284	-0.46276337	0.19014667	-0.40454555	-0.71617234	-1.7745874	1.1490823	-0.70733947	-1.2686492	-0.0070052766
-0.9500345	-1.1908153	-0.5101627	-1.0314872	-1.6188852	-0.76885146	-0.34203732	0.26434916	-0.43699697	-1.471599
-0.8824498	-1.074004	-0.59778416	-0.87763274	-1.7451884	-2.6327112	-2.8020613	-2.494158	-3.081112	-2.1576333
0.24946937	-0.3441081	0.63027537	0.05846764	-1.8415747	0.034773685	-2.054849	1.0614147	-0.48167357	-1.7881873
-1.6518565	-1.9216942	-1.1426634	-1.5764544	-1.2616757	-1.6058401	-1.233371	-0.8651328	-1.2802075	-0.042991105
-1.4225802	-1.5313724	-0.8211007	-1.3575859	-1.1329373	-1.2574074	-1.719343	-0.76270515	-1.2137283	0.30834433
-1.2967265	-2.159093	-0.8547944	-1.3428975	-1.6270123	-0.4709215	-0.6974528	0.0040065683	-0.60589	-1.3428901
-1.3668743	-1.3973637	-0.9229994	-1.3581384	0.021157533	-1.4580271	-1.9113374	-0.92119145	-2.3721588	-0.9656408
-0.27800742	-0.8289912	0.0068100244	-0.3936655	-1.1539009	0.85389215	0.45228797	0.8494573	-0.22250244	-1.2680163
-2.063277	-2.0341983	-1.4455069	-2.0086973	-1.6828979	-1.5869721	-1.8514184	-1.1699764	-2.0920508	-1.6859404
-1.9286445	-1.6543047	-1.2740078	-1.8113188	1.5316069	-2.3683925	-0.9122735	-1.1673601	-1.3435897	1.5804787
-1.2920716	-1.5627202	-0.69694245	-1.253338	-1.3755994	-1.0134845	-1.547844	-0.22289546	-1.3409601	-1.490467
-2.4488637	-2.3798296	-1.6430031	-2.4160993	-2.1886053	-2.223678	-2.188839	-1.6171453	-1.9928248	-2.1995862
-0.90567845	-1.1283236	-0.5868982	-0.90474784	-0.5040091	-1.2531534	-0.5163526	-0.080447994	-0.3230171	0.5560274
-0.10257051	-0.75640154	0.32384184	-0.11027886	-1.1331476	0.26686284	-1.532371	1.2678217	-0.22109494	-1.7005086
-2.0211961	-1.984781	-1.3307669	-1.9100451	-0.28115457	-2.0630991	-2.5591748	-1.510017	-2.786153	-0.77790195
-1.3627152	-1.6476808	-0.9066601	-1.3540897	-0.5669917	-2.0663993	-1.5076379	-1.1957834	-1.6370573	-0.8753306
-2.1219866	-2.063332	-1.3360403	-2.066271	-0.50046813	-2.0435576	-1.9776884	-1.3028963	-2.318506	-0.95314807
-0.45358178	-0.8910872	-0.49338588	-0.62606424	-2.726312	-0.804838	-0.5151513	-0.67217577	-0.5505099	-2.2257953
-1.4531655	-1.3907043	-0.82480097	-1.3582051	1.6447781	-1.3776591	0.027883902	-1.4727044	-1.5093724	1.3339117
-0.5039327	-0.9628738	-0.024511993	-0.70138526	-2.1793404	-1.1085336	-1.8042076	-0.4931863	-1.5684448	-1.6571499
0.054134928	0.7176306	0.4325862	-0.19056763	-1.915567	-0.4210225	0.71743876	-0.09054546	-0.4905874	-1.319105
-1.8382958	-1.9125375	-1.234807	-1.6561494	1.0076307	-2.3511937	-2.1522584	-1.3105078	-1.2198658	0.42125827
0.97065514	1.6934261	1.2472221	0.7087742	-0.17431095	1.3949808	1.7261564	1.0241135	1.2507774	-0.878404
-1.4961461	-0.5429534	-1.1000504	-1.5244826	0.77633965	-1.5678257	-1.8952795	-0.6929667	-1.3607816	-0.69494164
-0.9379656	-1.4271853	-0.36172935	-1.0179088	-1.5404121	-1.1078961	-1.3859838	0.11873519	-2.0367832	-1.8272979
-2.220145	-2.2616248	-1.4066647	-2.1249464	-2.0448666	-2.1335354	-2.2603345	-1.7991201	-1.9953245	-1.6226351
-0.020665027	-0.47621366	-0.100492656	-0.12140693	-0.58665687	2.5639508	-0.6551945	1.6729989	2.0122733	0.03812836
-0.5709256	-1.0211283	-0.09341118	-0.61243933	-1.8555964	0.015011718	-0.13007054	-0.25950247	-0.35501543	-1.6386006
1.722437	1.9898746	1.6235974	1.585639	-0.15084526	1.2641855	4.9047413	0.82624483	0.98005867	2.5940032
-1.6496042	-2.1335328	-1.1822431	-1.569866	-3.4628744	-1.6830345	-1.952479	-1.0800563	-1.089861	-3.4932973
-1.5161892	-1.7933005	-1.0166079	-1.4669217	-1.2089729	-1.6518326	-1.4708478	-1.3990914	-1.4039012	-1.7023845
-0.9900705	-0.8916985	-0.79975617	-1.0461297	-0.6220182	-1.6553274	-1.2812779	-1.2394805	-2.360931	-0.5949004
-0.026579216	0.25673074	0.49850926	-0.14253145	-0.27652675	-0.3077536	2.241288	0.48776332	-0.51495886	-0.8582645
-1.679379	-1.725138	-1.1332897	-1.6322539	-1.4386517	-1.2006172	-1.0413827	-1.0165359	-1.9102409	-1.7297772
-2.1917453	-1.9383497	-1.3864447	-2.0711093	-0.7335651	-1.7718399	-1.8378499	-0.86821806	-1.3742436	-0.37561947
-0.8962479	-1.071988	-0.48936066	-0.96948224	-0.84557617	-2.0644124	-2.2540119	-0.97282076	-1.6493746	-1.6485871
-0.93675274	-1.4629774	-0.52764213	-1.0558146	-1.2621347	0.86994606	-0.6432842	0.26176003	0.4460014	-0.78262174
1.6895696	0.80795527	1.8980354	1.3561314	0.7399107	1.5415943	1.1546776	2.346806	1.7622356	0.004635716
-0.84017044	-0.7303996	-0.54560685	-0.95562047	-0.958375	-1.158981	-1.6886159	-0.8804721	-0.7920461	-0.39571172
-1.9315822	-1.3554039	-1.421879	-1.8509486	-0.52203	-1.7437047	-0.94597	-0.92110497	-3.5628488	0.48845828
-1.6235133	-1.704001	-1.007157	-1.5530394	-1.0609077	-1.7630041	-2.1663246	-1.1142778	-2.2015924	-1.0885789
-1.9581592	-2.290594	-1.3135831	-1.8391018	-0.28771004	-1.7048744	-1.6915475	-0.85886985	-2.7667456	-0.63110244
-1.8847221	-1.7126812	-1.2130436	-1.8842968	-2.1904387	-1.532767	-1.3084679	-1.3803781	-2.390701	-1.8222917
-2.5976183	-2.3702226	-1.6335149	-2.5139823	-1.4119226	-2.8996732	-2.8353248	-1.7952781	-2.9348967	-2.78846
-2.3407066	-2.261474	-1.4147271	-2.2813487	-1.4016789	-1.8029811	-2.6931562	-1.5150712	-1.647266	0.2268263
-0.47888392	-0.21645716	-0.050786644	-0.45390236	0.15374812	-0.9058895	-0.9773798	-2.0063388	-2.014062	0.8546249
1.4451144	1.8470018	1.5024234	1.2730207	0.5255233	0.9753893	2.911387	1.7922924	0.9400511	2.2257943
-1.4562578	-1.5574435	-0.94803774	-1.4132767	-0.17995074	-1.2111353	-0.87752527	-0.849819	-1.938558	1.7418556
-1.087176	-1.4254506	-0.64811206	-1.0703768	-1.8143216	-0.7788275	-1.4658011	-0.4676189	-0.727512	-0.81976235
-0.2648342	-0.9553416	0.07734117	-0.31819928	-0.3073979	0.42411718	-1.0176902	0.6642678	0.06848113	-1.2579169
1.3488141	0.63626766	1.6100855	1.1163259	-0.30482346	1.3706713	1.0373943	2.0400205	1.1321208	-0.47119817
-1.4817408	-1.4722762	-0.98347354	-1.4652861	-1.6297616	-1.3388097	-2.163615	-0.59820175	-2.2057261	-1.5884024
0.60191184	0.22221488	1.0446976	0.44908583	-1.1538552	0.92832875	0.8501184	1.2597774	0.8037325	-0.588779
-1.5182217	-1.7677134	-1.0178156	-1.4348264	-0.25799325	-1.5977108	-2.4432576	-1.2765908	-1.793436	-1.8051978
-0.72730285	0.20618016	-0.13303486	-0.79181266	-0.7127707	0.9897217	3.4271204	0.676501	0.6205155	-2.47532
-1.228716	-1.5978698	-0.70899594	-1.2908951	-1.766445	-1.8131928	-1.8436526	-0.9788293	-0.9071803	-0.9278759
-0.68996555	-0.8854945	-0.24899903	-0.81382555	-1.8141305	-0.8041728	-1.2681658	-0.5482661	-0.7064109	-1.1392756
-0.9380964	-1.078422	-0.58981156	-1.0175861	-0.912534	-0.87429625	-0.67054415	-0.5291635	-1.1719152	-1.1649536
-0.96824455	-1.255303	-0.5429468	-0.94132316	-1.3786527	0.35642895	1.8054541	0.50368077	-0.22991498	0.1699346
-0.45387092	-1.594621	-0.036396205	-0.48021156	-2.059136	-0.2798228	-1.6337082	0.10183775	0.16439447	-1.7175999
-0.72146964	-0.9447942	-0.1977224	-0.8478984	-0.43641216	-1.702662	-1.6181611	-1.2821052	-1.8244758	-0.6041175
0.42850855	0.4382122	0.62627673	0.2808658	-0.9803926	0.06381271	0.45358837	1.1388202	-0.3486034	0.2348225
-1.8405415	-2.0052438	-1.1475085	-1.8339081	-1.5358025	-1.3314471	-1.8960389	-1.2051601	-1.5638479	-1.6261128
-0.87219954	-1.1308594	-0.5935887	-0.9057872	-0.50166106	-1.0067507	-0.87395376	-0.9987621	-1.249077	0.9283069
0.9333679	0.7590269	0.93827105	0.6598059	-0.9180559	1.014314	-0.08812594	0.5854509	0.86000293	-1.2449784
-1.7479066	-1.8490087	-1.1812775	-1.6460407	-0.44875443	-1.7654088	-0.4731737	-1.6049035	-1.7003053	-1.284161
1.3193113	1.2202532	1.48737	1.052466	-1.7516376	0.8569017	0.05217129	1.3650304	0.6039226	-2.8611188
-1.8717215	-1.943205	-1.1914549	-1.8482069	-0.89699054	-2.0786252	-1.5725515	-1.1564215	-2.2706676	0.85793483
-2.2657864	-2.2328074	-1.527698	-2.138125	-1.5352249	-2.2906227	-2.0451288	-0.74587864	-1.7810371	-1.7806679
-0.5405161	-0.8753234	-0.2377109	-0.5889754	-0.82126844	-1.33813	-0.99355423	-0.3551545	-1.5480497	-0.6349451
-1.752396	-1.7876043	-1.1422453	-1.6621757	0.92904913	-2.1911128	-2.4185205	-1.1704096	-2.7908902	0.040457755
-0.04907278	1.2236198	0.068204135	-0.13544066	0.23673388	0.75430405	-0.68365246	-0.068895414	0.21656278	-0.2616084
0.36562636	-0.24288973	0.8729112	0.22435687	-1.1078715	0.12562539	-0.7297682	0.5706476	-0.12153393	-1.8568372
0.6385041	0.2535741	1.0942067	0.45308328	-1.3946723	-0.6855825	-1.5097176	0.1663597	-0.017697426	-1.4266933
-0.6339225	-0.98410416	-0.2531622	-0.72948647	-1.0300847	-0.48927796	-0.9358138	-0.28172812	-0.47202468	-0.51577294
-0.89790577	-1.1071287	-0.5078143	-0.93739414	-0.7685947	-0.11184019	0.36126912	-0.6972619	-0.9168728	0.9466434
-2.1442368	-2.010013	-1.4839271	-2.0085676	-1.6674862	-2.3803616	-2.0199199	-1.4340377	-2.9564075	-1.8575361
-1.7669015	-1.3428108	-1.1935984	-1.8236012	-1.358111	-1.7347925	-2.1780972	-1.141758	-2.3026636	-0.60913724
-1.4491721	-1.8996866	-0.9526198	-1.3764424	-1.0566158	-0.7410215	-1.6543881	-0.4539323	-1.0989407	-1.9953122
0.58088493	0.026718676	0.867066	0.43746698	-1.1170065	0.6791912	-0.6627425	1.1416858	0.35191104	-1.3297222
0.07720385	0.07819453	0.46220258	-0.032278314	-0.46146405	-0.9585447	-1.1997877	-0.07876795	-0.7345173	-1.5927128
-1.820796	-1.9219173	-1.2122985	-1.7491765	-1.4175456	-1.6020827	-1.5661087	-1.0223742	-1.7505107	-1.4191699
-1.4653406	-1.7080704	-0.9464872	-1.3699418	-0.54545075	-1.6650048	-1.5651329	-1.740876	-2.543195	-0.7018478
-1.403753	-1.5402014	-0.8051791	-1.4102426	-1.0841066	-1.6039239	-1.7760292	-0.8747286	-1.3845824	-1.0901134
1.6165707	0.61882937	1.9278376	1.2702795	-1.3422282	1.1412218	1.0656958	1.4477534	0.37863296	-0.05524047
1.6709777	2.4567893	1.5185784	1.368547	1.3550751	0.6621706	0.66198707	-0.14660923	0.2977009	0.89309824
-1.6128039	-1.8272707	-1.0412035	-1.6608968	-1.7359439	-0.84659	-0.65075487	-0.38457468	-0.97490907	-0.56189996
0.21983919	-0.20426548	0.69599265	0.002009049	-2.060121	-0.09795379	-0.2126858	0.9308895	-0.4426396	-2.450668
-2.0942736	-2.1008282	-1.3187093	-2.0161672	-0.30892256	-1.7021003	-1.2011822	-1.3095888	-0.6988233	-0.31411162
1.7347624	-0.5410417	2.2335467	1.4674485	-1.2611166	1.4537821	0.6382934	1.5248171	1.6503402	-0.5448274
-0.86678284	-1.431765	-0.30741975	-0.8667114	-0.19725952	-0.7461491	-1.310626	-1.314907	-0.02667531	-1.3704891
0.7229094	-0.12767798	1.2040541	0.49002075	-1.8422682	1.5281677	0.5142385	1.8253176	1.4198864	-1.7372645
-2.1711628	-2.4176793	-1.4104533	-2.107151	-3.0891273	-0.35946923	-2.6701572	-1.1640853	0.26572156	-2.616518
-1.8618734	-2.0396626	-1.209932	-1.7563121	-1.287288	-1.5288609	-1.9959795	-0.5647301	-1.0447621	-0.8583582
-1.3369838	-1.1899891	-0.8775737	-1.2616216	-0.8840078	-1.2146682	-1.173809	-1.3419739	-2.534068	1.9229594
-0.517647	-0.90522814	-0.1201399	-0.531555	-0.5430907	-0.59216505	-1.7496136	-0.5598927	-0.16047944	-0.15143886
-1.4114286	-1.5905131	-0.8821497	-1.3885653	-0.60559857	-1.7571089	-1.51013	-0.42673132	-1.2135261	-0.78708005
-0.60613614	-0.9953455	-0.07259801	-0.56736135	-0.034409404	-1.0742868	-1.4438974	-0.73766744	-1.0164812	0.3325517
-2.7307205	-2.4586027	-1.6682938	-2.5929956	-1.6393455	-2.3213253	-2.5409021	-1.580048	-2.284696	-1.4900949
-0.67492133	-0.50415695	-0.30918732	-0.77873456	-0.74992913	-1.0937508	-1.1778394	-0.50950545	-1.3647518	-0.6685657
-0.18163982	-0.47346944	0.3623745	-0.21560337	0.7354492	-0.19818397	0.89972496	-0.010967466	-0.35892156	1.2200588
-2.456628	-2.4234638	-1.7598822	-2.3468199	-1.991529	-2.7356193	-0.5497035	-1.3319962	-2.9662516	-3.8104184
-1.6689526	-1.9039109	-1.169691	-1.6386814	-2.1242602	-1.7118429	-2.2638738	-1.3313512	-2.027526	-1.9514301
-2.2010229	-2.1763396	-1.3616174	-1.9613081	-1.4109622	-1.809765	0.017337123	1.4308072	-1.8048283	0.16893376
0.5716839	1.3667849	0.72273433	0.37365	-0.8381778	-0.66442144	-1.1189799	-0.11792755	-0.5945299	-0.5756861
-1.5254822	-1.9086668	-1.1597711	-1.4837058	-2.2067761	-1.9671729	-1.8138503	-1.3894645	-2.4111912	-2.8217692
-1.8642995	-1.9653622	-1.246973	-1.7555156	-0.6177784	-0.8688642	-1.4986252	-0.9695472	-0.5977706	-1.7545818
-1.046939	-1.2102736	-0.47115156	-1.1151154	-2.122551	-1.0843742	-1.1334472	-0.35974705	-0.90192056	-1.1867222
-0.5614685	-1.3853239	-0.06898439	-0.66724735	-1.9909678	-1.3146352	-2.1427765	-0.9348006	-0.9740259	-3.1026602
-0.3485907	-0.14358875	-0.13761282	-0.3820042	-0.19761881	0.3052748	-0.4188604	-0.02591082	-0.0627287	-0.13173191
-2.014932	-2.0733445	-1.3211704	-1.9446967	-0.3244863	-2.0689256	-1.4772072	-0.66490805	-2.4449325	-1.592651
0.46161208	0.05801946	0.76363134	0.21501799	-1.8633214	0.5882565	1.3334959	1.370917	1.0986347	-1.3885652
-0.12293034	1.3119857	0.312452	-0.20536925	1.9222568	-1.0362501	-0.4266962	-0.25249612	-1.1559583	1.0988951
-0.49073538	-0.52131283	-0.28009954	-0.5995011	0.019001573	-0.5658283	-0.47022986	-0.22577132	-0.9988938	0.070214726
0.19986543	-1.1437219	0.35957572	0.10990153	-2.0556374	0.1260784	-1.0040077	-0.17669496	0.16419323	-3.4267874
0.8066347	0.100802094	1.0969292	0.69812727	-0.6117966	3.7817857	1.4480592	4.29501	2.9850452	0.22677918
-0.36272046	-0.81637704	-0.17167395	-0.48223072	-1.5154356	-2.2600448	-1.9097412	-1.175876	-0.8264768	-1.0024235
-0.1693128	-0.6436621	0.18959999	-0.25806105	-1.3580526	-0.17984313	-0.49653012	0.33337146	-0.9709835	-0.6539072
-1.1359867	-1.4049385	-0.7135289	-1.2622423	-2.1367357	-1.7959833	-2.1388679	-1.1432214	-0.75097054	-2.735143
-0.22821888	-0.8200071	0.13953933	-0.30099577	-0.8777169	0.6421104	2.2857933	1.3685926	-0.5153373	-1.0142792
-0.22145382	-0.5806545	0.13658652	-0.31977344	-1.7926539	-0.7937063	-0.9242445	-0.2497044	-0.59867656	-2.4199898
-0.4145433	-1.2892272	0.09309128	-0.58954895	-3.139265	-0.5415289	-0.471897	0.46246082	-0.6874862	-2.4446266
-1.8543831	-1.82214	-1.1894882	-1.7498059	0.82688606	-1.0064882	-1.5478404	-0.70755064	-1.8588202	1.9710197
-1.1104547	-1.504265	-0.5513177	-1.0254066	-1.0019023	-1.7605084	-1.819177	-1.1892068	-1.7739704	-1.0970011
-1.9917961	-1.5337454	-1.3678656	-1.9562953	-0.53020203	-2.2533252	-2.4996572	-1.2397584	-2.793875	-1.1831118
-2.6750886	-2.4086382	-1.6637645	-2.583311	-1.5293012	-2.325688	-1.4300026	0.23016503	-2.4863298	-1.5303141
-1.1585073	-0.583882	-0.9233972	-1.1484977	-1.0232977	-1.0941147	0.80485123	0.23947039	-0.39703417	-0.85404867
0.34517974	0.29609963	0.2924475	0.28677028	-1.066494	-0.15439104	-0.51303315	0.11460167	0.36502275	-1.4715575
-1.2276376	-1.4550984	-0.8772092	-1.23452	-0.75977504	-1.4282274	-1.2030463	-1.3257612	-1.9819967	-0.64478624
0.39932516	0.41906503	0.7697028	0.21228932	-1.68481	0.5351164	0.8583088	1.0454974	0.33923513	-1.9799409
0.66091377	-0.28405362	1.0654174	0.43038797	-2.3060803	0.32858154	-1.0420213	0.9411895	0.24707277	-1.8938937
-0.20770237	-0.66304004	0.097518355	-0.3313632	-1.0946866	0.24891886	-0.29428014	0.5183933	-0.26466483	-1.1777936
-1.829738	-2.1148963	-1.0912595	-1.8564521	-1.7311056	-1.850632	-1.7980318	-0.863958	-2.3036027	-2.2394006
-0.577882	-0.70458114	-0.47133717	-0.6767202	0.48908016	-1.1738634	-1.3349051	-0.783788	-0.79961365	-0.020234622
-0.24899307	-0.637198	0.11548046	-0.34382018	-1.3969233	-0.48989075	-0.90941334	0.2966308	-0.060742706	-1.3197763
0.39961997	1.885911	0.7307704	0.09983079	-1.073154	0.6497616	1.878806	1.0750551	0.6872156	-1.060574
-1.4641831	-0.6950348	-0.98315644	-1.4271818	-0.19062735	-1.1081045	-0.82776093	-0.32189393	-1.3762447	0.43349513
-2.4646332	-2.1266265	-1.6206113	-2.4294622	-1.11043	-2.4770632	-2.6375592	-2.389339	-2.924169	-1.6884007
0.5739207	-0.16165358	1.1504204	0.42165118	-1.1644868	0.10268152	-0.862078	0.6414187	0.12380908	-1.8857267
0.24925822	0.10426101	0.5407448	-0.0069787353	-1.5958833	-0.31145847	0.4175203	-0.28095204	-0.92402196	-1.1642034
-1.261768	-1.403529	-0.86458814	-1.1972033	-0.60577554	-1.1121343	-1.1911187	-0.65330315	-1.9122574	0.76613873
-0.00024876744	0.18027902	0.2667195	-0.15160991	-0.84821534	0.5834727	0.4782247	1.3789865	0.38553634	-1.8066634
-1.2853856	-1.7376106	-0.8085015	-1.3394264	-0.9479277	-2.2328167	-2.0896893	-1.1975695	-1.8074929	-1.0423514
-0.90807354	-0.8743082	-0.57076657	-0.9290808	-0.8855516	-0.94517756	-0.37804	-0.587073	-1.1464039	-0.63300604
-0.6135631	-0.66219854	-0.32619956	-0.58071613	-0.0969179	-0.693112	-0.3108354	-0.48120123	-0.65667903	-0.68890595
-1.3670281	-1.6475573	-1.0910642	-1.264472	-2.3657744	-1.2537973	-1.3893822	-0.9659117	-0.6571481	-3.147373
0.07240134	-0.9139819	0.2590265	-0.051221266	-2.2724905	-0.04723192	-1.0132945	-0.31108284	0.049845383	-1.7217867
-1.7641538	-2.3616495	-1.2456119	-1.5944785	-2.4728193	-0.11857791	-1.817529	-0.4793169	-0.6359505	-2.491265
-2.2341201	-2.3464668	-1.481953	-2.1309283	-2.1283138	-1.6669543	-1.915489	-2.1022956	-1.9335659	-1.9001023
-1.3533973	-0.45091137	-1.0754793	-1.4076883	0.03900957	-1.3080969	-1.0909275	-1.2971151	-0.9082926	-2.8699846
0.32190168	-0.20011628	0.9703649	0.2698115	-0.08228192	1.0302372	-0.08391064	1.7104235	0.17171758	-0.49152768
-0.116177894	-0.11220136	-0.027826697	-0.24961348	-1.1193148	-0.47408926	-1.2827995	-1.4545937	-0.2332133	-1.6225454
-0.16002122	-0.5629947	0.0174485	-0.3355133	-1.8773249	0.8619396	-0.9933475	0.64036596	0.43383178	-2.0229616
-0.5250565	0.2873434	0.04828614	-0.62183213	-0.3372796	-0.48649558	0.3208912	-0.5863134	-1.284696	-0.17515032
1.3548161	0.08873576	1.7304306	1.1436027	-0.73868036	0.15434007	0.6098014	0.62808216	0.91555023	-0.15263851
-0.8206269	-1.3671787	-0.3923439	-0.83242226	-1.0638301	-0.8024644	-1.5320871	-0.6344779	-1.5474731	-1.0760497
-1.2585896	-1.8890655	-0.867054	-1.2617604	0.1570693	-1.8374289	-1.5051714	-1.1347452	-2.150296	0.05157495
-2.0799491	-2.053541	-1.289998	-1.9438417	-0.7588522	-2.8940442	-3.039053	-1.4300311	-1.7437441	-1.2003
-2.5624545	-2.5069528	-1.7534345	-2.4652638	-2.2802517	-1.997274	-1.8915617	-1.267372	-1.6638861	-1.5932349
0.21073863	0.008686975	0.6373808	0.08433081	-0.43505028	0.25392038	-0.24236965	0.8954097	0.059134275	-0.49912158
-2.0936162	-2.1151621	-1.4131794	-1.9798687	-0.663684	-2.294425	-1.4726468	-0.77470094	-1.3970342	-0.2080909
0.45133278	0.38480148	0.83316267	0.18031771	-1.6472291	0.869553	1.8869239	1.206443	0.6996934	-1.2029607
-2.032411	-2.1288266	-1.2305194	-2.0596254	-2.6488934	-1.703687	-2.8364527	-0.5018597	-1.2299076	-2.982622
2.0073018	1.8840089	2.104957	1.8286929	0.6183988	1.1874619	1.2971522	1.6524398	1.2778996	-0.1933187
-2.1942585	-2.0278194	-1.3473088	-2.000778	-0.5933682	-1.7784153	-2.2556043	-1.3786869	-1.7463682	-0.99631804
2.9236567	-0.86161935	2.5325732	2.6511679	-0.47275153	0.19848134	-0.97302663	0.4397754	0.020422604	0.09527115
0.21727261	0.68640435	0.36972138	0.08821942	0.36658165	-0.005125798	-1.5756394	-0.011008372	-0.16411754	1.3020109
-0.22698358	-0.39358783	-0.12682313	-0.2953487	-0.19222894	-1.7947483	-2.0341358	-1.4457446	-1.284696	-1.6575644
-2.239938	-2.103844	-1.2830039	-2.22052	-1.7128148	-2.5318913	-2.5232627	-1.5391884	-1.5256946	-2.036677
0.037207074	-0.19989227	0.3729035	0.028291956	1.4137266	0.6131588	0.7436861	0.98891693	0.18443424	3.8709724
-1.0153167	-0.18452436	-0.68296564	-0.9849548	1.0207758	-0.9111615	-0.08116158	-0.5415765	-0.7533689	2.1018903
-1.7239394	-2.0876918	-1.1541582	-1.7190168	-2.1237156	-1.7318112	-2.0961378	-1.1669328	-1.0456935	-1.5247219
-0.3183751	-0.8129145	0.27643672	-0.42005587	-1.7265047	-0.40324524	-0.55032176	0.6877203	-0.4173102	-2.013095
-1.3644484	-1.0114231	-1.053817	-1.3094249	-0.9368	-0.7563282	-0.65408653	-1.0665365	-0.3982151	-1.0942767
-1.0481155	-0.88395154	-0.7771121	-1.0679113	-1.0121948	-0.36172616	-0.025792966	-0.38728413	-0.4376876	0.19782947
-1.1472942	-0.9158317	-0.7139361	-1.0270633	-0.3239085	-0.69376427	-1.4492385	-0.34485412	-0.29192704	-0.0578863
0.4740303	-0.37431538	0.6249757	0.35172963	0.36469433	0.55772525	-0.8525177	0.44483212	0.49504918	1.2470896
-1.7854443	-2.0087016	-1.202872	-1.6711388	-1.4388406	-2.0496948	-2.4748466	-0.8317242	-2.4543042	-1.3488488
-0.9509628	-1.4329172	-0.5153402	-0.8973721	-0.54709613	-0.6086812	-1.1738914	0.012729604	-0.7303976	-0.60322773
-1.5012907	-1.8070906	-1.0505	-1.4311755	-2.3541772	-1.7876756	-2.1389456	-1.2425927	-2.2761989	-1.5314133
-1.561216	-1.7803909	-1.1042519	-1.4532554	-1.9636949	-1.4697229	-2.3419785	-1.0416532	-1.1769766	-1.285345
-1.3682466	-1.5475616	-0.8134705	-1.3212595	-1.7952999	-1.0195758	-2.4046855	-0.8553452	-1.0069734	-2.5018847
-1.3434023	-2.3059807	-0.74458754	-1.3578594	-3.3201356	-0.98436064	-2.1536689	-0.369344	-1.0432256	-2.2713404
-0.9863105	-1.326568	-0.46657315	-1.1284021	-2.1616082	-1.4920365	-1.6565043	-0.8244302	-1.6700338	-2.4537673
-1.5462589	-1.7520316	-0.980549	-1.445657	-1.6024694	-1.6459585	-1.0198157	-0.71425855	-1.3840365	-2.8157222
-1.2259744	-1.3392029	-0.84175074	-1.1127387	1.1797853	-1.9453915	-2.048929	-1.4166555	-0.9989469	2.4889457
0.24100935	0.32265225	0.85754085	0.031951383	-1.5882485	0.77208716	-0.36834463	1.3539312	0.75173676	-1.5348359
-1.8219754	-1.885961	-1.1822468	-1.7675501	-1.2765809	-2.0343373	-1.2072347	-1.0483118	-2.070581	-0.99037147
-1.2540841	-1.6371131	-0.83240676	-1.322459	-0.38229778	-1.4637692	-2.4589958	-1.1977153	-1.1762793	-0.88104093
-1.4079884	-1.5293472	-0.77679896	-1.4077536	-0.08042863	-2.5101726	-2.281898	-1.0312735	-2.5119479	0.10598075
-0.75210494	-0.89251804	-0.4403511	-0.76679134	-0.7119131	-1.3496448	-1.7427984	-0.42074865	-0.21986574	-1.0940486
-2.0310185	-2.1137915	-1.2256497	-2.0431228	-1.5103883	-1.1226373	-1.6809863	0.0895193	-1.0126123	-0.18443577
0.6033396	0.32676068	0.9160247	0.44939202	-0.092048496	-0.09290764	-1.0254598	-0.053802628	-1.4221995	0.14993398
-1.4226582	-1.7460577	-0.88558817	-1.2226955	-0.7673166	-0.6744581	-0.18619627	-1.0825368	-0.5475049	-1.2209533
-0.7356138	-1.3320087	-0.3565993	-0.7824708	-1.4155464	-1.4477497	-1.6333855	-0.9926013	-1.5604142	-0.40824792
-2.7436295	-2.1758475	-1.9676821	-2.6050966	-1.1568003	-1.5379082	0.46028063	0.24576345	-1.5799568	-1.7057812
-1.341624	-1.4614246	-0.38683423	-1.5211552	-2.634963	-1.498545	-1.2575951	-0.26859063	-1.0943348	-0.85424656
-0.76678073	-1.342083	-0.23190871	-0.8602605	-2.363712	-0.31325722	-0.89577407	0.08075406	-1.2198658	-2.230263
-1.1898367	-0.9234772	-0.68519425	-1.2465111	0.80664384	-0.98389494	0.80235064	-0.34617335	-1.1293005	-0.6088362
-0.28945228	0.11091903	-0.10315052	-0.45671815	-0.10949066	-1.032314	0.23499997	-1.0407834	-0.622969	0.87353
-1.7779253	-1.8642772	-1.1196771	-1.6966677	-0.30983773	-1.7149204	-1.8330468	-1.0122284	-1.574209	-0.8430716
-1.8833265	-2.1064444	-1.2156532	-1.7406011	-1.7323177	-1.552667	-1.6277025	-0.6490625	-0.45979962	0.9932458
-1.7607476	-2.0642083	-1.147142	-1.7453231	-1.9098572	-2.446848	-1.4504666	-0.78225905	-3.3897908	-1.9279159
-0.9400317	-1.5142813	-0.60343325	-0.9029255	-1.9773256	-1.4958595	-1.2734876	-1.1982347	-1.8407514	-1.3454238
-1.9642546	-1.3291059	-1.6018434	-1.8821857	-1.9003652	1.1619886	0.6289819	-0.44555777	0.89369565	-1.9983345
1.1174284	2.0346885	1.0570687	0.75964916	-0.314759	1.5871458	2.1117876	1.3467915	1.3330954	-0.2931136
-0.845359	-0.9261347	-0.317381	-0.9314281	-1.5874742	-1.1495826	-1.8850952	-1.2826655	-0.19437362	-1.3172162
-2.3456054	-2.2253685	-1.4884188	-2.222615	-0.05910787	-1.5911318	-1.9353532	-1.0721046	-1.8372433	0.99654996
-2.1068017	-2.0830264	-1.3643478	-1.9800547	-1.4709251	-1.764147	-2.3435245	-1.3588307	-2.484851	-0.92439514
-1.4855527	-0.9660461	-0.9845674	-1.4539242	-0.4219617	-0.9928922	-0.754266	-1.0720695	-1.4350175	-0.317129
-1.6892366	-1.786015	-1.0800022	-1.6351709	-1.1785551	-1.8227551	0.98081124	-1.1258813	-1.5447621	-2.8778272
-0.9838124	-1.1453023	-0.28637233	-1.104696	-0.9626546	-0.87869936	-1.4687536	-0.31246766	-0.94610286	-0.60839164
0.8829178	0.47956917	1.1889678	0.5927035	-1.5124835	0.6241208	0.016185801	1.0519902	0.34884366	-1.7393978
-0.22671607	-0.52424335	-0.002719447	-0.41345137	-2.8093972	-1.2608261	-1.0509375	-0.6619551	-1.2864783	-3.1404288
0.24392551	-0.9598061	0.6332333	0.17048104	-0.63532436	-0.41840532	-1.49223	-0.14685015	-0.8697812	-0.9257043
-1.1058306	-1.2988027	-0.6406654	-1.1050301	-1.5174996	-0.7141179	-1.3702767	-0.35846835	-1.1760811	-0.93053263
1.5237308	1.2076957	1.9455826	1.1963066	-0.7389811	1.8507485	2.0392864	3.1693108	1.68867	-0.80660135
0.21285456	0.2519482	0.65210056	0.03713332	-0.9201219	-0.41787496	0.09101047	0.4247587	-0.7745835	-2.0476758
-1.5844135	-1.7071244	-1.0489777	-1.5103834	-0.8438201	-1.2051119	-1.2320284	-1.3722646	-0.6589597	-1.0041327
-1.9811988	-2.0075011	-1.297604	-1.9286387	-0.7270294	-1.9493963	-2.1412215	-1.8256972	-2.2167394	0.08254722
0.7002476	0.853737	1.0955855	0.52305895	-0.7342503	1.8055795	1.3232985	2.426536	1.286317	-0.53279537
-0.91826093	-1.068092	-0.4171879	-0.86815274	-0.2535866	-0.6115102	-0.64732707	0.043166958	-0.24468279	0.6629255
0.08430927	1.2030181	0.37490237	-0.102040775	0.36755016	0.6799172	3.331623	1.673615	0.34153265	-0.80739796
-0.56071234	0.2308549	-0.0024856925	-0.6849372	-0.7773988	-0.87954926	0.20584473	-0.73591757	-0.65408224	-1.8763369
-1.6389872	-1.5962098	-1.1260611	-1.5867028	-0.2941974	-0.8851786	-2.0413113	-1.0000217	-0.59292835	-1.103131
0.7793637	0.88322973	0.8136562	0.5777812	-1.0542568	0.58109397	1.2642572	0.9154041	0.40125662	-0.23955256
-2.3284006	-2.2006555	-1.5258429	-2.2903397	-1.9006133	-2.630537	-2.1780992	-1.4100186	-2.937673	-1.71405
-1.4100881	-1.6682166	-0.93040764	-1.4505771	-1.6620207	-1.8291305	-2.0792062	-1.4155796	-1.0475591	-1.3859311
-1.2697086	-1.320227	-0.7541373	-1.2675258	-0.9499817	-1.310472	-0.7948633	-0.4345426	-1.7344389	-1.3649206
-1.1019313	-1.3465681	-0.6100656	-1.1404798	-1.5956059	-0.43073717	-1.0680797	0.11775786	-0.5954297	-1.47921
-0.14300516	-0.46263564	0.09549293	-0.26312208	-0.80032384	-0.28846812	-0.6958169	-0.28386253	-0.2728386	-1.2998427
-0.26587087	-0.78983843	0.32422456	-0.38976693	-1.9589425	-0.18382801	-0.6369316	0.5200909	-0.8001681	-1.3459967
1.1639587	0.72463596	1.5904676	1.0174595	-0.22336368	0.29315972	0.10440016	0.56263685	0.17842247	-1.1554924
-1.9732735	-2.1181889	-1.3413473	-1.8953884	-1.2827133	-1.296297	-1.3235152	-1.5792838	-2.4082925	-1.3990439
-0.34733573	-0.1630499	0.036401898	-0.3046437	0.8423259	-0.6990619	-0.12721388	-0.43089676	-0.9367727	-0.58274835
-2.4423964	-2.372725	-1.5783598	-2.3244185	-1.1495401	-2.180771	-0.5352039	-0.6769549	-0.6997335	0.23899905
1.3897641	2.33401	1.2849206	1.0680528	1.4657373	1.3241303	1.1858792	0.48556322	1.3326817	1.5754749
-1.5330647	0.32396093	-1.1223477	-1.610753	-0.5818659	-1.1320403	2.358117	-0.67824984	-0.55257744	-0.82597804
-1.7241834	-1.8783575	-1.1318874	-1.6690519	-1.1755694	-1.7839528	-2.2319114	-0.9958573	-1.9568068	-1.0493516
-1.4425268	-1.3588383	-1.063361	-1.3854914	-0.4544418	-1.9612423	-1.7208792	-1.0443592	-2.2882183	-0.57368857
-0.6060336	-1.308055	-0.4881988	-0.70699406	-2.0090754	-0.87182766	-1.0366706	-0.6064863	-0.8436554	-1.7445396
-0.32681563	-0.5579488	-0.010610312	-0.31594425	-1.0408745	-0.068723336	-0.8009371	0.85614073	0.03382027	-1.6312084
1.4775792	1.9534404	1.7537271	1.1692467	-0.7247861	1.3564668	2.24674	1.3497826	0.69760543	-0.95152223
0.24320188	-0.55689204	0.6493068	0.061426505	-2.2304683	0.14657412	-0.47724396	0.62428445	-0.25392073	-1.6643524
-1.008552	-1.0879762	-0.53215945	-0.9133164	1.1342798	-0.6056581	-0.83074296	-0.72178185	-1.197972	1.580063
-0.6546709	-1.3020208	-0.5364553	-0.74186003	-1.2216365	-1.2405558	-1.7679013	-0.66997683	-0.9974733	-2.2183418
-1.216958	-1.3518254	-0.7131195	-1.1978383	0.7865436	-0.18543205	-0.83227587	-0.3596873	-0.5127798	0.066087775
0.46557674	0.20912269	0.35209504	0.31484246	-0.006748736	1.5179259	0.27217954	1.0084547	0.86956716	0.073240764
1.1908715	0.041043967	1.5532819	1.0387406	-0.4284596	-0.6655245	-0.6019915	-0.45935434	-1.150832	-1.5691612
-2.0589967	-2.2429068	-1.3456074	-1.9425592	-1.9130934	-2.0550165	-2.0086	-1.2181789	-2.146404	0.7835179
2.2980745	3.0189488	2.1085525	1.8540444	1.1160555	2.1673708	4.2880206	2.3954375	1.8862718	0.9504861
-2.0139868	-2.1081252	-1.3628988	-1.9154592	-1.5645326	-2.5127258	-2.1909842	-1.7640495	-1.9594473	-2.097608
0.7781337	-0.1352371	0.6707411	0.598672	-2.188135	1.6547308	-0.34197545	0.98786044	1.8435669	-1.6446067
-1.2280366	-1.4479051	-0.7457205	-1.1405188	-0.9100604	-0.8650609	-1.6243657	-0.6912471	-1.0644149	-0.48405394
-2.1802018	-2.1326165	-1.4055778	-2.0278382	-0.56395316	-2.2933187	-2.1006315	-1.6914504	-2.5901887	-1.2349964
-0.47967324	-0.5619184	-0.14838764	-0.59888107	-0.5890064	-0.40585706	-2.0333886	-0.23479244	-0.69903666	-1.4479098
-2.0343482	-1.3131473	-1.370096	-1.971467	0.44448116	-2.1373916	-1.2614964	-1.5823458	-2.9472702	0.5762982
-1.590585	-1.4731203	-1.017477	-1.5189481	0.41783473	-2.0900075	-2.3177574	-1.5014383	-2.1094766	-0.6970758
-0.9386745	-1.7559869	-0.26768878	-0.9635565	-1.8223958	-1.2787715	-2.1389072	-0.22827144	-1.7003989	-2.02285
0.7234353	-0.5628444	1.1247644	0.5070641	-1.675107	-0.16998444	-1.0413889	0.5257913	-0.088019125	-2.0988793
-2.239092	-2.2183316	-1.4178551	-2.1631896	-0.8498101	-1.9876298	-2.3834796	-1.5758853	-1.7760103	-0.35453004
-0.6688602	-1.1509619	-0.27644876	-0.8005979	-1.9185736	0.2424697	-0.76591855	0.89552504	-1.1135138	-0.83566815
1.6056054	1.102857	1.9969921	1.3075247	-0.57551783	1.6281638	1.1451128	2.023649	1.4165324	-0.3659986
0.067524396	-0.62578917	0.5216166	-0.07141414	-2.0439403	0.30003974	-0.50340515	1.0110205	0.14250925	-2.7640667
-1.5535762	-2.0242712	-1.0174059	-1.5443561	-0.80214393	-1.6610711	-1.5212395	-0.96305335	-1.4000965	-0.68891805
-0.10042661	-0.7371838	0.3061546	-0.21046935	-0.99784446	-0.429111	-0.69667226	-0.6130502	-0.60283697	-1.5503991
0.33464795	-0.01859945	0.6370861	0.20454578	-0.8025463	1.4157062	0.908176	2.0761247	0.8181504	-1.9259472
-0.01453153	-0.47642696	0.449056	-0.045913264	-1.2728212	0.46105775	-0.7333141	1.0875365	0.6038709	-1.4251827
-0.7120655	-1.5831077	-0.48874018	-0.68128335	-1.654868	-0.87886405	-0.5586048	-0.42051676	-1.0440173	-1.2749182
0.39625826	1.6937265	0.77777123	0.24415295	0.64840305	-0.33673126	3.5621865	0.10474695	-0.47415468	1.9774146
-1.9045976	-1.9283764	-1.2953248	-1.9069494	-1.5441025	-2.1260977	-1.8506174	-1.6160945	-2.682733	-1.4302636
-1.368467	-1.7518741	-0.72738206	-1.2891672	-0.45796007	-2.149435	-1.0470288	-0.31380224	-2.148415	1.4279852
-0.88964736	-1.2462438	-0.44217226	-0.90039647	-0.96744037	-0.1194491	-0.3747112	0.0059350124	-0.13905227	-0.7422939
-1.5515367	-1.7854046	-0.9373003	-1.5645225	-0.67246926	-1.1212698	-1.4186786	-0.81277823	-1.8579817	-0.6307958
-1.5783447	-1.6856335	-1.040001	-1.4610325	-0.673844	-2.0371184	-0.76378536	-1.0924491	-1.318506	-0.99822426
0.89061254	0.42557463	1.3270165	0.7063055	-0.7673731	0.6887963	0.2632375	1.1625614	1.3097388	-0.25728023
-1.283112	-1.6889714	-0.8080045	-1.270589	-1.6997099	-0.61043847	-1.3125938	-0.20694669	-0.43270767	-0.9722647
0.6725978	0.1540432	1.0878834	0.49894148	-0.6785268	0.8099791	-0.115595855	1.2435054	0.6891613	-1.2284667
-2.180681	-1.8180054	-1.5759774	-2.1752846	-1.3122673	-1.5603975	-1.0878131	-0.61640114	-1.3125285	-1.3915262
-2.1780126	-2.0613716	-1.3562918	-2.0420828	-1.0691746	-2.2935803	-2.467211	-1.0723001	-2.439323	-1.6044505
-1.776544	-1.8602438	-1.1884406	-1.7190479	-0.6109897	-1.7966963	-1.8605257	-1.2869859	-1.7331856	-0.28146198
0.6330651	0.47752097	0.93049383	0.44163376	-1.7467009	0.8050851	-0.38196617	1.2615439	0.55737615	-3.040274
-2.384389	-2.2067811	-1.4796435	-2.2308686	-1.3508027	-1.8450933	-1.8037832	-1.7705137	-2.2770963	-1.6705766
1.149576	1.0037509	1.4654216	0.93094516	-1.2560524	1.6248076	2.392613	1.5334241	1.7381314	-0.27682164
-1.6071044	-1.5893171	-0.97707677	-1.5366833	0.03306088	-0.7612861	-1.4858621	-0.17063561	-0.7709059	-0.4314638
0.21855676	0.068273574	0.5258945	0.022889182	-1.3358933	-0.77644014	-0.009694885	-0.1757155	-0.6989596	-1.1011426
0.9239071	0.24698004	1.328251	0.73162556	-0.6164597	1.1770183	0.59241617	1.60682	0.8369267	-0.07960425
-1.5227466	-1.7282512	-1.0081575	-1.4236742	-0.5380847	-1.782205	-0.4055939	-0.70265645	-1.7692546	-0.674388
0.45683798	0.3766652	1.065002	0.45431077	0.21745786	-0.55612475	-0.20706184	0.23534662	-1.2396615	-1.6042633
-0.1116674	-0.5311161	0.2504098	-0.21911569	-1.3063837	0.6313772	-0.09901511	1.0702355	0.08746518	-1.0379218
-1.1784378	1.0910935	-0.44209	-1.2380133	-0.121573865	-2.124594	0.28109914	-1.4730004	-3.4304569	0.89396787
-1.1244766	-1.0193185	-0.7549093	-1.2508653	-1.4764606	-0.5147954	-1.3620315	0.11167789	-1.4829001	-0.9646084
0.76631325	0.86272776	1.3464353	0.5767252	-0.8847642	0.589609	0.38617456	1.0820642	0.2675584	-1.582989
1.7535315	0.69575214	2.1028674	1.4483662	-0.4801876	1.3805819	0.6580117	1.5615199	0.75648576	-0.3514019
0.5231535	-0.14485167	0.94601583	0.36472774	-1.650873	0.18412189	-0.72095996	0.75574315	0.1032016	-2.321684
1.2186736	1.6742353	2.046699	1.0066338	0.023133904	1.7520359	1.9126551	2.5982304	1.658381	-0.4542029
0.1510835	0.810778	0.41267642	-0.09724268	-0.4117021	0.39967692	1.5889609	0.01575579	-1.8486034	-0.52090466
-0.9447874	-1.2455056	-0.65375185	-0.8874467	-0.6433382	-0.6761482	-0.584822	0.16201891	-0.8454133	0.18357457
1.9504417	2.7648818	1.7419897	1.642547	-0.22812024	3.038052	4.8696733	2.8213263	2.5135624	-0.29134613
-0.7947419	-0.4578827	-0.34417686	-0.8993169	-0.006494373	-0.6605527	0.3705331	-0.14385335	-0.9991882	1.2552389
0.3468259	-0.4865063	0.7224114	0.21036987	-1.4987851	0.7479983	-0.87544364	1.0072728	0.942912	-1.2032161
1.0788705	1.4433317	1.5838121	0.8292203	-0.9790751	0.7770775	1.9384934	1.2528121	0.93377817	-1.5919737
-1.2223824	-1.4661455	-0.64085996	-1.1418135	-0.34352016	-1.5117863	-2.158848	-1.0963242	-1.4918246	-0.2976484
0.20030022	-0.21824816	0.6500039	0.018272564	-0.89283156	0.25988066	0.056390345	0.47011867	-0.13504824	0.31396547
-1.5372455	-1.7691736	-0.9310937	-1.6223462	-2.3030765	-0.9568355	-1.1994916	-0.33880198	-1.0930847	-2.3117607
-2.1717582	-2.0851512	-1.3739487	-2.1162155	-0.5247487	-2.4908457	-2.430821	-1.4098868	-2.5700347	-0.84308517
0.014032938	-0.27471825	0.37566036	-0.19385117	-1.1466464	0.2785543	-0.10648973	0.6788266	-0.20585851	-2.2216482
0.5377752	-0.033863097	0.7869295	0.43135196	-1.7801422	0.00034298917	0.50270987	0.5335847	0.07015326	-1.1151819
-1.3165268	-1.5666943	-0.8020414	-1.2436721	-1.215066	-1.0196807	-1.3279945	-1.3689208	-1.9482634	-1.9143363
0.56353694	0.016524255	1.0130708	0.36263216	-1.871046	0.0070852353	-0.14956452	0.69847196	-0.72634625	-1.8229789
-0.93998796	-1.3388929	-0.49969807	-0.9815326	-1.7394944	-1.4208336	-1.7257463	-0.7499166	-1.3180944	-1.5811516
0.3423271	0.37094507	1.1313851	0.24794687	-0.6821045	0.22543989	0.07043415	1.0151529	-0.8228028	-1.5786077
0.084397204	-0.27998534	0.6321959	-0.05843	-1.5040659	-0.4141951	-0.83584696	0.4297129	-0.4875358	-2.0252552
0.16057	-1.052182	0.5174614	0.022526518	-0.062781006	0.527899	-0.5107787	0.59815073	0.4892522	-0.115314096
-1.9096111	-2.0433278	-1.2742755	-1.8261385	0.017388016	-0.8212778	-0.84167385	-0.723414	-0.5109418	2.427297
0.3083722	0.5276208	0.82932615	0.101788655	-0.6457187	-0.05371821	0.17179476	0.41664124	0.30036846	-1.49892
1.5450667	1.1228918	1.8938785	1.2442323	0.045686543	1.2399943	0.67240393	1.5916374	1.3005242	0.27440584
-0.6081046	-0.7423234	-0.20286635	-0.6950214	-0.87991047	-1.0444616	-1.8158343	-0.71908224	-1.4048326	-0.52601707
-1.6048728	-1.4983312	-0.877012	-1.4275991	2.4744642	-1.6531357	-1.3181988	-0.9639322	-1.5702761	1.5032641
1.576595	1.0189457	1.6370589	1.2111858	0.031589627	2.2136264	1.3264062	1.809465	1.7750341	1.2636935
-0.72801554	-1.1515628	-0.31031427	-0.6556056	-0.6335467	-0.71371937	-1.5052497	-0.3764273	-0.84941304	-1.2767335
0.816483	0.64839137	1.309415	0.6198331	-0.6232055	-0.039336532	0.20457166	0.91334647	0.012172598	-0.14210163
-0.060581	-0.107838556	0.1958986	-0.23849326	-1.5065407	-0.09431229	0.00993441	0.48361444	0.101661146	-1.3236876
0.48067585	0.45609763	0.52319956	0.19697694	-1.0120562	2.4417489	1.0065643	1.5077125	1.9262326	-1.3209693
-1.7609507	-1.8999953	-1.2372317	-1.7102134	-1.7837971	-1.6067048	-1.3292658	-0.89439887	-1.2085495	-0.9644817
-1.0742491	-1.2238106	-0.5178031	-1.077412	-0.39569685	-0.66080153	-1.80003	-0.3503827	-0.72287333	-0.95819956
-1.6692067	-1.8405298	-1.0600302	-1.53268	-0.591905	-1.2820047	-1.728907	-0.8327837	-0.88483924	-1.0738491
-1.7602712	-1.8234565	-0.9780034	-1.610111	-0.7003873	-1.9739032	-2.030182	-1.4931716	-1.8282824	-0.7524764
-2.326709	-2.2196841	-1.4798222	-2.2029328	-1.4291881	-0.931196	-1.8568159	-0.9487613	-1.4798131	-0.9636449
-0.43031886	-1.5190238	-0.20125723	-0.5204305	-0.34496328	0.43697003	-1.0471587	0.2555499	1.0703875	-0.46919945
0.11676081	-0.4541863	0.7685988	-0.0027478486	-0.93500364	0.60759044	-0.33023202	0.91268516	1.2477192	-0.052724753
-1.4069892	-1.5779412	-0.8086189	-1.4434654	-0.7886923	-1.9095807	-2.419459	-2.2263567	-2.2839246	-2.0237365
-0.31671512	1.0104028	-0.6192888	-0.60010695	0.5852492	-1.0515457	2.570427	-0.54648703	-0.4503347	1.3295408
0.9001536	0.13967744	1.1420234	0.6821157	0.5498588	2.2782445	1.0267175	2.046066	1.9457846	-0.24530198
-0.033922173	1.4663448	0.7420939	-0.2686398	-0.32117692	1.2301601	1.424599	1.5662328	1.182567	-1.2776965
0.36419716	-0.59910566	0.77430284	0.22172163	-1.7514336	0.06940475	-1.2111794	0.37899047	-0.25897768	-1.8612101
0.71638614	0.5619546	1.307287	0.5212121	-1.5177974	1.1151606	0.61093956	1.3469445	1.1968834	-1.2312107
-0.0015748739	-0.5918545	0.36255535	-0.1692175	-0.69101816	0.32075438	-0.52092737	0.71090543	0.41054234	-0.5702059
-0.8666614	-1.4185667	-0.5292916	-0.72987443	-1.1469252	-1.2336212	-1.0312217	-0.40156043	-0.66384196	0.08625711
-2.30886	-2.3689435	-1.4866669	-2.179065	-2.4122303	-1.8396108	-2.0428283	-1.2124034	-1.1491446	-2.4861498
-0.67888236	-0.97076976	-0.32016876	-0.7231498	-0.88994026	-0.56069493	-0.51810944	0.099318475	-1.131034	-0.02019071
-1.2334454	-1.5876572	-0.7637472	-1.1826147	-0.0914869	-0.22868489	-1.4273846	-0.34502977	-0.23608842	-0.53011376
0.951428	3.6921763	1.2889705	0.70118624	2.4181433	1.8711535	3.489053	1.6648585	1.9304498	1.1160493
-0.25119296	0.61088955	-0.10626456	-0.34123218	0.117813855	-0.9444772	-0.777999	0.6128853	0.4522696	-0.3902895
-0.11025986	-0.3137089	0.24416554	-0.33008757	-2.2487433	0.7635713	1.0808629	0.93878454	0.45431638	-1.8332828
0.17905688	-0.3112625	0.48875058	0.041349843	-1.0957478	0.062460415	-0.25998208	-0.25204125	-0.085185066	-0.17787918
-2.0380733	-2.261862	-1.3116812	-1.9343514	-0.6752912	-1.6791738	-1.2050554	-1.3341223	-1.703956	-1.0730873
-2.3461921	-1.9155204	-1.6206357	-2.2689564	0.27783594	-2.079968	-2.1674216	-1.4567639	-1.9747901	0.9138303
-0.9807739	0.9275172	-0.8372929	-1.0312368	-0.29507786	-1.4536666	-0.73946315	-1.3209597	-1.4209018	-0.8518043
-0.59381884	-1.489352	-0.23727429	-0.6663596	-3.4744232	-0.5504631	-0.6399678	-0.78299636	-0.48895377	-3.240037
0.9660242	0.7194859	1.3725479	0.7393421	-1.1451267	0.94215447	0.6909694	1.4489254	0.7328274	-1.3688554
-0.12499543	1.1940734	0.026649356	-0.17430063	1.7346259	-0.13465087	3.3982682	-0.106562145	0.63618755	1.7591581
-0.02880314	-0.6596186	0.43019432	-0.18054378	-1.5496234	0.76553553	0.13950458	0.79752284	0.3322111	-1.3577427
-2.177708	-2.3292983	-1.4393947	-2.1323466	-2.339045	-2.0191538	-2.6300209	-1.7466921	-2.0379431	0.00019930137
1.1215572	0.8208293	0.8952999	0.8079773	-0.6784333	2.9721951	0.15697978	1.9358382	2.6594076	-0.36300364
-0.014634885	1.6039941	0.45695207	-0.27398163	0.32561097	2.5259972	3.9182527	2.2519007	1.9578071	0.8450477
-1.9636457	-1.9197755	-1.2310159	-1.9080045	1.5284956	-2.274028	-2.2824495	-1.2005538	-2.802444	1.6037601
-0.49775764	-0.73623633	-0.0749093	-0.56725186	-1.8066287	-0.48684102	-0.98981106	0.061887275	-0.76735353	-1.5119531
-1.1491735	-1.4541006	-0.6788477	-1.11727	-1.2407357	0.23075236	0.25730658	0.77290577	0.43879232	-0.92932695
0.7560292	0.12704462	1.2674997	0.6110465	-1.2641608	0.57325315	0.03291081	1.198799	0.7497814	-2.4115522
-1.9884146	-1.9732516	-1.2495044	-1.9162645	-0.8610573	-1.7064788	-1.7523868	-1.3928005	-1.2847075	0.4226671
-0.6452759	-0.93314457	-0.42528114	-0.6572847	0.2634326	-1.4905928	-1.572961	-1.3039979	-0.3870112	-0.5865636
-1.4050577	-1.4971321	-0.9030107	-1.4581311	-1.509164	-1.9754065	-1.9197081	-1.0785568	-0.56061655	-1.8452677
-1.2886306	-1.614786	-0.8374169	-1.2237124	-1.808154	-1.0565363	-1.6108388	-1.0291563	-0.6372743	-1.5857471
-1.685097	-1.7076385	-1.201589	-1.6571075	-0.9380299	-2.0023668	-2.4623408	-1.4142121	-1.8867213	-1.534083
0.5556599	-0.17843401	0.83596706	0.32105178	-1.4085454	1.2377703	0.38385984	1.7845479	0.6798106	-0.8689689
-2.084915	-2.1004179	-1.3441743	-1.9744514	-0.56919	-2.3931465	-2.057056	-0.2889648	-2.8015978	0.080437936
-1.2831982	-1.7911361	-0.748739	-1.369503	-0.32000104	-1.2121335	-1.834669	-0.5953646	-1.5858824	-0.39355272
-0.17389947	-0.16980219	0.12217331	-0.31372887	0.15508303	1.0689545	-0.17704484	1.5818639	1.1688786	-0.5790286
1.7506875	2.764052	1.8415375	1.5430384	1.605242	1.0719248	4.395407	0.9684382	0.7915702	3.1133916
-0.35720834	-0.6683111	0.092847034	-0.36781836	1.2730471	-0.5052114	-1.3983682	-0.8436781	-1.45312	1.8299209
-1.9166622	-2.0729828	-1.2137965	-1.7874022	-0.382519	-2.4678226	-2.7792432	-1.608585	-1.8389686	-1.0503808
1.1124121	0.36253187	1.4603217	0.8276857	-0.82284427	1.1436052	0.38696787	1.4591075	1.1291881	-0.0012682779
-0.69085115	-1.1284306	-0.47989306	-0.75929624	-1.3711996	-0.39180502	-1.6363175	-0.36740425	-1.0291029	-2.0893772
0.5576886	0.090572566	1.0255377	0.37475848	-1.4235997	0.29625574	-0.14395109	1.1022048	0.56148064	-1.6533145
-0.6930525	-1.2694745	-0.22156164	-0.7936839	-2.529551	-0.9704114	-1.423059	-0.6673969	-1.1369317	-2.489064
-1.0034909	-1.1602727	-0.4892783	-0.982149	-0.03220409	-1.8693184	-2.1033728	-1.2786895	-2.4287875	-0.8761351
-2.2021322	-2.2976193	-1.4729315	-2.1112936	-1.7524134	-2.0375476	-1.938765	-0.6738649	-2.478411	-0.6672579
-1.6387404	-1.4941058	-1.0784461	-1.5427039	-0.14283866	-1.8423012	-2.4292479	-1.3478985	-1.370095	-0.92544043
-1.5055336	-1.5112096	-0.9306532	-1.4635767	-1.038636	-1.98809	-2.269277	-0.99765	-1.9101609	-0.8257026
-2.0521846	-2.1145039	-1.3463924	-1.945876	-1.4683057	-2.3250875	-1.3653291	-1.2524753	-1.7685686	-1.2521639
-2.1764495	-2.0901875	-1.2839949	-2.078254	-0.53660667	-1.5809104	0.43237463	-0.25190863	-2.1999784	-0.34784687
-1.2207118	-1.5548098	-0.89196396	-1.1550658	-0.4141325	-1.3123305	-1.24045	-1.426317	-1.7511239	0.3453198
-0.6361964	0.54254913	-0.10388416	-0.73056316	-0.96584034	-0.254117	0.9648968	0.21008506	-0.050561514	-1.1025624
-0.7963624	-0.71063066	-0.40655866	-0.8821958	-1.0677463	-0.6672024	-1.0411758	-0.0665511	-0.8591008	-1.5497733
-2.2157688	-2.123389	-1.426604	-2.1391203	-0.79950064	-1.726237	-1.327311	-1.3514913	-1.5430176	-1.1260381
-0.15626049	-0.8751004	0.12071855	-0.28980365	-1.694166	-0.5455605	-0.754184	-0.14441651	-0.90346825	-1.2970359
-1.334769	-2.4670873	-0.77723205	-1.3031882	-3.6262317	-1.0714426	-2.3258984	-0.4430289	-1.2225198	-3.6416893
-1.8837094	-2.1167278	-1.1683642	-1.8804036	-0.75909567	-1.9598764	-1.7560486	-0.7397214	-2.1134124	-1.0710104
-0.78501093	-1.4103503	-0.4515814	-0.81827366	-1.915343	-0.50325185	-1.3263556	-0.11378807	-0.03322031	-1.2467937
-1.678014	-1.532386	-1.1692364	-1.7023467	-0.4323757	-0.8711494	-1.1674064	-1.3406904	-1.9204947	-1.4712257
-0.6208997	0.47657886	-0.41791663	-0.7340175	3.329273	-1.3647394	-0.37362862	-0.47863626	-1.7953068	2.9983523
-1.7372487	-1.5376054	-1.162508	-1.6949575	-0.05486399	1.1868249	2.2885013	-0.38280764	0.98398066	-0.81807303
0.42870566	2.5185413	0.7260803	0.19703941	-0.0268704	-1.440258	3.216302	-0.60427743	-1.244054	-0.44037187
-1.2677735	-1.5219332	-0.7219796	-1.2918258	-1.401913	-0.82579035	-1.5266445	-0.49909598	-0.44158986	-0.61584604
-1.8191668	-1.9384284	-1.229496	-1.7378201	-1.6592742	-2.2518556	-2.8065505	-1.3178668	-1.9496653	-2.3504143
-1.6949799	-1.7944285	-1.0946535	-1.6442636	-0.16534212	-1.3431822	-1.4373927	-0.98189497	-1.2584487	0.6115952
-2.258678	-2.163953	-1.4033332	-2.136252	-1.6380473	-2.8657331	-2.0602424	-1.4927746	-3.0774477	-1.4599831
-1.7075428	-1.9167352	-0.9967058	-1.5915464	-2.5104349	-1.5123553	-2.3552024	-0.80726	-1.5546052	-3.0232716
-1.0598232	-1.3857559	-0.67940867	-1.1346387	-1.0553734	-1.5639912	-1.7342039	-1.0378637	-1.4358112	-1.0414318
-1.4556024	-1.772247	-0.9153614	-1.4702562	-1.9161388	-0.69547397	-0.21260284	0.3372599	-0.056122154	-0.7559725
-0.40736246	-0.61878264	-0.092998356	-0.45677626	-0.8028623	-1.0353023	-0.99878764	-0.59871316	-1.2185538	-0.52022564
1.0363522	0.9770911	1.3071604	0.8707882	0.050943345	0.023649935	-0.48367745	0.21932353	-0.3846224	-0.9019464
-1.9067767	-2.0033238	-1.2705628	-1.7514645	-1.3447267	-2.519858	-2.7681699	-1.6371781	-1.8930554	-1.2108755
-1.882643	-2.0845954	-1.2948167	-1.8386921	-1.4924654	-1.9215444	-1.3485857	-1.1426543	-1.3201528	-1.5501152
-1.1875015	-1.7903378	-0.8550819	-1.1309247	-1.9265136	-0.4423875	-1.773246	-0.7090321	0.050442252	-0.38856316
-1.3006546	-1.515877	-0.85109484	-1.2966796	-0.71639335	-1.7869653	-2.390905	-1.8105086	-1.4751807	-0.19780539
-1.3888224	-1.6723111	-0.94591844	-1.3545141	-0.09138703	-1.289918	-1.8325312	-0.5709362	-1.114217	0.054564282
-2.1887693	-2.0641992	-1.3864083	-2.1331503	-0.8421043	-2.7412028	-2.1373277	-1.9047033	-2.9277062	-1.5364403
-2.2738948	-2.1344187	-1.397589	-2.240068	-1.383671	-1.9091321	-2.3307774	-1.165154	-1.1951855	-1.2253968
-1.8304735	-1.8986156	-1.3017492	-1.7673607	-1.3799543	-1.070486	-0.6618336	-1.0881863	-1.5239813	-1.4905428
-0.6949025	0.8095969	-0.47403875	-0.8553489	-0.69523144	-1.009473	0.04507403	-0.32165518	-0.97973186	-0.93764883
-1.5559202	-1.791537	-0.97903776	-1.4553488	-0.9672427	-1.0383981	-1.465028	-0.53505653	-1.1223558	-1.278241
-1.3307245	-1.748496	-0.80919266	-1.4035156	-2.3535924	-1.3688827	-1.9593099	-1.5946544	-1.1074163	-2.4521704
-0.58638203	-0.78504586	-0.11623666	-0.67770916	-1.5902224	-0.7629947	-1.1130993	-0.3359309	-0.9758015	-1.4287983
-0.7550692	-1.1550647	-0.24413669	-0.8588057	-1.7755709	-1.1019361	-1.4837184	-1.0413498	-1.5056496	-2.3656769
-1.7564793	-1.6321903	-1.2047572	-1.6451044	0.15099749	-2.115091	-1.8214649	-1.1564449	-1.8975152	0.38226333
-1.790271	-1.876282	-1.2133527	-1.7072369	-1.0870637	-1.433228	-1.3209486	-0.8556306	-2.0136313	-1.3953754
-0.03350118	-0.6406121	0.32093108	-0.23326708	-1.9879246	-0.35507932	-0.57584363	-0.28104275	-0.5378256	-2.1648002
-0.8530123	-0.93675756	-0.28838763	-0.9416634	-1.5840554	-0.9226559	-0.6562506	-0.131369	0.9783384	0.88656646
-0.9202139	-1.1562563	-0.45331624	-0.9535071	-1.2395449	-0.7982194	-1.3977004	0.083179	-1.0684149	-1.4077348
-1.4488634	-1.7437644	-0.91554475	-1.382182	-0.31140617	-1.8725387	-2.5513291	-1.3056682	-1.9629291	-0.41942227
1.0032749	1.0235391	1.3400823	0.9920579	1.3573884	3.3909256	2.8349075	0.99369013	2.5774648	0.2845963
-1.0757121	-1.3066931	-0.56032324	-1.1143776	-0.9748312	-1.7016174	-1.3306065	-0.9260706	-1.6088332	-0.80677855
-1.3468115	-1.5863749	-0.79503727	-1.292835	-0.6846758	-1.5142622	-1.6451992	-1.0379678	-1.7522808	-1.0352914
-0.3512381	-0.7903898	-0.25358948	-0.41673958	-1.5023078	-1.1856345	-1.0452334	-0.54540175	-1.5855467	-3.3060606
-1.0441427	-1.0533609	-0.6689632	-1.0670671	-0.7982713	-0.31526268	-0.98501515	-0.072363295	-0.21919203	-0.89952606
-0.8509647	-1.1162723	-0.37743965	-0.83804595	-1.2309201	-0.75695115	-1.612494	0.025111051	-0.40458763	0.7592681
-1.934709	-1.9198079	-1.377633	-1.8379682	-0.82912815	-1.0775776	-0.41566238	-0.57823837	-0.33595818	0.24495277
0.65865093	0.24517319	0.9065546	0.5785497	-0.124319464	2.7731462	-0.720703	3.602524	2.154751	-0.96649474
-0.03180112	-0.4552052	0.44073248	-0.20873763	-2.1133835	1.8546945	0.1653108	0.8791055	-0.2062917	-2.1746926
0.7461795	-0.08404297	0.99201953	0.5966022	-1.6154997	1.5800207	1.3461329	0.9044579	0.9779716	-1.5157516
-1.2004136	-1.6205486	-0.655884	-1.1625365	-1.8071247	0.27830377	-1.4936379	0.26282752	0.27012965	-2.2771688
-1.6059515	-1.9173899	-1.1097665	-1.4974918	-1.3549551	-1.7146977	-2.352334	-1.7933102	-1.460708	-1.6367857
0.34920472	-0.15654504	0.74946713	0.15749188	-0.6018955	0.24698347	-0.15724488	-0.031343285	0.26196364	-1.1066792
-1.4696611	-1.8102726	-0.96741414	-1.3916798	-0.90061045	-1.632849	-1.7981887	-0.75489295	-1.1274774	-1.010964
-0.4530749	-0.48940817	-0.054521292	-0.620195	-0.05860141	0.7131268	-0.5795909	1.110835	0.5762327	-0.91540974
-0.16887924	-0.91049635	0.31519964	-0.3073387	-1.7059845	-0.74088144	-0.12027707	0.54578316	-0.85591376	-1.1353111
0.42111793	0.20516211	0.7583177	0.2599219	-0.210212	0.27987683	0.08905276	0.88863254	-0.09591178	-0.44386208
-1.8160597	-2.0253823	-1.1026136	-1.6465706	-0.22033894	-1.2597055	-1.4607272	-0.9115843	-1.0841304	0.05725234
1.2145065	0.52107024	1.484228	0.99701524	-0.7869605	-0.46159688	-0.06491309	-0.5881825	-0.80490696	-0.39741716
-1.4951379	-1.6628668	-0.94312215	-1.564609	-2.4521077	-0.8984723	-2.0632668	-1.2067806	-1.1388738	-2.8318536
-1.377228	-1.7108052	-0.93863225	-1.3418343	-3.1675935	-0.62644994	-0.5049013	0.29230717	-1.2057261	-1.9502285
-1.5613743	-1.6149096	-1.1022372	-1.4923624	-0.857311	-1.2527092	-1.5572063	-0.7637238	-0.91052735	-1.2941225
-1.0933754	-1.6059262	-0.4745818	-1.11332	-0.36452043	-1.7022772	-2.4541802	-1.5092162	-2.0837634	-0.51646024
-1.8562157	-1.6972227	-1.2609249	-1.7219218	-0.86932254	-0.8268042	-0.22378385	-0.47547057	-0.7820968	0.0050137388
-0.5645296	-0.14878526	-0.35632852	-0.61730516	-0.011580795	-1.4185363	-1.2169102	-0.8209251	-2.5651352	0.291308
-0.75061816	-1.2219114	-0.42407015	-0.7294982	-0.9123926	-0.32047918	-0.26425624	0.22070526	-0.24342987	-0.7556235
-1.5920298	-1.6637044	-1.0614763	-1.492049	0.28403398	-1.1675495	-1.6473048	-0.65097326	-1.4524187	1.342747
-1.133767	-1.2377514	-0.66380584	-1.1232927	-1.5895923	-1.5622935	-1.6061834	-0.60854244	-1.129797	-1.8955249
-2.5550306	-2.4488108	-1.5374868	-2.3396664	-1.7760044	-2.355623	-2.1585958	-2.945475	-2.5824358	-1.565222
-0.22004572	-0.757802	0.2180337	-0.33203462	-0.9474987	1.0723498	-0.2527301	1.368638	0.8797604	-1.0846746
-1.4916347	-1.5225242	-0.8528372	-1.3488312	0.61204135	-1.4020566	-1.2724897	-0.84641516	-1.5730538	-0.10642315
-1.8901794	-2.0792937	-1.2983027	-1.9094868	-1.7198291	-1.7137396	-1.90198	-1.0508435	-2.3508246	-1.8308806
-2.302889	-2.222106	-1.5445144	-2.2009492	-1.0675203	-1.8978195	-2.084624	-2.3117747	-2.9851358	-1.3634925
-1.134015	-1.7953488	-0.57599175	-1.0810196	-0.9696462	0.012402591	-1.4842408	0.12968542	-0.21027017	-0.9960848
-1.1814241	-1.3421779	-0.8057139	-1.0954808	0.24829885	-0.65038234	-1.2266537	-0.7867535	-0.17585512	-1.4614618
0.17935506	-0.095676094	0.3944216	0.04639004	1.1755002	0.2566129	0.15786833	0.29048806	0.0407762	1.6844648
-2.0328956	-2.2089436	-1.3094814	-1.8782183	-1.7329276	-2.813268	-2.236875	-1.4619423	-2.4829001	-2.3147714
0.74765235	0.39343753	0.8888233	0.6088916	0.029438496	0.74945086	0.83804536	0.9639827	0.58568364	0.93581355
-1.7284626	-1.9035861	-0.9966011	-1.687346	0.5184343	-2.3167863	-0.80295575	-1.0469332	-2.9767313	-0.643716
-2.3236701	-2.1345015	-1.4476271	-2.255096	-0.4488499	-1.2799141	-2.0690215	-0.66298103	-2.8775992	-0.5466151
-0.7861767	-1.385051	-0.28062215	-0.90722936	-2.4905708	-1.431674	-2.0853543	-1.0892888	-0.5477304	-2.1682546
-2.6886299	-2.3361647	-1.6622063	-2.6170263	-1.0363144	-2.9322631	-2.4268825	-0.745734	-2.6386797	-0.0088438615
-1.9356595	-2.0694396	-1.2655019	-1.8625726	-0.8668295	-1.4860913	-1.8310405	-1.044958	-1.8932567	-1.4213609
-0.84634477	-0.01705791	-0.5720941	-0.89965075	1.0959257	-0.56240624	1.6590339	-0.7218966	-0.72840834	2.3497663
-2.0220003	-2.005772	-1.3937544	-1.8774301	-0.39484754	-1.2842506	-1.223012	-1.3452021	-1.0782452	0.1441032
0.37387025	-0.31948477	1.3302892	0.35868227	1.225991	0.04888864	-0.36722514	0.27447945	-0.5800355	2.579686
-1.6236154	-1.2986691	-1.1367975	-1.615638	-0.69395816	-1.9212754	-1.877601	-1.2754875	-1.881648	-1.1782777
-2.494397	-2.47943	-1.6129302	-2.3960278	-1.1518612	-2.4017634	-2.819383	-1.9217352	-0.83429307	-2.208107
-1.8724704	-1.901624	-1.2354695	-1.8158977	-0.5375463	-2.16464	-1.7857494	-1.7841617	-1.6591715	-0.08493194
-2.3761442	-2.3691711	-1.4339719	-2.2564523	-2.2073145	-2.7928114	-2.4656265	-2.3249018	-2.640434	-1.2782118
-1.1165084	-1.2639196	-0.42283192	-1.0606577	0.7245325	-1.544374	-0.69041467	-0.9038387	-2.1915865	-0.7573086
-0.55197394	-0.4344722	-0.3411266	-0.67580384	0.3516086	-2.0699286	-1.0822755	-1.6054072	-2.037563	-0.45372775
-0.24443322	-0.33173776	0.2942205	-0.32110605	-0.86359847	-0.66714317	-0.13525733	-0.18333295	-0.47379854	-0.5291833
-1.4436771	-1.4637964	-0.9675698	-1.3985152	-1.103094	-1.0529034	-1.0604907	-0.59611624	-1.2156348	-1.1795218
-1.2084394	-1.4381821	-0.81425166	-1.0647384	-1.5833254	-0.8180345	-0.80129534	-0.2637142	-0.5040608	-1.0307769
-1.9570742	-1.5927131	-1.2230349	-1.8812863	-0.15469496	-1.9075907	-2.3279393	-1.5521613	-1.5697825	-0.07586119
-2.2204032	-2.2259212	-1.4558796	-2.1998355	-1.1104281	-1.9260691	-2.1153338	-1.2694075	-2.3985696	-1.2286589
1.5421854	-0.25390577	1.5193735	1.5108517	-0.9763421	2.0194154	-0.7056756	1.7052875	1.6567916	-1.0853715
0.009472795	-0.2040731	0.37673134	-0.12837677	-1.0319943	-0.0023662522	-0.42798057	0.48182085	-0.08086965	-2.132849
-2.1405122	-2.063171	-1.2645817	-2.0976021	0.079812616	-2.1880774	-2.6566842	-1.0285785	-2.630837	-0.21279764
0.06990703	1.3069588	0.34319872	-0.07400426	0.19553146	-0.107821435	0.59865856	-0.16398647	0.03303958	1.4724481
-1.1913246	-1.2120532	-0.60118353	-1.1999751	-1.7569963	-0.2866806	0.23039663	0.77356815	-0.25311762	-0.18375947
-0.77280426	-0.44025925	-0.47501126	-0.9697674	-1.5180253	-1.0225568	-1.624958	-0.7981572	-0.8930348	-1.6416613
-1.8790784	-1.8870678	-1.213748	-1.789806	-0.6216078	-1.7567954	-1.6284888	-1.4009283	-1.9677527	-1.063779
0.6744772	0.89148045	0.85584867	0.54943717	0.34101745	-0.5581482	-0.8006166	0.33719537	-0.29588476	-1.5049778
-0.63138264	-1.1998637	-0.25572228	-0.6387381	-1.5825837	-0.30539325	-1.6269573	0.08169856	-0.34057063	-0.99124736
-0.43772838	-0.8632474	-0.040866315	-0.46315604	-1.0044613	-0.26568764	-0.01424443	-0.19103777	-0.14575773	-1.1028771
-0.48484355	-0.3427975	-0.21240485	-0.5406	-0.84523726	-1.5167677	-0.6592126	-0.42629045	-2.1591713	-1.2432042
-1.1333348	-1.6768137	-0.5300245	-1.1091201	-1.6281964	-1.6013904	-1.7324953	-0.9203809	-1.8132762	-2.2573857
-2.2545109	-2.1593094	-1.4515241	-2.136096	-0.9305892	-1.7460296	-2.3757384	-0.8055865	-1.8018583	-1.1865822
-0.064175285	-0.9853282	0.42539605	-0.09849386	-0.21504289	0.8306658	-0.3738867	1.9481245	0.39990398	-0.8301949
0.7434265	0.04132101	1.0727509	0.5024909	0.5028715	-0.559752	-1.1342854	-0.037076335	-0.9069283	0.14568272
-0.61267924	-1.2780291	-0.24036697	-0.62819326	-0.76123935	-0.119329445	-0.84261096	-0.19226845	-0.601158	-0.5608896
-1.0079304	-1.3884588	-0.6244855	-1.0516784	-0.33122525	0.87702686	0.060468514	0.24692956	1.0669377	0.7196041
-1.7456504	-2.0659037	-1.1427165	-1.6648035	-1.7865311	-1.2335962	-0.68021774	-0.055329535	-1.6207637	-2.1473243
0.22542733	-0.4603819	0.64163864	0.06493342	-1.4956219	0.20554711	0.1583141	0.6715481	0.107407235	-0.6271692
-0.5862337	1.2217335	-0.10538921	-0.902534	0.40671167	-0.13732165	0.19719292	0.44740358	0.5403921	0.8715555
-2.4936235	-2.3552866	-1.6262114	-2.4439259	-0.9710772	-2.4186952	-2.0438592	-1.4465914	-2.0447621	-0.4222485
-1.7632976	-1.0888723	-1.3124112	-1.7451373	1.717966	0.34645098	2.6359127	0.6460401	0.1513966	1.2622713
0.57352144	-0.74879754	1.0105602	0.35737956	-2.3077853	0.17802566	-1.1340065	0.9076201	0.15426746	-2.0014114
-2.1852903	-2.0844321	-1.4491972	-2.0795677	-0.6756629	-1.5848346	-0.96665657	-0.92271864	-1.5013325	-0.87596685
-1.9211061	-2.111359	-1.3148247	-1.7852598	-1.8618482	-1.5916436	-1.4357435	-0.36901218	-1.9757766	-1.8546339
-1.7585783	-1.8135283	-1.1313801	-1.6598202	-0.018086106	-1.8485934	-1.315998	-1.2845013	-2.1924155	-1.2879413
-1.7363532	-1.9572728	-1.1549588	-1.64241	-1.1017482	-0.89604944	-1.6183864	-1.2123932	-1.2470126	-0.909249
-2.1698043	-1.7428893	-1.3905561	-2.1041365	-0.2221426	-1.726197	-1.976525	-1.4829028	-1.778019	0.30977154
-2.1436954	-2.2148805	-1.3378687	-2.1123748	-1.7667471	-1.681741	-2.4702985	-1.7461181	-2.2794926	-2.3984253
-1.1460296	-1.4248141	-0.7482476	-1.2183962	-1.9359131	-0.9461192	-1.1771758	-0.39958978	-0.80252373	-1.410402
-0.038999744	-0.4918771	0.22186784	-0.20245977	-1.024028	-0.7787023	-0.9845854	-0.4234093	-1.2638915	-1.1659275
-1.9737741	-2.13579	-1.2447311	-1.9259063	-0.2970839	-1.3737726	-2.2335565	-1.2687919	-3.1019866	0.13307405
-0.76252306	-1.5416616	-0.41653827	-0.7967232	-0.55635756	-0.6011906	-0.90852785	-0.13368286	-0.48556477	-0.13088648
0.29649743	1.7929802	-0.018998802	0.09624536	1.5532522	-0.5677359	1.4653517	-0.23867115	-0.755262	0.7573544
-1.578691	-1.7791009	-1.0272887	-1.5184232	-1.572032	-2.0686026	-2.2415273	-0.77673274	-2.980684	-0.97349185
-0.10758317	0.9438914	0.5251125	-0.28961918	-0.051089972	0.03173903	0.55151135	0.70367503	0.03432373	-0.15821664
-2.1682076	-2.062746	-1.4592432	-2.0812812	-1.468243	-2.0009086	-2.0173516	-1.1741636	-1.3520466	-1.8227096
-0.15471357	-1.4640243	0.019047648	-0.26095396	-1.590329	-0.87564194	-1.3977004	0.12127472	-0.4482578	-1.2593775
-2.0788658	-2.3880548	-1.3331041	-1.9652464	-1.8397552	-2.9961138	-2.510488	-1.2151234	-2.349883	-1.9766139
-1.5032467	-1.821991	-0.897146	-1.5541255	-1.4864266	-0.37389627	-0.43722522	-0.60083026	-0.92788625	-1.5510459
0.04120399	-0.086126655	0.4501939	-0.07927946	-1.382521	-1.0651063	-1.6704819	-0.43274212	-1.4415658	-1.3217453
-0.28998518	-0.63643336	0.09367989	-0.43358162	-1.7148769	-0.41665086	-0.38903233	0.43698984	-1.2348982	-1.4049382
-1.3060751	-0.6573124	-0.7106806	-1.427483	-0.6541436	-1.3934835	-0.9822011	-0.64178336	-0.99633133	0.21590059
0.40085876	-0.17794764	0.8506739	0.34480911	-0.66267014	0.11867223	-0.21798544	1.2168633	0.41364092	-1.079258
-0.38106146	-0.79229546	0.24405017	-0.5117112	-1.2115324	1.989514	0.66400623	2.1552215	2.1546657	-1.8963199
-0.1249375	0.33581474	0.26305383	-0.2592937	-0.6093004	-0.23273179	0.090862826	0.037232727	-0.23948897	-0.7639865
-1.2285645	-1.5750458	-0.79616606	-1.1895297	-2.0795736	-1.1463561	-1.5851948	-0.52501136	-1.1895155	-1.4484361
-2.5253417	-2.3109896	-1.5505972	-2.407679	-0.35766408	-2.3541226	-2.410084	-1.4532808	-2.4847238	-0.22237541
-1.3706316	-1.5140066	-0.8650179	-1.3339069	-0.74617964	-1.931259	-1.884602	-1.4647065	-1.1683085	-0.6715835
-0.3387255	-0.49683458	0.07447031	-0.44694567	-1.4561616	-0.81847197	-0.63215876	-0.33248842	-1.138305	-1.7059493
-1.0497762	-1.6488222	-0.5773405	-1.0837129	-1.3437655	-1.5294183	-1.0281326	-1.3039356	-1.4361467	-1.6827389
-1.1512874	-1.5067056	-0.7210454	-1.1203415	-1.1896678	-0.16882245	-1.0559982	-0.40394926	-0.31751582	-0.7378384
-0.7007831	-0.7340768	-0.31570986	-0.710969	-1.0576916	-1.0488884	-0.9197958	-0.10041071	-1.0390143	-0.8485133
-2.0360947	-2.1552958	-1.3375533	-2.00474	-1.2197509	-1.0848318	-2.1638882	-0.41990125	-0.75038046	-1.0197921
0.6299833	-0.08927512	0.63865525	0.5740839	0.463142	-0.12879658	-0.98925734	0.18989342	-0.5475965	-0.7111403
-0.9746715	-1.5435582	-0.5641644	-0.9786218	-1.457995	-1.4056015	-1.9620426	-1.0187129	-1.824766	-0.5220361
0.94073266	1.8757484	1.1805732	0.68887794	0.65708447	-0.06591184	1.0815928	0.46296036	-0.031572428	-1.4420702
-1.3190691	-1.6911833	-0.8107151	-1.2711557	-1.674867	-1.2803134	-1.9431657	-0.7194025	-0.76685405	-1.7655996
-1.761364	-1.5016452	-1.1474774	-1.7781831	-0.6149699	-1.9446938	-1.4110131	-2.1571782	0.5897731	-0.29183656
-1.4796971	-1.4259915	-1.0632744	-1.4147599	-1.8286662	-0.32942873	0.03235465	0.9024433	-0.69703645	-2.678423
-0.13832697	0.0014804304	0.08942929	-0.18839277	-0.27129924	-0.09421864	1.3507991	-0.5064916	0.6637341	0.33296278
-1.1478213	-0.9943855	-0.7213422	-1.3004459	-2.0875342	-1.2159609	-0.89796317	0.21494673	-0.9132449	-0.9705188
0.25820652	-0.6055813	0.526458	0.045462802	-2.0132968	0.2723541	-0.6427394	0.7159391	0.28463492	-2.0498626
-1.0857035	-1.5368948	-0.58981705	-1.0833503	-1.6596708	-2.1537046	-1.695403	-0.67299855	-1.5824358	-1.8328733
-1.9654175	-1.9861242	-1.2970716	-1.887595	-1.362091	-1.1687458	-1.9628642	-1.2704276	-1.3236996	-0.85212976
0.08018588	-0.5369772	0.65418303	0.027533188	-0.75925004	0.16792034	-1.4410346	0.5498373	-0.034643248	-1.411486
-0.36294165	-0.78290474	0.11182448	-0.40074557	-0.7283461	0.4210582	-0.109576784	0.306645	0.15550685	-0.6234444
-0.8917514	1.0276055	-0.5385219	-1.133062	-0.4205686	-0.44161072	0.0751965	0.3119634	-1.0557753	-0.25803956
0.28705832	-0.54719913	0.82631767	0.17935069	-2.0399868	0.5222212	0.51733285	1.1978412	0.4467924	-1.9723759
-2.1607237	-2.3045862	-1.3947445	-1.9737545	-1.6018969	-1.9389745	-1.9702489	-1.2639099	-1.8405502	-1.5950453
0.19695157	-0.44179362	0.54960823	0.017013893	-1.6782504	-0.15372735	-0.8524653	-0.13027772	-0.4772146	-1.7984753
-0.9333653	-0.77121305	-0.40139964	-0.9106519	1.4269823	-1.5770901	-1.8738075	-0.4983494	-3.2326035	-0.31656456
-1.6807804	-2.0610492	-1.1462743	-1.6166607	-0.5042081	-1.4291881	-1.4930199	-1.1772271	-1.8317578	-1.0367514
1.5885893	1.5451126	1.5333582	1.3630909	-0.5237297	2.4527698	1.9725738	1.7838944	1.9198874	-1.199184
-0.17179707	0.409735	0.012565613	-0.24610746	-0.25617033	-0.1650736	0.18633161	0.05335588	-0.28923956	-0.8021083
-2.7881026	-2.538841	-1.8671119	-2.6858592	-2.063755	-2.561803	-2.7219808	-1.8491282	-3.4127626	-2.8016362
0.3057049	0.4787092	0.7748103	0.14326681	-0.22872275	-0.09001345	-0.1038114	0.07868922	-0.6895154	-1.4551448
-1.7418011	-1.9097573	-1.0902226	-1.6964948	-0.7896799	-0.53956205	-1.0752767	-0.6407716	-0.111977346	-0.06518415
0.7419686	-0.017252386	1.1627859	0.51179516	-1.7691667	-0.39566725	0.2868265	0.082992725	-0.6004305	-0.85449535
0.34832618	-0.39259797	0.8489008	0.21835335	-1.9209585	0.20779094	-0.5472632	0.6954234	-0.20022666	-2.864109
0.06223426	0.62615454	0.28676847	-0.13508771	-0.23115638	-0.37110075	1.7935045	-0.026611587	-1.0032343	-0.9798321
-1.3465036	-1.7068307	-0.8403629	-1.371679	-0.15468667	-1.5636587	-2.1143947	-1.2785958	-1.4610866	-0.12501706
1.2259754	0.99387836	1.612482	1.0151025	-1.1071537	4.27685	0.69045293	2.8978195	4.3886557	-1.4976898
-2.2993822	-2.2320993	-1.5077877	-2.1429963	-0.6135073	-1.9853569	-2.441429	-2.287808	-2.9380603	-1.2120575
-0.7389798	0.23521987	-0.3882253	-0.91908944	-2.7412605	-0.33236504	1.5283914	0.14306383	-1.0973666	-2.50823
-0.8627309	-1.2453231	-0.349691	-0.849213	-0.06330675	-1.4722927	-1.6456351	-0.50868183	-0.44516066	-0.5045618
-0.62701464	0.07314983	-0.24965975	-0.67464685	0.23025736	-1.135606	-0.0490699	-0.8248641	-1.1500298	0.6454484
-2.040736	-2.0407236	-1.3656137	-2.014738	-1.1772398	-1.7977325	-2.188632	-1.4507366	-1.7138464	-0.9717447
-0.20008203	-1.4043522	0.26155832	-0.35850513	-1.811411	0.13132782	-1.170943	0.6927753	-0.3472059	-1.412892
-1.1704155	-0.44391516	-0.76434207	-1.1428583	2.3996975	-1.3660477	-1.1440959	-1.1127723	-1.7242388	0.5239143
-0.05203972	-0.86334527	0.44928882	-0.11385168	-1.3019017	-0.5912697	-0.7690624	-0.01676396	-0.2682081	-0.883561
-1.3841022	-1.6095616	-0.8460289	-1.3754565	-0.8051702	-0.86555284	-0.7528874	0.10008343	-1.2512555	-2.0700395
-0.79279804	-0.9908099	-0.4461691	-0.75910616	-0.46688285	-0.79851997	-1.4497954	-0.05753968	-0.9918086	0.20524888
-0.59626	-1.1061635	-0.14705363	-0.712759	-1.8232148	-0.21462244	-1.3523811	-0.45881024	-1.1309958	-1.910459
-1.8682953	-1.7064127	-1.1927786	-1.7780175	-0.5416768	-1.6333573	-1.6267668	-0.9267289	-1.9172113	-1.1015823
-1.3347671	-1.6312232	-0.813691	-1.2718064	-0.40896156	-1.2473378	-0.33629984	0.76203614	-0.74412763	-1.1827078
-1.2927417	-1.6712452	-0.72320855	-1.3292308	-2.3014426	-1.9542487	-1.638382	-1.4024843	-1.3100195	-2.1528554
-2.0954716	-2.091135	-1.4006884	-2.0186071	-1.1369042	-2.3565638	-1.8052256	-1.257486	-2.5225651	-0.085780025
-0.20623189	-0.5607389	0.12596756	-0.30052567	-0.12717585	-0.96491414	-1.4235096	-0.4932466	-0.6874632	-0.9305077
-1.1638098	-1.6790369	-0.5775262	-1.2246947	-1.8756216	-1.9788733	-2.3381004	-0.98866075	-2.1196356	-1.7407799
-1.0745493	-1.1806822	-0.70945144	-1.1405116	-0.54805994	-1.9969864	-1.5135058	-0.5756228	-1.1996897	-0.2494074
0.06699144	0.8060863	0.30025417	-0.097567745	0.62318707	0.023650251	0.36831036	0.78017414	-0.26334423	0.56146854
-1.0590457	-1.1415238	-0.7539952	-1.1055638	-1.1332619	-1.5605785	-0.92968524	-1.2050885	-1.6807606	-0.82210916
-1.7806755	-1.7822888	-1.1931071	-1.7092385	-1.2706989	-1.8630835	-1.7568984	-1.301806	-0.92437667	-2.0211594
-0.6790125	-0.62605643	-0.7154268	-0.6247675	-0.46494478	-1.5937555	-1.2618532	-1.3823435	-1.6822547	-1.4566039
0.49934348	1.2141628	0.8602241	0.37883955	0.5493144	0.65923756	0.76852924	1.0953773	0.55817854	-0.90111774
-1.3837243	-1.0407218	-0.9529146	-1.3120289	0.12392232	-1.195155	-0.87170184	-0.73062396	-0.8302765	0.2628893
-0.016049601	-1.1707354	0.23696443	-0.03847404	-0.40600547	-0.9287081	-1.6747166	-0.5434521	-1.3003254	0.3366644
-1.0146298	-0.8459593	-0.44332305	-1.0250728	-1.7324494	-0.80534595	-1.0070493	-0.43289006	-0.78337824	-1.2574834
-0.22431633	-0.3687264	0.24560973	-0.39047956	-0.36389682	0.41058454	0.76778585	0.94988555	1.15536	-0.09283335
-1.0589952	-0.9645369	-0.51677585	-1.1010855	-1.3801557	-1.4132534	-1.175214	-0.95063466	-1.743976	-1.8245832
-0.5474801	-1.225481	-0.3060511	-0.60260034	-1.9882864	-1.0392994	-1.6294738	-1.1998816	-1.0644082	-2.98424
-0.6146193	-1.3243454	-0.315183	-0.6798755	-1.3189616	-1.2339108	-2.0039783	-0.80928767	-1.8530018	-3.5781033
-0.8588121	-1.1355857	-0.42364022	-0.9132114	-1.3364199	-0.6528275	-1.1598814	-0.5099327	-0.73353523	-0.043080784
0.4250636	-0.6465564	0.7269479	0.23444055	-1.632413	-0.5179497	-1.8758686	-0.42976043	-0.3727849	-1.6815046
-1.8610721	-1.8334823	-1.1075997	-1.9435948	-1.7592362	-2.1856594	-2.5029604	-1.608953	-1.950821	-2.466016
2.2342312	3.1662004	1.9625587	1.8295357	-0.11430246	3.4042485	2.6847868	2.9497595	2.9563115	-0.9442632
1.1069164	2.620263	1.2624704	0.6805711	-0.87674606	1.1441628	2.5628886	1.2297634	0.806371	-1.1224813
0.19211963	0.4409679	0.41400003	0.004985422	-0.22914666	0.3635869	0.26886824	-0.31033	0.14203243	-1.1996435
-3.0096626	-2.7609265	-2.041005	-2.9480252	-3.6683557	-3.2560427	-2.7861314	-1.680678	-3.7321548	-3.553402
-1.3524444	-1.2751151	-0.8412435	-1.3315846	-0.9915726	-0.74788445	-0.9128671	-0.67528343	-0.19825375	-0.4945371
0.76417744	1.297494	0.9137125	0.656783	0.41339502	1.1248101	0.77597034	1.4665393	1.4782152	-0.54586285
-1.6380478	-1.8331892	-0.9993069	-1.5022728	-0.6852993	-1.8856263	-1.8018985	-0.97916144	-1.9125339	-0.03855921
-0.2931046	-0.7270384	0.031894952	-0.29004264	-0.009361267	-0.78474367	-1.0948921	0.22428097	-0.783325	-0.3206892
-1.8327528	-1.3853912	-1.3322256	-1.7804157	-1.4677509	-1.2272756	-0.79286283	-1.278767	-1.6323055	-1.0823045
-0.10756462	-0.53728366	0.24409807	-0.3143608	-2.3916812	-0.6525425	-1.2389152	-0.10356257	-0.13863525	-2.0827882
-1.2088978	-1.1624535	-0.7494203	-1.1394918	0.7902206	-0.42958996	0.8362093	-0.13358097	0.06813671	0.07746544
-0.56970984	-1.3529353	-0.41368368	-0.6552252	-0.95127344	-1.1378199	-1.2894768	-1.2569369	-1.4817492	0.168334
-0.9775846	-1.3044267	-0.5337446	-0.9635762	-1.5366995	-0.86346215	-1.6452626	-0.94086164	-0.22696783	1.1742344
-1.0071764	-1.0226724	-0.6848061	-1.0293512	-1.4600748	-2.2420833	-2.6729312	-1.7923504	-2.244411	-1.6976466
-1.5499033	-1.8241733	-1.0464689	-1.4822886	-1.9339952	-0.114383616	-1.0347036	0.16550536	-0.38379806	-1.2809181
-0.29007158	-0.18745911	0.12848037	-0.43226072	-1.3183935	-0.40793216	-1.2597743	0.27178276	0.56173474	-1.1937567
-1.1641678	-1.22878	-0.7580112	-1.1954061	-1.0000644	-1.3358796	-1.5311424	-0.98612505	-0.95011693	-1.0081747
-1.264304	-1.7257578	-0.87874496	-1.2704195	-2.7555528	-0.79698473	-1.4399879	-0.45773965	-0.6823068	-2.423052
-1.6702763	-1.8007352	-1.1294504	-1.5776544	-0.37549648	-1.4638665	-1.6895682	-0.7870527	-1.7895708	-0.9121907
1.0347024	1.1326205	1.359565	0.8217759	-1.1801208	-0.2296296	0.8697562	0.07768265	-0.2818812	-1.024934
-1.8687131	-1.8535968	-1.1416461	-1.7347709	-1.0558361	-1.3099822	-2.097752	-0.5671906	-1.2356629	-1.4669528
-0.54370916	-0.84519136	-0.26091644	-0.64549136	-2.446029	-0.19470474	-0.952626	0.31188762	-0.29603902	-2.3504417
-0.002066739	0.3045431	0.6401243	-0.19887543	-1.3042872	-0.03501557	-0.36632743	0.71132684	-0.21241727	-0.98661476
-0.4702734	-1.1301599	-0.084584385	-0.50453466	-1.9768457	-0.54827225	0.29737604	0.46863747	-1.7701228	-2.465283
-1.2098165	-1.4847431	-0.65684414	-1.2243276	-0.8034587	-1.9305316	-1.5857527	-0.29236674	-1.4310569	-0.08192149
-0.11295862	-0.8756803	0.36326683	-0.096723184	-0.9697676	0.08301167	-1.5272673	0.2672725	0.21976931	-1.4545547
0.1625906	0.42197952	0.7340121	0.06982727	-0.9110563	0.32662138	0.7663175	0.5750838	0.587895	-1.4347268
-1.8652283	-2.0755515	-1.1732445	-1.7848182	-0.07611412	-1.0425131	-2.1845198	-0.8302274	-0.87113667	0.6830034
-0.9020141	-1.1424763	-0.39842317	-0.9212688	-1.1992255	-0.84431386	-1.4034073	-0.5614342	-0.9351727	-1.9808623
-1.0669	-1.1390917	-0.9069263	-0.998622	-0.5589011	-2.080986	-2.4497685	-1.8089938	-1.4381659	-1.8298788
-1.335831	-1.4257889	-0.744277	-1.3419307	-1.2981939	-1.0519414	-1.5828925	-0.18534854	-0.77436507	-1.1433648
-1.7390895	-1.7753677	-1.0127516	-1.5953497	0.03688541	-0.97731555	-1.6712787	-0.21958235	-0.6927194	2.2100873
-1.5768226	-1.6818578	-0.9443321	-1.6016519	-1.3933599	-1.7610998	-1.414227	-0.42497572	-1.2401571	-1.2831129
-2.4796824	-2.2401059	-1.597874	-2.3867514	-0.5299423	-2.138458	-1.981994	-1.1866065	-2.3270428	1.9740244
-0.30230036	-0.5246458	0.020771071	-0.44577253	-0.87800074	-1.024709	-0.85431707	-0.40622795	-0.845629	-1.0538473
0.317712	0.57419395	0.9212028	0.13646244	-0.5881814	-0.18553111	1.819084	0.7764994	-0.21991949	-2.3350227
-0.34452698	-0.72524333	-0.019139737	-0.35512254	-1.1805016	-0.08059934	-1.0439914	0.6754627	0.0987832	-0.8982268
0.7212224	0.009714067	1.1257201	0.49865413	-0.73935866	1.6854522	0.8817122	1.9041905	1.372526	-0.0032113174
0.738613	0.30722895	1.1004992	0.51631194	-1.3499261	0.3496125	0.61329705	0.83580065	0.18438452	-1.2421606
-1.1847979	-1.3696449	-0.7618108	-1.189301	-0.82402205	-1.5995959	-0.98019713	-1.068461	-1.0889812	-0.62961376
-0.09177042	-0.56370735	0.4750101	-0.12493111	-1.0979489	-0.713984	-0.82038575	-0.15443496	-0.28747553	-0.37258068
-1.1346321	-1.4639941	-0.69213474	-1.1926024	-0.66558063	-0.25555694	-0.708895	0.12905753	-0.6184325	1.0420725
-2.070521	-2.0629354	-1.3971938	-1.9457315	-1.587117	-2.5390487	-0.94983536	-1.2161547	-1.9576148	-1.1466949
0.31725538	-0.14754245	0.7911118	0.085958675	-1.4310187	0.34891948	0.35121176	1.2222803	0.06214068	-0.6523294
1.0534978	0.34225264	1.3489088	0.8548162	-0.0075347126	1.2512271	1.0089645	1.7045487	0.9452671	0.35904938
0.7944697	0.45252326	1.1966978	0.61525524	-0.122549266	1.2656792	1.6052725	1.6757708	0.843187	-0.05493367
-0.46959475	-1.2299529	-0.056857914	-0.59060854	-0.12387884	0.4100876	-0.37740117	0.57059395	0.42152408	0.010177055
-1.8090997	-1.9270225	-1.2099682	-1.7101504	-1.2326233	-2.358622	-1.7725428	-1.3177128	-1.6174773	-1.7511688
1.9564215	1.2975881	2.5537915	1.7279949	-0.6090491	1.7273699	0.4917213	2.5258644	1.3820596	-2.1356437
0.75678116	-0.14134869	0.9810381	0.6237215	1.084019	2.1071517	0.6102963	1.24279	1.6505692	1.4364754
0.7214654	0.05118841	1.0053006	0.5214397	1.5965326	-0.45451668	-0.90061533	-0.36947864	-0.6264581	0.9122113
-0.15017778	-1.024869	0.28805816	-0.28983366	-2.075684	0.17015578	-0.14298277	0.88956714	0.313671	-1.7747812
0.9462405	0.5149604	0.8257711	0.8031553	0.87849844	0.64280653	0.019464256	-0.122361876	1.1810273	0.77461463
0.24260962	0.38479152	0.4715806	0.026932493	-0.83975077	-0.39845505	-0.47275895	-0.16893741	-0.45371267	-2.2078135
-1.7635698	-1.754527	-1.116667	-1.7374994	-0.88536215	-2.1440287	-1.9140393	-1.161092	-2.3999274	0.090271845
-2.1300068	-2.0389476	-1.4365826	-2.0989592	-1.3986789	-2.6974268	-1.9629273	-1.8943664	-2.6997335	-1.6751475
1.2798105	0.19095501	1.5308442	1.0342027	-1.003775	1.1857277	0.30765653	0.88527733	1.0371584	-0.5096923
0.53526866	-0.4563205	0.5191386	0.42682636	0.35906026	0.119153485	-0.8044825	-0.42750752	-0.26414648	-0.9300853
-0.15138254	-0.67091656	0.06157714	-0.2207516	-2.228782	-0.814711	-0.9389715	-0.5004078	-0.46577775	-1.4589915
-0.44179934	-0.5776595	0.14693293	-0.56121147	-1.4799144	-1.4578629	-1.8762131	-0.8933523	-1.7984048	-0.7143582
-1.2779747	-1.1138107	-0.717785	-1.211645	1.1990764	-0.38743246	-0.30340886	-0.419924	-0.17638366	-0.26545188
-1.3372613	-1.4445542	-0.82915103	-1.3028584	-0.9456837	-1.1479167	-0.71341175	-0.64871794	-0.25228086	-1.77986
1.2428565	1.257486	1.6187658	1.0479369	-0.646442	2.163829	1.057334	2.7773426	2.3009052	-0.964717
-0.9221814	-0.9498323	-0.4773266	-0.9743181	-0.9830648	-1.0382426	-1.2431808	-0.022127816	-0.9314889	-1.2072587
0.02668377	0.45403007	0.46183077	-0.080511615	-0.9887847	-0.88274705	1.0988387	-0.19051458	-0.5358668	-0.53384477
-2.4909105	-2.2758343	-1.7438078	-2.3550847	-1.5327908	-2.1382747	-1.9351267	-1.7221837	-2.014062	-1.1271573
-1.903051	-1.8752024	-1.2710809	-1.845147	-0.5420979	-1.8828582	-0.43938655	-1.6143218	-2.1028755	-0.43786412
-1.6493074	-1.7535217	-1.1962388	-1.6265236	-0.94202185	-1.8010262	-2.2220507	-1.5267302	-1.7947572	-1.5264044
-1.6651357	-1.8627496	-1.1197034	-1.6154528	-1.6478868	-1.9339566	-1.3822545	-1.0119061	-1.0532988	-2.2662115
-0.8372192	-1.2400403	-0.5290735	-0.8049502	-0.073729366	-0.13655946	0.36836362	-0.04532714	-0.30791336	-0.07969663
-0.8719427	-1.5736299	-0.36826363	-0.85577744	0.5478039	0.67066675	-0.95271015	0.7591755	0.5869584	1.0990036
0.46163258	-0.11332492	0.7966523	0.23063962	-1.6646463	0.15824121	-0.51227856	0.48017046	0.01008901	-1.4721613
-0.6718748	0.26704267	-0.5082774	-0.72418314	2.6696043	-1.353741	1.8129318	-1.1033361	-1.4736291	3.1649554
-1.0682795	-1.4142534	-0.70947766	-1.0023357	-0.9434023	-1.269095	-2.208614	-0.46008018	-1.3700979	-1.325659
0.938675	1.4854109	0.79367197	0.74471915	0.10470623	-1.0203379	-0.5483448	-0.6376658	-1.4912864	-0.4839821
-1.8836423	-1.8562142	-1.3709558	-1.7986114	-1.1958549	-1.7016909	-2.0345905	-1.3198003	-1.7233478	-1.6592023
-2.3303883	-2.1851408	-1.4094186	-2.1864636	0.104089856	-2.1805902	-1.7431612	-0.22271608	-1.9288753	-0.36471543
-0.40295258	-0.5379785	0.18981928	-0.5169822	-1.8206348	-1.1796812	-1.2661891	-0.99568236	-0.14108466	-0.6719167
0.77808297	0.70198274	1.2724459	0.58197045	-0.17067021	1.0088292	0.9238713	1.3196096	0.7426741	-0.6206111
-1.8015512	-1.6413885	-1.1617785	-1.7986839	0.9900118	-1.7283862	-1.3727174	-0.95378774	-0.027220668	-0.27709305
-1.9977808	-1.8727134	-1.3273172	-1.9157493	0.030771047	-1.5305893	-1.4772121	-1.1350063	-1.1652662	-0.57063884
0.43906632	-0.031188712	0.85086083	0.2571	-1.5347698	-1.4776189	-1.764056	-0.72624177	-0.86965847	-0.6250159
0.40455884	0.20645398	0.90916646	0.23274924	-0.72431266	-0.4387941	-0.032902304	0.24149485	-0.46499592	-0.26435667
-0.2625087	0.06607649	0.11484195	-0.42486167	-0.9391533	-0.42163318	-0.8280861	-0.4077482	-0.36966893	-1.040586
-0.8552601	-0.5287479	-0.39473233	-0.88388246	1.0185723	-1.7219098	-1.2159908	-0.96962506	-1.5900633	0.76004094
-1.4912279	-1.8427757	-0.9293226	-1.4524289	-0.99472713	-0.51518255	-0.61104625	-1.0426081	-0.453747	2.0708714
0.42638984	0.12423736	0.87952185	0.32146317	-0.21656346	0.7137005	0.2980816	1.1630324	-0.23324685	-0.10196168
1.6864654	2.865225	1.7203976	1.36816	0.42509624	0.65533763	2.1344714	1.366131	0.1965134	-1.0877386
-1.9270359	-1.9232776	-1.1250176	-1.8552377	-0.47424024	-1.8001354	-0.9660554	-1.5481197	-2.089059	-0.3485999
-1.5611941	-1.7731515	-0.94365764	-1.5986971	-0.8869047	-0.7218063	-0.7593242	0.16899033	-0.68284816	-0.209586
-1.7043028	-1.8717177	-1.1401626	-1.6126719	-1.4754127	-1.3576487	-2.0090945	-0.96173763	-1.1204904	-2.184328
-2.0084023	-1.8526628	-1.2665511	-1.9397177	-0.220719	-1.795335	-1.488092	-1.0814273	-2.1124985	-1.3558955
-0.4218198	-0.99051666	0.031440943	-0.48727816	-1.2723194	-0.55316806	-0.5118653	-0.03592115	-0.23153056	-1.7986578
0.3134214	-0.47719005	0.75555086	0.13189341	-1.9335746	-0.1675418	-1.0566068	0.9108816	0.36509675	-2.3299465
-0.7221676	-0.62496156	-0.46005252	-0.7131482	-0.23239738	-0.8178606	0.14996202	-0.41755792	-0.5133692	-0.42183384
-0.82795733	0.34987822	-0.63110304	-0.80429107	0.42115638	-0.44124106	0.40714866	-0.6041856	-0.55699354	0.04702723
0.5346292	-0.04618126	1.0592437	0.386235	-1.0294436	0.4162778	-0.14049764	0.5689047	0.34791598	-1.1229101
-0.36194018	-0.06843138	-0.046373755	-0.52118844	-0.44926596	0.94367754	1.9936672	1.9748417	0.28327516	0.68926436
-0.27560782	-0.35974884	-0.33837113	-0.4061262	-0.47858423	-0.20763318	-0.4481945	-0.91663194	-0.6885786	-0.92303216
0.8421144	1.0734754	1.2815355	0.63748777	-1.1435823	1.9177004	1.1222959	2.2420325	1.9313395	-0.5023129
-0.7225004	-0.92599905	-0.5737418	-0.70303404	-0.63722134	-0.30754548	-0.47602752	-1.1090986	0.009500112	1.371187
0.3140911	0.48604128	0.7810023	0.11002146	-1.6146523	0.16978471	1.4950567	0.49614233	-0.086324774	-0.04491221
0.21592084	0.7927638	0.64788115	0.018206969	-1.2709644	-0.23795488	0.9878117	0.4127203	-0.9132449	-0.89500827
-1.2661638	-1.2378298	-0.9874673	-1.2200022	-0.4812061	-0.86073357	-0.7417286	-0.77369845	-1.1718128	-1.9873936
0.44800904	-0.021850735	0.8428587	0.30226356	-0.9132786	0.09975246	-0.6784539	0.17439246	0.08612537	-1.3578067
-2.5340145	-2.3215723	-1.5426271	-2.4335077	-0.6183833	-2.1839328	-1.8350894	-1.6118169	-2.4297023	-0.5743759
-0.4913386	-0.94235325	0.027613714	-0.7876253	-2.4255223	0.60979563	0.8446485	1.3163604	0.45372087	-2.1363187
-0.31015956	-1.0606139	0.15835056	-0.43838257	-2.2215643	-0.91988957	-1.4463189	-0.0049639	-1.2331797	-2.0301108
-1.6209315	-1.6872488	-0.9917971	-1.6736486	-1.2076168	-1.3295721	-1.2287325	-0.9600007	-1.8243209	0.15554512
-1.5275306	-1.0996811	-0.9922278	-1.4827113	0.89073515	-2.515363	-2.0232437	-1.6258417	-2.710372	-0.19278114
-0.29671142	-0.47073588	0.38294384	-0.3920058	-1.1962677	0.78635335	-0.71352017	0.5560702	-1.005067	-3.0233817
-1.6604263	-1.7328963	-1.0872436	-1.6427423	-1.4175854	-1.8975759	-2.1978023	-1.501825	-1.4331248	-1.2683765
-0.7771832	-1.3116703	-0.36290994	-0.74948657	-0.9274843	-1.00107	-1.6090226	-1.1974581	-0.90967387	-0.17985721
-1.0513047	-1.0932909	-0.75697196	-1.0407714	0.42758247	-1.9121647	-2.1864595	-1.2705356	-2.0684118	0.62399936
-0.008497186	-0.26479536	0.26073658	-0.21026878	0.086019486	-0.53579277	-0.6034657	-0.8085618	-0.896182	0.75745267
-1.2765986	-1.8392575	-0.7125038	-1.2271099	-0.513216	-0.93716043	-1.588797	-0.35397547	-0.58067846	-0.10432439
-1.0099027	-1.2669214	-0.7634058	-1.0252786	-0.4714654	-1.3243488	-1.4545218	-0.7091899	-2.011102	-1.0779763
-1.6827316	-2.0097954	-1.03884	-1.7244307	-1.5719793	-1.4961271	-0.037524812	-1.2301551	-1.1812713	-2.02285
1.0680732	1.8375518	1.4881372	0.8186711	0.5823108	0.73939496	2.9663916	1.1076133	0.1776028	-1.3532864
-2.1921372	-2.1782448	-1.3949175	-2.171488	-1.6040701	-1.7140785	-2.3475084	-1.0463543	-1.8126316	-1.9905452
-0.5244706	-1.4994545	-0.15078843	-0.5092421	0.13792995	-0.64594066	-0.6945977	-0.045531325	-0.579761	-0.43518263
0.30628625	0.3708934	0.78988767	0.18046023	-0.6218208	0.21686524	0.5363403	0.9015299	0.122279964	-0.52912945
-1.4036367	-1.4518615	-0.93498087	-1.4032872	-1.206832	-1.4810685	-1.6697023	-0.73768884	-1.299269	-0.5890632
0.90422755	0.53169763	0.9442382	0.77884895	-0.98323333	-0.028384978	0.18603237	0.3873191	-0.08152165	-1.590321
-0.36608782	0.16761109	0.1419561	-0.63583934	-1.8261896	-0.7459194	0.0009810948	0.19102511	-0.9525829	-1.5258212
-0.24245602	-0.036109	-0.1802535	-0.33032072	-0.5277163	-0.20075595	-0.3802146	-0.1754339	-0.4104267	-1.489712
-0.7662329	-0.5630257	-0.41898724	-0.8744065	-0.5843783	-0.4180356	0.059885837	0.31253424	-0.55842394	-0.15936671
0.3249075	-0.53263587	0.7180813	0.13292883	-2.1836443	-0.31260335	-0.8418442	0.076736115	-0.20062242	-2.4345253
-1.5396326	-1.7022808	-1.0276104	-1.4447799	-1.4993396	-1.1238911	-1.2196176	-0.9948456	-0.63644576	-2.3714707
-1.359962	-1.5247668	-0.8464482	-1.2516221	-0.68806434	-1.1032766	-1.3447897	-0.47701222	-0.9251683	-0.696311
-1.3383687	-1.3405339	-0.86869574	-1.3654664	1.0058869	-1.6664973	-1.9985254	-0.88145757	-1.3802242	0.4679925
-2.095568	-2.0927153	-1.3536782	-1.9738832	-0.9877349	-1.8029866	-2.4928577	-0.5582403	-1.7701228	-1.1409198
-1.1410688	-0.78903484	-0.5526279	-1.0942581	2.2493308	-0.9642502	-0.7167494	-0.0912669	-1.65174	2.9394848
-0.1920659	1.0034616	0.25605425	-0.41216397	-1.1537732	-0.41928628	0.9882122	0.109219715	-0.6848596	-1.2732468
-0.07453016	0.2513863	0.42305174	-0.2312207	-2.0075004	0.6442156	0.1823462	-0.866458	-0.7988356	-2.1512365
-2.0790641	-1.8333113	-1.4544628	-1.9889939	0.7684063	-1.8660046	-2.068126	-1.4368048	-1.9568313	0.80507797
-1.3882835	-1.2655641	-1.0089952	-1.3703349	-1.0170434	-1.281482	-0.7467201	-1.0481539	-1.2958934	-0.4538487
-1.9486587	-2.1088893	-1.2189463	-1.9337233	-1.6191097	-1.9197942	-2.3355842	-1.0802032	-1.898058	-1.3116255
-1.7875117	-1.2380679	-1.3350093	-1.7720623	0.27172276	-2.075909	-1.6552026	-0.6026216	-2.2784305	-0.6827688
-1.7304329	-1.9873297	-1.1549611	-1.6457026	-1.2201833	-1.144347	-1.0453687	-0.40707535	-1.8696585	-0.38020217
-2.1540692	-2.146481	-1.3722297	-2.0941675	-1.7725456	-2.6614194	-1.7120805	-1.9761425	-0.20223382	-0.9205963
-2.1665041	-2.2348711	-1.3961518	-2.0655062	-1.418996	-2.0468154	-2.2976284	-1.2310027	-2.1326928	-1.8834987
-1.9193517	-1.581327	-1.0395684	-1.7896926	0.107803315	-0.8505606	-1.2370632	-0.33494267	-1.3817084	0.76236755
-0.9561749	-1.1532506	-0.4254829	-0.9825191	-0.45931813	-0.7386387	-1.5684814	0.25781122	-1.3414495	-1.6285236
0.5529184	0.8599924	0.8193178	0.3379873	-0.009788334	0.50464904	0.9676752	1.131275	0.18490654	-0.19647525
-2.1949463	-2.3378875	-1.4535341	-2.1030605	-1.5010641	-2.6289878	-2.1987793	-1.3798087	-1.8117058	-1.7034997
-0.8398046	-1.1785179	-0.33558616	-0.9162851	-1.4780238	-0.92439806	-1.5513629	-0.4407989	-0.953895	-1.3757193
-2.1836734	-2.090175	-1.3765903	-2.0393145	0.20845124	-1.6324862	-1.7639989	-1.4717406	-1.7650198	0.55106395
0.7601434	-0.35766017	1.1164798	0.6077939	0.03967771	0.67609316	-1.1535014	0.026002364	0.52465814	-0.068756595
-0.44036448	0.02191922	-0.048280776	-0.51279044	-0.055314243	-1.125623	-0.2920364	-0.8271763	-1.5018353	-0.54879886
-0.57717055	-0.6552895	-0.16990378	-0.611493	-0.23392506	-1.5691904	-2.0119574	-1.0811528	-1.5556097	-1.299874
0.7667153	-0.2868408	1.2993512	0.67403483	-0.7148082	0.51242733	-0.44713527	1.3808761	0.39337593	0.014049308
-2.2932088	-2.2673626	-1.4714131	-2.2794936	-1.9450814	-2.2809281	-2.5430033	-1.4531183	-1.1692188	-2.2143996
-1.8520437	-1.9303503	-1.1893284	-1.8237214	-1.6082985	-2.0564806	-1.5665842	-1.3654912	-1.2690963	-1.3341438
-0.18770066	-0.7051197	0.07095316	-0.29298294	-1.9206733	-0.17109525	-0.5285629	0.92678267	-0.10702329	-0.009383116
0.3810808	0.51611674	0.8101071	0.20844467	-0.06044665	0.31213677	0.6799864	0.4649173	-0.19916476	0.36726955
-0.91979164	-1.2732793	-0.4718177	-0.8756091	-0.3943256	-0.4946699	-1.3813039	-1.0085984	-0.36177048	-0.7875224
-2.2602167	-2.245845	-1.4739077	-2.1955893	-2.711965	-2.2594044	-1.4777764	-1.0905639	-1.9534996	-2.4681275
-2.6648717	-2.4460607	-1.6664506	-2.489618	-1.4421968	-2.868939	-3.0299685	-1.1233629	-2.4399743	-2.042831
-1.9002093	-1.7517964	-1.2819178	-1.8006688	1.1834632	-2.1720533	-1.6036909	-1.3653337	-2.4452264	0.039915115
-1.3998376	-1.6493534	-0.87707174	-1.3158076	-0.85724616	-0.4859168	-1.1254395	-0.4339077	-0.45077294	-0.121491134
0.4860519	0.62970316	0.7491977	0.27051783	-0.4500158	-0.4238715	0.77858824	-0.36155847	-0.4076615	-0.6506987
-0.5798837	-1.1678394	-0.17451179	-0.72692716	-2.0826883	-1.7055568	-2.252003	-0.5190724	-2.4708045	-1.7654395
-0.62737113	-0.95160925	-0.09506461	-0.638705	-1.332358	-0.14063287	-1.2925978	-0.12151702	-0.30358517	-1.6157568
-0.8977179	-1.2449484	-0.25545472	-0.81750655	-0.07481995	-0.0052590207	-0.9799032	0.38992542	0.64744824	-0.28181213
-1.4561268	-1.5593764	-0.84486866	-1.4312742	0.93863976	-1.2423966	-0.7731335	-0.4406201	-2.0982196	0.6909857
-1.8102857	-1.6049365	-1.3730597	-1.7226686	-0.7259933	-2.2497616	-1.7611612	-1.0451874	-3.0112336	-0.83747834
1.4177873	1.0411205	1.6625724	1.1066132	-0.7700641	1.9051313	1.7290734	1.9369406	1.3734885	-0.11250263
0.00825911	-0.8016499	0.5925167	-0.036629558	-2.1959515	-0.51609886	-0.74088585	0.1330619	-0.31283075	-1.8348325
0.81853646	-0.7379575	1.5153587	0.6716929	-1.8705221	0.716758	-0.25400662	1.3142487	0.5925491	-1.7679349
-1.8203939	-1.9134936	-1.1764592	-1.709423	-1.2555428	-1.951073	-2.5500376	-1.7358792	-1.392924	-1.4660305
-1.1922103	-0.45926222	-0.74672604	-1.2969741	-0.08446926	-0.060979642	-0.18175162	-0.84558463	-0.628392	-0.35459644
-0.42655095	-0.23007789	-0.076911956	-0.5184147	-0.7638931	-1.7751254	-0.6798666	-0.5103832	-1.7850375	-1.1011007
-2.158409	-2.1449869	-1.3701737	-2.014442	-1.2982575	-1.7909188	-1.9586328	-0.76417714	-2.042573	-1.519046
-0.9606451	-1.2262268	-0.44830373	-0.9017316	0.33987936	-1.3575348	-0.8709865	-0.56607765	-2.150336	-0.36770114
0.68691975	0.56102	0.985863	0.52894515	-0.51019245	-0.3731018	-1.2107761	0.13835226	-0.45979962	-0.44067067
-1.5155047	-1.9370801	-1.039655	-1.4934112	-2.3432198	0.06701611	-0.98266286	-0.56473523	-0.76043415	-1.8193299
-0.14665186	-1.0167549	0.19436097	-0.329651	-3.133853	-0.3365208	-1.1953797	0.56296086	-0.59193414	-3.373583
0.17933053	-0.3253646	0.35927904	0.022140875	-1.4843682	1.7547007	1.4442606	1.5445949	1.1352695	-1.0079596
-1.3322794	-1.8345559	-0.76935303	-1.3726268	-1.2848606	-0.9145372	-0.650722	-0.61403185	-0.9321194	-0.12964302
-0.86276764	-1.2876154	-0.36739668	-0.8804886	-1.3905418	-1.2746227	-0.91542935	-0.5117432	-1.6673183	-1.6767132
1.5802546	1.6972594	1.9451786	1.2752198	-0.5362016	0.84826297	1.1645865	0.7466247	1.4054884	-1.1915995
-2.0501692	-2.080534	-1.3160686	-1.9646322	-1.2362151	-1.4762682	-1.5838574	-0.5007036	-0.49901953	-1.0586818
-0.1774542	-0.9642967	0.0983177	-0.20770268	-1.341027	0.16145287	-0.797139	0.094035886	-0.24900945	-1.7836187
0.40957037	0.23939851	0.52395236	0.2809056	-0.53626263	1.8216934	1.7204889	1.5910014	1.5092096	0.94569737
0.24061114	-0.6646615	0.6683021	0.027946666	-2.3252904	-0.32147905	-0.8067733	-0.08082606	-0.10886872	-2.50389
0.12277611	-0.038562253	0.50708616	0.03274302	0.2235587	0.16301903	-0.27757546	0.33638957	0.15756062	-0.5105991
-1.6981264	-1.8766806	-1.1711259	-1.5704924	-0.56877315	-1.5549569	-0.98985296	-1.1912313	-0.9851357	-0.61675
-1.8486323	-1.700915	-1.1856884	-1.7688805	0.23846737	-1.8832703	-1.7864149	-1.282909	-1.746414	-1.8751136
-1.2064295	-1.3168705	-0.73114264	-1.3332279	-0.5300406	-0.79838556	-1.2165648	-0.29595822	-1.2619452	-1.2076923
0.8455297	1.1191956	1.1226215	0.5431985	-0.8769963	0.23682405	0.3148064	0.90758586	-0.2837287	-1.6567371
-1.7612725	-1.9288256	-1.1562748	-1.7485539	-1.4834691	-2.1956048	-2.2515504	-1.6052874	-1.7460407	-1.3339049
-1.824735	-2.020256	-1.20221	-1.7838182	-1.1300384	-1.1964675	-0.72236633	-0.6661159	-2.1068227	1.5976983
-1.7802386	-1.8850521	-1.2139118	-1.6910187	-1.7937821	-1.9542367	-1.994849	-1.3301626	-2.0648615	-1.2418282
-1.5495882	-1.5951376	-1.0816128	-1.4507831	-0.58535993	-0.48902643	-0.283349	-0.29368883	-0.0064338464	-1.8846478
-2.581811	-2.440252	-1.649352	-2.4755003	-0.7006002	-2.5971818	-1.9241487	-1.4336498	-1.845411	-1.1972108
2.1485567	1.9932253	2.110525	1.6605037	-1.3843622	2.0932717	2.0497897	2.4818096	1.5088629	-1.1169617
-0.65865844	0.101828605	-0.52488196	-0.79926294	-0.38391694	-0.03746029	0.5105633	0.3646082	0.2823646	-0.957926
0.13141042	-0.12158424	0.15902475	-0.04885824	-0.09656945	-1.1599972	-2.1172256	-1.070343	-0.9652959	-0.8665174
-1.6137738	-1.0278425	-1.1666374	-1.6016189	0.56987906	0.9343934	0.980998	0.89040625	0.88099915	-0.6991747
-0.44910085	-0.29399177	0.05826643	-0.49695534	-1.4956003	-1.0031413	0.54164606	-0.64144236	-0.89041704	-0.54821503
-1.6210772	-1.6198101	-1.0830456	-1.5233672	0.43816802	-1.3872582	1.0173371	-0.6378555	-1.168123	-0.01930352
-1.6226662	-1.7284703	-0.95987594	-1.5930601	0.501582	-0.79982674	-1.3901986	-0.6459184	-1.597789	-0.025957588
-0.7070296	-1.2232887	-0.30914554	-0.872852	-2.3522403	-1.2414078	-1.6714107	-0.49098647	-1.5895841	-2.5035796
-1.2536653	-1.5462463	-0.7838017	-1.1406535	-1.5244696	-1.0425051	-1.3545526	-1.0067679	-1.0919423	-0.40942532
-0.46337563	-1.2130849	-0.26522776	-0.49653983	-0.52316475	-1.0620319	-1.5525813	-0.84880924	-1.5099792	-0.8200703
-1.439956	-1.1864624	-0.8794738	-1.3799185	-0.020235538	-1.8444276	-0.68561226	-1.2192128	-1.913245	-0.858203
-0.52447283	-0.8189372	-0.039253324	-0.5959058	-0.9368602	-0.27901813	0.29551852	-0.7696544	-0.82974946	-1.006998
0.19383854	-0.010134488	0.6092643	0.031803414	-0.8308513	0.22176835	-0.16172689	0.70704633	0.12447484	-0.89355123
0.51720196	-0.37252748	0.8718097	0.29561114	-2.250305	0.31972873	0.17026642	0.808915	0.11934717	-2.2427013
0.17861536	0.3238124	0.40643215	0.030363545	-0.3586943	0.60004175	0.8067704	1.4344747	0.40689734	-0.7693826
-1.5363528	-1.7000419	-0.88226414	-1.4700271	-0.40654427	-1.2925005	-0.98107296	-0.870801	-0.8390906	0.08387675
0.64270747	0.1826042	1.1069087	0.4431526	-1.5648371	1.5692724	0.93022054	1.4058071	1.3130145	-1.871357
-1.8735161	-1.1609308	-1.4756707	-1.8550843	0.48968354	-1.1951128	-1.3495038	-1.1828003	-2.1632817	0.31703606
-1.0121251	-1.4608171	-0.69027674	-1.0097718	-2.4037776	-1.331109	-1.5269152	-1.6266915	-1.999753	-2.243688
0.7510895	0.33904037	1.2096899	0.5537485	-0.46929365	0.99885535	2.0097427	1.9463512	0.87135184	-0.8995856
1.5819675	-0.10390364	1.9590007	1.3560069	-0.7609265	0.66516507	-0.7128538	0.91608274	0.7138757	-1.1447067
-0.22378397	-0.33561736	0.13441381	-0.3625406	-0.5419239	-0.23591886	-0.73326546	0.28135896	-0.95683134	-1.0998806
-0.44482088	-0.98169625	-0.011045024	-0.61528796	-2.3424418	0.07901491	-0.957505	0.8211387	-0.8372434	-1.7848785
-2.548207	-2.3782032	-1.6657634	-2.4451742	-1.7484516	-2.3026896	-2.143142	-1.7451793	-2.5633068	-2.8703039
0.42821404	1.9298387	1.1729318	0.20935939	-1.3559347	-0.085500866	2.3066611	1.0582006	0.12142911	-0.27541786
0.97543794	0.9434372	0.7435304	0.80202705	-0.80982614	0.76412785	1.9760238	0.29980633	0.23279719	0.827206
-1.5886863	-1.7885765	-1.0274557	-1.4966177	-0.68315554	-1.5655619	-1.6884174	-0.6946541	-1.7072132	-1.043086
-1.2311165	-1.6103377	-0.7393564	-1.1845634	-1.2795968	-2.10309	-1.8622699	-1.3354725	-1.8356887	-2.5285544
-1.9291171	-1.9514627	-1.2610755	-1.9030308	-1.18691	-2.2225065	-2.3955038	-1.2495884	-2.4041712	-0.82622623
-1.7320719	-1.7193886	-1.2721701	-1.6638933	-1.5425977	-1.4220059	-2.1831205	-0.9366496	-2.1465287	0.015913434
-1.5320804	-1.8657107	-1.0384725	-1.4713838	-0.8858366	-1.34619	-0.22712225	-0.8778251	-1.2056056	-0.64692616
-2.1184258	-2.2951047	-1.3727235	-1.9990717	-1.5181457	-1.7715899	-1.8271202	-1.3706559	-1.6267965	-1.8474894
-0.56693566	-0.767897	-0.048421085	-0.5852148	-0.9882387	-0.13848853	-0.47446668	0.26266044	-0.80725944	-1.0406841
0.73806816	0.6855922	1.1042256	0.57051975	-0.3486963	1.2859654	0.064212024	1.0914785	1.1918118	0.31464016
0.6734561	0.102918	1.0683326	0.5659318	-0.5063242	0.039571833	-0.64419246	0.71328074	0.017568132	-0.40593883
-0.31724146	-0.88261485	0.078709215	-0.38096714	-1.0287719	-1.2022002	-1.2555716	-0.6082842	-2.05948	-1.2942502
0.98495	0.18727478	0.6308508	0.65657055	0.17307761	2.0322082	-0.6158157	1.2528893	1.1725026	-0.22397955
-1.6649572	-1.7395129	-1.0503219	-1.6219336	0.1415472	-1.367534	-1.2267264	-1.6056509	-1.5034472	2.4521613
0.00039863586	-0.6953316	0.36705238	-0.20991643	-2.8106008	-0.17916796	-0.47329727	0.20821433	-0.049564984	-1.741121
1.4502617	1.2531309	1.8718808	1.2092816	0.40936562	1.3049386	1.6466441	1.8984717	1.1119571	0.9845116
-2.51913	-2.2494771	-1.5280476	-2.4170504	-1.1381191	-1.6435694	-2.0625036	-1.4745218	-2.2497	-1.2685755
0.13792899	-0.030688733	0.5712569	-0.14684586	-1.8169438	-0.54375476	-0.8362249	0.03501831	-0.0048072734	-2.4876971
-1.8348902	-1.9031558	-1.1783507	-1.7642589	-1.4049801	-2.1367564	-1.5548692	-0.6217469	-1.5362347	-0.68892807
-2.348002	-2.1881886	-1.462012	-2.2689764	-1.0306239	-2.1326885	-1.4483265	-0.38244164	-2.2498724	-1.1192352
-1.8747486	-1.8500577	-1.1852688	-1.7929891	-0.39948756	-2.0504487	-1.905018	-0.6293396	-1.5393989	-0.7805121
0.57192224	-0.05363752	0.8906381	0.35435998	-2.4232216	0.017500026	0.19115737	0.62804234	-0.20251302	-1.8848108
1.0191891	2.5455892	1.2116424	0.7015881	1.4130697	-0.65740746	1.0914787	0.101480156	-0.29875144	0.021793097
1.2118937	3.2791476	1.61232	0.858894	-0.31074104	2.8980772	3.4729996	3.478893	2.4422998	1.5460126
-1.5590526	-1.7251661	-1.0742913	-1.5576804	-1.3823618	-1.6907794	-1.5008905	-1.4932753	-1.6251824	-0.27911034
-0.92523384	-1.1722165	-0.13504872	-0.9428625	-1.1559951	-2.8406858	-1.011691	-1.1993381	-1.3265162	0.46312007
-0.31515995	0.15329725	-0.23225448	-0.498393	-0.29133117	-0.54224133	0.08813468	-0.5274967	-1.0754623	0.055920057
-1.539066	-1.6184037	-1.2211804	-1.5284684	-1.189047	-1.9858088	-1.7442459	-1.443691	-2.1656806	2.0867672
-0.16521485	-0.74515975	0.2945428	-0.35572094	-2.0582857	0.69600046	-0.61066073	0.9627109	0.44054598	-2.4347878
-0.6922543	-0.75549126	-0.107070714	-0.6743925	-1.3856827	-0.9338923	-0.5395384	0.00434744	-1.0827541	-0.83705264
0.6393742	-0.3518057	1.0487002	0.55008966	-1.3731818	-1.0104645	-0.32701203	-0.44681433	-0.6809879	-1.6975505
-1.2389985	-1.788409	-0.75990343	-1.2751596	-0.88452756	-1.505265	-1.5531671	-0.91318184	-1.3084452	-1.0776309
-2.0194018	-2.096186	-1.3708262	-1.9094809	-1.180864	-1.0258851	-1.7661599	-1.173131	-1.0100132	-0.5263626
-0.3118837	-1.1919172	0.0034039915	-0.36026227	1.3810067	-0.6611664	-2.2377005	-0.5310754	0.052731015	0.5889431
-1.2658653	-1.0094835	-0.6815077	-1.2258252	1.1268207	-0.47214845	-0.56637216	-0.034092557	0.16619	2.4525886
-0.43317735	-0.68322694	-0.26570365	-0.529956	-1.8559382	-1.7682173	-1.7712166	-0.44125408	-1.358033	-2.5874162
-0.1571002	-0.4902118	0.4883322	-0.25043112	-1.443719	0.4356019	-0.35680944	0.7652454	0.41121843	-0.9925549
0.24685058	-1.1684994	0.7870027	0.1555535	-1.3714422	-1.2372729	-1.995928	-0.3595069	-1.8351853	0.7514813
-2.0580075	-2.1068292	-1.33139	-1.9843473	-1.8951701	-1.5518018	-1.134666	0.19539091	0.26556107	-1.0984087
0.6097953	0.29686317	1.0471411	0.38149428	-1.2968645	0.9278268	1.2119532	1.4035662	0.46029326	-1.2846141
-0.7474833	-1.1470318	-0.3266305	-0.8624075	-1.8661085	-1.0108961	-1.2754314	-0.8955877	-0.8310515	-1.2251228
1.0800643	0.71806073	1.0842457	0.9614296	1.7548763	1.754762	1.5572871	2.2525034	1.7058787	1.372223
-2.5353472	-2.261902	-1.6037606	-2.4176173	-1.1696714	-0.60212255	2.3005702	0.143009	-0.9204947	-0.55389667
0.25248802	-0.40387845	0.5944606	0.088409916	-1.6975187	0.5639738	-0.16653475	1.2583522	0.80455077	-2.276873
-2.210425	-2.0463498	-1.4095608	-2.1166718	-0.57207304	-2.3373203	-2.2199833	-1.3513997	-1.8921067	-0.41366738
0.029519461	-0.28997868	0.47824413	-0.17921922	-2.0273993	-0.34879446	-0.3001305	0.47628433	-0.32066953	-2.0884788
-2.470448	-2.4425046	-1.7384906	-2.3407564	-2.2640796	-1.8964883	-2.0735903	-1.4977138	-1.7686173	-0.13527678
0.17209047	-0.15787828	0.3803418	0.046137497	-0.43803376	-1.5847086	-1.424	-0.7594038	-1.9014606	-1.2973087
-2.6337109	-2.371857	-1.7018985	-2.5087097	-1.9798998	-2.5247765	-0.95191973	-1.2177651	-2.252281	-1.6240842
-2.4872386	-2.341075	-1.6020081	-2.39791	-2.243661	-2.6146133	-2.1141205	-1.6687495	-2.6292386	-2.258326
-1.6958965	-1.9194493	-0.9988761	-1.6536069	-0.60847384	-1.7353337	-2.1169221	-0.7948423	-1.5723698	-1.0801021
-2.0833511	-2.0568962	-1.4026793	-1.986683	-1.3432391	-2.0550005	-2.370714	-1.2785246	-1.7620406	-1.4083169
-1.8519253	-1.8419173	-1.2675478	-1.7913456	-1.415448	-1.5338106	-2.0065444	-0.9136815	-2.2329752	-0.998709
-1.03965	-1.1039165	-0.6764306	-1.0029833	-0.8674643	-0.1930461	-0.49351248	0.017305713	0.19153027	-0.81524396
-1.1895081	-1.49573	-0.7481189	-1.2141919	-0.25232744	-0.9558945	-0.9947599	-0.610493	-0.5601483	-0.768291
-0.5630208	-0.84945667	-0.05929169	-0.6558932	-1.4790196	-0.37880987	-1.0581396	0.2450136	-0.6904422	-1.7730175
-2.4735575	-2.2884111	-1.53117	-2.3665395	-1.3117746	-3.1170406	-0.64162594	-2.544955	-2.392971	-2.1838856
0.0885854	-0.6394663	0.4463574	-0.13491988	-2.1964853	-0.5473516	-1.3793777	-0.409315	-0.9275295	-1.8846632
-0.3642746	-0.774691	-0.3457156	-0.5442248	-1.4542755	-0.063861065	-1.4382322	-1.3139713	-0.51595277	-1.4417927
0.19632778	-0.073149085	0.49862745	-0.017560408	-1.9187227	0.18893994	-0.10012872	0.37427032	0.088270195	-1.8934226
-1.6784024	-1.7547854	-1.1113572	-1.6136409	-1.0781735	-1.8455956	-1.5967306	-1.5929294	-1.4851799	0.6429383
-1.9299557	-1.9228716	-1.2375174	-1.8665175	-1.3754736	-1.7943251	-1.7750845	-1.3764495	-2.231698	-1.598135
-1.796507	-1.7959101	-1.0786555	-1.6785493	1.4677043	-1.2193874	-1.7120851	-0.72666687	-1.1428126	1.0485327
-0.4056531	-0.6097611	-0.254068	-0.5590172	-0.4486022	-1.1308753	-1.3367676	-0.72731674	-0.98363423	0.46385357
-1.5248308	-1.3320477	-0.80117285	-1.552137	-0.6560991	-1.3028724	-0.9956279	-0.70654017	-1.3412037	-0.60844594
5.9005156	2.173998	5.5789385	5.0358515	0.67665315	5.895675	2.4164686	6.119927	5.284985	0.8831997
-2.604237	-2.3795922	-1.5956182	-2.5193222	-1.6089472	-2.3844466	-2.2002351	-1.004923	-2.779147	-1.7136629
1.2143701	0.53276503	1.4937196	0.9925617	-0.09279516	2.1298501	1.1358567	2.2536154	1.4581264	0.75740826
0.27411708	-0.2469646	0.3191472	0.16342981	-1.1153144	0.8412407	-0.16245459	1.1629468	0.65664256	-1.6940601
-1.5534236	-1.716378	-1.0039357	-1.5454903	-1.7474952	-0.96820396	-1.45509	-0.7958146	-0.5070884	-0.6873441
-2.05746	-2.0206947	-1.4550703	-2.0070062	-1.3487871	-2.3565643	-2.2547219	-1.1727111	-1.8220565	-1.4599493
2.563701	2.670398	2.3589268	2.1822646	0.028486937	0.33088306	2.2436576	0.17413358	0.6632816	0.48493555
-2.50411	-2.3806412	-1.7386552	-2.4576101	-1.6883887	-3.1552432	-1.1303312	-1.8234034	-1.9330091	-1.0273293
0.3972645	-0.8736423	1.0344441	0.21843825	-2.1058095	0.117163375	-1.0250477	0.98592514	0.1513966	-2.185175
0.5607092	0.61062884	0.5354779	0.3734517	-0.50436324	-0.021319106	0.25164452	0.7522738	-0.12240123	-0.39300674
-1.0682065	-1.4501437	-0.6345495	-1.0043489	-0.7510274	-1.282215	-1.9586596	-1.0704329	-1.471672	-1.1276667
0.3776926	0.89306915	0.71795166	0.13458656	-0.7045673	-0.42718914	1.5374815	0.39994484	-0.9703304	0.3968333
0.04754602	-0.5322169	0.3458955	-0.0687079	-0.6085439	1.5886793	2.0866864	2.5299869	1.8098503	0.34357178
-1.0128471	-0.92696846	-0.55846083	-1.0453224	-0.106977075	-0.711651	-1.8998443	-0.34159863	-2.2374136	-1.3732293
-1.542886	-1.8937392	-1.03	-1.4357738	-1.6555418	-2.2228465	-1.9432983	-1.6283036	-2.7133365	0.20976615
-1.9788021	-1.8836765	-1.3084491	-1.9453162	-0.9562266	-2.1506891	-0.66331697	-1.3908812	-0.02166158	-1.7700588
-1.5365788	-1.8393166	-0.98084545	-1.4758126	-1.3161623	-1.5426025	-2.4638815	-1.8328636	-1.5671799	0.23227204
-1.7110103	-1.8518522	-1.1176295	-1.65272	-1.2242787	-1.6591973	-1.8620992	-0.3649894	-1.3004651	-1.581394
-2.2900257	-2.3415277	-1.5112524	-2.2077265	-1.9500809	-2.508619	-2.513013	-1.3443073	-1.5360131	-2.1723964
-1.5119858	-1.5632554	-0.9718107	-1.4277999	0.6256943	-0.22215648	-0.33398622	0.30943125	-0.34539664	-0.06716499
-1.5774719	-1.3855506	-1.1369468	-1.5220584	-1.2385143	-0.614974	0.4402959	-0.3585292	-1.2334187	1.3778825
-1.252046	-1.4629318	-0.76431966	-1.2398016	-1.2753795	-1.7098329	-1.7022791	-1.3060523	-2.7317083	-1.2072483
-0.6489105	-0.99711347	-0.3632103	-0.5903606	0.08617133	-1.3662665	-1.4374452	-0.9718121	-0.97083104	-0.88000745
-0.78728116	-1.2514957	-0.4974605	-0.7654653	-1.610748	-0.52803886	-0.6433679	-0.4202968	-0.29154757	-0.030252786
-0.93614686	-1.1792884	-0.41116515	-0.8727962	-1.771697	-1.5225023	-1.7304177	-0.8404498	-1.3721539	-1.2435125
-1.5484403	-1.8758851	-1.086873	-1.5216507	-1.7425932	-2.185185	-2.0103133	-0.6495095	-2.1307924	-1.7298604
0.925848	0.47097996	1.4036374	0.68415815	-0.49677595	0.39828256	-0.32318506	0.8136734	0.44050127	0.056567777
-1.3720366	-1.5364136	-0.9472444	-1.403236	-0.35799325	-0.701082	-0.62464756	-0.7185474	-0.8798032	0.5158403
-2.1612868	-2.161415	-1.4532343	-2.0220466	-1.1939843	-2.6596527	-2.5400114	-1.9117155	-3.1426063	-0.99128985
1.1416444	-0.36100608	1.4353851	0.96677804	-0.41577315	1.20915	-0.5992284	1.3276768	0.6943579	-1.0148438
0.21154007	-0.12834914	0.6491952	0.09802438	-1.3418447	0.14542617	-0.052047387	0.7351515	-0.41971445	-2.1964462
-1.469691	-1.7075167	-1.0088023	-1.447985	-1.6215466	-1.6805396	-0.6535393	-0.97523373	-1.4422581	-1.499995
-1.9122294	-1.7636206	-1.2159431	-1.8164817	0.46319076	-2.1436527	-1.9483749	-0.48167288	-1.9053324	0.70565903
-2.2799225	-2.331525	-1.4988804	-2.115932	-2.720622	-2.0701306	-1.4345897	-1.2820843	-1.0175382	-1.5713468
1.1125927	1.8619692	1.062146	0.7208758	0.536152	1.1579473	0.37958094	1.693243	0.71296257	-1.2152739
-1.491663	-2.478644	-0.89611006	-1.4395754	-0.044417918	-0.67038286	-3.244887	-0.83762586	-0.5354222	-1.0726204
-1.9655563	-1.9057523	-1.2790568	-1.8407311	-0.2554641	-1.6655809	-1.5828152	-0.6921284	-1.2764703	-0.853901
-2.1279469	-1.9807022	-1.273993	-2.0438159	-0.25410867	-2.2617624	-2.383754	-2.3689365	-1.9285522	-1.1276753
-1.4681189	-1.7220302	-0.8778837	-1.3792248	0.32670334	-1.4262103	-2.430664	-1.566913	-2.0507483	0.5552195
0.28221074	-1.1816757	0.66757596	0.14039074	-3.1754637	0.44566414	-0.9578971	1.2944582	0.19740227	-2.406209
-0.8885801	-1.2294358	-0.52940726	-0.81260246	-0.013086706	-1.6671649	-1.6028569	-2.047659	-0.88283074	-0.7495774
-1.8092694	-1.7925901	-1.1163722	-1.7041883	-0.2569984	-1.8145759	-2.2415273	-1.446531	-1.9367727	0.92148304
1.2324662	3.877744	1.3411257	0.86035085	0.29587337	0.057446513	1.8110477	0.71294266	-0.45923686	-0.31577447
2.1644197	1.6146332	2.2227921	1.764044	-0.33938757	1.7109748	1.3359565	1.9057494	1.7879878	-0.44308388
-1.647833	-1.8823568	-1.1205205	-1.5537438	-0.083486885	-1.4284232	-2.4812036	-0.9374378	-1.9732589	-0.5708173
-1.4613551	-1.5813222	-0.9849119	-1.3878543	0.31291667	-1.0633359	-1.7214108	-0.71937996	-0.9617571	-0.35379308
-1.9308497	-1.8124889	-1.3437415	-1.8815119	-0.79467773	-1.9598854	-1.4104489	-1.3676485	-1.6270775	-0.25552168
-2.0222704	-1.8276756	-1.3268316	-1.9808122	-0.73745155	-2.2502089	-2.5080032	-1.3889629	-2.0647526	-0.057341833
-1.2613586	-1.6209441	-0.8117161	-1.2831826	-0.853858	-1.7369677	-1.5403419	-0.5158769	-1.7092797	-1.1432657
-1.6070559	-1.7012162	-1.0381118	-1.566223	0.25220504	-1.2690564	-2.0684168	-1.1142881	-2.0844572	0.63837266
-1.6590697	-1.9034607	-1.0922548	-1.6053296	-1.2650536	-1.5103556	-1.4570302	-1.2153611	-1.4339858	-0.9828412
-1.2936591	-1.5946877	-0.7753054	-1.3152039	-1.5038123	-1.8765354	-0.45125434	-1.3959848	-1.6157181	-1.15353
0.36738887	-0.22451362	0.53994846	0.18616523	0.14996538	-0.6519049	-0.8904202	-0.08819754	-1.5601106	-1.572017
-2.419935	-2.2851322	-1.4973266	-2.376643	-1.2903057	-2.314569	-2.140647	-1.4351612	-2.9771824	-1.5634199
-0.42960155	-0.3728712	-0.24768293	-0.36619872	0.30470148	-0.8717146	-1.3625944	-0.87011296	-0.77573246	-0.7198318
-0.94316274	-1.3648609	-0.5985527	-0.9076928	-0.88448334	-1.5382059	-1.8573321	-1.1253316	-1.2762773	-0.23025718
0.77362627	0.829617	1.078152	0.5130125	-0.27008063	0.34274858	1.2633231	0.46404755	-0.03107799	-0.5593148
-1.43681	-1.5107125	-0.81731963	-1.4762803	-1.4841218	-2.0614543	-1.7301466	-1.3617767	-2.0993152	-1.6087476
-0.08589668	-0.23765531	-0.17836663	-0.27448046	-1.1453565	-0.88362986	-1.3274707	-0.20109348	-1.0541304	-1.4260545
-0.24566352	-0.48367062	0.2116459	-0.31848383	-1.0172734	-1.1114888	-0.4330982	-0.9348033	-1.51696	-1.4845943
-0.78241086	-0.7048845	-0.4851441	-0.96072507	-0.75154305	-1.0499634	-0.68312055	-0.62588215	-0.92279935	-0.035371754
0.054020755	-0.80950105	0.33197075	-0.15139742	-1.5153384	0.15633255	0.27022544	0.52884614	-0.46827638	-1.8583038
-1.519895	-1.7393191	-0.8795253	-1.442817	-0.6086031	-1.9321094	-2.3960881	-1.9209174	-2.2142591	-0.06929265
-0.24492756	0.20289454	0.30057225	-0.26757854	-0.40594807	-1.2535248	-0.037570223	0.32921118	-1.0447621	-2.2874892
-1.3272544	-1.1270957	-0.85123754	-1.194944	1.1794096	-1.2922472	-1.1218745	-0.5025711	-1.9521207	-1.7797021
-1.8811107	-1.9579064	-1.1653544	-1.7402822	-0.51244617	-1.7087746	-1.9858164	-1.3369673	-1.3056033	-0.99638605
0.721082	0.35973433	1.0072011	0.50949097	0.35699758	0.8508463	0.44580743	1.3891717	1.7888364	-0.40239894
0.6935907	0.6526717	1.0600444	0.50934607	-1.4216297	-0.11582951	-0.0021121968	0.412864	-0.09929115	-1.3647069
-1.1652895	-1.8636477	-0.7576157	-1.0845613	-0.8038838	-0.08548741	0.57523304	0.018375738	-0.35717106	-0.09212496
0.43350676	0.19912723	0.9155767	0.22694086	-0.33924296	2.5985615	1.554954	2.7193577	2.5502634	0.5824859
-0.8182043	1.2440233	-0.29887608	-1.051015	-1.1293433	-1.1747956	0.26958352	-0.3884802	-1.1297246	-1.1985589
-1.8638321	-1.8293827	-1.1612294	-1.8235016	-0.7618439	-1.9871796	-1.6992853	-1.2507966	-1.8119429	-0.50783956
-0.6638158	-1.0582502	-0.23015201	-0.64594525	-0.83075523	-0.67422175	-1.272101	0.679522	-0.61835515	-2.0383275
-1.2395253	-1.5553217	-0.9286815	-1.1776263	-1.1463163	1.4130759	-0.15154502	-0.2130401	1.5886312	-2.3707352
-2.1004758	-2.2143657	-1.3844936	-1.9499623	-2.2678583	-2.1915524	-1.9773823	-1.5443176	-2.6731393	-2.8444226
-1.5262727	-1.8383391	-0.90015936	-1.4857472	-1.1624018	-0.974902	0.14227834	-0.94255763	-1.0721583	-0.8354999
-0.9443998	-1.0635588	-0.5105121	-0.90793025	-1.1171064	-1.38462	-1.1416912	-0.48437718	-1.2338625	-0.013037101
-1.293595	-1.4723482	-0.8557975	-1.2564518	-0.27695996	-1.3737574	-1.407815	-0.84575367	-1.343524	-0.9610962
-1.9420373	-2.1151874	-1.2100524	-1.920646	-1.104547	-1.0158355	-2.0335426	-0.49519607	-1.1381464	-0.90454656
0.74283844	1.3335435	1.1906251	0.64252734	0.27137938	0.1588977	0.09549357	-0.6531121	0.5986215	-0.126372
-0.22303745	0.89138293	-0.17615107	-0.38658112	0.34608242	-0.64892334	1.9821539	0.041434832	-1.109043	-1.1284932
0.44682595	0.29995117	0.7559713	0.13879849	-1.9744002	0.4678241	-0.6242235	0.90793127	0.20738521	-1.5674431
-1.4475347	-1.7625242	-0.90094316	-1.4110334	-1.1055751	-1.4739982	-2.4976006	-0.9099361	-1.0250082	-0.71767145
-1.6189125	-1.7905588	-1.1139919	-1.4916905	-1.8877987	-2.4147117	-1.7846417	-1.5900161	-1.8260595	-2.5772228
0.10579505	-0.85331464	0.3611124	-0.03183885	-0.995811	-0.10406744	-1.0767639	-0.32646924	-1.1103525	-0.12319263
-1.6940901	-1.9961972	-1.175549	-1.6815064	-2.3515072	-2.0951495	-1.4597859	-1.1269844	-1.8059527	-1.545098
-2.7735598	-2.4993632	-1.8262498	-2.6797986	-1.8390013	-2.3520796	-2.245679	-1.3229253	-2.4865725	-1.8822521
-2.7563412	-2.4890027	-1.7113816	-2.6132486	-1.3597829	-2.526534	-2.503938	-1.627843	-2.4560995	-0.83477515
0.29673186	0.45463297	0.5955392	0.0628144	-1.5200623	0.32939264	0.86660707	0.102899544	-0.3687424	-1.7519318
-2.0826366	-2.2732322	-1.5113566	-2.0319312	-1.5610898	-1.8240322	-2.0953236	-1.3957477	-2.1573708	-1.126903
-2.2489433	-1.872874	-1.3397752	-2.3628886	-1.9811779	-3.1680818	-1.959577	-2.7107553	-3.0943348	-1.4889562
-2.5437295	-2.2721364	-1.5426635	-2.409054	0.45216712	-2.8311062	-1.2945979	-1.7848225	-2.8277133	-0.17249617
0.5482364	0.9797983	1.0537055	0.3573799	2.0251656	1.3409389	1.6694999	2.7879763	1.0239352	0.4782455
-2.1545224	-2.2138844	-1.4478669	-2.0989678	-1.5364065	-2.324076	-1.7633818	-1.2696065	-2.455277	-1.5996712
-1.5227662	-1.7039316	-0.9844744	-1.4207883	-1.0144672	-2.0087385	-1.8518779	-1.4085268	-1.7628592	-0.77056587
-0.12465551	-0.7164868	0.18957758	-0.23786569	-0.9289503	-0.2772713	-1.3832179	0.24854991	-0.23783138	-2.3097088
0.011437222	-0.6006831	0.48867795	-0.16848221	-1.3302199	-0.7408146	-1.0225227	-0.039356045	-0.6762793	-0.8265566
-1.980504	-1.6865501	-1.2068708	-1.8072467	1.9175273	-0.81209123	-1.3910773	-0.78831816	-0.7359064	1.1555988
-1.3351841	-1.417315	-0.7539091	-1.3230543	1.3191174	-1.4344331	-1.4948204	-0.18783803	-1.5760226	0.24309349
-1.6504488	-1.8662271	-1.0381471	-1.5774562	0.12876806	-2.309528	-1.9661791	-1.6233724	-2.4309902	0.15428498
-2.0587978	-2.2959566	-1.369807	-2.0161932	-2.4456947	-2.2806714	-1.7681816	-1.3012613	-2.2806027	-1.9669935
-1.5532463	-1.1905062	-0.9244921	-1.346064	1.5637473	-1.7244298	-1.3267471	-0.7600389	-2.7804198	0.49624655
-0.43745166	-0.018645555	-0.19313738	-0.57369334	-1.1101097	-1.0056846	-0.574688	-0.32493812	-1.0316367	-1.9485977
-1.674955	-1.8041819	-1.1016812	-1.5465041	0.3790975	-2.1785455	-1.909473	-0.7727232	-2.3375342	0.12075646
-0.27167776	-0.744406	0.27462038	-0.29232484	-0.6701237	-0.66512096	-0.5129497	-0.33565897	-0.6698187	-0.9880481
0.6604158	0.20090231	1.0787172	0.4267742	-2.3858886	0.056049794	-0.7487477	1.0294333	-0.2912844	-2.0652943
-0.43899262	-0.87918806	-0.060323834	-0.53334165	-1.318448	-0.25883153	-0.9403951	-0.46442965	-0.73474705	-1.4260501
0.24070236	0.20905975	0.6795505	0.09385122	-1.0226284	0.17396896	1.5589844	0.050820082	-0.46578595	-1.0842403
-0.4653523	0.568627	-0.5060737	-0.46799207	2.25213	-1.2517129	1.4088328	-0.545801	-0.91907597	1.2220087
-2.9381037	-2.5461123	-1.7648349	-2.8286493	-0.08736989	-2.9681659	-2.2314067	-1.522062	-2.5477304	-0.77361387
-0.7832123	-1.273906	-0.363189	-0.79911244	-0.370395	-0.76065254	-1.0530612	0.32056105	-0.9583077	-0.4638473
0.09406597	-0.53674364	0.54417205	-0.04664205	-2.1660058	0.14306544	-0.036454085	0.71256614	-0.3593677	-2.3114204
-1.5015806	-1.9591209	-0.86278415	-1.4967998	-2.5566196	-1.3032603	-2.0463781	-1.0143307	-1.4242786	-2.7071278
0.1910589	0.42258915	0.5510129	0.01583442	-0.6309905	0.6509725	-0.09559462	0.8099185	0.48958683	-0.31369758
-2.2005992	-2.0769973	-1.6343879	-2.0831068	-2.179453	-1.7099879	-1.0983611	-0.95535606	-2.3353221	-0.8881384
-1.7058705	-2.0441551	-1.1344699	-1.7257066	-2.8167417	-1.6679652	-2.5595615	-0.9743875	-2.030208	-2.4252865
-1.8229859	-1.9808137	-1.3348371	-1.7125833	-1.4933995	-2.275793	-2.400687	-1.2772849	-2.4196782	-2.3169827
1.3663123	2.0334182	1.2341671	1.1439531	0.25579807	-0.66853315	0.039293963	-0.3010878	-0.83863336	-2.2506287
-1.9869229	-1.9548292	-1.2764449	-1.8508257	-0.7637974	-1.4973778	-2.1760058	-0.6112695	-1.7094159	1.7729198
-1.0700701	-1.3352407	-0.56343627	-1.0687224	-1.6298641	-0.89936256	-1.1671854	-0.6122833	-1.1818472	-0.45780188
-2.057948	-2.0778859	-1.2995872	-2.006643	-1.0756564	-2.201743	-1.1190288	-1.203284	-2.577177	-0.15947598
0.7598546	0.97163963	0.73074746	0.4715333	0.8288959	-0.22822796	0.24397857	-0.11844574	-0.36409074	-1.0570766
-1.5177759	-1.4555123	-1.0402215	-1.4420447	-0.54204535	-1.1264647	-1.7288766	-1.0805664	-1.7449777	0.9193922
-0.13908884	-0.662451	0.15441594	-0.24162073	-0.71868324	-0.73200625	-0.96151775	-0.75605834	-1.3809452	-1.1436415
-1.7652469	-1.7986151	-1.1340115	-1.6796672	-0.64667964	-1.1004852	-2.3750207	-0.7152837	-1.1397476	0.9809011
-1.1093174	-1.3604187	-0.71426666	-1.1402078	-1.6681274	-2.5604873	-2.1345932	-1.3935994	-2.4221995	-2.293326
-1.7846256	-1.7800968	-1.1277514	-1.7402402	0.28475538	-1.6058817	-2.0420213	-0.47509032	-2.1887028	0.065094486
1.4715936	1.6641736	2.0093322	1.2509637	0.1404483	0.02897264	1.6734844	0.8224034	0.11523949	0.15080212
-2.0917811	-2.131078	-1.4487964	-2.0215487	-2.4254587	-2.11534	-2.4159095	-1.4059072	-2.7206	-3.1390889
-1.337307	-1.6970028	-0.9465952	-1.2641265	-0.8180665	-1.0112637	-1.0804433	-0.9921676	0.36509675	-0.3279491
-0.4479893	-0.7801758	0.05064866	-0.5844912	-1.0991673	-0.2011993	-1.0561913	0.21622017	-0.2703155	-0.9307636
-1.2699592	-1.3204136	-0.73805416	-1.1976507	-0.057548314	-0.8931819	-0.63847804	-0.40539846	-0.8291356	0.9542802
-0.5735798	-1.602312	-0.16739723	-0.5905018	-1.0054822	1.4269538	-0.95835274	1.3194578	0.8553778	0.21356745
0.24496219	-0.6331438	0.63813543	0.040258095	-1.9685477	0.621245	-0.8378499	0.72664356	0.38709512	-1.5444309
0.17505366	-0.4832285	0.5740168	-0.043903038	-1.5237734	0.2968329	-0.83698756	0.63195837	-0.39773145	-0.69551104
-1.1065149	-1.5363401	-0.6145843	-1.1698453	-1.3926947	0.80094254	-1.1162803	1.313813	0.00038232695	-0.44569317
-1.1800094	-1.786659	-0.733505	-1.2031636	-1.0843713	-1.2639071	-1.9399836	-0.8773475	-1.1999081	-1.2004826
-1.4738959	-1.7853614	-0.9916432	-1.4327831	-1.0846438	-1.9987288	-2.057917	-0.80074567	-2.064901	-1.3546975
-1.6841109	-1.869461	-1.1390723	-1.6111201	-1.4770054	-1.4545913	-2.0647967	-1.3352894	-2.0687728	-1.9576474
-1.0003262	-1.5309763	-0.74337757	-1.0132319	-0.9434515	-2.490274	-1.5062891	-1.1446028	-2.7844968	-1.2083737
-1.8267449	-1.8387365	-1.1080654	-1.6921393	0.6933564	-1.9701946	-2.6871798	-1.0633208	-1.7790287	0.39404508
1.2900432	3.5287244	1.8729267	0.928576	0.30742857	0.32474256	2.7554135	1.164344	0.04693915	-1.6610845
-0.8625745	-1.0059059	-0.55108905	-0.78089917	-1.013493	-0.11765796	-0.6493282	-0.039369166	-0.5547119	-1.7160205
-1.3967569	-1.6051631	-0.98275983	-1.374522	-1.1442693	-0.96707743	-1.7178499	-0.49651515	-0.5900634	-1.4933771
-0.99491864	-1.1777507	-0.6158825	-0.9780312	0.23367867	-1.1702504	-1.0996778	-1.031303	-0.98458225	0.67298245
-1.3851271	-0.70151687	-0.7680745	-1.5441928	-0.85612035	-0.13100028	-0.275696	0.58276945	-0.39703417	-1.3353146
-2.2798479	-1.912472	-1.3384281	-2.290712	-1.204605	-1.7213526	-2.0681636	-0.9300125	-1.9484396	-1.9411798
-0.83372915	-1.2202854	-0.39481464	-0.90249074	-2.1149173	-1.4731444	-0.6008364	0.15299122	-1.7891093	-0.61993086
-0.7080436	-0.99462223	-0.34574923	-0.7353245	-1.986633	-1.4395843	-0.020068368	-1.1507661	-2.0149167	-1.8847835
-1.43883	-1.6660194	-0.9056878	-1.459747	0.51200926	-0.6977326	-1.3267609	-0.86824536	-0.2194867	1.6361861
-0.46753353	-0.8445915	-0.10505405	-0.5911047	-1.6676619	-1.1447783	-1.4152681	-0.87753123	-1.1905422	-1.2754738
0.9363856	0.5583447	1.2154646	0.69241387	-0.7657803	1.7600635	0.38849738	2.04852	1.4286529	-0.83535004
-1.6059391	-1.121515	-1.2044843	-1.6362789	-2.0232446	-2.3413143	-1.8367982	-1.1467322	-2.598543	-3.1271706
-0.09537615	0.84774315	0.21066907	-0.032348126	2.2551975	-0.36609703	-0.4782517	0.018083276	-0.44368142	2.735172
-2.1974566	-2.2310615	-1.4457932	-2.1204953	-1.1074317	-2.148172	-2.6151285	-1.8167126	-1.9045364	-1.1768616
-1.9157313	-1.831908	-1.1772691	-1.8110268	0.80130935	-1.9407487	-0.9718366	-0.8117086	-2.5236466	1.1087024
-0.57963544	-1.0599651	-0.028351009	-0.73497546	-1.8676634	0.8504374	-0.116535455	1.6055007	0.44743615	-1.4664161
0.70131177	0.123028874	1.1708074	0.46662134	-1.0741794	-1.4104028	-1.0749248	-0.07924593	-1.8634771	-1.7681353
-0.4787148	-1.2918216	-0.22091821	-0.46380842	-1.2155075	-1.9115244	-1.8658789	-1.0651741	-1.7536135	-1.0691806
-1.4845761	-1.8576144	-0.9715766	-1.4871556	-1.2692169	-1.22935	-1.1852205	-0.6548933	-1.4025354	-0.0033467843
-2.141447	-1.9969188	-1.5102946	-2.1620278	-1.1283022	-1.7726529	-0.99915713	-0.4871779	-1.4855925	-1.4896506
-1.8755375	-1.9264339	-1.444212	-1.7676998	-1.807399	-0.93704176	-1.0746647	-0.9510531	-0.58015287	0.87551016
-1.442226	-1.6305925	-0.7866707	-1.515683	-1.4840225	-0.64982367	0.34711263	-0.99827564	-0.6100279	-0.9488782
3.3092227	5.0503	2.6112726	2.851002	1.5230674	4.032499	4.1467485	3.1412232	3.6060252	0.9294339
-0.49743122	-0.7215141	-0.007876307	-0.53188574	0.15403625	-1.0788238	-0.12891316	0.36104405	-0.7442005	-0.9649931
-1.8239263	-1.9627247	-1.2023605	-1.7563411	-2.3255794	-1.8823822	-1.8574556	-0.77287984	-1.6013675	-3.2374125
-2.6459405	-2.4475129	-1.6115872	-2.611651	-1.2005496	-2.4730792	-2.602815	-1.307426	-2.3659265	-1.2838542
-1.5928668	-1.8346562	-1.0295044	-1.5442189	-1.7029675	-0.83596355	-1.2625635	-1.0038393	-0.8766729	-1.8830539
-0.5507549	-1.3515813	-0.03977111	-0.5645576	-1.22955	-0.98365027	-1.4869097	-0.3200098	-1.2962776	-1.18255
0.29340976	-0.015807182	0.67088145	0.14352386	-0.41659096	-0.10963228	-0.26470634	0.10077747	-0.46637097	0.43550378
0.26573032	-0.44711375	0.59034073	0.12281783	-2.097331	0.48824617	0.13718016	0.71350706	-0.12859073	-2.5539672
-1.6629475	-1.7458093	-1.0865982	-1.5984708	0.68528116	-1.2209557	-1.4245255	-1.2488092	-1.4829001	0.42572725
-2.2159655	-1.9708432	-1.3932183	-2.1900146	-0.36079586	-2.5477338	-2.3648586	-1.5295671	-2.2259686	-0.2962731
-0.18935929	0.95238125	0.21898241	-0.24707726	-0.85435224	1.0592836	2.548433	0.60018486	1.1138533	-1.5670457
0.18246022	-0.26372027	0.5712075	-0.00423418	-1.6999873	-0.49178055	-0.7614913	0.38074902	-0.81346995	-1.4108251
-1.043277	-1.2492425	-0.6612766	-1.0477198	-0.8257803	-0.276082	-0.12269574	-0.040075414	-0.78136075	0.38540244
-0.86193126	-0.8566861	-0.38584635	-0.9799013	-1.0683382	-0.44780833	-0.8869847	0.5139092	-0.5913168	-1.0372611
3.8643656	1.8893054	3.3665628	3.4451606	-1.9596194	1.6211395	-0.18917388	2.6296296	1.346283	-3.0915394
-1.4029864	-1.3189316	-1.0212169	-1.3916712	0.13270572	-1.7654667	-1.4154814	-0.7279151	-1.777173	2.1519592
1.1798674	1.4910767	0.9220048	1.0984912	-0.5861575	0.23272073	0.8018141	0.5272206	-0.027127821	-0.6704417
1.0552181	0.70387805	1.4427122	0.7455492	0.5530822	1.2778412	1.803477	1.5749526	1.114821	0.2054335
1.4892468	0.43124333	1.706264	1.1245797	-0.20038494	1.4190414	0.80935776	1.9840219	0.97809577	-0.3580766
-0.36840037	-0.56155324	-0.050722122	-0.520484	-1.3159297	-0.81040704	-1.2003965	-0.8118685	-0.81250155	-1.647634
-0.9582008	-1.1307502	-0.19626108	-1.0492662	-0.30681083	-0.9730965	-0.72939646	-0.7615163	-0.2734334	-1.2515421
-1.4560345	-1.7002621	-0.934922	-1.4379035	-1.7410413	-2.3582551	-3.0824988	-1.8567085	-1.9946364	-1.6128502
-1.2578506	-1.6982154	-0.7386886	-1.1618916	-1.5846945	-0.92416304	-1.746851	-0.7741911	-1.1794213	-0.9573082
-2.5077991	-2.3319948	-1.6223698	-2.448591	-1.9160422	-2.6875932	-2.001194	-1.8442534	-1.841602	-2.102014
-1.283821	-1.4991484	-0.80550003	-1.2387321	-1.1332078	-0.93567014	-1.2865299	-1.13978	-0.59837735	-1.2315348
-0.5795322	-1.0662285	-0.030497223	-0.5365535	-0.6916413	-0.22590353	-0.68436044	0.41195604	-0.58863443	-1.1582034
-0.33673254	-0.180252	0.030765668	-0.5251456	-1.314814	-0.23258457	-0.8981876	0.38772345	-0.66021264	-0.93187684
-0.08478723	-1.5900689	0.56883204	-0.114870146	-2.514165	-0.9601453	-2.4015398	-0.22029959	-0.829898	-2.4323978
-0.9819718	-1.4921956	-0.55652916	-0.97886837	-0.05808413	-1.2697428	-1.5279564	-0.79183537	-0.9547301	-0.5178137
-0.16168162	-0.5327045	0.35848787	-0.1273026	1.0370289	-1.3282863	1.3959013	-0.6862257	-0.96588695	2.8877873
-1.9202204	-2.0979338	-1.2719758	-1.8845795	-1.8414794	-0.85608184	0.0071413564	-0.29788756	-1.2070878	-1.1668035
-1.5848459	-1.7734097	-0.9998673	-1.6238078	-0.24738759	-1.688759	-1.6220561	-0.6261616	-1.7706716	-0.12813394
-0.58467245	-0.9496474	-0.15098408	-0.75074387	-2.3302178	-1.1321625	-1.1900473	-1.2616912	-1.3393494	-2.1694994
2.4421315	2.0831735	2.9882767	2.178266	1.5356414	3.5791218	3.0792058	4.4661493	3.2802079	1.4544516
-0.4097341	-0.7996738	0.088228196	-0.4896195	-1.6235627	-0.42627987	-1.028541	-0.23932822	-0.21742533	-1.4753672
-1.0998689	-1.4743339	-0.59689057	-1.1130605	-1.3451048	-0.5582163	-1.415066	-0.3358037	-0.151975	-1.9274008
0.97718865	0.53758013	1.2480261	0.71325326	-0.3445184	1.3299468	1.0218594	1.9115491	1.1032889	-0.60044086
0.66255236	0.71831226	1.1915501	0.4266073	-1.0262117	0.1584428	0.2969402	0.41664976	-0.121453986	-1.4385006
-1.715644	-1.26691	-1.2966031	-1.7018315	-1.0772939	-1.6977154	-1.7933499	-1.219944	-2.6980522	-1.625012
-1.8159806	-1.7891388	-1.2253504	-1.7230883	-0.25676647	-2.244893	-2.1633995	-1.6098844	-2.520736	0.50256276
-2.0127022	-2.0922213	-1.3398489	-1.8974426	-1.3621434	-2.116997	-1.8543072	-1.1407821	-1.3837981	-1.4548894
-1.3715204	-1.6135397	-0.8589972	-1.3437991	-1.2566451	-1.791552	-2.105989	-1.206767	-1.466557	-0.26153886
-2.3303535	-2.262716	-1.5819262	-2.2256	-0.6786244	-2.1897376	-2.119537	-1.6623536	-2.0326383	-1.4093461
1.0581899	1.9774563	0.97586596	0.7527381	0.5676695	2.4395483	2.6831465	1.6132416	1.752387	0.25564742
0.62141824	-0.115362674	1.003516	0.44510877	-1.1755077	1.4051718	0.23766825	1.5282845	0.14065672	-1.3820766
-0.6336412	0.52740467	-0.68766963	-0.7659665	-0.46934745	-1.6229218	-0.23236991	-1.1881266	-1.1772681	-2.4494288
-1.6294206	-1.6512904	-1.087683	-1.5381166	-0.46470934	-2.273503	-2.1548853	-1.9595755	-2.257273	-0.1323151
-1.1668061	-1.2999008	-0.8218988	-1.2059231	-0.2736077	-1.6956558	-1.7901875	-0.6116355	-1.6745092	-1.3524005
1.3271058	0.8849281	1.5989696	1.0651354	-0.63225627	1.6807398	0.7146474	2.1002512	1.429993	-1.0626827
-1.7517916	-1.8836079	-1.1830475	-1.7095442	-1.6782303	-2.1970224	-2.2528875	-1.5547194	-2.8988335	-1.3561902
0.36761302	1.5549673	0.5751444	0.1548777	-1.6903534	0.31383118	0.21854655	1.0415474	0.71464485	-1.1075428
-0.4216146	-1.5481243	0.036445588	-0.44030756	-0.8682866	-0.26418686	-1.1671764	0.10740957	-0.4273306	-1.6032909
-0.01735393	-0.41564196	0.40517378	-0.16222832	-1.2241949	0.052195955	-0.35226792	0.9683312	-0.1627958	-2.1542861
0.06404664	-0.27558345	0.2476035	-0.05341105	-0.9078611	0.97957075	-0.014352406	0.6708758	0.77845305	-0.21304129
0.59074455	0.24416545	1.5562904	0.36277992	1.0669452	2.3716676	1.3744397	2.1894553	2.6575994	1.5472113
-1.2853054	-1.4661682	-0.82669926	-1.1751813	-0.4004058	-1.0338349	-1.0229392	-1.2033259	-1.2628685	-0.20791633
-1.9227252	-1.9720778	-1.2761531	-1.8540671	-1.4735693	-2.2842667	-1.3518907	-2.3894742	-2.8255463	-1.4622384
1.8747035	1.6138808	2.1766677	1.611692	-0.8523303	0.27561212	1.3273362	1.2396054	0.31331125	-1.5321622
0.37961176	0.21471387	0.908501	0.20105551	-0.68082494	0.9340322	0.9108068	1.7768775	0.95508134	-0.03614597
0.17984793	0.59044623	0.4972734	-0.02638632	-0.79562557	-0.57453287	-1.1930966	0.042111833	-0.5477304	-0.9068739
-0.177901	-0.6872127	0.32054767	-0.37786198	-1.0798769	0.58687264	-0.9978356	0.83391845	0.7619471	-1.3058039
-1.0931444	-1.4013951	-0.65038025	-1.0850297	-1.3522291	-0.12889877	0.7791778	-0.43496186	0.17473564	-1.0678747
-0.8797882	-0.7016293	-0.52881384	-0.8252116	0.34270844	-0.90176797	-0.073147215	0.09617694	-0.8017971	1.321345
-1.9230134	-1.9981096	-1.2539771	-1.8689893	-0.34399715	-1.9431418	-1.5513716	-0.87312055	-2.0366542	-0.37394786
-1.4342523	-1.6946671	-0.71725345	-1.4689827	-0.042990863	-0.66329664	-0.96754324	-0.5849515	-1.0572414	0.13919485
-1.1533861	-0.94923687	-0.7206881	-1.1297325	0.09555602	-1.5773907	-1.7443072	-0.7851905	-1.1803193	0.5737236
-0.12773915	0.58452237	0.4259196	-0.335819	-1.2144601	0.25051928	0.8423687	0.8358257	0.21797997	-0.8637841
0.24537751	0.34769002	0.6557472	0.029237464	-1.8092917	0.8268059	1.897277	1.1490008	1.0287125	-2.0973668
0.16530937	0.17255041	0.44863796	0.00027869642	-1.426623	0.85593307	1.878803	1.1117854	1.0915911	-0.628254
1.8207555	1.1094894	2.0777555	1.5720968	-0.94164157	-1.434996	-0.32102925	-0.8299809	-2.1454067	-1.657439
0.00035426766	-0.40025103	0.43826413	-0.15514587	-1.2286183	-0.9339472	-0.5059801	0.5369403	-0.60752755	-1.3499453
-1.6298008	-1.5975552	-1.0129371	-1.5463759	0.27425376	-1.0617536	-1.1423328	-0.35599592	-0.44225818	-0.42437214
-0.6902349	-0.97439134	-0.17556426	-0.8539084	-2.3545542	-1.723417	-1.0933319	-0.87669796	-2.1274965	-3.1491337
-1.3972257	-1.7207885	-0.8895924	-1.3680226	-1.1019183	-0.90291065	-2.4066017	-0.3050036	-2.028635	-1.5427095
-0.7285382	-0.8572366	-0.51180553	-0.7302248	-0.2182169	-1.1969737	-0.7355047	-0.37186727	-1.6121832	-0.6509738
-1.1617408	-1.5155463	-0.77642703	-1.0929939	-0.75706595	-1.3828981	-1.603043	-1.3911029	-1.2380449	-1.8201343
-2.1365385	-2.017754	-1.4051704	-2.0972786	-0.5365442	-1.8435602	-1.4769433	-1.3584367	-1.8108727	-0.07655631
-1.1372513	-1.4111646	-0.63388586	-1.1333568	-2.0465105	-0.62956	-1.6233132	0.049948294	-1.2661909	0.19303666
-0.4391021	0.26902136	-0.20844156	-0.5187986	1.8167208	0.46845773	0.50270784	0.24093775	0.47001955	0.8156468
-1.7266326	-2.0175326	-1.1698673	-1.6399742	-1.524966	-2.00106	-2.5401843	-1.199806	-1.7919283	-2.9241323
-0.30952924	-0.7646868	0.03654903	-0.3233465	-0.10150692	0.052700832	-0.5044862	0.26240104	-0.2118175	0.45750684
-2.6090753	-2.3914988	-1.7584832	-2.5059571	-1.5936669	-2.691321	-2.5935013	-0.65671355	-2.3593433	-1.6318607
-0.48935837	-0.30189902	0.045372024	-0.6019555	-1.2534668	-0.6732068	-0.31541798	0.087805524	-0.66179436	-1.0291345
-0.36816132	-1.0512005	0.09672251	-0.563644	-2.5045505	-0.37489498	-0.8306411	-0.20264754	-0.6879524	-2.290359
-2.0401492	-1.7281854	-1.4760723	-1.9821361	-1.8106682	-1.6872693	-1.0025038	-1.3198143	-2.142613	-1.5383029
-1.7485454	-1.8749443	-1.076872	-1.7403347	-0.7141464	-2.0221548	-1.7478987	-0.6224177	-0.724834	-0.8852625
-2.1748347	-2.1159372	-1.3569099	-2.1088188	-1.1145762	-1.6078058	-1.4865861	-1.05307	-1.1762793	-0.9570633
-0.7749552	-0.52842647	-0.3334662	-0.8054146	-0.3700296	0.26403457	0.010365286	0.7427254	0.19317815	-0.6909621
-1.9218591	-1.9357407	-1.20093	-1.8355474	-0.39005536	-2.132368	-2.035626	-0.93269217	-2.0440462	-0.60139036
-0.81345046	-1.298511	-0.42135516	-0.91888946	-0.5340965	-0.97645676	-1.1123269	-0.089944564	-0.7061336	-0.37108567
0.1870158	0.5963682	0.32246348	0.063432366	-0.82872486	0.6512069	1.799352	0.38758513	0.36782503	0.4434508
1.3102205	0.3993502	1.7276772	1.1308209	-1.5930034	0.32730204	-0.20702931	0.9863164	0.97011155	-1.9338707
-1.038481	-0.95743847	-0.3488954	-1.1811548	-2.8599217	-0.6009637	-0.75099164	-0.058583986	-0.69859296	-2.629462
0.24329534	-0.23991774	0.3135994	0.09642385	-1.0231717	0.016839774	-0.1514036	-0.23424266	-0.52470016	-1.6053158
0.5471372	0.14027002	1.0963337	0.35395402	-1.5510877	-0.050797865	-0.10241282	1.0359088	-0.4096849	-1.780441
-0.08924969	0.060237616	0.53415966	-0.20382345	-1.4484571	-0.76891494	0.05979891	0.328181	-0.6593155	-3.3484213
0.51978636	0.08115801	1.0116932	0.3406816	-1.3941418	0.4101733	-0.25705576	0.9802038	0.18975362	-0.8358354
-2.3213549	-2.3059962	-1.373786	-2.1864944	-1.5936279	-2.3046165	-2.4930592	-0.8362076	-1.8431561	-1.2658845
-0.8746069	-0.36077324	-0.47451815	-0.8580185	0.26769492	1.696253	0.5327452	2.485608	1.8390421	1.0808091
-2.8481848	-2.4555843	-1.6095254	-2.6265862	-1.3916137	-2.3786356	-2.2779994	-1.239219	-3.3550553	-1.0386856
-0.325505	-0.81284344	-0.027648538	-0.41334915	-0.9004581	0.4361392	0.45582646	1.234674	0.04316866	-1.1583533
-0.78105175	-0.1516374	-0.30334076	-0.80608344	-1.0556307	-0.6817962	0.017118296	-0.18890586	-0.2184065	-1.2545177
-0.65583116	-0.8081703	-0.19716519	-0.7041844	-1.2067375	-0.4910296	-0.52576363	0.62575364	-0.77744037	-1.748932
-0.77665406	0.044141263	-0.51845276	-0.8974633	-0.24274644	-1.1337136	-0.47189415	-0.9879868	-1.2769331	-0.26163867
-0.04762251	0.9696443	0.5682478	-0.17865671	-0.76242876	-0.57283044	0.21389042	0.1045144	-0.25616953	-1.3256078
0.064160846	0.76361597	0.4520986	-0.128002	-0.9472741	-0.6768847	-0.31154028	-0.15682982	-0.71071124	-0.911355
-3.0515025	-2.6229646	-2.0245495	-2.8925235	0.43603525	-2.879687	-1.2343196	0.117649406	-2.9568315	0.24262002
0.47481212	0.639588	0.520087	0.31997156	0.7594677	0.2006585	0.61529285	0.35903943	0.14103442	1.496336
1.1501292	0.65329504	1.5802203	0.91055393	-0.19278109	1.6930944	1.5518703	2.1201875	1.1166337	-0.6940324
-1.1066252	-1.4217503	-0.5949366	-1.1709511	-1.8193842	-0.7879765	-1.5132543	-0.111409955	-0.6436655	-2.083128
0.4586883	0.74107814	0.82276356	0.37344444	-0.22941601	-0.44543236	0.81607586	0.33154774	-0.7517441	0.14830466
-0.8624709	-1.443417	-0.4446759	-0.79230154	-1.3163538	-0.19207862	-1.015365	0.08740202	0.3883208	-0.17398354
3.16347	5.336572	2.8912714	2.8606396	4.3967347	2.5092928	3.212297	2.7229667	2.3422315	2.781509
0.17836207	0.2349272	0.5759028	0.0029374957	-0.9483813	0.06756795	-0.07425034	0.77306473	0.13807853	-0.66684955
0.24361381	-0.09303984	0.54484314	0.08208649	-1.066151	-1.6238751	-1.341615	-0.41195917	-1.7713062	-2.2369492
-1.9739342	-1.9522405	-1.2350893	-1.9445281	-1.3318524	-1.6446986	-2.1700702	-1.142783	-1.0361618	-1.0930613
-2.2889712	-2.166851	-1.4488721	-2.173788	-1.1934676	-2.5984018	-1.6565906	-1.888361	-1.9560733	-1.5649247
-0.62567425	-0.87727857	-0.14123079	-0.6648468	0.2286869	-1.2538303	-2.4240835	-0.89045876	-0.66731834	-0.3659404
0.8028717	0.91437566	1.2327943	0.5602432	-1.1714585	-0.49867246	0.17946865	0.6549607	-0.5921604	-1.8434874
-0.3920199	-1.2053089	-0.1617907	-0.4717192	-1.434421	-1.1759033	-1.9383764	-0.85205054	-1.0301491	-1.3108207
0.22974527	0.55330455	0.8583858	0.07002564	-1.2276678	0.044804387	-0.047803085	0.6439833	-0.12620175	-1.5266922
0.13191906	0.26229942	0.565405	0.08365159	-0.5318407	0.4411353	0.55477434	0.7805234	0.2901137	-0.23636803
-1.0161662	-1.5127811	-0.79188144	-1.0448862	-1.3960358	-1.4695032	-1.4152645	-0.57697195	-2.5417938	-1.250443
-1.2698442	-1.2789456	-0.7235637	-1.2496781	-0.58995485	0.49316207	0.10795566	0.19269016	0.32848516	0.081709854
0.7984767	0.19681317	1.1659849	0.6245156	-0.554221	1.303202	0.31567225	1.4516404	1.3416181	-0.5254114
1.5896103	0.022096038	1.670577	1.2156454	-1.4268647	2.8829243	0.04606338	2.484521	0.715304	-0.9150859
-2.0215514	-2.027254	-1.3114796	-1.9006865	-0.4709327	-1.9629542	-1.8886467	-1.32108	-1.753831	2.5428185
0.22205842	-0.32198954	0.50289595	0.045826495	-1.4992574	-0.57254297	-1.0168176	0.015140537	-0.08835683	-0.803339
-0.43176675	-0.6973237	-0.12319845	-0.5699471	-0.88897324	-0.5061676	-0.38491464	-0.9216583	-0.6614246	-0.81429374
-2.4698386	-2.344609	-1.5546551	-2.4092703	-0.9501327	-2.370458	-2.4121718	-1.3640656	-3.5909646	0.02950147
-1.1375263	-0.12428978	-0.9384972	-1.0691919	1.8101729	-1.029122	0.37356305	-0.56574565	-1.0201774	2.9887676
1.2023765	1.1869136	1.1529605	1.0204793	-0.16571559	0.55461013	0.27732044	0.7269331	0.61571336	0.033453826
-0.59978884	-0.7685791	-0.12312597	-0.62916404	0.038091213	-0.5312757	-1.6378275	-0.70814884	-0.49499428	-0.30295634
-2.6759508	-2.3850765	-1.8802121	-2.5449982	-3.2697277	-2.8788712	-1.876598	-1.2951338	-2.3121445	-2.83578
-1.6420648	-2.0122728	-0.9661968	-1.7139912	-2.662307	-2.3790934	-2.9766448	-1.4496617	-2.6024354	-2.4182653
0.24309507	-1.4285495	0.8654448	0.18473463	-1.1117501	0.66124207	-1.0588336	1.3262657	0.80043083	-1.3069433
-0.6424397	-0.78427756	-0.26810405	-0.7621249	-0.5897789	-0.7498729	-1.2410004	-0.4464427	-0.38379806	-0.26609647
-1.9460274	-2.02471	-1.3032804	-1.9122548	-1.2559055	-1.6056473	-1.7812519	-1.2869918	-0.87915915	-0.8130592
-1.1966034	-1.4884386	-0.693823	-1.1393672	0.003619045	-0.42773697	-0.59620225	-0.15002121	-0.9006374	2.0655043
-1.7473373	-1.7636838	-1.1735798	-1.6293254	0.0010271966	-1.2715453	-1.6624917	-1.6335196	-1.6943345	1.089426
0.28018147	-0.13166484	0.66163546	0.14481632	-1.2514894	1.6218033	0.44596928	1.9205393	1.3428625	-1.6709137
-1.8585777	-1.9944439	-1.1286451	-1.7671137	1.1553067	-1.6531934	-2.6594794	-1.4017774	-0.8005629	0.9771723
-1.0890683	-0.49609044	-0.6911882	-1.146758	-0.1040777	-1.9328123	-1.9727292	-0.8860942	-2.3939612	1.6625161
-0.670621	-1.0407462	-0.25583276	-0.7230232	-1.0630519	-0.19929582	-0.5108774	0.5110019	0.056870356	-0.29158154
-0.42705664	-1.0141269	-0.18506095	-0.4853099	-1.216658	-1.2359705	-1.9639015	-1.0912137	-1.4917173	-0.42597246
-2.856286	-2.619343	-1.8205819	-2.7796175	-1.7953042	-2.4720762	-1.3371209	-1.2296863	-0.9627679	-1.1085279
-1.2454346	-1.414733	-0.921914	-1.2566444	-1.5447322	-0.36987776	-0.83888286	-0.35742554	-0.7854175	-1.2256334
1.7304779	2.9819438	1.715203	1.3165305	-0.16480917	2.446524	2.2789755	1.6675963	2.2778862	-0.9600572
0.30851158	0.10727689	0.70431083	0.15063785	0.18835256	0.7860598	0.5510679	1.5023773	0.73617893	0.5085857
0.7842621	0.8421664	0.9044075	0.5226646	-0.3692486	0.7919266	0.16947348	-0.2507668	0.58045506	-1.373723
-0.412433	-0.2756352	0.07953516	-0.4568327	-0.47205496	-0.3351286	1.0653644	0.9946448	-0.4671088	-0.332238
-1.5219831	-1.5432031	-1.1426432	-1.3588116	0.47458407	-2.1152534	-1.5144719	-1.5648545	-2.096406	0.33583453
-0.14953557	-0.5726584	0.026494652	-0.28570527	-0.5363228	0.47276375	-0.41702843	0.15953973	0.1622297	-0.90967983
-1.0707543	-0.8239986	-0.7992672	-1.0870811	1.0698276	0.67299306	1.9403733	0.38961172	-0.3270125	3.4556863
-1.0715891	-0.7962352	-0.6468302	-1.1115363	-0.3374258	-0.07499512	-0.1948614	0.27698556	-0.4681212	-2.0083067
-0.1116036	-0.7635647	0.15334266	-0.17830464	-0.3823097	-0.59560984	-2.154751	-0.8316238	-0.2604882	0.17299691
-0.21597305	-1.6261082	-0.09058753	-0.20942481	-2.5428267	-1.9189179	-2.645628	-0.38680658	-1.7110498	-3.2847106
-1.3473154	-1.4767002	-0.78998435	-1.4446133	-2.2098649	-1.7507625	-1.696667	-1.1149738	-1.9500263	-2.4812691
-0.8478368	-1.1741755	-0.4340556	-0.8657594	-1.2195234	-1.2438666	-1.497236	-0.48238167	-1.6559583	-1.6544591
-2.2955081	-2.1896164	-1.5363241	-2.2340395	-1.2680727	-1.8300761	-2.2299855	-1.222241	-1.3073286	-0.72525567
-0.75473875	-0.43561378	-0.36876616	-0.81268716	0.16445526	-1.3537209	-0.75029415	0.31508192	-0.062303565	0.0830233
-1.9171553	-1.9567852	-1.2363555	-1.7555088	-1.307333	-1.9706414	-1.6285478	-1.5506669	-1.9294384	-1.2393016
-1.797852	-1.948088	-1.0708135	-1.7061634	-0.8033607	-2.3587632	-2.076405	-1.12766	-2.7336175	-0.82060015
1.2001958	1.7641063	1.3951052	0.9107939	0.046934277	1.6812339	2.0747445	2.1323876	1.2147565	-0.32812098
-1.888379	-1.9313171	-1.2351199	-1.8091733	-1.9123701	-1.300015	-1.1741425	-0.67936254	-2.6594014	-1.012736
0.34854075	-0.5725709	0.6586529	0.25364882	-1.8011721	0.14209294	-0.35972592	0.5234321	0.43127066	-1.529623
-2.1317642	-2.2896023	-1.4119835	-2.049397	-2.4653707	-2.2183297	-2.303907	-1.4780579	-2.6980186	-2.1663623
-1.4421378	-1.7941487	-0.9640969	-1.4267287	-1.1190921	-1.3063791	-1.6056986	-0.66103697	-1.0702254	0.29005194
3.248236	3.1697285	3.0543048	2.7512903	0.42240795	-0.12474627	-0.3854737	0.39617315	-0.7511614	-1.998709
-1.3345917	-1.534926	-0.86153376	-1.2846242	-0.6791041	-1.45334	-2.043064	-1.441906	-1.6756656	-0.9037864
0.4268007	-0.15261695	0.9652041	0.3279788	-0.35654154	0.86434627	-0.32155436	1.0904577	0.57656974	-0.76128703
-1.3548615	-1.4828509	-0.86465216	-1.2783473	-0.21073577	-1.5483755	-1.2013978	-1.190951	-1.9032334	0.7417395
-2.0067706	-2.055302	-1.3359413	-1.8825758	-0.30302647	-1.6355779	-1.8172393	-0.8721799	-1.2045004	-1.7705302
-2.1470091	-2.231116	-1.2698625	-1.9819577	0.61846685	-2.2297556	-2.567506	-1.2689233	-1.6159385	2.2067196
-1.3525457	-0.9050095	-1.1181285	-1.3230206	-1.1775149	-2.068564	-2.2068388	-1.2854904	-1.8020487	-1.747869
-0.53785056	-0.77284706	-0.10660961	-0.5810251	-0.5119755	-0.5844493	-1.106598	0.3425749	-0.43772835	-1.3946109
-0.94557816	-0.84510565	-0.18022162	-1.0289894	-0.91377974	-0.22726846	-0.16444851	-0.25896886	-0.87060404	0.050222978
-0.7615806	-1.1878896	-0.41741773	-0.7312211	-1.8904719	-1.6169311	-1.5178143	-0.7557024	-1.2041196	-3.298789
-0.82853585	-0.979807	-0.4410759	-0.8059302	0.18565342	-0.52158415	-0.72156703	-0.4016567	-0.34981677	-0.069321975
1.2365956	0.6507971	1.6526772	0.9913895	-0.75426906	1.3858241	0.5655451	1.8724023	1.2415348	-0.4497848
-0.79338145	-1.0070972	-0.24889559	-0.845084	-0.5567069	-0.19147603	-0.8752675	-0.6726716	-0.7225209	-2.048534
0.20836112	0.2867289	0.5543705	0.060444698	-0.8176058	-0.5686451	0.50067854	0.14108254	-0.48266155	-1.3815844
-1.78297	-1.3106883	-1.3786852	-1.6965816	0.05452761	-3.0806072	-2.521781	-2.3836908	-3.6632075	-1.5834081
-0.75835526	-1.3429924	-0.33397892	-0.7496475	-1.4394381	-1.4496286	-1.4133465	-0.9798911	-2.4162629	-2.1827579
-0.3117865	-0.9771273	-0.036062002	-0.5012741	-1.2684623	-0.59590024	-1.897974	-1.2059432	-0.5587693	-0.6251451
-0.3677547	0.31810424	-0.063706994	-0.57021254	-0.8830632	-1.2467905	-0.05133036	-0.8722041	-1.3806658	-1.181448
0.14255846	0.50723124	0.35256356	0.056231305	-0.9175714	0.41632932	-0.07912984	0.6648777	-0.008617685	-0.99521506
-1.8646921	-1.9781731	-1.1097517	-1.7645683	-1.0162061	-1.885772	-1.712256	-1.8514401	-1.8808001	1.4182994
-0.094987	-0.48662782	0.4897549	-0.1790985	-0.51111907	-0.33422402	-0.34908253	0.7120318	-0.39872742	-0.60352224
-2.0697875	-1.9287627	-1.3606454	-1.9652272	0.78446674	-1.6808256	-1.9693671	-1.1274822	-1.9521207	0.6380727
-1.7861867	-1.855278	-1.1938627	-1.6909088	-1.1468011	-1.9283574	-2.2692523	-1.7112639	-1.947661	-1.2605925
0.8150951	0.039150476	1.1229767	0.6646099	-0.69422007	0.5701366	-0.37246606	1.2033542	0.19517176	-0.11478572
-0.21108475	-0.56290853	0.25556332	-0.38266784	-1.5487003	-0.14019614	0.05231364	0.94953203	-1.2198658	-1.3140062
-0.44347307	-0.91155887	-0.059125632	-0.484038	-1.3907298	-0.69740343	-1.3083994	-0.39692384	-0.70131284	-1.0133996
-1.4803263	-1.567516	-0.9048102	-1.4867365	-1.2820644	-1.9410007	-2.7666278	-1.4813923	-1.6568617	-0.9583734
-1.4486759	-1.428265	-0.92092276	-1.392894	1.0792247	-1.1727326	-1.2098676	-0.90086436	-1.4427993	0.055638295
0.1992403	-0.7729037	0.3025628	0.14924131	-1.8616892	0.355104	-1.3358057	0.72302985	-0.25679597	-2.1766922
-0.15613556	-0.32649544	-0.13018546	-0.1054946	-0.6562506	1.2573484	-1.1972302	0.9604179	0.46329772	-2.335564
-1.0092597	-1.253737	-0.52117956	-1.0385101	-2.6616018	-1.1835859	-1.8230429	-0.3316575	-1.2733158	-2.9355576
-2.3173342	-2.0255728	-1.379992	-2.2691426	-0.6106092	-2.692255	-2.304591	-1.4319552	0.78013426	-1.0357692
-1.1874195	-1.0648336	-0.73239744	-1.2158257	-1.2399598	1.0200819	0.73430634	0.9967952	1.0945163	-0.8023376
-1.9783667	-1.718353	-1.3010119	-1.8646278	1.1766359	-0.88419026	-0.4421834	-0.5147368	-1.2615409	2.447475
-0.993781	-1.8773271	-0.50657856	-0.94654524	-1.1724418	-0.43024853	-1.525117	-0.18279754	-1.2655518	-1.35134
0.36279243	-0.16508004	0.40581667	0.25608993	-3.25952	1.5754669	-0.19886039	1.9786664	1.5378335	-1.1303104
0.7432083	0.6476432	1.2399709	0.5246689	-0.7308141	-0.30039987	-0.121890225	0.09246986	-0.5237354	-0.610838
-2.678558	-2.4262202	-1.6777861	-2.5960891	-1.545078	-3.1853764	-1.8895521	-1.035339	-3.4214995	-0.38809657
0.44787428	-0.07765737	0.9091668	0.26073802	-1.7148154	0.27642903	-0.010080876	1.2683482	0.28366107	-1.654226
0.5672367	0.42232183	1.058069	0.40814793	0.16209665	1.9231554	1.7663947	2.0267222	1.8956115	-0.81932986
-2.1885576	-2.2462072	-1.4544395	-2.1204937	-2.2420845	-2.423429	-2.463346	-1.4310215	-2.73466	-1.5535777
-1.404546	-1.6248659	-0.8387792	-1.3410398	-1.1487294	-1.8385969	-2.28083	-0.82334405	-2.127363	-1.0399386
-1.0519079	-1.4431919	-0.6183094	-1.104402	-1.7443897	-0.20539919	-1.0672544	-0.3264504	-0.42645273	-1.8366573
-0.8074558	-1.6218835	-0.09391531	-0.7831187	-0.6523657	-1.12696	-1.2306035	-0.39973968	-0.97712266	-1.2607286
0.4240019	2.294325	0.3204902	0.04456225	1.0798643	-0.10153189	-0.17470235	-0.23198514	-0.7572729	0.3066626
-0.27879134	0.58486843	-0.041124552	-0.35181534	0.8709761	-1.3325894	2.3549922	-0.2626443	-1.3570147	1.7598901
0.6719182	-0.39275455	0.6779171	0.69807076	-1.0276314	0.9624139	0.934534	0.37132454	1.338085	1.2007762
-1.0010933	-0.9416108	-0.68301105	-1.0596267	-0.4240477	-1.6266308	-1.0358143	-0.22290856	-1.4949943	-0.069877565
0.69659895	0.6111332	1.1761297	0.49037862	-1.1512982	-0.66673416	-0.91468	-0.13483137	-0.9570026	-1.5208831
-1.2762893	-0.6993816	-0.68212306	-1.2750628	-0.17833701	-0.9563742	1.8115488	0.7923718	-1.4334952	1.1576934
0.08216455	0.5864004	0.34139895	-0.17538893	-0.5326135	2.9804516	1.1542922	2.338516	2.2311635	-0.19696246
-1.4215769	-1.7108335	-0.93525124	-1.3291355	-1.2212836	-0.63332295	-0.9545289	-0.38560784	-0.41840053	-0.47865158
0.46812698	-0.09381455	0.9988514	0.32103217	-0.16184697	1.6601863	0.8105191	2.1533198	1.2240806	-0.62647533
-1.0036668	-1.0984378	-0.652017	-1.0246594	1.0948389	-1.4480426	-1.8868731	-0.724601	-1.598184	0.7839212
-1.0921239	-1.6815829	-0.9186375	-1.0110346	-1.7669903	-1.1629823	-0.6620922	-0.5848245	-0.98508096	-2.4058964
-1.4378649	-1.735774	-0.8733772	-1.3811548	0.57573056	-0.7780618	-1.4098148	-0.63785315	-1.0705627	-0.47274563
-0.64646256	-0.90688133	-0.34890446	-0.8033645	-2.0524983	-0.5159559	-0.119336516	-0.94372475	-1.2175269	-2.1531289
0.091773055	-0.19065902	0.7028208	0.0037409812	0.054679334	-0.0670116	-0.084838465	0.36109397	-0.5258876	-0.19429247
-0.9315893	-1.2571492	-0.5359154	-0.9860431	-0.6535631	-1.1244797	-1.3351532	-0.43111297	-0.96561533	-0.5140647
-1.2250732	-1.8890165	-0.7832376	-1.208561	-2.3579102	-1.201603	-1.8385175	0.026326405	-2.056367	-2.399027
-1.5776609	-1.3374938	-1.0926528	-1.568934	-0.48349014	-1.7775308	-0.26449743	-1.3036696	-0.46526822	0.70854276
-1.59668	-1.8405626	-0.8737327	-1.6402956	-1.9225879	-1.5931427	-2.3114946	-0.9208002	-2.0818777	-2.2440598
0.41150507	0.91741455	0.9466902	0.22111748	-0.9891075	-0.19742705	0.7341605	0.6092827	-0.6622884	-1.6763681
-0.50269634	-0.9878031	-0.022001296	-0.58881414	-1.683276	-1.1131176	-1.9796807	-1.0360173	-1.9083774	-2.038045
-1.879888	-1.8817095	-1.2257367	-1.8026974	0.17852864	-1.8271097	-2.1383667	-1.5944917	-1.77947	0.7381513
-2.345913	-2.2189271	-1.4964038	-2.1889079	-0.6930305	-1.1568425	-0.11723639	1.062902	-1.2106954	-0.4048091
-1.909649	-2.1339624	-1.2858337	-1.7901325	-1.2146431	-2.1849267	-2.3453856	-1.8962274	-2.6927228	-1.3613151
-1.5936023	-1.7356936	-1.1339787	-1.4713806	-0.8894099	-1.9417574	-1.8742946	-1.4607214	-2.0650477	-1.7300398
-1.7431226	-1.8241745	-1.1133388	-1.6235695	-0.6579025	-1.608816	-1.910931	-1.5916774	-1.6383599	-0.16284002
-1.2331483	-0.16489464	-0.8448864	-1.2740481	2.7715669	-1.1579645	3.2862756	-0.86621004	-1.2794262	3.3074675
-1.1833833	-1.5254314	-0.66654944	-1.1377723	-1.1944842	-1.4280685	-1.2363039	-0.9721225	-0.8565742	-0.38459158
0.23032936	0.08888164	0.5991682	-0.0055573136	-1.5833846	0.1817029	-0.20064963	0.8079696	-0.19684729	-1.4617022
-1.2170979	-2.057548	-0.64738345	-1.1678865	-0.97587335	1.1393691	-1.3406019	0.7652946	2.077614	-0.5741784
-2.429693	-2.4399283	-1.5456016	-2.3265994	-2.0849473	-2.268795	-2.6253042	-1.3125846	-2.5627034	-1.9548337
-1.604338	-1.7471147	-1.0369648	-1.5586207	-0.6514486	-1.6777993	-2.5962834	-0.8770421	-2.0507483	-0.071615994
-2.2354233	-1.9628975	-1.5059396	-2.1747134	-1.8130909	-2.514486	-1.8351579	-1.0541048	-1.8640122	-1.5458447
-0.63972616	-0.8590908	-0.26915982	-0.78275716	-2.1974044	-1.1152521	-1.4304097	-1.2243394	-1.2964151	-0.7827167
0.3543066	-0.08181964	0.8393363	0.33526635	-0.8602377	1.0018166	0.6604383	1.5403602	1.1256945	-1.7871825
-1.0151553	-0.7543423	-0.78292906	-1.0781162	-0.79676855	-1.6923093	-1.5410012	-1.0444082	-2.0444317	1.2447448
-1.5334247	-1.8574772	-0.81977105	-1.5254573	-1.0182699	-1.4974121	-2.3752675	-1.0026267	-1.3299785	-0.9480612
-0.45869943	-1.2490281	0.004904717	-0.44112545	-1.618954	0.07971395	-0.50203705	-0.66852355	-1.3336723	-2.2421563
-2.0596492	-2.1364639	-1.3770648	-1.8955762	-1.304062	-2.1125293	-2.7287776	-1.5489767	-2.6768863	-1.2212692
0.07185172	-0.38251072	0.6037869	-0.10271917	-2.0669446	0.4226715	-0.18589847	0.8063575	0.5156986	-1.899997
0.1983352	-0.4507859	0.51063186	0.044173136	-0.8141212	0.31840283	-0.2343031	0.84819126	0.577182	-0.9771278
-2.0313709	-2.0085258	-1.3325621	-1.922762	-0.32404605	-2.0318725	-1.5904967	-1.5688396	-2.560662	-2.0755465
-1.9209284	-1.684932	-1.2165079	-1.8774351	-0.9566982	-2.072507	-1.2244644	-1.4119875	-3.1497664	-0.7270844
-1.7169126	-1.8400568	-1.1314045	-1.6577573	-1.7581962	-1.7803639	-1.744537	-1.1945772	-1.550954	-1.3052483
0.02882526	-0.5790254	0.12590876	-0.1342729	-1.6498173	-0.42877334	-0.6013529	-0.15897106	-0.16473751	-0.41551003
-0.2268757	-0.387645	0.0007234812	-0.2904223	-1.4243983	0.3803775	0.5900556	0.52738196	0.4028892	-1.3438182
-1.6154194	-2.0475416	-1.0011697	-1.566288	-1.3166089	-1.9389307	-1.4870272	-0.6061021	-1.6817589	-1.0502185
-0.84759766	-1.2785105	-0.42009744	-0.8969006	-1.0149282	0.1906805	-1.5250905	0.18399039	-0.8715591	-0.5112018
-2.8407407	-2.6104472	-1.8583179	-2.6793697	-2.02718	-2.1302853	-1.0154529	-1.4873747	-2.1582196	-1.5242673
-2.575697	-2.44	-1.6902646	-2.4835205	-2.1409488	-2.5639913	-2.5742085	-1.7821107	-2.3856742	-1.3146396
-1.6380683	-1.7833266	-1.0662146	-1.6165497	-1.5445261	-0.85424507	-1.1818779	-0.63965666	-2.284696	-0.9370096
-0.44321218	-0.64120096	0.059809387	-0.5772267	-0.28432858	-2.209067	-2.047694	-0.6835027	-2.0615385	-1.369503
-1.2085072	-1.4092834	-0.9002402	-1.1450546	-0.99442494	-0.5404094	-0.92240626	-0.39162448	-0.63812435	-1.4782104
-0.14128342	-0.9874482	0.18386874	-0.28680193	-1.4411823	-0.6920587	-0.41680476	1.06594	0.17473564	-0.5334354
-1.934071	-2.2603736	-1.2027388	-1.8172199	-1.941707	-1.9449205	-2.6612906	-1.5911028	-1.5280359	-1.1310827
-2.054468	-2.1137183	-1.3738955	-1.8847396	-1.6766003	-2.181014	-1.6101449	-1.7063262	-2.2418714	-1.9163867
-0.10033965	-0.37015012	0.25932515	-0.28052762	-1.5911975	-0.32279703	0.50878906	0.17451985	-0.034693006	-0.8106062
-1.7113992	-1.7668928	-1.2252117	-1.632459	-0.469354	-1.1357472	-1.3310928	-0.7075642	-1.2705438	-0.37181902
-2.2080429	-2.0372252	-1.4838501	-2.1358376	-1.299912	-2.6542857	-2.531332	-2.3169825	-2.3897908	-1.3264066
-0.062265296	-1.0702553	-0.015173197	-0.086399704	0.13991654	-0.48074535	-1.1877806	-0.41462213	-0.74473596	1.0994393
-1.7248328	-1.3098625	-0.96242034	-1.5740825	2.7263825	-1.8391322	-1.7720814	-1.808893	-2.4885247	3.4775465
-1.7678775	-1.9217949	-1.2155387	-1.6860082	-1.1400276	-1.2276404	-1.9426906	-0.8665058	-1.3193274	-1.9964728
-1.8486913	-2.0004385	-1.1998782	-1.7767646	-1.5899945	-2.4324818	-2.6405694	-1.5001124	-1.5590705	-1.6391977
-1.6237991	-1.8096662	-1.0887717	-1.5445828	-1.9940418	-0.9544153	-0.9559696	-0.41773716	-1.3481807	-1.3854469
-1.7703186	-1.89503	-1.2029841	-1.6792232	-0.5344373	-2.0448937	-1.5925233	-1.1005386	-1.9364458	-0.8024912
-1.8308095	-1.9081337	-1.1991535	-1.7670271	-0.859478	-1.8707862	-2.513346	-0.7799138	-1.4812014	-0.7760101
-1.1922354	-0.3707175	-0.641588	-1.3422102	-0.5789148	-0.83907026	-1.2393315	-1.1926533	-1.5447621	-1.0055797
-1.5300738	-1.6398681	-0.996367	-1.5479016	-1.6380643	-0.86990845	-0.4257748	-0.69473296	-1.2278261	-2.01525
-0.85596305	-0.19154832	-0.23085752	-0.98839426	-1.3183576	-0.24830808	2.4704647	-0.94531757	-0.682347	-0.48324195
0.8009516	0.6271546	1.301951	0.552329	-1.5871707	1.3659942	0.6636304	1.8078384	1.2953489	-1.7553215
-2.5103977	-1.7797502	-1.797039	-2.5505977	-1.7456241	-1.9469483	-1.2568353	-1.8795849	-2.571405	-0.8810952
-2.3019354	-1.715519	-1.5489836	-2.267257	-1.0687718	-2.2007475	-1.4881724	-1.1481675	-2.6184044	0.053427804
-1.0428349	-1.253413	-0.52178144	-1.0340681	-0.24662074	-0.9089912	-1.2798848	-0.18877946	-1.6307135	0.31740478
-1.0105274	-0.69126105	-0.6086025	-1.0826187	-0.29445356	-1.7548983	-1.2857463	-0.8307248	-1.7650484	-0.57960105
-1.1901064	-1.489022	-0.70058095	-1.1568301	-1.1056924	-1.1478208	-1.3611048	-0.7474942	-0.48290014	-1.4805561
-1.1894792	-0.8789121	-0.69232583	-1.2358266	-0.8701074	-0.9213144	-1.2621554	-0.15222526	-1.0023632	-0.2800376
-1.563982	-0.49464107	-0.9925674	-1.5620035	0.5458338	-1.3151933	-1.1344981	-0.5681314	-0.07099582	-0.08116725
0.6421025	0.53430605	0.6887692	0.40879327	-0.22076932	-0.15599802	0.4185134	0.08619723	-0.9164438	0.10157581
-1.7834047	-1.9015403	-1.2366549	-1.7243712	-1.0877947	-2.2935681	-1.7505388	-1.7210993	-1.4372556	-1.5044202
-0.10296578	-1.258638	0.60178494	-0.18297115	-2.1621912	-0.9246904	-1.6356548	-0.29073483	0.06052138	-3.6002126
-1.5735159	-1.5981772	-0.9442854	-1.5588404	-0.04972905	-1.1973245	-1.0014032	-0.342853	-1.147071	0.7314722
-1.0827513	-0.84146667	-0.6998069	-1.0724313	-0.6693462	-0.8893779	0.31531405	0.065279715	-0.44935372	3.0030227
-1.7392524	-1.9214551	-1.0079778	-1.6638148	-0.92059195	-1.9978551	-1.8458186	-1.1088482	-1.2988355	-0.84763753
-2.3715777	-2.3133645	-1.5802877	-2.2172484	-0.8418796	-1.7096418	-1.6362785	0.18534133	-2.1326928	-1.5512726
-1.979432	-2.0367737	-1.3177427	-1.8483865	-0.7186241	-0.7179948	-0.9098605	-0.13447767	0.04576469	0.8517253
-0.9132424	-1.4326128	-0.6221442	-0.78304857	-1.927855	-1.4131831	0.36966884	0.6837189	-0.5945299	-0.5097908
-1.241287	-1.5364504	-0.8547025	-1.1229887	-0.39510247	-1.8620975	-1.6589893	-1.3500402	-2.2266362	-0.4139229
0.29313377	-0.46447113	0.67348206	0.061743006	-2.2074058	0.48634	-0.32090506	1.1916536	-0.32063746	-0.8043535
0.24990287	-0.7499553	0.5401231	0.016509518	-1.4507868	0.14078899	-0.35905677	0.36256656	1.0008955	-1.2376425
0.71003944	-0.2675539	1.0175217	0.5590211	0.5936718	0.7728619	0.43117082	1.0240308	0.81109655	0.68297285
-0.9179144	-0.9734113	-0.5973431	-0.9679133	-0.669547	-0.82939446	-0.5784043	-0.78487265	-1.1054152	-0.9225211
-1.3696916	-1.7641046	-0.90059924	-1.3352425	-2.1160967	-0.95684385	-1.1611383	-0.76979685	-0.9332447	-1.846834
0.29814497	3.908344	0.35169995	-0.10520225	0.27518764	-0.66921186	4.043393	0.68837655	-0.7129759	0.43204978
-2.8452926	-2.776437	-1.8303409	-2.7214885	-2.295108	-2.1471782	-2.982663	-1.1967119	-1.564804	-1.7891117
-1.5145687	-1.5784967	-0.837697	-1.4098659	-0.23030195	-1.2442645	-2.0575383	-1.2409283	-0.7041732	-1.1408308
-2.098457	-2.235992	-1.408779	-1.9605614	-0.7675029	-1.908384	-2.8345482	-1.4823005	-2.1841917	-1.7869819
-1.1985589	0.3118706	-0.6319567	-1.233182	0.0031023324	0.48432782	0.42500606	0.5260403	0.52090275	-0.11772661
-0.9521648	-1.3745148	-0.44999066	-1.024911	-2.1094813	-1.8096869	-3.0344326	-1.5461602	-2.3059726	-2.492569
-2.9531069	-2.4844172	-1.6700177	-2.8432782	-1.5929279	-2.3905993	-2.0005767	-1.8067929	-2.7816167	-1.0520302
-2.06856	-2.0582054	-1.3621947	-1.9682134	-0.7157922	-1.9912918	-2.2810707	-1.4340701	-1.9081367	-2.056958
-1.8140378	-1.874141	-1.185794	-1.7827	-1.7684503	-1.8868434	-2.0683928	-1.0078452	0.34333524	-2.060349
0.1990717	0.091540724	0.4423675	-0.0017113239	-1.7603143	-0.121086165	-0.17180562	-0.3628221	-0.047842093	-1.0433185
-2.0557375	-2.0405986	-1.3158555	-1.97321	-0.4548616	-2.0753868	-1.7765403	-1.7398651	-2.392335	-0.2723956
-1.864149	-1.9386663	-1.1996087	-1.8088772	-1.2371249	-1.0680861	-1.503462	-0.6921686	-1.2917565	-1.193191
-2.2463486	-2.1567252	-1.4548761	-2.1397972	-1.429811	-2.1356878	-1.4353641	-1.2635471	-1.674181	-1.3498735
0.8517529	1.1436678	1.0121067	0.70214015	-0.18566641	0.4155258	2.203044	0.79484284	-0.0116639985	1.1247506
-1.9822239	-1.9682543	-1.3203399	-1.9111054	-0.55305934	-2.1961038	-2.2647793	-1.444794	-2.2916136	0.962084
1.2624449	1.022254	1.2826813	1.112678	-0.23184702	-0.0466916	-0.1986857	0.31714016	-0.31386843	-1.4391596
-1.4303559	-1.6775123	-0.860739	-1.4268136	-1.9643642	-2.2015169	-1.8822607	-1.1549982	-1.6200473	-2.3224251
-0.9937207	-1.3927993	-0.56985915	-0.98396385	-0.5900414	-1.0595442	-1.4491376	-0.6318323	-1.138865	1.6829202
-1.3891062	0.39024535	-1.1724991	-1.3572308	2.1640046	-2.3034077	1.0324173	-1.7486447	-2.0583274	1.4982882
0.11293586	1.6070236	0.49696538	-0.18234058	-1.0539535	-0.9815577	1.1570514	-0.31186768	-1.0978901	-1.3965422
-1.7214035	-1.708342	-1.1158559	-1.6181562	-0.651013	-1.3028208	-1.5111377	-1.3763416	-1.9854004	-1.2151128
-1.5586116	-1.7017868	-0.9112935	-1.4947661	-0.42959046	-1.6229911	-1.5650302	-0.83857495	-1.5683775	-0.18395032
-2.163034	-1.9447634	-1.4830738	-1.9757586	-1.0837586	-1.6697469	-1.2932254	-0.615818	-0.91333616	-0.3041226
-1.8096073	-2.3084657	-1.1862833	-1.6967257	-3.1359255	-1.8678852	-3.10706	-1.2763212	-2.4659915	-1.991583
-1.1813561	-1.2248186	-0.95853996	-1.2141395	-1.6305901	-1.5552241	-1.7384311	-1.4362217	-1.5965915	-2.1953187
0.41556472	0.024140954	0.7621708	0.1500542	-1.9746246	0.74875146	-0.14095135	1.1582845	0.9570703	-2.0929134
-0.8899923	-1.6408252	-0.6504265	-0.8719803	-2.5134323	-0.7530197	-1.8352304	-0.43851447	-1.120042	-2.6225138
-1.5265172	-1.6585042	-1.0421989	-1.4201583	-0.031162083	-0.9989821	-0.9058975	-0.82612276	-0.24778648	0.46730712
-0.21915886	-0.7290194	0.1642197	-0.38811398	-1.2742239	-1.3963048	-1.326274	-0.81735843	-1.7119716	-0.6693794
0.58440673	0.022365183	0.9900706	0.3431325	-2.490073	0.379444	-1.5935012	0.08017529	0.43820038	-2.840035
-0.4109532	-0.2442837	-0.18602765	-0.51712173	-2.1204925	-0.9175819	-1.3089498	-1.2490178	-1.1341848	-2.713557
1.3542045	1.078918	1.697666	1.192243	1.1949005	0.3324981	1.3970469	1.2552649	0.44108197	0.75908834
-0.3031859	-0.5392412	0.16473964	-0.41907609	-1.1978805	-0.9893291	-1.0377629	-0.26581812	-0.75745183	-1.419234
-1.9552628	-2.2406034	-1.2002602	-1.7930278	-1.414673	-1.6501048	-2.286303	-0.8888604	-1.6245012	-0.95026505
-1.845155	-1.9506247	-1.1690034	-1.8163005	-1.667086	-2.2955868	-1.8924651	-1.880779	-1.1326929	-1.1044438
-1.676105	-1.805611	-1.2330213	-1.7066274	-1.560275	-1.7457985	-2.087017	-1.0226439	-1.6898605	-1.66132
-2.4670804	-2.4290369	-1.7048901	-2.3465781	-2.5364785	-2.5567992	-2.2227304	-1.0331403	-1.1584651	-2.217742
-2.4347403	-2.3618534	-1.4850688	-2.334391	-1.5339159	-2.4450626	-2.5196164	-1.5158652	-2.5205822	-3.4723065
-1.4636899	-1.706292	-0.9663968	-1.3943802	-1.2027714	-0.9106748	-1.4181403	-0.84184855	-0.71244806	-2.1812098
-1.6432525	-1.7522355	-0.9811076	-1.679896	-1.4995553	-2.9612997	-2.2265885	-2.72977	-2.5556097	-0.73880535
-2.000593	-1.9780513	-1.2850926	-1.873133	-0.16947326	-2.2706625	-1.7384832	-1.3190899	-2.2947104	0.085938595
-2.291396	-2.306518	-1.5195735	-2.1440043	-1.6892415	-2.4270687	-1.9011161	-1.4706885	-2.511205	-1.6616178
-2.3325524	-2.1951823	-1.4886904	-2.2383687	-0.9983107	-1.7168394	-2.5956373	-1.3629222	-2.9535737	0.017140929
-2.206847	-2.3024926	-1.4291596	-2.1168275	-1.1067843	-2.1080954	-2.163637	-0.92716277	-1.5983034	-2.3812675
-2.2353196	-2.220448	-1.531189	-2.1275008	-0.9019457	-2.3970265	-2.672263	-1.2907319	-2.3153608	-1.481467
-2.5949466	-2.507476	-1.7214899	-2.4987423	-1.9711448	-1.9245024	-2.014965	-2.3219216	-2.454621	-0.9094505
0.34310275	0.053325742	0.5639237	0.11751194	-1.837066	-0.26034775	-0.34062308	-0.50274223	-0.44976366	-1.7167168
-1.1454568	-1.4815373	-0.75763464	-1.0410635	-1.218656	-0.36314186	-0.98228323	0.047601786	-0.18352911	-1.3271941
-0.3993675	0.20843828	-0.21741307	-0.526222	0.15558133	-0.86576617	-0.63230747	-1.0168487	-0.9498326	0.540605
-1.0952833	-1.2213545	-0.5538956	-0.9075852	1.6467682	-1.0720068	-0.75397295	-0.6731188	-0.18091078	2.535247
-1.1934643	-1.2183931	-0.80600286	-1.1590083	-0.8371581	-0.6334525	-1.0381373	-0.9290481	-0.8636008	-1.5762742
-2.2221022	-2.1514275	-1.3537697	-2.0693648	-1.3824222	-2.088258	-2.2473907	-0.88716	-2.0296934	-1.0605954
0.37893423	0.15727225	0.7206906	0.18050383	-1.1139839	1.1925194	0.16192688	1.5019921	1.0902904	-0.9922442
-1.8934637	-1.9615562	-1.2724314	-1.749132	-0.5788387	-1.4076371	-2.0845296	-2.0143566	-2.0867941	-0.66188854
0.12177145	-0.3936687	0.5037223	-0.028558508	-1.6711951	-0.13224311	-0.90469676	0.4345057	-0.8996099	-2.3824015
-0.18628448	-0.35337296	0.19498193	-0.21486764	-0.7368988	-0.8712873	-0.5960003	-0.98864514	-1.1287345	0.22642784
-0.76609063	-2.2262108	-0.5698098	-0.7996214	-4.1978364	-1.8767369	-3.271349	-1.332281	-1.6422654	-4.233538
-2.2726533	-2.2953527	-1.4415971	-2.211212	-1.6714455	-1.5451806	-1.9171201	-1.7431961	-1.6066241	-1.5343024
-0.8568906	-0.8492844	-0.7210945	-0.8590231	-2.028699	-1.5279213	-1.8970605	-1.0272783	-1.0769802	-2.2654152
-2.1362507	-1.9952037	-1.3020326	-1.9373398	-0.6547766	-2.2391381	-2.0382566	-1.0366702	-2.0806165	-1.3680856
-0.34125182	-0.22142273	-0.189569	-0.44923764	-0.75509083	-1.5554985	-0.9584592	-1.3457637	0.005214777	-1.4447469
1.3343744	2.287883	1.7925378	1.1000144	1.7031192	1.6567997	3.904925	1.8955853	1.6151787	2.120792
-0.020443052	-0.6324642	0.28581062	-0.26127693	-2.0578413	2.2489493	3.8265958	1.3732749	2.0228326	-0.7757239
-0.19759116	0.12669289	0.12985666	-0.31503326	-0.010736704	-0.12925224	0.1680738	0.3565592	-0.9386094	-0.7865852
0.3118194	-1.1386335	0.4730681	0.31967986	-1.2115601	0.2622862	-0.637709	0.74786174	-0.05197755	-1.9083892
-1.1354684	-1.3282031	-0.68019617	-1.1288588	-0.9534173	-1.922081	-2.5984683	-0.4466179	-2.001479	-1.0116096
-1.3382279	-1.4544919	-0.8066863	-1.3192811	-1.6589346	-2.5141814	-1.4015826	-1.7450771	-2.5838943	-2.0660949
-1.8980118	-1.4936149	-1.2725484	-1.8672655	0.8147551	-2.4980154	-1.9054469	-1.2886716	-1.2593942	0.16941793
-2.3006523	-2.1246552	-1.5239054	-2.183185	0.19778457	-2.5091467	-2.8583212	-1.4725939	-1.859276	-0.672693
-1.4609601	-1.4592078	-1.0495179	-1.2741817	-0.14231157	-1.7072948	-1.4537851	-0.992011	-1.7305132	0.3608435
-1.1139838	-1.0741583	-0.7522737	-1.0754633	-0.062431633	-1.8692034	-1.3596907	-1.6445323	-1.2409208	-0.5063013
-0.1508292	-0.014845878	0.14466038	-0.26887345	-1.5110357	-0.69151974	-0.5744095	-0.91607434	-0.5782523	-2.9930823
0.25159928	0.32918945	0.39492387	0.0191008	-1.6603898	-0.45192394	-0.6997521	-0.27175283	-1.1103843	-2.427216
0.01899235	-0.34543407	0.2789262	-0.118532375	-1.0157359	0.18686527	-0.33265963	0.6284864	-0.25380936	-1.3780235
-2.187474	-2.0220697	-1.3911521	-2.1106727	-0.49451947	-2.0308788	-2.4099066	-1.12589	-2.2180345	-0.28921163
-1.1281376	-1.5191166	-0.7732811	-1.0283697	-1.1738895	-1.8773707	-1.959526	-0.93229914	-1.4888265	-0.97398376
0.26072177	-0.5430026	0.66036797	0.10622172	-1.5399691	-0.26188207	-0.79124	0.4438175	-0.4673153	-2.2064784
-1.882015	-1.696364	-1.2006218	-1.7464094	1.4689249	-1.9294446	-1.6130606	-1.8751527	-1.9142511	0.53681344
-2.143485	-2.0822196	-1.452831	-2.0598395	-0.9720957	-2.1855023	-1.8974074	-1.4209869	-1.9741123	0.569345
-1.3862077	-1.6889877	-0.93122685	-1.4465907	-2.6176682	-0.91930336	-0.7790046	-0.5202883	-0.4429342	-1.4438062
-1.7713132	-1.8999162	-1.1458344	-1.7215153	-1.4198749	-1.6214843	-1.4530425	-0.44214088	-1.2400544	-1.6938323
-0.15804175	0.28192922	0.104583114	-0.20148093	0.724285	0.49814022	1.036931	0.53611565	0.51695764	1.5628895
0.55731887	0.012092084	0.8937042	0.38077468	-0.98616624	0.70736635	-0.27583858	0.6529666	0.24831823	-0.16216996
-0.3991358	-0.25754142	-0.086310625	-0.4331994	0.046017468	-0.08950172	-0.34118992	0.05797123	-0.34273875	0.034764048
-1.6447175	-1.9287095	-1.0217036	-1.6337188	-1.5180372	-1.8827758	-1.836754	-1.5453353	-2.2638226	-1.481311
-1.231298	-1.4820706	-0.81684804	-1.2426314	-1.0987055	0.5328862	-0.66527176	0.70072037	0.37854505	-1.077248
-1.2947068	-1.0458121	-0.6876631	-1.3211752	-0.38379708	-0.6851554	-0.9608727	-1.1678975	-0.9198206	-0.35396194
-1.1127646	-1.1191221	-0.72958696	-1.0752511	-0.020537674	-0.80842406	0.24182041	-0.294566	-1.3152848	-1.3698016
-1.1346012	-1.4810153	-0.71608925	-1.062796	-0.48760262	-1.7298335	-1.9603659	-1.1111252	-1.6016052	-0.4188405
-1.4182218	-1.7699639	-0.8931595	-1.3285396	-0.7111498	-0.6863356	-1.8477997	-0.42580563	-0.40797958	-0.9093448
-1.6562171	-1.6845307	-1.0932484	-1.5417897	0.5024229	-2.5605953	-1.8611586	-0.73681545	-2.278268	-0.013597501
0.32914954	0.58078384	0.56843305	0.19330199	-0.8629774	0.163137	0.120130084	0.9966734	0.5166877	-0.5119454
-0.8185844	-1.5178235	-0.39551935	-0.83990306	-0.390312	-1.197682	-0.7415274	-0.14343913	-0.2817277	0.54382277
-0.7045083	-0.6989416	-0.34389505	-0.79133946	0.6576401	-0.3317647	-0.20930961	-0.26754093	-0.8292038	-0.12358058
2.6254659	3.5223887	2.3570983	2.2488365	-0.05358109	0.5895337	1.1677337	0.538763	0.08600641	-1.3677882
-1.6883602	-1.7780752	-1.0305213	-1.6677811	-1.2286382	-1.8834578	-2.0034215	-0.9188752	-1.7511239	-1.3742312
-0.1033333	-0.7769481	0.30270827	-0.26559433	-2.2404737	-0.22474396	-1.2277753	0.36563537	-0.030809117	-1.9715521
-2.0574865	-2.1634266	-1.352046	-1.9880497	-1.0737706	-0.8349988	-1.4606005	0.5105978	-1.4727536	-0.98536044
-0.8414462	-1.3117989	-0.5634655	-0.87056935	-1.7377075	-0.8218342	-1.5401076	-0.7479584	-0.813547	-0.7047078
-1.579183	-1.9250792	-1.0938051	-1.4702502	-0.7314258	-1.6354797	-1.2972931	-1.1612403	-0.5625741	-0.44286746
-2.5821104	-2.4762747	-1.6157213	-2.4153154	-1.8390396	-2.1437685	-1.7861463	-2.7273598	-0.9627679	-1.2501259
-0.98594725	-1.3539655	-0.56952405	-1.0037242	-1.1021062	-1.0683513	-1.8322114	-0.7802752	-1.4484396	-0.4247773
-0.84029996	-1.2336714	-0.42763188	-0.9156828	-0.5237382	-0.77410895	-1.3666224	-0.54654056	-0.9649171	-0.40887946
-1.7282335	-0.52012014	-1.1936245	-1.7683835	0.92476475	-1.9429603	-1.2322806	-1.6656296	-2.229379	1.4691688
-0.16877672	-0.39815375	0.27737048	-0.31025887	-1.111366	-0.20821938	-1.4490461	-0.26574868	-0.17289974	-0.89917964
0.4225786	-0.008757427	0.90643847	0.22157465	-1.5348375	0.2956099	0.1775551	0.9670574	-0.016538335	-1.7476908
1.1979902	1.1501784	1.5746727	0.93067265	-1.0899493	1.427269	1.1811798	0.8373075	1.1021284	-0.9499364
0.39410928	-0.5092201	0.77031183	0.22503097	-2.0969288	0.80250156	0.23972672	1.1461595	0.74065745	-2.08858
-2.0745592	-2.067064	-1.3952159	-2.0277452	-1.5602309	-1.5800526	-1.5048208	-0.8594656	-1.4552771	-1.5282115
-2.270193	-2.093258	-1.4935899	-2.1241028	-0.35743228	-2.421639	-2.1754026	-1.8339475	-2.4103355	-1.0109049
-0.39563102	0.45752642	-0.14316517	-0.5130156	1.1354723	-1.296048	-1.4773378	-2.2881744	-1.1678299	-1.0404036
-0.37337568	-0.61929	0.14287847	-0.5193723	-0.8407854	-0.20860717	-1.2608582	0.61105317	-0.52152646	-0.92576945
0.27806604	-0.042266786	0.81930697	0.15410452	-1.8853419	0.72597224	0.37781206	1.195259	0.3817268	-2.619832
0.507363	0.14998585	0.3977676	0.29278022	-1.696681	1.4172196	-0.38539004	0.59097517	0.54456776	-1.5153387
-1.5841196	-1.6720604	-0.9932363	-1.5330536	-0.5742914	-1.2682256	-2.0819137	-0.90213543	-0.87056196	-0.34398293
-2.5629964	-2.407555	-1.6109195	-2.5111458	-1.6447235	-2.3947372	-2.1118684	-0.8266849	-2.6509316	-1.6634309
-1.5484164	-1.6239337	-0.98114073	-1.5264667	-0.5833844	-2.1554306	-2.0474777	-1.1550453	-1.9024634	-0.56713384
-1.974302	-2.0012665	-1.33311	-1.9624159	-1.5131865	-2.085341	-2.3493028	-0.8805475	-2.4001904	-0.14017273
-1.0138406	-1.2594969	-0.5012635	-1.0409318	-0.8858621	-0.2238076	-0.447731	0.05355489	0.23110515	-1.4078623
1.1500765	2.5632358	1.2323064	0.8185836	2.528543	-1.353642	3.0677905	-0.49639216	-0.8410893	2.4244938
-2.0205405	-2.0049756	-1.4298165	-1.9565173	-2.0168207	-1.5983834	-2.245024	-0.35651687	-1.2266074	-1.4961386
1.1636546	0.6048384	1.5917252	0.90043235	-0.37675825	2.2601948	1.4388901	2.58638	1.9295537	-0.25734445
-1.5105177	-1.5854728	-1.0053427	-1.4385617	-0.16668306	-1.3547133	-1.7337043	-0.60128945	-1.2821544	-1.2002532
-0.5273579	-1.248013	-0.021012336	-0.56088156	-1.3226012	0.5666581	0.17719506	0.8102737	0.74471694	-0.66734844
-1.584382	-1.5983461	-1.064904	-1.5197939	-1.1705859	-1.9970495	-2.0832524	-0.24205394	-1.0920509	-0.85554916
-0.8105258	0.16046086	-0.54241157	-0.9230645	1.341765	-1.8174571	-1.6547977	-1.0960354	-1.9709835	-2.372998
-1.6023303	-1.8105887	-0.9420097	-1.5290793	0.55404675	-2.0107343	-1.3467373	-0.48872793	-1.4569049	0.44908327
-1.1120876	-1.3619753	-0.6949487	-1.0574847	-0.09458533	-1.2854424	-1.3343735	-0.11058453	-0.92126495	0.8273959
0.43333027	0.75719285	0.87912464	0.3589089	-0.28378987	-1.0966082	-0.1694924	-0.5987998	-1.2934566	-0.079802215
-0.9084088	-1.0389998	-0.5942409	-0.97025025	-0.3768429	-2.4297006	-2.4522147	-0.6397626	-2.1914415	-0.46095344
-1.8051591	-2.0416644	-1.2474664	-1.7274063	-1.9545662	-1.8151866	-1.7818462	-0.76822966	-0.8711921	-1.8788148
-0.197054	1.9861796	0.4644205	-0.5340736	-0.53962034	0.16048276	0.8568661	0.5762642	-0.964432	-0.15392096
-2.1108115	-2.1508338	-1.3343687	-2.069173	-0.94326425	-2.3728693	-1.6486208	-0.35065696	-3.1828163	-0.5592924
-1.918505	-1.8191508	-1.3548685	-1.8181516	-1.2711853	-1.1149269	-1.6975316	-1.1398387	-0.86965847	-1.4564432
-1.5554788	-1.7455347	-1.0315628	-1.5711409	-1.8705198	-1.4585627	-1.5261669	-1.3947278	-1.8173885	-2.7744126
1.3855268	1.8461616	1.1348786	1.0397234	-0.041297108	1.2911043	2.108758	0.46454024	0.44942138	0.35320458
-1.8781794	-1.6081777	-1.2873329	-1.8438098	-1.3830069	-0.17610557	-0.8770487	0.08596642	-0.2576401	-1.1652039
-3.0581846	-2.6821558	-1.8688221	-2.8337152	-1.3580939	-2.4691541	-0.81062603	-0.5502488	-1.1271547	-0.59880656
-0.2683284	-0.7947812	0.09503612	-0.40774685	-1.227068	-0.7692929	-0.47244895	-0.35421205	-0.84449315	-0.78362083
-2.131098	-2.0192325	-1.4280394	-2.0674295	-1.9273139	-2.1835685	-2.3603938	-0.8510176	-2.4246216	-1.7039219
-1.6510744	-1.8339187	-1.0757698	-1.6051441	-1.2667372	-1.3086265	-1.8138392	-1.054089	-0.9216818	-0.76155984
-0.852039	-0.4513471	-0.6188085	-0.836745	0.9656631	-0.7423266	-0.49471736	-0.64983165	-0.7369576	-0.59114385
-1.4525375	-1.6864964	-0.92935324	-1.3241336	-0.7411226	-1.256762	-1.224003	-0.9585956	-0.9872471	-1.3301706
0.010352209	0.23023376	0.7945677	-0.16805825	-1.5365705	0.2023166	-0.22172913	1.4886341	0.36034256	0.7662853
-0.05220581	-0.8239894	0.33066463	-0.15484758	-0.107836425	-0.3250263	-1.4171228	-1.5122609	-1.1444166	-1.1930596
-1.3110107	-1.4333924	-0.8539214	-1.2931473	-0.6503962	-1.0221391	-1.1145264	-0.8593136	-1.0199467	-1.5039603
0.3981877	1.5551269	0.77222896	0.18378706	-0.5052813	-0.4974096	0.54319835	0.22344816	-0.4975697	0.22777387
-1.4460756	-1.6110232	-0.87689304	-1.3721576	0.93811333	-1.0081867	-0.6930369	-0.9507937	-0.9627679	-0.7711427
-1.596634	-1.7915666	-1.0068865	-1.5084109	-1.640415	-1.6239467	-1.6636369	-1.3649955	-1.5298884	-1.0674578
-2.4554992	-2.3737838	-1.5335536	-2.3444293	-1.6058431	-1.6388838	-1.9674973	-1.1783342	-1.9600422	-1.4395646
-0.11937217	0.008601874	0.2824464	-0.25226486	-1.1253347	-1.2224407	-2.166968	-0.62435824	-0.76594114	-0.5933977
-1.3549869	-1.4739103	-0.8572465	-1.371133	-1.0018474	-1.3360169	-1.8109764	-0.89261645	-1.4744377	-0.8671626
-1.8532155	-2.0358422	-1.1377982	-1.8056878	-1.2227031	-2.0357697	-2.1964808	-1.623105	-2.224956	-1.0791641
0.42950445	-0.47959888	0.9143579	0.25733513	-1.8711698	1.0139306	0.2159575	1.0295964	0.78322244	-1.2831236
-1.8225827	-1.0892527	-1.2410486	-1.8620086	-0.7799216	-1.4115324	-0.51503414	-2.0442998	-0.79926914	0.3008186
-0.4467427	-0.7752129	0.0027729124	-0.5077069	-0.8556618	-0.75051194	-1.2944918	-0.4603483	-1.1092767	-1.5163288
0.10012164	0.18753484	0.6351572	-0.030250937	-0.2675721	-0.33796608	0.7657064	0.54806024	-0.5709958	-0.29619455
-1.1764232	-1.2562511	-0.70467865	-1.1417801	-0.33111367	-0.92990625	-0.78922725	0.20579162	-1.0340075	-1.2283494
-1.4338814	-1.5983856	-0.9040096	-1.3618461	-0.6731045	-1.440593	-1.7162825	-1.1454437	-1.857858	-0.54517645
-2.0124586	-1.9800198	-1.3165215	-1.965087	-1.2182299	-1.9690421	-0.9389105	-1.5377918	-2.1239562	-1.2712272
-1.0342829	-1.554031	-0.6169574	-1.1561478	-1.9775472	-1.6887531	-1.799961	-0.8067541	-1.1882027	-1.9893018
0.76071334	0.5970131	1.2611465	0.6298133	-0.6178844	1.4935262	2.1286786	2.0324373	1.3008766	-1.1360408
-0.7284756	-1.0015439	-0.29586646	-0.7533541	0.0042434335	-0.88996136	-0.5555364	-0.8097331	-1.2043412	0.5936445
0.540016	0.8552072	0.673823	0.3479817	-1.5091405	0.0012015781	-0.111068085	0.82179415	-0.03357821	-1.9523157
-0.8378034	-1.4512788	-0.27897176	-0.8319473	-1.4382223	-0.4959272	-1.2252523	0.110932805	-0.25773072	-1.3210084
-2.00042	-2.0776117	-1.341491	-1.9404975	-1.9654839	-1.4946288	-1.5156144	-1.1812747	-1.7938875	-0.46965718
0.25321907	0.4566265	0.12695464	0.18246038	-0.062476903	0.08618742	-0.2459178	0.104179375	-0.2170862	-0.020970179
-1.5700349	-1.1636891	-1.0132794	-1.5722567	-1.0908896	-1.5163149	-1.844388	-0.64406943	-1.5679586	-1.3156173
0.69865245	0.90439844	0.92276776	0.43205768	-0.74827695	1.0139313	1.7904191	1.0431426	0.41444975	-0.513951
0.56689125	-0.40471175	0.8085561	0.37107372	-1.7622085	1.5347898	-0.26317394	1.6171306	1.2031891	-1.3305395
-0.9901127	-1.6792476	-0.7285117	-0.8618466	-0.869588	-0.3525235	-1.4709339	-0.32950047	-0.4730307	-1.2295556
-1.9522325	0.56114113	-1.1769631	-1.9998138	0.06820133	-1.3711501	-0.54136175	-0.6161901	-1.3999035	-0.23175827
0.34766078	-0.13214669	0.7889782	0.23672165	-0.98954	-0.63314444	-1.5747073	-0.28341192	-0.8389028	-2.0079181
-1.2628136	-1.7110081	-0.7543092	-1.1397797	-1.544767	0.3376577	-1.0920808	0.6341232	0.11239534	0.08505551
-0.054567493	-0.36974737	0.15646204	-0.21689041	-1.1301312	-0.032724112	0.74891436	0.4846751	-0.4586427	-0.21862249
-1.4523929	-1.6063823	-0.97956777	-1.3561286	-0.21333769	-1.3065029	-1.3148025	-1.0744418	-1.4115787	0.108868755
0.70788103	0.29813132	0.9723555	0.465932	-0.54220486	0.85443723	0.717495	1.0723993	0.80456245	0.7407919
1.0648564	0.346792	0.87614465	0.93703306	-0.25242203	1.3362104	0.8626447	0.5761676	1.0122601	-1.2579747
1.2603416	0.86625516	1.5849911	0.917999	-0.6216409	0.9937756	0.26056653	1.5865165	0.6394493	-1.1382105
-1.1670278	-1.1731479	-0.6207355	-1.167616	1.2847807	-0.82209176	-1.3427192	-0.7324224	-0.8812158	2.017328
-1.0438921	1.2656465	-0.7196915	-1.3639815	-1.0838951	-0.70571077	0.3703681	0.015492461	-0.7707828	-1.7459505
-1.2821237	-0.32175934	-0.8503181	-1.2894688	1.8897241	-1.8012996	-1.9010514	-1.1185772	-2.0838375	0.48964727
1.3262012	0.5225414	1.1219137	1.0342612	-0.73494834	0.13942331	-1.2950408	-0.52815276	-0.40850243	-2.390564
-1.4274334	-1.6776794	-0.9251406	-1.4171498	-0.92891026	-1.6432921	-1.3303387	-1.1939449	-1.9771907	-0.76725394
-0.63259196	-0.51256263	-0.43444285	-0.6951185	-1.3224165	-0.56368697	-1.2282684	-0.69118196	-0.5091114	-1.8631983
0.9120106	1.4709518	1.0269184	0.58603984	-1.4086839	-0.43280038	-0.6124797	0.67351997	-0.5970378	-2.0062625
-0.50784856	-0.35300747	-0.036420375	-0.6202038	-1.2391431	-0.2749064	0.2542261	0.92290246	-0.10901949	-0.91125846
0.8517346	0.30900988	1.300653	0.69689846	-1.3676382	1.8798047	-0.8789506	2.19038	1.923453	-2.030502
0.6934204	1.0210751	0.44532442	0.55181956	0.18180981	0.6941034	1.7140671	0.84224606	0.37679523	0.5345355
-0.9683358	-1.3292708	-0.4388632	-1.046974	-0.67057276	-2.1874554	-3.0421865	-0.94918585	-1.3144433	-0.30676013
-1.3529234	-1.6761515	-0.9443096	-1.283775	-2.1802893	-1.814336	-1.9317137	-1.4348553	-2.0799568	-1.7636485
-0.25111452	-1.1313777	0.13991305	-0.31287748	-2.7833765	-0.9195613	-1.5237734	-0.74654937	-1.0797101	-1.7817534
1.0302356	2.8871667	1.3214855	0.6915232	0.3718494	1.595019	4.3659124	1.4716524	0.72899204	0.8902121
-0.07303402	-0.34827372	0.3953476	-0.20261571	-0.31819648	-0.031850766	-0.5794837	-0.2699099	0.23337556	-0.5797753
1.6351163	0.022540778	1.6501926	1.4774137	-0.72822666	1.7977277	-0.1674121	1.425845	1.8419217	-1.4285201
-1.8069975	-2.0262232	-1.3046372	-1.7902944	-2.1077492	-1.6526823	-2.251862	-1.5722778	-1.9596106	-1.923723
-0.9502544	-1.1361829	-0.48759237	-0.98576397	-2.0465395	-0.57562166	-0.70268476	0.24817036	-0.5089752	-2.495892
-0.33542567	0.34993753	0.30430552	-0.49340189	-0.41784528	0.9778241	2.2660863	1.1996353	0.7002087	0.61892754
-0.7174387	-1.308634	-0.38279518	-0.6665813	-0.04440698	-0.73710495	-0.9961668	-0.18411	-1.5669433	-0.47982883
0.4298443	0.41142055	0.84120977	0.17772137	-1.6277322	0.29637367	-0.038655046	1.0674661	1.0005392	0.11823525
-0.72838986	-0.7915628	-0.28927186	-0.80958664	-1.1373123	-0.46153083	-0.22250938	-0.5249855	-0.5811696	-1.0745811
-1.0623436	-1.1439556	-0.597355	-1.0978522	-1.0628537	-0.80475706	0.31375086	-0.2833092	-1.0427132	-1.005808
-0.8181214	-0.7192063	-0.50354207	-0.79112226	1.0808146	-0.9345769	-1.72893	-0.5247069	-0.4086746	0.31593663
0.61340183	1.5430841	1.0087076	0.35189235	-0.6828991	1.4906421	1.1210881	1.8662292	1.1044585	-1.128593
-1.3658726	-1.5762516	-0.8465576	-1.3494521	-1.5838144	-1.617344	-1.8370862	-1.0593386	-2.0489244	-0.43068007
-0.43620324	-0.96696484	-0.06679416	-0.5524336	-1.160692	0.49034902	-0.53875434	0.05481348	-0.06665583	-1.996395
-2.3620982	-2.328595	-1.6133764	-2.3054779	-1.5029639	-1.9728701	-2.3711088	-0.98689085	-1.8828307	-1.4467368
-2.0604725	-2.0706446	-1.3619936	-2.0046508	-1.1395007	-2.3499043	-2.287311	-1.7995181	-2.3426652	-1.0158362
-2.153662	-2.0465984	-1.5095824	-2.0869164	-1.0405496	-1.9032563	-1.571671	-1.1465182	-2.4854398	-0.5357853
-1.7455865	-1.9962453	-1.1654024	-1.591381	-1.8649777	-1.4907279	-0.71962845	-0.91104585	-1.3083856	-1.6629794
-1.6953558	-1.2614566	-1.1041129	-1.6874671	0.54411376	-0.71515083	-1.1582161	-0.91019624	-1.0959858	0.8464428
-0.011889555	0.96466136	-0.095615566	-0.21138667	0.110038996	-0.8263464	0.50492793	-0.5449124	-1.2649688	1.7754829
-1.3795613	-1.6529208	-0.92758536	-1.32483	-1.3175523	-1.5983819	-1.521566	-1.1612002	-1.815709	-2.130624
1.4055014	0.9566821	1.7023265	1.0974795	0.075482786	1.1128821	0.3209065	1.5331612	1.0222176	0.12521166
-0.13808307	-0.44996977	0.112671465	-0.3094092	-0.5852208	0.45996746	0.64638156	1.1297029	0.42705506	-1.2131718
1.203986	0.5054419	1.7015727	1.0206525	-0.8067965	1.5005853	0.95369107	2.1220765	1.9559414	-1.9363554
-0.7496966	-1.1472095	-0.34052524	-0.80605465	-1.0093113	-0.657179	-1.1033024	-0.5289865	-0.72358596	-1.608507
-0.6663268	-0.9114996	-0.26211867	-0.71099955	-0.77608407	-0.5510063	-0.8984986	-0.7044244	-0.5048373	0.84256715
-1.5771142	-1.9288164	-0.97027993	-1.5473341	-2.2931087	-1.4000813	-1.4300026	-1.6209825	-1.8210326	-1.4630928
-1.6624806	-1.8871914	-0.9971782	-1.6901784	0.097730756	-0.6097828	-1.0704999	-0.20925018	-0.5615663	0.7573251
-1.6700495	-1.560741	-1.0756081	-1.652421	-0.414535	-1.4446965	-1.4869819	-0.69192463	-1.732395	-0.6674318
-1.1562485	-1.7197691	-0.60350907	-1.1030556	-1.6242911	-0.771898	-1.2257423	-0.15098047	-1.2125115	-0.934613
0.05983349	-0.0967713	0.3522735	-0.016045496	-0.76033556	-0.8747153	-0.9237085	0.024528306	-0.11112561	-1.3615905
1.6754193	1.2650995	2.0753095	1.4038969	-0.36572212	3.2977345	1.7459753	3.4050446	2.881359	-0.093217134
-1.0532076	0.33588257	-0.44977865	-1.1741681	-0.9252839	-1.536182	-0.7129502	-0.8326879	-2.037909	-2.0850701
0.6977467	1.1559395	0.99193966	0.48061025	0.5225357	0.5983663	0.6005591	1.1523641	0.14498684	-0.55182534
-0.103732474	-0.6156411	0.25203446	-0.20562233	-1.8173825	-1.0851086	-1.1923993	-0.20739259	-1.1232468	-1.9369179
0.8852892	0.9844434	1.5420748	0.6593206	-0.6070229	0.92214745	2.1246433	1.6950231	0.8928419	-0.4765136
-1.7636954	-1.6472089	-1.164514	-1.7050503	-0.44476363	-1.9584935	-1.2235515	-1.6131546	-1.3086623	-0.6920082
-0.32595858	0.3254437	0.18686831	-0.4365154	-1.0826068	-1.2992544	1.7201085	-0.7626997	-1.1369745	-1.086519
-0.03875617	-0.6743018	0.3737966	-0.17579217	-1.5493265	-1.60274	-1.4792463	-1.2126737	-1.4512193	-1.4197234
1.1902117	0.6806129	1.5820857	0.9280561	-0.6527394	1.4077089	1.2170602	1.6853917	0.89057237	-0.20984662
-1.8244506	-1.5200062	-1.3757756	-1.7918291	0.017931044	-1.6752617	-0.7505443	-0.9049593	-0.84679776	-0.61386234
-0.2520673	-1.0302485	0.14653161	-0.26179415	-1.0273902	-1.6787914	-1.7403815	-0.93611604	-1.4839116	-0.88933736
-1.2917243	-1.2909188	-0.68897355	-1.2902577	-0.11016679	-0.35628584	0.17750704	-0.34851953	-0.045601025	-0.8453236
-1.7040035	-1.8021243	-0.9840872	-1.7387744	-2.031028	-2.0982144	-1.8531713	-0.6555633	-1.7819899	-1.9025991
-1.1524258	-0.94698405	-0.7767019	-1.1433078	-1.149058	-1.5274173	-1.1440442	-0.9850813	-0.4081809	-1.0412295
-0.40818703	-0.84488904	0.08036679	-0.5274203	-1.4012598	-1.689537	-0.6609553	-1.1888541	-2.734439	-1.3478206
1.5197903	2.4908426	1.2431346	1.1960645	1.7462469	0.6902015	0.3345875	1.3573587	-1.253705	0.29859528
-1.1474857	-1.4975983	-0.44861338	-1.1614767	-1.0399239	-1.6434598	-0.4949976	-2.1992266	-1.5128993	-2.00392
-1.614133	-1.5764129	-1.1447542	-1.4379644	1.8258418	-1.9103507	-1.6570691	-1.4012128	-2.3654652	2.677243
3.7421818	1.1991259	3.7857993	3.3163629	-0.0022220016	0.8046954	1.7335048	1.1862957	0.64956146	-0.11968119
-0.5630162	-1.2533747	-0.04052064	-0.59332764	-0.8724042	-0.5103914	-1.6489786	0.06518555	-0.54239315	0.57841265
-1.4997501	-1.5132415	-0.95993316	-1.3829069	-0.041719824	-1.6460001	-1.7775513	-1.2153549	-1.6840385	0.54256934
-0.6450112	-0.93615603	-0.28718743	-0.6008256	-0.05279529	-0.32452765	-0.74585557	-0.16594306	-1.0720973	0.12342319
-0.34847572	-0.528077	0.07706548	-0.41949207	-0.09443471	-0.034040913	-0.4902772	0.31395838	-0.47287083	0.20042841
-1.9807869	-1.4451696	-1.4925573	-1.8834468	0.11969343	-1.3459176	-1.723354	-0.8486417	-1.7621219	0.7383422
0.42686602	1.0145953	0.7501788	0.17594896	-0.86850286	1.2619488	4.344436	1.9559003	0.91254944	2.006168
-1.6238757	-1.6488509	-1.0560504	-1.6504405	-2.082178	-2.5017285	-0.66126037	-0.62835747	-1.5913168	-0.9895765
-1.4281175	-1.7100835	-0.9990841	-1.3468982	-1.0336367	-1.3317037	-1.9159638	-1.0580077	-1.6509446	-0.83034134
0.2620202	-0.14343017	0.6732619	0.036819577	-1.8556111	0.084535256	-0.24887589	0.81212646	0.016884921	-2.0924022
-0.41775844	-0.90289795	0.16831616	-0.4881323	-0.755534	0.4984241	0.28092286	0.5442864	-0.454621	-0.17640483
-0.193347	-0.60045934	0.006671235	-0.3646415	-1.02011	-0.21241708	-1.0374155	-0.35063508	-0.19115299	-0.20038317
-2.0849478	-1.9522941	-1.2886173	-1.9482481	0.05933693	-2.1871085	-1.8818874	-1.1432366	-2.0841508	1.055652
-0.6319913	-0.68957853	-0.4033343	-0.680398	-0.40874755	-0.81618905	-0.88757235	-0.5251674	-0.5702741	1.2406379
-2.3973699	-2.3472717	-1.5912894	-2.326319	-1.5111405	-2.858522	-2.3579285	-1.0665588	-3.5367088	-1.9225061
-2.3412204	-2.1915638	-1.4575758	-2.2692096	-0.9015646	-2.852833	-2.5003269	-1.3458525	-3.96652	-0.22913533
-1.7179695	-1.4107625	-1.236379	-1.6749842	-0.6352931	-1.9907151	-2.8264637	-1.0414631	-1.4455707	1.2439387
-0.15352175	-0.3215372	0.1957542	-0.17902564	-0.95942223	0.54705256	0.48070824	0.8665212	0.6067526	-0.7954712
-0.26002893	-0.26813403	0.07754311	-0.5250752	-2.4274068	-0.5750474	-0.012821136	-0.44582957	0.06849215	-2.3218303
-1.7642242	-2.0113013	-1.1542821	-1.6545159	-0.46113804	-2.1190107	-2.1998003	-1.5785993	-1.7837858	-2.1337698
-2.6638107	-2.4540317	-1.7290888	-2.6104105	-2.3526886	-3.0309305	-2.19323	-1.2614894	-2.1945422	-2.795785
-0.51617193	-0.68376875	0.12733129	-0.54380465	-0.13816999	-0.7259556	-1.6660169	-0.11011444	-0.41728157	-0.72798604
-0.90365785	-1.2640455	-0.29760322	-0.97219616	-1.3218951	-1.2725585	-0.99572134	-0.5752372	0.715304	-1.2602357
-1.3770796	-2.2001185	-1.0132661	-1.3231535	-2.7440543	-1.4074175	-1.9660484	-1.5289264	-0.6136406	-2.2767248
-1.2279123	-1.4772081	-0.7070639	-1.291449	-2.0601523	-0.9984608	-0.7352644	-0.46731514	-1.5561222	-2.1018605
0.30702013	0.28937545	0.20267509	0.13649483	-0.6367622	2.7575412	1.5499523	1.5178176	2.2141416	-0.66788906
-1.395425	-1.4693384	-0.97214293	-1.3816252	-0.27435046	-1.6024197	-2.254484	-0.8048905	-1.9664867	-0.0035585412
-1.6847072	-1.2950703	-1.3527697	-1.6593308	-0.6447143	-1.4157344	-0.854408	-1.1035604	-1.624339	-1.00934
-0.25375485	-0.9408294	0.16357484	-0.41495144	-2.2778127	-1.1442854	-1.3422569	0.10648123	-0.836418	-2.3054523
-0.88874763	-1.4466375	-0.4221538	-0.8902699	-1.4784728	-1.2978181	-2.0965753	0.053066183	-1.8016218	-1.0804265
-1.0405276	-1.375841	-0.49640247	-1.0555487	-0.5185354	-0.8264568	-1.155134	-0.18524371	-0.7214696	0.6239349
-1.0222545	1.3226041	-0.35150525	-1.0773258	-0.17370617	-2.104651	1.8554862	-1.0492386	-2.0631886	-0.9338343
-0.28518817	-0.63154286	0.030512705	-0.4251241	-1.496001	-1.0148776	-1.4341344	-0.62282795	-1.8081721	-2.3466327
-0.06257654	0.52828586	0.58727396	-0.08978604	-0.25858703	-0.75666755	-0.18653657	-0.41520196	-0.84692746	-2.0854542
-1.9764435	-1.957809	-1.3202493	-1.8844391	-1.6700097	-1.8143675	-1.9569298	-0.9608666	-1.0395834	-1.7011024
-0.6954431	-0.9265096	-0.11256817	-0.72079074	-0.76282537	-1.1531756	-1.6149256	-0.4708672	-0.16091676	-1.5484068
-2.144153	-2.0893254	-1.3955338	-2.0651505	-0.92672825	-2.2177362	-1.3746784	-0.88719285	-1.2522808	-0.6097263
0.24043354	-0.7112808	0.59033334	0.016517058	-2.4196253	0.15760091	-1.0797668	0.42314553	0.25119856	-1.7480848
-0.428785	-0.30377486	-0.162307	-0.500699	-0.530169	0.28893214	0.2393497	0.7273664	0.35820797	-0.39454672
-2.36448	-2.1934621	-1.5461881	-2.3412397	-1.6121552	-1.900115	-2.5647743	-1.6263698	-1.8650607	-1.502744
0.10271656	-0.38797387	0.42311087	0.06958197	0.8158612	0.42411485	1.1154823	0.8376523	0.2516065	1.1890997
-0.76094675	-1.2529643	-0.40660605	-0.80560267	-0.18745033	-0.45177037	-0.6368554	-0.44804436	-0.5379776	-0.26370704
-1.7821945	-1.9629327	-1.232103	-1.6614219	-1.2380897	-2.0395455	-1.7378795	-1.0360581	-1.8652827	-1.7359459
-0.8041449	-0.6080581	-0.28136888	-0.86756676	-0.47763145	-0.55140096	-1.5321772	0.4805719	-0.88717973	-0.25114152
-2.2272892	-2.3303912	-1.5980655	-2.1555562	-1.796241	-1.9482089	-2.0483813	-1.0933596	-1.4577475	-0.086566664
-1.1329032	-1.49585	-0.69506705	-1.1596029	-1.890296	-1.6027913	-1.6405343	-0.7811919	-1.3669202	-1.3006084
1.0145954	1.8593056	0.75261104	0.9361906	1.3583969	-1.1906121	0.11254392	-1.1647162	-0.914016	-0.59798396
-0.053429253	0.37536743	0.2386963	-0.21702507	-0.75307536	0.4632774	0.29915738	1.7430975	-0.6858276	-0.6596495
-2.1406674	-1.9711763	-1.2795334	-2.0592308	-0.5274127	-1.9624859	-1.3790239	-1.3518157	-1.6172873	-0.5301881
-0.80187875	-0.93085396	0.048805743	-0.72096515	0.76153946	-0.13348694	-0.82198095	0.33399436	-0.11456704	-0.03524801
-1.1300822	-1.6864372	-0.61384666	-1.1332345	2.0892982	-1.8706462	-1.6339196	-1.5495721	-2.070688	1.4887102
-0.9717165	-1.4493552	-0.5156443	-0.94384456	-0.2830093	-0.73760027	-0.4610581	-0.6119941	-1.3027936	0.6827283
-1.5950235	-1.693089	-1.0213877	-1.4066092	0.5790765	-1.5570341	-1.6606987	-0.83980286	-1.8090099	-0.42138925
-1.3451135	-1.604664	-0.78914523	-1.3266119	-0.26151836	-1.3160256	-1.5691341	-0.29497457	-1.0353879	0.4943003
-2.4474254	-2.2878044	-1.5456513	-2.3633184	-0.62689567	-2.4996307	-2.972555	-1.8373884	-2.54998	-0.65486455
0.5534796	-0.14768142	0.9153087	0.49180794	-0.5175948	1.023402	0.3978604	1.182057	0.5710893	-1.45561
-0.75529325	-1.3086724	-0.3961784	-0.747946	-1.3069689	-1.1650119	-0.50201285	-0.42395398	-0.812428	-1.1029404
-0.5169033	-1.3837804	-0.17455786	-0.5337161	-1.7948204	-0.47854337	-1.5047786	-0.9719094	-0.71750355	-1.2585564
0.3536863	-0.43583006	0.84746933	0.20202635	-1.9198395	0.21531339	-0.7365851	1.1828158	0.5901393	-2.2354188
-1.2542326	-0.9589312	-0.7552031	-1.2148274	0.7945243	-1.1323682	-1.581685	-0.7000593	-1.2034185	0.77991205
-0.26867425	0.33682486	0.17162889	-0.40598047	0.51684	-0.6726532	-0.32147792	-0.030692827	-1.3357847	-0.5802333
-2.205908	-2.284302	-1.4226073	-2.109217	-1.4265406	-2.332558	-2.1837888	-1.4448773	-2.10048	-1.4754108
0.17784032	0.9884995	-0.012812287	-0.09231217	0.9737649	-1.352827	0.35520568	-0.6416899	-1.3854276	0.9715217
0.41894352	1.2732626	0.5305307	0.1713403	0.06529552	-0.21658923	0.520409	-0.02327748	-0.022173423	-0.84365124
-1.5632201	-1.7527694	-0.982254	-1.4958531	-1.1588502	-1.3544911	-1.4995105	-0.88077104	-1.1956756	-2.0530279
0.009929381	0.38348034	0.6091456	-0.08106412	-0.1802956	0.5433651	-0.17643726	0.87645215	0.61896175	-0.28348717
-2.5942051	-2.4394324	-1.6239135	-2.5613208	-2.0839689	-2.331981	-2.2183495	-1.694445	-1.7458113	-2.08153
-1.4976252	-1.8442564	-1.0388968	-1.537715	-1.9380971	-0.7921935	0.26435146	-0.44620347	-1.2059076	-1.2738985
-1.6499394	-1.8898326	-1.1339962	-1.5045921	0.3960487	-0.40741605	-1.6934568	-0.6472208	-0.29837435	1.7382059
-1.5276463	-1.8166062	-0.9838089	-1.5667197	-1.7179509	-1.5272816	-1.4387736	-0.02040664	-1.6418056	-1.78855
-2.415215	-2.4209454	-1.5352017	-2.3479457	-1.9338897	-2.1939845	-1.905955	-1.1000309	-1.6176008	-1.3002335
-1.1221145	-1.3908732	-0.65429103	-1.0951816	-1.0727233	-1.3873628	-1.107922	-1.4154348	-0.31394503	-1.999498
0.11356547	-0.69758016	0.34408233	0.02435951	-2.3735106	0.44362232	-0.7975264	0.48892668	0.5476594	-1.5569081
-1.9973036	-1.9604309	-1.2102598	-1.8738494	0.83799493	-1.6408759	-1.4104004	-1.0963194	-1.5191612	1.0905017
-1.7274421	-1.473145	-1.1554042	-1.6767993	-0.014775723	-1.6621231	-0.9813232	-0.68120795	-1.6235148	1.3713741
-0.9630861	-1.2508819	-0.67529273	-0.95331347	-0.35870188	-0.83346707	-0.948944	0.2035539	-0.5803125	1.2940063
-1.9622935	-2.458864	-1.2389197	-1.8735315	-2.0540159	-2.6324892	-2.4649005	-1.1827095	-1.5260248	-2.0927644
-2.0069175	-1.9814335	-1.4367337	-1.9120256	-1.8192762	-2.0239832	-1.7097082	-1.2335714	-1.2761574	-2.2664266
-1.0670152	-1.4005086	-0.61074996	-1.1347862	-1.9830093	-1.3752604	-1.256288	-0.6532324	-1.9863553	-2.7843459
-1.734407	-1.5053653	-1.1689379	-1.5970615	0.44086495	-1.8162194	-2.1141086	-1.1479245	-1.5061781	0.048904937
-0.79118425	-1.2055306	-0.1796988	-0.74712265	-1.48293	0.13165684	-0.9061942	0.74290305	-0.39498198	-0.88203806
-2.2394795	-2.3306136	-1.4470192	-2.124697	-1.6319314	-2.1046655	-1.807984	-0.8893238	-1.7440368	-1.981097
-1.274598	-1.5629531	-0.8841324	-1.1600394	-0.8048252	-1.0057375	-1.4869618	-1.4253856	-0.90136737	-0.009396672
-1.759039	-1.8984075	-1.135438	-1.7381105	-1.3694007	-1.4357641	-1.9061775	-1.1231301	-2.3804507	-1.4138272
-2.0746722	-1.9566641	-1.5288655	-1.9084002	-1.9629649	-2.0280788	-1.7587628	-1.3426522	-0.6997335	-1.4737291
-1.0566447	-0.16376445	-0.65173495	-0.9852731	-0.068593055	-0.8536346	-0.75338817	-0.034860093	-1.3230373	-0.5979544
-0.64727277	-1.230968	-0.22118673	-0.69224036	-0.4044988	0.037077624	-0.64790297	0.27325585	-0.2418944	-0.6111099
-2.3194602	-2.2283645	-1.5324583	-2.2427633	-1.2982074	-3.164634	-2.3910942	-1.5156037	-2.1129506	-1.894485
-0.7386532	-0.86229026	-0.3015664	-0.7270527	-0.40104216	-0.4456745	-0.9538308	0.20167592	-0.35633495	-0.27419442
-0.022022422	-0.66731703	0.3341729	-0.18809934	-2.544501	-0.1214777	-0.6403676	0.43789318	0.18108587	-2.737716
-0.90872914	-0.86289907	-0.37655398	-0.9240937	0.16564044	-1.0564617	-0.31863573	-0.6117546	-1.3936942	0.9659936
-1.7752098	-1.5287538	-1.2019588	-1.650826	0.5905204	-2.4801564	-2.1811001	-0.80829287	-2.864301	1.0971198
0.23258904	0.2508845	0.5166858	0.0935307	0.0050563216	-0.46176296	0.27609855	-0.23516986	-0.2327838	-0.29477063
-2.0553598	-2.1214151	-1.4319252	-1.9578767	-0.63727725	-1.9666084	-2.4265242	-0.79193646	-0.8762446	-1.0599716
-1.3581728	-1.6852695	-0.8684797	-1.4347095	-2.1320338	-0.014883046	-1.7102214	-0.82883656	-0.41582972	-1.61353
-2.0332248	-1.8155607	-1.2551913	-1.9806095	-0.49824908	-1.9965216	-0.6649625	-1.1819562	-1.7627448	0.29764178
-0.8172062	-0.6106703	-0.49597856	-0.9339742	-1.1556847	-1.2036453	0.17841974	-0.35454002	-0.51942605	-0.05921845
-1.7571837	-1.8860188	-1.1808027	-1.7368428	-0.5165607	-1.1622626	-1.8090761	-0.3190753	-0.98796314	-0.9098644
-2.3399854	-2.0406003	-1.5158138	-2.2417119	-0.58605695	-2.2406745	-3.0249097	-1.2286265	-2.5698678	-1.7478546
-2.1973968	-2.1270142	-1.3924612	-2.1113982	-0.9755316	-1.8612512	-1.0250477	-1.0326829	-1.503531	-1.0837448
-1.7696145	-1.93601	-1.1980897	-1.650567	-0.94928503	-1.6069485	-2.0032568	-1.0727308	-1.4173236	0.1263541
-1.9275601	-2.02659	-1.2648529	-1.7907462	-0.8024317	-1.2762436	-1.4289379	-2.190902	-0.9132449	-0.75369656
-1.5367242	-0.7773448	-0.7615464	-1.5323764	0.6998671	-1.5072502	0.12161411	-0.7760823	-0.27150643	-0.29125735
-1.7734836	-1.8076711	-1.2187157	-1.636821	-0.0121175945	-2.0007238	-1.6832944	-0.6031781	-1.5546589	0.3132184
-1.8901088	-1.8482536	-1.0574054	-1.8559384	-2.090552	-1.4453512	-1.615067	-0.47288424	-1.644786	-1.7636467
-1.4000514	-1.6904006	-0.9181081	-1.3922081	-0.8725617	-1.293925	-1.0434089	-0.5694328	-1.392649	-1.4395856
-0.29732698	-0.33220035	-0.11319333	-0.2697773	1.6090027	-1.4891435	-1.5745585	-1.1466564	-1.7773354	-1.390059
-2.3829925	-2.2472968	-1.4820997	-2.3011155	-0.9782082	-2.2772033	-2.2350986	-1.3433632	-2.6332338	-0.5029192
-1.1608618	-1.2342454	-0.65365565	-1.0671277	-1.1238049	-1.6231014	-1.278817	-0.6385893	-1.612227	0.67329407
-1.1705188	-1.0808079	-0.8552054	-1.2064267	0.61572504	-1.4845314	-1.5563638	-1.0500612	-1.7881607	1.1551851
-1.1426754	-1.487745	-0.75233984	-1.1093892	0.070248395	-2.3717618	-2.7879984	-1.6757697	-2.1850672	-0.31145266
-1.6582029	-1.7908295	-1.0838608	-1.6705862	-1.5356206	-1.5353271	-1.5957516	-1.2496331	-1.5933948	-2.1412594
-2.1815894	-2.1758244	-1.3943894	-2.1453967	-1.3410912	-2.4605162	-0.87893414	-0.7240945	-1.9629321	-2.5626206
0.58592755	1.1052396	0.53047276	0.29417205	-0.18503287	0.39120784	0.16693208	0.25804162	0.10327522	0.20885356
-1.0751337	-1.1812596	-0.63408256	-1.1187962	-0.031368017	-1.1046071	0.7152246	-0.74349886	-1.375554	-0.5196563
-1.4492939	-1.652906	-0.92212856	-1.3339647	-1.6480523	-1.1058954	-1.6768858	-1.0644257	-1.1815966	-1.3678786
-1.5110971	-1.4880346	-0.98046756	-1.5046055	0.25909266	-1.1865299	-1.0045618	-0.8704998	0.06274433	-0.3997053
0.08930994	-0.061015934	0.26567218	0.014131203	-0.5919893	1.1329708	0.75533634	0.62179595	0.88287604	0.105529144
-1.0359843	-1.4596044	-0.6144844	-1.0758106	-0.24491897	-1.1184176	0.017456459	-0.40870416	-0.8485969	0.966094
-1.3030273	-1.3986752	-0.7941208	-1.3140099	-0.3811349	-1.2623622	-1.768345	-0.6796536	-1.0653753	-1.1842988
-0.88250047	-1.1220584	-0.5352284	-0.86155534	-0.63008726	-0.3729296	-0.7933037	-0.12783603	-0.1483274	-0.33431908
-0.11028687	0.4029341	0.37555292	-0.21412884	0.048160702	-0.45506933	0.80638814	0.2999561	-0.3600007	0.92939734
-1.4417905	-1.7391335	-0.9202305	-1.3857085	-0.42031884	-1.5053264	-1.5565525	-0.7201115	-1.091036	-0.72165185
-1.6835878	-1.4055719	-1.398343	-1.5430275	-0.2990303	-2.3956192	-2.0189679	-1.5963823	-2.0134354	-0.5946422
-2.3265638	-2.218148	-1.5498601	-2.2305052	-1.1979128	-2.4541566	-2.3786068	-1.398186	-3.2033777	-1.7985821
-0.60110325	-1.0592339	-0.31154236	-0.5712189	0.05773607	-0.061696805	-0.7769288	-0.25517273	-0.28392398	1.4353216
-0.554885	-0.9795729	-0.26302734	-0.64267457	-0.0996733	0.06380774	-0.8415249	0.7781875	0.7318944	1.4661145
-1.1675177	-1.4361286	-0.6736424	-1.1786828	-1.6034137	-1.3147274	-1.0278274	-1.1146942	-2.0725098	-1.7576276
0.40747184	0.6510929	0.97306883	0.37307554	0.7679783	0.20469679	0.4879788	1.1897826	0.36325645	-0.12204618
-1.6206188	-1.6764059	-0.9686433	-1.6285621	-1.5756825	-2.2892175	-2.060543	-1.5168415	-2.5773096	-1.2379323
-1.476154	-1.6289234	-0.867766	-1.4371861	-0.8833778	-2.0300217	-2.2050552	-0.040283337	-1.4608738	0.5177858
-0.07047514	-0.2135196	0.14528403	-0.11849655	-1.5566424	-0.23870867	-0.79361683	-0.082977384	-0.16413286	-4.072725
-2.0919976	-2.0162072	-1.4437089	-2.0199275	-1.7930269	-1.7467422	-2.1505682	-0.8953149	-1.7061146	-1.1765324
-1.8112546	-1.8441471	-1.1860621	-1.6997867	-0.5607635	-1.3989937	-2.1083727	-2.483755	-2.3365145	-0.5342718
-1.5292759	-1.5147732	-1.1354432	-1.314833	-0.54196227	-1.9350559	-1.9513544	-2.0844653	-3.0943348	-1.4965708
-2.2187562	-2.2730858	-1.4650593	-2.1505718	-1.0714777	-1.9154043	-1.0283191	-0.8556569	-1.9892465	-0.30161092
-0.3762937	-0.5705915	-0.122849524	-0.45987183	0.1558753	-0.50100845	-0.74877715	-0.5376492	-1.397469	-1.3541744
-1.6238737	-2.4262516	-1.0241162	-1.5462004	-0.8670683	-2.7982838	-2.194394	-1.1701661	-1.912099	-1.3454936
1.2773086	1.750272	0.9539803	1.0184258	-0.5400133	1.0002759	1.3858433	1.0568491	1.5259011	-0.6811731
-1.849428	-1.9137466	-1.1884422	-1.7286804	-1.0083423	-1.8936222	-1.3004799	-1.3873332	-1.3438917	-1.1349598
-1.8726635	-2.130737	-1.3377144	-1.8060365	-2.3828354	-1.7390643	-3.2546072	-1.1019684	-1.328643	-1.588167
-1.1574166	-1.4683117	-0.56734455	-1.2717115	-1.9672202	-0.74684083	-0.6363331	-0.35672602	-0.5588181	-1.9813185
-1.1184356	-1.89861	-0.59332895	-1.1965162	-1.1552292	-1.7908816	-2.388251	-1.3496152	-1.5848342	-2.2682502
0.11516198	-0.42207614	0.5694634	-0.09431125	-1.809342	-0.8197768	-1.001729	0.048402086	-0.42587063	-1.6834418
0.13301292	-0.67291164	0.76387453	0.038376436	-1.3463998	-1.3137586	-1.4167382	-1.0621957	-1.5487489	-1.8317955
-0.67679924	-1.1552595	-0.3522807	-0.68580806	-1.2086369	-0.55883807	-1.3301231	-0.4104431	-0.25228086	-1.3426518
-0.6765273	-0.8750931	-0.14627984	-0.770158	0.22988084	-1.3558501	0.5027639	0.6597757	-2.3842316	-0.3675381
-1.007089	-1.5473086	-0.6330031	-1.0707399	-0.83117676	-1.4031302	-2.0143547	-1.26287	-1.877901	-0.70746547
0.9908268	-0.63151336	0.8414681	0.9105544	-2.319587	0.32977334	-1.3158578	0.67224395	0.27820608	-3.3280175
-1.9502103	-1.739615	-1.2657801	-1.8706111	0.39838514	-1.6085708	-1.0820792	-1.0701877	-1.6632077	-0.65673643
-2.3330975	-2.299627	-1.4969934	-2.2200153	-1.2256624	-2.2647612	-2.3758662	-2.645424	-3.052057	-1.5971766
-1.2767678	-1.2582501	-0.7852831	-1.3814472	-2.104204	-1.3686676	-1.0590366	-0.86865836	-1.8241721	-1.7073464
-2.2738605	-2.1589134	-1.4844766	-2.1110837	-1.962344	-1.8265579	-3.401711	-0.68472534	-2.223967	-2.454465
-1.3110102	-1.6340287	-0.70219433	-1.3305067	-1.510312	-1.105531	-1.6578832	0.08456968	-2.0839353	-1.1917775
0.7371997	0.15129158	1.0097821	0.5087141	-1.2725388	0.44688654	0.068892404	0.619212	0.4533388	-1.3217434
0.481788	0.8510691	0.75126517	0.27461416	-0.6337446	0.31300828	0.92377055	1.2112966	0.16393073	-0.5186423
-1.9923146	-2.4790893	-1.4058353	-1.9462295	-0.7435454	-2.037349	-2.0663853	-1.6019492	-2.392	-0.038453657
0.22311234	-0.11073762	0.6846552	0.07296692	-1.6086107	-0.48662525	-0.12342515	0.4271286	-0.8633867	-1.9632078
-2.6443245	-2.4079583	-1.7293788	-2.527756	-1.7802311	-1.1537106	-1.7925332	-2.3895361	-1.9360327	-0.4574963
-0.8073594	-1.0707572	-0.6157286	-0.8747672	-0.9346223	-0.19450516	0.31859738	-0.04519837	-0.4124819	-1.228031
-0.546116	-0.89921653	-0.15303773	-0.7457583	-1.9859335	-1.3724481	-1.6617917	-0.8349276	-2.111081	-1.6328245
-0.5450337	-1.5460252	-0.26134413	-0.6046631	-1.1028888	1.1286575	-1.4351815	0.24989933	1.3583963	-0.65248275
0.9151356	0.90189624	0.9782914	0.7290359	0.957023	0.14413875	1.3570051	1.2349299	-0.35585842	0.5526872
-1.6630641	-1.761646	-1.058599	-1.5994442	1.5740918	-1.1989012	-1.8255285	-0.7951254	-1.6497664	1.541224
-1.8744663	-1.9543148	-1.1422853	-1.8134718	1.4514887	-1.0061518	-1.3152304	-1.3093164	-0.9963123	1.7012593
-1.9112576	-1.9667016	-1.2316042	-1.8376844	-0.61806315	-1.5895007	-0.8459968	-1.0933071	-1.6135138	-1.0771185
-0.96274346	-1.1402369	-0.5991168	-1.0535342	-1.6220927	-0.43191516	0.18910682	-0.038465068	-0.7758093	-1.9798237
-1.0016806	-1.0851176	-0.62871933	-0.9129796	1.3646184	-0.8516136	-1.0924332	-1.0371433	-1.0941609	2.4191926
-1.0431329	-1.5848836	-0.61608243	-1.0530252	-2.5567431	-1.1412966	-1.5945797	-0.59445024	-0.76740533	-2.504107
-2.1642725	-1.9027908	-1.5253328	-2.108996	-0.75837296	-2.2695777	-1.2716413	-1.7935902	-2.1324484	-1.0410914
-0.016529389	-0.26177943	0.54693276	-0.17823745	-1.5169364	-0.044281594	-0.4427092	0.16787739	0.16360979	-1.4448576
-2.026545	-2.092897	-1.3248191	-1.9534111	-0.34042713	-1.5182096	-2.070101	-1.1372843	-1.381357	-0.90918195
-1.0575961	-1.4341283	-0.5701108	-1.0521498	-0.6959171	-0.37377858	-1.3982829	0.3284611	-0.6538105	-0.8518806
-1.4130559	-1.4758588	-0.9553367	-1.3996012	-0.74426496	-1.6602306	-2.0562162	-0.74981344	-1.7557611	0.35152277
-0.5510785	-0.8694508	-0.11670825	-0.68848014	-1.8516792	1.0026945	0.50945276	1.6480122	0.9803436	-0.76683366
-0.54790246	-1.5401002	-0.20727444	-0.5203779	-0.9265058	-0.45137578	-1.399477	-0.19879435	-0.44125205	0.21063271
1.2457858	0.35634014	1.3924255	1.065642	-1.4649018	1.8752089	0.17991462	2.2392216	2.1931021	-1.20934
-0.0036245212	-0.5786102	0.38124028	-0.25935304	-3.3562164	0.1299592	-0.3077669	0.49925166	-0.20511718	-3.7919424
-2.449812	-2.2107236	-1.5396382	-2.3920002	-0.15895826	-2.23693	-2.090895	-1.3927116	-2.5241694	-0.67774
-0.2267254	-0.6742029	0.38514718	-0.3316367	-1.7030724	0.9657973	0.39691448	2.2608943	1.5325264	-0.43882585
0.61775815	0.2094355	0.80880845	0.49731475	-0.8899692	0.24127294	-0.17770068	0.5050615	0.58654046	-1.09925
0.51408315	-0.1218881	1.3448708	0.38804764	-1.205252	0.5020025	0.110407	0.9659728	-0.2248427	-1.6212361
-0.7267104	-0.41697365	0.17658913	-0.88540936	-0.80404973	-1.0955925	-0.84466374	0.048627824	-0.29003122	0.34586954
-0.80968076	0.18140423	-0.5260328	-0.9654206	-0.721581	-0.9476019	-0.5163391	0.20622776	-1.1381464	-1.1286433
-2.510482	-2.2362878	-1.5003695	-2.3727012	1.7530502	-2.5060205	-2.359679	-1.1206077	-2.333896	1.7798182
-0.7639462	-1.0067992	-0.33511242	-0.79591393	0.68935716	-0.8322344	-2.3977003	-1.0402125	-1.1774927	2.443659
-1.3385842	-1.4381461	-0.8279599	-1.3110636	-0.99884117	-1.4212	-1.4056945	-0.9531515	-1.4057637	-0.28014627
-1.9382024	-1.9608104	-1.3431808	-1.851237	-0.82964694	-2.265527	-1.8495543	-1.7612251	-1.9873383	-0.09531079
-1.9450983	-2.081914	-1.3018821	-1.8298857	-1.1993159	-1.5369786	-0.6675018	-1.2047616	-1.4582298	-1.6957664
-2.0480328	-1.953625	-1.2887682	-2.010313	-1.1040394	-1.573631	-0.7198233	-0.79514694	-1.949238	-0.32525086
-0.5503344	-0.40329114	0.14949213	-0.55989736	0.9386481	-0.70557165	0.0028413772	-0.5180794	-0.55126786	0.15908523
-1.369228	-1.4932888	-0.84258294	-1.302183	-0.24110503	-0.34756932	-0.6413968	-0.29176122	-0.7003445	1.6170487
-0.4637413	-0.7767625	0.13855124	-0.49883163	0.28451183	-1.0236467	-1.6691103	-0.7078382	-1.2645074	-1.0544242
-0.03517858	-0.17456183	0.25314668	-0.06685375	0.016495496	-0.7261569	-0.78255534	-0.5514863	-1.2564105	-0.80750006
-2.0202801	-1.9507782	-1.2610744	-1.9716239	0.33743563	-1.8822527	-2.003038	-1.5267988	-2.0013368	0.12658092
1.2821753	0.13217598	1.4349834	1.0035021	-1.5246122	0.33771068	-0.62123793	0.75578403	0.1951837	-1.768936
0.4708509	0.25828227	0.32096317	0.34174895	-1.564104	-1.0880767	-0.8643495	-1.0617975	-1.2361472	-1.8000433
0.82946104	0.304377	0.8038149	0.6913506	-0.4468118	2.1390007	0.86902446	0.96112883	2.4376976	-0.46064457
-1.0009089	-1.0212624	-0.54279625	-0.9205495	-0.557932	-0.7324267	-0.7308631	-0.32442182	-0.49760243	-0.00085991214
-0.06943493	-0.71309197	0.20064653	-0.17972106	-1.4956418	0.8702544	0.3529293	1.064982	0.05270239	-1.2688428
-1.12884	-0.84822035	-0.7555437	-1.0837482	0.4003748	-1.4940723	1.0742745	-0.4678145	-1.399135	-0.16675541
2.5304058	-0.04911557	2.9797764	2.26372	-1.5079031	3.5391104	1.0403057	4.6333847	3.292776	-1.0906854
1.360124	1.881459	1.41588	1.1058245	-0.6443136	0.5545262	0.44903722	0.6366575	0.16517986	-0.92878306
1.1467487	0.9895747	1.275492	0.9500973	-0.6103394	1.7976513	1.8490642	2.0037842	1.5628377	-1.1378349
-0.9825993	-1.1019416	-0.5117712	-1.0335277	-0.31625783	-0.8764684	-0.7251477	-0.31984034	-0.9016852	-0.22461917
-0.046547264	-0.34395576	0.35332534	-0.19856662	-1.011135	-0.45254585	-1.2188556	0.11928353	-1.5406752	-1.1169617
1.6050245	1.4170809	1.7043778	1.479279	0.55908656	1.4411541	2.7301013	2.229288	1.2914505	1.0165431
-0.20511433	0.13081571	0.15452829	-0.31518215	-0.3288102	-1.6198953	-1.267209	-0.8912964	-1.790026	-1.1820372
-0.4145192	-0.6260941	-0.21494257	-0.6017516	-1.8172721	-0.27078956	-0.47468317	0.05083243	-0.641551	-1.5501183
-2.0487187	-2.1200662	-1.3189577	-2.0062923	-2.142442	-1.6822942	-1.5515758	-1.3909122	-1.7103269	-2.6461623
-1.7881209	-1.8856553	-1.3518677	-1.7180648	-1.8341068	-1.9820093	-1.6718909	-1.4538039	-2.7075317	-1.5172421
-2.3838792	-2.3637202	-1.7995849	-2.1863327	-1.571313	-2.3280642	-2.1232462	-1.6967205	-2.1273363	-1.6251922
1.0257313	-0.011739224	1.2118422	0.7622084	-2.0782776	0.18551052	-0.3568011	1.2510107	-0.28298113	-3.6430984
-0.101653315	-0.81261456	0.38901654	-0.26661575	-2.1416163	-0.15013856	-0.8200733	0.6481193	-0.28618547	-2.8033698
-2.9480157	-2.4688041	-1.9297438	-2.754084	-2.1811805	-2.7873034	-3.518578	-1.438421	-1.4442754	-1.9039657
-1.9173013	-2.3831367	-1.2637806	-1.9515567	-2.8466759	-2.451203	-2.8831272	-0.9380551	-2.9119177	-1.3992363
-2.5617867	-2.560706	-1.7713244	-2.417239	-2.1275423	-2.6868553	-2.408342	-2.0214393	-2.82969	-2.610661
-0.032618888	0.3172839	0.23373032	-0.1154878	0.4749079	-0.9671216	-0.36769104	-0.69068134	-1.0654767	0.27494472
-2.0854552	-2.0690522	-1.3232255	-1.9779234	-0.5716477	-1.3677976	-0.776212	-0.9983956	-1.5670966	-0.8504895
-1.8595822	-2.07381	-1.1387786	-1.6390955	-1.0005052	-2.075301	-2.414326	-1.2777131	-0.91174346	-1.1854928
-1.3957043	-1.52022	-0.7496067	-1.3433285	-0.28041703	-1.3024267	1.2903556	-0.36095732	-0.8194314	-0.36228636
1.4447819	2.8648736	1.6843317	1.1521368	1.5607871	0.8881859	0.716602	1.4183208	0.3946329	-0.7371607
-1.7071126	-1.9984121	-1.1133511	-1.7066876	-1.2610574	-1.7059845	-1.4956008	-0.39205772	-2.567789	-1.2293909
-0.7981308	-0.568594	-0.39077666	-0.88704306	-0.9791814	-1.0506153	-0.57562417	-1.2635891	-0.9597996	-1.0115929
-0.907637	-1.8565608	-0.47985467	-0.95300126	-0.8417821	-1.0850393	-1.9575702	-0.9557652	-1.2660811	-0.9178803
-0.59128374	-0.8278171	-0.060634762	-0.798485	-1.8464869	-0.7561357	-0.7274881	-0.1576591	-1.6025007	-1.7315974
0.3687684	0.28947482	0.99744284	0.24821036	-0.31356648	1.9724721	0.9363911	2.9855492	1.974811	1.1599201
-0.46760666	-0.18559515	-0.052780896	-0.44689327	0.20034799	-1.4069439	-1.4100819	-0.66304725	-1.7145112	-0.7920498
0.24835613	-0.19058661	0.7341885	0.11216207	-0.9886962	0.3659118	1.1519004	1.1206918	-0.5195963	-0.11482105
-1.2840165	-1.4270545	-0.8365241	-1.2556634	-1.250508	-1.1200864	-0.58165294	-0.09096389	-0.5656722	-1.2217947
-1.3997736	-1.598273	-0.8921459	-1.3201334	0.08599761	-1.305232	-1.4667649	-0.77524847	-1.2544537	0.23820333
0.28368887	-0.2005444	0.6704687	0.09298457	-1.2240117	0.95866185	0.5402915	0.8936663	0.72000563	-1.1267823
-1.2369909	-1.3572662	-0.52921283	-1.2252824	-0.66990006	-0.6539928	-1.0646994	0.041740008	-0.28675455	-1.7947336
-0.92661446	-1.0836112	-0.46077976	-0.9463644	-1.4273356	0.023723044	-0.5060763	0.8614086	-0.14905542	-0.88865346
-1.5277725	-1.5906332	-0.77867603	-1.5484476	-0.38782063	-1.2696298	-1.5174654	-0.4019027	-1.3570075	0.11569669
-1.395817	-1.3664551	-0.90722024	-1.3662483	-0.1392262	-1.7940594	-1.6016608	-0.85226226	-1.3600339	1.3571111
-1.3471155	-1.6134441	-0.75606036	-1.3472646	-0.8587607	-0.7117686	-1.1600112	-0.24009368	-0.31995678	-0.13906395
-0.6328144	-1.0102105	-0.14585909	-0.6659186	-1.3302606	-0.9355237	-1.019135	-0.11412129	0.39337593	-0.9282031
-0.18872505	-0.4488849	0.31071573	-0.39760414	-2.3060374	-0.19397274	-0.637207	0.5657031	-0.5078794	-2.3082552
-0.93098164	-1.2073597	-0.4237431	-0.97212523	-1.4533645	-1.3990284	-2.1080744	-0.20971067	-1.6716404	-2.404735
-2.615622	-2.5231783	-1.648898	-2.5283942	-1.8812324	-2.5594568	-2.4873755	-1.5934535	-2.470954	-2.7654307
1.1713011	1.3918965	1.2642939	1.00952	-0.34798634	-0.56599146	0.11993019	0.8600659	-0.45067376	-1.1382194
-0.36466104	-0.9110552	0.09813428	-0.3986709	0.36439088	0.38244793	-0.67687064	0.9235624	0.4725397	1.0432572
-1.2785312	-1.438464	-0.7679633	-1.2640532	-0.6240765	-1.3748423	-1.5990963	-1.6777433	-1.7223147	-0.9742636
0.17685726	-0.14733	0.40924618	0.032742813	-2.1666965	0.06287461	0.037990082	0.6038919	-0.09852205	-2.3058872
-0.81459594	0.21458882	-0.5734787	-0.8864278	1.0786947	-1.0985922	0.77711844	-0.76513815	-1.0005783	3.7008357
-2.3729198	-2.2973893	-1.5478554	-2.2914228	-1.4809731	-2.6324632	-2.8876305	-1.4548526	-1.8840908	-1.3545626
0.13829133	-0.58233434	0.622272	-0.07100522	-1.8947908	0.05091589	-0.7002717	0.24553454	-0.3127964	-1.935635
-0.13057107	-0.010310888	0.26973423	-0.20275877	-0.4530378	-0.28105	-0.55203384	-0.20529592	-0.7542818	-0.7515936
0.15823966	0.47803208	0.7489245	-0.04967843	-1.0308901	-0.57158536	1.5713586	0.013492723	-0.0145070795	-1.4955747
-0.17982909	-0.5043124	0.13459507	-0.18814595	-1.1584378	-0.08911991	1.7120618	0.6526599	-0.1099297	-0.31940395
-0.0712876	3.5216618	0.27651328	-0.20380734	3.7898731	0.75892895	1.5951452	0.7658332	0.35832578	1.1638825
-0.1407375	-0.14888963	0.43149364	-0.31474894	-0.36004406	0.7346907	1.1232976	1.713177	0.447693	0.23815133
-1.4692044	-1.5906148	-0.8609477	-1.4465042	-1.0800934	-1.6602495	-1.175308	-1.1152729	-1.1555048	-1.8398108
-0.042171493	-0.89140344	0.44661897	-0.15645647	-2.7223077	-0.45061368	-1.1344395	-0.1777181	-0.8372434	-4.3260374
0.07156318	-0.56403613	0.42704165	-0.04492764	-1.1953915	0.035547655	-0.58904934	0.09072245	0.031740066	-1.3036216
-1.7367443	-1.7008004	-0.94416344	-1.7458154	-0.32536912	-1.9795854	-1.8644191	-0.7213158	-1.3641169	-0.27668512
0.63333344	1.0293325	0.89484465	0.3294543	-0.6439057	-0.77140105	-1.0656468	-0.5431464	-0.41680336	-1.2377564
-0.2314901	-0.39086884	0.24253935	-0.39390093	-0.4993382	-0.5031622	0.77360475	0.40879706	-0.23318927	-0.35246143
1.0305448	0.6906402	1.4613668	0.823884	0.1055671	3.1112113	2.4941676	2.9426894	2.5062792	0.9680926
0.95225424	0.22054315	1.1498197	0.661464	-1.5278423	0.28660187	-0.32981253	-0.14143167	0.4852445	-1.7278036
-0.112330824	-0.7914655	0.6760175	-0.27394527	-2.1950088	0.0068367682	-0.36692193	0.45849684	-0.62651145	-1.6273576
0.6087795	0.22580996	1.0876718	0.5401701	-0.21624166	1.1428471	0.62260246	1.4807818	0.769547	-0.5314738
-1.1946417	-1.7161257	-0.791275	-1.1135608	-1.6267865	-1.5064216	-1.4270185	-1.4301091	-1.2278616	-2.1007268
-1.2672751	-1.7909319	-0.7678093	-1.3130331	-0.16928127	-1.9202478	-1.7294363	-1.4016726	-2.7119424	-0.9164407
-0.3667942	-0.13629493	0.04608585	-0.46287972	-0.52405757	-0.4072496	0.31588352	-0.21886328	-0.5530644	-0.475596
-1.3005856	-1.5180025	-0.8927311	-1.2969484	-1.8549236	-1.0049158	-1.4613869	-1.1427517	-1.416816	0.19444825
-1.0559605	-1.3886323	-0.49829903	-1.0873318	0.007623017	-1.4886986	-1.9723498	-1.1626416	-1.4898205	-0.87299126
-0.80906564	-0.8099085	-0.471557	-0.8481485	-1.4507892	-1.953816	-0.23735744	-2.0823114	-0.44225818	-2.3592045
-1.6499368	-1.7490531	-1.1601404	-1.5855129	-1.3576883	-1.4662538	-1.0567287	0.26345134	-1.335322	-1.2483817
0.7690235	0.619612	0.7573954	0.51506925	0.20380047	0.41943023	0.7665804	0.07152242	-0.01667438	2.131234
0.68515134	0.30732962	1.1758171	0.51162535	-0.9002079	2.0217571	2.7885468	2.7605622	0.99992865	-0.057133824
-0.01478944	-0.4825587	0.2689063	-0.11837529	-0.38904878	-0.37210834	-0.8724083	-0.027836883	-0.026823597	-0.45340863
0.3200681	1.8779316	0.52941287	0.11007373	0.82899463	-0.012886412	4.6066027	0.5015948	-0.3886934	0.38768584
-0.6016299	0.6067227	-0.1463072	-0.6901895	0.37783197	-1.1256025	-0.5043735	-0.6177452	-1.1945806	0.09125764
-2.5823047	-2.3729892	-1.6504987	-2.4376397	-1.6080152	-2.3190238	-1.6985261	-1.8337282	-2.7441275	-1.429347
0.11140894	-0.39643985	0.466547	-0.039213642	-1.2334626	-0.62904143	-0.57915765	0.5780761	-0.62907153	-1.7521551
0.24710584	-0.2340554	0.54475045	0.096683666	-0.44368613	-1.0672971	-0.6986113	-0.8226942	-0.8351408	-2.8068492
0.69009626	0.032850415	1.1013808	0.5215452	-1.1312646	0.015869426	-0.44576776	-0.23080033	-0.49393365	-0.7217659
-1.3414401	-1.4360621	-0.9437661	-1.3202106	-0.7743804	-2.044317	-3.1850803	-1.2533448	-1.9456451	0.14873669
0.7744778	0.6283039	1.2192898	0.59131074	0.13376525	1.1267122	0.8711592	1.1447568	0.06715841	0.42100084
-1.5715662	-1.6517195	-1.0418639	-1.564476	-1.0369158	-1.5226092	-1.9389243	-1.5133047	-1.754928	-1.3665341
-1.2822866	-0.9357736	-0.5144137	-1.1037716	-0.7922261	-1.6276497	0.06872683	-1.5423658	-1.7522808	-0.49667713
-0.23551819	-0.22441933	-0.03088966	-0.2857024	0.13729462	-0.023857785	-0.21734585	0.54151344	1.0999912	-0.8357374
-2.3684864	-2.3165317	-1.5115151	-2.211667	-0.8647438	-1.9178262	-2.4412224	-1.3584048	-1.4275295	-0.552699
0.47743854	0.67369545	0.6910281	0.25774616	-0.51359665	1.9901295	0.39911568	1.402685	2.0702198	-1.1720818
-2.4848547	-2.3585434	-1.6913487	-2.4046996	-1.8295554	-2.4946346	-2.207042	-1.6856942	-2.8169224	-1.6902294
-1.513158	-1.7693281	-0.8847991	-1.4543473	-0.46497205	-2.4219472	-2.1259885	-1.0351584	-2.7036338	-0.5201168
1.4356874	0.42727527	1.9641074	1.1736274	-1.3408157	-0.8589578	-1.5769542	0.35276774	-0.84542334	-0.9927498
1.0679293	0.63050413	1.5533401	0.81127477	-0.6798464	1.7909262	0.5421821	2.040547	1.628314	-1.2003198
-2.2782044	-2.3057916	-1.6806941	-2.2370486	-2.3148866	-1.9490252	-2.0481138	-1.4420148	-1.8147142	-1.1770754
-0.6196253	0.06914288	-0.6095178	-0.73237216	-0.11096698	-0.13312155	0.6420852	-0.5911759	0.010552482	0.5072957
-0.78097475	-1.0394794	-0.3342785	-0.8873142	-1.4863611	1.4346913	1.3760802	1.4372538	1.9020209	-0.03206143
0.13426057	0.34367505	0.5257497	-0.10296179	-1.4234103	0.6423985	1.1959997	0.6468779	0.42664558	-1.8870202
-1.7746618	-1.9190872	-1.1471636	-1.5961599	-2.0361307	-2.007918	-2.1957357	-1.6364129	-2.0307112	-1.5099455
0.03899675	-0.79627526	0.38430995	-0.2004136	-2.4807131	0.7400175	0.346091	1.0499496	0.44466764	-2.0142553
0.57332975	1.4572685	1.2925984	0.40137535	0.4590614	0.5634034	1.6397274	1.6051058	0.35328838	0.43482095
-1.6318892	-1.8683599	-1.0853395	-1.4957316	-0.4307746	-2.262292	-1.8044459	-1.5286142	-2.2409046	-0.9113896
-1.7994738	-1.908389	-1.2055432	-1.725341	-1.5708781	-1.3725417	-2.2970595	-1.0305201	-1.7319598	-2.0567183
-0.016640909	0.7664602	-0.18819833	-0.0638551	1.3497139	-0.2991446	0.8696351	0.39979953	-0.26266015	1.0425165
0.76109	0.6730962	1.2312799	0.511432	-0.35020852	0.84697944	0.6005876	1.4366454	0.5213378	-0.67416376
0.1749669	0.0035908222	0.631598	-0.114625104	-1.9518423	0.23125741	0.32293037	0.67009485	0.031178363	-1.4081844
-0.25536248	0.023771018	0.5670778	-0.4040206	-0.9204583	-0.20833492	0.047362	0.19324447	-0.49709296	-1.1406049
-0.20083499	0.25578573	0.5304512	-0.25639695	-1.2576643	-0.17147098	1.6174059	0.52353776	-0.6204296	0.066088155
-1.8062949	-1.8796543	-1.1366268	-1.674631	0.283349	-1.4977733	-1.0238855	-1.728074	-1.4214996	-0.8369267
-0.5006166	-0.18016678	-0.14236128	-0.60013777	-0.3437175	-1.369609	-1.1550661	-0.61686707	-1.4221225	-0.25402242
-0.921729	-1.6072257	-0.5718837	-0.8785472	-0.9274967	-1.8743185	-0.98804736	-0.91885775	-1.3303405	-1.7299418
-1.6109434	-1.7185467	-0.9612764	-1.5540321	1.067031	-1.9015021	-1.9150134	-0.9339401	-1.7452334	0.9662921
0.67983764	0.31416008	0.982399	0.45762914	-0.53228915	0.9626449	0.951329	1.5908209	0.73762214	-0.9750709
-1.4911509	-0.22038803	-1.093417	-1.5619233	0.8055543	-2.013236	-1.6395015	-1.4427295	-2.2518108	0.9799295
-1.1651075	-1.5282297	-0.56488883	-1.122942	2.6944728	-1.596111	-1.9857875	-1.3185651	-1.9003874	2.502854
-0.19233859	-1.0558578	0.18671449	-0.34896535	-2.0833101	0.22402695	-0.73628676	0.80157614	-0.26128352	-2.6413488
-1.4291761	-1.5304343	-0.84789467	-1.492837	-1.5634559	-1.6933743	-1.483279	-1.0592778	-2.1447773	-1.0290335
-1.1763346	-0.7966081	-0.8622513	-1.3160163	1.4826728	0.8284247	-1.0852323	0.7474519	0.6074934	0.04401156
-1.1889863	-0.6594392	-0.7936239	-1.2161741	-1.9167165	-0.7503821	-0.37801564	-0.8450683	-0.7366592	-1.3177669
0.7127955	0.023719102	1.1977531	0.48013622	-1.7771606	1.070553	0.031915642	1.7307309	0.8087092	-1.7338601
-0.42986783	-0.8036537	-0.019670844	-0.2932197	1.4882898	-0.59836876	-1.3528577	0.092462	-0.21119158	1.2493807
-0.51217675	-1.1193032	0.1204779	-0.696248	-2.4181235	0.089929804	-0.27162474	0.8060984	-0.20073412	-1.7637587
-2.0683112	-1.9472018	-1.2272694	-1.9167951	0.7537328	-1.459278	-1.655399	-1.0744445	-1.8995183	-0.07059402
-1.1922615	-1.1714606	-0.79651165	-1.1840849	-0.99859846	-0.9204324	-0.7443228	-0.18871622	-1.0806344	-1.1413685
-1.5418307	-2.336805	-0.79253554	-1.5026999	-2.0408347	-1.513369	-1.62127	-0.7248436	-1.0799366	-1.9179852
-0.023425683	-0.2678915	0.14552584	-0.11821121	-0.5020628	-0.06425416	-0.44820124	0.7310983	-0.06888225	-1.4451646
2.5120807	1.5883328	2.7555256	2.0931735	-0.52255654	1.4514947	0.9392026	2.1710436	1.3779907	-0.3950433
0.4606522	1.568553	0.733232	0.17629476	-0.20093942	0.5916182	1.5485235	0.864717	0.1513966	0.011888759
-1.2982382	-1.5967067	-0.7202947	-1.2364606	-0.4733835	-0.9333359	-1.6288251	-0.56997144	-0.9200098	-1.1430413
-2.3861792	-2.2547708	-1.4597545	-2.2540784	0.021439165	-2.562659	-1.9945738	-1.2956343	-2.1987708	-0.58328986
0.54125077	-0.3252008	0.8920492	0.41317487	-0.85396063	-0.18667525	-1.0759388	0.03632831	-0.16279079	-0.46420237
-1.6005837	-1.4991295	-1.0841826	-1.5299263	1.0750042	-1.8911806	-0.98184407	-0.98853135	-2.293989	-0.37831756
-0.44493994	-0.4132328	0.016190797	-0.56917006	-1.2251691	0.014566864	-0.33061722	0.34595403	-0.5082128	-1.8559555
1.1506175	0.77799404	1.5310357	0.91785264	-0.61497706	0.5914064	1.3620244	0.87193424	0.437269	0.85389507
0.149824	-0.17035632	0.5347924	0.01836133	0.7934681	1.2013178	-0.753638	1.2969925	0.8166923	0.7582213
-1.3975661	-1.6362278	-0.921142	-1.2559719	-1.0469676	-1.5323657	-1.0152152	-1.041175	-1.0640769	-0.777284
1.203986	0.5285723	1.4582157	0.8772352	0.078525275	1.3192406	2.5710206	1.5551376	0.9005108	-0.059864677
-1.8145998	-2.122265	-1.1639708	-1.7629665	-2.3859708	-2.1928215	-1.7698191	-1.8505288	-1.742262	-1.9769031
-0.11300836	-0.42677188	0.5408759	-0.27809203	-1.973554	0.64343846	-0.5086034	1.2229759	0.23791526	-1.4395189
0.24009821	-0.1679205	0.6729027	0.068937644	-1.8175967	0.36085555	0.24377091	0.9189557	0.035225354	-2.078992
-0.8516096	-0.8567884	-0.5324919	-0.7419518	0.2559013	-0.90392536	-0.12247861	-0.4887474	-0.81665087	0.64133584
-2.070693	-2.285772	-1.3769659	-2.012033	-1.7413242	-2.0658886	-2.8506486	-0.9694179	-2.5645263	-2.439017
-0.5342539	-1.1779796	-0.1036652	-0.68514293	-2.0140548	0.002812084	-1.1151562	0.8171215	-0.27195156	-1.9729522
-2.1196423	-2.112519	-1.397415	-2.0252147	-0.78128195	-1.9492362	-0.57603765	-1.3601234	-3.4189928	-0.5435134
-0.42891702	-0.8534949	-0.11948958	-0.53883415	-1.5662172	-0.04922365	0.04123817	0.3849922	-0.30112413	-1.3580371
-2.042907	-1.9461604	-1.4248759	-1.9146978	-0.3242953	-2.0643926	-1.7244896	-1.474663	-2.5152988	-0.8695754
-1.751277	-1.8550386	-1.0670012	-1.6972343	-0.9801532	-0.9193075	-1.6125908	-0.6160421	-0.8928521	-0.6443711
-1.8383203	-1.9513888	-1.1866419	-1.789114	-2.4809928	-1.8616949	-1.7506595	-1.0000782	-1.868525	-2.15667
-2.4658833	-2.3690898	-1.5562348	-2.3690636	-0.49933717	-2.1243172	-2.3360443	-1.8826845	-2.5656407	-0.17240569
-1.7931806	-1.5515054	-1.2988335	-1.7230525	-0.6231596	-1.9040669	-1.5466179	-1.2953829	-1.6009315	-0.16032594
-1.5883311	-1.8160777	-0.9923378	-1.4767418	-0.6135231	-1.0353011	-1.7620033	-1.0319796	-1.0667084	-0.30342132
-1.3513117	-0.9775795	-0.6194091	-1.3613925	-0.6878747	-1.5685279	-1.1948113	-0.3413866	-1.7038242	-1.0379899
0.28143805	1.9685462	0.5796901	0.19443195	1.7351702	-0.03056015	1.761752	0.33004943	0.049870674	0.6431757
-2.0772033	-1.6428833	-1.56514	-1.9789959	-0.90432537	-2.204424	-1.4641725	-1.480515	-2.4833338	0.33957025
-1.349705	-1.3362025	-0.9150841	-1.2551528	-0.45068163	-1.3216287	-1.7729642	-1.0173091	-1.255906	-0.1602629
-1.3821797	-1.5908079	-0.8263453	-1.3037324	0.3203322	-1.5175183	-2.178237	-1.1195029	-1.4474639	0.04739663
-0.29990274	-0.57171893	0.12489813	-0.54541016	-2.2655053	-0.3391723	-0.23443761	0.6819042	-0.2121957	-1.4673074
-0.8220664	-1.0969195	-0.27683172	-0.8140213	-0.7378559	-1.5606627	-1.7006153	-0.6264079	-0.7416199	-0.94900006
0.5746594	0.4382876	0.8881645	0.3457061	-0.33885562	0.35576716	2.051028	0.6715616	0.13732398	-0.3375482
-1.3265092	-2.136539	-0.9984472	-1.1536105	-3.762379	-0.49279085	-1.5220286	-1.3814251	-0.85462606	-3.508595
0.008140467	-0.57075316	0.333126	0.024990425	-0.7034029	0.497176	-0.32428196	0.8729199	-0.027950356	-1.5745988
-1.4745241	-1.4448076	-0.97143245	-1.4217697	-0.14944315	-1.8067737	-1.6493537	-1.4125453	-1.0447621	0.010077904
-1.2030714	-1.5404608	-0.7424288	-1.1586311	0.927665	-1.4238178	-1.8814812	-0.8744634	-1.3327172	0.5587381
-2.1114163	-2.1614814	-1.3674358	-2.0190656	-0.46850374	-2.0181906	-1.7750845	-1.3586068	-1.2295729	-1.1975125
0.14396676	-0.49472198	0.6815704	-0.061092034	0.32584658	-1.0823369	-0.26313317	-0.23394728	-0.8017754	-0.27629873
0.16953743	-0.45196882	0.63589036	-0.0017770529	-1.9201862	0.19857463	-0.5630815	0.97837806	0.16837026	-1.392399
-0.17549548	-0.9859549	0.24479389	-0.2091461	-2.2195897	-0.5297815	-1.0222757	-0.3724677	-0.71857315	-2.5479615
-1.3379182	-1.137106	-0.9920578	-1.2083465	-0.49068043	-1.3926873	-1.227452	-0.8164364	-1.6544695	0.48244703
-1.4964026	-1.613371	-1.0548674	-1.5459574	-2.0416496	-1.6898553	-1.3804336	-0.739344	-1.5800982	-0.5255293
-0.64413124	-0.14827374	-0.21606311	-0.69714725	-0.31345502	-0.28035873	0.8891726	0.106850415	-0.1447993	0.98316485
-0.3734967	-0.32063213	0.17658564	-0.55582035	-1.2117437	-0.848181	-0.442268	0.5187599	-0.757725	-0.035970394
-0.9584155	-1.3107386	-0.43349263	-0.87936634	-1.0125253	-0.96646833	-1.2751336	-0.42609063	-0.49858898	-0.1053927
-1.9963602	-1.9472749	-1.3577592	-1.9054132	-0.9398905	-1.0201386	-1.6522782	-1.5665525	-1.5879276	-1.6725901
0.062490247	-0.6815662	0.6032883	-0.09317158	-1.9386542	-0.27477628	-0.941861	0.31245607	-0.35375088	-2.5208771
-2.2009652	-2.1023269	-1.418422	-2.146363	-1.1549875	-2.2104077	-2.6226475	-0.7490853	-1.1418632	-1.0152705
-0.7064532	0.17329028	0.2008661	-0.88529444	-0.63258475	-0.31150848	0.9269529	0.86855096	-0.8368355	-0.2591141
0.76598376	0.18988875	0.9406829	0.5554714	-0.69092613	1.8951135	0.50349075	2.1743765	1.5197296	-1.9123594
0.07454743	-0.29954487	0.40116355	-0.06705494	-0.6942203	-0.8128774	-1.1761099	-0.69088197	-0.8845618	-0.8744327
0.19672212	0.13560915	0.4723357	0.03205882	-1.5547024	0.530748	0.59607375	1.2209977	0.0630972	-2.7349718
0.3082169	0.7523973	1.0971831	0.097789034	-1.7081237	1.7814096	1.3603523	2.4083233	1.744459	-2.1806664
0.37487647	0.08247891	0.78979695	0.12438755	-2.1384544	0.0890639	-0.02599458	0.5108283	-0.246849	-1.9793575
-1.8010212	-1.3613381	-1.1977559	-1.6010987	1.620582	-1.5766375	-0.34733132	-0.78106576	-1.7238777	3.4796581
-0.7395814	-1.6583765	-0.3598868	-0.742249	-1.3246806	-0.54036796	-1.6264215	-0.033553805	-0.7182309	-1.6664008
-2.7341785	-2.2950094	-1.7646105	-2.6205637	-1.7138921	-1.8444991	-1.623352	-1.2063954	-1.746411	-0.53684366
-2.070807	-2.197048	-1.3790306	-1.982516	-0.48969766	-1.0298377	-2.4934506	-1.612702	-1.8786136	-1.0015256
-0.5181516	-0.9495009	-0.084394515	-0.59838504	-1.6200342	-0.41769433	-0.78560567	0.68416935	-0.006040073	-0.84625053
-2.0917144	-2.1329205	-1.3675938	-2.0097828	-1.8721454	-2.3216105	-2.0403128	-1.5021328	-2.4173682	-1.6823277
-2.0193477	-1.9562006	-1.404093	-1.926532	-1.1575669	-2.0520687	-2.1027107	-1.0566435	-2.0633068	-1.3751513
-0.4216121	-0.7474363	0.029137745	-0.51660794	-1.315879	-0.371161	-0.6310779	0.017988468	-0.92624253	-1.0246817
-1.6838058	-1.7760792	-1.1373096	-1.5918965	-1.625235	-2.0184534	-2.1354387	-1.267476	-1.5983773	-0.7008467
-1.4364731	-1.505208	-0.87500525	-1.4368454	-1.2238779	-0.86478853	-1.2054187	0.015861332	-0.9233122	-0.8847936
-1.5864719	-1.6502093	-1.1553409	-1.563502	-1.1215631	-1.2407147	-0.33120936	-0.8588319	-1.2143067	-1.1704803
-1.2742263	-1.7166727	-0.796154	-1.1840727	-1.3878541	-1.8978707	-1.8465899	-0.6098021	-2.1338763	-0.62142533
-1.0391959	-1.2737423	-0.6902505	-1.0879331	-1.0115488	-3.136448	-2.1273565	-0.013441152	-1.9568313	-1.3965173
-0.24255192	-0.38493913	0.11886945	-0.36608654	-1.0269108	-0.38514882	-0.8836048	0.068177275	-0.60592324	-1.5223697
1.0205773	0.6566901	1.5449055	0.8164134	0.025266439	2.3579283	0.7957612	2.9139662	1.9235907	-0.4565833
0.6070481	0.32309088	0.71630263	0.40149498	-0.98748195	-0.53280586	-1.22392	-1.0855459	-0.39837125	-1.226829
-0.6652969	0.8386049	-0.40311047	-0.7523411	0.6608037	1.0441332	-0.029793693	1.2167583	1.0048599	-0.5573614
-0.48624903	-0.8732321	0.02487208	-0.6353676	-1.0812916	-0.63585895	-0.84428966	-0.37323594	-0.42029232	-0.98951036
-2.5435996	-2.367729	-1.600369	-2.388551	-1.2561837	-1.7880144	-1.1309246	-0.7446248	-2.114771	-0.7016484
-2.0739138	-2.001941	-1.3576969	-1.9994937	-1.1684301	-2.2658389	-2.1224792	-1.2912382	-2.7647953	-0.95823854
-0.38438687	-1.1421794	-0.23595402	-0.4752074	-2.8004813	-1.1882247	-1.5352798	-0.9471236	-2.0272207	-2.3610249
0.58047014	0.96186984	0.29594865	0.33469015	-0.7097583	-0.69290787	-0.55522805	-0.6694677	-0.6526869	-1.1857476
-1.461302	-1.258684	-0.8678876	-1.3649304	0.70274067	-1.6443939	-1.2843924	-0.6089456	-1.6526138	-0.6195768
-1.0623845	-1.4063807	-0.60488415	-1.1367382	-1.7668513	-1.8334427	-2.2883885	-0.9380492	-1.3631629	-1.783515
-2.449915	-2.2322052	-1.514589	-2.3908832	-1.1604359	-2.3025258	-1.9399406	-1.2555078	-1.6581544	-1.4731721
0.28333172	-0.11612585	0.53069156	0.100914255	-1.1210922	-0.34552762	-1.5265386	-0.3187149	-0.7886235	-2.0589185
1.2942019	0.332333	1.4021115	1.1157779	-0.34281933	1.3077033	-0.67446655	0.9237568	1.437426	-0.966477
0.4317983	0.3646678	0.9410292	0.30275458	-0.35253474	-0.13132545	1.369806	0.48348412	-0.070060745	0.48495334
-0.07254539	-0.25449756	0.18904123	-0.15190239	-0.7669159	-1.4487334	-1.4543235	-0.32724085	-1.9166497	-2.2177444
-3.340395	-1.8917809	-2.4126759	-3.2167366	-0.65880466	0.034140203	-2.6753244	-1.3436195	-2.4874668	-1.9991243
0.23875138	-0.48331735	0.5873654	0.04128036	-1.867907	0.008216982	0.037471354	-0.12690003	-0.3420984	-2.1882942
-1.2329549	-1.5962924	-0.82721984	-1.2195807	-1.2352109	-1.7694294	-1.7594591	-1.0272745	-1.0894282	-0.99532443
-1.8602493	-1.9002919	-1.1734343	-1.7825037	-0.72211134	-2.25393	-2.7963703	-1.306833	-1.6091871	0.59917307
-0.9236866	-1.0227627	-0.4848694	-0.9090019	-1.332829	-1.8062588	-2.763832	-1.3466829	-2.1991615	-1.0197545
-2.2910514	-2.1408935	-1.45083	-2.1402822	-0.62996644	-2.4543014	-1.3606073	-1.4133186	-2.6240635	-1.2883656
-1.1578015	-1.3142285	-0.7903681	-1.25788	-1.1226496	-0.7212205	-0.6888114	-0.8939656	-1.0528637	-1.3581332
-1.0411097	-1.1518866	-0.6826407	-1.0620922	-2.2069845	-0.424627	-0.09479055	-0.19152346	-0.54064333	-1.7671657
-2.0922086	-1.8101684	-1.360601	-2.0090122	0.7457546	-1.5301393	-1.588637	-1.6725457	-2.3427901	1.597069
-2.5472653	-2.4468906	-1.6537309	-2.4992452	-1.2057341	-1.9361407	-2.3762577	-1.7228045	-1.9709835	-1.2572852
-0.120136976	0.67094636	0.19667104	-0.16384801	2.9713686	-0.88134116	-1.168757	-0.306747	-1.1874766	3.508974
-0.22718191	-0.50113755	0.1738359	-0.42284814	-2.2708585	-0.9172164	-0.7026463	-0.15733382	-0.7968704	-1.7557791
-1.7724079	-1.7443924	-1.168085	-1.7397832	-1.3989974	-1.6976305	-1.4682556	-0.8374649	-1.1758095	-2.2688382
-1.7569512	-1.6451576	-1.1156398	-1.661711	-0.09570101	-1.6156725	-1.2657303	-1.0013161	-1.3887901	-0.03633127
-2.050863	-2.1055887	-1.3790472	-1.924521	-1.0321252	-1.8221514	-1.9960877	-1.620172	-1.8381641	-0.76561
-2.0362682	-2.226828	-1.1920927	-1.9835265	-2.2686749	-1.6216431	-2.0334625	-1.1208031	-2.0922651	-1.6076663
0.4948835	-0.42568713	0.8693812	0.37563455	-0.58934265	1.1587635	0.09731659	1.190901	1.0227734	-0.805387
1.4197117	2.2539961	1.6335818	1.0069808	-0.9548631	0.85089207	0.8944495	1.3868735	0.65341437	-1.3872741
-1.7599612	-1.7611521	-1.1656225	-1.6586025	-0.42715997	-1.7138965	-1.7188755	-0.6726783	-1.3752178	0.17466769
-0.555473	-0.8789475	-0.20191425	-0.68668854	-1.5292124	-0.78654253	-1.0858837	-0.33509028	-0.4614598	-2.41223
-1.9591712	-2.158057	-1.2905715	-1.8759564	-2.1156135	-2.8620348	-2.3238428	-1.6733392	-2.6839206	-2.9958444
-1.5516926	-1.3576411	-1.1409905	-1.5243534	-0.6957916	-1.8183346	-1.8551962	-1.4311213	-1.4088019	-0.84404206
-1.0633547	-1.2783868	-0.5805851	-1.1033021	-0.79837644	-1.6405348	-1.647684	-1.6520326	-2.0198307	-1.4378527
-0.04290963	0.79545176	-0.29037097	-0.011702701	3.754138	-2.029862	0.16856125	-1.3343278	-0.97256714	1.8810115
2.2037382	3.9793656	2.2211082	1.8748951	1.4825455	1.2083657	4.720548	1.7521996	0.5920019	2.196431
-1.1868696	-1.5034807	-0.7297857	-1.0975928	-0.8752234	-1.0026504	-1.6772798	-1.2705318	-0.26947236	-1.3963814
-1.891111	-2.0844223	-1.0861552	-1.8855693	-0.20683411	-1.8175533	-2.1362932	-1.1553978	-1.2619759	-0.5539477
-1.4628857	-1.7436217	-0.8381622	-1.5564449	-2.5134637	-1.3282642	-1.7871614	-0.44877246	0.37923634	-1.4686954
1.1284691	0.7982843	1.14275	0.92565465	0.12555066	1.2331837	1.4757998	1.3262327	0.3716255	-0.43181366
-0.82259184	-0.026433527	-0.5471866	-0.8397976	1.0331417	-0.5949665	0.85375285	-0.84930533	-0.5397625	0.38551793
2.5687838	2.613465	2.4840944	2.219307	0.11168474	1.1509907	0.8341273	1.2924248	0.94200176	-1.5997869
-1.4730552	-1.6363461	-0.8738905	-1.3719205	-0.4605607	-0.9078991	-1.3645041	-0.9180053	-0.8983054	-0.6109809
-0.44304165	-1.2003603	-0.12177801	-0.5279093	-2.0800633	-0.7860763	-1.9767936	-0.49219754	-0.96107733	-1.6200266
0.8383431	0.9885067	1.0400409	0.65140545	-0.6101792	1.1482753	2.1460907	1.6658669	1.2363228	-0.47584152
-0.38826665	0.057106405	0.284238	-0.41483986	-0.740857	0.027792573	-0.28358766	0.48464024	0.3002665	-0.15079954
-0.70359486	-1.1323702	-0.22210565	-0.8610798	-1.9545342	-0.50326717	-1.1183966	0.1709733	-1.0343392	-1.7261918
0.13426647	-0.40534922	0.47967684	-0.03996055	-1.0980065	-0.066240944	-0.87226933	0.47643548	0.777166	-1.4024162
-1.1741148	-1.2679284	-0.7590482	-1.1446015	-0.5519664	-1.3914933	-1.5618129	-0.7817923	-1.5580664	-0.38371047
0.2936888	1.1409191	0.88864493	0.12888841	-0.40375102	0.16233991	-0.0320299	0.8597757	-0.26792952	-0.68198264
-1.0360281	-1.0404754	-0.5455723	-1.074135	-1.0828806	-0.7924074	-1.0191041	-0.22901784	-0.92918	-1.8905181
-0.12965631	0.8162832	0.17397287	-0.32282174	-0.11639622	-2.115478	-0.39331982	-1.4255521	-1.5657251	-2.0412154
-1.5810723	-1.1947334	-1.1743171	-1.5333453	-0.8516822	-2.1827648	-1.4530252	-1.7075546	-1.9237229	0.46738955
0.7498789	0.45381358	1.0583332	0.5524763	0.32755163	0.9546825	0.83655226	1.4288014	0.4739736	0.48682067
1.2357361	5.8254595	1.0496403	0.8445995	3.1554763	1.6671184	5.5206594	1.5628588	1.3123606	3.0485573
-1.4710268	-1.6804466	-0.6606715	-1.3973399	-0.0695419	-0.34439662	0.0400178	0.14467026	0.04850137	0.86678636
-0.81416005	-1.1334798	-0.38617513	-0.8973026	-1.878364	-1.0420614	-1.6296473	-0.58489287	-0.87032455	-1.2753748
-2.353989	-2.2611916	-1.5777961	-2.2089243	-1.818117	-2.3019607	-2.1852412	-1.9461739	-2.5729783	-2.021872
2.1906471	2.0991476	2.3649845	1.8659067	0.08782071	1.504489	1.5999359	1.8898339	1.2767699	-1.291953
-0.91360635	-1.1553019	-0.40896544	-0.9301404	-0.43355	-0.58234954	-1.1918377	0.43656355	-0.84429365	0.07393957
-0.9445551	-1.1041712	-0.35106382	-0.99415797	-1.7174762	-0.58623844	0.35702756	0.7423731	0.22739814	-1.4366999
0.30455604	0.91341066	0.8741312	0.12786798	0.24536249	-0.34925112	-0.66523486	0.5592011	-0.51894975	-1.0721532
-1.5323027	-1.5723717	-1.0232685	-1.5983831	-1.742602	-1.7892536	-1.317509	-1.3484286	-1.8599436	-1.3244224
-2.2231407	-2.2366445	-1.4805342	-2.0860167	-1.9400021	-1.9678447	-1.3666306	-1.3915217	-1.7849735	-2.1428196
-1.6056975	-1.3524629	-1.1183463	-1.6174333	-1.0426774	-1.3860974	-1.9144909	-1.1421812	-1.5984855	-1.7641764
-0.38485363	-1.0226458	0.13137254	-0.42904806	-1.4386363	-0.84585327	-1.4259123	-0.114267156	-0.86644393	-1.8675395
-0.727032	-1.1276777	-0.22903708	-0.717817	-1.919669	-1.1638924	-1.48564	-0.78608716	-0.79793847	-2.6355603
0.22802448	-0.6815522	0.75864947	0.0063688606	-2.1756277	0.021336341	-1.064734	0.7147016	-0.43492308	-1.9884793
-1.9280468	-1.9875768	-1.2890226	-1.8788052	-1.713939	-1.7713182	-2.0674765	-1.4693655	-2.0074675	-2.8952904
-2.0807562	-2.1280003	-1.3663702	-2.0508385	-2.4850888	-2.1730447	-1.3977004	-0.758291	-1.3634771	-2.1828377
-1.3943172	-1.3087661	-0.84241045	-1.4464599	-0.9346844	0.4094015	0.45143652	-0.21883357	0.28378332	-1.1018326
0.22136152	0.2633101	0.742573	-0.05302827	-2.4018362	0.33178335	1.8981222	0.10341892	0.04714018	-1.4444062
-0.43442053	-1.1817814	-0.22570583	-0.5593948	-1.1505919	0.46391782	-0.86531734	0.25917384	0.35713643	-0.987778
-1.3826028	-1.6366204	-0.8546493	-1.484689	-1.3549597	0.013420807	-0.66600055	-0.7721376	0.36509675	-1.6868694
-0.724215	-0.729162	-0.6637038	-0.63599145	-0.8299754	-0.27165166	-0.7841093	0.28784096	-0.79307705	-1.1029875
-1.4223369	-1.6357704	-0.82763207	-1.4577557	-0.65091443	-1.6333431	-0.998012	-0.7172014	-0.28469598	0.004254179
-0.970465	-0.97274625	-0.34787515	-1.0095934	-0.640939	-1.0659546	-1.4502027	-0.5114843	-0.7974286	0.19196393
-1.1564292	-1.4135861	-0.7293011	-1.1540232	-0.74790347	-1.7850068	-1.5563834	-1.4449216	-1.6735102	0.50739425
-1.225499	-0.12248826	-1.0085908	-1.2672522	1.1693738	-1.0349118	-0.43342417	-1.1668731	-1.2560595	-0.12662084
-1.2014531	-1.4472578	-0.9670013	-1.199469	-2.0248992	-1.1239915	-1.1014879	-0.6691116	-0.6205613	-1.1842213
-1.8923262	-1.9631644	-1.1792299	-1.8163412	-1.1542103	-2.128031	-2.357714	-1.5615813	-2.1843739	-2.1928432
-1.8896067	-1.913451	-1.3071965	-1.7937655	-1.2511468	-1.2262735	-1.6314718	-0.9251863	-1.0447621	-0.8812153
-1.5884426	-2.0351803	-1.0385247	-1.5718657	-3.0169659	-1.8280122	-2.6259227	-1.514086	-2.133531	-3.6526194
0.5682744	-0.29700792	1.1019863	0.42901593	-1.6598654	0.29961833	-0.067503326	1.2047181	0.3009766	-2.7135823
-1.6218615	-1.7449704	-1.0518271	-1.6427752	-0.29140246	-1.4016262	-1.4476259	-1.179196	-1.7306737	0.0089654215
-0.78280675	-0.8129753	-0.39136663	-0.87577045	-1.5129768	-1.519433	-1.8078027	-1.2626624	-1.7235382	-1.4486709
-1.2549349	-0.96315277	-0.8544688	-1.2459606	-0.6392439	-1.1282884	-1.0832714	-0.96514773	-1.3916112	-1.1797283
-2.3633487	-2.131998	-1.467506	-2.3209088	-0.32994413	-2.3294566	-1.9156737	-0.93428016	-2.668834	-0.88707244
-2.1932366	-2.3645353	-1.4343185	-2.141361	-1.5882235	-2.0139327	-1.98531	-1.160406	-1.9759603	-1.7192554
-2.223058	-2.2533402	-1.5093663	-2.159268	-1.9708763	-1.833457	-2.0760815	-1.0336149	-1.3429608	-0.25012133
-1.3910662	-1.7464861	-0.924482	-1.2448151	-1.078065	-0.87432265	-1.3144417	-1.0767125	-0.44579244	-2.0014498
-0.5443009	0.5368767	-0.22640792	-0.7598195	-0.5992122	-0.7912669	-0.13936125	-0.24781182	-0.33921126	-0.17121272
-1.5345796	-0.8139765	-0.6959131	-1.5120212	-1.5421206	-0.37218675	-0.2995084	-0.2238383	-0.38979074	-1.5396413
0.54600126	2.622212	1.2583878	0.31784552	1.2285279	1.6236372	2.253348	2.127469	1.5825312	0.6072731
-1.3936799	-1.0288918	-1.0520118	-1.3801024	-0.7728667	-1.822011	-1.6864254	-1.1426936	-2.1749988	-1.9819038
-1.6129134	-1.6668588	-1.0948108	-1.5369601	1.4342483	-1.396164	-1.8464302	-0.9277955	-2.1602392	-1.1586003
-1.1610628	-1.4469867	-0.71356404	-1.1615192	-1.915804	-1.3166867	-1.6896486	-0.66604555	-1.7469573	-1.8707525
0.74067265	-0.29346076	1.1151662	0.571077	-1.6775051	1.5935663	-0.052266154	1.3973423	1.4630767	-1.5202626
-2.0220382	-1.8629494	-1.2539974	-1.9858379	0.16598341	-1.2442838	-1.0308985	-0.5813759	-0.871817	1.2830005
-1.7770108	-1.8897996	-1.1388758	-1.6238768	-0.06880972	-2.023228	-2.3316743	-1.1671953	-1.9882658	-1.2630156
-1.8898913	-2.2335403	-1.2028179	-1.8484215	-2.1645947	-1.8640987	-1.3718055	-0.7901751	-1.6596	-2.0535784
-1.815113	-1.538924	-1.1443558	-1.8034515	0.23594972	-2.1274173	-0.3427671	-1.8318816	-1.486838	0.6050328
-0.35288185	-0.769202	-0.13326809	-0.47717547	-0.041778266	-0.10575501	-1.1060249	0.15476283	-0.27783853	0.42945406
-1.7344593	-1.7912157	-1.157048	-1.6474589	-0.2461486	-1.4739857	-1.7135195	-1.2902747	-1.7305397	-0.88315064
1.8976268	1.5777866	2.0304534	1.7396417	-1.0639297	1.2978588	0.17872429	1.3676497	1.2728735	-1.6923405
-1.5828105	-1.7169706	-1.102195	-1.5067226	-0.4613386	-1.940726	-1.9941539	-1.1756016	-2.1568096	1.004926
-1.7437513	-1.761405	-1.2730714	-1.7261108	-1.2602743	-1.6629523	-0.5734564	-1.9176874	-0.9132449	-1.0596665
0.2224904	0.75159097	0.5435213	0.091283634	0.16414568	-0.46653873	0.295712	0.41377345	-0.7276059	-0.87250364
0.26460025	-0.1471143	0.7088175	0.08675863	-1.1307307	0.8794727	1.5816466	1.1040903	0.598424	1.9034754
-1.9281112	-0.48498663	-1.5404754	-1.8764346	3.1232107	-2.421788	-1.9132154	-1.6773764	-1.6717191	1.4614098
0.29028854	0.1557912	0.7670053	0.11485322	-0.83023965	-1.632955	-0.9614904	-0.96611494	-1.9118489	-1.6968669
-1.5839355	-1.7883263	-1.0178839	-1.4914992	-1.5100923	-1.4602627	-0.8393086	-1.3005966	-1.6648991	-1.8919829
-1.7427425	-1.7943522	-1.1835119	-1.6993375	-1.359407	-1.4763895	-0.5220291	-1.0646102	-1.6397476	-0.22401969
-2.0300617	-1.9450098	-1.3878875	-1.9583297	-0.90443075	-2.515693	-2.3402188	-1.2579192	-2.6705315	-0.98744094
-1.5657583	-1.7302377	-1.1737369	-1.4720336	-1.3754104	-1.1752558	-1.4440193	-1.2231497	-1.3486626	-1.1566228
-2.2834537	-2.1630127	-1.5227029	-2.1404703	-0.1570122	-2.0933194	-1.7480202	-1.2019874	-2.284696	-0.20079714
0.10072481	0.44120088	0.3107199	0.009157628	0.37693867	-0.9861927	-1.5090318	-0.081687436	-0.83584166	-1.6771892
-1.7511703	-1.7041461	-1.1764988	-1.68875	-1.2202319	-1.7123333	-1.699083	-0.6853935	-1.386021	-1.4556319
-1.6310158	-0.9149554	-1.1586273	-1.7141564	-0.92681086	-1.6380464	-1.1210514	-1.5615063	-0.5477304	-0.71930814
-2.02794	-1.8965663	-1.4070941	-2.0032616	-1.2253042	-1.7949898	-1.7552524	-0.6114394	-1.7308277	-1.2557535
-1.6600798	-1.4368399	-1.1375588	-1.6988215	-1.1325495	-1.5749944	-1.9180822	-1.2282696	-1.4339033	-1.1364255
1.392004	-0.6650862	1.5761833	1.105344	-1.8453046	-0.66427463	-0.88939667	0.50070685	0.39337593	-0.083815224
-2.6620343	-2.4478307	-1.7102668	-2.6130083	-1.6605567	-2.7284808	-2.1601596	-1.0604647	-3.5887554	-0.9001459
-1.2419548	-1.6617217	-0.72936916	-1.3061209	-2.4352617	-1.2512652	-2.1140647	-0.31712905	-2.7114558	-2.6580436
-0.87264085	-0.80933404	0.029928088	-0.9315541	-0.82227343	-1.7375615	-1.5200768	-0.9632528	-0.85334414	-1.2307595
-2.0083377	-1.9601655	-1.368023	-1.9004829	-0.8144623	-2.644632	-2.445708	-1.6445768	-2.507558	-1.3763721
-1.8677453	-1.884415	-1.2023313	-1.8042872	-0.7523724	-2.1517477	-2.0971174	-1.0647707	-2.8708005	-0.41374505
-0.06391636	-0.2340298	0.40342626	-0.07667644	-0.2558914	0.27121523	-0.14142308	1.0449245	-0.022656107	-0.95104975
0.36446196	3.0861864	0.37909696	0.007997096	0.9448068	0.3929483	1.9910991	0.1655105	0.64617115	-0.12405212
0.5330112	0.7871754	0.77736974	0.37400895	-0.9871657	0.2717483	1.1711175	1.0535547	0.5110002	-1.3391404
0.36634892	1.4823596	0.64000404	0.093192324	0.2792631	0.36663285	3.1084821	0.9541471	0.3609734	0.68857265
-0.14974943	-0.2413868	-0.189006	-0.30387717	-0.43388474	0.04061261	0.5280834	-0.012972557	0.13406055	-0.19036424
-1.6041214	-1.7266077	-0.99347603	-1.5557694	-1.4472464	-2.239536	-2.081241	-1.1184931	-1.4274467	-2.1254337
-1.4425331	-1.7169017	-0.92788875	-1.4953468	-2.5009599	-2.6227348	-2.2355804	-1.6271152	-2.5579982	-1.9561536
0.26313874	-0.28532866	0.55789125	0.10099055	0.3769413	-0.6584427	-1.2708472	0.0748581	-0.36347708	-0.046478666
0.24760544	0.93531156	0.47498798	0.107577816	-0.2162212	-0.8929628	-0.50014126	0.01649167	-0.31994727	-1.4988018
1.490786	4.019077	1.492418	1.1026995	1.1684506	1.2635121	6.12576	0.88289255	0.33837005	2.909503
-1.2330143	-1.6044511	-0.7683172	-1.2323234	-0.6204854	-0.8994885	-1.2978724	-1.0873108	-1.1589278	-0.921722
-1.9077255	-1.9894495	-1.3371896	-1.8276963	-1.3483688	-1.8561484	-1.2085181	-0.66508317	-1.4939201	-0.15966065
0.9865857	1.1095911	1.1039448	0.837036	0.053779155	0.2426289	0.7911942	-0.020590348	0.21529281	-0.076515645
-0.316969	-0.64888453	0.20622882	-0.308347	0.091023356	-1.1272304	-2.1142988	-0.44662598	-1.432519	-1.2511188
-0.8283928	-1.2053907	-0.44094804	-0.73140424	1.0130054	-1.1320437	-1.3946462	-0.6691652	-1.4883709	0.5676254
0.1807293	-0.30782232	0.5887952	-0.11243984	-2.0272222	0.7508825	0.011130316	0.5803443	0.46142974	-1.1632165
-2.0515254	-2.0362608	-1.4743111	-1.8886659	-0.15272728	-1.9372978	-1.5234778	-0.90598303	-2.218985	0.2528262
-1.7812468	-1.7295861	-1.1367679	-1.7555275	-0.30388007	-1.4578916	-0.23501647	-1.2480932	-1.2746555	2.2411194
-0.40304738	1.2918131	-0.2791702	-0.6790687	-0.25668567	0.6052782	1.8151015	-0.14601812	-0.14959395	-1.0683451
0.31430078	0.17950353	0.7725171	0.09657018	-1.505992	-0.21904182	0.20545283	0.06406216	-0.60476553	-1.2537229
0.96406394	-1.5006843	0.94281447	0.8966905	-1.5937845	-0.27876064	-2.125059	-0.15945849	-0.31503165	-1.9983599
0.7429197	2.4355867	0.63257957	0.6281028	0.81915975	2.739768	4.530687	1.6820213	1.6841965	1.4321669
-1.1129888	-1.1716696	-0.8050606	-1.1201541	-1.47267	-1.5801027	-1.3674076	-1.3196714	-1.5867943	-1.3419764
-1.757142	-1.8548613	-1.1126624	-1.7146119	-1.3141655	-1.8101752	-1.6143061	-1.2613084	-1.8931347	-0.5245628
-1.1156315	-1.731461	-0.7135252	-1.0884919	-1.5456197	-0.39157048	-1.6139702	-0.14076547	0.18123333	-1.3076588
-2.551698	-2.3690524	-1.6061574	-2.3939095	-0.33376163	-2.6078837	-2.5522716	-1.5851607	-1.8372433	-2.2336588
-1.7593174	-1.2442026	-1.2171315	-1.6668978	-1.7115788	-2.4292355	-2.008146	-1.6746036	-2.451982	-2.3242323
-0.19675225	1.4962496	0.19185641	-0.4416641	-0.48520768	-2.2323186	-0.84504	-0.2942046	-2.0175383	-0.21655658
-0.5303941	-0.85796475	-0.38124678	-0.55430776	-1.4906456	0.7650944	0.5559642	0.8198791	0.55940664	-2.7861555
-2.2413473	-1.9971488	-1.6249005	-2.0885541	-1.567536	-1.9784184	-1.7337048	-1.4566628	-1.685989	-2.1083744
-2.260035	-2.1960673	-1.491443	-2.1714861	-1.4739007	-2.1121042	-2.5062153	-1.5730747	-2.6152542	-1.5307987
-2.144182	-2.0146174	-1.5058109	-2.0588415	-1.3336909	-1.0416036	-1.2568872	-0.08310199	-1.59453	-0.5899856
-1.9569612	-2.2018373	-1.3512863	-1.8994397	-1.3078933	-1.5046976	-1.497236	0.7040128	-2.1106665	-1.2559403
-0.5200296	-0.66106457	-0.15222579	-0.5676395	0.30417535	0.010354827	-0.6564027	0.6370458	-0.38800183	-1.1089077
-1.1341809	-1.2796898	-0.70967555	-1.013448	0.03398496	-1.072885	-1.1776685	-0.90172064	-0.8418911	-0.30137423
-0.6902608	-1.1674151	-0.36411688	-0.7904887	-0.69177115	0.11535871	-0.9829452	0.36452958	-0.21377012	-1.091285
0.33324346	-0.1733914	0.7009256	0.12286185	-1.5351592	0.5208262	-0.32619143	1.3168119	0.40167558	-0.9666234
-1.5295991	-1.1801648	-1.081079	-1.5146275	-0.20724371	-1.3813126	-0.87554425	-0.5215764	-1.335343	0.1784977
0.32602438	0.7473762	0.65045303	-0.007829994	-0.34528422	-1.605672	-0.19722916	-0.7081542	-1.7618431	-0.70052886
-1.9489363	-1.8632392	-1.3264868	-1.8956616	-1.3361572	-1.2925428	-1.6523074	-0.74899936	-2.4316354	-2.2952344
-0.888742	-0.8807403	-0.55698514	-0.8859649	-0.4565112	-0.26763105	-1.2892395	-0.0755211	0.22326434	-0.6091774
0.28762648	0.21437576	0.6383097	0.116151825	-1.03759	0.1673082	0.022692496	-0.08848801	-0.23249876	-1.4113921
-0.88325715	-0.40214324	-0.7003578	-0.94758207	1.5739084	-1.9399756	-0.92097145	-0.29833767	-1.0203803	1.1620253
-1.9911501	-2.0037324	-1.2832752	-1.9383917	-0.6053696	-1.9073228	-1.4715307	-1.1167351	-1.7051247	-0.17198196
-2.252321	-2.0927634	-1.6767977	-2.1843262	-2.345311	-1.7175765	-1.89054	-1.5336683	-0.63490325	-1.6269163
0.8862918	0.3362855	1.5570252	0.72775006	-0.7747423	0.33902922	-0.37276945	0.8698526	0.35619098	-0.7198533
-0.6390288	-1.1558696	-0.38393453	-0.59478444	-0.9802922	-1.2462953	-1.8693165	-1.0594864	-0.87244946	-0.9637924
-0.6121457	-1.0399299	-0.023273557	-0.63211614	-2.5042188	-0.4297607	-1.1896152	-0.5035026	-0.10224046	-2.6732998
0.4694802	0.23183498	1.0177375	0.35165817	-1.1505562	0.8005831	0.24696909	1.4541526	1.0206621	-1.9884666
-0.56636214	-0.13405523	-0.28083572	-0.63917565	0.28720024	-0.4498108	0.49033746	-0.1776798	-1.5267274	1.327874
0.17346832	-0.19717124	0.5418986	0.09234668	-0.17528829	0.07722114	0.15490031	0.616011	-0.39703417	-0.91729
2.0374837	-0.2900164	2.477487	1.833905	-2.0581996	1.2993681	-1.2411231	2.0654256	0.85679233	-1.9942057
-1.5979507	-1.8065917	-1.0251123	-1.576568	-1.5330043	-1.6262203	-2.3456652	-1.3068305	-2.4422581	-0.63588834
-0.56136376	-1.0601696	-0.3679038	-0.56464165	-0.8518381	-0.4639633	-0.9363943	-0.070770375	0.20994362	-1.4988526
-2.486035	-2.256245	-1.5619335	-2.3393445	-0.63229185	-1.4288675	-2.4768422	-2.1772022	-0.28469598	-1.1623272
-2.09173	-2.1328957	-1.4031734	-2.0159914	-1.36598	-2.3113604	-1.6062793	-1.2541956	-1.6490555	-1.8795229
-1.7684915	-1.8877183	-1.0932125	-1.6796606	0.71874607	-1.0902747	-1.1100485	-0.48236236	-1.4520319	0.7175261
-0.910482	0.29679182	-0.31842777	-0.93843013	0.67050755	-2.5035808	-0.837145	-1.3571558	-2.7566736	2.3680565
-0.0025001094	0.44572875	0.1559726	-0.2048356	1.181475	1.1151125	2.489622	0.6509053	0.49047914	0.37240106
-1.280326	-1.5544696	-0.80004513	-1.2183744	-0.64484346	-1.4838471	-1.5895419	-0.8322849	-1.4464761	-1.062134
-0.6528002	-0.77801037	-0.34005478	-0.7736181	-1.1273534	0.33288965	1.067351	0.61476254	0.3694473	0.32380044
0.48134032	-0.0407428	0.7131814	0.30216634	0.08415145	0.31219444	-0.46936712	0.6125074	-0.22206295	0.6499997
-1.3255754	-1.7202629	-0.8073356	-1.2618899	-1.6491913	-1.4629799	-2.2299855	-1.0151167	0.39337593	-1.4417015
-0.947964	-1.0817012	-0.5972698	-0.8886258	0.12245789	-0.6654702	-0.27195495	-0.28663442	-0.74096274	0.24475066
0.13778189	0.12668324	0.61110336	0.002476737	-0.3441366	-0.113252215	1.3991156	1.0007294	0.058633033	2.728858
-2.5868666	-2.3779435	-1.675304	-2.4630678	-0.8341838	-3.1152194	-2.7974696	-1.4167619	-3.0289078	-1.418786
-0.49800077	-0.6480567	-0.113401026	-0.6220103	-0.9742731	0.10943221	-0.24324584	0.5984717	-0.22809936	-1.1610883
-2.081691	-2.0189548	-1.339633	-1.9861226	-0.4139343	-2.3293042	-2.4097738	-1.8978132	-2.6762793	-0.45976555
-1.2127255	-0.5926436	-0.7093326	-1.3294337	-1.8137158	-0.44452447	0.31395537	0.19656546	-0.08784044	-2.6997483
-1.1781173	-1.4986532	-0.68441355	-1.1714864	-1.9290717	0.19340773	-0.7035544	0.55250585	0.04552401	-2.0131536
-1.9756972	-2.0881894	-1.3150561	-1.8421059	-1.3442762	-1.9685668	-2.0295875	-1.3942695	-1.7690197	-1.6680338
-0.105365075	0.21632963	0.443571	-0.22636871	0.45611194	-0.4454932	0.53674376	0.10796158	-0.30180618	1.5268017
-1.7150271	-1.7393794	-0.9779254	-1.7045177	-0.52792966	-1.1667506	-0.63499576	-0.6559988	-1.493969	-0.7657447
-1.5614232	-1.765497	-1.0045755	-1.5225084	-0.5537114	-1.5139323	-0.6443383	-0.092465825	-0.6746417	-0.4277571
-0.33021808	-0.08254193	-0.06810382	-0.47129804	0.5997287	-0.70167726	-1.2405605	-0.33770275	-1.1593852	1.2779078
-1.4065801	-1.2209109	-0.9643333	-1.3361223	0.42091432	-0.81180257	-0.7801592	-0.7914677	-0.7531432	0.112548456
-1.2561466	-1.2716079	-0.83814514	-1.2068341	-0.14669776	-0.31138653	-0.5163482	0.8703356	0.036987424	1.4985055
-1.5775986	-1.7119291	-1.1908242	-1.5696701	-2.6621442	-0.20038646	-0.26857856	0.07798074	-0.31866172	-1.1332902
-1.3706446	-1.6122278	-0.9018676	-1.3296789	-0.6330301	-1.7548436	-1.4937569	-1.4722946	-1.529017	-0.85478795
-1.3545508	-2.0129125	-0.95310926	-1.2662283	-0.1578246	-1.6183583	-2.2822897	-0.6304439	-1.8322735	-0.5162588
-0.86142576	-0.26948753	-0.4809738	-0.9674569	-1.3166485	-0.7901505	0.7674336	-0.5955388	-1.0678626	-1.906874
0.19445044	0.20027474	0.61762094	0.083151534	-0.97376835	-0.4408739	-0.11059053	0.5102063	-0.27514538	-0.8681739
-0.10592956	-0.25224283	0.44136015	-0.20365338	-0.38522208	-0.61634856	0.84343517	0.10043331	-0.4801206	0.697796
-0.34109402	-0.82592213	-0.33276376	-0.45745528	-0.84159184	-0.8416741	-1.1183968	-0.44061568	-0.9304937	-1.0791407
-1.3827652	-1.8329293	-0.82760906	-1.3674504	-1.670304	0.30411986	-1.8233229	0.41519994	-0.98053795	-1.4366666
-1.9257971	-2.0791297	-1.2267407	-1.9793789	-2.0266435	-1.0127344	-0.84903383	-0.74561083	-1.0782452	-2.6325161
-2.091618	-2.0607042	-1.3502724	-1.997832	-0.5866972	-3.1074557	-2.0388117	-1.4098612	-3.6812713	-3.0298364
0.76424676	0.9979075	0.95591235	0.45308328	0.8575306	0.30350876	0.3700065	0.12804793	0.2050014	0.013562707
1.1689568	0.41003248	1.405075	0.92464507	-0.553121	3.5240057	0.24916154	2.3160763	2.996221	-0.5150357
-0.43208483	-0.7533791	0.15578672	-0.56270707	-2.2001057	0.011083397	-0.584198	0.7590348	-0.10845032	-2.1423628
-0.89812195	-1.3442137	-0.44908395	-0.9613077	-1.5330529	-0.8384191	-1.3182659	-0.48710576	-1.1080546	-2.0320463
-1.9721776	-1.9967246	-1.2870543	-1.8968323	-0.3013698	-2.0759165	-2.094535	-2.4894233	-0.86965847	-0.06643003
-2.174902	-1.799564	-1.5234747	-2.0823727	-0.90756464	-2.9448507	-2.2562168	-1.7103729	-2.8107877	-0.88134307
-0.7442886	-0.8161323	-0.6155621	-0.73957026	-0.96990716	0.18615921	-0.5379906	-0.46273425	-0.4557896	-1.7654557
-2.3011935	-2.1511955	-1.4441954	-2.1413481	-0.8114009	-2.8786795	-2.2750006	-1.7311956	-2.538778	-1.0908388
-1.567083	-1.4090436	-0.933205	-1.615357	-1.6041348	-1.459106	-1.6734289	-0.42685264	-1.785838	-0.89739734
-0.0052445903	-0.65959966	0.39162022	-0.19761412	-2.2848635	0.29665932	1.1288747	0.89993536	0.20714742	-0.21553831
0.6516071	0.1974023	1.0241164	0.5235266	-1.8138965	0.4802828	-0.4650861	0.81699616	0.6669103	-1.7847134
0.39047724	0.027675629	0.8613503	0.27998662	-0.38056397	1.1343483	0.17329903	1.5437577	0.9083268	-0.04945153
-2.0107086	-2.1225305	-1.3955597	-1.92683	-1.4572008	-1.7500912	-2.37421	-1.0415334	-2.2352455	-3.2970688
-1.5368651	-1.7675142	-0.9789343	-1.4409096	-0.96408343	-1.5256392	-1.4977111	-1.0182914	-1.0272102	-1.2315129
-0.58374685	-0.4428464	-0.17238268	-0.6560697	1.87718	-0.9536451	-0.52717865	0.17797376	-0.39450756	2.3770778
-1.8448734	-1.4387379	-1.2238364	-1.7174246	-0.7797607	-1.9977057	-2.3976407	-1.1878853	-1.5735027	0.88221467
2.1740992	1.829967	1.8444918	1.8833046	-0.19887644	2.343885	1.7144356	2.9721766	1.5637026	-0.8082006
-0.57401145	-0.08550009	-0.31938288	-0.55447775	0.78070164	0.8879733	2.4749327	1.3211691	0.6587498	1.4517839
-0.33289897	-1.0126915	0.30775553	-0.45395178	-2.0791621	-0.388103	-0.6475744	0.2334134	-0.4871997	-2.294622
0.26221547	0.27551636	0.65116394	0.06145197	-1.2982856	-0.20625041	-1.0958676	0.45532137	-0.28386265	-1.8706592
-1.6603845	-1.7835813	-1.0549992	-1.5522939	-0.66697156	-1.5695429	-1.8013911	-1.3272376	-1.2746593	-0.10740864
-1.100541	-0.7811469	-0.7125503	-1.1094831	-1.5486851	-0.12314801	-0.829572	-0.32552466	-0.41185516	-1.2531672
-1.7455523	-1.6327609	-1.1524773	-1.7455249	0.075841755	-1.1927621	-1.4552139	-0.75464094	-1.6292062	-0.799665
-1.5512272	-1.7342017	-1.1119097	-1.5343893	-1.4589305	-1.3768675	-1.1871368	-0.7478256	-0.9538837	-0.39526343
1.1129524	1.0788574	1.2513202	0.89304185	0.34097883	0.9573178	0.7004807	0.76832724	0.20651437	0.929015
-1.9458252	-2.0970492	-1.4232261	-1.8619156	-0.58441484	-1.8640101	-1.3210936	-0.54918027	-2.4949942	-2.288462
-0.32865128	-0.52700305	0.089517325	-0.51172286	-1.5020087	-0.19949658	-0.6147218	0.0020814538	0.034586757	-2.0018964
-2.2644851	-2.298999	-1.4875292	-2.1553056	-2.7295415	-2.1976297	-0.85490733	-0.353071	-2.07849	-2.3396912
-2.4814112	-2.2355056	-1.5621842	-2.3352869	-0.9463146	-2.66646	-2.4083323	-1.5275774	-2.546049	-0.57628834
-1.066288	-1.0025616	-0.6498337	-1.1372178	-0.14245185	-1.2793943	-0.2640752	-0.5385593	-1.2932439	0.9175347
-1.574037	-1.7628031	-1.0579445	-1.5012017	-1.7815665	-2.0607173	-1.928136	-2.2160807	-0.7701228	-0.88535386
-0.6183172	-0.68083644	-0.17830509	-0.62434876	0.46059754	-1.258014	-1.5376364	-0.5605579	-1.3600339	1.014281
-0.18274838	-0.64085925	0.21027812	-0.36378425	-1.7016762	0.024837328	-0.1812083	0.0010691215	-0.82430404	-1.3237106
-1.0410037	-0.9159734	-0.6246344	-1.0922312	-0.8086206	-0.7200667	0.89338887	-0.78470564	-1.2239891	0.14146352
-0.9364207	-1.1215715	-0.47674164	-0.89134514	0.16587117	-0.33883783	-0.22787482	0.25192854	-0.17233603	0.52288675
-1.9489284	-2.1290126	-1.2647343	-1.8569443	-1.4247649	-1.8366097	-1.970158	-2.1048632	-1.4863298	-0.36941537
-3.028888	-2.7589211	-1.8375964	-2.9020638	-2.687304	-3.82425	-2.3546317	-2.753978	-4.464233	-3.56938
-1.8446791	-2.0464325	-1.2344841	-1.8059826	-1.409274	-1.8865838	-1.6804254	-1.1273565	-1.763801	-1.8548322
-0.76436627	-1.2736033	-0.071656495	-0.82531905	-2.0810394	-2.0176246	-2.487454	-0.70460814	-2.7187238	-2.1307528
-2.2949994	-2.0320194	-1.4719809	-2.2130644	-0.9375801	-1.74867	0.3459331	-0.5938752	-1.8303722	1.1313916
-2.1200871	-1.9414551	-1.3619353	-2.0816183	-0.37860212	-1.544673	-1.5797995	-0.6039433	-0.86965847	0.4693186
-1.1121409	-1.3880965	-0.46398285	-1.08296	-0.41915762	0.12085185	-0.8556489	0.59985983	0.074630655	-1.4379079
-2.7705398	-2.487988	-1.7849905	-2.6641905	-1.993651	-3.2838018	-3.670719	-1.4993846	-2.2874756	-2.8685858
0.12780264	-0.8241563	1.3198802	0.04551284	-0.17476466	0.90807486	-0.042269237	1.3076118	0.45894772	1.1803426
-1.1359872	-1.3814536	-0.70516646	-1.1463649	-1.5838705	-0.46527442	-1.432187	-0.7088178	-0.5165035	-1.7293694
-1.7935202	-1.8675444	-1.1706128	-1.7499563	-1.4029009	-1.8421546	-3.1902583	-3.1523044	-1.7176554	-1.2050098
-0.038440503	-0.05655107	0.29962406	-0.21200009	-1.1426865	0.40868658	-0.45077595	0.15135805	0.34379834	-1.2536441
1.4111083	1.3145517	1.5519636	1.0797955	-1.0777786	0.31363332	0.6059387	0.42319432	-0.21894534	-2.8418558
-0.77460855	-1.273758	-0.4001632	-0.7345493	-0.24912407	-0.4727849	-0.954612	-0.4460646	-0.7376425	0.811443
-0.9630537	-1.1206391	-0.13633057	-0.90167916	-1.3104321	-0.933528	-0.6505427	-0.21453696	-1.1156067	-1.7076966
-0.5711938	-0.9680346	-0.21440855	-0.6170441	-0.7075589	0.52646863	-0.5442074	0.40747976	0.55062443	-1.1848519
-2.3295922	-2.330887	-1.5580028	-2.1613705	-1.5361996	-1.9521092	-1.8057851	-1.0076023	-2.6066241	-1.2278669
-0.05334673	-0.92418873	0.3175762	-0.0969782	-2.292438	0.16758898	-0.3817471	0.35094348	0.51966906	-1.0467747
-0.61790013	-1.2306958	-0.4672241	-0.6682649	-1.4155078	-0.0635991	-0.85166335	-1.3546207	-0.16895069	-1.1911348
-2.4026272	-2.260559	-1.5069308	-2.3127396	-0.38289705	-2.0570552	-1.7966188	-1.5658659	-1.6138607	0.77743953
-1.5594765	-1.8957946	-0.9339961	-1.5854617	-1.3404574	-1.9022914	-1.8583325	-1.4773717	-2.9094384	-1.5972214
-1.3854357	-1.6636822	-0.97292507	-1.4010304	-1.078914	-1.39031	-1.7673407	-1.095311	-1.256215	0.42162895
-0.5604521	-0.25013912	-0.32204953	-0.57727593	-0.5140891	-0.8210383	-0.10606451	-0.287607	-0.6961988	-0.61783135
-0.713397	-1.027433	-0.32643262	-0.7835085	-0.37682855	-0.8190552	-1.1807641	-0.2445604	-0.65529156	-0.5787419
-1.3727304	-1.6653967	-0.7984601	-1.3658161	-1.6610001	-0.9967421	-1.6730502	-0.6975637	-0.622059	-1.5491543
-2.368851	-2.3607352	-1.5020922	-2.1612587	-1.6518518	-2.2205112	-1.6679546	-1.3285632	-2.6032305	-1.5514159
-1.6005807	-2.1180027	-1.0852152	-1.5310895	-3.008724	-1.7866231	-1.9264877	-0.31817302	-1.7010572	-2.2812033
-0.40248987	-0.62594724	-0.25979713	-0.37151462	-0.37093395	0.16583563	0.046653688	0.278213	-0.17753138	-0.17801131
-1.1026939	-1.532721	-0.59393036	-1.0658907	-0.015531987	-0.7475935	-1.4582427	-0.111675225	-1.3365709	0.0509055
-1.508108	-1.3705267	-1.0626552	-1.5584542	-1.3256944	-1.9701828	-1.4650751	-1.3738921	-1.2670358	-1.6818668
-0.4747329	-0.074141145	-0.052265316	-0.5560636	-0.18899184	-0.3651548	0.4530615	1.9253961	-0.56090266	-0.8738443
0.93154854	0.35812947	1.1438798	0.91646993	-1.093122	0.7122792	-0.6346605	0.5946828	-0.058769304	0.5761831
-0.74046105	-0.94654906	-0.22609267	-0.779038	-1.5333415	-1.033051	-1.7414252	-0.4762893	-1.3559042	-2.3962963
1.4379841	0.45808688	1.6428919	1.1173816	-0.79703677	2.4823632	1.188072	2.7973757	2.1648188	-1.4781709
-2.286502	-2.2514234	-1.483169	-2.1776147	-1.1851615	-2.806695	-1.8977687	-1.3665466	-2.0240288	-0.16954823
-2.086514	-2.107037	-1.4592046	-1.9600164	-0.6832703	-1.8059472	-2.2124112	-0.31258512	-2.6345658	-0.86118305
-2.0656765	-2.0429285	-1.3045008	-1.9538596	-0.28027603	-1.8415333	-2.1264045	-1.5545781	-0.28469598	0.76435065
-0.13193229	-0.33514103	0.28021374	-0.18706347	-0.92340255	-0.82915306	-1.1916354	-0.13796036	-0.84565437	-1.5053875
-1.1667596	-1.47884	-0.6812576	-1.1144731	-0.5725266	-0.3776053	-1.7732606	-0.19584544	0.15249789	-1.3042992
-2.1372018	-2.238222	-1.3717873	-2.059968	-1.7151363	-2.0704212	-1.7331185	-1.171267	-2.0284781	-0.93278635
0.6342832	-0.3401557	1.0264596	0.4907837	-1.7320672	-0.19083253	-1.3545291	0.29452398	-0.36679074	-1.4314816
-1.044973	-1.8567715	-0.6140872	-0.99767333	-1.9859914	-2.2416031	-3.2255194	-0.7017618	-0.7173654	-1.2530751
-0.34255216	-0.9120605	-0.13178888	-0.37543404	-0.89721286	-0.00044246964	-0.863387	0.10443659	0.34098727	-1.5770584
-1.4747733	-1.494072	-1.0079337	-1.4565579	-0.4313927	-1.6396353	-2.1332936	-1.1664801	-1.2615887	-1.2398629
-2.6640441	-2.413974	-1.683747	-2.559939	-0.20127061	-1.8477653	-1.9007031	-0.8484793	-1.661282	2.4352424
0.4544833	-0.57166755	0.91973853	0.36336148	-2.2443533	0.48852634	-0.83047235	0.689225	0.6447322	-2.4553738
-1.9367653	-1.9205834	-1.2124337	-1.8111511	-0.17735109	-1.6543498	-1.9559989	-0.9987948	-1.9185681	0.24116571
-1.7811735	-1.936595	-1.2158762	-1.6993229	-1.6382886	-1.9365474	-2.043276	-1.0665594	-1.331156	-0.8831855
-1.6493772	-1.8125501	-1.1978709	-1.5877091	-1.9365085	-1.5477931	-1.3986485	-1.2608526	-1.6724156	-1.164529
-1.3255776	-1.5747538	-0.82821643	-1.1960528	-0.4922353	-0.8482671	-1.0192918	-0.2755005	-0.39577803	0.59876674
-1.806558	-2.056902	-1.1460475	-1.7415944	-0.33139333	-1.626117	-1.8180711	-0.55414814	-1.1921338	-2.513306
-1.4362303	-1.6094649	-0.974344	-1.380657	-1.0941255	-2.848648	-1.8670664	-1.586935	-1.2650484	-1.4598515
-0.44208097	-0.5961273	-0.3934805	-0.49032545	0.1931198	-0.809079	-1.0765309	-0.1105129	-1.484923	-0.1496425
-2.3687217	-2.4538844	-1.5422919	-2.24347	-1.0234623	-2.4430568	-2.6917596	-2.3706589	-3.0955312	-0.7451496
-1.746826	-1.8906674	-1.1811566	-1.6843199	-0.9082521	-1.3631003	-1.8180839	-0.9273809	-1.6460767	-0.57035094
-0.6136793	-1.1386701	-0.32033667	-0.6340663	-0.50746524	-1.8507127	-2.3412354	-1.0612606	-1.9222059	-1.2168479
-1.2114593	-1.5717604	-0.734728	-1.2064164	-1.4135193	-1.1225675	-1.7376404	-0.6431108	-0.8300454	-1.2025366
-1.4841812	-1.5907465	-0.8734592	-1.4773486	-0.48728365	-1.3982909	-2.3363	-0.99502033	-1.1584651	0.04855109
-1.6940486	-2.1292229	-1.2190068	-1.6795233	-0.83773905	-1.6180991	-1.2193468	-1.0410554	-1.5241792	0.017737806
-2.4899223	-2.338115	-1.5762838	-2.3083835	-1.333858	-2.7157118	-3.2721117	-1.9414986	0.26556107	-1.4703292
0.7536811	0.534757	0.9666382	0.62137115	-1.0379874	0.655164	1.3842528	1.3300319	0.5685382	-2.3306055
-2.5397048	-2.3950527	-1.6123681	-2.4482236	-1.2272108	-2.155937	-1.466598	-1.0468967	-2.060973	-1.2922913
0.34017944	-0.44496235	0.516621	0.13507982	-1.9240819	2.8301513	1.6075447	2.371344	2.164949	-2.2447674
-1.0753051	-1.4241453	-0.5435556	-0.9666457	-1.0917151	-1.1073983	-1.8373153	-0.8140025	-1.5799568	-0.38181627
-1.5811292	-2.0972803	-1.0293874	-1.4886222	-2.3020577	-0.9935877	-2.2689867	-0.09616379	-0.95683134	-1.8083208
-1.3350549	-1.2196105	-0.5885862	-1.2047421	1.2829	-1.2309146	0.07627517	-0.20991744	-0.9744109	1.0774469
-2.0499701	-2.0492957	-1.2474416	-1.9034438	-0.106910974	-1.7440327	-1.7062404	-1.1166179	-2.3516998	0.49765897
-2.2433653	-2.2477129	-1.4633459	-2.155625	-1.9023664	-2.4881592	-1.8822331	-1.294651	-2.2170863	-0.8716109
-1.0527287	-1.5757936	-0.66328263	-1.2019535	-2.1004624	-1.5438164	-1.7888906	-0.6183902	-1.5557988	-2.2075942
-1.2621545	0.329129	-0.5787673	-1.2666603	0.6812383	-0.47954094	-0.19393937	-0.35715052	-1.2526436	-0.6820753
1.7078844	0.8929591	1.9702837	1.4277925	-1.3897456	0.99995464	0.89445955	2.2364957	1.1912898	-0.91319174
-1.7869052	-1.814119	-1.1278371	-1.7261755	0.028742969	-1.4770505	-2.2477975	-1.1300333	-1.1326929	0.45423523
-1.3159083	-1.7095191	-0.828825	-1.284602	-1.5732299	-1.7268836	-1.896796	-1.6840937	-1.5194491	-1.3353976
-2.3925645	-2.319856	-1.4434367	-2.2560482	-0.5992044	-2.32768	-2.062513	-1.4538592	-1.8150203	-0.5300132
-1.3892058	-1.2865307	-0.736097	-1.3798568	-1.7655975	-1.9181924	-2.0789418	-0.7756968	-2.1559584	-1.6463877
-1.5304558	-1.7272205	-1.0055134	-1.536656	-1.242765	-2.2930589	-2.6051445	-1.5423696	-1.7663794	-1.4933659
-0.89491683	-1.1078545	-0.7079575	-0.96129906	-0.8583354	1.0652779	-0.9858567	0.03811504	0.59253633	-1.4930869
-1.7650212	-1.8666728	-1.1503239	-1.7309355	2.1901104	-1.9610262	-1.3760791	-1.8436809	-2.527184	2.9236908
-1.0679945	-1.5579221	-0.46708718	-1.0746775	-1.16351	-1.2216557	0.23033084	-0.38880223	-1.8979377	-0.51698565
-0.96836644	-0.8706535	-0.5605502	-1.0141261	-0.025817841	-1.0397322	-1.1587005	-1.1349154	0.2867204	0.7557515
-1.7536541	-1.8828503	-1.2011896	-1.6785293	-0.66249764	-1.5625811	-1.2989913	-1.2778062	-1.6528881	0.39657408
-2.002413	-2.144068	-1.2944038	-1.983399	-1.7332331	-3.291953	-2.9422283	-2.2078097	-2.8686912	-0.74280065
-0.64554864	-0.86027896	-0.1612297	-0.7318486	-1.1905751	0.12266254	-0.6457819	0.26645097	-0.08143744	-1.40919
-2.0288737	-2.132179	-1.3746172	-1.9732053	-2.2792268	-2.1850185	-2.017257	-1.4483511	-2.5563476	-2.0552692
-1.3172079	-1.3893231	-0.79821444	-1.2328439	-0.41303098	-1.3933996	-2.1378903	-1.0640839	-1.5318701	-0.97667146
-0.8998413	-1.4376146	-0.52790046	-0.97023183	-1.7012202	-1.1320463	-1.9422077	-1.1861844	-1.3784952	-2.1847918
-1.0230813	-1.0564691	-0.7344576	-1.0947595	-1.248593	-0.86156416	-0.93743426	-0.645559	-1.3851109	-0.83802176
-1.5236791	-1.8714101	-0.9614475	-1.5080407	-1.7946329	-1.6763191	-1.4365729	-1.221425	-1.0163324	-1.6821994
-0.17670086	-1.0671396	0.3729005	-0.24445744	-2.2263014	-0.11226216	-1.3576177	0.3332593	-0.41547638	-2.014812
1.8253671	0.88452387	2.0010815	1.6667569	0.81155884	0.43660408	2.3226972	0.8730984	-0.09526942	0.43652934
-0.11768578	-0.47822723	0.1751766	-0.35742792	-2.441314	-0.1918845	-0.6740019	-0.0053663175	-0.18706064	-2.51865
-1.8632716	-2.1436381	-1.2813874	-1.7708846	-1.3935288	-1.1609436	-2.1363676	-0.6954165	-0.51878756	-2.328014
-0.31228325	-0.7632767	0.2694066	-0.3628555	-0.26504603	0.1975619	-0.28503633	0.33531854	0.07450666	0.12137341
0.12302799	-0.2855363	0.6713458	0.026992813	-1.3853565	0.55850047	-0.09551314	0.7846456	0.34194168	-1.6831118
-0.15968613	-0.22127405	0.2872008	-0.30832666	-1.2405053	0.041065056	-0.09159776	0.6603908	0.16375037	-1.538305
0.7699091	0.1232014	1.1558518	0.5596055	-1.1021106	0.56423795	0.66579235	0.7902646	0.30786625	0.46131486
1.9019357	1.7053634	2.0909088	1.646388	0.08954877	0.622271	0.60772383	0.85464203	0.13731448	-0.9644518
-1.4498013	-1.1145821	-1.0154836	-1.466476	1.7248703	-1.676103	-1.7676588	-0.89373004	-1.3854021	2.3345585
-1.8067005	-2.0144174	-1.0095385	-1.7571074	-0.99631405	-0.9121943	-1.1080744	-1.1334739	-0.47362235	-0.82848555
-1.2889949	-1.737241	-0.8161863	-1.3027648	-2.6181545	-1.268264	-1.8155845	-1.1300638	-1.3202405	-3.4771147
-1.7956492	-2.143385	-1.1203363	-1.7016933	-1.0358412	-2.0060108	-2.1728218	-1.6063751	-3.0489244	-0.9458942
-2.630221	-2.3743834	-1.6067507	-2.4910047	-1.3967979	-2.6765344	-2.1624508	-1.6601235	-2.2543015	-1.2206328
-1.537629	-1.6148734	-1.0022144	-1.4493945	-0.19258031	-1.4535773	-1.3831512	0.15834208	-0.4740842	1.9631089
-1.3150698	-1.5998019	-0.9117749	-1.3642597	-0.9893583	-1.9166937	-2.1842127	-0.8933373	-1.9590949	-0.10049786
-1.2502458	-1.5082533	-0.7625947	-1.1824311	-0.85506713	-2.2518842	-1.7669342	-1.2501215	-2.138489	-0.9597144
-1.354499	-1.7115014	-0.70303774	-1.3589568	-0.4947851	-0.73134845	-1.5423567	-0.77421826	-0.8325132	-0.63052505
0.22613809	0.58674264	0.680244	0.020583764	-0.9583446	-0.2759842	-0.31858578	-0.14629641	-0.08614887	-1.1637466
1.1426312	-0.3384434	1.2826006	1.0275581	-1.5068783	0.763332	0.29864964	1.1311185	0.64312255	-1.5386624
0.32914424	0.15283561	0.9211588	0.10122837	-1.813514	0.5846479	0.056842472	0.7780556	0.4496806	-1.8697926
-0.85026276	-1.1700754	-0.36133304	-0.8141061	-0.6478402	-0.42516175	-0.42884192	-0.55238813	-0.65055084	-0.3685495
-1.9576114	-2.0131383	-1.3424816	-1.9467955	-1.7580553	-2.249361	-2.609514	-1.311225	-2.2869034	0.04267988
1.6506473	3.4371045	1.9741586	1.3284802	0.9472587	1.1005585	3.4510434	1.6684113	0.4940737	2.2226074
-0.96056306	-1.3974721	-0.50328517	-0.9471847	-1.3924756	-0.64117175	-1.3530844	0.22667885	-0.7460773	-0.9619675
-0.99460626	-1.2574817	-0.566015	-1.1403146	-2.3290212	-0.061804593	-0.97635365	-0.28532836	-0.16331935	-2.1655636
-2.2242825	-1.9444302	-1.4325442	-2.0806537	-0.13322464	-2.1511285	-1.5571266	-1.4953835	-1.1714053	-0.582623
1.3309481	1.54389	1.6933739	1.0543088	-0.613451	2.7835526	2.0852337	2.9372385	2.61378	-0.5925132
-0.38199952	-1.0931296	0.0076605976	-0.33597666	-1.5049912	-0.33753192	-0.9201358	0.02057086	-0.28809765	-1.8383737
-2.1341095	-2.0244832	-1.2890143	-2.0639408	-0.88575053	-2.317436	-2.581789	-1.2816885	-1.9687606	-0.5360556
-1.2697709	-1.7001622	-0.88175786	-1.2337632	-1.2861515	-2.0899858	-2.2787929	-2.1798112	-1.8573407	-1.1857387
-1.4043832	-1.5873063	-0.8284627	-1.3944128	-0.2860982	-1.8187661	-1.4226639	-1.2209191	-1.8312069	-0.035024542
0.22638318	-0.23115757	0.56768525	0.19887967	-0.9173398	0.34270152	0.008310974	0.7882865	0.15693103	0.24130952
0.36972967	-0.24335739	0.79193175	0.18758608	-2.328528	1.7206985	-0.75047284	1.4788007	1.9963634	-2.942939
-0.18142048	-0.4865566	0.18576962	-0.27830267	-1.0046867	-0.66554874	-1.1373706	-0.65414023	-0.7523429	-2.076279
0.43588415	-0.55590856	0.793599	0.18319897	-2.662084	0.59063333	-0.39090887	1.1057774	0.6740262	-2.0564587
-1.6410615	-1.8983849	-0.96483743	-1.4337598	-0.11533022	-1.8594699	-1.0629234	-0.7063755	-1.5052583	0.37090087
-1.49994	-1.6798543	-0.946717	-1.3870431	-0.257669	-1.7667185	-2.1511357	-1.176315	-1.8572423	-0.711721
-0.7400895	-1.078444	-0.29691806	-0.79069126	-0.387682	-0.7079722	-0.7353738	-0.25212583	-0.498336	-0.30745557
-1.6214603	-1.8481823	-0.9928348	-1.5388842	-0.93802476	-1.3343929	-1.8621626	-0.98830634	-1.1794925	-2.7528214
-1.9884804	-2.0671513	-1.3277874	-1.9362484	-1.4769034	-1.9858565	-2.6247673	-1.1436914	-2.1129549	-1.3041177
0.11330565	0.01835528	0.44702628	-0.012969092	-1.0157162	0.49224615	0.06582756	1.0187986	0.13302626	-0.8865228
-1.3766936	-1.5517496	-0.8569082	-1.4078377	-0.99243546	-1.4441262	-2.6165464	-0.8868866	-1.1822035	-1.0121361
-1.966041	-1.9418485	-1.2915095	-1.8743125	-0.5006169	-1.8760737	-2.01996	-1.2437044	-2.3858633	-0.5697642
-1.0095414	-1.6069696	-0.3384122	-1.0632768	-1.3212364	-0.66338205	-1.4654858	-0.6316154	-0.7720451	-0.872871
1.4844964	4.0962334	1.9992893	1.1116416	1.5150281	1.4299898	3.4629211	1.5768726	0.7867204	0.71049625
-1.5495907	-1.7099199	-1.0438497	-1.4748234	-0.3343334	-1.0262035	-1.6757103	-0.7327479	-0.99037045	0.6209467
-1.6127114	-1.8875648	-1.115434	-1.4605445	-1.3870755	-1.1152067	-1.8293195	-0.81863064	-0.77982354	-1.7899839
-0.91971093	-0.7547841	-0.68512535	-0.94127566	-1.1541979	-1.0713421	-1.490969	-0.58829254	-1.3210326	-2.0421922
0.21363759	-0.5526035	0.56799245	0.0057448	-2.5505624	-0.37449554	-1.4780388	0.22463843	-0.43065128	-2.710253
-2.051603	-2.0414214	-1.4067953	-1.9644804	-1.1600655	-1.6093909	-1.9750888	-1.2020489	-1.2790005	-1.8977355
-0.28372678	-0.8343208	0.044498175	-0.36242753	-1.373473	-0.8317237	-0.92558575	-0.58786094	-0.95680666	-2.1550734
-2.2694707	-2.1420112	-1.466172	-2.2052085	-1.0105641	-2.039154	-1.7085735	-1.5901946	-2.2775939	-1.3593765
-0.079304576	-1.0373727	0.5206313	-0.12410125	-2.488304	-0.0834061	-0.84809285	0.47401005	-0.11142604	-2.518654
-0.7539572	-1.2353089	-0.3680658	-0.6763021	-1.4123825	-0.90510505	-1.2593834	-0.538051	-1.0114697	-1.9191059
-0.5727161	-1.1394718	-0.1311706	-0.6634916	-1.4401929	-1.1794674	-1.5748078	-0.8356667	-1.1917732	-1.5377777
0.5209388	-0.09177038	0.9702233	0.33162862	-1.5809151	0.3087387	0.2005579	1.0759263	-0.46449023	-2.3630006
-2.1874578	-2.0619404	-1.4530118	-2.1175191	-0.58210623	-1.8669657	-1.7207588	-0.7286045	-0.99055684	-1.1814367
0.23850784	0.16136059	0.67375934	0.059371173	-1.6168209	0.5126541	-0.11725994	0.73308855	0.9360641	-1.7566631
-0.88245845	-1.423036	-0.48274913	-0.94800216	-2.3815415	-1.5205137	-1.4192678	-0.6243047	-1.7178022	-1.8017379
-0.391265	-0.73764277	-0.17290363	-0.46281177	-1.3806912	4.1798754	0.1514529	4.078484	3.568841	-0.30568203
0.5257849	1.9205787	0.88466096	0.32564706	1.2747806	2.1259294	3.4664872	1.6629943	2.0235891	1.7133657
-1.0972236	-1.0783114	-0.8065815	-1.0935856	-0.3646374	-1.4512407	-1.5332448	0.5960471	-0.89703417	0.30674708
-1.1514232	-1.300118	-0.42264482	-1.2287751	-1.1967311	-1.3240921	-1.5664254	-1.5390985	-1.0502307	-1.3832736
-0.44154158	-0.20036805	-0.021063179	-0.47591913	-0.20654914	-0.46219492	-0.27450454	0.03228753	-0.07378536	-0.19581962
-0.3255918	-0.5869934	0.19340959	-0.3357765	-0.5199592	-0.64277244	-1.3854109	0.30387753	0.18414763	-1.7406396
-4.1865087	-3.4315536	-2.571297	-3.8185935	-0.11836651	-2.5864024	-1.8393071	-1.1367431	-2.1652663	-1.1530799
1.2843828	0.9612577	1.4809238	0.9486635	-0.756999	0.3308328	-0.27404827	0.8949727	0.03848662	-0.46295944
1.1171538	2.9431677	0.9150412	0.9179354	1.4178748	1.2871953	3.327101	1.0064781	1.2891576	0.094519205
0.121150516	1.0717336	0.7823968	-0.11243705	-1.0915744	-0.43022922	1.1693599	0.76388395	-0.14869028	-1.2656621
-1.7961653	-1.5978589	-1.054556	-1.8054001	-0.6347606	-2.2713118	-1.2277857	-1.5451841	-2.761242	-0.9552553
-2.660652	-2.3511233	-1.816884	-2.4545686	-0.4221715	-2.8513768	-2.4100792	-1.9872509	-1.2588152	-0.9836281
-1.555371	-1.8516339	-1.0304614	-1.4541326	-1.8401493	-1.3852099	-1.2416474	-0.81400436	-0.77551055	-0.810783
-1.6688926	-1.1931928	-1.3425593	-1.6408676	0.14869776	-1.9294113	-1.5885572	-2.1970658	-2.0107427	0.13388054
-1.006947	-1.163357	-0.6004753	-1.0531847	0.048890054	-0.36326566	-1.4300026	0.12486895	-0.08992351	-0.10257962
-1.82295	-1.4619815	-1.1485496	-1.6593218	1.9619421	-2.4376009	-0.98387635	-1.627272	-2.0943348	1.3762975
-0.09407256	-0.21331945	0.1212306	-0.24845316	-0.0043709874	-0.2602256	-1.4976285	-0.4747384	-0.21974914	0.15854478
-1.6869591	-1.7172189	-1.1290469	-1.6239067	-1.8160036	-1.8187233	-1.9893118	-1.3328217	-1.9009196	-1.7622148
-1.205863	-1.3928672	-0.58851516	-1.2877402	-2.2338703	-1.6939608	-1.4368577	-0.7844789	-1.5711422	-2.1991575
-1.520853	-1.7368866	-0.97624815	-1.4770268	1.0038944	-1.2702745	-2.2337518	-1.2765003	-1.3630887	-0.19208048
-1.7929592	-1.8295999	-1.1202737	-1.6732525	-1.4220748	-2.0651214	-2.691382	-1.3951888	-1.477453	-1.2574456
-1.6659368	-1.612264	-1.1152744	-1.5759466	-0.6597384	-1.9649615	-1.3853793	-0.7614007	-1.5765659	-0.7627102
0.007655464	-0.5201181	0.4713039	-0.086528644	0.5215535	-0.34401757	-0.20060529	-0.57852465	-0.31018695	1.7675382
1.0585643	-0.67744946	1.2462385	0.7885524	-1.8800071	2.31792	-0.016178481	2.5226357	2.4527156	-1.7872849
-1.9124368	-1.8233855	-1.2989522	-1.8223546	-0.104210705	-2.3751154	-1.3592247	-1.418784	-2.443116	-0.72365683
-1.1598582	-1.5936754	-0.6817877	-1.1091781	0.49190298	-1.0845064	-1.1554536	-0.3001005	-1.0387678	1.158516
-2.610914	-2.387396	-1.7007842	-2.5312936	-2.0875223	-2.3873258	-2.2925994	-1.6325877	-2.3454874	-0.79955196
-1.864552	-1.8717362	-1.3286083	-1.6922516	-0.5882317	-1.8582792	-2.5244195	-1.7890054	-2.2624595	-0.89999396
-2.0173976	-2.1696985	-1.4273889	-1.9948411	-3.28393	-1.8564652	-1.6880194	-1.5755454	-2.9949942	-2.8638947
-2.3788579	-2.2759306	-1.5278815	-2.2989867	-0.5605532	-2.3445544	-1.0618179	-2.1399395	-2.427222	-1.3221536
0.09803986	-0.4751263	0.6290698	0.049602464	-0.8456779	0.82298255	1.7398032	1.2745194	-0.5477304	-1.6002126
-0.16965297	-0.93070006	0.35350493	-0.20275615	-0.45212018	1.2063241	0.87726635	1.6105903	1.5069774	1.7169096
-2.0881226	-2.092344	-1.3822135	-1.957211	-1.3867023	-1.985017	-1.6657643	-1.0350927	-2.344042	-1.393182
-2.2849243	-2.228201	-1.4626313	-2.1572027	-1.3405168	-1.8788437	-2.0250008	-0.9338004	-2.013516	-1.4561006
0.6921508	-0.56541157	1.4409802	0.5579833	-1.8506738	0.14750312	-0.8452058	0.83508104	0.19059722	-2.187608
-2.125171	-2.1204782	-1.379015	-2.0375562	-1.335267	-2.104505	-2.0715485	-1.0906583	-2.1673982	-0.6892861
-1.5282657	-1.8050058	-1.0333232	-1.5082273	-1.2120275	-1.6894968	-2.3694997	-0.9523459	-2.2092795	-0.73263776
-0.8755442	-1.2317934	-0.38876876	-0.86384875	-0.500498	-0.21140753	-0.99749756	0.53229725	-0.83128285	-1.2367214
0.88315004	0.37498322	1.352365	0.557975	-1.651112	1.0802342	0.5631239	1.8435813	0.949157	-1.913011
-0.9585212	-0.9908688	-0.63023067	-1.0322541	-0.54711163	-0.19569944	-0.32263395	-0.2844315	-0.29942176	-0.26074222
0.32046527	0.8895947	0.56534517	0.104057536	-0.7613281	0.08066082	0.2413658	0.2375611	-0.16891564	-1.9585375
-1.8846171	-1.8623488	-1.1380694	-1.76341	-0.85701185	-1.9250714	-1.8185097	-1.1339046	-1.9065843	-0.56110847
-1.490446	-1.9494673	-1.127421	-1.4068297	-1.676543	0.5757455	-1.473501	0.42913535	0.45140365	-1.4055578
-2.0394921	-2.1142576	-1.3669422	-1.9293728	-1.2097354	-2.079944	-1.7673925	-1.1510273	-2.516789	-0.89533496
-1.2411331	-1.4477894	-0.7458019	-1.2216042	-0.25618225	-0.62642986	-0.86522514	-0.6185671	-0.58374435	0.89152503
1.1280669	1.9238842	1.5796521	0.9121113	-0.14379905	0.029182076	-0.23935188	0.36035255	-0.029989978	-1.377828
-2.6503286	-2.411274	-1.5924237	-2.4744	-1.0110986	-2.313714	-2.1881626	-1.0889132	-2.5220542	-0.4218247
-1.7624162	0.5336559	-1.3349063	-1.6828954	3.0297484	-1.4388952	1.8944378	-1.7350754	-1.8962947	2.839537
0.23361638	-0.29002503	0.7374109	0.035970673	-1.4120854	0.05834832	-0.08996317	0.22884166	0.094887145	-2.1957471
-1.2590529	-1.5151094	-0.50025153	-1.3080122	-1.2571212	-0.6588057	-1.3745648	-0.37572494	-0.9884591	-1.2436718
-2.136032	-1.718364	-1.5203583	-2.0467675	0.17639264	-2.2444034	-1.3304669	-1.2430298	-2.5417938	-0.021810224
-2.1618857	-2.2172134	-1.3781978	-2.0644894	-0.7326682	-2.6998618	-1.7672573	-1.8398017	-3.2935119	0.045686014
-1.3231981	-1.6616559	-0.86822057	-1.3485379	-0.9052664	-1.3238147	-2.02864	-1.2171324	-1.5076663	-1.3962569
-2.061514	-2.0045478	-1.4303554	-2.0171309	-1.1026224	-2.0684662	-1.6157999	-0.876835	-1.9891311	-0.15846075
-1.625912	-1.6975439	-1.1050204	-1.545643	-0.26241648	-1.6601158	-1.681808	-1.1675286	-1.5287148	-0.8766282
-2.0973368	-2.0364037	-1.3877219	-1.9767671	-1.0526451	-2.023569	-1.5073199	-1.5113647	-2.2010872	-1.5436168
0.49544284	-0.6156223	0.7044576	0.38724244	-0.25394732	0.6729254	-0.57425684	0.13294372	0.023432836	-0.75633985
-0.6177828	-0.2972232	-0.20766696	-0.75923204	-0.92437935	0.16671087	0.6419834	0.10354866	-0.21889122	0.04667454
-2.0257561	-2.0115755	-1.2878697	-1.9604343	-0.78552544	-1.0094897	-1.2627852	-0.5917887	-1.1781554	0.5003188
-1.6526804	-1.1549453	-1.1689956	-1.6476424	-1.4568998	-1.6795988	-1.9123471	-1.4916523	-2.288324	-0.25346845
-1.3702794	-2.058743	-0.94294167	-1.3197105	-2.3393528	-1.2831177	-1.8309289	-0.44772398	-0.79970205	-2.2787473
-3.2313058	-2.7844224	-2.052094	-3.1177785	-1.7149163	-4.4203267	-3.912121	-1.9383359	-3.4866524	-1.80813
-0.039895512	1.1898404	0.04852298	-0.19145297	-0.20293948	-1.0045632	0.7910428	-0.3211253	-0.61996174	0.22563484
0.42924103	-0.08893934	0.85240424	0.2414542	-1.6410408	0.20984763	-0.5183582	0.6750633	-0.61494505	-1.8992661
-0.08997691	-0.8959323	0.23707984	-0.24691312	-2.4301836	-0.089758486	-0.19566888	0.52113944	-0.1460767	-2.0140328
0.31171343	-0.25740007	0.5373724	0.1424887	-1.0652341	0.41360828	-0.6452761	0.8779036	0.32823515	-0.7467081
-1.9021448	-1.8663971	-1.2158663	-1.7978921	-0.42627227	-1.7082311	-1.4316634	-0.7345966	-1.2392832	-0.8678874
-0.66157395	-1.32817	-0.08895901	-0.8076945	-2.0349803	-1.078975	-1.6063168	0.15060948	-1.0301231	-2.4467723
-1.3525873	-1.4495549	-0.82217395	-1.3055454	1.2388095	-1.1841881	-1.1359339	-0.8230114	-1.2121093	1.5181717
-2.1113288	-1.8838552	-1.1902884	-1.9917371	0.9969208	-1.3578987	-1.7055308	-0.7502881	-1.9310569	1.8372034
0.038022473	0.13620847	0.76157975	-0.2264414	-2.295639	-1.2594744	0.06175904	-0.16483732	-0.9278772	-1.9603443
-1.3710161	-1.3768559	-0.9411665	-1.3461587	-0.63726044	-1.3268548	-1.481701	-0.52123415	-1.2062681	-1.5227022
0.17787054	-0.51137817	0.4163377	0.11359565	-0.9699801	0.9808086	-0.09724846	1.2420563	1.4950894	-0.44687477
-0.34812793	0.15448034	0.041121393	-0.35672104	1.0196835	-1.224769	-0.60593057	-0.29752415	-1.0733272	-0.3786807
-0.70434237	-1.5531559	-0.31352648	-0.7002006	-1.9927337	-0.462504	-1.4857332	-0.46533605	-0.9854235	-1.7774427
-0.6331554	-1.0194069	0.061947376	-0.62869036	-1.3619441	0.5700788	0.4817478	1.1555765	0.43248054	-0.6622045
0.8020661	0.004509717	1.1839834	0.6518511	-1.2919499	0.85334414	0.33151382	1.8547821	1.4183449	-0.66162837
0.45614895	-0.34534645	1.0012671	0.25058627	-1.6667155	0.4840846	-0.34139252	0.9277546	0.23274252	-2.2593899
-1.5569377	-1.9030659	-0.7455038	-1.5076023	1.1984284	-1.3051542	-2.1387997	-0.63074464	-1.2320505	1.683741
-1.9200591	-1.1101778	-1.4175832	-1.8885154	-1.9409573	-1.9389998	-0.33115402	-1.0292519	-1.6571841	-1.8931301
-1.2641923	-1.3663752	-0.86898184	-1.2898486	-1.4550678	-1.1816546	-1.3018014	-1.1810331	-1.2903978	0.88266265
0.12337347	-0.5725211	0.5936188	-0.02420248	-2.2718327	0.8494468	0.13939053	1.3156565	0.6584131	-2.3004637
0.10541605	-0.87294257	0.62184757	-0.0036973506	-2.359851	0.5578994	-0.7432047	1.1254021	0.4511191	-1.6540655
1.0176936	0.9371326	1.1953908	0.84666014	-0.9044329	-0.7664722	-1.8052994	-0.9364118	-0.77851456	-1.3194383
-1.3599324	-1.6564648	-0.83147097	-1.436632	-2.3326538	-2.3459406	-1.9555963	-1.7154503	-1.8715807	-2.4048486
2.0110874	0.25107306	2.4156857	1.8259811	0.033361793	0.9596037	0.54875904	1.963589	1.0397321	0.89348346
-0.0014646575	-0.51768357	0.46448523	-0.14409636	-1.7958267	-0.35358417	0.075631514	0.4181558	-0.6376821	-1.4938238
-1.3705152	-1.7145638	-0.86537087	-1.3982744	-0.40899563	-2.4975302	-2.1976936	-1.2801961	-2.0461013	-0.33790123
0.31357747	0.3000339	0.46282023	0.1238368	0.061967283	0.25288737	-0.57684827	0.34552056	0.3496769	-0.21485524
0.86937004	-0.342633	1.2174195	0.6550952	-1.5654753	0.74555343	-0.14911775	1.6105462	0.58711034	-0.8877953
-1.1410154	-1.356948	-0.65693367	-1.1861242	-1.488129	-1.3352513	-1.18015	-0.47569907	-1.1425234	-1.4304587
-1.9174769	-1.9737768	-1.279553	-1.8517123	-1.4432696	-2.3769765	-1.9359124	-1.2826746	-0.8530978	-1.5976806
0.8875505	0.46497527	1.4646356	0.679432	-1.6609437	0.6750892	0.031464558	1.6183727	0.383281	-2.204385
-1.5731349	-1.626002	-0.9797218	-1.5373421	-0.47517428	-1.640946	-1.2977004	-0.8964391	-1.4597996	0.083198115
-1.2354836	-1.1669642	-1.0154011	-1.1849473	-0.28096265	-2.293144	-1.9759841	-1.6764508	-2.1414688	-2.382108
-1.4253364	-1.4744086	-0.89463305	-1.4704814	-1.6108128	-1.5584589	-1.740519	-1.2039802	-2.0147784	-1.543315
-1.8559356	-1.7280588	-1.083131	-1.7369938	1.4597636	-1.8896471	-1.7045524	-1.2921642	-1.7966453	1.8892864
0.33978385	-0.66212916	0.8374044	0.15566348	-1.2087321	0.3191891	0.1615702	1.2236842	-0.017130107	-1.4960943
-1.5022726	-1.7963008	-0.91970706	-1.4762919	-1.1707488	-1.2863672	-1.5901097	-0.9359941	-0.36149263	0.7833032
-0.0048969463	-0.15742934	0.57828164	-0.1377484	-1.5695696	-0.48744708	-0.40028787	-0.6419545	-0.6094036	-1.7039555
-1.4022543	-1.6974932	-0.8806932	-1.3380888	-1.0808175	-1.182014	-1.2021675	-0.9020569	-0.68867457	-1.5260807
-0.34467563	-0.48631406	0.026058435	-0.3832536	-1.116595	-0.44201696	-0.58231753	0.34235713	-0.60501784	-0.89669806
-0.14328498	-0.42291212	0.3691257	-0.26677018	-1.3225567	-0.21693206	-0.22475743	0.2723551	-0.14973359	-1.1090329
-1.015939	-1.2501984	-0.52563655	-1.1074433	-0.90546405	-0.7572361	-0.51212096	-0.41475517	-1.2557405	-1.4939611
-0.18611455	0.1745063	0.15222111	-0.29166964	-0.04023969	-0.499875	-0.68041325	-0.21715872	-0.5433946	-0.38850614
-1.5445923	-1.7376763	-0.9292109	-1.4717163	-1.477862	-1.7398934	-1.7325664	-1.388752	-2.1073802	-2.0806506
0.5271908	-0.17163987	0.916795	0.46111792	-0.8350985	0.99379426	-0.21465321	1.7533056	1.2487829	-1.0605572
-2.1064932	-2.2083278	-1.4438213	-1.917025	-1.0746827	-2.0109024	-1.9706936	-1.1681694	-2.4999864	-0.18894883
0.123204134	-0.41212466	0.5387677	0.04852532	-1.0067285	-0.014706066	-0.83772945	0.70556873	-0.12991832	-1.1353089
0.09497591	-0.5371461	0.40334827	-0.10345409	-1.3285034	0.6468396	-0.14701653	1.5155803	1.021463	-1.1750128
-1.046217	-1.148883	-0.5859518	-1.0144768	-0.6322855	-1.2326199	-1.263977	-0.11098412	-0.8875171	-1.078063
-1.2800643	-1.6005348	-0.7917825	-1.2872629	-1.9847294	-1.4073168	-1.7655823	-0.59284914	-1.1035004	-2.4600778
-1.9277984	-1.9084837	-1.2212939	-1.8437827	-0.12999693	-1.8525187	-1.5012416	-1.0359526	-2.2090058	-0.29702243
-2.056312	-2.1469183	-1.3720161	-1.8715053	0.87381876	-2.598783	-1.671859	-1.1285275	-1.4124515	1.20874
-2.012519	-2.1416075	-1.3422701	-1.972543	-1.1706353	-2.2361677	-2.3448353	-1.2249457	-2.2901998	-1.1340423
-1.6113632	-1.8326811	-1.0753611	-1.5794742	-0.63523465	-1.5191126	-1.3165202	-0.7279205	-1.5244411	2.1411822
-1.09319	-1.3426111	-0.7050358	-1.0265852	-0.8633542	-0.5088378	-0.6273565	0.3440615	-1.6718128	0.5294366
-1.6571306	-1.2025427	-1.0960475	-1.6188704	1.1020305	-2.1733444	-1.3464171	-1.4994315	-1.8472377	1.3336803
-2.215187	-2.0112524	-1.3922253	-2.1068206	-0.25974175	-2.1413558	-1.9005653	-1.144806	-2.0593412	1.2304915
0.80748385	2.8622117	1.1291	0.47436333	1.5510943	1.7411903	5.9808474	2.4856286	1.4239774	3.8358552
-0.92129374	-1.6355796	-0.5107492	-0.8342739	-1.8699113	-0.11633333	-1.6030279	-0.20607999	-0.79139584	-1.5456436
-2.0425549	-1.8762741	-1.2390665	-1.9507389	0.29270515	-2.270187	-3.0383573	-1.0247946	-2.9608605	1.080227
-1.9568774	-1.9192578	-1.328053	-1.8328023	-0.49055955	-2.4091284	-2.486606	-1.2711778	-1.9969312	-0.9801247
-2.626356	-2.4763212	-1.7507718	-2.5123	-2.2895627	-1.9013311	-2.4541872	-1.345136	-2.1754904	-1.9941006
-1.214599	-1.5554379	-0.7154851	-1.1818995	-0.8741298	-1.3049946	-1.4358305	-1.2044781	-0.8262895	-0.15193665
-1.9224073	-2.1757407	-1.2961237	-1.8474052	-2.470795	-1.4005028	-2.3443742	-1.176895	-1.957673	-1.4240652
-0.94900334	-0.49311194	-0.48350415	-1.0431905	0.80287874	-0.79499453	-0.7587081	-0.43414629	-1.0983578	1.0910271
-1.4147693	-1.3294837	-0.9989282	-1.3890271	-1.3688956	-1.5233841	-1.7991391	-0.98590046	-1.8355684	-0.54105276
-1.1627178	-1.0264237	-0.5964174	-1.0925009	0.08718473	-1.7404649	-1.4617215	-0.9521622	-1.5305645	-1.09767
-0.8502494	-0.97990847	-0.41299358	-0.90733474	-0.9669523	-0.17481554	-0.60003114	0.05481518	-0.42137703	-0.6373547
-2.274151	-2.1465743	-1.4510353	-2.094129	0.075786024	-2.8276923	-2.9406338	-1.3948758	-0.5742026	0.71590036
-2.5630567	-2.4431589	-1.7542315	-2.5402503	-2.2519002	-2.8460891	-3.0899835	-2.078275	-2.807549	-1.9167374
-0.4810646	0.17538255	0.10163534	-0.4472533	1.7679263	-0.23244491	-0.21143891	0.041552268	-0.20039311	1.5477138
-0.7986117	-0.05251488	-0.31746146	-0.9072223	-1.9831502	-2.1208012	-1.6418524	-1.4832281	-1.9075658	-1.5250324
-1.6584275	-1.7489486	-1.0199223	-1.646964	-0.8413373	-2.0839689	-2.1511788	-1.2227322	-1.9145666	-1.7210242
-1.004127	-1.3668965	-0.59777045	-0.977611	-0.78301996	-1.3284702	-1.4391809	-0.5729763	-1.9560772	-0.6738369
-1.4340409	-2.0233715	-0.77647734	-1.4567386	-0.31358194	-1.2173625	-1.5793431	-0.22946168	-1.1109847	-0.8557459
-1.6952523	-1.9159882	-1.0948938	-1.6626167	-1.2296047	-1.430726	-1.0492364	-0.22643016	-2.0073373	-0.66480863
0.19755545	0.18132749	0.2904614	0.096602425	-1.8214959	0.47244442	0.09991725	-0.07566866	0.11239534	-2.306421
-0.18278179	-0.6416273	0.18987413	-0.34516364	-2.1400745	0.18534516	-0.36971202	0.5432374	0.24579085	-2.4230185
2.406358	2.3259249	2.3108494	1.9737437	-1.3648678	2.6958666	2.6922479	2.4491737	1.9655463	-2.0366218
-2.0545893	-2.1533885	-1.3579335	-1.9555498	-1.9970033	-1.4469115	-1.437048	-0.99445534	-1.9962076	-3.0618126
0.7066039	0.2864075	1.0408901	0.43709558	-1.4299325	0.3572941	-0.11594891	0.7574707	-0.014511889	-1.7646643
-1.9648315	-2.0174918	-1.2928381	-1.8974668	-0.71412104	-2.0416844	-2.3934767	-1.3762972	-1.7988355	-1.121304
-1.2298732	-1.7504499	-0.8383446	-1.3519201	-0.33116594	-1.1921906	-1.7425082	-0.7920537	-0.25534764	-0.10832341
0.53841543	4.381539	0.7135396	0.05365494	0.37927696	0.6498283	3.0571842	0.28085995	-0.04617383	-0.45059112
-1.4392047	-1.6655842	-0.9657093	-1.3692623	-0.93089867	-1.1359655	-1.6578723	-0.63851076	-1.2654365	0.640518
-1.5893601	-1.8101252	-1.0254388	-1.5551821	-1.026401	-1.3205079	-1.1841357	-0.7701615	-0.64272225	-2.083059
-0.2660036	-1.033481	0.1658848	-0.37112063	-1.850526	-0.67367905	-1.4807607	-0.12987967	-0.7384084	-1.7469153
-1.468173	-1.0991229	-0.8048612	-1.4898905	0.719893	-0.8347103	-0.89997894	-0.6513027	-0.51478076	-0.9869542
-1.7438221	-1.8510709	-1.2534816	-1.6721327	-1.1887255	-2.0336416	-1.3131889	-2.425795	-1.9627678	-0.0856
-1.6147193	-1.8168659	-1.0236762	-1.5518445	-1.5136415	-1.9469136	-0.480414	-1.7143366	-1.2793192	-1.995292
0.22735101	-0.33621395	0.533944	0.07681893	-1.0427284	0.28022152	-0.36819386	0.23046422	0.034964684	-0.8527089
1.4807087	1.7638884	1.4409349	1.1600633	1.8306462	-0.67445165	0.32473516	-0.27981588	-0.073620625	-1.1042837
-0.5185487	-0.48725238	-0.16497555	-0.60511535	-1.4656268	1.2452857	-0.3345199	1.3637042	0.7529022	-2.0298927
-0.12300118	0.5409454	0.14797807	-0.43214098	-1.2884213	-0.05873002	0.7747538	-0.24178232	-1.2198658	-1.2725366
0.8666747	0.89399123	0.8808756	0.7536414	-0.21693577	2.461605	3.6917992	0.95907956	1.0592585	0.9911303
-2.7969985	-2.4376254	-1.7851844	-2.653388	-1.0134057	-2.8417008	-2.4988139	-0.6577922	-2.947661	-1.1694957
-1.103592	-0.9657918	-0.7588934	-1.0678226	0.17314753	-0.0029584798	-1.1861304	-0.18809585	-0.05317336	-0.01605125
-2.3805392	-2.307604	-1.4859716	-2.2887928	-1.0265307	-2.0085166	-2.0483038	-1.6567432	-2.0418093	-1.3536279
-1.0470465	-1.1652168	-0.6117804	-1.1306887	-2.5514114	-1.0911107	-2.0507894	-0.2852583	-0.97092015	-1.9574753
-2.6680346	-2.1917758	-1.6666617	-2.5986097	-0.45651913	-2.456612	-2.4311235	-1.3652025	-2.3555064	-1.2641517
-1.6408359	-1.7329792	-0.99148774	-1.6548386	-2.2521074	-2.0121782	-2.216081	-1.5555086	-1.5675727	-2.4135923
-2.0798566	-2.1329281	-1.3894079	-1.9506046	-1.0868347	-1.6782726	-2.4302933	-1.2233531	-2.16011	-1.7699231
-2.2608771	-2.047876	-1.4307821	-2.272102	-0.9513289	-2.2987735	-2.2821538	-1.7029712	-0.7874755	-1.0851902
-0.26366934	-0.121462286	-0.011365235	-0.4125077	-0.3897609	0.79257184	-0.5724272	0.36101264	-0.21753831	-1.1267419
-2.0465286	-2.1012473	-1.3841732	-1.9463948	-1.8359178	-1.4243308	-1.8172344	-0.5674145	-1.234018	-1.7359581
-1.3564171	-1.3470623	-0.90039206	-1.351457	-0.9011221	-1.947525	-1.9398034	-1.1290957	-1.7459253	-0.8114591
-2.0825043	-2.0166373	-1.3590846	-1.9290726	0.25902578	-1.1428062	-1.9510983	-0.5210116	-0.72272074	-0.34684536
-0.46604416	-0.55348283	-0.040941775	-0.6198113	-1.1220605	0.1940774	-0.47035715	0.20662476	0.51325387	-1.6871239
-2.1680248	-2.3939507	-1.1794885	-2.1419184	-1.29811	-2.0346384	-2.8968115	-1.3755198	-1.7098364	-1.054245
-0.90108436	-2.0259466	-0.4025031	-0.8693395	-1.13835	-1.2086935	-2.0898442	-0.06326082	-0.7482169	-1.2705917
0.46087977	-0.5578165	0.6602506	0.37606204	-1.5044909	-0.5994791	-0.9097412	0.6119536	-1.0319946	-1.9203234
-0.68102103	-0.25986445	-0.2102341	-0.72947985	2.3175538	0.41173422	-1.2515374	-0.17124067	-1.8264768	-1.0014405
-0.5456116	-0.22767404	-0.48093	-0.56664085	0.7824472	-1.05751	1.8005631	-0.56318784	-1.0384598	1.0551691
3.8394017	4.859036	3.5006623	2.9948854	1.368208	3.3470006	6.360742	3.0464635	2.0177732	1.3064489
-1.9937838	-1.9094408	-1.3974552	-1.8910396	-1.7327969	-1.9355792	-1.6377602	-1.3216425	-2.7917566	-1.699316
-2.3635552	-2.134768	-1.5331357	-2.2504225	-0.87139356	-3.0834243	-2.0164087	-1.2347533	-1.840325	0.4661857
-1.0245165	-1.192841	-0.54211867	-1.1168535	-1.8444383	-1.3704286	-2.1500952	-1.2912954	-1.1854051	-1.6130023
-1.5606412	-1.4304183	-0.9835874	-1.554808	0.46606985	-0.72403115	-0.8821715	-0.113548614	-1.0386862	-2.4476655
-0.8311089	-1.2013898	-0.3689712	-0.88410777	-1.0283087	-0.91300267	-1.1440194	-0.7809484	-1.5794178	-0.36306074
-0.32618403	-0.8779371	0.21266678	-0.44454688	-2.2649474	0.311454	-0.64567363	1.069686	0.25398928	-1.3074586
-1.6456437	-1.2397187	-1.2184623	-1.6163222	0.052515507	-0.8806389	-0.4787354	-0.35165906	-0.8570601	0.23228906
-2.9461973	-2.6763623	-1.7653854	-2.8017466	-1.6902099	-1.6492379	-2.3882806	-0.86137635	-1.9281186	-1.4944947
-1.6463861	-1.8233377	-1.03551	-1.6088408	-1.5563911	-1.4098356	-2.2299855	-2.6186223	-1.8048283	-1.6663399
-1.9736694	-1.6718067	-1.3199207	-1.9670551	-1.2927008	-1.1426762	-0.43114325	-0.58072907	-1.2750527	-1.646482
-0.7033457	-1.1259131	-0.3275316	-0.715882	-0.69597405	-1.204523	-1.7757672	-0.63763064	-0.7512034	-0.589323
-1.1790658	-0.8898523	-0.82888865	-1.1788256	0.49426028	-1.3244121	-1.6383374	-1.1727436	-1.151684	0.7665461
-1.2471533	-1.5372933	-0.71958387	-1.2710474	-1.914404	-1.4681044	-1.8736105	-1.3732214	-0.16731836	-1.6276431
-1.6311705	-1.8661638	-1.0959607	-1.5888414	-1.0950956	-1.7636588	-2.4459636	-1.1477008	-1.6408858	-1.5841683
-1.4530375	-1.7416085	-0.92601645	-1.3667614	-1.2733904	-0.69908863	-1.4692389	-0.5948865	-0.56342673	-0.50641024
-0.8470203	-1.2974132	-0.36107478	-0.95496595	-2.7253666	-0.6619999	-0.7145768	-0.5810987	-0.8983712	-2.965862
0.2183463	-0.42429456	0.5457152	0.05700177	-1.492169	-0.27458143	-0.8805684	-0.26978585	-0.87500644	-1.0207087
-0.7900654	-1.2236781	-0.32939598	-0.9328332	-2.004108	-0.67254084	-1.4753438	-0.19898605	-1.1725855	-2.542433
1.2950946	2.4321759	1.184487	0.9486699	0.42779985	-0.8232069	1.0316747	-0.97968006	-1.9192047	-0.49488863
-2.0474749	-1.6938483	-1.3752817	-2.0160143	-0.48103765	-1.7079197	-0.74094886	-1.2327744	-1.1247163	0.2802758
0.59716845	1.2580177	0.20532665	0.47980314	0.38656673	2.4147162	1.0508493	1.6489145	2.6204722	0.6831719
-1.7430508	-1.7362616	-1.1106325	-1.668083	-0.68804336	-2.1295502	-1.3924922	-1.9577602	-2.2583172	-1.0545157
-1.6992368	-1.7274225	-1.0545102	-1.611521	0.6984247	-1.4498956	-0.84350014	-0.821222	-1.9189928	0.5387926
-2.0942929	-1.9616578	-1.2788266	-2.0108147	-0.6445937	-2.5099578	-2.3885057	-1.2269582	-2.7649071	-1.1919065
0.26625744	0.033999145	0.4078319	-0.025047198	-1.9089385	0.055281524	-0.09242044	0.20346104	-0.29601228	-1.7042977
-2.0615506	-2.085948	-1.315252	-1.981756	-0.25981605	-2.4014785	-2.2795486	-0.9167966	-0.947661	-0.5104334
0.34434822	-0.60607576	0.8614427	0.27022976	-1.1884867	-0.2970301	-0.692081	0.37548047	0.040200386	-0.4482194
-1.333946	-1.5529773	-0.77356386	-1.3138392	-1.1568241	-0.9030934	-1.5665755	-0.49760085	-0.70854944	-0.94146764
-0.83891094	-1.1680797	-0.39658257	-0.9777743	-1.5963391	-0.6497606	-0.2293932	-0.88114953	-0.8277324	-1.9010347
1.101091	0.9653752	1.1646708	0.8493993	-0.40843588	1.9718187	1.0255866	1.2650566	0.7488775	-1.0780674
0.3459711	0.35418037	0.8008249	0.26396734	0.21193048	1.4110701	0.61433244	1.5160729	0.99684274	-0.11220628
-0.14298591	-0.48366535	-0.0005582124	-0.15293492	-0.108184814	-0.1723332	-0.28388196	-0.26053193	-0.4286085	-0.76200897
1.5710744	1.3833247	1.8767576	1.3247392	-0.9654372	1.3703966	0.82488906	1.5571262	1.0701975	-1.6988322
-0.7179703	-0.91276515	-0.20806456	-0.8692634	-1.3903791	-1.1575427	-1.2128135	-0.68193525	-0.99448824	-1.3557506
-1.2411501	-1.1885579	-0.8582715	-1.194778	0.65200007	-1.4547403	-0.8914897	-1.2861902	-1.5928961	1.1859871
-1.7020553	-1.7880611	-1.1277038	-1.6117074	-1.0790817	-1.9061747	-2.0388691	-1.1547053	-2.022981	-1.4133132
-2.5256355	-2.467911	-1.6638691	-2.3687043	-1.8926615	-1.1899685	-2.0568888	-0.4288684	-0.76025164	-0.7347044
-1.9558387	-2.0170424	-1.3223042	-1.8559326	-1.071743	-1.2647294	-2.3705802	-1.0477014	-2.5372086	-2.204829
-2.1972086	-2.028651	-1.3582392	-2.0508049	0.36153862	-1.8905447	-2.0423262	-1.2751454	-1.6491194	3.0727193
0.14949271	-0.36294112	0.70472646	-0.0670951	-1.6141733	-0.1406266	-0.11815449	0.59393215	-0.35436654	-1.6052816
-0.8687022	-1.2340205	-0.5386801	-0.8203253	-0.410187	0.021278786	-1.1565648	-0.044517387	-0.026965607	-0.47294727
0.5530679	1.2386149	0.6410569	0.18047215	1.248842	-0.47997603	-0.41908363	-0.860676	-0.41169196	1.5831403
-1.7667663	-1.7476573	-1.2372348	-1.7468544	-1.0324988	-2.7531793	-2.5305579	-1.2841445	-1.0389307	-1.2103261
-1.9134787	-2.002807	-1.0605227	-1.9445882	0.079061896	-2.4983175	-2.186192	-0.9171785	-2.882062	1.2584543
-1.72389	-1.7293907	-1.1891576	-1.7968198	-2.0964973	-1.3214251	-1.5417595	-0.9085667	-1.1664926	-0.9302425
-1.0529855	-1.3472764	-0.5418221	-1.0633938	-1.5110508	-0.37112838	-1.3527423	0.29830694	-0.4537192	-1.0118452
1.7139795	1.3406866	1.6191971	1.3857085	-1.8505791	0.20143896	-0.23796336	0.3564627	-0.051705908	-1.971915
3.355541	2.3248913	2.8906894	2.9296098	-0.7448851	2.9979842	2.148767	2.94561	2.9060438	-1.261502
-1.9940406	-1.918	-1.4526945	-1.8891482	-1.9899268	-2.4499934	-2.1508172	-1.3107339	-2.087765	-1.5073668
0.074881636	-0.2492384	0.42347807	-0.18776067	-1.9714133	-0.19332297	-0.055162687	0.39265686	-0.48015356	-2.1867464
-0.72867495	-0.8353735	-0.39894757	-0.70541114	0.28787372	-1.3900347	-1.889753	-0.8147757	-1.5241507	-0.4627794
-2.15179	-2.0798862	-1.4372442	-2.1184738	-0.8880675	-2.0868573	-2.117981	-1.5015645	-1.284696	-0.49706182
0.112947814	-0.4126132	0.50285333	-0.021496922	-1.3853618	-0.35228124	-0.806114	-0.06248908	-0.40310872	-1.7989103
-2.1467347	-2.2805529	-1.4340873	-2.102325	-1.5627501	-1.481966	-1.8458462	-0.2884888	-1.6632817	-0.55330163
-1.257681	-1.4310431	-0.7461239	-1.1178771	-0.5236962	-0.97315764	-0.9289662	-0.18644583	-0.9604681	-0.42594182
-0.050129987	-0.7235576	0.06336793	-0.10030188	-0.50708234	2.2507238	-0.13462362	2.7139125	1.7208538	-2.3952918
-0.86577326	-1.211081	-0.41472617	-0.9916925	-2.2948444	-0.11554307	-1.2739409	0.09020027	0.10156611	-2.5961804
0.52866066	-0.17486921	0.61764294	0.19561012	-0.0033980906	2.951374	-0.81936675	1.1202526	3.0738413	0.55048347
-0.3617173	-0.042998433	0.39343095	-0.5725619	-1.1620927	-0.13580973	-0.5257122	0.97265947	-0.4857146	-0.43784866
-1.5820642	-1.4670413	-1.1090729	-1.5986133	-0.66813266	-1.2174112	-0.51317334	-0.81047976	-0.28747553	-0.54533076
-0.62928253	-0.87848973	-0.11127171	-0.71111417	-0.546159	-1.2809923	-0.94457567	0.25327867	-0.66526616	-0.3257705
-1.0442839	-0.9209318	-0.550326	-1.1261814	-1.5982307	-0.42797148	0.0788744	-0.101275556	0.026716862	-0.63726
-1.7184333	-1.1428853	-1.2943954	-1.778449	-1.2061847	-1.4323834	-0.852514	-1.4133445	-2.5019011	-1.120601
-2.1983697	-1.850077	-1.4822385	-2.1579669	-0.57078123	-1.5663702	-1.355393	-0.9761858	-1.5183097	-1.5207672
-2.4361405	-2.3292513	-1.5281734	-2.320991	-1.5248411	-1.9141506	-2.84504	-1.0014567	-1.6604383	-1.6441451
-0.70405155	-1.0277035	-0.4765791	-0.71139956	-0.6394081	-1.5648221	-1.6330068	-1.1364516	-1.8731928	-1.9979788
-0.10337869	-0.25288993	0.2083568	-0.29412347	-1.641033	0.46529794	0.06609966	1.5428118	0.26435158	-1.8561198
-1.7887087	-1.6570947	-1.1993253	-1.807653	-1.4448975	-2.0311997	-1.7854637	-1.1739153	-1.8935819	-1.754907
-0.9478519	-1.3165605	-0.4089795	-1.1323793	-2.4874442	-1.5176804	-1.3868431	-0.56138855	-1.274478	-3.2726378
-0.621766	-0.36413634	-0.24303046	-0.6965786	-1.0061238	-0.6153841	-1.1523209	-0.027037917	-0.077653825	-1.3068638
-2.6151886	-2.4106584	-1.6356995	-2.5479345	-1.8191849	-3.5427032	-2.2600775	-2.0507286	-2.7995396	-1.93294
-0.8002759	-1.0774443	-0.36570445	-0.8954675	-1.5020707	-0.73704076	-0.1279733	-0.49364603	-1.073573	-1.8928756
0.6282575	0.17170319	1.0104927	0.41607594	-0.29804704	0.88772434	1.8311753	1.2566929	0.10410127	-0.8321134
-0.678011	-0.5566436	-0.35381243	-0.7164518	0.28146848	-1.340889	-1.5064718	-0.5665094	-1.7476307	-0.73063827
-2.2570288	-2.1454456	-1.4404223	-2.1458802	-0.9781656	-2.180416	-2.1322072	-1.0556811	-1.1403061	-1.4822218
0.8451455	0.023756176	1.2314801	0.57801235	-1.3365145	-0.05868296	-0.55949336	0.55723494	0.25697687	-0.77860624
-1.9870538	-2.1349561	-1.355536	-1.9031568	-0.7606833	-1.835815	-1.4640863	-1.3764278	-2.232498	-1.1032068
-0.21761021	1.9361885	0.2034469	-0.45212227	-0.50545335	-0.44365963	0.66049063	-0.1478448	-1.3634771	-1.4487948
-1.40335	-1.6614472	-0.96301055	-1.3269068	-0.9517852	-0.107028104	-0.8366874	0.5239435	-0.093730584	0.024981586
-0.25347602	0.7160264	0.24977186	-0.4701408	-1.5258261	-0.34402516	-0.34312454	0.470095	0.11221628	-1.6507915
-0.02350334	1.3219295	0.23084845	-0.29884648	-1.1299596	-0.85578	0.9891071	-0.271346	-0.3408677	-0.58309364
-1.2774347	-1.1593323	-0.8655784	-1.278658	0.11470717	-1.3532217	-1.8341653	-0.97530913	-1.967976	-0.6967653
-0.82248604	-1.0027668	-0.3370764	-0.9017653	-1.0167874	-0.92745316	-0.9865728	-0.08351772	-1.5357288	-1.2208269
-2.185147	-2.2109568	-1.4854695	-2.0816526	-1.9839696	-2.005958	-1.8734918	-1.104845	-2.524239	-1.7842329
-1.026722	-1.3081205	-0.67288196	-1.0588893	-1.4797276	-0.8112565	-1.0039387	-0.465783	-0.5918557	0.9340785
-2.0572536	-1.5647107	-1.4915862	-1.9519161	-0.3863437	-2.2783961	-1.677334	-0.99737185	-1.6720008	-0.8594755
0.04250785	0.02848944	0.7430687	-0.055464968	-1.1253926	-0.20835704	2.295566	0.30894977	-0.17321545	-0.17501906
0.00915914	0.25262883	0.069048405	-0.18462543	-0.6886116	0.3247326	2.010125	0.33159092	0.62206656	-0.35919365
-1.4902769	-1.624233	-0.9861587	-1.4266957	-1.2600121	-2.1523094	-2.05648	-1.7718772	-2.6627958	-1.2464912
-2.0426874	-2.025508	-1.3635199	-1.9267099	-1.2272245	-2.089187	-1.761335	-1.6434798	-2.962211	-1.7943776
-0.17009299	-0.3524495	0.3120154	-0.3418063	-1.4492666	0.012562661	0.8632814	0.154034	-0.7522809	-0.76436526
-0.96150815	0.21415296	-0.64771485	-1.1254691	-0.873189	-1.1558914	0.87914574	-0.69466865	-1.3350066	-1.0177861
-1.4368834	-1.7358664	-0.93830264	-1.3956892	-1.5366024	-0.78937286	-1.2819238	-0.48880836	-1.1309044	-1.8070742
-2.1296773	-2.2801857	-1.3542762	-2.110127	-3.693044	-2.1092632	-2.205719	-1.4134659	-2.0560994	-4.4639416
-2.5349338	-2.375643	-1.5969243	-2.4816926	-1.7665037	-1.8710462	-0.6661892	-0.72684044	-1.2106954	-1.8391651
-0.5250236	0.5011959	-0.31228986	-0.671627	0.04491052	-1.1138073	-0.39758104	0.56090695	-1.284696	-1.3562695
-1.044459	0.13006726	-0.71507204	-1.1098036	-0.10248008	-1.5421168	-0.81958693	-0.7552688	-1.0499407	-0.91327953
0.06944888	0.13993001	0.2377542	-0.111161605	-1.3145671	-0.105522975	0.2387539	-0.20268488	-0.5671892	-1.069899
-1.7824383	-1.844127	-1.1445605	-1.7438663	-1.3536079	-1.8765367	-0.99429137	-1.1812598	-2.0699215	-1.3551737
-0.24573219	-0.6039115	0.21355498	-0.39671087	-1.4903098	-0.35895967	-0.87283355	0.2516507	-0.56088406	-1.9765002
-1.0669749	-1.2400382	-0.62367976	-1.0425917	-1.3957821	-1.4803362	-2.1281013	-0.7393032	-1.8282824	-1.8861825
-1.6542054	-1.7550325	-1.034935	-1.6502104	-1.3978461	-2.8248887	-2.4709494	-1.7339096	-2.6066597	-1.7091132
1.0800923	-0.04301974	1.3300138	0.8243675	-1.581244	1.0749664	1.1012332	1.4092296	0.6751202	-1.3195198
-0.9182983	-1.4275911	-0.4581991	-0.9063419	-1.1302352	-1.3052187	0.17279056	-0.2605184	-0.7621625	-1.5704367
-1.2368363	-1.4678708	-0.74395275	-1.2542359	-1.5387758	-1.4114853	-2.1290243	-1.7925782	-1.5380057	-2.0202572
0.106419705	-0.13450295	0.5372941	-0.09180118	-1.438844	0.05331447	-1.6709709	0.6501728	-0.4174757	-2.5455904
-1.8276893	-1.1837199	-1.298913	-1.8867053	-1.6892152	-1.5851692	-0.53712815	-0.5945265	-1.4905568	-1.372582
1.0345241	2.251177	1.3206222	0.6862836	-1.1653795	0.9458405	2.630136	1.0025308	0.5888964	-2.351593
-1.8602314	-2.0110297	-1.2846605	-1.690353	-0.9171715	-2.0629587	-1.9083409	-1.1317649	-2.5464242	-1.3920563
0.44277182	0.028608114	0.3023921	0.32826436	-0.6340988	-0.744453	0.089247994	-0.38422933	-0.6222919	0.13873994
-1.6246806	-1.7853467	-1.0075233	-1.6063718	-0.8732735	-1.6453859	-2.0455613	-0.97552353	-1.161282	-1.152278
-0.80186576	-0.033781976	-0.55264187	-0.9735893	-1.2091849	-1.4558247	-0.051114723	-1.2313812	-1.4061513	-0.9000416
-0.39852124	-0.9055327	0.057761163	-0.45344633	-1.2615252	-0.20878683	-1.0726455	-0.2933268	-0.5102855	-1.4074551
-1.0633473	-0.45617634	-0.8038721	-1.1852186	-1.2605221	-1.0250144	-0.5676254	0.6519407	-1.1326929	-0.71920073
-1.8441169	-2.0766659	-1.2143792	-1.8009831	-1.9273081	-1.6132826	-1.0970019	-1.1800323	-1.9502869	-2.1170304
-1.6347208	-1.5897121	-1.1598117	-1.5905629	-0.71292186	-1.1475756	-2.166985	-0.7354789	-1.9202174	-0.8766998
-0.6183178	-0.8498652	-0.32956162	-0.69809675	-1.4444994	-1.5262406	-1.2682098	-1.3117237	-2.1848161	-2.2685046
-2.190258	-2.1463697	-1.4633594	-2.1244247	-1.3409353	-2.7177184	-2.0384786	-1.5258714	-2.9325511	-1.6011567
-1.1072456	-0.810935	-0.7338896	-1.0813363	0.06401959	-1.0297555	-0.044237126	-1.2798018	-1.1926314	1.5906281
-0.7548408	-1.1314814	-0.3488761	-0.8293884	-1.0199043	-1.3153459	-1.1851869	-0.6819011	-1.3570075	-1.7509863
-1.137383	-1.4653707	-0.6724695	-1.0719744	-1.3110981	-0.0038813995	-1.3282343	0.04870151	-0.05686109	-0.27947497
-1.0193979	-1.5347154	-0.6101972	-1.0244911	-1.7685071	-0.42622706	-1.1278982	0.13228221	-0.57052726	-2.9221406
-1.3540292	-1.8279096	-0.89174974	-1.337472	-2.0239017	-1.1592469	-1.0271477	-0.9098339	-1.0377764	-1.6869715
-2.5083563	-2.4101632	-1.66145	-2.4005146	-0.4274057	-3.0321827	-2.0850859	-1.5775592	-2.6707544	-1.0525516
-2.4419339	-2.279505	-1.6046054	-2.3647826	-1.4368863	-2.452896	-1.7397904	-1.4266831	-2.6893961	-1.7001154
-1.6315005	-1.710876	-1.2507628	-1.5274398	-1.3769097	-2.4162076	-0.2721695	-1.5072855	-1.9446127	-2.0343173
-0.4803478	2.046107	-0.26736835	-0.6498179	-0.12173942	0.22627835	2.8903875	0.015202943	-0.022835782	0.7871798
-1.2282237	-1.101012	-0.7036933	-1.2651726	-1.582397	-1.9002382	-1.1390513	-0.17873688	-2.145579	-1.6937232
-1.2437817	-1.3859458	-0.84762156	-1.2288558	-1.2365544	-2.1986938	-2.2547634	-1.1345918	-2.6059604	-0.39280444
-0.4720091	-1.0158994	-0.10749683	-0.566054	-1.2367948	-0.47691548	-0.48556107	0.012150529	-0.536475	-1.0534661
-1.8656995	-1.8756989	-1.1933426	-1.7175858	-1.0950694	-2.1241505	-1.8565506	-1.8288685	-1.5583019	-1.0976186
-1.5427222	-1.4203143	-1.0781213	-1.5717657	-1.1763752	-0.585312	0.20914413	-0.781818	-0.6442143	-0.7688649
-2.0386868	-2.0391958	-1.3519543	-1.9693439	-1.7562875	-2.268638	-2.5213578	-1.675582	-1.8321838	-1.3455688
-1.6782268	-1.7651491	-1.0702865	-1.6764843	-1.5801307	-2.5448573	-0.07577228	-1.683891	-1.947661	-1.1996746
0.34733292	-0.9880128	0.3121738	0.20767061	-0.025922775	-1.1347305	-1.390226	-0.54632324	-0.9912942	-0.8256805
-1.3184376	-0.7499596	-1.2578611	-1.2865964	-0.6947278	-1.6398258	-0.8341236	-1.426042	-1.6693501	-2.1194224
-0.8777161	-0.5063993	-0.38927862	-0.9589938	-1.246825	-0.952729	-0.6235475	-0.22344987	-1.8162426	-1.3750948
-1.6443832	-1.6637167	-1.0991818	-1.5933796	-1.4135481	-1.3309673	-1.4731737	-0.92398775	-1.0405295	-1.4561181
-2.017128	-1.9975777	-1.3268399	-1.9174862	-1.0921599	-2.1365082	-1.8883151	-1.0493885	-2.5994995	-1.4385209
-1.3859937	-1.6017733	-0.8263414	-1.3948712	-1.2562585	-1.6542286	-1.9969836	-0.8155884	-1.8879515	-1.2419363
-2.2981594	-2.1004236	-1.4380475	-2.242546	-1.3896025	-1.944659	-1.7577267	-1.5349495	-2.6350827	-1.458199
-2.420559	-2.2419991	-1.5621681	-2.3433838	-1.0282515	-2.7397842	-1.0118115	0.8845445	-2.1267564	-1.6352057
3.1094334	3.140618	2.7748003	2.7186997	1.1010009	0.17402288	-0.2897792	2.2852921	0.20274808	-0.8478306
-2.1780875	-1.9425008	-1.4296691	-2.0742342	0.22033003	-3.0017326	-1.5406384	-1.1298642	-2.2106955	-0.27779284
-0.09389321	1.7085186	0.17329934	-0.43217075	-0.63005257	-1.4725041	0.6059071	-0.7414431	-1.517965	-1.5018408
-1.8773965	-1.6746209	-1.241649	-1.8916457	-1.6533405	-2.4524999	-1.8647463	-1.3258289	-1.9604672	-1.7691883
-0.101453036	-0.51988804	0.23405504	-0.16408671	-1.7170234	-0.24442348	-0.8489307	0.6801364	-0.17428526	-1.9154902
0.109716155	0.20079547	0.40925872	0.018759668	-1.228907	-0.7174604	-0.52033985	-0.2674151	-0.38609883	-1.6350662
-1.419812	-1.7602118	-0.8972659	-1.3671808	-1.5742103	-1.9283724	-2.5759356	-1.1254932	-2.1330056	-1.8776871
-0.755889	-1.1412978	-0.2020813	-0.8219843	-1.8830761	-1.3292462	-1.5564704	-0.22738598	-1.6265415	-2.3987875
-1.8351017	-1.9292061	-1.2629623	-1.7345093	-0.69617224	-1.3764089	-1.7897738	-1.1057798	-1.2006669	-0.30311674
-1.7897094	-1.882798	-1.185342	-1.7547526	-1.3955996	-0.4776212	-0.90230966	-0.5271384	-1.2988355	-3.5230446
-1.8733408	-2.0327492	-1.203046	-1.8262973	-1.2859734	-1.8550413	-1.5877788	-0.9348469	-0.5477304	-1.7579898
-1.2467053	-1.4570423	-0.74184394	-1.2699876	-1.9832095	-1.1648595	-1.2406363	-0.769897	-1.2246027	-2.0570047
-0.6317001	-0.921664	-0.10639629	-0.7241894	-1.0061527	-0.39979404	-0.4235125	0.6358721	-0.8597873	-1.2463782
-0.35900265	-0.21979716	-0.1252634	-0.4345038	-0.89237463	-1.1926198	-1.1366873	-0.8848717	-1.2915034	-1.7388209
-0.98038	-0.5112099	-0.6022885	-1.106845	-1.2005469	-0.064260155	0.35698646	0.23161073	-0.20802449	-1.2372043
-0.9025085	-0.49959233	-0.4648367	-1.0103048	-1.5951272	-1.2964773	-1.0929472	-0.33059442	-0.6505142	-1.3641894
-1.0928885	-1.4882311	-0.8413677	-1.0882758	-1.8681659	-1.1586878	-2.173173	-0.69016355	-0.5817385	-1.1629505
-2.2011037	-2.0891027	-1.4184759	-2.1169927	-1.655121	-2.6212647	-1.9122735	-0.93883884	-1.8570075	-1.8131958
-1.5280826	-1.0764811	-1.0671076	-1.5707788	-1.0219101	-1.2466526	-0.8219485	-0.6796207	-1.9596974	-1.2403355
-2.5212252	-2.4047863	-1.6951151	-2.4314728	-1.8693472	-2.5182188	-2.346234	-1.2885407	-2.2284606	-2.0722177
-1.5819482	-1.7905953	-1.1014522	-1.5037112	-0.43912694	-1.715282	-1.5938528	-1.0538107	-2.073151	-1.1585158
-1.0259838	-0.7880604	-0.53946376	-1.1050242	-1.1274686	-0.17178257	0.4250084	0.29502565	-0.63344705	-1.215386
-1.80974	-1.3714089	-1.1364503	-1.6461619	1.3706515	-1.9432775	-1.7950243	-1.6256744	-1.7586272	1.179425
0.35083777	0.63635325	0.6961118	0.14642344	-0.6507666	-0.32732925	0.5734246	0.26139334	-0.11075025	-0.7238199
-0.110563256	-1.2089288	-0.22271085	-0.15498818	-0.5164771	-1.3946002	0.14016567	0.38044167	-1.7988355	-0.82864946
0.19133833	-0.06723237	0.592033	0.01744178	-1.5026914	1.1050967	0.13368316	0.9154224	0.8087757	-2.0332866
-2.1269605	-2.129315	-1.4282154	-2.051124	-1.0547186	-2.3876197	-2.8701763	-1.5105524	-1.8582476	-0.8617268
-1.552321	-1.7214215	-1.0512271	-1.5058111	-1.4515575	-1.9767473	-1.4632573	-1.1062895	-1.7390072	-1.6208019
-1.3412224	-1.1325525	-1.026774	-1.3017361	-0.6851799	-2.3677971	-2.0056493	-1.5556022	-2.2233944	-0.15814787
-2.0068297	-2.1225913	-1.4667621	-1.8831861	-1.2386546	-2.219459	-2.5615754	-1.8987254	-2.797364	1.4504935
-1.4091607	-1.5423331	-0.89131606	-1.4093702	-1.1581185	-1.1745546	-1.4845381	-0.020839553	-1.369825	-0.86565226
0.30897883	-0.769385	0.8167558	0.10195674	-1.4292877	-1.1019061	-1.059994	0.34573203	-1.0239124	-1.1728328
-0.4132146	-0.8438215	-0.30199233	-0.49920917	-0.43854922	-1.2669184	-0.5241519	-1.1347022	-2.036449	-0.4336758
-1.516358	0.25971535	-1.2085593	-1.5485625	0.23515692	-1.4349365	-0.41029394	-0.52892095	-1.5947765	-0.7804746
-1.9139532	-1.4959482	-1.1027212	-1.9255629	-1.07292	-1.4932996	-0.8024195	0.09231791	-0.75038046	-2.1455138
0.17684284	-0.4018455	0.8088232	0.10622226	-0.55035615	0.78018963	0.26928267	1.3184594	0.50201404	-0.013783417
0.3982351	0.39788106	0.67756176	0.118099734	-1.4212155	-0.026920294	0.47928604	0.66111046	0.5609899	-1.1545373
1.2484812	1.552819	1.1456082	0.9328475	-0.91901004	1.6816344	1.9354888	1.6875964	1.7561233	-1.0836409
-2.033835	-2.128883	-1.429357	-1.9769331	-2.1017482	-2.1985104	-1.7504724	-1.498337	-1.6000303	-0.88873655
-2.1395211	-1.9643999	-1.535085	-2.05035	-1.462383	-1.9208941	-1.6966786	-0.83822685	-2.7109606	-1.961363
-0.20385948	-0.4377338	0.1038591	-0.21539976	-1.1785952	-0.5769751	-0.61793065	-0.3080155	-0.5911107	-0.68419355
-1.5838034	-1.8163093	-1.0499903	-1.5899154	-1.4406794	-1.5672668	-1.5372701	-1.0000281	-1.4069293	-1.3032262
0.79186916	0.007959038	1.0107	0.6485492	0.1647689	-0.4944201	-1.0003026	-0.25051835	-0.2507153	0.20594461
-0.15370059	-1.0242734	0.27474782	-0.26667523	-1.8807898	-0.5734932	-0.04698602	0.5831396	-0.97673136	-1.078254
-1.4516971	-1.7938052	-0.97555804	-1.4752078	-1.0904329	-1.9705108	-1.7952669	-1.1468753	-1.9322987	-1.7903457
-0.90401626	-1.0371377	-0.4817222	-0.90798753	-1.4446	-0.9975392	-0.8992783	-0.38544202	-1.5375123	-1.7014375
-0.35040238	-0.048149735	0.29661885	-0.52074003	-1.0772972	-0.100088194	1.1209635	0.37793922	-0.12520173	-1.2273335
-0.664108	-0.3324204	-0.48925218	-0.6947688	0.095329344	-0.99385804	-0.441271	-0.76093453	-1.063025	-1.0048758
-0.46352464	-0.883708	0.024402186	-0.5666878	-1.2454178	-0.04295531	0.56680596	1.4663162	0.013966675	-0.5631271
-1.1687454	-1.434032	-0.7376127	-1.1295586	-1.5896238	-1.1473119	-1.140676	-0.9755099	-1.0291297	-0.7814985
-1.960964	-2.080777	-1.3064947	-1.8661625	-1.549273	-1.570363	-1.634172	-1.1407546	-1.8335057	-1.9192324
-0.31323293	0.075001925	-0.08796936	-0.44070143	-0.2925666	-1.3894631	-1.3333833	-0.67710775	-1.5537853	-1.2628428
-0.9143907	-1.1990697	-0.4295241	-0.9201575	-0.48926792	-1.1802188	-1.2943063	-0.664419	-0.5978014	-0.5281117
-0.00044921786	-0.24425974	0.08879152	-0.15512718	-0.39668912	2.3512757	-0.9941549	1.1387548	2.2467852	-1.4297327
-1.2469283	-1.6098708	-0.87820387	-1.2345873	-2.577405	1.422148	0.0039952053	-0.09295334	1.4315171	-2.8777132
-0.5151575	-0.9505652	-0.17688295	-0.6058964	-1.7667884	-0.39551127	-0.016746674	0.30091023	-1.1677518	-1.1566058
-0.87037194	-1.245545	-0.4025357	-0.8730709	-1.8805841	-0.6570741	-1.7131702	-0.34290206	-1.134566	-1.0520439
-1.8828969	-1.9738746	-1.2633909	-1.8411783	-1.6387509	-2.4864569	-2.4325905	-1.5175707	-2.3336723	-1.3562589
1.8083668	3.0368292	2.1595335	1.4853171	0.68131804	1.1359636	2.293295	1.5327837	0.90511554	-0.9645362
1.6846881	1.2171471	2.0293696	1.4478122	-0.74174094	2.2303276	2.7296467	2.3218832	2.1539264	-0.6533618
0.17065004	-0.4817469	0.8271979	0.08666323	-0.5867343	-0.5042782	0.76864696	-0.44371298	-0.82810473	-0.88416785
-0.25871056	0.49138287	0.33416748	-0.49008524	-1.219904	-0.057798635	1.2030158	0.67784643	-0.7807444	0.0017247767
2.5703757	1.2832901	2.9189918	2.2655296	0.39566407	2.8436623	1.8166851	3.5883985	3.1848474	-0.28570247
-0.27974468	-0.24141166	0.19229546	-0.4490695	-1.3537563	-0.6947008	-0.41542062	0.19128957	-0.759756	-2.0849836
0.26631477	1.4115162	0.36311996	-0.051968068	-0.6026866	1.1149058	1.3916148	0.9210672	0.74352	-0.89332575
-0.6856918	-1.0734305	-0.27860317	-0.7738593	-0.72146416	-0.31975898	-0.48714635	0.72502965	0.078456834	-0.4242847
2.8557808	2.797899	2.4733188	2.4298387	0.09745267	1.5533609	2.0167038	1.4227737	-0.28469598	-0.55839235
0.3420548	-0.2256617	0.8345622	0.16581891	-1.4923911	-0.059439298	-0.592716	0.5683719	0.05644431	-2.1146662
-0.18196982	0.41094998	0.33937612	-0.19257264	0.44234923	-0.544733	-0.90202135	-0.10669617	-0.47841543	-0.47651803
-0.14524229	-0.12469031	0.26617187	-0.3208608	-1.3112563	-0.6472853	-0.9970871	-0.24219438	-0.17281365	-2.2833474
0.36051154	-0.27352342	0.9400443	0.17740886	-1.0913761	-0.83295476	-1.5768071	0.17472759	-0.9537632	-0.6628912
0.018592887	-0.6404909	0.6708752	-0.12647669	-1.3601104	-1.1011481	-1.4226307	-0.16628428	-0.9434701	-0.8403525
1.2720419	2.548808	1.7249688	0.8777106	-0.91575897	0.5744982	2.1661272	1.4530416	0.12672691	-1.0425084
0.97264034	2.2984927	0.95939255	0.7366719	-0.15434521	1.0871862	2.1462839	1.9240458	0.4577611	-0.8821904
-1.4759346	-0.8891896	-1.0352328	-1.5491045	-1.3108969	-1.4419249	-1.8293223	-0.8348568	-1.2960123	-1.1351048
-0.16380218	-0.4900438	0.29827175	-0.35225308	-0.9097074	-0.29629347	-0.8323097	0.15077889	-0.43572357	-0.41616657
0.9966771	3.3399699	1.2098925	0.6898687	0.5347322	2.0716977	3.8282747	1.2649237	1.1025068	-1.1127967
-0.2008653	-0.061115354	0.21299946	-0.3057626	-1.0365276	-1.5742347	-0.9825848	-0.62978244	-1.1952633	-1.5568883
0.9590967	2.327243	1.247956	0.51478684	-0.76113343	0.13135494	3.290058	0.2932893	-1.1895155	-1.8827868
-0.53637534	-0.42244846	-0.01787743	-0.6873327	-1.6235466	0.2003077	1.1498227	0.4295844	-0.8212858	-1.0132457
-0.41170952	-0.8050375	0.085136235	-0.57124627	-1.3414109	-0.78252786	-1.3563545	-0.7998366	-1.3619246	-1.4496663
-0.18877846	-0.740028	0.32170212	-0.35006136	-2.0615528	-2.061256	-1.8727627	-1.682421	-1.8518165	-4.0208445
0.12845874	0.37573	0.488908	-0.07790923	-1.250219	-0.7893272	-0.5217652	0.10869067	0.16715738	-1.4266763
-0.3536071	-0.64544815	0.22577879	-0.40926987	-1.3289683	-0.24854395	-1.4055607	0.12995802	-0.6718356	-1.2741218
0.29639104	1.5197604	0.8139503	0.04166381	-0.91973317	1.057861	2.5007913	1.0565901	0.7328194	-0.44978425
0.29209834	1.6823974	0.8128785	0.026621163	-0.0028859973	-0.13012242	0.35494348	0.62200457	-0.039896347	-0.18613195
-2.225341	-2.1430666	-1.4761552	-2.147141	-1.34501	-2.44249	-2.1447742	-1.8029158	-2.094044	-1.3818705
1.1003911	1.8239119	1.129037	0.8167827	0.61368644	-0.93750906	-0.85594106	-0.74986297	-0.895983	0.3004231
0.74014133	0.8296145	1.2162553	0.51165473	-1.2038025	-0.13087897	-0.067214474	1.0210443	-0.19454226	-1.4366629
0.014278404	0.0015070289	0.4448675	-0.1832348	-1.5438943	-0.12486228	-0.6221454	-0.33178997	-0.4125108	-1.7121054
-0.7543868	-1.0447202	-0.27717993	-0.8071797	-1.5596365	-0.5377644	-1.374215	-0.3833977	-0.7431283	-1.8705583
2.7144518	2.902036	2.8301983	2.3302915	0.41166398	2.7545729	3.4748516	2.6156008	2.42578	1.083422
0.8775413	0.8182697	1.3302307	0.5854259	-0.88736606	0.303737	1.5736773	1.0950543	-0.011685948	-0.35969356
-0.1315315	-0.5570975	0.25232586	-0.31054288	-1.471916	-0.9573973	-1.1094918	-0.7087175	-0.657554	-1.7134639
0.8157247	0.2567675	1.2522012	0.60984576	-0.83056295	0.6220267	0.4230697	1.0712967	0.5052568	-1.1726367
-1.7112025	-1.7604501	-1.0827568	-1.6823817	-1.9879795	-1.5352995	-0.96595716	-1.3442224	-1.078341	-0.6970177
0.6788739	0.81177366	1.214122	0.34939945	-1.5193657	0.51267254	0.960432	1.7251954	0.36887997	-1.0527247
-0.21711639	-0.8739246	0.07487768	-0.37557542	-1.2825662	-0.9827373	1.0190469	0.27872202	-0.54476213	-1.2507571
-0.93593997	-1.8285626	-0.5638964	-0.9608788	-0.9537904	-1.3902684	-1.7462373	-0.9183829	-1.0165309	-1.5484353
0.6598717	0.071466684	0.78327	0.42394304	-0.79742837	-0.015497466	0.22881165	0.4343263	-0.3181758	-1.0857172
0.3615653	1.4368365	0.49520656	0.08307068	-1.1976901	0.09937635	-0.20053871	0.25180882	-0.9862028	-1.2250293
-0.61621475	4.3200574	-0.42714074	-1.0965718	-0.18067499	-0.68003607	6.173605	-0.23123707	-0.6583706	1.8610662
0.9982529	1.9465497	1.5087261	0.68802875	-0.37156826	1.4891458	2.3249588	1.7109146	1.0869912	-0.8905536
-0.3370761	-0.8584305	0.090747684	-0.3864658	-1.2544539	-1.6551244	-1.7402761	-0.8827075	-0.8696672	-1.6069181
0.7223709	1.2238111	1.2608926	0.49190104	-0.8093834	0.105082184	0.76390195	0.3198506	-0.06097825	-1.0766473
0.6259748	0.7237885	1.1580822	0.4082393	-1.3490589	0.25416398	0.72183126	0.80368376	0.54042244	-2.1953602
0.40937385	-0.35935813	1.1978918	0.28635252	-1.1633557	0.8553994	-0.50825256	2.129457	0.38879216	-0.795509
-0.5238377	-0.24957815	-0.28215858	-0.61346304	-0.9613515	-1.2200541	-1.30183	-1.1552124	-1.1979829	-1.1962184
1.7499669	2.0720985	1.9455144	1.4970433	-0.8091395	2.4694498	3.691387	2.6046164	2.102622	1.2078347
1.6805271	0.08223966	1.8815967	1.387116	-1.3168552	1.2068536	-0.34766954	1.1914184	1.2958896	-1.5319152
0.38114175	0.69990647	0.71783453	0.24315466	-0.71168697	0.43172964	0.28697065	0.427026	0.095929995	-1.3337585
0.47445825	1.0468128	0.85217154	0.18990211	-0.9702312	1.1124482	1.052898	0.78056663	0.9878517	1.0662038
0.05926136	1.1128403	0.5217811	-0.2384766	-1.0938151	0.6812712	2.2006354	0.56486094	0.020988306	-0.8808398
-0.56041604	0.4521183	-0.17154443	-0.66820955	-1.2684392	-1.0553913	0.103170626	-1.8980801	-1.0650831	-2.1745849
-0.22556609	0.047401726	0.18858048	-0.323318	-0.31445256	-0.23548059	-0.19988918	0.6719592	-0.06509752	-0.7684973
0.3553721	0.9394866	1.002622	0.11968474	-1.0876149	-0.066575654	0.44612908	0.76966923	-0.20882684	-0.7726852
1.5663036	2.2915716	1.7769588	1.1944602	-0.06940892	1.518405	0.31915927	1.3571275	0.9070825	-1.1432874
0.4466603	0.40330616	0.9265722	0.22907643	-1.2521706	0.28785446	0.24989237	0.58191335	-0.52749825	-1.4618363
-0.30092314	-0.6533115	0.29912934	-0.44528347	-1.232933	-0.31410635	-0.554354	0.20669124	-1.0942671	-0.65783024
-0.5745031	0.005459398	-0.30356923	-0.6222926	-0.15807715	-1.4554065	-2.3449252	-0.24527545	-0.88379806	-0.67020345
1.3185277	0.4690679	1.6317077	1.096745	-1.4176604	2.6743348	-0.50769454	2.616783	2.371361	-1.5393
-0.7961661	-1.1064676	-0.37911186	-0.84838593	-1.1287167	2.2934468	-1.0467329	2.773247	1.7492514	-1.3367715
0.50482774	0.8832723	1.10039	0.26374757	-1.3110508	4.3548856	2.361076	4.9546576	3.6197875	-1.5001255
2.6607249	2.475015	2.5384004	2.2106187	-0.03882113	4.7268424	3.3637712	4.526037	4.257272	0.9931061
1.5803558	2.8407643	1.6592435	1.3458524	-0.99511826	1.6403441	4.444142	2.402317	1.5994732	-0.67734295
0.55030954	1.6620367	0.8688909	0.29283512	0.5307869	1.3504533	1.3651838	1.3122702	0.84213066	-0.68275505
-0.013237841	1.1721404	0.44594747	-0.16209845	-0.6430952	-0.6507758	-0.3662103	-0.050591987	-0.62846357	-1.3908848
1.6167126	0.91984	1.6271023	1.2446641	-1.0712947	-1.551831	-0.79476136	-0.9524721	0.6016288	-1.7730491
-0.77151173	-0.8114095	-0.3307359	-0.8983364	-1.3692948	-1.2133447	-0.7781189	-0.6167711	-1.8696585	-1.9117987
1.9565452	0.81613076	1.9438322	1.5674531	-1.8248061	1.5928093	0.13084295	1.4678811	1.3986458	-1.932876
-0.022063486	-0.32670286	0.42728758	-0.13075851	-1.492558	-0.10646888	-0.81765085	0.60881364	0.34615782	-1.3640667
0.33201966	0.40718928	0.40435523	0.21040033	-0.59588665	-0.1942597	0.28870746	-0.33067092	-1.5466381	0.4711928
1.5467256	2.8379323	1.8044446	1.1786584	-1.0442382	0.76122075	2.1181726	1.3915253	0.022165759	-1.8130944
0.9017606	2.4484053	1.3720833	0.48258287	-0.95627344	0.94330317	1.4945918	1.9292955	0.12661868	-1.529422
2.2877724	3.6391795	2.0688498	1.7625782	-0.23640414	3.1409545	2.2608285	3.4985957	3.668266	-0.3716723
3.120734	2.0349796	3.1772962	2.8064375	0.31235352	1.7467178	3.137722	2.6920907	1.4999789	1.809484
-0.26840174	-0.29718262	0.116964385	-0.4688918	-1.5535022	-0.2636628	-0.4508861	-0.13158219	-0.340016	-1.347349
0.05831676	0.41495267	0.3204472	-0.053775325	-0.5676646	-0.027206486	-0.6042651	0.5089218	-0.33824706	-0.72836083
0.31954813	0.8006381	0.92172575	0.069260284	-1.2823617	-0.21137364	-0.05264994	0.9426421	0.008610488	-2.1637697
-0.8869142	-0.80815375	-0.4985883	-0.94207907	-1.6891102	-1.406333	-0.9523972	-1.1441383	-1.381224	-1.6470041
0.47247693	0.9447057	0.75641906	0.15390413	-1.114757	-0.3662949	-0.4801963	0.65122795	-0.35281602	-1.7349769
0.611871	2.177083	1.0121702	0.2697358	-0.07816869	1.5993773	0.82859486	0.71375334	1.0126296	-0.017395634
0.09406551	0.9029192	0.22216004	-0.19434775	-1.252325	-0.19846429	0.95425713	-0.27595752	-1.0878348	-0.44759846
0.47507653	-0.028937742	0.65254176	0.24424784	-0.79793334	1.3009269	1.5177234	1.9889965	0.99981743	0.77759063
0.49275967	1.75558	0.19784263	0.0805033	-0.32469288	1.5535749	1.8729036	1.1569464	1.0613706	-1.1919957
-0.37666088	-0.7695403	0.06608294	-0.5121149	-1.6912655	-0.3551202	-0.7016656	-0.16164427	-0.31692237	-1.4537135
0.36548027	0.7506063	0.290788	0.047650114	-0.61226094	-0.41031316	-0.44703177	-0.50573874	-0.4911675	-1.5587599
0.33899587	2.466664	0.4001627	0.17367794	1.0209751	0.26097894	3.9161997	1.0334691	-1.0817624	1.3970772
0.29570773	-0.3937782	0.8511492	0.20039822	-1.4033756	0.59394324	0.31435052	1.0898132	0.68025434	-1.4615062
0.9182549	-0.11646827	1.1541411	0.7870923	-1.0576668	0.39098698	1.5529782	1.1004853	-1.0175382	-0.9105613
1.2996075	0.34706387	1.568096	1.0892417	-1.4339476	-0.08391193	0.030405665	0.56830734	0.21942738	-2.3785138
-0.6160443	-0.7279618	-0.31746396	-0.67578727	-1.096026	-1.3601345	-1.1755571	-1.1685883	-0.21986574	-1.2336851
0.784595	0.48086515	0.99476516	0.5123671	-1.0220454	0.62709236	-0.11412041	0.9391362	0.025880361	-1.3782887
1.3762474	0.25763687	1.3944275	0.9921329	-0.48739067	1.7778794	0.68195146	2.249538	1.2842407	-0.22842856
-0.25713134	-0.2262301	0.36943	-0.4768427	-1.9420853	-0.19258948	-0.73136955	0.73173994	-0.4805329	-2.554723
-0.42621663	-0.5675137	-0.17700079	-0.49333727	-1.1698315	-0.9426259	-1.6829561	-0.90801847	-0.84762263	-1.2364126
-0.67084146	-0.75916827	-0.33492747	-0.76336646	-0.91221035	-0.8126603	0.16191727	-0.8429048	-0.819991	-0.91152567
1.017715	-0.46796232	1.523201	0.7900658	-1.6319836	0.022765437	-2.0266404	1.2990296	0.33221337	-1.957299
0.5547462	1.4055499	0.65796614	0.26688564	-0.5116246	0.2845093	1.6153483	0.7841478	0.44416645	-0.07783527
0.18483573	-0.39280027	0.749272	-0.019953474	-1.7485597	-0.07973371	-0.92636585	0.9448147	0.44361424	-1.9377878
0.09430251	1.2411797	0.4107888	-0.22884049	-0.5443569	0.030063013	0.4929286	0.8138433	-0.8246324	0.2597059
-0.58779556	-0.09800106	0.090624034	-0.73661673	-0.9473865	-0.0024181188	-0.67249906	1.0587913	0.6048419	-1.286104
-0.5084931	0.5135373	0.104992315	-0.7601614	-1.2659606	-0.14161395	0.9590838	0.74752885	-0.34368622	-1.2511433
-0.020589642	2.2047257	0.4239725	-0.2626987	-0.06613982	1.0677874	3.0363383	1.5534059	0.4013184	1.2254462
-0.57982093	1.0146115	1.080443	-0.58678174	2.467413	-1.3984518	0.31259668	0.280531	-1.9748276	0.6708936
0.24733198	1.6068978	0.59400785	-0.078187175	-0.6516355	0.5039429	1.1721498	-0.015231613	-0.036937017	0.6966103
0.3012407	0.05377069	0.81563485	0.13811533	-0.88647187	1.1680777	-0.35700458	1.0348631	0.83149743	-1.0837542
-1.4560597	-1.5070689	-0.85506177	-1.4837031	-1.5740584	-0.96592826	-0.96637046	-0.15975365	-1.3531996	-1.2406731
-0.9288629	-1.1600629	-0.53375757	-0.95292556	-1.2247263	-1.5895619	-2.0883949	-0.88716143	-1.8940823	-1.2256612
0.45282337	-0.19871154	0.7744738	0.31750232	-1.3031356	0.031453103	-0.6963855	0.967933	-0.28298113	-1.0538095
-0.28509954	-0.45149887	0.11757551	-0.4047135	-1.2491384	-0.4612788	-0.76569825	-0.39989302	-0.633201	-1.102887
1.0338876	2.2867982	1.153121	0.7024088	-0.45254508	2.033651	1.9803658	1.6078378	1.7542641	-2.4487329
-0.46777877	0.40304652	0.37460315	-0.71978116	-1.3891717	-0.114494085	0.6371298	0.174132	-0.848867	-1.454656
1.1102589	0.7181804	1.4552666	0.9253367	-0.7903279	0.6526695	0.88570863	1.3490318	0.17809325	-0.24320251
0.41421577	1.0433129	0.88068223	0.16657431	-0.9420216	-0.5851825	0.62192935	0.14497778	-0.5502812	-1.0540078
1.4460584	2.3907976	1.7848977	1.0772667	-0.7396854	1.0029271	3.471415	2.8799877	0.9555446	-0.66804814
-1.2734431	-0.73230386	-0.7685962	-1.3939553	-1.2397754	-0.23397379	0.59425735	-0.017588256	-0.5666832	-1.628798
-0.39522758	-0.36359042	0.06475109	-0.5289528	-1.4486789	-1.0444988	-1.0137444	-1.0006126	-1.0161971	-1.5744805
1.2757595	0.99301434	1.53841	0.9349768	-1.5943576	0.7336928	1.6833822	1.1230347	0.45820615	-2.2941093
0.35787457	0.288381	0.68112504	0.10776739	-1.2533766	0.7289654	-0.9409532	0.4777965	0.10206235	-1.2854259
-0.49014893	0.40167668	-0.11601952	-0.69822776	-1.0957285	-1.0173846	-1.1494966	-0.51870143	-1.2770587	-1.3458899
-0.34088603	-0.3871836	0.06607573	-0.45373774	-1.115084	-0.8568437	-0.61876786	0.19324587	-0.7484505	-1.2943665
0.22638354	2.2299638	-0.093447745	-0.15875898	-0.53810954	0.3014482	1.4586092	-0.99790007	-1.0635844	-1.3941898
0.72480124	1.1565174	1.1484329	0.4653861	-1.0576601	0.700351	1.3626939	0.9597338	0.7699162	-0.9780049
2.3390174	0.65719354	2.4753847	2.002898	-1.0884781	1.5776706	-0.26721388	1.306623	1.1661108	-1.3588685
0.5039607	0.9364331	1.0106281	0.26646602	-1.1979598	0.37158364	0.5052101	0.8583254	0.56310225	-1.5573506
0.73266125	-0.13478449	1.0443201	0.5864717	-1.0453576	0.4335625	0.06989852	0.21867767	0.16996211	-2.0286381
0.6496069	-0.66604996	1.0084277	0.4997244	-0.73068726	-0.7147813	0.22491553	-0.37215108	-1.0931929	-1.478071
0.7746877	0.97403777	1.1774551	0.60452574	-1.2910619	0.57817155	0.6095924	0.68934447	0.11463208	-0.56676227
-1.0895325	-0.9934436	-0.65759134	-1.1744008	-1.5790898	-1.2542307	-0.97234976	-1.2407234	-0.8597873	-1.0027751
0.5260754	0.409224	0.89548445	0.24989368	-1.783154	-0.8349832	0.32397494	-0.5383606	-0.043475144	-1.2757485
-0.40931267	-0.93589354	0.01415059	-0.5110874	-1.7236239	-1.7501019	-1.7816347	-1.6863558	-1.3573693	-1.8467768
-0.82554305	-0.88797605	-0.29133913	-0.90723974	-1.3597754	0.35899833	-0.34484476	-0.072496355	0.041372355	-1.8821201
-0.87832457	-1.2636316	-0.39331272	-0.9403277	-1.3470471	-0.5916474	-0.12636697	-0.37428477	-0.7480501	-1.6675909
-0.50640196	-0.36163324	0.17156303	-0.6339662	-1.2093476	0.99796563	0.3627458	1.9790475	0.52658963	-1.0195547
1.3057566	1.6921636	1.6523124	0.9503683	-1.0195463	1.4197861	2.1472838	1.5004625	0.73721725	-1.1768322
-0.08195196	-0.4643179	0.4346249	-0.274871	-1.7323633	0.31203905	-0.374977	1.1049426	-0.15093149	-1.8962467
-0.98728263	-1.0261915	-0.66375256	-0.97925127	-1.2976451	-0.7931284	-0.5913653	-0.61242247	-0.5818704	-1.228993
0.4665008	3.1523843	0.60753727	-0.01678738	0.20535359	0.57411474	2.6542523	0.17953967	-0.6317768	0.19505396
0.13513705	0.51069665	0.36857396	-0.106748566	-0.9241506	-1.0337218	-0.037609458	-0.7477646	-1.0332977	-0.19773842
2.3467867	2.8507812	2.927972	2.0094914	0.30681035	0.059220556	2.432721	0.6014032	1.6112903	-1.0151647
1.1508706	1.9377024	1.2654098	0.8622848	-1.0756867	1.6039286	1.9267473	1.815907	0.9412545	-0.8252267
0.41409567	0.7179066	0.6442709	0.2325928	-0.45315397	-0.8357191	-0.5790097	-1.4137529	-1.2642598	-1.5552843
0.035913832	0.22434172	0.47770375	-0.17656203	-1.2138934	0.18112701	0.5413955	1.0033876	-0.09131682	-0.74816376
1.6079472	3.1923318	1.3863945	1.0710258	-0.5580131	0.81903696	3.5477445	0.09755815	0.091889255	0.06907827
-0.7857892	0.1693491	-0.18848744	-0.9963683	-0.6656239	0.6710397	1.2830102	1.1257111	0.72341573	-1.2522421
-0.22487184	0.29175964	0.20519477	-0.41644263	-1.1286328	-1.0380794	-0.41297123	0.10255565	-1.9687997	-1.401328
0.3363785	0.77437377	0.7620642	0.08645289	-0.86700296	-0.66851586	0.20475127	0.5737221	-0.6679831	-1.4291986
1.1167084	2.703344	1.0972556	0.758038	-0.27587506	1.0769638	1.3875835	1.2656307	1.048407	0.032613806
-0.35483786	0.15278068	0.4212871	-0.45819163	-0.56082726	0.9980878	0.88898206	1.0681974	0.36689872	-1.8593955
0.6621534	-0.43623355	0.9883989	0.46290618	-1.633945	-0.86593306	-1.8694779	-0.82388407	-0.9750606	-1.8436381
-0.48089644	0.70207536	-0.06292945	-0.66271687	-1.2010527	-1.9314455	-0.6171198	-0.425212	-1.8048283	-1.3117293
0.33026567	-0.120465726	0.67874646	0.17418467	-1.779941	1.9665685	1.6623565	1.5896754	1.2313122	-1.7281258
1.509833	1.4918177	1.7209967	1.1938803	-0.22311965	1.705161	1.7012513	1.639765	-0.10438853	-0.40904588
-0.08006806	-0.5735449	0.29893166	-0.23666933	-1.5236274	-0.24293293	-0.9813544	-0.114730395	-0.5388604	-1.2973102
0.5396467	0.26047197	0.7692522	0.39632255	-0.91706693	1.7772709	-0.85566187	3.0534244	1.8464582	-0.8201338
0.44147268	0.12274262	0.7692057	0.17723162	-0.99051917	0.547919	0.83223146	0.29473308	0.11620193	-1.4389316
2.1094754	2.3154678	1.8311718	1.699648	-0.8715887	2.0593033	0.35065228	1.043534	2.722369	-1.0988125
0.40712824	-0.4169541	0.98271966	0.35331076	-1.2782986	0.36113012	-0.25710756	0.55663157	-0.11789167	-2.0415492
4.3879704	0.5573139	4.2037187	3.61949	-0.6450529	6.423695	2.4460182	6.9461794	5.808389	0.23251534
-1.8668187	-2.0855227	-1.2358602	-1.8659403	-1.6250683	-1.8550903	-2.1872096	-1.2966355	-2.1653843	-1.4761896
1.3483868	2.1714149	1.6698748	1.0193367	-0.48612702	0.29371423	0.59487766	-0.056847993	0.22247595	-0.619499
-0.058979474	-0.11520353	0.38137066	-0.22172222	-1.589913	0.22847584	0.21311983	0.17617354	0.67861485	-2.5002954
1.6847798	1.026782	1.855177	1.3565032	-0.4015992	0.9788859	0.46978107	0.9967368	0.68927073	0.50076
0.6836582	0.6666324	0.8462597	0.57276684	0.3444235	1.8081139	2.0731595	2.5814745	2.351731	0.45871285
-0.882959	-1.1935697	-0.46654066	-0.9095247	-0.6138474	1.6951565	1.0306454	2.1447163	1.7312996	-1.1010628
0.24149016	0.12019861	0.5553986	-0.049665466	-1.2140367	0.45489246	0.7889386	0.76248616	-0.2182555	-1.0108345
-1.0986087	-0.68338394	-0.51802146	-1.1843715	-1.3863648	-0.41418993	-0.18926005	0.5099251	0.20073085	-0.52152497
0.66056067	2.0593424	1.2182739	0.33969313	-0.8743304	0.16876021	2.0629108	1.5739816	-0.107527554	-0.6768338
1.2947094	1.1623589	1.78965	1.1021059	-0.8290256	1.3429325	1.4665303	2.1569972	0.8178889	-0.76571274
-0.8636408	-0.77178967	-0.42726955	-0.9936151	-1.5280298	-0.51424325	-1.0378152	-0.023581803	-1.5688711	-1.5894817
2.1465647	2.8906958	1.9232163	1.8561988	0.4680288	1.9108465	2.4176052	1.2444332	1.228482	-1.6722457
-1.4151152	0.045766026	-1.0877991	-1.5719007	-1.4879123	-1.727314	0.20709643	-1.3392768	-0.45979962	-1.1311733
0.32425156	0.96456754	0.85152745	0.1310242	-1.1025611	2.519541	1.9096978	2.8842115	2.1083865	-0.7711012
0.21122155	-0.1736798	0.59393156	-0.070286416	-1.9961721	-0.50678176	-0.83332735	-0.19306044	-0.9469751	-1.3893822
0.94329697	-0.5353806	1.3432552	0.650041	-2.3443384	1.2156516	-1.3076884	1.246616	1.0617722	-3.4225879
-0.012194373	-0.21334952	0.37659115	-0.124024585	-0.94400954	-0.65463555	-0.63507175	-0.43334767	-0.649871	-0.6463326
0.49064615	0.23752779	1.0106236	0.33362538	-0.86402583	0.61923635	1.090123	1.4742488	-1.5983773	0.17291796
0.6516406	0.7951226	1.2998154	0.34066778	-1.1807905	0.6682987	0.37070453	1.6681715	0.656084	-1.1411812
0.16967872	3.721186	0.24980426	-0.12711202	0.62387526	-0.15629654	4.46201	-0.2455186	-0.6062845	-0.6668175
0.5266088	0.18850797	0.85361516	0.39006674	-1.3543519	0.18985291	1.6401032	0.5479773	-0.63490325	-0.30648136
0.6592269	1.2455311	1.0688391	0.48139197	-0.05561945	1.6788288	1.8541515	1.9982618	1.595716	0.2808755
2.0308952	1.173412	2.1008859	1.6706533	-0.9369198	3.153758	2.0488465	3.1001265	2.8719351	-1.385903
1.769825	2.1159492	2.0435975	1.4047351	-1.0528796	2.4177747	2.5580776	2.5538683	1.8063743	-1.3073592
0.16920248	-0.24613631	0.39527836	0.11074157	-0.78633076	-0.32930285	-0.27508447	0.6218769	-0.18230703	-0.8650762
0.8576296	1.9492428	1.2651259	0.445588	-0.8981714	0.5429869	3.2681344	1.0814233	0.30296427	0.54303455
-0.28846154	-0.3014732	0.16547257	-0.47100604	-1.5731835	0.61740845	0.068188764	1.1107979	0.50809634	-1.711036
-0.77665466	-0.4046366	-0.5092313	-0.6873275	0.1833708	-2.0664666	-1.6624991	-0.629052	-1.7471128	-0.556875
-0.43859467	-0.6536537	0.0030387044	-0.4923532	-1.2360419	-1.303672	-0.9723109	-1.4762903	-0.76527846	-1.2815055
1.5340025	1.625009	1.8711711	1.1934105	-0.30258083	2.1271777	1.5584607	2.0881903	1.7204702	-2.9099407
-1.0256977	-0.9982964	-0.3545718	-1.0310628	-1.1873804	-1.5806282	-1.1617857	-0.51342624	-1.4273671	-1.5115052
3.2422853	2.0730739	3.4686131	2.9016783	-0.86752665	0.8803195	0.5144257	0.44691038	0.5485365	-0.98939574
-0.44696233	-0.6867001	0.05222082	-0.41038552	-1.5521593	-1.4505677	-1.0650784	-0.36297855	-1.0140483	-1.8779815
0.12115819	-0.8460468	0.6802783	-0.015187234	-1.8679713	0.31441396	-1.0683236	0.730315	0.496672	-2.578958
0.20773217	0.18668303	0.66220903	-0.015960842	-1.9084407	1.6872793	0.7068726	1.9263777	0.9951783	-0.95542735
-0.6468959	-0.38489893	-0.1862239	-0.73188514	-1.1452377	-0.14913422	1.7668589	0.33977935	-0.26103	-1.188218
0.6902078	0.10376656	1.323361	0.53222734	-1.4469485	0.87672764	-0.18131235	1.1319145	0.7140525	-2.3272986
-1.1563257	-1.3786227	-0.68981135	-1.1562095	-1.3548362	0.38924518	-0.37720564	0.32338074	0.35270923	-0.42486826
0.32060936	-0.089482754	0.43929455	0.12192382	-0.59541196	-0.13912185	-0.62026525	0.30801463	-0.06911976	-0.037501078
0.6977687	1.5990652	1.2906029	0.46887863	-0.3895439	0.38507187	1.8027208	0.93657416	-0.28985953	-0.8100212
3.434499	0.4624689	3.398491	3.1548474	-0.91163635	1.8543674	-0.18330602	1.435654	1.1939147	-0.6216927
-2.255893	-1.8714856	-1.7471311	-2.0946445	-1.0734007	-2.0220382	-1.7415273	-2.265873	-2.8201938	-0.70067555
0.3718429	0.33856842	1.0220507	0.15539263	-1.3509151	0.753434	1.2396046	1.6682401	0.5032001	-1.7661644
-1.3851302	-1.1909086	-0.88358784	-1.4213816	-1.4997026	-1.143967	-0.6033953	-1.5458668	-1.5464927	-1.9907126
-0.115582086	2.463621	0.26800323	-0.59633565	-0.18678473	0.3880374	2.3640285	0.5116966	-0.18199213	-0.34811285
-0.018458597	1.6090223	0.13191047	-0.23780617	-0.00018253922	0.38009685	2.0754337	0.8061313	0.038014647	-1.3502182
-0.8766909	-1.135273	-0.49304947	-0.88653505	-0.765404	-0.6104539	-0.6220088	-0.26744565	-0.09310401	-0.26323667
1.4196745	2.3266926	1.3225014	1.1494054	-0.0071944892	0.19159126	2.565205	0.6267992	0.28016832	0.14371008
0.8077861	1.619002	1.0166306	0.566521	-0.9915041	1.1207259	1.4316071	1.4822978	0.8880202	-1.266567
0.17982337	1.059613	0.74814105	-0.108364716	-0.96249795	0.34499848	0.6475357	0.31344417	-0.30433062	-0.92187536
-0.6784908	-0.9267838	-0.13088313	-0.79644847	-1.6002989	-1.1455508	-2.0435438	-0.62684774	-1.3183156	-1.565913
0.3179637	0.37900665	0.6660712	0.12947975	-1.0317442	-0.0835434	0.019550353	0.41054305	-0.21209404	-1.8661348
2.4650462	3.5284665	2.358186	2.1064978	0.8470125	2.8309646	2.44528	2.1124766	2.6413352	0.34672016
0.4998615	0.34602633	1.1003482	0.33994758	-1.0768781	0.21926554	0.8778332	1.1865773	-0.07138459	-1.4481037
1.2872393	1.271009	1.870568	1.0738759	-0.5000173	0.5983977	1.1320784	1.4975107	0.31998584	0.67858994
-0.3218895	-0.82612073	0.03849536	-0.43841755	-1.4036435	-0.41510645	-0.25589043	-0.15818863	-0.37571165	-1.0987611
0.42047384	1.7796867	0.88336325	0.10916053	-1.1014653	0.14376462	2.5797007	0.3888444	-0.3727849	-1.9373199
0.18166462	1.7624536	0.4666959	-0.12487358	-1.1802168	0.35810795	2.1116817	0.17459567	0.25690597	-0.98220974
-0.8122833	-0.6267373	0.10443428	-0.89118725	-1.5988543	-0.6232019	-0.91589105	0.41868708	-0.886367	-1.5463215
0.8250844	0.7415525	1.0261475	0.62715137	-1.2833111	-0.27861506	-0.14808847	-0.51764596	0.68910533	-1.2930187
-1.0679172	-0.64544284	-0.6528808	-1.1673596	-1.5403118	-1.8201791	-1.0340269	-1.2762264	-1.8007603	-0.9318476
-1.0918607	-1.2591571	-0.62496376	-1.166315	-0.68996954	-1.769259	-1.7085583	-1.3093977	-1.9701216	2.3019915
1.2289823	0.2456213	1.4414765	0.9752332	-1.0611101	0.51093435	0.8784972	0.20730622	0.28744528	-1.0627371
0.84561825	0.17388773	0.96915996	0.56065565	-1.016279	-0.06494577	-0.20034075	-0.26528174	-0.9141216	-1.7899306
0.003438644	0.40114382	0.6662015	-0.09097059	-0.47898957	1.0505531	-0.23499928	1.602047	1.0858152	-0.7754444
-0.23278734	-0.017655104	0.4383693	-0.4366902	-1.2964357	-0.038874958	0.06711637	0.91232216	-0.41819504	-1.8526802
1.4579036	3.499611	1.65378	1.0347686	1.4648972	0.21030319	2.7446053	0.5071606	0.09428212	-0.21678217
0.14313087	0.7094457	0.1153194	-0.12005226	0.83834374	-0.6510352	-1.8469758	-0.9752178	-0.59492946	0.3603214
-1.8374114	1.5552061	-1.3544319	-2.1981692	-0.44268122	-1.4559708	1.260909	-2.2449913	-1.284696	-1.3107059
0.9528621	-0.9405644	0.9958813	0.7730429	-1.4398373	2.6195488	1.1762866	2.5832279	2.4361877	0.5218983
1.2673486	1.1025165	1.7844193	0.98593795	-1.0943859	2.0453646	1.3628079	2.0535407	2.1357417	-2.3304868
-0.4843082	0.23560604	-0.4671624	-0.6564707	-1.0555083	0.10165659	1.5389112	0.109274074	-0.5811209	-1.2568802
-0.8013607	-0.5649644	-0.42009982	-0.93329555	-1.1444374	-0.90713745	-0.46312162	-0.3779705	-0.7782225	-0.84264666
-0.38314295	-0.55322707	0.020123541	-0.47021675	-1.0056914	-0.48780197	-0.55082095	0.0030193832	-0.73550457	-1.2075055
0.12234812	-0.50403476	0.7399491	-0.016274437	-1.7512653	0.0708448	-0.52247185	0.20279144	0.6080594	-1.7011489
-0.41488096	-0.48388004	-0.011328548	-0.5503347	-1.4664078	-0.8035842	-1.2554973	-0.18486305	-1.0869582	-2.2316074
0.14372185	0.8101773	0.49210313	-0.16385551	-1.5798786	1.8947165	-0.36018875	0.50349903	1.4658077	-2.024875
1.2092812	1.1182787	1.6534928	0.8769584	-0.49267972	0.61769485	0.11883097	0.8877569	0.14168814	-0.9920855
-0.27546898	-0.7117822	0.43062338	-0.4700725	-1.7026509	-0.58396953	-0.41278622	0.4742224	-0.15355784	-0.908845
0.99747556	0.13660556	1.0489845	0.81159616	-0.006520331	1.0160217	0.9782842	0.83199495	0.6145224	-2.2418315
1.3450224	0.5722612	1.8810977	1.0750059	-1.4492769	1.1583877	0.8866414	1.5578786	0.28323376	-1.3732033
0.19935682	1.3095744	0.90107214	-0.13342784	-0.9489887	1.038197	0.63259244	2.1724417	0.53061926	-0.8175674
1.417956	1.2329366	1.5140358	1.1179571	-0.79589725	0.76102227	0.9438413	1.3659872	0.7829163	-0.6437245
1.7701526	2.0036075	1.6880492	1.4542327	-0.040575236	0.32172698	2.4463801	0.8146814	0.007323842	-1.2863777
1.0818392	1.0551353	1.0738508	0.8775487	-0.83775365	2.3807936	2.3751705	1.5350602	2.0933037	-0.8059601
0.7961768	0.057793945	1.7262387	0.5927332	-1.0609199	0.6136952	0.46342146	1.2731235	0.5461916	-1.1448103
-1.7130681	0.21232072	-1.4161055	-1.7949781	-0.745724	-1.3914077	1.6457146	-1.0995187	-1.8159168	-0.70873713
-0.2547115	0.41895017	-0.16562545	-0.35117942	0.16044948	-0.91613585	-1.2764215	-0.59583634	-0.647071	0.20956826
0.97859126	1.2063968	1.4152968	0.7504442	0.86012554	1.6375096	0.26356593	1.7067354	1.3648535	-0.39525387
0.43673512	1.6121442	0.43991435	0.1453089	-0.8086586	1.0117756	2.9565234	0.5433892	0.3418099	0.8415587
0.046081312	-0.44513765	0.5525135	-0.12111631	-1.3816932	0.52157325	-0.26289514	0.92301685	0.52272433	-1.2041218
-0.901638	-0.68329155	-0.32849643	-1.0710737	-2.4191935	-1.2678069	-0.9533451	-1.1311322	-1.7312489	-2.4391139
0.5089398	3.3075774	0.71377033	0.08679886	-0.7713437	0.014511901	3.5480795	-0.7990649	-0.8231148	-0.85303885
1.593063	-0.202997	1.7768824	1.2001876	-1.5232191	4.0344872	-0.49556103	4.226234	3.9676232	-1.0757662
-0.09079192	-0.6083125	0.18354619	-0.25231284	-1.079939	-0.8326569	-1.5056292	-0.17524382	-0.8741833	-1.9418739
0.2865566	1.010806	0.7141595	0.033343524	-1.0764657	-0.040560983	0.6483274	0.70262146	0.8302488	-1.0350195
-0.7684444	-0.8577243	-0.56105995	-0.7738779	-0.45472983	-0.3738457	-0.56137383	-0.4524215	-1.1829576	0.10936587
1.449983	0.34556064	1.8580642	1.1743872	-1.7870735	0.22713853	-1.2747009	1.4982971	0.078456834	-1.5926802
0.099158086	0.109027475	0.6192732	-0.02671355	-1.1765612	0.47187343	-1.1446646	0.5584935	0.4586976	-1.4694312
-0.7884472	0.053903967	-0.26253518	-0.99032223	-1.7874266	-1.8980334	-1.2200933	-1.0874906	-1.8467978	-2.3858433
1.3761783	1.0359787	1.4625716	0.9594927	-1.1279982	-0.0075472947	-0.70845675	-0.40050554	-0.61357313	-1.2691578
0.16254243	-0.14995828	0.5494288	-0.0822503	-1.8953278	0.11349034	-0.5583884	0.34525704	-0.18137114	-1.687097
0.3835636	3.334919	0.84991825	-0.05553402	-0.47387072	1.236579	1.6025047	1.1588776	0.22370838	-1.4111744
-0.17967665	0.21151122	0.5529032	-0.27552253	-0.8577837	0.13810283	-0.061647333	0.729903	0.14031126	-1.0424129
0.45418826	2.2167833	0.47728023	0.0098671615	-1.0125508	-0.3144832	0.09468531	-0.33926952	-0.22604716	-1.2217009
0.18502918	0.06672937	0.8838668	-0.045816287	-1.3280264	-0.029508427	-0.27636144	1.1988784	-1.036809	-1.6277909
-0.077774115	0.26239994	0.43945378	-0.25221735	-1.2563274	0.35793078	0.035460044	1.2407992	-0.47734106	-0.44569317
-0.7650944	-0.49139714	-0.26196134	-0.8370756	-0.87922287	-1.1102434	-0.36099663	-0.7352183	-1.5560322	-1.4147199
0.44693264	1.5017405	0.752182	0.12270303	-0.5442312	-0.2838782	0.21516654	0.1676006	-0.81235576	-1.1898414
-1.4232616	-1.3019965	-0.8920058	-1.474203	-1.7823108	-1.0703784	-0.94048375	-0.77655834	-1.1682798	-1.2350204
0.29671025	-0.18562064	0.7933965	0.10923897	-1.8133198	1.1828185	-0.03220029	1.7519128	1.1290706	-1.468682
-1.0937697	-1.235316	-0.6090213	-1.16576	-1.3014272	-0.8834768	-1.0571347	-0.52368885	-0.6256205	-2.0667639
0.32085434	0.88358533	0.7448145	0.107621476	-1.1180875	0.36056802	-1.1225327	1.4075133	0.4240574	-1.8727094
0.67908734	2.0636106	1.1650295	0.3696471	-0.852872	0.08987571	1.6539937	0.532589	-0.68327594	-0.45241317
0.46392438	1.0883126	0.5133338	0.29836762	-0.5374463	1.7917839	2.0761125	2.0203588	0.95538	-0.9690474
-1.0372928	-0.493328	-0.75300527	-1.0990154	0.9303535	-0.97807443	0.07070632	-1.1008728	-1.4451882	1.3739473
2.5725133	3.4709806	2.3902228	2.1377864	0.5018723	2.9641128	4.071863	3.0300176	2.7635152	0.8396525
1.0324491	0.5161649	1.62061	0.78854746	-0.89465225	0.52184093	-0.27231187	0.5712945	-0.4074509	-0.49263477
1.0175494	4.689447	1.144994	0.516796	1.0907567	-0.32888168	2.486206	0.61411756	-0.5742026	2.7671156
0.4146834	-0.5341023	0.64784265	0.302431	-1.1236099	1.8216193	-0.366791	1.4550503	2.7060468	-1.235931
-0.57631457	-1.3180487	-0.0872834	-0.70929325	-2.0409544	-0.20378852	-1.3941795	0.113376275	-0.032197658	-1.4594524
1.3248253	0.56877005	2.0919375	1.2107706	-0.8850393	-0.22624731	-0.19125839	-0.034226477	-0.342567	-2.4075675
-1.1311767	-1.5941954	-0.6312976	-1.1590093	-1.1786075	1.1255455	0.25776199	1.4274714	0.7286122	-0.8067526
-2.3319829	-2.2547443	-1.5247877	-2.271757	-1.5112065	-2.6807015	-2.344438	-1.8417512	-2.1659987	-1.439728
0.20787805	0.08782959	0.37858248	0.10384528	-1.2190863	1.9449668	1.2385467	0.6072074	0.6513966	-0.3449555
-0.5884364	-0.8812046	-0.11122057	-0.714141	-2.0437396	-0.37378368	-0.4532848	0.2388248	-0.75800794	-2.1888638
0.3147597	0.006340489	0.80684745	0.14914446	-1.3625827	0.3337498	0.047910016	0.8016957	-0.09397698	-1.4541435
0.64325327	0.37848547	0.8889469	0.4561404	-1.0534523	0.38372663	0.13978575	0.15730543	0.17688586	-0.8764873
0.33860672	0.42154375	0.84436536	0.35491836	-0.7010393	0.05383849	-0.3316131	0.047257498	0.1682606	-0.22715305
1.2694272	1.313112	1.925582	1.0739199	1.0408839	0.528412	2.472506	1.6011094	-0.008215972	0.18456636
1.0536517	0.009386361	1.828699	0.8523978	-0.30611733	0.48423183	-0.46748424	1.1756523	0.99350834	-0.76958406
1.567554	-0.18532856	2.0009344	1.280191	-1.4233508	2.7474651	-0.51524585	3.935909	2.14233	-0.90345585
0.35414693	2.7315114	1.0744419	0.062678844	-0.529545	1.2518358	4.342485	1.5796654	0.35392973	0.39670974
-1.8054398	-1.7045113	-1.1075997	-1.7488141	-0.28031287	-2.0634823	-2.075234	-1.2134619	-1.9187752	0.15940335
1.144892	1.1287363	1.5227284	0.93111396	-1.1658459	1.7428411	0.5122465	1.7318122	1.1343156	-1.5946994
3.9402096	2.40316	3.8681872	3.5768054	-0.033239573	3.548124	2.2189736	3.082628	3.0416172	-0.6212238
0.20586729	-0.76842	0.5653932	0.052219585	-1.5784141	1.4534724	-1.9643501	3.1044621	2.1220837	-1.9723585
0.17173019	-0.2008898	0.7264738	0.07036342	-1.2649388	-0.19368212	-0.51565176	0.70234835	-0.11577162	-1.5852361
3.1539733	5.010321	3.1872053	2.7036	2.1378303	2.8519564	4.8196254	2.8141835	2.305665	1.8972274
0.8210208	-0.044409126	1.6602392	0.59611595	-1.4500378	0.098120846	0.37602362	1.0516243	-0.28195047	-1.5407465
0.13064489	0.018336028	0.39530894	-0.015721396	-0.48834378	1.172608	2.2404768	0.68770933	1.0212096	0.85704255
2.2574255	0.34767106	2.56519	1.9961369	-1.0533595	1.6555852	-0.1437053	2.450739	1.9409546	-1.0781996
0.48007438	1.0309057	1.0811614	0.23838262	-1.0071337	1.1324697	1.5746135	1.4870381	1.3147879	-1.0995786
0.072944604	0.54192734	0.51315975	-0.08942436	-0.71550274	0.24505723	0.6150326	0.616899	0.028946685	-1.0601916
0.43280122	2.2654002	0.7074686	0.092102215	-1.1402413	-1.2826484	0.57075185	-0.02986893	-0.84256697	-2.6166346
-1.4759178	-1.3869641	-0.7078123	-1.5000594	-1.0963238	-2.0521777	-1.4085925	-1.9169773	-1.0390143	-0.55712926
1.322353	1.1828233	1.5358074	0.9491868	-0.9812505	3.791217	0.7640259	3.474976	2.852143	-0.9843969
2.212646	2.6118793	1.7535878	1.9104655	1.0631709	1.7729685	2.9917479	1.7585429	1.284772	1.3547933
-0.29923	-1.1724277	0.48673856	-0.36175305	-2.0010734	-0.5007921	-1.158225	0.09532028	-0.40686896	-2.888639
-0.5232627	-1.0346265	-0.16107067	-0.5805563	-1.3006749	0.71083677	-1.0226622	0.97826564	-0.18392426	-1.9286486
0.5361114	1.392854	0.8130007	0.23734762	-0.8462188	0.30075684	2.9037044	0.6529044	-0.0041992594	-0.37600788
0.47467706	0.5434531	0.94329154	0.29270315	-1.2078763	0.13130158	0.7277567	0.21042606	-0.5136467	-1.7099112
1.2704214	2.2511644	1.5492141	0.98883355	-0.15686898	0.31761232	1.9658592	0.5973649	0.23063225	0.0033791212
0.014247827	-0.45943534	0.68841696	-0.11581747	-1.2494384	-0.25247732	-1.3384076	0.23639436	-0.35700753	-0.97686803
-0.3363782	-0.7111449	0.1403577	-0.40874535	-0.94233215	1.3716213	-0.7505294	1.9139571	0.9671502	-1.1607497
-0.19318828	-0.32138842	0.19847879	-0.3658297	-1.3296971	-0.9523955	-1.0478501	-0.122283794	-0.90502065	-1.8287034
-0.5515554	-0.664984	-0.071100384	-0.62095386	-1.0621884	-0.4767286	-0.32758582	-0.23719177	-0.89621645	-1.1745763
0.33816832	0.6600219	0.79360867	0.12825947	-0.8942387	0.6003672	0.7028776	0.5547025	0.10074441	-1.060089
0.8105614	0.054790705	1.1872777	0.593513	-1.4494888	0.19988757	-0.5112829	-0.045926638	0.40675703	-1.8146305
0.16202769	1.0325993	0.33239686	-0.10417867	-0.06863609	1.1405663	2.1758382	1.1456025	1.1058227	-0.22053498
0.35246614	0.44716063	1.160586	0.15712313	-1.42289	-0.9687535	-0.6094303	-0.4222401	-1.779453	-1.0114046
0.23632148	-0.21492462	0.85415435	0.015609577	-1.4456763	-0.72691244	-0.33741653	0.44450742	-0.4469867	-1.6550369
0.11859184	0.66035414	0.36268735	-0.108934894	-0.8285086	0.021579314	1.5371615	1.0253516	-0.501177	-0.3395186
0.7209635	1.3537966	1.268412	0.4911052	-0.9279686	0.63322467	2.2946913	0.26649818	0.39282876	-1.6494218
2.443189	1.3989378	3.1207032	2.027823	-0.8303764	1.6986731	1.2349774	3.0726779	1.774943	-0.6872844
1.1520826	3.06243	1.3969566	0.7242673	-0.80873287	0.9929958	3.7929955	1.8422775	0.0048106317	-0.55662024
0.078628264	-0.33010456	0.30637667	-0.068241194	-1.2132066	0.76382506	0.38387337	0.7615679	0.4631416	-1.4372485
-1.1593562	-0.6822971	-0.657218	-1.2477692	-0.70512474	-1.2491997	0.15150449	-1.3504224	-1.8490555	0.043043483
0.29369336	1.1315714	0.5336222	0.012032896	-0.8186041	-0.45270246	0.86620355	-0.3250222	-1.1322209	-1.1295627
3.0227008	2.935107	2.9444938	2.6095853	-0.87187123	2.8137434	2.280195	3.102738	1.6166356	-1.7554908
0.48132733	0.071484596	0.9528512	0.31834215	-0.8925121	-0.29652426	-0.6824981	1.2308633	-0.6770134	-0.71570283
-0.19331244	-0.49018475	0.2795521	-0.30571944	-0.6317767	0.38142714	0.23968005	1.2257459	0.39264387	-0.35485962
0.58074963	-0.06460787	1.0849981	0.33015466	-1.6983995	0.27259794	-0.14727457	0.9239693	0.47881252	-2.5152032
1.0094305	1.031128	1.6076014	0.82320607	-1.2150514	0.75835544	1.0208565	1.2240318	0.050731193	-1.2511965
0.061994098	0.15314493	0.43301016	-0.13686928	-1.3175691	0.37251315	0.3543721	2.6212583	-0.37624463	-1.1248087
-0.49586198	-0.3898151	0.06294173	-0.59838843	-1.3115798	-0.57294565	0.36488944	1.0217237	-0.39703417	-1.1699188
0.08182634	0.20369169	0.51889443	-0.10444466	-0.4155113	-0.27416652	-0.0960511	-0.35938615	-0.32067847	0.0815561
-0.49442098	-0.41350806	-0.3458903	-0.5515897	0.78476346	-1.5551244	-1.0838664	-1.2248995	-1.6696125	-0.7334549
-0.4058321	-0.6318232	0.31563678	-0.48955095	-1.3519373	-2.5631015	-2.422586	-1.0801104	-2.1520977	-2.265197
-0.31641108	0.8861265	0.19839227	-0.5188295	0.31125394	-0.2305139	2.9780083	1.4222693	-0.474846	0.8291888
-0.5656649	-0.74102914	-0.17789236	-0.7456134	-1.8382621	-0.96441334	-0.8374831	-0.8676791	-1.5974386	-1.3832419
0.42350796	0.8864629	0.86641085	0.15691845	-1.0589073	0.06631149	0.24482428	0.23565042	-0.38731956	-1.5961555
-0.08426603	0.07584751	0.30948102	-0.24977674	-0.885586	-0.004706037	0.5859393	0.31843567	-0.6597826	-0.588448
0.23359299	1.2416313	0.49546117	-0.05232142	-0.41895545	0.5920236	1.3144479	1.2265311	0.13563284	-0.4755749
-1.7716379	-0.47452518	-1.2125354	-1.7909203	1.0881152	-2.4398642	-2.411091	-1.170868	-1.7819613	0.8299612
-1.7753623	-1.6669924	-1.1536956	-1.7765503	-0.7748288	-1.4952714	-1.2282863	-0.9096654	-1.284346	-1.2159542
1.475259	1.6264646	1.9531392	1.1558287	-1.2570833	1.640881	1.7892854	1.9693155	1.0041178	-1.3103313
3.4467642	5.5118766	2.9680686	2.6502695	0.5082563	4.793513	5.3107696	4.309408	4.2455564	-0.057575785
-0.09367011	-0.21748762	0.39176875	-0.27491838	-1.342547	-0.47491536	0.049034383	0.47997388	0.17539634	-1.5205941
0.8437334	1.7771466	1.2484989	0.5531819	-1.4557397	-0.37902668	-0.5626859	0.14621115	-0.9186496	-1.7645363
-0.4764466	-0.9115726	0.19238451	-0.4972422	-0.6860112	-1.6349748	-1.6666181	-0.76394296	-1.6114558	-1.0724453
-0.45848054	-0.10643944	-0.12787327	-0.6943627	-1.6615716	-0.92691046	-0.64605325	-0.65294677	-1.1604584	-1.5618411
1.4247851	1.4630677	1.8361185	1.0943983	-0.9243082	2.2941868	1.4363685	3.4929068	-0.42219952	0.9174729
-0.30782264	-0.4109427	0.12151708	-0.42129093	-1.3628541	-0.3684416	-0.6562166	-0.54443365	-0.43304187	-1.1864506
-0.81463087	-1.4441464	-0.3863581	-0.8181245	-1.0241339	-1.6616064	-2.1356547	-0.9883579	-1.679455	-0.9194897
0.013167165	-0.52992654	0.7618828	-0.21363293	-1.2003144	0.52381927	0.3426702	0.52458715	-0.03836701	-0.39368522
0.7797679	2.5630066	0.9310117	0.32885808	-0.8228531	0.65576315	1.2921957	0.8581155	-0.36656195	-1.8126622
0.07763668	0.90221596	0.40205932	-0.13739729	-0.592064	-1.0638855	2.8906076	-0.7064098	-1.5178497	-0.30283016
-0.38274348	-0.15337363	-0.11279413	-0.5328589	-1.764326	-0.30228123	0.11149398	0.23311126	-0.28982043	-2.1373744
-0.6394195	-1.0079849	-0.23110524	-0.6056423	-1.3474485	-1.6778901	-1.2702852	-2.1243582	-1.1687258	-2.2941678
0.44510588	0.06235543	0.92178357	0.3213215	-0.6869134	-0.9130517	1.8760672	-0.34628537	-1.2269678	0.963026
0.5392949	0.5516019	0.84414876	0.34111685	-0.15202554	-0.10355152	0.8618886	0.07064151	-0.13683186	1.3524134
0.68006647	0.25269997	1.1949589	0.4227901	-1.5159259	2.5125933	2.1703153	2.3264346	2.630639	-1.5670506
1.1252528	0.34134486	1.5124376	0.8604779	-0.79722285	0.69463176	0.100098714	-0.1884253	0.5195522	-1.7388178
0.19793049	-0.3372296	0.72409177	0.028269991	-1.7718707	0.057956602	-0.48945472	0.53610045	0.44694465	-1.8335971
1.2343833	0.18012127	1.4483633	1.067227	-0.88958454	0.08790738	-0.32871142	0.38287425	0.13401389	-1.115686
0.10436954	0.5727371	0.6474415	-0.10482421	-0.92417	-0.044981338	0.76893663	0.76245886	-0.18972132	-1.1503199
-1.4071857	-1.6904933	-0.9085349	-1.4627241	-1.4117043	-0.66869044	-1.8934307	-0.5812487	-0.41066405	-0.8874375
0.45613137	2.2402842	0.5703589	0.16528176	0.22953174	-0.15735745	2.1822877	-0.10459789	-0.4832784	-0.6496832
0.5234764	1.6480467	0.9582412	0.2582267	-1.1630954	-0.03788483	1.2986755	0.6532514	-0.32764852	-1.5719888
-1.808325	-1.9787495	-1.0831546	-1.847978	-1.8439031	-2.0419211	-2.0053148	-0.62140876	-1.9898098	-1.9651401
-0.7458094	-1.0017507	-0.27183416	-0.7874427	-1.2228886	-0.39464274	-0.3162364	-0.20974645	-0.6851303	-1.182855
-0.20848724	-1.2152846	0.14949778	-0.24754263	-1.6798941	0.018832777	-1.3968979	0.15531081	-0.19180568	-0.7305119
0.5502974	-0.107500285	0.971897	0.40349495	-0.97430456	0.98598456	-0.3319709	1.0963345	0.1780176	-1.578393
-0.5875395	-1.595036	-0.20050246	-0.60064465	-1.816177	-0.21626441	-2.1987445	0.14610544	-0.61140597	-1.9277186
0.40001985	0.47690734	0.93027604	0.25078255	-1.2385677	0.07389254	-0.30560553	0.78836757	-0.15714484	-1.3926395
-2.2734358	-2.2270646	-1.5215477	-2.1383185	-1.3234023	-1.8573431	-1.3331602	-1.1698239	-2.2286627	-1.5211923
0.15596792	-0.41088068	1.0800736	-0.021542445	-1.8775487	0.24042511	-0.76882255	0.8626033	-0.0869192	-2.5730596
1.5078466	1.1978633	1.982045	1.2112892	-1.0027826	0.83310217	0.45682934	1.3633066	1.0486692	-1.5575018
-1.2476482	-1.0518931	-0.7084744	-1.3604465	-2.388368	-1.3186871	-0.8561744	-0.47136173	-1.3066721	-2.390898
0.42209995	1.3634467	0.8934761	0.27731806	-0.23378986	-0.79340506	-0.5721221	0.28141952	-0.48553196	-1.5126609
0.07520463	-0.05846709	0.4829231	-0.054573134	-1.0801141	-1.3773056	-0.5497174	-0.2620573	-1.9748998	-0.8850704
1.1917847	1.2712777	1.8737792	0.97617316	-0.91104305	0.59064543	1.5988473	1.1040068	0.8604755	-0.50182176
0.5749287	0.40771553	0.91418946	0.34301132	-0.7832829	0.13095619	0.21988997	0.14896303	-0.7071626	-0.5742193
-0.5355259	-0.7498685	-0.08250728	-0.59103703	-1.1023515	-1.2691131	-1.408715	-1.1107095	-0.84295374	-0.57620955
1.1677907	0.7389643	1.2423944	0.9498296	-0.5498762	2.0335453	-1.2754923	1.4056154	2.1604483	-1.1160262
0.29010847	1.0262328	0.76636994	0.041847855	-0.22849764	-0.74604046	0.237654	-0.28842685	-2.3127885	-1.1772956
1.8989488	0.5557344	2.189312	1.6181979	-0.5540929	1.2178228	0.42750338	1.9442868	1.3268502	-0.6097997
2.0440366	3.3000777	1.8214829	1.6916213	0.4595721	1.2267323	1.8178544	1.6903524	0.8965454	-0.54218966
-0.25008222	-0.38980594	0.39276353	-0.3551137	-1.4050237	-0.6515028	-0.43910468	-0.046528447	-0.79296005	-1.7198613
0.95338374	1.4914526	1.2979064	0.6555935	-0.9810231	0.102061994	2.3217971	0.6071937	0.04437061	1.1658756
0.058014296	-0.9688995	0.5739131	-0.0010954291	-1.8859806	0.8336906	-1.0616691	0.4138209	-0.19929597	-1.5912547
0.31777108	-0.4025562	0.8279294	0.20843904	-0.90211666	-1.3317952	-0.4129094	-0.20792596	-0.6303536	-0.38035402
0.30035648	1.322765	0.7113918	-0.005350724	-1.3094851	-0.002558115	0.5659697	0.43518206	-0.012696947	-1.4513547
-1.7210044	-1.7623156	-1.0519106	-1.7422506	-1.6080633	-2.277016	-1.9964277	-1.5627408	-2.7791893	-1.3054069
0.02256646	0.30758443	0.18273148	-0.11655377	-0.3888864	-0.36780265	0.5502877	-0.053501442	-0.8947147	-1.4887004
0.36000776	1.8481781	0.7378998	0.09217434	-0.35809323	1.3373184	3.5328941	1.254637	0.6287987	-0.060876932
0.9026085	1.6597565	1.0856175	0.630632	-0.56715924	1.0267357	1.1465368	0.7495867	1.3621285	-1.058143
0.2849237	-0.12487184	0.78581023	0.13886969	-1.2963216	0.7041932	-0.15679498	1.4864314	0.56840146	-1.4151055
-0.111238375	-0.13091832	0.23747069	-0.35098577	-1.7795674	0.071755655	-0.13640954	0.2740082	-0.42819402	-1.5499827
-1.7368808	-1.3103976	-1.2045927	-1.7955052	-1.4792495	-1.7492831	-1.9245025	-1.2468504	-1.8030499	-1.6647543
0.79808074	1.5551943	0.977414	0.5371506	-0.549352	0.45420763	0.37117848	0.5484592	-0.60782516	-1.0543879
-0.16859779	-0.24410081	0.23656103	-0.35951418	-1.4133636	-0.7699337	0.33014894	0.8139574	-0.48290014	-1.6420327
-1.5162078	-1.6084421	-0.94003963	-1.5259867	-0.19758277	-1.8292462	-2.0181875	-1.5435334	-1.7185034	0.52137315
0.82250935	-0.28015074	1.1867292	0.65592605	-1.6125422	0.64982486	-0.038436107	1.5498445	0.560681	-1.3953928
-0.35776886	0.42832652	0.8044262	-0.40029532	-0.34007776	-0.91021776	0.9434039	0.7423423	-0.44225818	-0.21376853
1.2585912	1.3527477	1.9274949	0.89985967	-1.0892223	2.5554733	0.39689273	2.4791853	1.8779829	-1.5680318
2.5402374	3.0517685	2.2545102	2.1844106	0.9947492	2.607938	3.401645	2.9969146	2.6487331	1.3989581
-0.32534847	-0.16283777	0.07912251	-0.43346357	-1.2393198	-0.28027257	-0.71365035	-0.5018439	-0.15595832	-0.7375856
-1.0941067	2.3628757	-0.45000556	-1.6156156	0.6328409	-2.533378	0.87315965	-2.0087917	-2.5076935	0.57681537
0.15232074	0.20718506	0.693846	-0.01426737	-1.103931	0.33583203	0.6663143	0.40717176	-0.49808687	-1.3522673
-0.6921767	-1.1293322	-0.20684427	-0.76092076	-2.244538	-0.5640127	0.233386	-0.652205	-1.1591651	-1.5903573
-0.90946025	2.143442	-0.48853406	-1.0586462	-0.16792381	0.8366564	2.162544	1.3551266	0.025203016	-1.4124802
1.6593815	1.582681	1.7617378	1.3205004	-0.77160513	1.9647233	1.3560749	1.9069004	1.2643943	-1.5043046
-0.17919603	0.17291829	0.28136933	-0.36887228	-0.5840605	0.07979506	2.4600768	0.021304294	-0.28270847	0.9888543
1.6843966	1.44503	2.0747674	1.4418905	-0.37238905	2.0201447	2.2230377	0.8749144	0.88263893	-0.6101533
-1.3695126	-1.5003846	-0.84529114	-1.3678058	-0.62765193	-1.4698623	-1.4976069	-0.80665255	-1.9277914	0.038702756
1.0851818	0.36346164	1.5952744	0.84002733	-0.90896523	1.323264	1.441371	2.218798	1.089149	-1.135195
-0.9647598	-1.304409	-0.55330944	-1.0889767	-0.7506759	-2.4040713	-2.09674	-1.5959486	-2.281111	-1.9418873
0.9251532	1.6627479	1.271166	0.65134835	-1.0187384	1.7976903	1.9630355	2.1769133	1.6134657	-0.6831338
-0.42661992	-0.46141246	0.10381135	-0.43155855	-1.0635995	-0.68534714	-0.14688219	-0.08880147	-0.93607277	-0.93700355
-0.13340828	-0.29140028	0.42322424	-0.18089052	-1.1667917	-1.0033545	0.0442932	-0.0027148766	-0.15274519	-0.25082684
0.37749514	-0.64410067	0.99663377	0.20153882	-1.600958	0.13373284	-0.80701643	0.7361625	-0.02590798	-1.5052708
3.0980656	2.0072389	2.946823	2.7187943	-1.1909336	2.9866843	1.2881874	2.8437247	2.6929085	-1.7992865
-0.009309597	0.16874579	0.42350107	-0.22957462	-1.4281169	0.21427645	-0.30365926	0.9718392	0.12170587	-1.3498566
0.49565223	2.2148008	0.39948612	0.1111068	1.0747346	-0.3763725	1.4634445	-0.48627046	-1.5085866	-1.082735
2.98728	3.1295288	2.408271	2.5546982	-0.84885037	2.0828547	2.8967924	2.0171344	1.39388	-0.9733359
-0.08609503	0.41258135	0.33396274	-0.2791643	-0.5813763	-0.19662777	-0.5062524	0.2542311	-0.7500441	-0.74857175
-0.31324628	0.5325943	0.22812082	-0.5976553	-1.2859025	-1.0822406	0.96247494	-0.8120099	-1.460156	-1.2417961
-1.7080075	-1.6963226	-1.0857211	-1.6808456	-1.4828385	-1.8609235	-1.8623103	-1.9581631	-2.3759143	-1.9746718
1.045081	1.1523366	1.60802	0.5679055	-1.4642164	1.7471302	0.8387865	2.240874	1.1302091	-1.3649982
0.7916926	1.5210077	0.9326602	0.5386212	0.057235748	1.9380605	2.8535092	2.5200765	1.2812386	-0.13492435
0.39565367	0.5907434	1.0373974	0.15367402	-1.2800922	0.759955	1.652212	1.107107	0.40106592	-1.731961
-0.8052022	-0.8408574	-0.31591764	-0.9374773	-1.5888033	-1.398363	-1.5730203	-0.94527066	-1.2249056	-2.2977493
1.2519672	0.3308485	1.7008854	1.0046407	-0.8793237	0.8949252	0.04520807	1.7489581	0.50297153	-1.4909726
0.40797645	-0.4071518	1.013084	0.26649976	-1.9692482	0.74907917	-0.0342325	1.9385954	0.4211934	-2.0043626
-0.022232883	-0.045822278	0.7512584	-0.10027701	-1.9695013	-1.2032207	-1.2208128	-0.07357344	-1.2646444	-2.4694512
0.188079	-0.5601355	0.68186295	0.052666172	-1.6832377	-0.10447825	-0.23480757	0.80511814	0.6435332	-1.7182744
2.0860713	1.5258557	2.222716	1.911233	1.2099218	2.8834853	-0.9287323	2.75962	3.202251	-1.2269884
-1.2916274	-1.350345	-0.94026315	-1.2827067	-0.8459841	-2.5222898	-2.866495	-2.0446465	-2.4829001	-1.1909393
-1.2644249	-0.46758673	-0.5479237	-1.4073738	-1.542906	-2.5707533	-2.2446434	-2.042115	-3.7052925	-2.2047417
1.665531	0.074866295	2.0806096	1.4154992	-1.3031425	2.5212765	-0.08769904	2.4412396	3.2980888	-1.4750758
0.24727082	0.9330002	0.6539074	0.02787833	-0.95951974	1.1183059	1.736005	1.5601308	0.9789047	-0.46018574
0.12387397	-0.118879944	0.8267404	-0.10004045	-1.2108221	-0.34831724	-0.040739965	1.114211	-0.032496013	-1.361546
0.12564048	-0.41413182	0.60935503	-0.077874735	-1.8177128	-0.7194875	-1.7399828	-0.32056424	-0.3796494	-2.3919933
0.51634365	0.08143875	0.85555613	0.37283564	-1.0307418	0.48997867	0.3193443	1.0927827	0.6070761	0.26578948
-0.9926148	-1.0955379	-0.57874715	-1.0526657	-1.6583871	-1.0813328	-1.2104306	-0.8260844	-0.18763936	0.027205152
-2.12302	-0.47859165	-1.5453544	-2.1198883	-0.30289558	-2.367838	-1.283529	-1.6887013	-2.4377089	-1.8017733
-2.1045346	0.3891861	-1.6444602	-2.0990672	-0.45328555	-2.040349	-0.093558624	-1.0531542	-2.1768188	-1.4880915
-1.6810993	-1.5874844	-1.0762353	-1.675614	-0.5881819	-2.0894842	-2.4986918	-1.4803251	-2.5314941	-1.0937294
0.33705136	1.0130284	0.7638099	0.115809605	-1.3462136	-0.33964303	1.8286834	0.7999429	-0.42118195	-1.244336
-0.38977748	0.10157186	0.13087043	-0.4613706	-1.0386114	0.116969496	0.63607734	0.9627273	0.17616004	-1.1563329
-0.17764407	-1.0952377	0.37345794	-0.29102886	-2.9115887	-0.7880827	-1.6339152	-0.29139048	-0.13740359	-2.6446066
-0.045590974	-0.33448857	0.51263	-0.21187247	-1.3505749	-0.37661713	-0.89118034	-0.3697669	-0.7988833	-1.5546436
1.0706173	0.1514	1.502697	0.8535552	-1.9742191	0.56280786	-0.105846	0.97181785	0.68917745	-2.4093902
-1.6717666	-1.7061411	-1.071788	-1.6599513	-1.5244948	-1.6431332	-1.522005	-0.9998792	-1.4842688	-1.8534801
-1.6219664	-1.4349321	-1.1801637	-1.5630367	-1.0735983	-0.50942314	-0.29954514	-0.6595499	-0.2889018	-1.0007055
-0.64808404	-1.2533884	-0.17236945	-0.7338577	-1.3124541	0.3896254	-1.3097082	1.3661202	-0.48290014	-0.3486738
-0.89841723	-0.91542256	-0.05240178	-0.95659274	0.44070348	-1.7117198	-2.217673	-1.0483284	-2.0090928	-0.95682293
-0.2971625	-0.3892641	0.13950545	-0.3810587	-1.1644922	-0.12363417	-0.81181633	0.4240702	-0.017285757	-1.707627
0.33341113	0.63988197	0.98503375	0.110774085	-1.0880766	0.11289341	0.36023933	1.0773641	-0.00753313	-1.4680583
0.23457208	-0.48774478	0.89628565	0.06947558	-1.7318652	0.0764964	-0.3727523	0.5329526	-0.22370891	-2.3993104
-0.95178586	-0.833395	-0.594496	-1.0068808	-1.1817139	-1.5146523	-0.10376682	-0.67035764	-1.0158603	-1.8706598
-1.9911346	-1.7548475	-1.3457873	-1.9991978	-1.2613981	-1.1899176	-0.74499345	-0.64394444	-0.82212985	-0.8693873
0.05354535	-0.5763159	0.46693033	-0.120026454	-1.6670895	-0.49813306	-0.907351	0.24604197	-0.9068257	-1.5698001
2.1337712	1.1139481	2.3357854	1.7725804	-1.280739	1.7267555	1.0549184	1.9260181	1.4660604	-2.0410066
-0.053424034	-0.6693568	0.3665913	-0.12791118	-1.77528	-0.25447306	-0.92305946	0.17816557	-0.497955	-1.5503742
-0.6036872	-0.2524846	0.28173807	-0.6357283	-0.43305105	-0.55800676	-1.1091437	-0.19784766	-0.3761326	-1.5782591
0.41384873	2.2149665	0.67475975	0.16301523	0.45418796	-0.18491186	-0.35885143	0.35576653	0.3360709	-0.0053278073
0.08016711	-0.148749	0.8149172	-0.04489343	-1.652348	-0.6081099	-0.09747546	0.2613722	-0.10529773	-2.3251054
0.25597724	-0.3859933	0.7296977	0.11074518	-1.313296	-0.91772896	-1.4408857	-0.19199432	-1.2727265	-1.3010623
-0.44369763	-0.78971994	0.07909325	-0.5780534	-2.0339386	-0.8038314	-1.0907621	-0.6002501	-1.1519058	-2.1570199
-0.36401203	-0.26187438	-0.04958698	-0.44629866	-0.57456684	-1.3567216	-1.4987168	-0.91697776	-1.4423205	-0.511437
-1.5339459	-1.2425562	-1.0219458	-1.5509121	-1.0150741	-1.4782544	-1.492981	-1.2254862	-1.6228217	-1.5461938
-2.1217134	-2.0700438	-1.3397983	-2.0414932	-0.39839998	-2.1214564	-2.5265758	-1.6823409	-2.7160103	-0.08190631
0.15951651	-0.05723986	0.6646131	-0.052665755	-0.8498636	-0.49250996	-2.2551458	-0.3931663	0.05888559	-2.1300118
-0.05557815	-0.17507869	0.3016103	-0.13855498	-0.87127113	0.2751801	-0.11230434	0.6201245	0.29666305	-0.20074537
-0.8334299	-0.9863552	-0.39778677	-0.8959168	-0.2923903	0.04724067	-0.97129565	0.07321282	-0.2215806	-0.3769437
2.3110712	2.1106982	2.5165627	1.9511237	-1.1549085	3.1127174	2.6317515	2.6678348	2.9452987	-1.2257472
2.2500124	2.0313718	2.5366333	1.9201858	-1.1424851	4.066926	3.8272374	3.402455	3.8856883	0.6671502
1.5721782	2.1454232	1.6251333	1.2134304	-0.3408122	0.9138459	2.6736035	1.1782016	0.5650026	0.1742735
-0.8751821	-1.0544077	-0.4022995	-0.9058039	-1.4884647	-0.72593457	-1.3904623	-0.9775038	-0.4405395	-1.4783866
-0.81114036	-1.0040139	-0.36900654	-0.8427977	-1.3632833	-0.4435685	-0.5800229	-0.37023753	-0.6972997	-1.0695723
-0.19190514	-0.6525128	0.28031552	-0.35549617	-1.6746966	-0.15739605	-0.55477923	0.31215852	-0.3970204	-2.1222289
-0.8611329	-0.7179451	-0.40310463	-1.0048382	-0.7209058	-1.0760309	0.7073645	-1.5152603	-1.3303405	-0.093424454
-1.619198	-1.8017907	-1.1739879	-1.5539988	-1.8626293	-1.8073355	-1.6825658	-0.9302526	-1.4335659	-1.2921215
-0.4100172	0.0829775	-0.2764289	-0.62834996	-0.3087588	-1.3890475	1.0797806	-0.54497397	-2.5913167	-0.46070877
-1.4642156	-1.3060131	-1.1065215	-1.4171913	-0.045169562	-1.0720618	-0.1109084	-0.8060012	-1.0089855	-0.5038159
-0.8313771	-0.9785186	-0.59831524	-0.8037491	-0.6710204	-1.9096445	-2.2709088	-2.2149868	-0.3890634	-2.157853
1.582198	1.1502515	1.818532	1.4346823	0.19501206	-0.7200439	2.8581564	0.9514997	-0.03893066	0.567444
0.08985471	0.16927585	0.43425667	-0.114497915	-0.8667878	-0.2800706	0.4400849	0.34804764	-0.49454215	-0.8182572
0.774204	1.4969058	1.0613747	0.5044633	-0.17177494	0.034615092	1.7870497	1.0227361	-0.21829356	-0.9594706
-0.93526953	-0.78289986	-0.87652946	-0.9886	-1.7408272	-1.2032374	-1.4119439	-0.27639222	-1.1045529	-2.7680798
-0.08729781	2.3300016	0.099379	-0.4828546	0.08417234	1.3506794	1.971949	1.1612136	0.035173554	0.08491411
1.1534158	1.7947114	1.4761173	0.7157715	-1.2128835	1.3395457	1.9542643	1.4948355	0.8464881	-1.8467463
1.176552	1.7780538	1.5044628	0.8895941	-0.31851086	0.34587443	1.4251075	1.4275845	0.16859293	-0.64892334
1.4911782	1.1221979	1.6733015	1.2350523	-1.5287006	1.0405848	0.41767254	1.7822676	1.0158243	-1.8976681
1.5710219	1.6825833	1.5147521	1.2785523	-0.35817105	-0.75098455	1.5952446	-0.5486331	-0.78924274	-1.6680542
0.686411	0.6149987	1.1244946	0.39351845	-1.296411	0.6873995	0.98079187	1.4200622	-0.026432881	-1.4599826
-0.33128804	-0.05093068	0.046703383	-0.4727313	-1.1131352	-0.9456561	-0.4303293	-0.95454997	-0.29625472	-0.7019237
0.8173882	1.0357707	1.2627475	0.5910987	-0.87347436	-0.06230976	0.38744664	0.7718388	-0.55103683	-0.76403785
-0.942966	-1.1551597	-0.40079185	-0.99832875	-1.4612734	-1.142293	-1.0274888	-0.850839	-0.80573845	-1.1417824
-0.49112323	-0.78715694	-0.15328199	-0.5500442	-1.3757982	-1.0295908	-1.0526241	-1.0346557	-1.0084106	-1.541737
0.2340593	-0.04423526	0.72618777	0.09456827	-1.6088442	-0.19530769	-0.43369615	-0.028431876	-0.34609437	-1.9944744
-0.24760237	0.16641396	0.11130239	-0.38415483	-1.0102404	-0.5167254	-0.6069788	-0.574347	-0.9844214	-1.5371221
0.19034937	-0.5164647	0.78340983	0.11050482	-0.75749993	-0.6155441	-1.4529558	0.14537886	-1.5334021	-0.51513284
0.38728192	-0.20920019	0.84289086	0.23871978	-1.4585823	-0.17739245	-0.34923244	0.5016249	-0.3780018	-2.2174947
-0.8655435	-0.9317999	-0.36008623	-0.9517969	-1.5171801	-1.45455	-1.0493947	-0.30307397	-1.8944819	-1.5025443
-1.4461756	0.33286008	-1.1576549	-1.5726199	-1.2158433	-1.7123053	0.39673463	-1.0800381	-2.9833071	-0.964168
-0.40136644	-0.4973171	0.34291765	-0.637616	-1.7646858	-0.082694806	-1.1309246	0.1979526	-0.27753672	-2.0867832
1.0622381	0.24850973	1.4368368	0.8939823	-1.6744452	0.4550622	-0.042847537	1.8687068	0.6717176	-1.5330983
-0.28435186	-0.70512676	0.08701509	-0.48068696	-2.0911403	-0.71121305	-0.4824771	0.09771413	-1.0859091	-2.2163098
0.59399784	1.2614305	0.931288	0.2051696	-1.2975636	0.10233905	0.063246705	1.7973545	0.4717454	-1.1915083
-0.6729968	0.55950105	-0.13320419	-0.92934406	-0.9412848	-0.6405482	0.31609854	-0.13915095	-0.77913564	-0.91509116
-2.39612	-2.1120844	-1.5996255	-2.2948532	-1.1298107	-2.6118457	-2.1814632	-1.8058008	-2.461713	-1.4117725
-1.518819	-1.6853212	-0.98284435	-1.5051689	-1.3663889	-1.5970571	-2.0763032	-1.4861932	-1.6874093	-1.7149255
-0.41908038	0.2899007	-0.13487801	-0.65916985	-1.2723652	-0.47007236	-0.14622957	-0.83795226	-1.0544883	-1.657995
-0.10824265	0.15028942	0.5262536	-0.2904313	-1.5676547	-0.29474613	-0.6535823	0.007996985	-0.91693467	-1.0702038
0.08563086	1.7825303	0.24971464	-0.25642633	-0.864977	0.035022978	1.9788618	-0.22437306	-0.2733622	-0.70165384
1.2405791	0.24535304	1.4505771	0.91896117	-1.2669692	0.27761683	-0.8500038	0.92713714	0.091889255	-1.9771029
-0.22422305	-0.048486233	0.1702385	-0.39792454	-0.9543804	-0.8701556	-1.3179581	-0.061510995	-1.1796112	-2.134016
-0.58257115	-1.1121225	-0.1668987	-0.5478939	-0.5563663	-0.36268422	-1.1322138	-0.30591244	-0.3447968	-1.0700288
0.93233615	1.8315666	1.1886004	0.64437497	-0.4584146	0.37675786	2.0463135	0.8241336	0.93697494	-0.030995192
-0.73969406	-0.4059809	-0.07662031	-0.91244	-1.4609872	0.19810683	-0.24410821	0.29784182	-0.5913168	-1.1861184
0.4026445	0.18887076	0.81058204	0.20268516	-1.28673	-0.6538924	-1.0481186	-0.10175107	-0.19293468	-2.2803648
-0.21596637	-0.86546004	0.23134944	-0.3387194	-1.3641465	-0.32516545	-0.85506666	-0.20649493	0.00062061625	-1.1541054
-0.14665616	0.56464684	0.21684769	-0.31856275	-0.93143964	-0.80112445	0.062131945	-0.244773	-0.66475475	-1.0691029
0.26964933	0.4884422	0.48980293	0.076241836	-0.8961232	-0.39962602	-0.0587473	-0.33010095	-0.29601228	-0.4896715
-0.586778	-1.0592797	-0.24813062	-0.6450919	-1.2218292	-1.1835841	-1.6152853	-1.6895628	-1.1937611	-1.4572228
-0.5675644	0.37902358	-0.25267112	-0.81970394	-1.5177654	-1.2992791	-0.69514877	-0.022161225	-1.2344059	-1.8926151
2.1790862	0.29249308	2.3626235	1.9011257	-0.963897	-0.14224856	-0.3903567	0.050731733	-0.49851933	-1.1303889
0.122447394	0.71617544	0.7610215	-0.20414327	-0.8672489	-0.52548313	1.4529097	0.31734917	-0.82653344	-0.58033365
-0.63161916	-0.58852434	-0.26770803	-0.7403835	-1.5986917	-0.07225077	0.3624825	0.1741093	-0.639279	-2.6475182
1.7279912	0.73287	1.9890894	1.3858846	0.2904795	1.6087518	2.7884235	2.455054	0.96450526	2.690526
-0.22664642	-0.12458104	0.29657567	-0.4251936	-1.4162557	-0.56233996	-0.047426015	0.26809883	-0.82225627	-1.88577
0.413118	0.6838081	0.9317893	0.1547959	-1.1114337	0.6000118	0.5423211	0.09669281	0.26312792	-1.0373117
0.5592277	1.4376088	0.8070258	0.23889689	-0.8065512	-0.18964893	1.6350904	0.23261371	-0.2553072	-0.90922636
0.8169922	1.5909907	0.9658195	0.59299636	-0.38262784	0.54849464	2.1794481	0.9022922	0.431585	-0.5136506
0.84315443	0.028802276	1.4306267	0.6820021	-1.0237138	2.2093825	0.86533403	3.9701865	3.2115095	-1.3778201
0.6416746	0.33715114	1.359829	0.29710287	-1.5984137	0.4950653	-0.3091577	0.87523	0.08066038	-1.9053339
1.554334	0.07715747	2.1853418	1.3646578	-1.3761332	1.6270169	-0.48558462	2.2036474	0.7795745	-1.3602812
0.06663182	1.2040873	0.29093918	-0.19100569	-0.91110003	0.74733436	1.7232913	0.39376774	0.19921696	-0.82749254
0.30520472	-0.49049154	0.7382457	0.09325652	-1.9825798	-0.4888034	-0.88148385	0.2503344	0.12314351	-1.3891406
-0.43050572	1.3207146	-0.23344362	-0.687657	-0.48182335	-2.1557431	-1.1735506	-0.8025946	-2.0338018	-0.8166737
-1.5941213	-1.7989801	-1.0075431	-1.6224842	-1.1434703	-1.3986938	-1.8767059	-1.6999482	-1.4330091	-1.5263342
-1.8247339	-1.9071364	-1.2190585	-1.764504	-1.4255518	-2.1242435	-1.8491193	-1.1307039	-2.1680353	-2.232637
0.27223435	-0.15774938	0.37778953	0.093511	-0.8423714	0.05292795	0.52270967	-0.44257635	-0.2674293	-0.9739087
-0.14003158	-0.26186627	0.34579298	-0.3533603	-1.9919662	0.5749825	0.83812064	1.1004947	0.3601523	-1.2678902
0.050832056	0.23955396	0.6137246	-0.07183218	-0.49588403	-0.29865405	0.15806313	0.075070575	-0.3010545	-0.97074974
-0.19752622	-0.19496822	0.23495694	-0.361619	-1.2684333	-0.35961154	-0.6691144	-0.103681274	-1.1018237	-1.0204374
0.047086038	0.2070122	0.58685756	-0.11673604	-1.1278772	-0.0084391665	-0.24729668	0.21835102	-0.18101667	-0.5641334
1.4290036	0.5157677	2.003961	1.0894095	-0.83804256	2.1417015	0.7890859	2.6064608	2.0977736	-0.37272194
2.704322	1.1437899	2.703327	2.3656025	-0.9421823	2.503372	0.34401146	2.0649867	1.7690718	-1.5385247
0.9268474	1.1687279	1.6351304	0.7236693	-1.160818	0.76179945	1.4435599	2.0221252	0.85734546	-1.1183338
0.26180652	0.4091144	0.76037574	0.054030806	-1.3500135	-0.58815956	-0.9127235	0.07852256	-0.50224406	-1.9020796
1.2393489	1.5508136	1.7253318	0.8897996	-0.830804	0.75857085	1.2354496	1.27185	0.92515695	-1.0059798
-0.22557467	-1.0714408	0.19178358	-0.2719624	-1.2807752	-0.4838863	-1.7182192	-0.41802928	-0.8996525	-1.5183814
-0.38220233	0.7257941	-0.2359043	-0.562552	-0.44556463	-1.3534104	-1.4550189	-0.55206466	-1.1632817	-1.3382035
-0.5821384	-0.35108423	-0.083712816	-0.73130107	-1.3824451	-0.31710944	-0.7291091	0.27842325	-0.9132449	-1.0504485
-0.5616885	-0.079898715	-0.2796543	-0.7596788	-1.3256716	-0.5423448	-0.37691882	0.7527216	-0.6020567	-0.33956513
-1.5974759	-1.3643208	-1.057362	-1.6657526	-1.1641446	-2.0282598	-1.2994943	-2.257615	-1.9089038	-1.7013843
1.6785185	0.95700026	1.5615056	1.4610171	-1.3529613	0.41278908	-1.3977004	-0.7765697	-0.48290014	-0.3245781
0.7740398	3.3264554	1.4331082	0.5151596	0.8161043	0.7536535	3.1906798	0.4890152	0.7667928	-0.2839294
0.6716866	0.18592936	1.1312103	0.42897558	-1.8261077	-0.10003353	0.27805367	1.2542762	0.24785279	-2.16778
-0.523651	0.21199101	-0.14270565	-0.75688744	-1.3478515	-0.9774683	0.5737112	-0.3065233	-1.3718688	-0.6284556
0.1157302	-0.14231789	0.55860126	-0.03624086	-1.0394486	0.37715068	0.131422	0.8656704	-0.15051417	-0.5395332
0.29547012	1.7417843	0.5913625	0.0825171	0.27501866	-0.23496708	1.241016	0.1891852	-0.2460949	1.9053833
0.2230719	1.5751859	0.37329	-0.15322715	-0.95724106	1.9179318	2.2068021	0.52366257	1.0938965	-1.543755
0.35921633	0.65018	0.7949363	0.119489655	-1.1394925	0.34540957	0.5083618	1.0706084	-1.9854004	-1.4829122
2.1226964	2.2505682	2.2523031	1.7295603	-0.40742454	2.7880213	2.9826598	3.7185297	2.1376863	0.34525558
0.7504898	-0.45664084	1.3379511	0.50036395	-1.8344299	-0.6428688	-0.42371577	0.48721611	-0.6344354	-2.2556238
0.88358146	1.9804978	1.4213269	0.45674103	-1.1832607	1.8760971	2.6873496	2.195757	1.1701654	-1.0224605
-1.8600793	-1.8412722	-1.2456322	-1.810539	-1.4877387	-2.1789026	-2.6747358	-1.1370242	-1.3923348	-1.436145
0.42603424	0.44747713	0.9912268	0.21126293	-1.0206827	0.61461854	0.6312532	1.0808599	0.4657977	-0.688565
-0.06157859	-0.1606924	0.50526094	-0.29157883	-1.8438307	0.32875955	-0.120632075	0.9385887	-0.47245517	-1.6748978
0.08561938	0.022362977	0.622172	-0.06217259	-1.1475492	-0.88713014	-0.57524097	0.6422997	-2.8471932	-1.2595237
1.1753556	1.7450454	1.120094	0.92777014	-0.3101887	1.1794038	1.5122659	0.99152863	0.5706649	-0.28142142
-0.396046	1.4867481	-0.014700204	-0.66848415	-0.78072	-0.31994984	1.8866425	-0.13360395	-0.7522809	-0.33624458
-0.11705101	-0.005942479	0.24970552	-0.25968236	-1.0882971	-1.3054948	-0.4766169	-0.26930004	-0.7555523	-1.4513905
-0.9438464	-0.7878591	-0.56354105	-0.97855616	-0.89234555	-0.09552112	-0.62042046	0.09917804	-0.009567452	-0.62629235
0.16650179	0.57061553	0.5035254	-0.04879187	-1.2749642	-1.0436509	0.72260016	-0.34110466	-1.0094924	-1.6269746
-1.3146785	-0.9691645	-0.92900014	-1.3364819	-0.96679616	-1.9041253	-1.59769	-1.023394	-1.3573897	-1.268557
-0.7955105	0.21623456	-0.24723169	-0.9836497	-1.0662863	-1.135806	0.97150654	-0.4116338	-1.0395412	-1.4197534
-1.4570092	-1.2866008	-1.010491	-1.3837072	-0.48087955	-1.9048657	-2.1259785	-0.66244656	-2.4253862	-0.31266266
-1.517981	-1.4705186	-1.0365644	-1.4688702	-0.9886267	-1.8788295	-1.851086	-0.3980071	-2.1297245	-1.500235
-0.97578865	-0.9010447	-0.61128056	-0.92071944	-0.13530192	-1.5156409	-1.918401	-0.8902951	-1.795132	-0.83796173
-0.15001437	-0.42689985	0.38859525	-0.20967977	-0.96586394	-0.4104502	-0.35003853	0.4491108	-0.41473964	-0.9849601
-0.19095464	-0.16415484	0.3105842	-0.41993433	-2.114158	-1.0638919	-1.3207045	0.022958206	-0.81613916	-1.3985038
-1.0170777	-1.2420068	-0.63486886	-0.9565959	-1.1518805	-1.2586219	-0.3963869	-1.3914646	-1.0123173	-0.31952262
-0.16516754	0.14478454	0.3525265	-0.33230078	-1.0296533	-1.024852	0.22086373	0.19664092	-0.33034047	-0.4196403
0.08621398	0.91729355	0.67335874	-0.081418216	0.20714739	0.49616376	0.6110919	0.7470444	0.26049745	-0.5641929
1.6858221	2.2580018	1.9773968	1.2893512	-0.22681355	2.676635	3.414053	2.722612	2.1643941	-0.09756179
0.40142402	0.25584763	0.9686588	0.24602579	-1.2136781	0.49850744	0.2151205	1.2607915	0.10611445	-1.5609212
0.24478534	-0.19165438	0.42465308	0.16032706	-1.2437322	-1.0065738	-2.003217	-1.3547899	-0.9718488	-1.9397725
-0.09374942	-0.8868965	0.38733768	-0.19084956	-2.2146199	-0.5274302	-1.2307521	0.09092543	-0.46713147	-2.235584
0.1571354	0.56208193	0.52962875	0.03644477	-1.091528	-0.12945478	0.25573394	-0.18013941	-0.41991833	-1.2081437
-1.1455746	-1.0660123	-0.75126123	-1.1903824	-1.32786	-1.9356643	-2.1819303	-1.2477826	-2.5969663	-1.6515789
-0.48858604	1.5442184	-0.3648025	-0.830453	-0.7050126	0.2928615	0.31329057	0.35312915	-0.076919466	-0.84659034
-0.4986457	-0.092470974	-0.08762756	-0.6689343	-1.0320648	0.2689045	0.5336103	0.27827698	-0.0951436	-0.28944466
0.79526746	3.9733894	1.2028311	0.3990056	-0.060752183	2.803748	3.6992807	2.105279	2.1316667	0.1246552
-0.09095129	-0.7545568	0.33819753	-0.258216	-1.8938521	-0.4463617	-1.5733823	-0.21611749	-0.6799786	-2.050087
-0.64436436	-0.64792347	-0.10726884	-0.7372174	-0.56162065	-0.90254897	-1.3070124	-0.42470235	-0.92728317	-0.88771
0.35886592	1.5537882	0.89797413	0.023568824	-1.066079	-0.5043633	0.18596075	0.31135812	-1.1502105	-1.6202139
1.071867	1.1784793	1.316602	0.96858394	-0.02352947	0.8503905	0.76117265	0.77437234	0.78917676	1.2306712
-0.7876796	-1.2703997	-0.35399744	-0.87477565	-1.7625386	-0.60526365	-1.4522794	0.20833392	-0.16391577	-1.379138
0.36009642	2.6421738	0.6017221	-0.072272405	0.3879474	0.71464926	2.4970837	-0.36380523	-0.17027836	-0.11694279
1.818292	-0.16629833	2.0059805	1.4880838	-0.81633306	3.5655115	-0.6996337	3.9500475	3.7461247	0.7512002
-1.2027038	-1.1452221	-0.6802615	-1.2266598	-1.7329391	-1.6656755	-1.7170377	-1.4113828	-0.48290014	-1.3679308
-0.2919878	-0.6712909	0.17036074	-0.39769703	-1.5527679	-0.983191	-1.2658776	-0.26307517	-0.7973185	-1.3927811
-0.44436094	1.7622839	0.28328848	-0.66479313	0.666883	-0.77687466	1.3175309	-0.4441778	-1.345834	0.20643182
1.4543415	2.0166314	2.1122646	1.185167	0.16871503	1.3964503	2.7235708	2.3763144	1.1544731	0.11752433
1.3148038	0.9440104	1.1233064	1.0095018	-1.0492743	1.9019113	1.32713	0.94880384	0.9147822	-1.2563193
0.93133634	2.209937	1.2099112	0.717966	-0.11022797	1.028449	2.621283	0.9454164	0.7820687	-0.37977365
-0.19584891	0.053054184	0.11416757	-0.42229292	-1.3428704	-0.7764313	-1.0093087	-0.13302127	-0.51406187	-0.9867961
0.46836755	0.689582	0.81837857	0.1506248	-1.3362156	1.0466498	2.8815625	1.3909314	0.29616085	-0.59407216
0.23581529	-0.6567363	0.7257589	0.14816834	-0.8640374	-0.5446469	-0.78332853	-1.7979448	-0.50841236	-0.98732257
0.22221541	0.12072	0.71011436	0.03342919	-1.2870342	-0.0057342607	-0.4283217	0.24599312	-0.6244054	-1.9972169
-0.037055798	-0.32603213	0.2853714	-0.20180772	-1.329651	0.3957375	0.2551901	0.81032866	1.0129765	-0.46039838
0.33641663	-0.01648271	0.67009985	0.38456082	-0.45873347	-1.8305585	-1.9284446	-0.77615774	-1.6887003	-1.3303849
-0.05625353	-0.12682068	0.50722516	-0.20241116	-1.4874183	-0.9238791	-0.14208016	-0.32785887	-0.35991055	-1.2798423
0.305083	2.0588272	0.2917908	-0.059718892	0.07982817	0.86810315	3.3354867	0.81590337	0.33544207	-0.9966035
1.2444102	2.6945825	1.0903039	0.8748007	-0.2777617	0.27656233	1.9674106	-0.5852065	0.1149678	-1.7180995
-0.5107485	-0.9353324	-0.059296906	-0.6344863	-0.94581497	-0.7406563	-2.2519364	-0.66963774	-0.954476	-1.6174273
-2.0762253	-1.8363407	-1.2909884	-2.0784173	-1.7862093	-2.4357193	-2.030135	-1.6079383	-3.164495	-1.956478
1.5192251	1.714689	1.3358321	1.3052001	-0.12399387	0.32365203	0.7213312	0.03138537	0.15915161	-0.5602334
0.38455978	0.41774455	0.5325769	0.308666	-0.6411705	0.66413957	0.40714863	1.3797239	0.7959441	-0.18762557
1.9806496	2.032569	1.9846504	1.7004932	0.955001	-0.56005603	-1.2294682	-0.0073299226	0.18495369	1.1616796
0.29013726	0.15714797	0.81294656	0.09729932	-1.5369271	0.4667724	-0.43885687	1.175949	0.1513966	-1.180608
-2.4757855	-2.1721838	-1.5846356	-2.4107935	-1.2089175	-2.4212244	-2.134666	-2.3166094	-2.492575	-1.1083579
-0.4977688	-1.0517046	-0.040130913	-0.57177275	-1.5067325	1.43413	0.4612311	1.727939	0.5096696	-0.74534094
0.7480581	0.6600286	1.2878268	0.44326425	-1.3898942	0.9229274	2.001617	1.3723251	0.35915396	-1.1275594
1.4233682	1.0501841	1.6604984	1.1344742	-1.0212886	1.1997265	1.1199043	1.5812957	1.0278318	-1.8232799
1.0183262	0.0699836	0.9702854	0.79350555	-1.2693377	0.61008143	-0.028906617	-0.04823974	0.74263996	-1.5417958
0.07149323	-1.2207963	0.25068226	0.043665633	-1.4608097	0.47328097	-0.8874057	-0.10537105	0.46179137	-0.49972126
0.46899095	0.21718422	1.1088703	0.15159653	-1.6676348	0.31717232	0.71514803	1.2190529	0.14991589	-2.0100138
-0.69729155	-1.2817872	-0.44084963	-0.7920227	-1.3659403	-1.1860629	-1.2710125	-0.9055292	-1.5007594	-1.1653547
-0.7142959	-0.03731349	-0.32924566	-0.90617377	-1.3144345	-0.69638574	-0.23380005	-0.14335793	-0.13071173	-1.470388
-0.4526881	-0.78880537	0.017069474	-0.567128	-1.5480878	-1.6982163	-1.6901535	-1.5205073	-2.0056117	-1.6602536
0.24638757	-0.047218144	0.39107868	0.061883822	-0.7000439	-1.0143174	0.45340624	-1.0823656	-0.7533474	-0.60704195
-1.4621903	-0.8257476	-1.0881207	-1.565512	-1.4139295	-2.01944	-1.6203256	-1.6608284	-2.5407972	-1.448003
-0.37466815	-0.51811516	0.07673678	-0.50561523	-1.6076688	-1.0923826	-1.3183872	0.56377834	-1.0216615	-1.0152501
0.63024545	0.21966985	0.813396	0.4054368	-0.8570856	-0.071597934	0.089746594	0.33427483	-0.18810496	-0.8292404
1.0030935	0.3856869	1.6729479	0.8290132	-0.30011892	0.69718826	0.040157646	0.48059	0.87459844	-0.3010948
1.5275512	1.4814707	1.7881368	1.2206107	-0.7058072	0.9298598	1.12872	2.1848984	0.018462053	0.4065926
0.40213212	0.19443324	0.93511117	0.2374316	-1.0905726	0.15747541	0.19933216	0.1998436	-0.72627723	-1.4652579
2.1329134	0.78963745	2.478074	1.8984344	-0.11635509	1.0240524	-0.010980404	1.420899	0.7345922	-0.32445267
0.6998889	0.3506466	1.2373401	0.4024955	-1.1611841	-0.17693958	0.21494278	1.2660302	-0.14108466	-0.5478765
1.2715466	3.3777878	1.2580407	0.82900095	0.39267454	1.7906907	4.210876	1.536776	0.5133054	-0.11365906
2.5525672	2.676595	2.749127	2.1977768	0.637092	1.6021866	3.4782403	2.5905795	2.115195	0.29019
-1.1924009	-1.3608867	-0.69823027	-1.2212577	-1.7726152	-1.6328244	-1.0991696	-1.0596504	-2.621765	-1.7841609
-1.2280524	-1.2106903	-0.79443574	-1.2140148	-0.9000962	-1.9354157	-1.3463138	-1.8718107	-2.0128362	-0.17817174
0.38036704	0.2956507	0.92600036	0.22654615	-1.1863629	0.5202644	0.9394186	1.1032342	0.7224502	-1.1317353
-0.47690013	-0.7781501	0.12611523	-0.5934922	-1.8630275	0.3362875	0.015265045	1.0347503	-0.14025117	-1.0170132
-0.2398979	-0.19570933	0.6559384	-0.34381577	-0.2999248	-1.4225729	-0.6868689	-0.8426969	-1.2343308	-0.4637594
0.24601841	-0.42336518	0.8678297	0.14416279	-1.5031395	-0.19795635	-0.5381767	0.635312	-0.41078687	-3.5082612
-1.1986324	-1.0957776	-0.78996456	-1.2313788	-0.8108629	-0.57622075	-1.2703207	-0.3212483	-2.0397353	-1.0687492
-1.4288342	-1.5591949	-0.88302517	-1.4600742	-1.7712005	-0.96952426	-1.9646205	-1.309845	-1.3502444	-1.1828889
0.8350652	0.55719316	1.3078406	0.5959938	-1.3465209	0.8322378	1.0439286	1.3124602	1.5976987	-1.2926705
0.6020078	-0.2672909	1.1167378	0.380916	-2.2875543	0.29845676	-0.4700888	1.0825735	-0.3900981	-2.569839
3.0379562	1.6263006	3.0448956	2.7617626	-1.4955539	2.7432826	0.5887294	3.0598395	1.8209795	0.8962883
-0.51156056	0.25323784	-0.034820974	-0.6415434	-0.695428	-1.1555734	0.9578362	-0.7314997	-1.1494888	-0.32215968
0.056871347	1.5327007	0.6066042	-0.19109236	-1.0890228	0.61818403	2.2985744	0.9253134	0.16825294	-1.4457943
-2.1851184	-2.167043	-1.5058284	-2.1552587	-2.0705798	-1.0948734	-1.4503565	-0.12872195	-0.7844507	-2.3461287
0.6165783	2.852843	0.7953371	0.22263993	-1.1038225	1.1912122	3.5280461	0.995542	0.4885217	-1.1089786
1.3352088	2.0853095	1.4517906	0.99466515	-0.13035822	-0.05674382	0.23240155	0.45169425	-0.4172595	-0.30776268
0.49233237	0.7577045	0.7676797	0.15163879	-1.6833197	0.24126267	0.47994438	0.6399167	-0.11179246	-1.6497875
1.6145216	1.6175274	1.8895328	1.2716085	-0.23748493	0.8257649	1.4849373	1.0906533	0.6078356	0.38272437
1.1384782	-0.12130022	1.5601528	0.9515412	-1.792641	0.41414204	-0.9387433	1.4899164	0.8672734	-2.218732
0.53871804	0.15770248	1.2274178	0.42097145	-1.2509083	-0.16648486	0.20219466	1.6282809	-0.8796878	-1.1023816
-0.97149456	-1.1407024	-0.5609007	-1.0176457	-1.3102782	-0.21978602	-0.9603757	0.21190982	-0.14338739	-1.6276724
0.9978766	1.171148	1.5666617	0.74224174	-0.4776715	0.47344735	0.4830577	1.505053	0.7201484	-0.21463709
-0.6354696	1.0153435	-0.49774107	-0.78405535	-0.6654124	-1.1757869	0.6659619	-1.3232677	-1.7464399	-1.0836713
0.22289878	0.5163268	0.8649411	-0.047276855	-0.93374646	0.9269096	1.8525087	1.1357027	0.7192962	-1.272183
-0.9159151	-0.80580413	-0.45135573	-0.9791302	-1.4173591	-2.2841237	-1.7470238	-1.204101	-2.2491703	-1.5950427
1.3193276	2.4085276	1.3542248	1.0134556	-0.39858505	1.9754179	3.133245	2.31094	1.2198253	-0.07836468
0.961523	2.0113883	1.266587	0.6647258	-0.3673883	0.7702287	1.1589128	1.7437013	0.10206235	-0.25917563
0.53849626	-0.5062548	0.88619137	0.36702478	-1.3506933	0.71251047	0.9574447	1.1627599	0.34189162	-1.0362617
-0.7202012	2.2622414	-0.3483025	-1.1305922	-0.6027838	-0.5835799	3.3153563	-0.09348133	-1.746089	-0.8668636
-1.6624913	-1.6980398	-1.0722145	-1.6281381	-1.6666204	-1.0806798	-2.1921735	-1.4821781	-1.4072084	-1.5402795
0.4127739	0.42796984	0.94908786	0.21697094	-1.2408428	0.5708856	0.5353381	1.9866894	0.24581873	-0.384234
-0.23362723	-0.2702194	-0.04219401	-0.3300528	-0.7999523	-0.85133845	-1.0927094	-0.97172636	-1.1927868	-1.4131554
1.1644347	0.46587268	1.8721044	0.9658443	-0.9441283	2.449434	1.0984478	2.492827	1.5414369	-1.1189371
-1.5639882	-1.6555808	-0.9949957	-1.5290859	-1.456575	-0.7679502	-0.9245554	0.09309244	-1.0447621	-0.98709816
0.47886452	2.800718	0.7780392	0.13986354	0.61132026	1.374438	2.9562979	1.3909233	0.80523944	-0.09515246
0.52007467	1.1997696	1.2862495	0.3586377	-0.5558287	1.1310635	0.37294725	1.552466	0.78962135	-0.97572744
0.011065431	0.42984065	0.75262153	-0.22339438	-0.9278499	1.5034434	1.3026216	2.2093666	1.5183293	-1.1019791
0.8863306	1.6525836	1.1956587	0.45446157	-0.8418368	0.5138264	1.4072278	0.536587	-0.022060793	-1.0911837
-1.0960333	0.06941661	-0.6244092	-1.2444186	-0.22474647	-0.94858134	-0.36420545	-0.81680965	-0.9347793	-0.9743284
-1.2147001	-0.9936079	-0.8429496	-1.2052298	0.5804657	-0.9746928	-0.9693671	-0.44573197	-1.2232955	0.38826105
0.9350236	0.9015604	1.6227202	0.76041216	-1.2710223	0.63807476	-0.5238926	1.7910712	-0.06786265	-1.1835375
0.70228374	2.0815492	1.1884226	0.38014	-0.9873456	0.9295251	1.7390974	1.9667935	0.8040336	-1.2573005
1.0173231	0.67809594	1.5252148	0.71122783	-0.87022364	0.40173283	0.1689393	0.04927521	0.02689831	-1.3099654
0.7993718	1.7746243	1.0010908	0.50630003	-0.7446094	0.10708429	2.3028226	0.8228709	-0.4020686	-1.2934225
-0.85043967	-0.9425727	-0.4455866	-0.83770853	-1.0234506	-1.0819124	-1.0281253	-0.9354078	-0.8631539	-0.14309432
-0.15021266	0.6250335	0.20272127	-0.3756323	-1.1789095	-0.38134417	0.52773875	-0.100067906	0.22987719	-1.8096659
0.9876446	0.3086088	1.197796	0.58773094	-1.0733273	1.0509192	-0.10413409	0.933544	-0.07572599	-2.0623996
-0.21900365	-0.6670989	0.09663002	-0.3150692	-0.9750067	-0.30787468	-1.3360666	0.3760832	-0.9152459	-0.5216999
0.9041291	1.2927185	1.1801988	0.6014342	-0.8809159	0.8362955	1.6313909	0.69803053	0.73194176	-0.56229633
1.17601	1.084458	1.8145853	0.9539716	-0.66982746	1.0571597	1.3574811	1.3909774	-0.07652407	-0.63593245
-1.2850868	-1.3075682	-0.78815615	-1.278585	-1.202427	-1.2446036	-1.4865856	-1.3017371	-1.3837981	-1.286489
0.048101358	-0.10636032	0.2884688	-0.09330462	0.093096286	0.53199345	2.740046	0.055246055	-0.20113158	0.64248794
0.6019843	1.3131748	0.6848018	0.36954474	-0.24439102	0.5486552	1.6803076	0.8074915	0.5978931	0.0013239166
0.9243218	1.1118885	1.4554152	0.6928022	-1.1769843	1.0107988	1.13927	2.2699862	0.51709986	-1.1410179
-0.7577933	-0.77647805	-0.3039278	-0.8662359	-1.2473321	1.3346444	1.5172495	0.97548205	-0.33724338	-1.134549
0.6364585	0.9229388	1.0388706	0.27319318	-1.5173451	-0.3488442	1.4115413	-0.4787167	-0.6631122	-1.5016259
-1.1546353	-0.9202546	-0.5008563	-1.2095315	-1.0275254	-1.8922592	-0.9560713	-0.07194291	-1.8696585	-1.2039217
1.0042092	3.8791382	1.6805074	0.53575826	-0.095184475	1.0110658	4.504072	1.631063	0.7405394	-0.04064014
0.011135004	0.14521393	0.19682556	-0.20117004	-1.197045	-0.7470257	-1.342848	-0.54261297	-1.2324343	-1.8451254
-0.09345246	-0.26598054	0.36346567	-0.20811431	-1.1142478	-0.2831578	0.62889117	-0.47239462	-0.1283171	-0.9143211
1.4426945	0.86012185	1.6526277	1.1656661	-1.0274379	1.3071101	1.3473568	1.2381024	0.94588006	-1.1691277
0.5644109	1.69964	1.1046735	0.22591908	-1.2466909	0.624598	2.038909	0.7224601	0.18481421	-1.7173518
-0.26201802	0.9202372	0.61542845	-0.4860947	0.025820762	0.9105367	1.6180598	1.7359877	0.20681354	0.19086075
0.71089464	0.82717955	1.1949935	0.5432827	-0.7557919	0.47106633	0.709653	0.4952417	0.2493445	-0.63461316
-0.11135275	-1.098028	0.4433518	-0.2716388	-2.322931	1.2636887	-0.87096184	1.2462909	1.3506738	-2.9239774
-1.4247979	-1.3109559	-0.902408	-1.4772317	-1.5244449	-1.5803423	-1.4039834	-1.7284582	-2.3550854	-1.6954015
0.30645704	0.16432157	0.77565944	0.12951563	-1.3606426	-0.71552026	-0.045687478	-0.13841423	-0.16663365	-1.7514141
1.0130213	0.78847885	1.172537	0.82103956	-1.1049591	-0.3978214	-0.08302103	-0.0032643315	-0.48543987	-1.0736026
1.6494051	1.9424405	1.7634268	1.3603864	-0.61470044	1.717491	1.7914729	1.6412781	1.5211854	-0.86423254
0.03387145	-0.6767413	0.4922343	-0.14722739	-2.0166345	-0.3465994	-0.65198904	-0.017614873	-0.701454	-1.5728441
-0.09909366	0.050090313	0.30157804	-0.31622642	-1.3561736	-2.1175933	-2.0842004	-1.3987551	-2.456905	-1.69828
-0.5634888	1.1032988	-0.25533038	-0.81220347	-1.1826345	-0.3520256	1.0746967	-0.0251476	-0.096308865	-0.92770964
0.6154876	-0.10181332	1.2622266	0.3674029	-1.7092218	2.7026675	1.6597185	2.9864488	2.6571045	-1.2236406
-0.40978587	1.6682148	-0.47842327	-0.65856326	0.14440331	-1.3976195	-0.95737016	-0.53965616	-1.5527995	-0.19218217
0.23930427	0.4505016	0.8083073	0.0690615	-0.86959445	-0.23566745	-0.0053000962	0.75811565	-0.48175818	-1.4530016
1.91565	2.6241062	2.0045068	1.4035525	-0.59274125	0.16882846	0.7113663	0.87882864	0.44469655	-1.4455298
-0.4769988	0.80088496	-0.34095886	-0.71367425	-0.35493714	0.513178	1.6908697	0.36050364	0.6513966	0.4665353
-0.1384908	0.41977087	0.26297078	-0.32421213	-1.2821711	-0.2472466	0.026793893	0.4908678	-0.6392423	-0.7760223
0.18535545	-1.0302832	0.5170553	0.15954088	-0.8460351	0.4473524	-0.12780152	0.701362	0.687031	0.6779097
0.44840804	0.50845575	0.8098352	0.27494627	-0.6493695	-0.36849573	-0.97096896	0.16781123	-1.058837	-0.56174284
1.5263135	1.3680406	1.9019465	1.1487474	-0.84197867	1.8811922	0.4621848	2.4398816	2.1636565	-1.4871639
-1.0910288	-1.5170265	-0.6469302	-1.1205211	-1.547109	-0.9117404	-1.8676739	-0.34393892	-1.4591849	-0.8888158
-0.49692452	-0.25724214	-0.11011276	-0.66637653	-1.4586955	-0.51888305	0.063917525	0.10894976	-0.407472	-1.6164805
0.17222834	-0.13017866	0.534526	-0.033114508	-1.1525072	-0.121300705	-0.66381466	0.76362157	-0.25228086	-0.91845244
-0.41531095	-0.06337795	0.16149187	-0.6782716	-1.72059	-0.53477776	-0.6702078	0.023106225	-0.5615014	-2.4789839
0.34055722	0.6468519	0.87433076	0.19900112	-0.81204045	0.25284612	0.13862996	0.17269711	-0.15408225	-0.9048402
-0.49253306	-0.5578581	-0.311285	-0.61256516	-0.86272335	-1.1008058	-1.077936	-0.3533994	-1.1239964	0.76705116
-1.1906893	-1.6653347	-0.80711603	-1.1530689	-1.5988691	-1.5003232	-2.7142396	-1.6958312	-1.4630973	-2.1783226
0.17736387	-0.6232444	0.61360395	-0.035054043	-2.029045	0.24102333	-0.5949768	0.89102846	0.2855324	-2.3313763
2.7472646	3.8550117	2.7022665	2.4745047	1.1894506	1.9684656	2.9913108	2.2506177	2.179358	0.61511636
0.67145467	2.0475943	0.5451224	0.29858935	-0.3854945	-1.0136775	0.34293818	-0.78299016	-1.6722531	-0.2950707
0.6816518	0.2888892	1.2180068	0.52062	-1.2558925	0.9434348	0.4152428	1.278588	0.94631386	-1.3729705
-0.8826176	-0.40037927	-0.5538434	-0.9169931	-0.01401031	-0.3320258	-0.23609212	-0.2685309	-0.6746292	-0.2758782
0.36682272	0.4608349	0.6613916	0.2896564	-0.76141834	0.14430243	0.27701157	0.44823843	-0.31001946	-0.65285593
0.9663159	0.3599663	1.6136227	0.6952625	-1.2355105	0.81063753	0.57064474	1.7763758	0.15240619	-0.7886019
0.85216564	1.6776817	1.2092884	0.5514747	-0.011421829	0.9796386	1.4580098	1.6191899	0.7395003	0.5411173
0.08135717	-0.11590773	0.5542506	-0.10849893	-1.3697888	-0.6324443	-0.85689616	-0.35242942	-0.6385756	-1.7911015
0.13315359	-0.43179634	0.5583222	-0.06810793	-1.637112	-0.20015696	-0.5899928	0.5598762	0.03723211	-1.4381742
-0.4420953	2.1273847	0.26738822	-0.8422297	-0.26489857	-0.73352194	2.315963	0.33730435	-1.4819967	-0.2421116
1.2416607	0.35035542	1.3855232	1.0317318	-0.36936122	-1.5913073	-0.8874525	-0.7780924	-1.6868862	-1.370943
0.45484975	0.9949056	0.9672315	0.22622396	-0.7061032	-0.05164072	0.51014704	0.23745848	-1.0346392	-1.252285
0.2848757	-0.59028405	0.8519207	0.11071621	-1.7954805	0.18673956	-0.589263	0.47541982	-0.16142693	-2.2194104
-0.07467238	0.35213462	0.18729225	-0.31278503	-1.0101198	-0.9323397	-0.872265	-0.7433854	-0.7522809	-0.6104374
0.7601829	2.756508	1.1366643	0.31890118	0.30859688	1.785004	3.9028938	2.1514502	1.3004572	2.1021583
-0.70915765	-0.5177299	-0.33822796	-0.78207016	-1.2446758	-1.4610392	-0.860348	-0.8381011	-1.9406778	-0.60124886
0.8793411	0.45231166	0.82673097	0.69402134	-0.69743186	0.66913956	0.42702192	0.4833327	0.47519085	0.08462022
-0.89506024	-0.68809307	-0.53641367	-0.96724176	-0.9900944	-1.3443602	-1.0315648	-1.063473	-1.3588382	-1.5206505
1.20744	3.17386	0.834857	0.9264817	0.66054523	0.9561424	3.447932	0.2118399	0.6980912	0.11992925
-0.8431128	-1.3949093	-0.21694103	-0.9213227	-0.31165913	-1.1751611	-1.7821192	-0.15231012	-1.4362624	-0.38463852
-0.36303663	-0.047363043	0.020089358	-0.49598444	0.10214105	-1.1548544	-0.53534395	-0.8620716	-1.7537822	-0.059586987
3.8364074	2.6812828	3.7762973	3.5157666	-0.60517895	3.4273617	2.288944	3.6819925	2.7300372	-0.2153199
-0.5193285	-0.25779882	0.07591447	-0.7182313	-1.4533366	-1.6541202	-1.3875486	-0.50354147	-1.4965699	-2.0422287
-0.17381822	-0.92912114	0.42698187	-0.29414988	-1.9050851	-0.47082055	-1.2776046	0.52609044	-1.0952513	-1.4952582
0.014077641	0.18383008	0.7317495	-0.070398316	-0.38899365	-0.83805186	-0.81686205	-0.2635883	-0.26348814	-1.2801747
1.6684072	0.11015466	2.118328	1.4059927	-1.4348432	1.5995239	-0.3080291	1.738761	1.5852911	-1.6261611
-1.0836327	-1.2442782	-0.4907234	-1.1439931	-1.4564444	-1.1686128	-1.5536697	-0.504014	-1.3711846	-1.4515398
1.0500418	0.6598903	1.5219991	0.7765992	-1.2420892	0.7608933	0.42713946	1.2919847	1.0293418	-0.804278
-0.5889903	-0.41085157	-0.28158578	-0.7211489	-1.0658472	-0.4177415	-0.48838368	-0.57660556	-0.5524324	-0.8968711
0.8432147	0.5662317	0.95338154	0.5843971	-1.4618088	0.60862446	0.94468534	0.6185192	0.21701886	-1.0960971
0.7997808	2.1893015	0.89252615	0.5334909	-0.12778473	2.21649	4.0861526	2.5795207	1.7922876	1.0365007
-0.21449822	1.9229627	-0.011076167	-0.5472987	-0.27586368	-0.527369	0.30949065	-0.18422885	-0.42235476	-1.7583987
0.43172917	-0.1263978	0.7803422	0.20328324	-1.0390153	-0.034009203	-1.0642847	1.0321041	0.12516288	-0.31552324
4.513868	2.871612	3.9713728	4.006799	-1.0018113	3.6602361	1.8675592	3.6086557	2.7076433	-0.13074034
0.959976	3.0577426	1.0323056	0.6258931	-0.12633531	-0.09695214	3.0358827	0.62290424	-0.79867995	0.33450472
0.85261434	2.1730661	1.2554547	0.52012825	-0.25078204	1.429883	3.5135264	1.2404836	0.92649513	0.27852392
0.91564757	2.8914573	0.81298137	0.65086436	1.5040894	1.3819388	3.1538343	0.6529304	0.18084344	0.77516484
2.0096095	1.5535412	1.6844044	1.7826173	-1.1596254	-0.99272794	-0.7890482	-0.8582854	-0.82345045	-2.021497
-0.35125414	0.7965925	0.19934243	-0.58939517	-1.0162096	-0.5714158	0.6333251	-0.4955578	-0.82634115	-0.57009596
0.8367842	0.88544524	1.1652255	0.5773658	-1.0783213	2.2479024	2.01727	2.1668782	1.9662766	-0.16543368
1.9934536	1.6885531	2.1525528	1.7242926	-0.45969284	0.58235854	1.1870866	1.2192087	0.52221256	-1.0323765
-1.711206	-1.6175672	-1.1445321	-1.715105	-2.0755634	-2.4849398	-2.6516118	-1.6230631	-2.4227953	-2.1374135
-0.19740665	-0.21619704	0.32787254	-0.34272605	-1.3344914	-0.8532584	-1.3210442	-0.15423127	-1.2795048	-2.096814
1.0397824	2.828518	1.2756181	0.58472264	-0.1716439	1.1300657	2.623923	1.3582929	0.25563163	-0.5526501
-0.5579713	-0.9077264	-0.1293908	-0.67929834	-1.7610787	-0.55967724	0.053435188	-0.31750226	-0.9216981	-1.4228209
-0.59809613	-0.8588371	-0.15294224	-0.76307845	-2.0035558	0.59550065	0.7099186	0.77751064	-0.14640827	-1.245102
0.5730702	-0.18774453	0.89607334	0.39088655	-1.0150933	-0.5782226	-0.9153653	-1.4267398	-0.55517524	-1.2890493
1.5330418	1.9006052	1.8745936	1.2311018	-0.055322737	2.937279	2.7574868	3.029773	3.0138984	0.70752364
1.4099696	2.176559	1.6620728	0.98113155	-1.027451	0.42167798	2.9737468	1.8860047	0.6116794	-2.3353214
0.74458665	0.26964423	1.2653973	0.52004254	-0.9648403	0.6745112	-0.66685855	1.2757125	0.4450751	-1.6840967
-0.9215875	0.9488503	-0.9814365	-1.160468	-0.6742097	-1.3763459	2.2723958	-1.4906034	-1.6606214	-0.9947546
-0.67892265	3.9487631	-0.5149294	-1.271064	1.1726158	-0.16801648	5.7545385	-0.8856208	-0.08979979	3.162712
0.09403255	-0.26122046	0.37853387	-0.09813522	-1.4690675	-1.2347889	-0.9264985	-2.0134454	-0.78658277	-1.525154
0.3114855	0.58731294	0.7211243	0.07017867	-1.479723	0.80742663	0.76244986	1.2373775	0.8656049	-1.5371568
0.9901412	2.6948493	1.3037864	0.51170886	-0.95625615	1.3314584	1.8578846	2.5969644	0.49364567	-1.1775879
-0.91613364	-1.073675	-0.48190078	-0.9536181	-1.3131759	0.16723852	-0.51421523	0.32801637	0.0521724	-1.5136466
-2.1249173	-2.0309227	-1.4284459	-2.054472	-0.6097908	-1.3031323	-1.0428596	-0.92538714	-1.9148462	-0.9994558
0.23289925	0.44784304	0.83629143	-0.0032502264	-1.224717	0.47088927	0.3368143	1.1907122	0.3835909	-0.7158568
1.8361877	3.4314458	2.4438665	1.4377698	0.5162556	3.6789923	2.4550982	3.625243	3.257152	1.0361304
0.21330112	0.91215825	0.41921052	-0.018139929	-0.43505093	-0.30053625	1.047442	0.30395725	-0.25052643	-0.90834016
-0.20440096	0.11399886	0.21507034	-0.3069222	-1.2345017	-0.72571445	-0.7515981	-0.2567288	-1.4191016	-1.4237093
-0.32808682	-0.38623953	0.19953838	-0.49406397	-1.243191	-0.04807527	-0.15323299	0.30179784	-0.17200898	-1.0292392
0.9433618	-0.390639	1.0439496	0.7295485	-0.5555668	1.6238867	-0.281432	1.4830378	0.118431754	-0.68077874
0.34557664	1.3777438	0.46933383	0.1083345	-0.73561347	0.5630172	0.95636296	0.66156626	1.0616984	-1.5864136
0.92494535	2.866974	0.93431926	0.4928552	-0.3403852	0.05929699	2.7969847	-0.328941	-0.7008653	-1.0087923
1.0615845	3.3530777	1.4905181	0.7146684	-0.41180217	0.2572122	4.125232	0.8142968	-0.1817747	-0.8394657
-1.2720283	-1.1258779	-0.8926041	-1.3150306	-1.2138206	-1.6672366	-0.7699707	-1.1434827	-2.1661904	0.30009696
0.7209204	-0.06130278	0.89839137	0.5517465	-0.9844388	2.1222165	-0.5158172	3.0187297	1.975929	-1.8654978
1.2422737	0.024186045	1.5891613	1.0101805	-1.3639861	0.044538576	0.12863037	1.1347493	-0.59499854	-1.4650067
1.1969434	1.7721562	1.4018534	0.9133636	0.07209471	0.9941945	2.4697745	1.5491679	1.5897504	0.17793639
-0.09319953	0.47038165	0.048357815	-0.27675372	-0.5873027	0.6728799	1.1716313	0.20430651	0.7319806	-0.10391857
-0.7268835	-0.7717875	0.010162681	-0.8268988	-0.97949314	-0.9491946	0.28037152	-0.16580431	0.04316866	-0.58961403
-0.10266406	-0.94129324	0.24368036	-0.24385057	-0.94372165	-0.47414258	-1.0737077	-0.5917507	-1.0645263	-2.2347586
2.3557851	2.3877342	2.225676	1.797525	-1.1797458	1.5940335	1.0202206	1.9834311	1.5773473	-1.9693909
0.6250054	1.4648153	1.0808918	0.34904563	0.6977873	-2.1605837	-0.32763052	-2.2694392	-1.9586223	-1.3887199
2.2511528	1.7331462	2.9064863	2.044712	0.0532856	1.3594995	0.2581826	1.4174885	0.5025252	-1.3535088
-0.68020767	-0.80581415	-0.46657333	-0.7209538	-1.1160845	-0.3272001	-0.6982276	-0.030295195	-0.110604696	-1.2770069
0.33140215	-0.63268065	0.6842402	0.1566325	-1.6786202	-0.016679794	-0.8540543	0.37386242	-0.54562795	-1.7062213
-0.82433313	0.20793504	-0.37517628	-0.9452509	-0.783266	1.5597996	0.8842518	0.7941998	0.7348452	-0.8965253
-1.0522707	0.012129098	-1.0246453	-1.1839488	-1.1358191	-2.5221283	-1.6233171	-2.1900215	-2.3085427	-1.6882448
-0.32753363	0.88745344	-0.04731095	-0.64012337	-1.2468299	-1.1998477	-1.2476814	-0.6990364	0.12117117	-0.8688341
0.22993374	-0.05435276	0.76385474	0.04605043	-1.4703332	0.28163275	-0.10187313	1.0045996	-0.08144871	-1.3540472
0.23340747	0.047087938	0.64478433	0.04530163	-1.4061875	-0.17871314	0.4986052	0.068297714	0.5086955	-1.4937156
2.4471893	2.4971871	2.3335013	2.1199825	0.15922931	0.5017698	1.2252511	0.9557773	-0.7522809	0.20134227
0.7666298	0.88371515	1.2446098	0.54712665	-0.5789622	1.2038991	1.3438765	1.6412619	0.89149696	-0.5275845
-0.32188448	-0.14054963	0.02330044	-0.5069052	-0.6450736	-0.7873465	0.08366377	0.13475008	-0.454476	-1.0850695
0.2161448	0.30000433	0.69211674	-0.022721067	-1.1330118	0.081021935	0.9329087	0.6170893	0.20214519	-1.4316645
-0.49810022	1.7780688	-0.5142857	-0.9415761	-0.48900205	-0.46900025	1.4185898	-0.16945173	-1.218023	-0.1256932
-1.0340658	-0.79796875	-0.5398921	-1.0796793	-1.3942657	0.6133094	0.21084872	1.0280508	0.35489258	-0.859639
2.1478298	2.5261877	2.1759012	1.6915745	-0.66800916	2.0395534	2.8733299	1.6332092	2.1529977	-0.6074241
0.66291684	1.6892153	0.780359	0.27170503	-1.1826067	0.7214816	0.6568265	0.9452493	0.3258392	-1.6915083
0.7754219	1.3883488	1.3418717	0.53857636	-1.0407629	1.077317	0.8794101	2.1809695	0.019879393	-1.6570528
2.436832	2.2575028	2.308197	2.013244	0.6308465	3.3754566	4.045497	2.4790351	3.462212	2.5328739
-1.1764998	-0.9905722	-0.6885953	-1.2854027	-1.1515194	-2.050379	-1.9241586	-0.7373745	-2.179136	-1.7588036
3.0378973	3.1165268	2.8423316	2.6370406	0.1664603	1.9505478	3.3692706	2.0092447	1.1495063	0.6266084
-0.273714	-0.29341844	0.17664137	-0.38051224	-1.6260259	-0.89345074	-0.8075451	0.053982858	-1.2572048	-1.9098587
-0.0013776198	0.14329836	0.6909025	-0.21482293	-1.552102	0.49905422	0.521602	0.88547117	0.48082328	-1.7028599
0.38563323	0.89435506	0.8641145	0.16980214	-0.7339017	-0.13057406	0.8086513	-0.4597595	-0.29805782	-0.80191946
0.51626825	0.38335362	1.1630954	0.32214385	-0.99977124	0.85835725	0.32158223	1.3075902	0.8878742	-1.0567238
3.189218	5.3269114	2.7047513	2.6887105	1.7026325	3.6574445	5.00994	2.9208808	3.1158469	1.878344
0.1386551	0.6874521	0.2038641	-0.050354242	-0.1977019	-0.09471215	0.8274993	-1.4347489	-0.2540865	0.23248957
-0.72933537	-0.68303037	-0.30389997	-0.7722729	-1.2029955	-0.81218207	-0.5878131	-0.5458579	-1.1167955	-1.1254082
0.64408773	1.1779572	1.0116276	0.40909505	-0.9739318	0.39005014	0.9945067	0.7141606	0.6214684	-1.057079
1.3508261	1.2771841	1.627695	1.0652677	-0.57451475	1.0944206	0.31720144	1.4875484	0.36017096	-0.48049596
-0.5136962	-0.10923496	-0.06836498	-0.6724681	-1.2950866	-1.3106803	-0.8215928	-0.85204726	-1.423704	-1.4226308
-0.9839825	-0.999014	-0.5096741	-1.0522488	-1.6265396	-1.2544687	-1.2540859	-0.56490475	-1.642803	-1.480905
-0.3157288	-0.5350044	0.06872988	-0.4040435	-1.124531	-0.45532307	-0.4743669	-0.2607762	-0.31193033	-0.93582237
3.9435933	3.2141516	3.8663023	3.6491194	-0.6084939	4.457877	3.094884	4.9547973	4.2016954	-1.2344724
1.5339184	0.9119259	1.9791006	1.3600157	-0.64848983	-0.15687303	-0.21921566	0.40806592	-0.06963863	-1.44816
0.16989651	0.038310945	0.61997724	0.029818997	-1.1566248	-0.1127216	-0.35134116	0.11030868	-0.32316786	-1.3098116
2.1526587	3.3325975	1.9131858	1.666702	-0.40068823	0.2815868	3.503274	0.12085432	-0.5282477	-0.7385364
1.6145463	2.9892654	1.5603304	1.3041081	-0.6996081	1.9239733	2.1740687	1.2291887	1.3834404	-0.9772866
1.5970877	1.3439802	1.775594	1.2828746	-0.7990574	2.0095959	2.9856708	1.5254703	1.6741732	-0.11499814
-1.1171536	0.2670994	-1.0969157	-1.182079	-0.11556795	-0.84757143	-1.2452999	-0.88156116	-1.2753391	-1.526227
1.2997764	3.5539458	1.5019821	1.0067685	1.431727	2.7933948	4.4282646	2.612745	2.194695	0.76077825
0.36675534	-0.05288437	1.0447149	0.19835596	-1.1175606	0.44469917	-1.1026682	0.4466189	1.6513966	-1.3189856
-0.21193424	0.2749007	-0.03354785	-0.33259946	0.14714012	0.33812895	-1.5369428	0.005373383	0.122540824	-0.21874811
0.2879544	1.0050526	0.7976885	0.0075996965	-1.1924295	-0.31589928	-0.1297928	0.84935206	-0.34916982	-2.069186
1.5834404	2.7982707	1.8618418	1.252599	0.60315454	0.80496866	1.3556489	1.2589775	0.62813115	-1.0856394
-1.5852898	-1.6729159	-1.0290904	-1.5762881	-1.2012631	-1.4140638	-2.180476	-0.96302414	-0.7342912	-1.4389862
-0.2180093	0.36080208	-0.09152448	-0.33570078	-0.4313873	-0.29868183	-0.041593436	0.12966812	-0.5706816	-0.9839899
-0.20228761	0.30582216	0.22385356	-0.34405917	-0.8209624	0.40276977	1.6618503	0.9113928	0.39337593	-0.8980529
-0.025815926	0.06487784	0.4876493	-0.1580004	-1.3852772	0.044114567	0.44746292	0.54695994	0.2604867	-1.9949793
0.11269262	0.7289518	0.3022635	-0.11786582	-1.5461382	0.19672255	0.8799433	-0.25822476	-0.78583795	-1.1129375
-0.1906788	-0.6808307	0.30706075	-0.30817544	-1.2115326	-0.450433	-0.9271881	-0.41302815	-1.0370882	-1.178559
1.4062927	4.010995	1.6818638	0.871727	0.6734034	2.9796336	5.2151074	3.42981	2.4067512	2.3830745
-0.4822774	-0.84430027	-0.2669172	-0.5928884	-0.9323906	-0.67105716	-1.6182073	0.015122443	-0.38379806	-1.1002309
1.1453776	1.0618374	1.5733382	0.87250483	-1.3937933	2.8757038	2.016553	3.1180258	2.8208544	-0.9766741
0.09447681	0.3610156	0.49567345	-0.0955897	-0.63854086	-0.38002783	0.022851698	0.28293487	-0.25353882	-1.071796
2.2572205	0.59509313	2.5103014	1.9993057	-1.3808671	1.7736835	0.25569144	2.445372	1.8028277	-1.352237
1.3172308	1.8955092	1.8297503	1.0913858	-0.9733541	0.320255	1.3708742	0.7837732	-0.15205115	-0.5562878
-0.8368993	-0.7386941	-0.46863928	-0.9243021	-1.4955585	-1.7808496	-1.8491614	-1.257006	-1.9186349	-1.6131101
4.106595	1.7878664	4.117223	3.8103547	-0.9800639	3.7710533	1.1156337	4.8489423	3.2313323	-1.3815827
0.013477705	0.09715119	0.6287551	-0.20024684	-1.6157439	0.5794732	1.0965123	0.9069646	-0.2313996	-1.0947298
0.43072155	0.36720964	0.89665294	0.23959894	-0.9478208	0.87893784	2.0859442	1.1423463	0.61133933	-0.22869657
1.9588975	2.4391298	2.0248556	1.5887725	0.068080336	0.80164176	3.4520476	0.912926	0.38388696	-0.8147172
-2.1108768	-2.066873	-1.2491643	-2.0663638	-1.6580719	-1.9577352	-2.796619	-0.9604506	-2.0216615	-0.962376
-1.6474832	-1.5730015	-1.0921865	-1.6199129	-0.97695315	-1.7383311	-1.9071239	-1.3758787	-1.6713566	-0.26159889
1.7186896	1.9623821	2.2106316	1.4370846	-0.8264255	1.0840992	2.2580593	1.7829491	1.3372947	-0.14889234
-0.51740193	-0.23047003	-0.19721124	-0.679288	-0.9058902	-1.4106076	-0.6533871	-0.9610959	-1.5061781	-1.4776945
0.13828322	-0.6745767	0.38142553	-0.0054133385	-1.0643132	0.07109781	-1.0219495	0.30952242	0.32669368	-1.115739
1.1805516	0.59424484	1.6498917	0.9355463	-1.1044964	1.1567568	0.73749447	1.5316839	0.30545774	-2.0705326
-0.3598879	-0.6915362	0.12270996	-0.446373	-1.4553	0.023039727	-0.39112195	0.52480984	-0.8749388	-1.1899525
0.13154605	1.3905474	0.42690817	-0.19120233	-1.2638472	-0.663717	2.254547	0.24016947	-1.3024334	-1.481468
0.046466358	0.27774832	0.27019903	-0.13315485	-1.5849406	0.23652141	-0.03790894	0.88926363	-0.2877488	-0.9206257
-0.39657202	-0.78061175	0.008894712	-0.44039762	-1.612176	-0.5843712	-1.442294	-0.5651059	-0.5773096	-1.7522893
0.91944337	1.4076046	1.5386187	0.68292475	-0.7972969	1.152666	1.1218493	1.8165164	0.37330788	-0.80171853
0.0054071173	-0.2033235	0.54624176	-0.18409608	-0.6974485	0.3216016	-0.58433014	1.2525955	-0.16498356	-0.80136573
-0.7065293	-1.2600827	-0.21276313	-0.7979295	-1.6186308	-1.0469235	-2.0723813	-0.6687828	-1.309515	-2.1849825
0.79709834	0.8101871	1.1268548	0.51950604	-1.0968128	0.19319089	0.30103013	-0.21619123	-0.13133657	-1.2975228
-0.5790991	-0.2248747	-0.06956741	-0.7296754	-1.6694613	-0.24879204	-0.28117916	-0.5526466	-0.9024894	-1.6761535
0.13237616	-0.21566781	0.55144715	0.031136662	-1.1507491	0.72372097	-0.03970446	1.2176596	0.56432796	-1.1144379
0.4278781	1.9992778	0.9023752	0.08297022	-0.7714423	-0.10636996	2.0664167	0.36535642	-0.33447427	-0.5801085
-2.067155	-1.9497074	-1.4017252	-1.9548246	-1.2137479	-2.1078727	-2.2104015	-1.5837897	-2.8400183	-1.8171515
0.65587324	0.05442071	0.99066436	0.4548964	-2.2296493	-0.61400163	-1.4042028	0.22304726	-0.38175085	-2.7903092
2.556864	3.7968404	2.8311672	2.1834018	0.77496684	2.8051643	2.7189827	2.600184	2.5634732	0.43698373
-2.069228	-2.0604417	-1.3239896	-2.0202553	-0.6538013	-2.5489316	-2.5315561	-1.4262475	-2.5447621	-1.5433829
0.83149016	0.75158894	1.4962282	0.58876187	-1.520318	1.0168285	2.093034	1.3039855	0.6272151	-1.304836
-1.3606387	-1.439227	-0.8266753	-1.3501832	-1.2036504	-1.4051173	-1.2652184	-1.6114024	-0.747254	-2.0134363
0.6513272	1.7938251	0.7272641	0.3093843	-0.48913223	0.97253793	0.22575216	0.6655937	0.20388873	-1.435747
-0.4078423	-0.5114423	-0.03751099	-0.63872254	-1.7245358	-0.61465484	-1.3183	0.16095741	-0.9865672	-2.021446
1.0741615	1.1237358	1.5936825	0.8362428	-0.76599306	0.90422887	0.5255256	1.8518919	0.761269	-1.0731304
0.04541754	4.08601	0.19588082	-0.37991232	1.3718332	-0.31406698	3.8990543	0.14482895	-0.7111735	-0.31090757
0.12914655	0.605283	0.67471015	-0.15493199	-1.332553	-0.18092452	-1.0845394	-0.47867823	-0.95357376	-1.8638324
-1.6185064	-1.0734088	-1.2396764	-1.5627339	-0.67292106	-1.9316863	-2.3436606	-0.40851548	-1.4687606	-1.6962827
1.1480684	2.5557241	1.5267164	0.82706165	0.10513425	0.59338623	1.9612181	1.2207454	0.64261025	-0.5611448
-0.4596365	-0.44932753	0.09809312	-0.59975	-1.3170749	-1.2088184	-1.233371	-0.92488766	-1.3114783	-1.1697975
-0.3254129	0.1233173	0.13491529	-0.523938	-1.0969733	-0.4475334	0.23128842	0.008057903	-0.5206143	-1.2632722
0.554975	2.6872299	0.87321043	0.17238791	-0.607216	-0.09040079	2.0249157	0.1948399	-0.49231568	-1.1352246
1.568399	0.7089126	1.7613647	1.3071941	0.117271036	1.1265237	-0.33520275	2.365126	0.101917356	0.14858824
0.10451194	-0.30167082	0.53715634	-0.058724284	-1.5864948	-0.20106256	-0.76355994	0.77111936	-0.03844858	-1.1332779
-0.7887032	-0.64223635	0.14816713	-0.8441617	-1.5500454	-0.87477773	0.17671499	0.14547908	-0.57519686	-1.3022264
3.7816503	0.69860196	3.4269078	3.412222	-1.4106295	2.8260875	1.0977881	2.8595538	2.1888263	-1.5821176
-0.15477812	-0.21378012	0.4976593	-0.37172508	-1.6944581	0.040594283	-0.08724954	0.53131557	0.21851079	-1.3702979
-0.47523263	0.6822636	0.14129445	-0.7874241	-1.1654806	1.8317109	2.074931	2.183553	0.63610244	-0.3914764
1.542594	2.545048	1.7331711	1.1484623	-0.87978446	2.1268845	3.0889544	1.8267645	1.8758717	-0.991109
0.18559241	0.4978849	0.48927727	0.15067668	-0.29767895	-1.0586221	0.86555505	-0.3810569	-0.28675455	1.059331
0.3091659	-0.17972308	0.5060996	0.095146134	-1.4396299	-0.22748953	0.43314174	-0.33857062	-0.66830856	-1.3492062
-0.030576713	0.014858723	0.4715808	-0.19033293	-1.1057752	0.1487849	-0.33904856	1.1573715	-0.5551414	-1.2258744
1.158234	1.3839397	1.5045068	0.9184134	-0.56775457	0.98097557	0.79525715	0.69619155	0.9616549	-2.4329033
0.048136882	0.3991222	0.77061474	-0.14318426	-1.4125183	-0.47902024	-0.5251551	-0.045378923	-0.57613	-1.5825605
2.6064522	3.4584463	2.4741557	2.0736432	0.3811361	1.9718949	3.3275747	1.608417	1.8772157	0.4058137
-0.49573588	1.454586	-0.28767607	-0.72482145	1.0923967	1.3074898	0.25381026	1.070002	0.58321756	2.3397863
1.1090511	0.5970988	1.5016848	0.9319252	0.29815736	1.4700184	-0.07362762	1.572595	0.90815777	0.6835769
-0.08974926	-1.0558217	0.46977437	-0.20363735	-2.0614407	-0.08161946	-0.53983057	0.86784303	-0.4744566	-1.8004527
0.52335775	0.483506	1.1813128	0.34086806	-1.0821615	-0.43785897	-0.3787275	0.9850802	-0.08425626	-1.7022271
0.8551246	1.1882765	1.3604031	0.55599314	-0.3036201	0.87074906	-0.16952986	1.5491008	0.9095128	-0.83131284
0.66213506	1.7436391	0.96603775	0.43541312	-0.8264301	0.18949804	1.5130017	0.73593634	-0.4132449	-1.2097712
0.3940574	0.031545788	0.6534318	0.24043678	-1.0683849	-0.009179476	-0.9004634	0.34382585	-0.45495835	-1.5620878
-0.5154773	-0.8145288	-0.051448494	-0.6065121	-1.2599761	-1.1311879	-2.2779994	-0.1519621	-0.5272209	-0.042966753
1.557179	0.72451234	1.9605249	1.3734207	-0.120005965	-0.22617358	-0.075837955	0.5095522	-0.0056000063	-0.9622558
0.22894585	0.3224387	0.5326861	0.06891976	-1.1135446	0.87148875	0.7102957	0.30165365	0.59342587	-1.1427823
1.0111086	0.19044307	1.3732958	0.8417425	-1.1299295	0.23634696	-0.87035376	0.53554577	0.8032348	-0.86600566
0.5186868	0.986933	0.6775861	0.2763434	-1.0987844	0.13418618	1.6383789	0.15880258	0.6072542	-1.0029469
0.35534447	1.3312016	0.8304024	0.06944807	-2.0038133	-0.4527877	1.4969178	0.36255813	-0.4530956	-1.7813736
0.11083194	-0.6620071	0.68795437	-0.00068823993	-1.3013334	-0.26905736	-1.4026675	0.9481603	-0.35332203	-0.8019831
3.4607527	5.108064	2.5410233	2.801567	1.2920213	2.0796614	4.466795	1.2052331	1.8462088	1.1862795
0.2742096	0.9703227	0.56574655	-0.0022431314	-0.9681494	0.6469661	0.9744359	0.679607	0.086541764	-1.2477326
0.024653576	0.5632589	0.5113572	-0.1730711	-0.74680436	-0.5063942	0.16943906	-0.03851571	-1.2141033	-1.4687471
-0.21498391	-0.8726771	0.25846496	-0.31151843	-0.91895294	0.37174386	-0.5529647	0.5165669	-0.30267817	-1.7303407
0.24739414	0.070786774	0.6778716	0.07566105	-0.79891145	0.8567706	0.4838825	1.5437714	0.4514313	-0.73988795
2.2126439	1.2339525	2.271813	1.8897758	-1.0964626	3.999528	1.2025052	3.0792685	2.9927487	-0.6329636
-0.6467327	-0.59260833	-0.20965073	-0.6380872	-0.32572755	0.083110854	-0.4216303	0.57268214	-0.0043862234	-0.30042467
2.2649155	1.4372917	1.7281698	1.9670739	-1.4238652	0.3370787	1.5336933	0.36154646	0.12217806	-0.6128556
2.815787	0.41857585	3.0578942	2.3746107	-1.5231515	1.9326894	-0.123767786	1.8033446	1.810777	-1.4398487
2.8912575	3.2052896	2.816938	2.5010865	0.44331285	3.010585	3.159369	3.1118052	3.040973	-0.3127014
1.0973004	1.2974033	1.0840064	0.79682577	-1.2082031	2.1362488	1.3863639	2.4540792	2.1143963	-0.8412207
1.1694231	0.61612403	1.7769107	0.89619124	-1.1365224	0.94672406	-0.66971457	0.5343421	0.08675509	-1.1030694
2.430966	1.8417637	2.5708377	2.2208793	-0.1467368	3.0435364	2.4783518	3.3965075	3.189285	1.4037092
-0.47993168	0.14185035	-0.34758064	-0.54896927	0.15734908	-0.6593874	-0.9504144	-1.1180047	-0.6775724	-0.9714066
0.31803966	1.0194737	0.4144624	0.031813413	-0.9718342	0.3798988	0.67806196	0.8169992	-0.116166554	-0.7311447
0.72629017	-0.10548845	1.2379001	0.5121262	-1.0312093	-0.5375686	0.33082625	1.2106888	-0.31528482	-0.091406494
2.5807378	2.129533	1.9768131	1.8612256	0.41650984	0.010635179	0.6639996	-0.8071188	0.2906761	1.077181
0.33462283	1.4238645	1.1879047	0.14577223	-0.20922996	2.0386531	3.5952737	2.4490638	1.6731821	0.22771008
-1.4356335	-0.1321998	-0.74520457	-1.5649323	-0.550982	-1.3272978	-0.1671204	-1.4323807	-1.067818	-1.11703
-0.73529375	-1.1493182	-0.020476937	-0.7003406	-0.62698954	0.05823989	-0.67022103	0.7171686	-1.0678626	-0.62675214
1.2949528	-0.21585497	1.6545582	1.0914562	-1.476768	0.19026914	-1.510734	0.40759066	0.5394002	-2.666702
1.1718938	3.4826949	0.9035473	0.78042936	-0.23452899	0.8501716	4.080293	0.18041742	0.60844857	0.24311168
0.86156315	1.8429952	0.81462896	0.627108	-0.647086	0.1609119	1.1194379	-0.20171143	-0.075917065	-0.7179308
-1.7193655	-1.8087177	-1.2156689	-1.6497549	-1.7040184	-1.9965482	-2.3443098	-1.1537977	-1.8924553	-1.9447392
0.09064891	0.20371458	0.5521724	-0.10409278	-1.5536584	-0.22817613	-0.7509482	0.78394824	0.062351998	-1.3386986
0.74023	0.80987823	0.9551091	0.5084319	-1.160886	0.4276664	0.44846496	0.34051144	0.354216	-0.62863547
-0.43505827	-0.7454065	0.1926032	-0.5722828	-1.298546	0.18601774	-0.5368821	0.38426545	0.11272555	-0.5352203
0.094557844	-0.28240383	0.5104514	-0.13457309	-2.1807275	-0.11314607	-0.38436192	0.118795685	-0.17627932	-2.2748122
0.7416636	0.9296069	1.2460221	0.5210368	-1.2478299	0.39516816	1.6945685	1.4730037	1.0434337	-1.3839571
-0.13322051	1.8707657	-0.031773746	-0.40163374	-0.35068992	0.15121418	2.5178504	0.69637257	-0.16145782	-0.20745607
0.50880677	0.13418204	1.0140234	0.23857017	-1.1319747	1.0685283	-0.05050222	1.444977	1.0198793	-0.7975047
-1.5671575	-1.6003474	-1.064735	-1.5150121	-1.5447196	-1.5328081	-2.279821	-1.4662685	-1.3292783	-1.9758464
-0.23587742	-0.7931212	0.13331345	-0.3463688	-1.5463437	-1.220217	-1.292602	-0.23282546	-1.3389795	-2.2037833
-0.7204789	-0.30666682	-0.40526375	-0.84529746	-1.0149498	-2.0303745	-1.9955997	-0.320904	-1.063025	-0.677966
0.42617193	0.5989065	0.7448168	0.21766649	-1.306615	-0.4536133	-0.40524873	0.47648183	-0.56615454	-1.970986
-0.105931155	1.0307105	0.21112174	-0.37410593	-1.1677948	-0.22149582	-0.27396315	-0.5796271	-0.95897037	-1.9564509
0.9146359	1.3914441	1.0297552	0.61013645	0.40636954	1.3109772	2.445014	1.1852365	0.8463003	0.87745047
0.20686528	0.33086315	0.18729636	-0.0017674118	-0.62039655	-0.90366626	-0.39683518	-0.7474306	-0.8142752	-0.9197988
0.5232796	0.769848	1.0562886	0.29223502	-1.2401199	-0.0132626295	-0.08645292	0.7495906	0.6444937	-1.3985786
0.88975495	1.8483818	1.5018228	0.60340375	-0.9086348	0.6956579	1.9481294	1.249698	0.49518973	-1.3365204
0.101852186	-0.52113575	0.5198643	-0.08606919	-1.8920057	-0.23798102	-0.7578113	0.4131781	-0.73119617	-3.5176911
-0.7790358	0.327163	-0.39992407	-0.9708095	-1.1452439	-1.9177889	-1.0052259	-1.2919754	-1.8279356	-1.5781493
-0.043510832	-0.13115111	0.3764408	-0.2797544	-1.4597586	-0.12032585	-1.283362	-0.12961434	-0.36353058	-1.6064268
1.9481841	1.0084903	2.098983	1.5766467	-0.30710328	4.7449493	1.5917332	4.8380113	4.2485905	0.73080695
0.95559376	1.6288202	1.1962616	0.6534801	-0.7455032	0.31141388	1.0037657	0.6189424	0.040200386	-1.2122846
-0.8129291	-0.52545595	-0.6960819	-0.8070138	0.52936983	0.16852827	-0.02033188	-0.21013536	0.59430534	1.0978826
0.15891305	0.18697917	0.5194571	-0.1049567	-0.67363507	-0.16772619	-0.4089261	-0.16146779	-0.32790023	-1.1886718
-0.994935	-1.184716	-0.52255404	-1.0066	-1.2144444	-0.9259087	-0.90806687	-1.1916242	-1.2240362	-0.8198686
0.35329714	0.43163857	1.0993725	0.09648992	-0.44134742	0.35648263	-0.22053035	0.82692754	-0.34070307	-0.9965766
-0.3649616	0.87081623	0.013982683	-0.5694819	-0.5205085	-1.1511817	-1.1159306	-0.4203879	-1.3692249	-1.4591753
-0.21149865	-0.027523935	0.13501343	-0.4093141	-1.3866961	-0.3148442	-0.3564616	0.12819034	-0.18767755	-1.3677003
0.31280676	0.6664655	0.6977179	0.059477344	-0.6952214	-0.634114	-0.66733146	-0.26492527	0.26556107	-2.185175
-0.11000351	0.002548337	0.1048522	-0.22855546	0.25943425	-0.6387777	0.75536084	-0.88611764	-1.2820685	0.22086585
0.30770603	3.5340793	0.1698694	-0.15923847	0.085819036	-0.6315288	3.2572777	-0.452727	-1.4896706	-1.6012878
0.41460496	0.35714576	0.7397275	0.25383705	-1.1074564	-0.3615774	-0.5216877	-0.054966442	-0.5511186	-1.0671986
1.3186266	3.025536	1.5621247	0.94767475	-0.17134029	0.50692654	2.4761379	1.2865385	0.33648822	0.38317263
-0.4565979	-0.4942113	0.3542002	-0.5944644	-1.2634758	-0.5179102	-0.7556063	0.6467182	-0.27447793	-0.84974396
-1.9762436	-1.5412431	-1.2890494	-1.98902	-1.1361995	-1.6537976	-1.2072395	-1.7444003	-1.2274235	-1.0195774
1.0197228	1.1446645	1.4446726	0.7310924	-1.2443142	1.3332745	0.5475309	1.5954251	0.73242265	-0.9031108
0.90419143	1.4940169	0.98237324	0.6351568	-0.40683168	2.0333672	2.0676045	2.4346368	1.2179407	-0.0054545547
-0.6336673	-0.622527	-0.19156215	-0.70918715	-1.3217659	-0.2981789	0.07236984	0.14317778	1.138399	-1.3828052
0.8652149	0.7632992	1.25785	0.6015863	-1.9259312	0.6576732	0.5302383	0.74182224	1.1809157	-2.4828556
0.029064767	0.084801346	0.43772924	-0.120517686	-1.3577585	-0.3581216	-0.3049504	-0.5197617	-1.1591651	-1.5374471
1.0286922	1.3500125	1.3542538	0.703515	-1.3024292	0.39951786	0.6419458	0.9361616	-0.20687643	-1.3165509
1.6891414	1.3259758	1.9859942	1.3196242	-1.2495259	2.614319	0.9975477	2.2113683	2.1736374	-1.4836079
1.1224146	1.9834976	1.7638674	0.82851994	-0.60169756	1.8636557	2.6478097	2.24515	1.8111389	-0.29387617
1.1781346	6.188973	1.2797794	0.83827853	3.2300034	-0.66743463	3.9073575	-0.620521	-0.25333855	2.8462708
0.7286239	0.83288074	0.5818228	0.52798444	-1.2814201	0.10488833	-1.0278487	0.6961017	0.079387195	-1.440694
-1.5525277	-1.5133451	-0.9090893	-1.5617334	-0.9385632	-2.0922883	-1.7196285	-0.69775134	-0.837237	-1.8087409
-0.38155183	0.6489537	0.18918802	-0.5672775	-0.5519081	-1.1030217	-0.8781565	0.07049527	-0.93031377	-0.634229
1.0910611	2.5227063	0.70417994	0.7881905	0.74089384	1.2435453	1.7281345	1.3005512	0.65628713	0.019754916
-0.18209949	-0.7428051	0.17335892	-0.29270446	-1.2398291	-0.6126976	-1.1289856	0.32562435	-0.7458399	-1.277066
0.613804	1.341027	0.5773585	0.32721806	-0.8670068	-0.15720223	0.8624452	-0.42358786	0.016088411	-1.2593725
1.4889787	1.4939322	1.8368452	1.2657459	0.014393151	3.7246616	3.1218696	3.3850114	3.2871292	-0.41233048
0.64455485	0.93929005	1.1132921	0.378932	-1.4068955	0.4433619	0.7021219	1.0928494	1.0847319	-0.8648518
-0.342584	-1.1943976	0.2678576	-0.45690972	-1.920444	-0.8374786	-1.5705045	-0.83976144	-0.9033784	-1.8825269
0.28426313	0.45107356	0.45736235	0.1569898	-0.43340364	-0.6775729	-0.48493108	-0.1475428	-1.360121	-1.666694
0.12302775	1.2611954	0.39181492	-0.20893063	-1.1472285	-1.2406682	-1.2952127	-0.9562103	-0.76613855	-1.1289481
-0.438288	-0.46812677	-0.12867355	-0.4650843	-0.8019523	-0.68492705	-0.9589345	-0.37520102	-0.7536386	-0.54498464
-0.5332067	-0.95225644	-0.12498519	-0.56731665	-1.4874144	-1.2214136	-2.0674615	-0.57456535	-0.60553104	-1.3396904
-0.17008963	0.17196354	0.42827788	-0.40275705	-1.4443597	-0.4573749	1.0455464	0.25582153	-0.8544601	-2.101352
0.16751003	1.715622	0.5966122	-0.069945775	-0.79881203	0.61097246	1.2226152	0.9834096	0.24073231	-0.9535008
1.4495417	1.1827865	1.9856424	1.1368947	-0.9406345	1.7962964	1.7968805	2.447605	1.2393905	-0.016732784
3.6238472	5.92394	3.5446649	3.062026	1.0234684	3.7710114	4.661573	4.1975794	2.6506302	0.017752312
2.894258	2.3767178	2.8825102	2.4371114	-0.658269	1.6956401	2.128831	2.5064807	1.1643939	-0.87126905
-0.0007268265	-0.21303788	0.2857458	-0.17470999	-1.5047308	0.65420336	0.36934254	0.42307222	-0.24463129	-1.0851641
0.4343038	1.2669339	0.9701712	0.24143164	-0.4468978	-0.4110005	1.1958965	0.03530299	-0.4797271	-0.94028044
-0.9568665	-0.8037262	-0.5053158	-1.049139	-1.6045629	-1.1807668	-1.4583448	-1.027601	-0.7912821	-1.7195047
1.3944755	2.0379298	1.7083756	1.086056	-0.9215019	0.49839097	1.5798497	0.7321218	0.12686619	-1.8594595
-0.58705217	-0.68138236	-0.22552651	-0.65425587	-1.1045566	-0.5491991	-0.6166672	0.1669078	-0.6066017	-1.4820092
0.18824175	1.0586905	0.56896985	-0.09582526	-1.1049687	-0.0014304408	1.5177034	0.42464146	-0.40569326	-0.9771377
1.5084759	1.8469007	1.7961947	1.154575	-0.8688334	0.042309348	1.8339859	1.2438745	0.6255098	-1.4303449
0.49689707	0.56188214	1.0921385	0.32808852	-1.1295601	0.23345332	0.35472953	1.160659	-0.09402529	-1.3500953
-0.60410506	0.3615463	-0.30881408	-0.7473734	-0.04327354	-0.9844769	-0.42316052	-0.8940732	-0.096484505	-1.4569119
0.6065806	0.38965943	1.0957711	0.4397788	-1.0838603	0.78368765	1.4075639	1.3134122	1.0663214	-1.441938
1.3638126	3.4905996	1.4690807	0.8310698	-0.40319663	0.37155232	3.9434083	1.0038936	-0.15097001	0.12112927
-0.4619747	-0.40943184	-0.16186377	-0.61244684	-1.2027787	-1.0190455	0.2138143	-0.3720763	-0.8003512	-1.3405682
-0.36867762	-0.04749754	-0.0071007907	-0.503994	-1.2468516	0.059903536	0.75229406	0.24424638	0.017288698	-1.0600858
0.22552675	1.8292811	0.59548664	-0.22784908	-1.0555516	1.6930872	3.5236447	2.6661894	0.80841345	1.2298625
0.05047583	0.5208297	0.3848976	-0.20244353	-1.0722426	-0.90878534	-0.6072411	-0.15526725	-1.7296005	-1.3424159
0.4986144	0.48703834	0.856647	0.2998817	-1.4100195	-0.78350466	-0.28233424	1.7744021	-0.28469598	-1.4746816
0.8020717	1.0041462	1.2215918	0.5434341	-0.8621682	1.0088593	0.5170183	1.5145886	0.51793575	-0.3786
0.20017609	1.24369	0.5003152	-0.057316974	-1.1411618	-1.078809	0.286631	-1.1961775	-0.8714947	-1.2500905
0.94854647	0.7218386	1.4398677	0.7263811	-1.0780884	1.7549167	0.5887567	1.5417681	2.5930529	-0.6733228
-0.9732536	-0.05486706	-0.3001915	-1.3509374	-2.4513733	-1.5473883	-0.7159006	-0.5522343	-2.88513	-2.304936
1.8689154	1.4317033	2.1507845	1.5384057	-1.2673818	3.240133	1.524047	2.6638966	3.456606	-1.2640085
0.7894807	0.3787702	1.0222565	0.5625022	-1.3737462	1.9613284	1.0938715	2.071355	1.8377112	-0.7023582
0.1476359	0.16433111	0.56897855	-0.06490418	-1.3012856	-1.3942833	-0.5057759	-0.92076737	-1.0447621	-1.9069034
0.55110663	-0.006450802	0.9720235	0.33445942	-0.8403189	-0.26141375	-0.7412433	0.1362199	-0.2300153	-0.95080525
0.9331619	0.7814318	1.3032928	0.61342233	-0.8220812	0.94576806	-0.5789257	1.156378	-0.12076366	-1.2449659
1.9461507	1.1819541	2.3346863	1.7233274	-0.33857778	3.2698398	2.963322	3.5640223	3.3652499	0.5273835
0.5542061	0.19977364	1.0515887	0.32072675	-1.3354144	0.087411635	0.17128225	0.6784365	0.060686275	-1.0093032
-0.043198325	1.0822985	0.35418496	-0.43346757	-1.441985	-1.6847187	-1.1994298	-1.3138707	-2.4731145	-2.015027
-0.15289259	-0.03520134	0.21222863	-0.4596908	-2.1966653	-1.1576004	-0.9223265	0.8213924	-0.8329876	-1.3688244
-1.1514889	-1.3953232	-0.6777344	-1.1754197	-0.6310165	-1.1683763	-1.5994285	-0.86162317	-1.9494203	-0.4400908
1.0555284	0.70490515	1.1937337	0.810592	-1.3503956	1.9744465	0.7880259	2.029645	2.1858318	-1.1051987
1.809874	1.4645969	1.8595328	1.4988811	-1.1875904	1.4582273	0.72737694	1.3261219	0.82614815	-0.67833275
-0.08640819	0.006621361	0.5721741	-0.2346219	-1.3896037	0.62966144	0.08033767	1.1210728	0.6583343	0.42088377
1.2633066	1.2738335	1.6429977	0.9230083	-0.7198559	1.8582315	1.9910103	1.7246734	1.8837308	-0.6636399
-0.51386446	-0.5015124	-0.0820888	-0.6443678	-1.1700658	-1.3316913	-0.009280078	-0.48087418	-1.1898718	-0.9657184
0.45458648	0.6811131	0.79005766	0.22055833	-1.4928784	-0.9058927	-0.91890717	-0.14270492	-0.6653532	-2.222234
-0.3651407	-0.16690668	0.031035691	-0.42977828	-0.76268303	-0.053441152	0.5583624	0.6444319	0.3104846	-0.71757054
1.017731	0.6591959	1.6232574	0.7943022	-1.3897281	0.67135346	1.4318905	1.7737243	0.55616444	-1.316409
-0.3376311	-0.28068635	-0.13285083	-0.51543754	-1.5689207	-0.35089287	1.0206116	0.22245589	-0.7548692	-1.1675467
0.09544974	-0.07195395	0.63527703	-0.05169289	-1.5039027	-1.0740042	-1.6120682	-0.66423035	-0.60250074	-2.0857556
-0.34164825	-0.803738	0.16352406	-0.4742539	-1.5716535	-0.78430694	-1.4747983	-0.12770876	-1.1426367	-1.7628324
-0.14046681	0.87352145	0.26695374	-0.40877467	-1.1972508	0.23660177	0.77847904	0.40687314	-0.50604117	-1.2297434
-0.56127226	-0.2199924	-0.19419017	-0.70766795	-0.9562113	-1.1159467	-0.34920993	-0.66043067	-0.63490325	-1.0911989
-0.2818709	0.19974592	0.14272603	-0.32448468	-0.22517589	-0.6420526	0.13298188	-0.19410622	-0.28094745	-0.06185444
0.5065952	-0.10156341	0.79487526	0.30398583	-0.9973799	1.0882055	-0.32764012	1.746843	0.6255098	-1.1816996
0.2569538	1.1997876	0.94463205	0.10284521	-0.5222237	0.07631954	1.1806288	0.51957417	-0.14328322	-1.2261376
-0.0889486	3.554656	-0.048847646	-0.54280114	0.80390346	-1.6715894	2.7741246	-0.21791142	-1.9653174	0.15025406
1.128638	1.5830452	1.2436692	0.76067865	-0.9523363	1.388099	3.171352	1.2720416	0.8546987	-0.23457783
-1.4790387	-1.4063791	-0.94767296	-1.494578	-1.4220443	-1.7428423	-2.4876766	-2.066887	-2.6807494	-1.2372483
-1.2712967	-0.44656855	-0.7638633	-1.3295476	-1.0449144	-1.7974715	-1.2578113	-1.1084685	-2.1297245	-1.358069
-0.39563546	-0.5350312	0.021912068	-0.4134866	-1.0173701	-0.899089	-1.5026759	-0.8745774	-1.3806604	-1.2834615
-1.561185	-1.7542788	-1.0297719	-1.5171772	-1.3370351	-2.2312832	-2.2314875	-0.9426579	-2.4511669	-2.751844
2.0660067	1.8116338	2.4067276	1.6313651	0.0015719235	6.498182	3.481376	7.131652	5.908159	1.5288622
1.661476	2.591233	2.140394	1.3568299	-0.8742595	0.7830654	0.96693265	1.450906	0.589719	-1.2991985
-0.56637734	0.36084697	-0.2528555	-0.80067503	-1.0165119	-1.4070883	-0.65287507	-1.6068679	-2.089309	-1.005488
-0.22148529	-0.27036434	-0.020327002	-0.4523937	-1.505794	-0.11114054	-1.283611	-0.19628932	-0.70757586	-1.3935473
0.49181303	2.9136555	0.6857021	0.038868412	-0.3703965	-0.6106836	0.72238946	-0.84889233	-1.4736223	-0.99533796
-0.039534114	0.7930399	0.48233405	-0.34421438	-1.3796488	0.41282	1.3829445	1.0586034	0.13187286	-0.5753767
0.15201524	1.9706554	0.16699201	-0.13051866	-0.32439458	0.06919156	2.0342128	-0.05687461	-0.3150463	-0.4445563
1.2760335	1.3290923	1.6907607	1.0609968	-0.4544103	-1.0727456	-0.3089015	0.13113186	-0.6342946	-2.0160987
0.88517475	-0.17411962	1.0222979	0.7339213	-1.2014272	-1.1033757	-0.97383004	-0.07614671	0.5633009	-1.9045466
0.054595046	0.7381532	0.5122901	-0.12427217	-1.2148403	0.62799704	0.6894862	0.5414272	0.15812773	-0.9451399
-1.6926105	-0.82466996	-0.9822353	-1.6964414	-0.17166072	-1.6318843	-1.5007004	-0.18010747	-1.6581104	-0.02313458
0.6660473	1.8177834	1.279343	0.35312164	-0.34124184	2.539451	1.772638	3.4088058	2.2168775	-0.039388962
-0.30760875	-0.54150975	0.19589314	-0.46129173	-1.5010408	-1.6779798	-1.823259	-0.6594665	-1.4422581	-2.6998355
0.8666496	0.70788515	1.598907	0.6921078	-0.9538834	1.8626747	0.7024921	2.0169096	1.3716381	-1.4429855
0.03488096	-0.9377738	0.7213813	0.011761114	-0.99012434	0.6752651	-0.9425766	1.662653	1.3974503	-1.0005586
-0.6512974	-1.4805247	-0.03422913	-0.76268697	-2.229703	0.5064391	-0.85823995	1.10942	0.60459965	-2.3991055
1.4057218	3.5253341	1.819029	1.0152329	0.037012845	-0.40462556	1.7883544	-0.027267223	-0.87805027	-1.0629056
1.0937976	1.8738179	1.4024647	0.6408937	-0.8065533	3.3173552	4.422104	2.3534749	2.8741229	0.3100328
-1.2434992	-1.2814643	-0.7782018	-1.2567911	-1.4509274	-1.3456073	-1.9477592	-0.5127229	-2.0518992	-1.6480259
1.4958189	1.747945	1.7163794	1.0067058	-0.08011609	0.027035464	1.5108204	0.094522536	-0.81055087	-0.13613456
-0.091414906	-0.35774356	0.28500432	-0.288998	-1.5662932	-0.38739678	-1.0900546	-0.28373745	-0.77591485	-1.3889503
-0.07800971	-0.30927593	0.43267477	-0.27493542	-1.6457763	-0.4417185	-0.70817995	0.2657965	-0.39703417	-1.1821386
-0.25685915	-0.40923947	0.28627276	-0.41103888	-1.4267446	-0.24466719	-0.72989404	-0.23221189	-0.54453903	-1.2445244
0.13238671	0.43886712	0.50007486	-0.1472632	-1.4075738	-0.24683557	1.2044647	0.96415067	-0.67696404	-1.5076771
0.30681518	0.14017922	0.94600224	0.11639564	-1.2135785	0.39407513	-0.3395532	0.69706243	1.3048913	-1.5138096
1.6965365	0.15784079	1.9193625	1.4859511	-1.358682	0.024905756	-0.36678612	0.13788414	-0.73822457	-1.7343289
-0.74001914	-0.81286407	-0.41450354	-0.7566253	-1.3563149	-1.3069098	-0.8580472	-0.23720555	-0.5477304	-0.9153974
0.38416028	1.1333228	0.9339659	0.12110232	-1.0626099	2.037034	2.8178134	2.775518	1.4228204	0.50973254
0.9314814	0.26309186	1.383279	0.74859965	-1.2698047	-0.3208001	0.6275232	0.5261503	-0.38152072	-1.1048633
-0.24252966	0.7087307	0.54593873	-0.3593598	-0.2231832	-0.29021105	0.07055773	-0.8126096	-0.847897	-1.1483428
0.19261959	0.16409743	0.63573074	-0.08655062	-1.4656621	0.057675358	0.9045641	0.56100017	0.47144863	-1.4296644
-0.6072651	0.97367966	-0.43871894	-0.8855874	-0.85008574	-1.2047656	0.32943064	-1.2935102	-1.7532307	-0.28696126
-1.0367821	-0.82950795	-0.5966115	-1.0771917	-0.7038428	-1.4135032	-1.3605865	-1.6849477	-1.448749	-1.8113315
-0.43301174	-1.4585264	-0.08721343	-0.55040896	-1.690293	0.9594739	-0.90186244	1.07959	0.001199129	-1.9694463
1.4895706	0.8338251	1.9184272	1.339519	0.01430279	0.27966112	0.7980912	1.0299654	0.31725115	-0.5836886
-0.9526422	-1.0062822	-0.47659042	-0.9910908	-1.2323468	-1.87166	-1.7612408	-1.1896319	-1.9472054	-1.1139855
2.4956586	2.3751295	2.5569017	2.120572	0.70722497	1.4177662	2.9258292	1.7526057	1.4827585	1.6712072
2.1088622	2.9500666	1.9287167	1.6520596	-0.27323997	1.1168964	2.4001002	1.0104153	0.4374573	-0.76958483
0.1144697	0.65575314	0.42108053	-0.07659742	-1.2208983	-0.33837903	-0.30803278	-0.21575513	-0.23128818	-1.475316
0.48380157	0.44527152	0.9875518	0.25735945	-1.9620289	0.22429284	0.5000946	0.14044335	0.7391587	-2.516495
-0.3168716	0.16385916	0.124851614	-0.50730795	-1.339483	-1.0060245	1.1871092	-0.0051878328	-1.1525152	-0.54702854
0.81668806	3.3767245	0.37382865	0.3493222	0.14754388	1.5566878	2.0125551	-0.47850573	0.8286309	0.2190136
0.5872977	-0.30185997	1.1490906	0.49743617	0.07666364	1.2353779	-1.116141	1.6404289	0.7247443	-0.090910226
0.9555827	0.07005069	1.2445271	0.7451668	-0.6122254	0.3517166	0.33726406	1.1012428	0.16131245	-1.1353697
1.0677699	2.9452288	1.4890107	0.8715987	1.5968193	1.1286951	0.6073402	2.3158877	0.9965716	0.34122527
0.32474828	0.6174886	0.5886419	0.12414612	-0.6871244	-0.24725997	-1.1603458	0.338115	-0.94421047	-0.3646856
0.1686512	-0.34886652	0.57992744	0.0043831468	-0.7850872	0.8644663	-0.6337956	1.0898423	1.059058	-0.76025736
0.4453996	0.8855593	0.51959646	0.12719537	-1.21072	0.5783548	0.4708645	-0.33052638	0.34591773	-1.4164306
0.115206204	-0.5024873	0.64317507	-0.058631375	-0.9832382	0.5513493	0.29568812	0.9484336	0.6627566	-1.2471566
1.0441984	2.6770902	1.1864328	0.4163245	-1.264075	-0.676388	2.263716	-0.89771205	-1.3137956	-1.8090352
1.8819306	1.0537103	2.743479	1.6118491	-1.0930508	1.4033374	0.7677043	2.3485236	1.4599681	-1.7747812
0.36856014	1.0235393	0.58892167	0.14072366	-0.32702762	-0.6630155	0.33793378	-1.323828	-0.7522809	-0.03907606
-0.6037286	-0.5740863	-0.16178674	-0.6530179	-1.1957337	-1.0929624	-1.5629122	-1.0374368	-0.67769766	-1.6267409
1.0969163	0.5680349	1.2212175	0.97373486	-0.84318805	1.3837955	0.42328423	1.730599	1.14129	-0.5220978
-1.4503968	-1.5425749	-0.9658716	-1.440783	-1.1823997	-1.8824729	-2.0411239	-1.1239532	-1.8466786	-1.023346
0.25123152	0.01857534	0.49732846	0.053678304	-1.5767502	-0.26231954	-0.9683049	-0.12176131	-0.7355411	-1.7594628
1.7333071	2.131376	2.008155	1.3762692	-0.35724518	0.7009826	2.186328	1.6616517	-1.1777807	-1.1378694
0.78179497	0.9790677	1.1871856	0.49604565	-1.2019778	1.6057881	2.470732	1.9246619	1.2924198	-0.8984047
0.2656112	-0.3811438	0.96331275	0.16896652	-1.1252809	0.72512084	0.09256693	1.1747178	0.2313586	-1.5293834
0.7169114	2.065463	1.1200972	0.39202946	-0.75321543	1.4586015	2.4061189	1.99194	0.98281986	0.07091114
0.20571819	-0.17716543	0.6331728	0.075082645	-1.0605613	-0.16843322	-0.5985733	-0.08903391	-0.8526326	-0.9688145
-0.19346443	3.6672	-0.021449596	-0.59518784	0.5084336	0.008593462	4.2250648	0.16758235	-1.0269524	0.4706107
-1.7800633	-1.6463708	-1.1926006	-1.6914151	-0.19070193	-1.8293803	-2.0536442	-1.7339475	-1.4772973	-1.3147848
-0.38930315	-0.014519036	0.0466948	-0.5465346	-1.4123403	0.29893735	-0.51181155	-0.33962157	0.49585173	-1.0986272
1.6916032	1.5135955	1.9586185	1.389969	-0.39965695	0.9950571	0.78737026	1.8188481	0.83102113	-0.70748055
0.17193305	0.87562513	0.7683016	-0.081930235	-1.4260781	-1.2140418	0.027378477	-1.2704879	-0.1798067	-2.3693745
0.9258367	1.5744928	1.1964408	0.6243626	-0.49138114	0.16526566	0.7656891	0.44197068	-0.7300838	-0.11374641
-1.0248153	-1.0987877	-0.389784	-1.1430885	-1.6603438	-0.6597268	-0.81241286	-0.2697487	-0.7091866	-1.8182294
0.30754194	-0.76299715	0.6637652	0.23120438	-1.290599	-0.051816408	-0.33784992	0.7426642	1.563301	-1.0892671
-1.8771383	-2.0009546	-1.2321776	-1.8515953	-1.7683121	-1.6896414	-2.2004936	-1.25033	-0.51359695	-1.9544846
-0.13965291	0.492085	0.38738257	-0.37443042	-1.1180205	1.0584282	1.1381466	1.450202	1.1236365	-0.5447438
0.26850757	1.340896	0.47631422	0.034385473	-0.90304875	0.37175077	0.75198656	0.3414503	0.12175079	-0.9166445
2.1705906	1.5082777	1.9992672	1.8688252	0.8961719	0.8080269	0.98957646	-0.00063603243	0.9869621	-0.2465914
-0.26758915	-0.45259196	0.44310376	-0.4387049	-1.8824453	-2.1883693	-0.903142	-1.2243394	-2.3275976	-1.7432399
2.071318	2.46864	2.0869	1.7341658	0.03933078	1.063478	1.7108766	0.74807066	0.19384104	-0.78450215
0.13531691	1.1527743	0.6417031	-0.12909354	-0.8278004	-0.34264928	-0.25387433	0.5438049	-0.25778037	-1.4200097
0.42553154	1.6821011	0.72904253	0.19229384	-0.40027142	-0.6590559	2.062258	0.71936095	-0.516528	-0.46656117
-0.36985257	0.2294592	0.39175138	-0.5262177	-1.5332962	0.21738486	1.9665118	0.38414437	-0.16247709	-0.516525
-0.080083676	-0.4549833	0.52938235	-0.29440838	-2.1194763	0.26228583	-0.15669003	1.0821333	0.49510148	-1.6110482
0.565655	-0.17988914	0.69955754	0.30988514	-1.0627248	3.9057045	1.5128242	3.3764195	3.0204768	-1.1895227
0.3863255	0.047107697	0.8793436	0.17069505	-1.4307772	0.0033263322	-0.23884259	-0.000781727	-0.11295054	-0.52848613
-1.4072677	-1.5279471	-0.86743295	-1.3996831	-1.1805022	-1.9039117	-1.6513425	-1.2869375	-1.5214039	-0.90168643
0.036307715	0.39158824	0.25525028	-0.07004291	-0.91868126	-0.10906556	0.1474582	-0.63892406	1.3650968	-1.1518124
-0.415033	-0.16308993	0.050964504	-0.50386024	-0.3359807	0.058566444	-0.9827953	-0.4344159	-0.6910961	-1.1469127
-0.6220507	-0.65418077	-0.22533777	-0.7652905	-1.5205165	-0.5803593	1.0416727	-0.40318665	-0.7905239	-0.8311372
0.65865755	1.362545	1.2773825	0.34951645	-1.0740743	0.3595944	1.9526266	1.0097647	-0.41408727	-0.9813102
0.896895	-0.236047	1.4955751	0.700219	-0.51522493	1.1342489	-0.74971366	2.1426327	0.8010404	-0.86060786
0.78985435	1.4783968	0.9909252	0.37732112	-1.0319388	0.59945524	2.0030236	0.6251675	0.58266884	-0.8332244
-0.083428696	1.1044759	0.124693125	-0.38374457	-1.4023007	-1.0319855	-0.1928924	-0.6833914	-1.490409	-2.0642068
1.2649883	0.18235004	1.9349186	0.90247726	-1.2673794	0.96118784	-0.26808947	1.9430865	0.9000442	-1.8894726
0.90030867	1.1160389	1.40678	0.7455769	-0.5512755	1.8893018	1.1950877	2.1807892	1.9089559	-1.6417719
-1.4672158	-1.8278763	-0.975947	-1.4178642	-1.4828746	-0.8689109	-1.5406007	-0.34306505	-0.43299562	-1.1883197
-0.1437991	0.40407673	0.5371089	-0.3075691	-1.1013838	1.9863968	0.97547567	2.824505	1.446129	-1.2507979
2.0865195	1.9857526	1.9229345	1.7386515	1.0181396	1.4760666	2.4253824	1.6080288	1.0349559	2.7977576
0.18077767	1.8234301	0.552511	-0.12339143	-1.1288528	-0.4642812	0.42150354	0.1508239	-0.7247101	-1.3415715
0.47088215	-0.010460466	0.86235666	0.31593835	-0.6628379	-0.32425728	-0.25336352	0.4809485	-0.32557887	-0.80615276
1.3714324	0.9354255	1.7334245	1.1125702	-1.2980088	0.14247088	-0.055643342	0.34586886	0.1811497	-1.0470129
0.24938986	-0.4766098	0.68816936	0.018368408	-1.5222088	1.0745786	-0.31838715	0.98023313	0.52901477	-1.7594105
0.804704	1.4074644	1.3511349	0.6695238	0.21638337	0.13064243	2.1613393	0.99654144	0.016115692	1.3414264
-0.9141461	-1.1227269	-0.4432325	-0.93872994	-1.4265174	-0.3830825	-0.48634735	-0.122402705	-1.2476419	-0.29922444
1.2499678	3.726752	1.199197	0.67776006	-0.32313532	1.2520827	3.6635213	1.5743483	0.8758458	-0.6016469
1.0133985	1.146143	1.6285796	0.6988784	-0.23195812	0.73587877	0.08083158	1.5550203	0.23128012	-0.9305018
0.8694981	0.2733946	1.1098717	0.6151229	-0.7056721	-0.34965304	-0.9825435	0.5741651	-0.10074633	-0.56167626
1.1377815	0.6494132	1.1652508	0.90605986	-1.0506874	0.1950137	-1.1702993	0.6008914	0.087844364	-1.9629674
1.0239373	2.7964418	0.9573704	0.6897869	1.6133498	0.94005907	3.2389684	0.5641247	0.33829734	1.0070187
0.28855303	0.12537429	0.7995496	0.09824751	-1.2346616	0.741711	1.0843378	1.3415525	0.43926308	-0.2549968
2.5058281	1.4487623	2.7713537	2.1292133	-1.0909201	2.6346073	4.361117	3.0489962	2.1394756	-0.08349216
-0.5229545	0.74028933	-0.21681687	-0.6909934	-0.65326416	-0.4666139	4.7808404	-0.24720047	-0.3758135	0.39623308
2.1836057	1.2269887	2.196765	1.8627532	0.023299783	1.9704155	1.1652769	1.9688818	1.614178	0.025801504
0.93629545	0.76518464	1.2587332	0.66330427	-1.0174112	0.46921298	0.40161315	0.21059749	0.5519299	-1.253955
0.2034078	0.7546836	0.58217204	0.020208865	-1.0794367	0.04268543	-0.19975613	-0.46078253	0.04316866	-1.1851751
-0.1126148	0.34516886	0.010364577	-0.29892403	-0.8596449	0.99821436	1.9398841	0.8025751	0.5252588	-0.6510438
-0.18247017	-0.7647741	0.35899368	-0.33893448	-1.0167068	-0.8713447	-1.0894202	-0.5130393	-0.028551377	-0.6033732
0.24072263	0.06897923	0.35629502	0.1650541	0.070162386	2.5387843	0.15867993	2.3106654	2.4721024	-0.46710363
0.10382301	-0.62462175	0.4967753	-0.044372365	-1.7147005	0.06230409	-0.70610327	0.37439278	-0.22456138	-1.778668
0.729687	1.7609128	1.0695233	0.39505684	-0.82185686	-0.841277	0.83302486	-0.7295224	-0.88831097	-1.3574445
0.48751757	2.7317839	0.36191386	0.17149068	0.4552773	-0.45114693	0.91269016	-0.36961612	-0.46351478	-0.69935983
-0.35149977	-0.3614286	0.023379058	-0.51669693	-2.0998752	0.39069456	0.8457221	0.82521725	0.111209884	-2.409373
0.19348535	0.2880861	0.5654851	-0.02767913	-1.471552	0.022672448	-1.6461856	0.5461325	-0.3486034	-1.3918611
1.364134	1.1532714	1.894249	1.1455281	-1.2395883	0.53268707	0.53245646	1.4829514	0.011774343	-2.129038
-1.5027556	-1.5969446	-0.9550983	-1.4884284	-1.6565845	-1.6791252	-2.1795995	-1.6723483	-2.1375976	-1.4793011
1.4471685	2.4742312	1.6330438	1.1365194	-0.5260408	0.9558768	3.1585274	1.3017911	0.95523787	1.4685838
0.41136774	0.7004845	0.84246707	0.19115107	-0.9981334	-0.054806896	0.54663146	-0.20778264	-0.30243027	-1.1118587
3.462265	3.6588447	3.6364071	3.0537906	0.20175204	3.2775934	3.39318	3.6086893	2.8574822	0.50919247
0.15461737	0.40857634	0.5632831	-0.05037643	-1.1976191	-0.31639123	0.39997607	0.069372475	-0.08216641	-1.6563287
0.72171706	-0.07781373	1.0491029	0.57213986	-1.2402761	-0.6907512	-0.058784742	0.23324232	-0.19324437	-2.1303782
0.87941176	0.47614422	1.4142028	0.6093034	-1.396326	0.34150708	0.17140198	1.4508806	-0.29679632	-1.1170654
2.9731677	1.6647754	3.0147839	2.5073218	-0.9324225	2.3418558	1.9686123	2.5137625	1.9414035	-1.2518439
0.095727526	0.14039287	0.50954646	-0.06485087	-1.3233812	-0.4861891	-0.42151317	-0.18070537	-0.5390143	-1.6537839
-0.0075622424	-0.537758	0.5003133	-0.22563453	-1.7271107	0.31286657	-0.19819015	0.56757206	0.030832104	-0.9383257
-0.8872062	-1.2699628	-0.42782	-0.95410967	-1.7965313	-1.8803346	-2.3378499	0.38778532	-1.947661	-2.2782845
-0.12404511	-0.42301115	0.19224083	-0.27649254	-0.14761959	0.8391719	-0.3489562	1.5006108	1.0605757	0.3285255
-1.4489398	-1.5067561	-0.9661497	-1.4227425	-1.0151535	-2.0573726	-2.531496	-1.1983647	-2.6921117	-1.0567788
1.5459181	3.6350586	1.2997301	1.205813	0.98149157	0.98991024	3.8733728	0.2877896	1.0459971	1.2650697
0.85235405	1.5148611	1.0354145	0.5620399	0.0012434423	1.9024824	2.4721196	1.1367317	1.9916015	0.5032619
0.61443573	-0.063103646	1.2546833	0.4583279	-1.6564316	0.38880593	-0.15253355	0.56167394	-0.046320867	-1.1036514
1.305239	-1.23098	1.5009496	1.1144974	-1.4499921	4.1534286	-1.1171641	3.8977158	3.0813417	-1.3730011
-1.2232056	-1.1695185	-0.7045449	-1.2495251	-1.4080917	-1.2081121	-1.0683286	-0.35766634	-1.3740079	-2.3315935
0.5840566	3.0787404	0.7152354	0.13627668	-0.38598722	0.70493084	4.0310035	0.60587424	-0.38379806	1.7582058
0.046256654	1.1521134	0.28056073	-0.11029047	-0.19723842	-0.51686525	0.07249336	-0.25575262	-0.3960007	-1.0560559
0.6077422	0.92234063	1.3508042	0.40829122	-1.2775427	1.6200265	1.4029454	2.2015948	1.0055691	-1.4077371
0.9062931	0.5714195	1.5658479	0.72457063	-1.1695751	1.3684891	-0.19822468	1.3274044	0.50055295	-1.2588295
1.2094164	0.20049328	1.7619097	0.9969137	-1.5531288	0.9767135	0.22362071	1.3159806	0.7899073	-1.5158587
-1.2591863	-1.2966975	-0.82953846	-1.286199	-1.3159641	-1.974768	-1.7660415	-1.0345371	-1.3684462	-0.34737685
-0.72753006	-0.94776595	-0.1650669	-0.8423468	-1.636253	-1.5191493	-1.2427316	-0.7820021	-1.267381	-1.6874886
0.40951934	-0.36123002	0.7313968	0.20980285	-1.5124406	-0.57824624	-0.60343164	-0.2530394	-0.89949566	-1.7657971
0.7972376	1.2441154	1.1195273	0.5543932	0.2290583	-0.53349334	0.5710239	0.11198845	-0.8457476	1.0150527
-0.2693819	1.099606	0.01690498	-0.4835744	-1.3888528	-0.9267298	3.2474313	-1.2159323	-0.52328604	-0.99747473
1.3164775	2.626955	1.3344457	0.9438261	-0.2766496	0.2472253	2.5874727	0.87699336	0.2657044	-0.5914691
0.746494	1.0586482	1.2372298	0.46075243	-1.4585146	0.4539571	1.4255252	0.7842902	0.3196855	-0.9822121
1.9934455	0.59178483	2.4983246	1.645532	-1.2897974	2.126744	1.068855	2.9307475	1.5825288	-0.9454374
-1.6436851	-1.7795625	-1.1429517	-1.576167	-1.6746716	-1.5444953	-2.0294507	-3.0406826	-1.2198658	-1.7744128
1.4411197	-0.081978425	1.7168542	1.2039939	-1.1582181	0.9154636	0.055941876	1.4026458	1.3044759	-0.92257285
-1.5537761	-1.6396197	-0.9821168	-1.5471214	-1.8713764	-0.7845241	-0.7838674	0.082719445	-0.7968524	-1.8730501
-0.057394274	-0.32434112	0.39079574	-0.16539778	-0.796471	-0.94627327	-1.2835853	0.057588264	-0.29865944	-1.6693325
1.0026605	0.67906046	1.3496858	0.71244	-1.8276831	0.08834251	0.44284448	0.4430642	0.33131212	-1.8864821
-0.013026364	0.41108385	0.2360234	-0.2127425	-1.095016	1.4170347	3.584706	0.39543918	1.2574673	0.086749814
0.09516821	0.115300745	0.68255717	-0.09004621	-1.2453773	-1.9077495	-0.6038467	-0.44851232	-2.5612698	-1.9465266
1.2688155	0.06999776	1.7079333	1.0009737	-1.5449523	0.3792888	-0.4856244	1.0613371	0.20586157	-2.292901
0.3881227	-0.5282264	0.8203746	0.19571374	-1.445425	0.28518102	-0.88001233	-0.1342695	0.36936092	-0.74867374
0.9582034	1.4045227	1.3165928	0.6456337	-1.1355258	-0.5921016	0.7572051	-0.49548382	-1.6011461	-0.0009497863
1.9403976	0.3151001	1.9511975	1.6378442	-1.4156747	1.4664432	-0.5894029	1.7222688	1.2874693	-1.1478766
0.27413005	0.2991055	0.77723193	0.102801874	-1.2612607	-0.25865638	-0.18961449	0.5834886	0.34404168	-1.3613043
-0.61103165	-0.880219	-0.17192546	-0.7020401	-1.512284	-0.6280448	-0.4232901	0.17923935	0.3367183	-0.33290347
-1.1130093	-1.2351345	-0.61358297	-1.1534969	-0.9993919	-0.85436726	-1.0243775	-0.5742577	-0.5709958	-0.8178241
1.7441187	2.473544	1.4962418	1.1631932	-0.3834701	1.999616	2.7875714	2.1795511	1.464716	0.62959456
-1.515068	-1.4100536	-1.0443522	-1.4950725	-1.3567966	-0.13099773	-1.0146158	-0.083499566	-0.599	-1.466632
0.19588703	0.16060162	0.6138683	-0.00019802153	-1.2847044	0.24343216	0.2439759	-0.2060163	0.3883622	-1.2831525
-0.18950585	-0.033163697	0.3419988	-0.32928658	-1.064547	-0.14442344	0.28371638	0.19839996	-0.6817112	-0.2899537
-0.57106805	-0.58053243	-0.16558105	-0.6387422	-0.9253248	-1.1742251	-0.8878004	0.105534784	-0.44828412	-0.9367605
0.5705863	0.43703464	0.8656161	0.24492653	-0.96179664	0.19658127	0.06550581	0.4803602	-0.27605018	-1.7053721
0.9958084	1.3294923	1.161329	0.6931197	-0.5238707	0.18385437	0.44057107	1.0809813	0.21701886	-1.7637143
0.5194736	-0.24758634	0.8667629	0.29853964	-1.2723607	1.336383	0.48608443	1.6390599	1.386827	-1.2165995
1.6588026	3.413998	1.3687079	1.2105168	0.36432788	1.7716327	4.0468307	0.817115	1.4041721	1.1343243
1.4692892	0.22277787	1.4100126	1.4268031	-0.6364366	0.3614958	-0.74136907	0.3638759	0.8264388	-0.52415913
-0.5915392	0.2858099	-0.33733526	-0.8610382	-1.393911	-0.36902624	0.6660252	-0.44374514	-0.5319946	-0.6268431
-1.4319867	-2.1219018	-1.0399762	-1.2529725	-2.4257362	-1.4646018	-3.0023768	-1.259731	-1.2188591	-2.1607594
-0.53685975	-0.33286527	-0.17234316	-0.70048416	-1.7712448	-0.07586441	-0.5482362	-0.106764294	0.018734505	-2.009609
-0.68730557	0.24238819	-0.42310175	-0.7974374	-0.1460193	0.660637	1.683329	-0.6436685	-0.2549049	0.6017615
1.4308943	1.8876419	1.4796201	1.1416277	1.3611932	1.3459231	0.96678	0.62932885	0.803952	0.44276008
-0.14652279	-0.09158155	0.3121743	-0.35168642	-1.0018104	0.9417224	0.059235014	0.37366	-0.27977893	-1.8472104
0.2010605	-0.096158594	0.55439365	0.085898325	-1.0527829	0.8038225	0.51848346	1.1892384	0.18605897	-0.48894745
0.67638475	1.9131887	1.3489263	0.39512378	0.5700655	1.5002409	2.239405	1.2858205	1.1021427	1.1778343
1.1230685	0.6459192	1.6786408	0.99733365	-0.6768148	0.35199037	0.17768888	1.1120414	0.07459168	-1.231235
0.37015134	1.8510411	0.86717105	0.1133046	-0.80623984	-1.2051355	1.2395022	-1.1443552	-1.7906886	-1.2633357
-0.21209359	-0.04879561	-0.18848914	-0.27554646	1.0376259	0.11295709	-0.5541425	0.3880689	-0.11745352	-0.73675174
1.9433306	2.2524195	2.1303	1.5794773	-0.6657332	2.0713027	2.7357526	1.8978052	1.5176717	-0.79354423
-0.5355817	-0.6570487	-0.18686739	-0.62525445	-1.3307505	-0.78550255	-0.8640817	0.058158405	-1.1759214	-1.4668897
-0.23970461	0.78655636	0.22768012	-0.44033426	-0.9596634	-0.49267134	0.7431785	0.046862934	-0.58030367	-1.5190288
-0.8046641	-0.8305862	-0.19836316	-0.9157236	-1.4737173	-0.76505667	-0.9787764	0.51122504	-0.7222898	-2.3458712
0.493759	0.30380812	0.8517368	0.23282956	-1.2362667	-0.24418038	-0.6820717	0.19589262	-0.17041008	-0.9631115
0.010629177	0.8808696	0.6877886	-0.25106186	-0.27730656	1.071112	1.4883226	1.2531998	0.6483257	0.3917859
-0.4260824	0.27449837	0.11563864	-0.6429523	-1.482181	-0.66682065	-0.7588782	-0.12490961	-0.9276391	-1.244805
-1.418078	-1.0837293	-1.014808	-1.4700173	-1.2952859	-0.96080256	-1.5270894	-1.3744541	-1.1170739	-0.92213386
-0.47328192	0.008214682	-0.2842919	-0.7444884	-1.5265895	-0.7200421	-0.5507732	-0.32075313	-1.3310515	-1.555298
0.792821	1.0913676	1.0503227	0.59469914	-1.6183251	1.9127072	1.7333139	1.7242515	1.6432803	-2.4115531
0.647192	1.2918789	0.93838024	0.37244225	-0.91994905	1.08942	1.0560511	1.396667	0.62813115	-0.3245781
0.21584925	0.48026922	0.6807129	-0.0040994883	-1.1542805	0.8222443	0.53102106	1.3878604	0.8703576	-0.7637915
1.6961153	1.565567	1.8697921	1.4190892	-0.1537773	0.72876227	1.6201987	0.98357207	0.7467479	-0.30601794
-0.09802823	-0.020586133	0.55030954	-0.3085068	-1.3549615	-0.094029	1.6217482	1.4119307	0.59994435	-1.2457845
0.24332729	0.7940116	0.66863024	0.04065357	-0.7097217	0.7290108	0.9067659	1.0392324	0.14260411	-0.90166634
0.56456596	1.3503524	0.74519944	0.36028063	-0.6608897	0.865393	1.1720855	1.105898	0.53116804	-1.1242431
0.7201245	0.33483526	1.2095636	0.5104514	-1.496186	0.46768373	0.45236653	0.6433646	0.6781963	-2.0214188
1.0143826	3.591522	1.3696771	0.5205434	-1.3283494	-0.07694556	3.1247919	0.5151196	-1.0815024	-1.3813491
0.34764025	0.2534881	0.7833606	0.21116193	-1.0503056	0.5366578	0.313486	0.9163028	0.41747627	-1.5755535
0.018795393	0.17429903	0.2970483	-0.20388493	-1.1908143	0.07009602	-0.3119781	0.25465018	-0.82430404	-1.6286268
0.7654168	1.4961165	1.2417113	0.5405194	-0.5917519	0.40825462	-0.050542165	1.607296	0.41130516	-1.6596175
-0.2345204	-0.6509521	0.19612393	-0.38249797	-1.0983729	-0.903897	-1.7645254	-0.41251618	-0.758809	-1.67743
0.72670203	0.7159643	1.3377572	0.48008394	-1.0835239	0.59465075	0.5672564	1.1496434	0.45880905	-0.707522
0.35580546	-0.0399414	0.97164893	0.19118585	-0.94636214	-0.5939699	-1.8004062	-0.0063456115	-0.7121021	-1.7604704
-0.65147334	-0.7293366	-0.18562981	-0.7046001	-1.3396317	-1.1447145	-1.3053353	-0.61464524	-1.2824486	-1.1720031
-0.80047345	0.7117876	0.11189675	-0.99607414	-0.7374046	-0.6221975	0.8088784	0.280486	-1.0386645	0.6448342
-0.121341415	0.9314891	0.3541031	-0.34777844	-1.0618838	-0.00030499048	1.6514226	0.4820928	-0.1433352	-1.790802
-1.7344505	-1.7239633	-0.97971666	-1.7482129	-1.3869113	-1.8392147	-2.0043416	-1.1618397	-1.075726	-0.62945235
0.07969954	0.32136956	0.36013442	-0.06410365	-0.97546864	-0.85065526	-1.2512628	0.06439499	-0.6394508	-1.2582332
-0.9356199	-0.96388984	-0.48928055	-0.97194284	-1.0147549	-1.1830876	-0.60080224	-1.2977798	-2.6818929	-0.37782162
-1.5836855	-1.7307924	-1.2115796	-1.5957891	-1.2017387	-2.0061703	-2.239404	-2.1693938	-3.6171703	-1.7783012
-0.03165754	-0.15177771	0.5800617	-0.119875856	-0.98691154	0.15735239	-0.12853165	0.940528	0.08870731	-0.9781419
1.2676998	0.41415218	1.1941671	0.9689381	-0.9691987	0.6655282	0.27536213	-0.16247459	0.39756557	-0.60257214
2.3491323	2.44191	2.359592	1.922816	-0.3658104	-0.07557692	-1.2654018	1.3912843	-0.28469598	0.20055756
1.7124444	0.30386284	2.179321	1.5869803	-0.683185	2.5202668	0.5989161	2.9553018	2.8288548	-1.133765
1.2655935	0.5606644	1.4168973	1.0543962	-0.8760581	2.8505013	0.80650705	3.0394518	2.39029	-1.2034653
-0.18302676	-0.3479394	0.29967195	-0.32547557	-1.4073094	-0.6210831	-0.8529309	-0.85772765	-1.2045407	-2.2055447
-0.14107025	-0.01717031	0.19051021	-0.304223	-1.0498096	0.67670244	0.5396337	0.49855083	0.040378366	-1.1038685
0.6059561	4.015111	0.9913796	0.23265086	0.60938156	0.85759866	4.2649913	1.6185788	0.2360266	-0.99568087
-0.66182834	-0.09780055	-0.43290952	-0.7139101	-1.1662093	-1.2855265	-1.2973379	-1.2569052	-1.2951959	-1.3233117
-0.08073877	-0.86601305	0.38088828	-0.22966038	-2.7420368	-0.67925286	-1.1069549	-0.39116153	-0.096406706	-2.631643
1.324804	1.4866934	1.4704636	0.97297835	-0.7607161	0.41739038	1.0518258	0.967927	-0.25736117	-0.9786847
0.1499658	-0.31164908	0.6354181	-0.0074395984	-1.0324109	-1.4435587	-0.100119665	-0.7352916	-1.3603476	0.09525027
0.4502543	0.675792	0.96731925	0.25746065	-0.91758597	-0.06529731	-0.034007203	1.0518681	-0.8636726	-0.71028554
1.71126	1.6101674	1.796892	1.35801	-0.68596953	1.9642956	1.1814765	1.9413328	2.4280927	-1.6169257
0.0959358	1.2314793	0.28778765	-0.14495198	0.6687869	-1.0066372	0.09402367	-0.24706526	-0.89264905	-0.4737009
-0.0153293945	-0.7992579	0.5193269	-0.1502923	-1.7094144	0.3355517	-0.8558758	0.35777315	-0.061735783	-2.077581
-1.2184464	-2.06377	-0.49579492	-1.1481853	-1.6432086	0.054259535	-1.5159773	-0.59334624	-0.54256696	-1.6933739
-1.4469689	-1.7568691	-1.0050564	-1.3978646	-1.0988503	-0.53170264	-1.0773917	0.29433647	-1.1326929	-1.1399457
0.41503572	0.09860954	1.1511543	0.21080314	-0.7824967	-0.22920333	0.6352732	0.69828147	-0.57966727	-1.1476372
0.7770366	1.8041799	1.3328501	0.47230446	-0.3279835	-1.3091682	-1.1807064	-0.9538623	-0.28469598	-1.2692393
-1.3185662	-1.1657788	-0.81388354	-1.3355062	-1.6059301	-0.4821475	0.82359594	0.38500062	-1.7701228	-2.1480296
0.6647784	0.37029877	1.2315034	0.4826964	-1.4230368	0.6995649	0.10841471	0.98954433	0.68025434	-0.8971918
0.117943905	1.2777891	0.50413203	-0.12251145	0.25504413	0.05423229	0.6552375	0.42209357	-0.30624783	0.37189412
0.30972365	-0.38033995	0.70832443	0.18468331	-0.84078825	0.49312145	-1.061928	0.53487134	0.6790727	-0.8473524
-0.15886292	-0.3845767	0.523837	-0.2992835	-1.1242301	-0.30845505	0.13492621	-0.22347102	-0.52256507	-1.8274955
0.049190402	-0.24562989	0.5133351	-0.14475599	-1.6549394	0.2673571	0.20507799	1.1005052	-0.3210326	-1.9671327
-0.8765395	-0.6840421	0.25341496	-0.9397695	-1.0494381	-1.6079142	-0.32518	-0.17482759	-1.9553547	-1.462692
-0.18748924	-0.37549603	0.21459198	-0.2547896	-1.1462919	1.1941737	0.781569	1.2503498	1.3357742	-0.77753043
-0.3573543	-0.4872354	0.031487465	-0.3973111	-1.1432251	0.88008124	0.3644529	1.1606847	1.1029384	-0.9912249
1.2760748	1.9291418	1.3120022	0.888337	-0.78526807	1.030966	0.9766289	1.1751274	0.3016764	0.30490607
0.59698075	0.15711468	0.9604125	0.4091072	-0.9356967	-0.53220326	0.45042524	0.70901686	-0.41735518	-1.6260456
0.42796472	0.18126038	0.45593467	0.29174978	-1.2533407	0.44845363	-0.39029777	0.073575184	0.20035256	-2.0671499
-0.5529688	-0.16642514	-0.08141348	-0.51967394	0.9438336	-0.81343424	-1.3341995	0.0074018906	-1.068478	-0.85138613
0.981607	0.71975994	1.5940619	0.7069793	-1.7538048	2.8626132	2.2374477	2.9668767	2.1726668	-0.05008218
-0.91695917	-0.8357171	0.10123399	-0.9972359	-0.6431464	-0.9763067	-1.7953318	-1.0291257	-0.9217725	-2.356768
0.79385304	1.9270654	0.9911535	0.41516298	-0.9362737	2.9275525	2.4121556	3.1909056	2.1911018	0.4304665
0.54162633	0.05621168	0.9447006	0.42623925	-1.1908355	1.1383438	0.4416775	0.64709085	1.4647152	-1.3317925
1.4609389	3.6244113	1.8946896	1.1860155	0.59475255	1.7569282	3.852796	2.001646	1.2678186	1.861615
1.2275687	1.1890422	1.4703829	0.9625671	-1.2470393	0.97117263	0.7739982	1.514947	-0.12076366	-1.0631845
0.46967825	1.4335127	1.1687083	0.21752958	-0.6484448	0.12069169	2.2036815	1.2201222	-1.0744079	-1.6223463
0.8904513	1.5382369	1.473914	0.57060313	-1.0723267	-0.29973683	0.9495763	0.8980097	-0.38379806	-0.98896426
0.50909513	1.404715	0.8747053	0.18978517	-0.6137395	-0.9117658	1.795054	-0.2522513	-0.46305186	-0.8764808
1.3838447	1.6131823	1.9264381	1.213708	-0.6517197	1.638241	1.369157	1.8986957	1.7045321	-1.2736664
1.173375	1.1147346	1.4942665	0.87049377	-1.2717098	0.8425077	0.9689529	1.4632065	1.4641988	-0.4572546
-1.138895	-1.1669008	-0.7016326	-1.1280489	-1.4549059	-1.6806266	-0.8912591	-0.9587179	-2.4380603	-1.8688289
-0.86143166	-0.90216315	-0.4534923	-0.9044335	-0.4160215	1.0405645	0.6605576	1.1460993	1.1650795	-0.8570414
1.5748712	-0.24334274	1.8866296	1.4402204	-0.8869237	-0.6608897	-0.7383142	-0.3155225	-0.091095746	-1.098816
-1.4317768	-1.5391606	-0.80914474	-1.3813766	-1.2905549	-0.28004265	-1.0619347	0.28230378	-0.19521926	-1.8388216
0.8673709	1.7011409	1.1733614	0.50311893	-0.8907205	2.1474502	4.2081695	1.8710272	1.5314754	-0.5780174
2.2166512	2.181358	2.660564	1.9346435	-0.45229757	4.5486317	2.9801	4.692103	4.0804787	0.062704846
1.288788	2.576579	1.5067592	1.0068622	0.31057474	0.09739843	0.64237773	0.45156404	-0.9173552	-1.53
1.5811952	1.5981115	2.1948898	1.2944572	-0.70029885	2.1783853	1.2108283	2.6816971	1.3605529	-1.5207781
0.13629326	0.79883635	0.5516119	-0.14319551	-1.4975524	-0.30438632	-0.58121973	0.2431597	-0.12004733	-2.4275856
-0.67672545	-0.7380471	-0.3349578	-0.7053012	-1.2928677	-0.98312044	-1.1693926	-0.7194454	-0.68882877	-1.6476116
0.5379294	-0.14384049	1.1654255	0.2869432	-1.9841424	1.9119529	0.551217	2.1846766	2.09914	-2.8050003
-0.11778841	-0.40157983	0.2671014	-0.3246166	-2.118777	-1.1820455	-1.2751422	-0.72954977	-0.6319581	-1.9828025
-0.1787563	0.19890943	0.38410366	-0.23380442	-0.7544331	0.62475216	0.40389594	0.7193603	0.026540082	-0.89467925
1.1107337	1.7737341	1.4688702	0.77012277	-0.4556842	1.1703126	2.065148	1.8799473	1.6089522	-0.039883375
0.1159746	-0.2649614	0.66577363	-0.052677974	-1.6229485	-0.07960741	-0.16699275	0.93627596	-0.025058482	-1.369791
0.042790882	1.4456968	0.3060794	-0.29924762	-1.0296583	0.36749265	-0.52439857	0.5587905	-0.3179992	-2.5276647
0.83789134	2.2776067	1.1533774	0.5074804	-0.87533736	1.2396481	1.4590214	1.7864296	1.2255839	-1.0266801
-0.016323574	-0.4029624	0.5297899	-0.08716963	-1.1432856	-0.10116623	-0.55166864	0.7079174	-0.87679464	-0.88359255
1.6147821	0.8476882	1.8610399	1.3168299	-1.6455868	1.925275	1.3629404	2.5450702	1.9565957	-1.0235614
-0.2649122	-0.25739932	-0.13414001	-0.35437548	-0.24773818	-0.7588659	0.064617135	-0.64688647	-0.8281854	0.70680296
0.08412545	-0.7606447	0.6348543	-0.07240945	-2.0300071	-0.19787037	-1.1829586	0.5117832	-0.62816125	-2.3522406
-0.5302731	-0.11946225	-0.045673937	-0.7131488	-1.053929	0.8034466	0.35088685	0.89440703	0.32886407	-1.2375299
0.7916386	0.7555238	1.3764535	0.5628948	-0.6372671	0.3278681	1.1215386	1.124604	0.47802702	-1.4027674
0.4209036	0.3422586	1.1392415	0.21202926	-1.0183837	0.23369898	0.80413646	1.12886	0.55751747	-0.53754205
1.2002363	-0.33472586	1.9466203	1.0169302	-1.5606798	2.586437	0.9796792	3.3975093	2.4094079	-1.4647596
0.3613622	0.11681476	0.7673358	0.15863822	-0.8798003	0.073609255	-0.5623331	0.1154127	0.18684812	-1.3069123
-1.032732	-0.8457521	-0.5572336	-1.1082916	-1.4640912	-0.39027554	-0.61991143	-0.16858096	0.42900416	-0.46167743
-0.3538344	0.43335822	-0.017586559	-0.60464454	-0.519786	-0.64612037	-0.65559983	-0.95785946	-0.86907697	-1.5722309
0.39777926	0.34039864	0.78272843	0.14772837	-1.3426617	-0.19246642	-0.426619	0.88052356	-0.09711081	-1.6322558
-0.62550944	-0.6858901	-0.20994356	-0.62326115	-1.0319769	0.047991812	-0.2585303	0.45978445	0.16669075	-0.44655773
1.7528394	3.4286554	1.6581075	1.1756414	-0.09789744	0.56720173	4.066287	0.16346109	0.38074192	-0.956683
0.6461889	0.28783283	1.0622269	0.48233467	-0.49675313	-0.20805402	-0.82259935	0.22088699	-0.54879874	-1.2043037
-0.5597826	-1.1218747	-0.19364783	-0.55380166	-1.1351644	-0.25820082	-1.8350701	0.427792	-1.1248887	-1.8478613
-0.03081784	-0.4531415	0.40708727	-0.19898643	-1.2418526	2.4278326	-0.14161848	1.9646407	2.877048	-1.3720139
1.9033407	2.3614733	1.9071479	1.4340246	-1.1918206	2.529691	3.016578	1.8162537	1.5792385	-1.565194
-0.2747823	-0.24778053	0.040784955	-0.43046504	-1.5652021	-0.65968466	-0.15587148	0.34935394	-0.55542785	-1.3747795
0.9549821	0.83312976	1.6462306	0.6917569	-1.0753292	0.06652464	-0.11610486	1.0930313	0.26556107	-0.9982969
-1.6790761	-1.6497368	-1.1077907	-1.6310096	-0.5756055	-1.4471555	-1.6170115	-0.87203956	-1.4465635	-1.0871751
0.03825041	-0.4798805	0.6228093	-0.23487903	-1.0720181	-0.6532993	-1.433752	-0.27130297	-1.5709958	-2.0219905
2.774976	3.2321157	2.7110374	2.415709	0.23308966	2.749983	1.8974183	2.9105194	2.4467838	-0.12017008
0.5276157	-0.09842786	0.89046025	0.38823473	-1.3241751	0.29516372	-0.19084132	0.5651551	0.26129654	-1.4929359
1.5465882	2.7919765	1.4770012	1.2383502	-0.16312036	0.04287547	1.2047359	0.89125144	0.49986207	-0.24955001
0.2296547	0.18300197	0.7358074	0.081345156	-1.3652456	-0.7877591	-0.5555706	-0.03833321	-0.13434252	-1.7256337
-0.30968788	-0.04051134	0.21954581	-0.46354485	-1.1760905	-2.1958303	-1.9357728	-1.0526178	-1.655398	-0.4502748
-0.011235114	-0.4209988	0.52066946	-0.17645022	-1.9654768	-0.16356532	-0.00014309897	0.6195702	0.035044197	-1.696985
1.2031393	1.0998797	1.5741508	0.9630436	-1.2734574	0.8345509	0.13606271	1.1618247	0.5556519	-1.2995822
0.2566023	0.4869977	0.98965454	0.16259612	-0.95774376	0.63746	1.9965167	1.9371338	0.5312841	-0.9753822
0.7309233	2.9664268	0.91836023	0.44981134	-0.015805036	1.0127122	2.6055794	1.4806173	0.9497147	-1.1777561
-2.0500007	-1.8950639	-1.3331635	-2.03047	-1.1039866	-2.3714502	-2.3603067	-1.7127821	-3.1506913	-0.70016944
0.5233401	1.2037743	0.93101513	0.22649525	-0.8955201	0.3865851	0.4768284	0.66257095	0.5152671	-0.76077396
1.0426815	2.6196356	1.3187767	0.6913301	-0.5923904	0.8651624	1.7278163	1.3250761	0.7523099	-1.5748398
0.88042545	1.4724157	1.2390587	0.6147578	-0.6231204	0.44300452	0.41847926	0.7616635	-0.18933226	-1.6041886
-0.535559	-0.8135356	-0.07635033	-0.64313173	-1.1428945	-0.7602692	-1.7691472	-0.23469159	-0.6163372	-1.2239892
0.31393003	1.6767539	0.37991253	0.045850962	-0.14581624	-1.9312962	-0.3862634	-0.7310396	-1.2198658	-1.1151904
0.38864872	-0.6424829	0.93990755	0.26769155	-2.3028657	-1.0478168	-0.925332	-0.5297618	0.026540082	-3.2878308
0.44004008	0.39894328	0.65987366	0.23717834	-1.0747675	-0.15195622	-0.3806306	0.8050909	-0.21986574	-0.8206124
0.7589558	-0.06263283	1.1494861	0.57589906	-1.2207892	-0.29655913	-0.7218569	0.46468112	-0.66384196	-1.1733859
-1.2732996	-1.2994471	-0.9177326	-1.2882289	-1.0082444	-1.9695514	-0.85658723	-0.86830807	-2.1577127	-1.3258603
-0.18362293	-1.1667049	0.1619977	-0.25699735	-1.381291	-0.14545734	-1.9560714	-0.11038038	-0.35749075	-1.1482942
0.5305466	-0.09000966	0.9167793	0.3500827	-1.4689898	-0.92933357	-0.87717015	-0.60034126	-1.5754229	-2.1470337
0.5243318	-0.20232561	0.9103637	0.25239033	-2.0137804	0.08829737	-0.10140797	1.1373286	0.112339325	-0.8172441
-0.4631977	0.37112072	-0.027464539	-0.68625826	-0.8249345	-0.9788194	-0.39730653	-0.8325643	-1.319036	-1.035166
-0.02256155	1.0071051	0.5654371	-0.21162647	0.46708968	-0.78769004	0.873738	0.29631168	-1.7519339	-0.1871561
-0.33155617	-0.16703907	-0.09732452	-0.48318887	-1.2172011	-1.1695502	-0.88138986	-0.6546098	-1.230731	-1.1858065
0.22593239	-0.10217726	0.7952925	0.09145643	-1.1730053	-0.4342059	0.27438372	0.20366454	-0.10541966	-1.1433119
-0.31231296	-0.8734232	0.13829842	-0.40233988	-1.0577878	-0.44996676	-0.8941262	0.18277732	0.46952245	-1.8278702
0.15671948	1.4273391	0.6157619	-0.12928918	-0.80078274	-0.49556118	0.091734976	-0.56074923	-2.290255	-0.9633207
0.25713786	-0.50966746	0.6639106	0.043638274	-1.8395618	-0.015675798	-0.69636554	0.80763495	-0.3402514	-2.2049983
-0.46912512	-0.43228287	0.26062533	-0.5967551	-0.35721612	-1.1272433	-1.1404959	0.14205626	-1.757273	-1.6887153
-0.22261617	0.6746948	0.24144089	-0.49580866	-1.3218724	-1.0410697	0.0683366	0.971064	-2.2106955	-0.9335007
0.071160816	1.355978	0.30064806	-0.25138226	-0.3505038	-1.0199618	1.3976407	-0.63093764	-2.081651	-0.8021313
-0.5208991	0.6454345	-0.091362715	-0.7956933	-1.0830255	-0.6291537	0.20145822	0.37124342	-0.09219437	-0.6884617
-0.18430476	1.7262176	0.3297019	-0.45164424	-0.9658277	-0.32594314	-0.3613025	1.1639888	-0.19260848	-2.488461
-0.22174507	-0.33895975	0.14937407	-0.3591514	-1.1950191	-0.5301751	0.15278181	0.5962822	0.5497548	-1.0597206
-0.3248982	-0.370901	0.027078286	-0.47978467	-2.0113382	-1.2319019	-3.4164698	-0.99727625	-0.77260184	-3.258424
0.21394348	-0.52800834	0.9092871	-0.01814352	-1.4133703	2.4120743	-0.3622018	3.305054	1.9527109	-1.7803338
0.15341106	-0.44643092	0.8898066	-0.10169162	-2.4066305	-0.040547773	-0.5849202	0.64109236	-0.198868	-1.645776
-0.047161855	0.16533026	0.54525876	-0.22141679	-1.3003671	1.0149248	1.1397355	1.6276038	0.7692219	-1.6452984
0.5528122	5.7255416	0.6508526	-0.063197	-0.2241011	0.37774307	5.7589245	0.5213425	0.120932095	0.49899322
-0.7111261	-0.4935018	-0.25568226	-0.9029317	-1.381486	-0.6479667	-0.5066238	1.7482029	-1.023852	-0.82301223
-0.35599297	0.89726233	0.06251779	-0.64376724	-1.1917462	-0.5748547	0.23902452	-0.28932554	-1.0954792	-0.867801
-0.001713492	2.2145975	0.48622257	-0.23361284	0.32280895	-0.9532903	-0.41612947	-1.0689237	-1.3113654	-0.9789426
0.8723203	0.67497575	1.6265792	0.5888612	-0.30885667	2.6811028	-0.03818111	3.4393454	2.7555578	-0.21323732
-1.6021082	-1.7201604	-1.030563	-1.5988883	-1.6606368	-1.8363674	-1.742254	-0.9408732	-0.70251304	-1.9912331
-0.6523502	-0.8726312	0.009714693	-0.83789206	-1.518284	-0.9315762	-0.84950113	-0.23188202	-0.20251302	-1.9836868
0.21097308	-0.59620965	0.8197819	0.087309256	-1.6652207	0.367866	0.1937591	0.9483807	-0.3129498	-1.8145263
-1.4254695	-1.5783458	-0.8501959	-1.405924	-1.1972765	-0.6498557	-0.8693875	-0.16580829	-0.5113995	-1.3286065
0.9922436	0.83501565	1.3530527	0.68665403	-1.2643347	0.2163596	-0.69557804	1.1274775	0.15554824	-2.5034876
-0.6213722	-1.3304085	0.029778168	-0.7086176	-2.5352306	-0.5347368	-1.8169398	0.2763615	-0.27673566	-1.5577681
0.6856263	1.9477041	0.73506004	0.5639093	0.93941975	0.1395893	2.0002015	0.1595927	0.26549846	0.21479018
0.45771316	-0.51630163	0.8583641	0.25542736	-1.9785796	0.2937277	-0.6985994	0.4615684	0.03957358	-2.240064
-0.12739876	-0.1772204	0.12634	-0.24568631	-0.9167142	-0.43515137	-0.64015716	-0.2765844	-0.76735353	-1.9433205
0.27274203	0.16181147	0.8088776	0.026520655	-1.6697209	-0.106693015	-0.03597334	0.73186505	-0.24654111	-2.3496704
-0.4622461	-0.20293513	0.0003644824	-0.5180265	-0.77098095	-1.8215454	-1.2027646	-1.5132793	-1.5990243	-0.5668936
-1.2671375	-1.2213562	-0.68541324	-1.2746844	-1.3099468	2.5718367	-0.632178	2.3598022	0.8938095	-0.9170697
1.4318594	4.24293	1.9613177	0.9118948	0.25611588	-0.9399808	2.6228373	0.074555986	-0.4094715	-1.5558174
-0.028149165	0.85239804	0.30535257	-0.24750647	-0.7474134	-0.17925543	0.106196254	0.7442783	0.5050057	-1.3365146
-0.013565458	0.026198924	0.44800273	-0.12531291	1.0636771	-0.68151677	-0.79009664	-0.9264514	0.24302393	0.45615232
-0.61112434	-0.3391644	-0.029564768	-0.7041099	-1.4325366	-0.10122016	0.10640141	0.2270904	-1.6559583	-0.6763588
0.40444115	-0.2508968	0.7676414	0.20531227	-0.86319494	-0.73855275	0.09938466	-0.429397	-0.6895154	-0.92214066
-0.28237426	-0.8397484	0.2812967	-0.40377104	-2.150514	-0.20522724	-0.37355515	-0.2143559	-0.44843957	-1.5610387
2.8595634	1.0749748	3.2935522	2.457096	-1.0245231	3.069141	-0.0210989	2.7970862	2.5219572	-1.9820837
-0.4124973	-0.409408	0.010448307	-0.5188579	-1.5599343	-0.37842354	-0.6004352	-0.21085338	-0.71434253	-1.8191363
-0.7494139	-1.1380002	-0.40181968	-0.7734627	-0.5427824	-1.2516621	-1.7097553	-1.1995977	-0.624111	-0.48000032
2.1752307	2.0002563	2.2131734	1.8217416	-0.26830208	1.4053394	1.588829	0.973341	1.0148687	-0.9360745
0.78074706	1.2651957	1.0829659	0.52293396	0.083946794	1.2461869	1.7002052	1.8524371	0.8077328	-0.8183417
-0.5835324	0.3967884	0.31393826	-0.7583014	0.44276366	-0.89399636	0.6142562	-0.23442979	-0.8818872	-0.24860863
-1.5121417	-1.8314139	-0.96193874	-1.4609174	-1.3822391	-1.5929273	-1.0153768	-0.75152135	-1.9803023	-1.6776738
2.98562	1.4997327	2.8741739	2.7980218	-1.2206805	3.9443696	1.313697	4.1101856	3.64339	-0.43533453
2.1811907	1.6178098	1.9994702	1.9830673	-0.6815338	3.4261541	1.6062471	3.1106222	2.0359538	0.5544601
-2.0127861	-1.9746766	-1.3490789	-1.9380856	-1.3656238	-1.5045384	-1.0713723	-0.2860929	-2.074209	-0.6616046
0.448849	1.6523945	0.86950445	0.19641088	-0.37549016	-0.119669855	0.0892038	0.13559628	-0.6447749	-1.1157933
0.4614574	0.57642365	0.8805636	0.22295438	-1.5606983	1.1961086	0.8597288	1.4474263	1.0557045	-0.92810214
-0.024147857	-0.24879171	0.54156893	-0.20189917	-1.3218166	-0.33231634	-0.54648614	0.07590793	-0.66526616	-1.4932915
0.34124532	0.94965076	0.8847959	0.061980143	-1.347497	-1.3103522	1.0629491	0.4488969	-1.4404688	-1.1260623
-0.6865604	-1.119638	-0.1548846	-0.832998	-1.9017812	-0.5656282	-0.78104496	0.0022386282	-0.67935544	-1.4350905
0.4258403	1.4955231	1.1505129	0.21615727	0.30019745	1.0375581	1.4379476	1.4535458	0.8662387	-0.12646864
-1.828945	-1.964419	-1.1651527	-1.8068827	-1.4611744	-1.0728639	-1.8324106	-0.33114585	-0.32793552	-1.2650983
-1.2124661	-1.5014418	-0.7195114	-1.223838	-1.0305483	-1.8119378	-2.3072906	-1.4009359	-1.5237358	-0.69498813
-1.4527879	-1.4322152	-0.94433117	-1.4922514	-1.4454325	-1.9047892	-1.8348134	-1.8466336	-1.5799568	-1.0611998
-0.67884946	-0.6118239	-0.33522835	-0.8198425	-1.4811894	-2.0477898	-1.3977004	-0.97253084	-1.504754	-1.7773554
0.4256187	0.54470384	1.0971719	0.22802635	-0.9128202	0.3278877	0.5159079	0.9836126	0.15951312	-0.43833098
0.13837036	-0.21892363	0.74477065	-0.071091816	-2.6745718	0.4691934	0.7172987	1.1146811	0.36895925	-2.9870403
0.19324085	0.61319065	0.48077324	0.051149726	-1.0467627	0.016697928	-0.18558532	1.1964531	-0.52595055	-0.9625204
1.4990727	1.366079	1.8504498	1.2502663	-0.75243044	1.2781099	1.086533	1.6060559	0.67550915	-1.0193341
0.8883706	1.5273646	1.454061	0.66758394	0.19707504	-0.037923552	0.4146346	-0.5205111	-1.0684149	-0.642758
1.0946807	0.6595768	1.5883588	0.900115	-0.31997	0.6741435	1.3586359	1.10601	0.2509368	0.18369243
0.8868961	1.2917567	1.3914483	0.7049933	-0.2930303	0.40861803	2.869959	0.7684309	0.38495657	0.81544214
0.40656236	1.2638261	0.9959781	0.08274408	-0.5946975	-1.1037723	0.53892404	-0.17214084	-1.8491668	0.93477285
0.8306705	0.20478508	1.369804	0.6590633	-1.344071	1.1279494	-0.2938462	1.9516606	0.5847029	-1.458521
0.10706917	0.6577946	0.567056	-0.0737396	-1.2599088	0.47493744	0.78713	1.2781466	0.012976493	-1.0736288
0.13046393	-0.009784743	0.73757184	-0.11785255	-1.2492119	0.3344221	-0.49483803	0.94932896	-0.15416913	-1.5446391
0.4553751	2.423279	0.7080554	0.09357144	0.07580522	-0.22130358	1.2169288	0.98015195	-0.3668407	0.57464767
0.014383279	-0.5304781	0.5380564	-0.1764874	-1.8576224	-0.49404404	-1.1684935	0.37318206	-0.49646142	-2.1057818
0.62819767	0.37377313	1.2247452	0.33949566	-1.7738092	0.42572573	-0.7708342	1.4973494	0.3025314	-1.6383191
0.99221176	0.75424707	1.7345641	0.8304752	-0.93519616	1.6703966	2.4156508	2.0721347	2.4781165	-0.3290106
-0.77250695	-0.71840715	-0.30786446	-0.87595344	-1.4382805	-0.26333484	0.84330773	0.5862169	-0.8252644	-2.0910387
-2.1019554	-2.1272748	-1.4186386	-2.041426	-1.899057	-2.215832	-2.5187585	-1.1931112	-1.9290993	-1.7222838
-1.3674124	-1.3863437	-0.8447218	-1.35414	-1.4603361	-1.4670436	-1.5950438	-0.889362	-1.4721392	-1.0389853
-0.45215145	-0.3594601	-0.27577457	-0.6244174	-1.6497828	-0.64429384	-0.15157282	-0.06423252	-0.4439452	-0.7245988
2.3474956	1.9590111	2.8157458	2.0203254	-0.40382954	0.6692256	1.892003	1.5014127	0.7303195	-0.46051216
0.42888963	-0.5764524	1.0178623	0.2663316	-1.7671235	0.95987135	-0.703438	1.1912745	1.0136931	-2.1105475
1.4583607	1.8015888	1.3766327	1.0455657	-1.2387657	1.1473345	1.1705866	0.18491858	0.5368177	-1.0641171
0.8810202	1.659749	1.0523189	0.58461034	-0.9763886	0.9989663	0.46718436	1.121049	-1.0678626	-1.1163362
-0.37533835	-0.03858292	0.12605411	-0.41641608	-0.8404696	-1.0333263	-1.2587177	0.2644265	-0.633656	-1.8556027
2.4554887	1.0519426	2.6258152	2.1225832	-0.64691997	-0.16749513	-0.4563822	0.47101054	-0.06811574	-1.2766266
1.197301	1.3758495	1.3013339	0.8739644	-0.9424099	1.8785307	0.99976027	0.6994728	0.18495369	-3.1362655
0.39575693	2.8731353	0.65200555	0.084301606	-0.08656454	1.0992986	2.0976636	1.7741104	0.639032	1.0650715
0.39347383	0.9769919	0.92573655	0.17694806	-0.9964621	0.47110274	0.27900055	0.7980603	-0.6158979	-1.3483522
0.0865879	-0.40280882	0.5192461	-0.024639174	-0.6829481	1.6766785	-0.17278694	1.9586612	1.0882708	-0.53804463
0.9640283	0.56593883	1.4872952	0.64607143	-1.536745	0.9928765	1.0555487	1.5697504	1.4223272	-1.1014786
-0.39213783	-0.58169425	0.09119001	-0.47006005	-1.1884531	-0.71669286	-0.44156727	0.14145249	-0.6787204	-0.6094189
0.018939927	2.0087214	0.21311286	-0.23774059	0.28659633	-0.9766749	0.3616981	-0.2677646	-0.3752178	-0.48977906
-0.42720503	0.28078678	0.042735755	-0.6021613	-0.9589274	-0.71654445	0.37369204	-0.385368	-0.5650831	-1.2628709
0.41817966	0.99319494	0.7313387	0.07674806	-1.4511521	-0.19550925	1.3885124	0.57237786	-0.020794878	-1.0144875
0.68881047	1.0297974	0.63841033	0.33852	-0.9172528	-0.20399456	-0.8254558	-0.12360836	-0.5090698	-1.4002186
-0.62183404	-0.89946437	-0.12190819	-0.75007343	-2.2065513	-1.0340669	-1.405411	-0.98649216	-1.3788666	-2.9138036
-0.05494202	0.3826587	-0.0254139	-0.22241051	-0.7005608	-1.1564322	-0.034939498	-1.0314958	-1.0521171	-0.8433722
-2.1642978	-1.9876329	-1.4536	-2.0737839	-1.1564159	-2.6192079	-2.077258	-2.0785081	-2.675671	-1.1404349
-0.28672582	0.2675163	0.15338352	-0.45836216	-1.1921093	-0.7835695	-0.18195644	-1.2491244	-1.0990243	-1.0698986
-1.4993721	-1.7429553	-1.0045834	-1.4948772	-1.5086132	-1.8409334	-1.690294	-0.88497466	-1.5852221	-1.4854301
-1.8855101	-1.6715689	-1.2373738	-1.8623906	-0.23323572	-2.8048334	-2.1768928	-1.2544222	-0.96876055	-0.6824578
0.79096884	0.9353678	0.935102	0.5763882	-0.9752432	0.12854293	-0.3087935	-0.9260534	-0.83284265	-0.6881172
-1.4678953	-0.8687134	-1.0484259	-1.5225761	-0.71789587	-0.6243657	0.7392057	-0.45349726	-1.529807	-0.83016676
0.83175474	0.5961859	1.2746071	0.6383324	-0.8089708	1.3752631	0.588391	1.6448703	0.7589459	-0.463043
-0.5771621	-0.675787	-0.22394425	-0.62956965	-0.5603068	-1.1406502	-0.801536	-0.511906	-1.0223302	-1.1260749
0.12718028	0.40630254	0.8259889	-0.055665836	-0.952584	0.49392778	-0.41430357	0.4350236	-0.004588066	-0.53590906
0.3923188	-0.38046563	0.95416963	0.21222423	-1.5410428	0.94043344	-0.21540637	1.5362124	0.96022993	-2.0766082
0.060510837	2.4134176	0.7395661	-0.25612772	-0.8651378	-0.090500526	1.6633072	0.7161765	-0.57877135	-1.7225928
0.1226108	0.9627147	0.5989622	-0.1439299	-1.3724986	-2.1454897	-0.27130052	-1.1285577	-2.291003	-1.7702869
1.3567014	2.7716596	1.2792938	0.91816187	-0.5878831	0.5361586	2.7712324	0.7246689	0.36087286	-1.1222585
-1.1237414	-1.5804985	-0.5298176	-1.1376747	-1.5676054	-0.68620485	-1.6663735	-0.48902762	-0.9068463	-1.8703998
0.05597361	-1.3013201	0.34173074	-0.119394735	-1.233356	1.2556663	-0.47416887	0.4586633	0.36741498	-1.8814698
-0.34329495	-0.56072414	0.14873761	-0.4490999	-1.248155	1.1081175	-0.092489645	2.1123798	0.5732883	-0.82466316
0.35212666	0.261372	0.66591233	0.15315734	-0.8897804	-0.20421784	-0.06894692	0.212382	-0.54446983	-1.3785151
-0.2752309	-0.93992794	-0.053287327	-0.38113862	-1.5755552	-1.150833	-1.5833522	-0.6415704	-0.6581951	-2.015117
0.07438383	-0.25895444	0.43576458	-0.12933487	-1.3159001	-0.23460494	-0.7909893	-0.07786832	-0.3088379	-1.2703369
-1.3304646	-1.1893598	-0.8983927	-1.3091054	-1.0268914	-1.1921196	-1.4470055	-0.5867356	-1.2694521	-1.1682625
-2.1676548	-2.0496361	-1.3029412	-2.1108654	-0.11925149	-1.5560975	-1.2366341	-0.8439681	-1.9791398	-1.0009377
0.4709457	1.9059854	0.65813684	0.03693199	-1.3542277	0.9983386	1.9053345	1.0620166	0.073827624	-1.3035839
-0.67249686	-0.12634829	-0.25456128	-0.80282706	-0.9871203	-1.0711168	-0.44609433	-1.2901495	-1.0940132	-1.3310208
0.864483	-0.02730669	1.3715395	0.72844756	-1.4233266	1.1893764	0.49417764	1.5081679	0.8996835	-1.2830856
1.2646682	4.311166	1.4591355	0.94886017	1.37886	1.1248295	3.3151264	1.2716728	0.46822852	0.5343513
-0.39097282	-0.44326815	0.01769273	-0.44193572	-0.8201544	-0.9855188	-0.8394982	-1.0224606	-0.59266174	-0.58904886
0.43099663	0.31867912	0.8959122	0.21451618	-1.0833335	0.78163254	0.24973093	0.6940335	0.4064873	-0.39889506
-0.8600921	-0.725764	-0.13155353	-0.9629163	-0.9439647	0.73663366	0.8745862	1.069959	0.83778083	-0.58973455
-1.1321894	-1.1685145	-0.6666837	-1.1655558	-1.2938071	-1.3421394	-1.5134454	-0.9564814	-1.5106633	-1.4120786
0.8475257	1.655626	1.1485538	0.45387357	-1.1500499	0.78528184	2.0055056	1.3512359	0.31795463	-1.145542
-0.4224038	0.060912788	-0.025931984	-0.5137007	-0.5305421	-1.1280075	-0.7755171	-0.74030787	-1.1107745	-1.5120322
0.1461379	0.3125477	0.5469283	-0.033524066	-1.8460162	0.2175664	-0.5635234	0.70992744	0.5389025	-0.7082847
2.9907837	2.1678166	3.016904	2.5991387	-0.015097648	2.3318484	1.6482414	2.4529305	1.7345142	0.63126385
0.9183382	2.3390656	1.5899305	0.6174608	-1.4245003	1.2330112	1.9863828	0.0048555746	0.57226557	-0.23678483
-2.4088502	-2.3877614	-1.4908437	-2.3165119	-0.8638127	-2.2468078	-2.5321007	-1.1315972	-2.9502587	-1.8645138
0.6397754	2.1654332	1.0208098	0.29979616	0.3420765	0.20761389	1.8238852	0.749554	-0.56323594	0.41596803
0.8808733	1.0076004	1.2449734	0.66431004	-0.3073682	1.2374489	2.0372193	1.6326724	0.9969847	-1.2210792
1.1509717	2.441358	1.3808285	0.82472205	0.12371525	1.6611758	3.1639304	2.072008	1.7741209	-0.6316478
0.07108458	1.1729459	0.5319632	-0.25839955	-1.0399156	0.07766885	1.5881276	0.46438718	0.715304	0.3173253
-0.04059019	0.28120545	0.7426914	-0.21295765	-1.3767583	0.38457078	-0.58664525	0.46036705	-0.15331118	-1.7691576
1.5088328	2.089902	2.2305193	1.1421468	-0.69711244	0.87940454	2.4736745	0.44086832	-0.117687546	-0.007741966
-1.192637	-0.8269348	-0.5501224	-1.31957	-1.4004413	-1.5324366	-0.54293454	-1.4751412	-0.86979085	-0.9578328
0.92282337	1.6637107	1.1278198	0.71452963	-0.24192959	0.9832858	1.8548055	1.1984704	0.86343884	-0.42889875
0.19632605	-0.6919807	0.59665596	0.014447406	-1.2910014	0.5069225	-0.68213856	0.67096627	-0.05752837	-1.1439964
0.4384999	0.35036007	0.8806503	0.19585694	-1.0834708	1.4910634	1.6709263	2.1014729	1.1042703	-0.5907055
-0.20598444	0.19997647	0.63302696	-0.24547376	0.077668995	-0.672675	0.91980094	0.12485105	-1.3268266	0.13888542
0.1161534	0.41582283	0.6081188	-0.1011958	-1.1511747	0.39013734	0.31017482	0.9248946	-0.54476213	-0.45582265
-1.1710752	-1.2756922	-0.74920607	-1.2026867	-1.1375251	-1.789074	-2.1599622	-1.5439148	-1.6839956	-1.388282
0.57030386	1.4384998	1.4030381	0.16929923	-1.0286691	-0.4021593	1.5112113	0.08380019	-1.0521928	-1.7385845
0.6417439	0.62309873	0.9807739	0.43029726	-0.9285345	-0.058369942	0.7376641	0.31795457	0.406913	-0.6882755
0.914801	2.2512002	1.153081	0.57140267	-0.39580658	2.947063	4.2834444	3.7306733	2.926326	0.009662111
0.99355394	1.6192863	1.3204678	0.68915224	-0.7509985	2.9292512	3.8882623	3.656667	2.8630881	-0.8385986
0.0733626	0.24065119	0.41186142	-0.14239395	-1.7037238	0.6725952	0.5285989	0.91049385	0.7452101	-1.6408316
-0.633096	-0.9037409	-0.28227314	-0.6107724	-0.81959057	-0.5649523	-0.48740342	0.12376806	-0.77971494	-1.18768
0.5764907	1.1040096	0.7705896	0.26390713	-0.9114926	-0.6813229	1.3507093	0.5613159	-0.114770986	0.09726423
0.73985136	2.4303715	1.1241133	0.29503858	-0.038835734	0.7717958	1.210765	1.4361975	0.673219	-1.7701375
1.3620728	2.2401025	1.5766703	0.9277611	-1.0838003	0.080818355	0.6222741	-0.7563013	-0.13242124	-1.859413
-2.035498	-1.7620189	-1.2880682	-2.015744	-0.79617184	0.4819422	-0.24015988	-0.008165376	0.0996944	-0.18791454
1.964342	3.518317	1.7932507	1.5040052	0.19240919	3.3909652	4.2718663	3.0519009	2.7032373	1.2021765
0.8982298	0.766518	1.4692413	0.6345431	-1.4151261	-0.24472739	1.666224	1.0319674	0.4490336	-0.25238618
-0.17012799	-0.052518457	0.33481976	-0.33846837	-1.5788968	-0.6269796	-1.0480578	0.60002726	-0.5423857	-1.4428102
0.03275519	-0.62239575	0.56430686	-0.17116074	-1.6615568	-0.6765125	-1.3278141	-0.36415473	-1.2273284	-1.978546
-0.24551746	2.6447313	0.08285278	-0.6748831	-0.008025229	-2.3221276	3.5366883	-0.81758106	-2.5179715	1.5645417
0.812124	1.0678846	1.1042374	0.6336733	-1.1288924	0.6520003	0.51672125	1.1020751	0.5949813	-2.6292875
0.70554894	1.3461559	1.1313113	0.39235473	-1.1167554	1.2807909	1.96238	1.8268863	0.7800113	-1.0600449
0.68117404	1.5348908	1.220205	0.36093247	-1.0270393	0.9260704	2.0968447	1.6946533	0.5463396	-1.0640438
0.630869	2.0586436	0.69675994	0.24652575	-0.79457986	1.7914209	1.029933	1.7666454	1.5594985	-1.4284989
-2.018292	-1.6658217	-1.4002641	-1.9580579	-1.5848432	-2.1369655	-1.4209251	-2.5114763	-2.25892	-0.4076745
0.47414473	0.79784894	1.096522	0.22305815	-1.3636447	-0.21575263	0.08878344	1.0027385	-0.58680683	-2.1022942
-1.1087867	-1.1697294	-0.6748562	-1.2020249	-0.44927517	-1.9182848	-2.097752	-0.06430116	-1.080837	-0.017508201
-0.30879048	1.2894583	0.23296466	-0.55732214	-0.5839861	-0.03762732	1.321755	1.1744727	0.22204569	-0.57263374
-0.25348863	1.5559125	-0.07623556	-0.58161837	-1.0634258	0.7668906	2.801241	0.47788835	-0.04492865	-1.8249679
0.5870752	0.4053335	0.82172084	0.37464118	-0.57898456	-0.36003757	-0.5122882	-0.32566252	-0.25001958	-0.45705593
-0.09324103	-0.706967	0.5282086	-0.3382855	-2.0357392	-1.294438	-1.4134115	-0.8553324	-1.3566425	-1.2597673
0.75834453	0.7818607	1.4821968	0.5004004	-1.2935957	1.049915	1.1495556	1.7803743	0.88078374	-1.0963247
0.19567394	0.75994384	0.8904972	-0.13968278	-0.7532908	-0.3658812	-0.34492707	0.24223292	0.715304	-2.2191224
-0.47022834	-0.52867055	0.09580809	-0.60920584	-1.36283	-1.0351048	-1.4589659	0.18709525	-1.4415367	-1.671923
-0.44998768	-0.2726526	-0.29994968	-0.6615964	-1.5311879	-1.0563543	-0.6279894	-0.8573509	-0.97670096	-0.58374834
0.348842	1.7485449	0.8027711	0.0044502765	-1.2117792	0.38651633	2.4804704	1.2567214	-0.27816033	-0.8374362
-0.6090333	1.4061762	-0.32529923	-0.90156126	-1.237127	0.3537648	2.3566713	0.16913973	-0.855976	-0.61183506
-0.70741826	-0.6669949	0.34032643	-0.8858946	-1.3143853	-0.2975336	3.5640788	0.12139665	-0.8129697	-0.021031598
0.07527477	1.1810821	0.28352728	-0.20553018	-0.82599926	-1.406049	-1.1404787	-0.8636464	-1.1351624	-1.5970813
0.33933237	0.43931618	0.66193014	0.005256191	-0.93532133	0.23339003	1.1001679	0.2858816	-1.0276586	-0.66762096
1.4924368	3.5816042	1.52262	0.9590769	-0.7674015	0.982718	2.4984875	1.9624624	-0.49499428	-1.213639
1.2749637	1.1608558	1.5674946	0.9907172	-1.1231133	0.06506986	0.17687199	0.4595336	-0.12820578	-1.5658134
0.49976394	1.0058544	0.80957556	0.22872142	-1.2064208	0.20750736	0.47789854	0.81758547	0.7448439	-1.2486478
-0.08577689	0.16374052	0.14635646	-0.20450042	-0.7272357	-1.044142	-0.22622949	-0.69920886	-1.2942568	-2.4199564
-0.81924695	-1.2162774	-0.34973654	-0.89396846	-1.1986827	-1.5139682	-1.7079626	-0.68650573	-1.2831055	-1.29165
-0.058588065	0.41520956	0.41517803	-0.2577019	-1.1986709	-0.984197	-0.78334093	-0.45553336	-1.4920156	-1.5929886
0.8596852	0.7754166	1.2244391	0.6944891	-0.5399604	1.2568254	1.2712438	2.0813937	1.4787465	-0.8883462
0.49879357	-0.057519868	0.75846756	0.40973026	-0.48546088	0.6444776	-0.07544403	1.8756589	0.6866829	-0.64539605
0.15106606	0.474723	0.5142734	-0.060378417	-1.079971	-0.18949397	-0.010292716	1.025659	-1.3712525	-0.49524298
0.68594396	2.2362018	1.0304034	0.22862585	-0.33894348	1.3536797	3.2776387	0.311969	0.8604992	-0.2832664
0.8449072	1.5685681	1.4602687	0.62999016	-0.74943006	0.6197002	0.053440597	1.7294209	0.1880602	-1.5412104
-0.6625785	-0.7348751	-0.33765945	-0.75321937	-1.2429491	0.14887024	-0.40477777	0.8744199	0.81483966	-1.413127
-0.01788083	-0.08146784	0.4790984	-0.16883773	-1.0064839	0.047498684	-0.25279424	0.26174513	0.07562336	-1.2904868
0.2609512	0.435164	0.71163315	0.07890852	-1.0152868	0.07954233	0.43766987	0.6464978	-0.0031356683	-1.1370633
-0.09146858	-0.40844634	0.564242	-0.25499988	-1.0386629	0.28965285	0.25466606	-0.1724745	0.4733247	0.0015428936
1.2625058	1.1698987	1.6745384	0.9842856	-1.4393429	0.5225585	1.2051181	1.3650516	0.4069463	-1.952954
0.19709805	-0.27559435	0.7050939	0.044879004	-1.5539521	0.6921793	-0.3241896	0.7304251	0.0920948	-2.2084177
0.26264623	-0.20557255	0.8853344	-0.07712515	-1.9470087	-1.3543998	-1.2332746	-0.4380437	-0.55419165	-2.3059273
1.2885946	1.3651822	1.6744924	1.0774343	-0.6992024	0.7423554	0.94135064	1.691231	1.1042264	-1.4277055
-0.5218897	0.5320251	-0.2320208	-0.7597863	-0.92175233	-1.3415514	0.5019938	-1.2505993	-1.7264125	-1.2981998
-0.8857055	-0.5582105	-0.29011515	-1.054012	-1.3552444	-1.0439396	-1.5010414	-0.3202233	-0.7572729	-1.1855967
0.007312916	-0.7621393	0.550213	-0.10540448	-2.0959551	0.28254297	-0.44367746	0.47224203	0.5570046	-2.6273577
-0.7915906	0.3051866	-0.07599464	-0.9761399	-1.2002933	-1.208903	-0.24136157	-0.7925243	-1.3900981	-1.1804435
0.2609654	0.46308532	0.72333	0.069320604	-1.2449328	0.30260748	0.7203556	0.72064614	1.1724517	-0.68668395
-0.27416524	-1.572398	0.19750717	-0.3443892	-0.90643764	-0.33647454	-1.772164	-2.0015347	-1.2958093	-1.3277003
0.50827104	1.1256759	0.9087461	0.21515219	-1.3013355	0.17084354	0.7866067	1.1522295	0.29570365	-1.860382
0.0053635463	0.09500274	0.51219976	-0.08140655	-0.70735526	-0.6139469	-0.48191118	0.23999676	-0.6361395	-0.8950893
-0.117860384	-0.33536655	0.26603743	-0.21904284	-1.1984581	-1.2473042	-1.3746145	0.27504918	-0.54476213	-0.23716253
0.08806924	-0.8999404	0.71683323	-0.058643073	-1.9854281	0.4666008	-0.5448018	0.02796439	0.16596977	-1.606366
-0.24889159	0.09569004	-0.12958077	-0.3936848	-1.0596503	-0.14278227	-0.018259395	-0.1955728	-0.4998129	-0.87309635
0.63514036	1.7020746	0.8809211	0.29294527	-1.1569117	-0.12622753	-0.18294562	0.69008785	-0.22813714	-0.866306
0.71332544	3.0663872	0.81345046	0.33220512	0.727208	0.103480026	1.988646	0.6519973	-0.19998641	-0.1113303
1.5095452	1.7241275	1.7253648	1.1830252	-0.5453589	1.1410555	2.077921	1.3844029	1.062228	-0.6239653
0.94501096	2.7524786	1.2316189	0.6326929	-0.018912792	1.5778989	2.9109783	1.205102	1.0087153	0.58092123
3.247352	2.425791	2.426027	2.619163	-0.84958875	3.2787871	2.6372068	2.143391	2.8466835	-1.5541339
0.86924833	1.7525028	1.4471431	0.5814152	-0.18339214	0.6501573	-1.1031072	1.8906223	-0.26715454	-0.72515655
0.97913617	2.385885	0.91030204	0.61813354	-0.67990744	0.49182346	0.88506925	0.54898655	0.7615773	-1.0478759
0.6488458	0.7629148	1.1020218	0.4257264	-0.7890192	0.58259416	0.059419923	1.1624254	0.5254138	-0.2963868
0.81513584	1.5174487	1.4736755	0.4196704	-0.71660376	0.81848973	1.7535077	1.6814692	0.58012706	0.18681009
0.9586665	1.3610852	1.3420233	0.7431626	-1.0434859	1.3606853	0.7241211	2.2324877	1.3151839	-0.7532789
1.2980616	1.9613211	1.1601542	0.9470725	0.86647534	3.1843696	3.0759153	2.296485	3.0926418	-1.5331861
-0.2693697	0.5888759	0.22263262	-0.3363641	1.1406889	0.023304017	-0.2266537	1.2502202	0.18687986	0.75684893
0.44432446	-0.6033193	0.49629095	0.27041465	-1.0027679	-1.4388989	-1.2426224	-0.65520185	-1.3323513	-1.1042928
-2.0965543	-1.949451	-1.4910998	-2.0196147	-2.063304	-2.4643927	-2.329566	-2.210338	-2.477018	-2.389176
-0.6072435	-0.84766483	-0.19001514	-0.7295066	-1.4213501	-0.34165946	-0.04721589	-0.5881346	-0.7626586	0.03356951
0.3516123	1.3905525	0.7188097	0.050833955	-0.94302785	-0.021284726	1.1945655	0.35304284	-0.8773285	-0.466373
1.434726	1.3770176	1.9390608	1.2123389	0.5174235	1.5847888	1.9335175	2.0095003	1.2526083	0.591998
-0.58157957	1.0972329	-0.2270984	-0.9431807	-1.0965648	-0.011603992	1.7109463	-0.25008753	-0.6094036	-1.0923069
0.43925115	0.7188015	0.6189159	0.1763206	-1.2254078	0.21486561	1.4034674	0.53698266	-0.4975033	-1.226634
0.1538884	3.9983876	0.55154586	-0.24622488	1.7479011	0.4896686	2.4700747	0.90757304	0.041223444	0.9124117
-0.77326494	-0.7281809	-0.10643235	-0.94984275	-1.7761074	0.5277885	0.016140634	-0.24133146	0.788358	-1.6398077
2.2484097	1.365979	2.5414288	1.8996973	-0.96570015	3.3394582	0.9012052	3.533415	2.771789	-0.82020974
0.0724658	-0.778324	0.46546713	-0.04609944	-1.4817532	-0.8516867	-2.057366	-0.45218164	-0.96805197	-1.3678762
-0.053274475	1.4149212	0.30293405	-0.36272335	-0.77560997	-0.29305425	2.9410346	0.15522176	-0.3328843	-0.34746295
-0.44261953	2.1675658	0.17224452	-0.7391169	-0.039740473	0.5581176	1.592454	1.4235181	0.34541097	-0.75358814
-0.32061777	-0.17536995	0.5108814	-0.52903914	-1.4365094	-0.27205226	-0.7209985	0.39725825	-0.13031183	-1.6073483
1.1750029	1.2478001	1.2831354	0.79727584	-1.260797	2.3272905	1.830759	2.3858433	1.9226166	-1.3129109
-1.2639294	-1.4718044	-0.7705889	-1.2700377	-1.3517983	-1.2851284	-1.3158557	-0.8888447	-1.7874756	-0.96450734
0.33004507	0.14069259	0.24718553	0.041105583	-1.3291495	0.032136366	-0.67113805	0.02114364	-0.26613855	-1.9107358
-0.27026632	-0.37033278	0.075322956	-0.2722382	-1.7576715	-0.09844787	-0.85875905	0.46368134	-0.44584662	-1.7562299
0.9956736	-0.74838316	1.4263263	0.8294693	-0.65551	0.29134312	-1.4373856	-0.3539419	-0.7385926	-0.14706126
0.45702264	0.7382785	0.64594823	0.29642755	-1.1425364	0.81894636	0.40582448	1.2207291	1.6539035	-0.9361163
0.0011857972	-0.17855644	0.5409757	-0.21619906	-1.9821842	0.391326	1.1442078	0.7361237	0.22879851	-1.6326603
0.073775075	-0.110695064	0.8427836	-0.1435232	-1.3729101	-0.22328456	-1.0534234	0.24567427	-0.5607911	-1.305236
-0.6940055	-0.7037467	-0.29377982	-0.7664574	-1.0531557	-0.43056154	-0.9752629	-0.10452207	-0.542814	-0.22108786
-0.24394298	1.1137612	0.40288174	-0.3854958	0.8222028	-1.0362315	-0.466317	-0.33216417	-0.82629794	0.45152977
-1.5576652	-1.7296479	-1.026863	-1.5042249	-0.88170636	-1.6603572	-1.8915492	-1.194492	-1.4167897	-0.9651066
3.1328433	3.6688294	2.8457224	2.7322001	0.51475024	2.1015005	3.1692889	2.0638154	2.1931617	0.22842751
0.6377102	0.36388227	1.0330023	0.37221956	-1.8979845	0.2238028	-0.66226727	0.86925435	-1.229379	-2.1292086
1.7125629	1.5740006	1.9041421	1.4321307	-0.7105935	0.5833796	1.0297391	1.1087589	0.20488179	0.31134936
0.68002486	0.48881724	1.0560943	0.5166679	-0.3694174	1.0683382	2.1612718	1.186172	0.6535858	0.04612
1.1280801	1.9978347	1.5155108	0.67980087	-1.4897567	0.88144565	1.4886547	1.0615185	0.21558753	-1.4708936
0.13393947	0.55672884	0.16969308	0.010818765	-0.82574797	0.6653771	-0.9727532	0.90662754	0.97670597	-0.18180814
-1.3480914	-1.5778898	-0.9267938	-1.2570279	-1.2127055	-0.7231695	-0.37553424	-0.58842254	-1.4726349	-1.3623989
1.1090795	1.3300145	1.3496358	0.79195344	-0.9298761	0.57349926	1.4595886	1.1883518	-0.06841497	-1.079317
0.3732024	-0.34790188	1.0624907	0.21606393	-1.4110188	-2.4269016	-1.6131744	-1.4941717	-2.549789	-1.9875771
1.265323	1.5614839	1.9212778	1.0617368	0.8289454	0.7983381	1.2131039	1.7768989	0.6191818	0.7203168
-0.058723636	-0.92379594	0.6501122	-0.24111128	-2.1466382	0.093335845	-0.6776183	1.111533	0.011578409	-1.5045285
3.6865292	1.9685814	3.327229	3.289734	-0.8527911	3.6041234	2.1653435	3.9891186	4.317325	-0.06686665
-0.3717439	0.39453307	0.2736288	-0.6171583	-0.83838487	2.096064	1.1678594	2.248837	2.7191925	-0.1504866
0.36141488	-0.17467272	0.8552383	0.17434488	-2.0219378	0.34629035	-0.70814085	0.5215168	-0.42826813	-2.5418932
-0.059987463	0.94753444	0.38723218	-0.252872	-0.6728517	0.8174919	0.91439044	0.3600522	0.3818835	-1.0583532
1.3193206	0.6198963	1.8916693	1.1400013	-0.7415463	1.3412844	-0.10612002	1.894953	-0.7522809	-0.74122906
-0.82923913	-0.89284384	-0.36441365	-0.95035565	-1.719062	-0.95580643	-1.9161557	-1.432036	-1.0985667	-1.2688725
-0.78519636	-1.3363692	-0.30107793	-0.7750809	-1.8896767	-0.893008	-1.4018983	-0.92309755	-0.9465635	-2.0171084
0.44094953	0.5474373	0.8753438	0.25630152	-1.2408262	0.41985983	0.5197071	1.0027107	0.48143265	-1.1929035
1.1348953	0.97596526	1.4919286	0.94319963	0.8027477	0.61794627	0.67887366	0.99970937	0.16488013	0.7902203
0.8420858	0.9869474	1.3126466	0.538528	-1.1246346	0.7620469	1.0307158	0.96396184	0.44870982	-1.5003641
1.0927726	2.0445278	1.4576281	0.7027887	-0.50172555	1.3696275	3.5152423	0.9251776	0.7424294	-0.5093913
-1.3025193	-1.417916	-0.8385782	-1.2924972	-1.2773969	-0.95144606	-1.140448	-1.6990631	-0.7480301	-1.2718648
-1.5436758	-1.1260926	-0.98097956	-1.5284886	-0.9286357	-2.1235535	-1.8246565	-0.8410427	-2.2168741	-1.8669233
-0.18334946	-0.17024946	0.3898309	-0.3125556	-1.015658	0.27647838	0.15098071	1.546712	-0.11351388	-0.9510516
-0.07856778	-0.23001164	0.79257	-0.24875762	-0.22556795	-0.7100654	-0.34068897	0.18683967	-0.94104236	-1.1747234
0.030082189	0.5817158	0.47120833	-0.27547652	-1.061992	-0.13195372	1.7342356	0.5692263	-0.45871732	-2.0391476
-0.14517179	-0.5561013	0.38129452	-0.24403203	-1.4455062	-0.30951697	-0.50965947	0.51119345	-0.5866107	-1.3506199
1.2217178	1.8635638	1.5250336	0.91424286	-0.7732389	0.21151197	-0.9598459	0.52001715	-0.101811096	-1.4685577
0.9526506	2.7961295	1.1629945	0.48660326	-0.81330514	-0.004588034	1.0468704	0.3287303	-0.57471025	-0.6633991
0.50917625	0.69217646	0.6533396	0.28312117	-1.2911661	1.4713768	1.3784614	1.3382839	1.423449	-0.6073324
-0.47285873	0.39979675	0.40552118	-0.5985682	-0.2989547	0.21858801	0.83021224	1.4161395	-0.7347429	1.373225
0.60923696	2.0540423	0.728258	0.22736405	-0.5162225	-0.36932534	1.2518862	0.5264198	-1.1620188	-0.9846344
0.5088573	0.74249256	1.0549201	0.28798646	-0.9812691	0.05530314	-0.095443085	0.67776	0.26015648	-0.923191
2.0839994	1.2165375	1.9193785	1.7640966	-1.891767	1.8802441	1.4405605	2.5567346	0.85727775	-0.9321636
1.1333488	0.85525405	1.9450624	0.89738643	-0.5565026	3.7343025	2.0371487	3.405366	2.8662903	0.25743434
-0.3463588	-0.47049025	0.13375875	-0.47109795	-1.4089423	-0.07590143	0.17111105	0.28804636	-0.18213159	-1.1684327
0.79478264	1.4964066	1.3021475	0.51870334	-0.31998396	-1.0157827	0.40057296	-0.73955995	-0.5256655	-0.91616446
-0.527675	-0.94254017	0.052833855	-0.63696355	-2.0270834	-1.017238	-0.890286	-0.7962047	-1.3336563	-2.1211529
0.801698	2.3531027	0.6075492	0.36957008	1.0332332	-1.127787	-1.4860809	-0.3889626	-1.5270989	-0.5562838
0.14715889	-0.102176726	0.5273158	-0.042332783	-1.3612689	0.05895687	0.027109494	0.57442045	0.34665403	-1.0708059
0.65292114	-0.19963655	1.1853279	0.50327015	-1.5480202	0.23976855	-0.39155638	1.0628383	0.1606884	-1.0170721
-0.03501554	0.97655666	0.36117524	-0.27764627	-0.56710136	0.29994133	2.738127	0.5496727	0.2896591	-0.4261378
0.35950702	-0.16656189	0.7400118	0.14322953	-1.1760927	0.11795471	-1.4342378	1.1345936	0.70416516	-1.0340934
0.372955	1.8956866	0.77402794	0.045350328	-1.0366952	-0.15098633	3.0980384	-0.04119956	-0.4614372	-1.0158726
-0.5335032	0.16490537	0.16500908	-0.72847736	-1.4506854	-0.86715853	-0.3418025	-0.21273167	-2.4221995	-1.4790362
2.9333346	3.6000268	2.6370192	2.3940275	0.36927506	1.7539716	2.9876025	1.8408035	1.1252259	-0.4280309
0.4549547	1.4936978	0.97047186	0.118260935	-1.1870356	0.3629687	3.5482924	0.36467567	0.05507406	-1.3943869
-1.0428745	-1.0299717	-0.5367843	-1.0307399	-0.55780685	-1.5812839	-0.32377717	-1.7770005	-1.5913168	-0.56103873
-0.23822379	-0.1450563	0.19521855	-0.4140674	-1.3802127	-0.7292103	-1.203653	-0.5975359	-0.3222358	-1.2586468
-2.2913525	-2.1121528	-1.582648	-2.191043	-1.1894311	-1.9544132	-2.7157154	-0.66243505	-2.5978618	-1.3761476
-0.4811223	-0.14002472	0.15824282	-0.66976154	-1.5207316	-0.6684892	-0.99225444	0.26767147	-0.2968915	-1.1147293
-0.7940923	-0.9076967	-0.5632262	-0.8231493	-0.10033932	0.6734472	-0.0745166	0.029891137	0.06352543	-0.06752185
-0.71120083	-0.771693	-0.47446236	-0.6860411	-0.82121253	-2.03657	-0.25013807	-1.3417809	-2.041959	-0.02459897
-1.5521863	-1.6201406	-0.96048295	-1.5660223	-1.5154958	-1.27343	-0.87685114	-0.5948911	-1.2839961	-1.6603119
0.6664208	1.3482234	0.8211993	0.43313527	-0.33508334	-0.10525244	0.7059366	-0.6800823	-1.1108594	-0.9357582
0.31736878	2.0297701	0.82782674	-0.06688057	-1.0147508	0.11903678	2.993278	0.8551642	-0.23162526	-1.6390706
-0.25322118	0.24137989	0.1343557	-0.47720093	-1.8739496	-0.026067369	0.039755914	0.13112056	0.17946501	-2.0732896
0.40466407	1.218169	0.7997415	0.13971154	-1.0628173	1.8167428	2.289387	1.9385751	0.9233402	-0.16647016
0.8575634	-0.6031194	1.8995522	0.8033588	-0.47377723	0.12793505	-1.2907106	0.58995104	0.3941497	-1.4791104
-0.19292846	-0.74980855	0.43454012	-0.25932944	-1.1866063	-1.1587249	-1.0542	-0.4522027	-0.12076366	-1.6680095
0.0064953193	-0.6936407	0.63757443	-0.0805933	-1.350938	-1.284663	-1.3652571	-0.7681514	0.17046416	-1.6212997
1.0838121	2.7854106	1.4324981	0.8799542	1.6004733	0.5021303	1.4731467	1.8500739	0.7744879	1.0477486
0.16065991	-0.80721223	0.542891	0.07800211	-1.5171698	0.19043103	-1.9815326	1.1101335	-0.18221322	-1.942962
0.09889924	-0.3962015	0.5572374	-0.06734024	-1.586154	-0.5158936	-0.01409748	0.087805584	-0.3586847	-1.5246564
-0.20898405	-0.5805162	0.2643652	-0.4230771	-2.3202682	-0.10003767	-0.5852316	0.38076377	-0.78112215	-2.3334227
0.349462	0.86899185	0.7998457	0.06663875	-1.4773357	0.25153443	0.5649097	0.63975936	-0.15254623	-1.1781008
0.5367582	0.102574825	0.83559024	0.36160505	-0.8555436	-0.4824182	1.0006119	0.676797	-0.27024066	-0.8372651
-1.2555664	-1.5160121	-0.6550677	-1.3001503	-1.7155607	-1.4281248	-0.94492877	-0.69627374	-1.9098017	-1.9627765
-0.19459653	-0.14011112	0.2514116	-0.32933146	-0.6637728	-0.027122483	0.23059443	0.5634594	-0.04435909	-1.2337022
0.562486	0.38590053	0.72229373	0.47348207	0.04560861	0.89911973	0.5787636	0.55335695	0.82675135	-0.8753104
-0.60676223	1.1243678	-0.19144142	-0.8656398	-0.91947937	-0.45419702	1.9323963	-0.03983601	0.005005721	-0.08741476
0.71112394	0.5008359	1.0618546	0.4775908	-1.547551	0.25426358	0.17425676	0.57647765	0.19646786	-1.2444259
-0.20602766	-0.08298898	0.15512156	-0.41530618	-1.0776654	1.0536796	0.9366417	1.1095178	1.1609339	-0.50758725
0.08777674	-0.28076327	0.42662153	-0.09930648	-1.1462675	-1.4260721	-1.1708179	-0.26170447	-1.1508242	-1.2649723
-0.7911198	-0.73270524	-0.3106927	-0.78083915	-0.39644688	-0.20169081	0.0013786834	0.40846813	-0.24474871	-0.6025129
0.40166774	0.8113804	0.7484671	0.09552081	-1.2730341	-0.24478818	0.3591527	0.6535393	-0.46848318	-1.7032135
-0.21728852	-0.07091451	0.06562278	-0.33637238	-1.4192562	1.4282491	1.9080766	1.5109857	-0.09131682	-0.9068413
-0.26977763	-0.3952541	-0.09614864	-0.45861632	-1.3171576	0.20261262	-0.06540545	-1.421539	-0.32793552	-2.0278351
0.43980345	-0.40577438	0.86155677	0.24181123	-1.5146964	0.49921578	-0.29661307	0.80389005	0.1668436	-1.2137375
1.7700592	1.5682495	1.9634869	1.5629526	0.99564135	2.637853	3.7352774	2.9253292	2.0209882	2.199614
0.6948946	-0.46278137	1.1432517	0.5354941	-0.91529226	-0.6960475	-2.3247066	0.24987459	-0.8762446	-1.0049208
0.10928591	-0.96180725	0.5430887	-0.05042194	-1.6702794	-0.5817074	-1.1285478	-0.73544973	-0.6762793	-1.5638715
-0.1718966	0.5440515	0.13459246	-0.44961858	-1.207891	0.33016106	0.7837355	0.6002997	-0.12517351	-1.4745996
0.22065419	0.07244	0.74132264	0.021606952	-1.3076552	-0.214568	0.05116033	0.5115975	-1.2742305	-1.5076126
1.8367153	3.8715985	1.9344925	1.3298409	0.6305194	1.7236941	4.270507	0.9084327	0.3300345	0.22317363
-0.12252255	0.39509216	0.5957936	-0.36478215	-1.2128786	2.3905952	1.4189463	2.52421	1.748316	-0.0625988
0.65476304	2.4501703	0.93567395	0.25316054	-1.2184595	0.59914553	3.208456	0.36857936	-0.072656006	-2.093837
0.11321426	0.77321994	0.6922815	-0.088638805	-1.0664935	-0.3043657	1.0158962	0.3613783	-0.69319016	-1.4466571
0.13660094	1.4293964	0.34938586	-0.15799081	-0.8874084	-1.0073504	-0.7186182	-0.69525117	0.5577418	-1.0861566
-1.5320622	-1.4792868	-1.0608252	-1.4345582	-0.5033107	-1.848961	-2.614852	-1.5908582	-1.4484801	-1.0942563
-1.4447631	-1.294752	-0.98345304	-1.487619	-1.4933387	-1.8862399	-1.5291579	-1.2209948	-1.9851357	-1.3119718
0.30858484	-0.022666201	0.75622845	0.09684707	-1.3023261	-0.60804206	-0.93845344	-0.4040416	-0.12076366	-0.9448814
2.023098	3.4315174	2.0862892	1.5013015	-0.8228682	4.3555236	4.3716373	4.2734	3.746171	-0.6603012
-0.7232995	-0.9705243	-0.25530568	-0.81534916	-1.6192316	-1.3957429	-2.2037518	0.86075455	-1.3793315	-1.1469868
-0.5489392	-0.8499464	-0.031777024	-0.64664406	-1.1667324	-1.3225614	-1.4335327	-0.9011517	-0.8588606	-1.0066768
0.4123701	3.6681197	0.7151599	0.012979284	-0.046741128	-0.86087215	1.6793402	0.67492336	-0.5477304	-0.84848315
0.9593112	0.84553146	1.3130522	0.7393594	-1.3002951	-0.6600628	-1.6570793	-0.17488472	-0.57838875	-1.9408518
-0.5919555	-1.0772619	-0.28540275	-0.55744624	-1.3754088	-0.95475966	-0.9949915	-0.84161896	-1.0383928	-1.3040504
2.133733	0.18202722	2.1071346	1.7698399	-0.7849976	0.03248478	-1.9826629	0.85508317	0.3104846	-1.3513839
-0.19482511	0.85605514	0.42533755	-0.43841374	-0.97847104	-1.0640405	-0.1679383	-0.57089627	-0.75698024	-1.3336898
0.29730988	2.0451365	0.216241	-0.032810465	0.43704674	-0.8605207	1.4918292	-0.5333414	-1.1871847	-0.10232213
-0.5241955	0.65130556	-0.116669685	-0.65554446	-0.20430234	-1.2956548	-0.6415213	-1.0703201	-1.6746417	-0.9519526
0.48087892	1.251455	0.6205586	0.19481249	-0.7715577	-0.7615394	-1.0336939	-0.24675557	0.032316726	-1.7209837
-0.40554664	-0.87939274	0.14429048	-0.5365984	-1.3831857	0.8757631	0.038751	1.5333767	0.7158954	-1.0517865
0.5364535	-0.13543123	1.0412879	0.3537559	-1.1163014	-0.2675755	0.41142398	0.72061807	-1.1195503	-1.9881297
-0.27129078	0.32032433	0.24711624	-0.4401024	-1.2763172	0.52915627	1.2929918	0.75148314	0.20116444	-1.087755
0.16973293	-0.43077576	0.6685114	-0.013054296	-1.7022669	0.79312146	-0.065689646	0.70040077	-0.52649915	-1.3790183
-1.1609037	-1.017362	-0.9512974	-1.1509178	-0.88097227	-1.3285557	-1.570948	-1.284145	-1.70736	-1.6243242
-0.20022821	1.2160084	0.31841695	-0.50853235	-0.42063513	-0.7780089	2.045586	0.37342423	-1.0667802	-0.40574923
-0.48966947	-0.5859397	-0.2522152	-0.546987	-0.7612537	-1.9315175	-0.34753257	-0.19321957	-0.9895501	-0.9959407
1.362002	1.0615971	2.0133326	1.121896	-0.051447332	1.6645888	0.5056864	2.3276186	1.1980463	-0.3294814
0.43472114	0.5012442	0.7449063	0.19553487	-0.9661281	0.60753673	-0.009726936	0.7413792	0.051607978	-0.7171919
0.38835335	7.3873425	0.60247505	-0.13117619	2.9977467	1.250883	6.132334	1.0709083	1.504675	2.1603436
-0.2793543	-0.27461696	0.6189364	-0.31957614	-0.13409892	-1.0637784	-0.4990451	-0.07256766	-1.1667123	-1.4518431
0.47664765	-0.060204238	0.98277295	0.30829728	-1.168134	0.31032914	-0.6008136	1.0563803	0.53256977	-0.5392598
0.90113187	1.9847786	0.78002334	0.56345946	-0.54631996	0.45051122	0.3172682	0.83039474	0.2318647	-1.086571
0.31328753	1.2153947	0.402748	-0.039407954	-0.81264615	0.68455184	-0.17893805	0.28855523	1.4589318	-1.2285497
1.9964339	3.531335	2.0588698	1.5640597	-0.0020618439	1.3496194	3.3993733	1.7850724	0.78724694	-0.71806073
-0.83638096	-0.51571757	-0.34640273	-0.9219686	-1.2676754	-1.0186805	-0.3437626	-1.8523173	-0.8372434	-0.7652718
0.13904256	0.081940204	0.56555724	0.023137733	-1.204248	-0.557414	-0.09952456	-0.065746404	-1.5366677	-0.28303015
-1.2629796	-1.3464465	-0.74127567	-1.3451846	-1.8693728	-1.5317796	-1.3617178	-1.1757556	-1.5162902	-2.5307124
0.87512076	0.37268773	1.6066957	0.68835175	-1.0586268	0.10831771	-0.8176168	0.8521173	0.11030244	-0.9489238
-0.023794122	0.5388999	0.49809983	-0.28431547	-1.1933631	-0.14730035	0.6169768	1.1077859	-0.1122269	-1.2897029
-0.31875813	-0.7575748	0.23409754	-0.4655534	-1.743465	0.69725454	-0.42861113	0.4853449	0.6267641	-1.4987127
0.7722446	0.57140243	1.4562585	0.54826814	-1.5118545	1.0407039	1.3211163	1.5449023	0.9712607	-0.65444714
2.1839879	2.8129852	1.9080448	1.8549709	-0.49772087	2.4632719	2.7549193	2.3635418	2.0868983	-0.9407648
0.383776	0.4665515	0.7000176	0.18050127	-1.1465299	0.33082685	0.23579983	-0.056939036	-0.31207168	-0.93400145
0.3716049	0.6276152	0.8773589	0.1543632	-1.1250856	0.45818743	0.3200523	0.88420767	-0.014417294	-1.1999103
1.2341661	4.0732956	1.0615112	0.7344432	0.16778234	1.2084354	3.9759042	0.9630768	0.41932786	0.010508888
0.45445016	0.28075883	0.9779488	0.27379155	-1.1852453	-0.8557823	-0.28666908	0.78030324	-0.7522809	-1.4562912
-0.8397585	-0.8696699	-0.37514886	-0.81915146	-1.2812887	-0.64932233	0.6202522	0.059386346	-0.6044562	-0.110571854
-0.7673121	-1.076699	-0.2995939	-0.80326414	-1.6694382	-1.5914134	-2.5225744	-1.0083766	-1.2092942	-1.6433568
-0.08875198	-0.6949941	0.40627173	-0.23197965	-0.23448661	-0.019901821	-0.40061122	0.44086474	-0.3025443	-1.4632714
-0.2530296	-0.24851614	0.12976137	-0.44992286	-1.0966524	-0.6551581	-0.6730454	-1.0626904	-0.7591986	-1.308295
0.58713484	-0.640198	1.1177655	0.45490062	-1.8069309	0.7903715	-1.196796	1.4203308	0.828759	-2.1835845
1.1421833	3.872474	1.1985261	0.42294866	-0.5211447	0.121868335	3.4089866	0.16834101	-0.2659738	-1.1536571
0.6688621	1.5742781	1.2661752	0.38778943	-0.63954496	1.0299747	2.2354307	1.3185189	0.7945229	-1.0738567
-0.040420018	-0.36247706	0.41891015	-0.21066627	-1.4808532	0.31557438	-0.61721855	0.722348	-0.22855729	-1.4819983
-1.3819382	-0.17887011	-0.8320956	-1.4701595	-0.23010905	-1.6463859	-0.45487088	-1.2586774	-1.5412174	-1.1844442
-0.7801805	-0.54411435	-0.3487688	-0.90754336	-1.2761912	-0.697911	-0.3782058	-0.058835823	-0.5070884	-0.23165531
0.54399097	0.5097704	1.1752721	0.33463502	-1.2675674	0.22894806	0.9011738	0.24528486	-0.009567452	-1.2857728
0.16718954	-0.13403365	0.68716216	-0.16476512	-2.204963	0.78406435	0.5161079	1.1188743	0.4362545	-1.7765276
-1.187204	-1.0297523	-0.6740234	-1.243294	-1.380906	-1.9497818	-1.8893332	-1.4455998	-1.9317603	-2.838772
0.22105339	1.8495102	0.55906975	-0.05123256	0.29992595	-0.39895374	1.8418676	-0.14797485	-0.88628364	0.8398708
1.5588768	1.6345034	1.9409103	1.2618002	-0.44238144	1.0742909	0.99379224	2.0321116	0.72990716	-1.4753911
-0.08278135	-0.6016259	0.2670056	-0.2515306	-1.3767418	-0.1265969	-0.31427532	-0.06750723	0.56230026	-2.0071013
0.9011268	1.6628976	1.2004799	0.5806283	-0.8941443	1.1627921	0.6282077	1.3125212	0.8077911	-0.8125076
2.4083836	2.0194447	2.7014515	2.1459022	-0.46639156	2.3462808	1.9684712	2.5920029	2.116302	0.32273403
0.26768115	0.4532515	0.72220933	0.013789594	-1.5114652	-0.2680773	1.0144295	0.32049632	-1.0120145	-1.2050855
1.6156839	1.7381556	1.8526384	1.2579833	-0.8695942	1.9386791	2.0839667	2.3125944	1.4134996	-1.0306855
-1.0921053	-1.2476602	-0.6045034	-1.1313337	-1.7510948	-0.5560705	2.1452007	-0.6007584	-0.59208053	-1.3235077
0.13155049	1.0294278	0.25651467	-0.09271327	-0.54092747	-1.0200125	-0.16006653	-0.80085963	-0.5648039	-0.55872273
-1.4670149	-1.552421	-1.0100155	-1.482582	-1.2488798	-2.0687876	-1.5452728	-1.520509	-2.1731353	-1.360525
1.7270589	2.0817237	1.8181348	1.3129343	-1.0053499	2.2139819	2.8270574	2.0363653	1.3047932	-0.8208053
-0.6674356	0.39119527	-0.24063715	-0.86179984	-1.2121015	-0.43858114	1.1645744	-0.50789493	-1.3293914	-1.4797137
0.42630574	0.40826812	0.8517598	0.19814621	-1.1882397	-0.6796037	-0.40660167	0.20257944	-0.28469598	-1.2000885
0.3923364	2.787133	0.48451144	-0.018157303	-0.91738355	-0.31937933	3.010435	-0.21113226	-0.46437547	-2.1079679
0.34683508	-0.427477	0.8601372	0.13874109	-1.2863358	-0.22131008	-0.44452354	-0.24247894	-1.1320854	-1.0667857
0.010040216	-0.55006707	0.44135106	-0.101287976	-1.0940671	0.056319937	-0.83739966	1.1007591	0.41552064	-1.3941324
0.5070885	0.6240257	1.0786229	0.39705086	-0.40116435	-0.38785034	0.34424782	0.22896664	-0.72218347	-0.5453206
-0.8318737	-0.754405	-0.5195409	-0.90656453	-1.1850492	-1.5469412	-1.1158338	-1.3276054	-1.6708579	-1.4350909
-0.26900324	-0.6092833	0.2278398	-0.3680973	-1.2434089	-0.600598	-1.3841572	-0.29027343	-0.7364264	-1.592301
-1.2008018	1.3039385	-0.7712203	-1.4849896	0.46664312	-1.8994521	2.861884	-0.6320669	-3.0620408	0.5602609
1.0659014	3.7328756	0.8459554	0.72502536	2.7854638	-1.1121191	2.2544112	-0.3808228	-1.0671592	2.3673599
-0.2496644	0.89884496	0.047572285	-0.45962	-0.42842963	0.05619406	1.3786298	0.7656717	-0.32638595	-1.3417977
-1.5352391	-1.6380321	-0.8964621	-1.6523646	-1.2064806	-0.49566343	0.38177058	-0.40632308	-1.0865996	0.111666635
-0.6140748	-0.5458819	-0.246826	-0.72109705	-1.0822623	-1.1137693	-2.0712688	-1.3436737	-1.2949051	-1.1917826
0.21323791	0.17395836	0.5207001	0.12969263	-0.10905112	4.625105	1.4511003	3.741594	4.282671	0.27507985
-0.086535014	-0.46300274	0.38956788	-0.2735774	-1.1885695	1.8366545	0.8731597	2.461657	2.1693974	-0.99435896
1.029535	1.3279198	1.7628723	0.81293124	-1.1200771	2.5905807	2.5810516	2.644676	1.8519257	-1.2395663
0.4167032	1.1487753	0.66880596	0.15587561	-0.7834895	0.5125115	1.7685404	1.4915943	0.1829015	-1.6561896
-0.059835695	1.9145963	0.43483764	-0.24106826	0.747571	0.15355457	1.5562233	0.43908912	0.40816548	1.5896297
-0.34221256	-0.5615529	0.108539745	-0.47869182	-1.2508318	-0.49086863	-1.0190465	0.31627443	-1.2296005	-1.4600778
1.4468677	2.015196	1.6183403	1.1652818	-0.22577468	1.0272145	2.2637076	1.0278504	0.48036355	-1.7583168
-0.51571935	-0.10053706	-0.022292554	-0.63330907	-1.3727082	0.114136495	-0.24446914	1.3453586	0.518167	-0.75120884
-0.31773195	1.2897595	-0.19209495	-0.5655865	0.07339424	-1.1863862	0.6428613	-0.7818168	-0.29098502	1.2570409
0.012903996	-0.15056798	0.4131884	-0.13274644	-1.2606642	0.32122013	-0.19923575	0.18796395	-0.5927146	-1.8661304
1.22308	-0.057266355	1.2940352	0.98983717	-1.1008922	-0.090036295	-0.43699828	-0.069673836	-0.44225818	-2.4154727
-0.38325596	2.8113143	0.16919668	-0.793116	-0.3756197	-1.1509061	3.4464076	0.13055307	-2.4189928	-1.0858504
1.2937858	2.724376	1.3911798	0.8326194	-0.4581809	2.4642715	2.006888	2.543289	2.446364	0.4527429
0.20986259	0.22484937	0.67042863	0.004667625	-1.467012	-0.5084838	-0.55475044	0.11882541	-0.31694502	-1.4211152
0.6165126	1.7009057	0.9480001	0.22107635	-1.0877883	0.06678542	1.5033333	0.49862295	0.26711538	-1.8818531
0.36495602	0.5892037	0.8735726	0.18076174	-0.8553487	0.799201	2.0899084	1.1196073	0.25021085	-0.9524846
0.8809615	1.9909267	1.3050824	0.6480795	1.8144726	0.70203835	2.3691666	1.0749351	0.44759384	0.95369786
0.82700974	2.762621	0.97818494	0.41920626	-0.6252898	1.9007294	4.5022173	1.581431	1.6027762	-0.48450458
0.60206395	0.9248425	1.1028856	0.3908065	-1.1760396	0.23044771	1.8677272	0.48022175	-0.016817236	-0.80660236
0.25270566	0.56923664	0.77008796	0.035692543	-1.281228	0.11279032	0.7692263	0.44897985	-0.07291584	-1.0275389
-0.08396462	-0.05943936	0.3646496	-0.24747367	-1.5405016	0.25238094	-0.43810657	0.82200444	0.05669787	-1.7578413
0.65765303	1.0797553	1.155666	0.4131071	-1.1620523	-0.38380548	-0.13024083	0.7490933	-0.7234396	-2.2071557
-0.01932181	0.79794276	0.8972645	-0.31889662	0.2568042	-0.6316592	0.021166757	0.32863024	-0.43936974	-1.2352461
-0.03117127	0.54786205	0.20623633	-0.2264811	-0.98414135	-0.08271205	0.31799743	-0.052158237	-0.3788513	-0.89515996
0.48168972	-0.1414233	0.91046154	0.32741153	-1.1135502	1.3608913	0.3091054	1.6060567	1.2362685	-1.1694616
0.7469611	-0.15714327	0.88328433	0.509543	-1.5981468	-0.15546452	-0.36889023	-0.31027693	-0.40687534	-1.8496394
-0.7181841	-0.7711307	-0.4742678	-0.71286684	-0.14905304	-0.5074062	-0.75679886	-0.38045073	-1.235173	0.7093911
-0.7765565	-0.59312487	-0.30844244	-0.89906263	-0.94826233	-2.0274334	-1.1771934	-2.0073276	-2.5100372	-3.4568603
-0.26559475	-1.1044289	0.04687059	-0.32890302	-0.92379296	3.0477984	1.2951876	3.2670336	2.8161538	-0.95974094
0.84101695	0.40385112	1.3655876	0.6282952	-1.3116817	1.0862846	0.26462534	1.7946655	1.2196015	-1.6506383
0.6983913	0.60600376	1.2294803	0.4974671	-1.205675	1.3351071	0.97828656	2.0875316	0.91664934	-1.2050854
0.14421731	0.08312324	0.48575664	-0.04632981	-1.3971943	-0.99013394	-0.669572	0.120867595	-0.88265216	-1.7035679
2.3351934	2.9688427	2.1069021	2.0188556	0.9662578	2.8455584	2.9730062	2.5582058	2.660552	1.6840162
-1.2505153	-1.4287671	-0.7768152	-1.2589681	-1.0074257	-1.6265382	-1.5224668	-1.1084965	-1.8609505	-1.1074463
-0.79677135	-0.6150495	-0.38042203	-0.8657197	-0.80973566	-1.765946	-0.5650415	-0.8562336	-1.3282824	-0.9990743
0.9095244	2.770947	0.777462	0.57559955	0.47162846	-0.02889125	0.9621213	-0.6855846	-0.43515918	0.56237876
-0.61564213	-0.5320345	-0.13353357	-0.7176846	-1.7523538	-1.6006724	-0.8759545	-1.0230474	-1.4630127	0.5528979
-0.048517473	0.018950135	0.51832736	-0.2169136	-1.2282394	0.44208285	0.81056863	2.1476667	0.99541193	-0.2076527
1.144724	0.31231198	1.553586	0.9304434	-1.2731762	1.1619449	-0.41752467	1.6003494	1.3019314	-0.2901911
0.30310583	0.045912325	0.8762138	0.10552929	-1.2012079	-0.7214378	-0.8974153	0.04957103	-1.4388895	-2.539226
0.7226034	0.69812894	1.2365993	0.50489473	-1.2505336	0.74505067	0.7426801	1.735943	0.55121356	-1.0326929
0.7611177	1.2987298	0.9826801	0.43455732	-0.233855	0.089296736	1.0035212	0.005017315	-0.5013173	-0.4156218
1.3180205	1.9521868	1.3936766	1.0223123	-1.0123568	1.5202187	1.9738263	1.3207337	1.9068328	-0.61908454
-0.20735753	-0.6219847	0.15788904	-0.3708198	-1.3808147	-1.3364136	-0.91347873	-0.280971	-1.5070884	-1.3761691
-0.12528723	-0.61393327	0.2733392	-0.23459244	-1.1170855	-0.7525564	-1.5259869	-0.622748	-1.2054952	-1.3964671
-0.034848444	-0.10456966	0.46126294	-0.21909992	-1.2813638	-0.31146482	-0.93924195	-0.5070732	-0.6719254	-1.4144163
0.9403625	3.8763778	1.04958	0.40491235	-0.07689953	0.15510778	3.4448166	0.35941216	-0.13722098	-1.153291
-0.027103283	0.16990733	0.45428517	-0.18793873	-1.2947289	-0.19264042	-0.12975702	0.23384307	-0.5386567	-0.97561204
0.8702078	0.8571769	1.451253	0.6357342	-1.0610496	0.75007254	1.0476961	0.68254554	0.43020692	-1.3940289
-1.018822	0.6536913	-0.5298425	-1.279506	-1.0728078	-1.1106343	0.37092263	0.7778813	-1.0059396	-0.59965956
1.2267338	0.9862387	1.5757726	1.0148311	-0.80030894	0.8124537	0.3943468	1.5237201	0.5924534	-0.92139274
0.91376376	-0.065614104	1.4036515	0.73605746	-1.4334353	0.13949496	-0.29304832	0.9390756	-0.19626145	-1.8882784
0.379159	0.5403805	0.6527344	0.28439736	-0.68795395	0.26147568	1.7861375	0.9386133	0.0048106317	-0.863247
0.20639965	0.3290337	0.45967475	0.12553684	-0.8144517	0.23180148	0.91050404	1.0227742	0.34894902	-1.3560691
-0.0710902	-1.577593	0.27428445	-0.17852588	-1.9606096	0.6371496	-0.5105123	1.4497482	0.6935031	-1.0434146
0.4209938	0.7791796	0.82686734	0.17092495	-1.2414403	0.015552626	0.21555346	0.90116036	-1.3428556	-1.6427524
0.4403586	-0.5457151	0.7771405	0.2858215	-1.2390953	0.5753764	-0.36189982	0.3194746	1.0983968	-1.3027802
-0.64856917	-0.3723469	-0.14814311	-0.77445704	-0.95237446	0.7971671	-0.62061787	0.98001164	0.605018	-1.4506764
0.22176439	0.7391211	0.61969227	0.030628935	-0.5670916	0.6206262	2.8420303	0.11100546	0.68384564	-1.4400686
0.2847613	1.1027486	0.822832	-0.0010264069	-1.2649142	0.2586245	-0.8194994	1.2868233	0.2789797	-1.9651076
0.7367487	0.5640714	1.3336283	0.5401599	-1.1392727	1.5838699	1.2984529	1.8640157	0.9120274	-0.942914
0.111546494	-0.45533347	0.6693114	-0.04256697	-1.3132184	0.46404764	-0.21355893	1.3942924	0.024269836	-1.477165
1.350796	1.4575007	1.6243459	0.9840208	-1.361523	1.3100175	2.1375732	1.7733611	0.9826882	-1.2080921
-1.1783772	-1.2248796	-0.5137811	-1.2890416	-1.7893504	-1.3402247	-0.79477155	-0.14415331	-1.3842317	-2.185175
0.25242606	0.10502756	0.74730885	0.069713816	-1.2989849	-0.078823544	-0.51739955	0.32214698	0.31171438	-1.1044223
-0.022667296	0.6045195	0.28093907	-0.27952844	-0.6894355	-0.01502991	0.027993117	0.56129944	-0.1605936	-1.2509634
0.37875316	0.5408063	0.847468	0.15019123	-1.2706186	0.072166204	0.5638106	0.56173134	-0.38798293	-2.1777546
0.8121543	1.9360766	1.0674688	0.5860703	-0.4923787	0.28640768	1.3789879	-0.062554955	0.30750993	-0.24011253
1.4530805	3.1132302	1.6098932	0.9631269	-0.21967697	1.6168078	3.3463101	1.8477942	1.6332574	1.2646536
-2.096055	-2.0514543	-1.3956754	-1.9450663	-0.45283946	-2.3175166	-2.1973913	-2.3958359	-1.8405523	-1.0060945
0.6261808	-0.45108226	0.82615924	0.48097718	-1.3819553	-0.060902957	-0.55794513	-0.036757395	-0.20385009	-1.2666812
-1.2027255	-1.4825923	-0.20408785	-1.2432239	-2.015882	-1.7340432	-1.4037141	-0.5196788	-1.6369745	-1.4285636
0.51662034	1.2511076	0.62447006	0.25646	-0.75328636	1.0493283	2.7003057	0.47346705	-0.15429729	0.013596246
0.8176116	0.6026113	0.85198236	0.48552155	-1.2491928	-0.23126107	-0.5204482	-0.6091659	-1.0819712	-0.49741092
-0.0833557	-0.59399056	0.4094445	-0.23115708	-1.211699	-0.8687708	-1.4042703	-0.087511644	-0.94105935	-1.1091121
-0.15923554	-0.12325153	0.20344889	-0.3266948	-0.89411414	-1.0160608	0.19779381	-0.06274121	-0.9748059	-0.98509014
0.8645373	0.9398819	1.3614409	0.6567596	-1.3979708	1.1852926	0.32173225	1.4798152	0.80850786	-1.5712683
0.121758245	-0.13691464	0.4063242	-0.082993016	-1.5851687	-1.3455158	-1.0314705	-0.86876893	-1.2287985	-1.927473
1.2224066	0.25901848	1.580776	0.9336417	-1.3715214	1.1664752	0.6329477	1.4429427	1.0674609	-1.1608577
0.5975126	0.64436924	1.1244149	0.44721502	-0.9087882	1.1093695	1.7925507	1.434972	0.63417506	-1.0570191
-1.5175768	-1.5915419	-0.9702592	-1.4843123	-1.3278253	-1.4331737	-1.5957255	-0.93710387	-1.3879318	-1.8184807
0.53764355	1.935092	0.5043359	0.07183777	-0.15765277	1.7329712	2.9976482	1.1868732	1.1425894	-0.7514322
0.6752916	1.204063	0.65644026	0.34885073	-1.1506948	9.706347e-06	0.6746882	-0.35790828	-0.4891783	-1.6160138
1.642467	0.71519446	1.8705233	1.3224214	-1.7473893	2.8912232	2.128633	3.1153984	2.0541193	-2.2895117
1.5541322	2.3256757	1.8218724	1.3816653	-0.5434507	1.2724593	1.8890594	1.7008891	1.0241014	-0.70708275
-1.4284762	-1.3276379	-0.7740563	-1.4593055	-0.44309482	-1.3481545	-1.7104925	-0.66188276	-1.8419427	-1.4362402
3.1421745	1.6259172	3.4547176	2.8298006	-0.17050955	0.20832784	0.5908132	1.1741302	0.2084582	-1.8669573
-0.26965234	-0.9804684	0.124489486	-0.42151332	-1.482113	-0.33529216	-1.1323053	0.20620085	-0.7803742	-2.0546784
-1.059695	-1.2116969	-0.72670877	-1.146314	-1.0235056	-1.5030106	-1.110513	-0.84103864	-1.2821124	-1.1941384
-1.5236653	-1.5231987	-1.0461787	-1.4690958	-0.94725573	-2.8935726	-2.2313268	-3.0052986	-1.4193906	-1.6387963
1.3237177	0.56239426	1.2713301	1.1361065	-0.4521346	2.1676874	0.09543292	1.9861184	1.8954471	-0.9767404
-0.97464585	0.015915722	-0.81265247	-1.0965073	-0.6644082	-1.471982	-0.37269387	-0.47937623	-2.3125794	-1.2042047
-0.7903951	-1.0428655	-0.14092168	-0.83973265	-1.2160653	0.19648565	-0.010737319	1.1617808	-0.38048914	-1.7171818
0.16797969	0.18944076	0.62415266	-0.008586794	-1.4076678	0.005624319	-0.5442591	0.9939137	0.23979858	-1.3332353
1.8362837	1.816349	1.9079458	1.5916057	-0.86871994	-0.23324543	0.068587236	0.6096576	0.62149346	-0.8303903
-0.17103577	0.3765544	0.22487813	-0.36964342	-1.3906474	0.4375743	0.28230727	0.026762959	-0.6531678	-1.1284133
0.009147905	1.3816656	0.17261246	-0.24815053	-0.75351363	-0.31574684	2.0887458	-0.102307126	-0.7056349	-1.1237415
0.12410305	-0.47167093	0.47531307	-0.052830413	-1.5293783	-0.60471946	-1.4664289	-0.16422397	-0.27496114	-1.4889466
-1.3126148	-0.9858563	-0.80699337	-1.3850569	-1.2213697	-2.283226	-2.5678825	-1.8784549	-1.673803	-1.3552994
2.7265735	2.1907709	2.8582609	2.38552	-1.8772044	2.3538198	2.8906426	2.0276802	1.8497294	-1.996157
-1.3538483	-1.7302914	-0.8284197	-1.3742357	-1.8501776	-1.4179313	-0.8603938	-0.68665165	-1.6404252	-1.6105174
-0.8930304	-1.1801883	-0.38763967	-0.9565844	-1.6977385	-1.3204019	-2.19939	-0.43653852	-1.1904594	-1.4256414
-0.9507688	-1.2738035	-0.5227629	-1.0294989	-1.461672	-0.38765785	-1.6585721	-1.1230575	-0.57837343	-1.747317
-1.111556	-1.2536491	-0.665022	-1.1280261	-1.0026236	-0.65067536	-1.5975039	-0.021624591	-0.637812	-0.08377265
0.7866618	0.059161335	0.85059404	0.62356764	-1.2741033	-0.2509394	-0.270166	-1.4352415	0.09381564	-1.3037003
-1.2229806	-0.9214661	-0.66528	-1.3004941	-1.3738966	-1.2116575	-1.6622672	-1.0413895	-1.0402956	-1.7338432
0.99781257	2.1341355	0.91693103	0.7347459	-0.18436217	2.1051595	1.9515345	2.174206	1.8475014	-0.42253718
0.45742866	2.9291008	0.47676247	0.103287384	0.540784	0.22612055	4.4015145	-0.09125941	-0.1711862	1.691936
-0.16667065	-0.5914302	0.066137284	-0.2826361	-1.2787954	0.6807311	-0.4100855	0.7706966	0.40526348	-1.1252363
2.6318552	2.009052	2.3934257	2.0606914	-1.123697	2.2791302	1.0926412	2.8107178	2.2399063	-1.4767541
-0.82961124	-0.9561788	-0.3943483	-0.81849086	-0.8241712	-0.3665654	-1.2034575	-0.04862867	0.17962493	-0.31879172
0.13439858	-0.28222436	0.70724946	-0.039359823	-1.5440905	-0.73509216	-0.7580349	0.2693764	-0.454476	-1.64354
-0.265192	3.6060557	-0.5020691	-0.6819341	2.137645	0.2813321	2.8801346	0.30527538	0.20504491	1.7546554
-0.54710054	-0.5910536	-0.16253477	-0.59416276	-0.7797762	-0.33317038	-0.15432708	-0.31756246	-0.16507468	-1.3737978
0.5491186	1.2932087	0.8627845	0.28062415	-0.48526496	1.4290624	1.6535	1.0073106	0.8251794	-0.4121519
0.3111134	-0.654833	0.7820171	0.102562025	-1.6035441	2.6698263	-0.59507793	3.8148103	3.046578	-1.3703954
0.5767494	1.8038399	0.8957094	0.12191062	-0.62918496	0.78953356	2.1571743	0.7751245	-0.18951543	-1.7934214
0.46206817	1.3775456	0.88435245	0.19079693	-0.9678261	-0.39438573	0.18689476	-0.49200547	-1.1559583	-0.93077385
0.56596524	0.08205333	0.9550607	0.37703276	-0.84596187	-0.0411743	0.15657982	0.6105441	-0.044998508	-1.3602868
-1.7907392	-1.8099755	-1.178437	-1.7657281	-1.2556926	-2.1642594	-0.63329357	-1.6680167	-2.3555064	-1.0339228
0.8441784	2.7940826	0.9614314	0.49496806	0.62953055	0.64681625	0.5306786	1.0027571	0.3004223	-0.09976265
1.1651145	0.610376	1.6162107	0.8963829	-1.4899237	0.3002259	1.2537433	0.58233553	0.20294565	-2.4381113
-0.41697595	-0.2692838	-0.22946021	-0.60762054	-1.1595799	-0.9045442	0.450264	-0.796375	-1.4435313	0.40096995
0.3405433	0.2961366	0.9288082	0.11456989	-1.5207473	0.14465839	0.06586665	1.3103421	0.40481535	-1.275922
0.37336397	-0.09791422	0.92196524	0.17247705	-1.6963855	0.7577361	0.16300647	0.8176304	0.9496919	-1.4484999
0.92021304	2.7028809	1.0446974	0.5470965	0.6155163	0.43094417	2.0352914	0.2739226	0.09472529	0.5161339
0.83239454	0.62658656	1.2135869	0.63181996	-1.1380308	-0.6813706	-0.86694044	0.6313096	0.014599509	-1.2265475
1.8489856	0.9255086	2.5475857	1.5913677	-0.6533054	0.29374158	1.0765955	0.78611	0.27468246	-0.98613364
1.4451127	0.6530391	2.1603193	1.2519925	-0.8132827	0.48349342	-0.39109364	1.0141712	0.11303039	-0.710088
0.48146942	0.80699575	0.92850363	0.22198679	-1.4853774	0.23835191	1.0762472	0.93696856	0.3199021	-1.5710424
1.39757	1.2641304	1.5036144	1.1773304	0.38483098	0.8533747	1.7123628	0.45369145	0.57543284	-0.23194125
0.48971602	-0.24669966	1.1838781	0.38088608	-1.2022021	0.9921771	-0.7277945	2.5559373	1.2084142	-1.1079193
-0.48684135	-0.7643993	0.05985868	-0.5850022	-1.4736739	-0.8121497	-0.31039512	-0.5020536	-0.39703417	-1.2155333
0.89984286	0.655323	0.9094657	0.55965775	-1.0290401	0.15607055	0.79791754	0.12114934	0.17222835	-0.83727986
-0.66365194	-0.76765835	-0.20785096	-0.7238331	-1.5070367	-1.0469868	-1.2939295	-1.043782	-1.481624	-2.1147985
-0.19037837	-0.7389718	0.29133236	-0.28276193	-0.6981608	0.04611796	-0.60685587	0.70129275	-0.31235206	-0.9505949
-2.0292625	-1.984164	-1.3429711	-1.9712633	-1.5475291	-1.713268	-1.9166772	-1.7832882	-2.1249394	-0.9851408
0.594886	0.80974555	1.0235829	0.3727103	-1.0218372	0.4380765	1.2182844	0.8478745	0.1730446	-0.10881353
1.0067176	1.4167998	1.2706354	0.80680215	0.4098855	0.35077	0.59843534	0.023741035	-0.4619328	1.4122095
2.0900185	1.4400337	2.3857698	1.8215919	-1.1376665	-0.0919367	-0.08144354	1.4393411	-0.4132449	-0.9627826
0.86222416	1.2976047	1.0991997	0.6609208	0.5580789	1.3167465	1.4184157	1.904177	2.030867	0.7326459
1.5741851	1.484021	1.8119504	1.205209	-0.9868587	0.48948547	0.87404454	1.7581857	0.63652295	-0.5541264
1.6144179	1.5330465	1.7058923	1.2372959	-1.4275047	0.32454976	0.9039158	0.3272761	0.100684896	-2.051335
-0.2783734	-0.32126504	0.09131974	-0.45111853	-1.4517425	-0.74550366	-1.2921923	-0.3981605	-0.6700339	-1.568102
0.11120292	-0.3627199	0.4892417	-0.04557398	-1.0254319	1.0946217	0.009816795	1.2105368	0.93976486	-1.3430609
0.7571547	1.8373468	1.2556096	0.40903705	-1.4258045	1.3128688	1.2979934	2.1193757	0.9842235	-2.3667686
0.9712985	0.105819464	1.3222666	0.73602366	-0.14481556	0.7111891	-1.097915	0.27802086	-0.11535015	-0.6548422
2.0928757	1.0653174	2.5988986	1.7662106	-0.16656071	1.8694556	-0.33401135	2.3244736	1.8020943	-0.5084344
-0.00401444	-0.42675468	0.13848495	-0.04568319	-0.4291139	0.59808105	-0.6160987	1.1399926	0.6669979	-0.9231062
0.5158175	-0.32409364	0.93761754	0.26764852	-1.6669741	0.8251648	0.17170452	2.0111716	0.78013426	-1.2012345
-0.1751157	-0.039547414	0.27828586	-0.33212632	-1.0534372	0.07517341	-0.47727767	1.060041	0.6997057	-1.2500181
0.5628111	0.35762385	0.8847619	0.33170652	-1.0766348	1.0365624	-0.23713447	1.141443	0.7521857	-1.2297606
0.53271526	-0.025937662	0.9634614	0.39588636	-0.50796056	0.1573429	0.010769108	1.1528469	0.26449472	0.096737914
-0.99288	-0.582281	-0.68297684	-1.0847563	-1.3880277	-1.3348184	-2.1497042	-1.3403805	-1.1674922	-1.6351324
1.0297832	1.0250801	1.5558821	0.8108553	-0.843529	0.28573883	0.7853834	2.488182	0.30117673	0.38051492
0.98287374	1.8496742	1.1987606	0.7343601	0.56869173	-1.4278215	-1.3301294	-0.24651025	-1.2373341	-1.8203305
-0.6497976	-0.6436975	-0.17326811	-0.6915313	-1.6336005	-1.4560997	-2.0666008	-0.33930004	-1.4254465	-1.218039
-0.32755548	-1.2039281	0.33839616	-0.41614217	-1.3387448	0.59287274	-0.13202392	0.8508619	0.086234644	-0.9987119
0.5850258	0.8447025	0.95265293	0.36990958	-0.9678445	0.68379843	-0.030528933	0.75574577	0.5209792	-1.0227504
0.71237326	1.9909606	0.7362225	0.424815	-0.610314	1.3699714	1.4711126	0.84561104	0.9514779	-2.094436
0.17138562	0.35480335	0.5793413	-0.0048817247	-1.1878407	0.044032067	-0.3386131	0.43073773	-0.08590912	-1.7997327
-0.7231607	-1.3636122	-0.30717483	-0.8124746	-1.9816281	-0.5372096	-1.8458207	-0.15939085	-1.1988232	-1.5834774
0.8285927	1.029726	1.3507	0.6065727	-1.2533791	1.2874621	1.0250626	1.930278	0.8108165	-1.3966461
0.32587054	-0.41084662	0.63638735	0.13393633	-1.5541754	-1.3736382	-0.9521621	-0.30352518	-2.2773867	-1.0203884
0.37206838	1.0450791	0.7091656	0.07047461	-1.3339857	0.17329447	0.7319952	1.0621523	-0.19535632	-1.2353586
-0.61042094	0.21972674	-0.26862922	-0.8061756	-0.7925656	-1.0746312	-0.84623456	-1.0304546	-1.4911816	-0.9063254
1.2402303	1.0087775	1.6033612	0.99115837	-0.8985921	0.8149578	1.9695442	0.97510433	0.80996335	-1.3585337
-0.9459846	-0.8013098	-0.4972913	-1.0297619	-1.286839	-1.3539461	-0.5680489	0.11241205	-1.6770134	-0.56622976
-0.3112505	0.27240154	0.13063076	-0.54763806	-1.1885653	0.58256316	1.4370419	1.4169006	0.35814172	-1.1373957
0.54917467	1.0773679	0.7330781	0.34455281	-0.56145936	-0.103838645	0.4936326	0.32274315	-0.33447427	-0.4430436
-2.202968	-2.1239443	-1.4180783	-2.151585	-1.1719044	-1.9330951	-2.1263187	-0.95227885	-1.6106747	-1.069701
1.371703	2.257625	1.323267	0.98289716	-0.47778785	2.8444319	2.210615	2.7509003	2.791194	-0.74305815
-0.7293937	-0.86338603	-0.23289293	-0.9171519	-2.294904	-0.6063974	-0.77228665	-0.38596964	-0.47417083	-1.8750107
-0.6518129	-0.8692032	-0.35543987	-0.7565037	-0.5616309	-0.40219858	-0.76672363	-0.14984697	-0.6756875	-1.4841856
0.88187844	-0.6321559	1.137207	0.5724625	-1.1253879	-1.142067	-1.5135653	-0.50151217	-1.2681137	-0.73441166
1.6651984	1.5164862	1.8323365	1.3178625	-0.8041419	0.5434885	0.78186065	0.28738883	0.574561	-1.574937
-1.944394	-2.0404108	-1.3419039	-1.9067059	-1.6921197	-1.5424902	0.66953313	0.42842373	-1.6604383	-2.2676847
-0.8241469	0.20294246	-0.5366601	-0.98322326	-1.207247	-1.5362229	-0.67878497	-0.97749776	-1.034165	-1.1301007
1.7668606	5.230227	1.3702061	1.1574349	0.060838908	2.7058313	4.3020115	1.2131187	2.0965896	0.8793743
0.71260566	0.7192738	1.2945867	0.62269694	-0.71604306	0.504545	0.9215229	1.1794112	0.575819	-0.57650876
1.4869384	0.9590887	1.8355384	1.2384583	-1.2418586	0.30819052	0.027253011	1.643437	0.59952265	-0.8928043
0.060641594	-0.14119324	0.546746	-0.14138032	-1.4711955	-0.47843146	-0.27162474	1.103465	-1.5114435	-1.0041633
0.4152925	0.70734084	0.65421605	0.19341625	-1.1369221	-0.32947046	-0.35105246	0.23799688	-0.0005841785	-1.721998
-0.0370518	2.8204846	0.15808515	-0.5401162	-0.06519607	0.40529588	3.9125235	0.3978851	-0.41977444	0.52621204
-0.8201731	-0.6507741	-0.2834601	-0.86339253	-0.87158227	-1.0149351	-0.92487663	-0.52418804	-1.2276313	-1.0501311
-0.20012987	0.015269041	0.28326866	-0.3551827	-0.7734989	-0.8398024	-0.36609522	-0.57955974	-1.2601933	-0.46473393
-0.34994966	-1.1601927	0.20909841	-0.46563405	-2.3814528	0.7518238	-1.2150863	0.8559595	0.8063516	-3.1670609
-0.9789598	-0.32140183	-0.710531	-0.983362	-0.011731923	-0.09641876	-0.48974916	-0.63125575	-0.3116031	1.2386
1.463226	0.1264571	1.6967118	1.2063564	-1.2490734	0.61027795	-0.8131642	0.80743366	0.6776924	-1.4614074
-0.51979035	-0.5179653	-0.019572347	-0.6502798	-1.2951438	-0.6092296	-1.02357	0.077292696	-0.37624463	-0.44091573
0.059325777	0.06773266	0.43355137	-0.23267792	-1.504665	-0.48191333	-1.1709495	-0.39398095	-0.992984	-1.7752967
0.6139773	0.99823105	1.0344939	0.43277562	-0.9655634	0.342553	1.8656322	2.0526397	-0.38423166	-0.80307645
-0.034667082	0.102992445	0.14740318	-0.17081985	-0.37276924	-0.8551033	-1.023269	-0.27278063	-0.78511435	-0.37391388
-2.0973113	-1.9120253	-1.503169	-2.0432386	-0.3647715	-2.9027586	-2.105306	-0.6857366	-2.815633	-0.2405999
-1.1195918	-1.323797	-0.69704664	-1.0947444	-0.86386967	-1.2983706	-0.58044916	0.12943174	-1.322246	0.25322852
-0.7826356	-1.184539	-0.20954469	-0.867874	-1.3872937	-0.9759321	-1.8266358	-0.0060816826	-0.71431565	-1.5250599
-0.27720055	-0.5308474	0.2620072	-0.39672858	-1.2675465	0.091367334	-0.49627733	0.5906149	0.11273609	-0.9946006
0.85367686	3.0389233	1.0351387	0.44181365	-0.85838735	3.8046832	3.8069303	4.283517	3.0198033	-0.49826542
0.69897836	0.12816456	0.7222332	0.52112335	-0.32478976	0.26699457	-0.3452576	-0.21919498	0.326911	-0.53139657
-1.4773767	-0.13824311	-1.1295633	-1.622309	-0.70879996	-1.6466268	-0.46538815	-1.5923922	-2.996453	-0.8028847
1.1470622	-0.4347318	1.7718683	0.9839003	-1.0832136	0.69903857	-1.4918624	1.0873549	0.12677373	-1.4684309
0.29719695	0.245114	0.8184823	0.06420313	-1.7339417	0.4193486	0.34218836	0.4240933	0.11421748	-2.3522851
-0.39177626	-0.6067232	0.076651335	-0.4830011	-0.8532084	-0.73134077	-1.5090947	-0.717963	-0.9287391	-1.8894917
-1.616735	-1.5403388	-1.0165502	-1.5886607	-0.9813353	-1.9085939	-1.0858287	-0.6022354	-2.0888758	-1.6802874
1.188913	6.2818046	0.8073034	0.52662194	0.75268495	-0.6243008	4.011274	-0.87766	-0.32658812	1.7341971
-0.27847895	0.30271128	-0.021592319	-0.44610786	-0.1087378	-0.8098066	0.22507478	-0.3889883	-0.82375985	0.15408187
0.5406253	0.36421993	0.9509306	0.24542864	-1.2533418	1.4534714	-0.07156342	1.6307161	0.61911803	-1.2597086
-0.95565474	-0.21017078	-0.48562762	-1.0132226	-0.45961556	-1.3417615	-0.7162061	-0.7707626	-1.210365	0.13424669
-0.8872574	-1.1059259	-0.42992684	-0.8984883	0.488247	0.23259522	-0.33865318	0.40915358	0.022889191	0.22073957
0.5716934	-0.20345214	1.2031989	0.45009542	-1.5161184	0.5742037	-0.03169324	1.1972646	0.30754897	-1.5534527
0.003467068	0.74056697	0.5675477	-0.27688217	-1.2494574	0.93756115	0.86922735	1.3482846	-0.099115245	-1.6764526
0.7536025	2.4558725	1.0435467	0.4775998	-0.5981715	0.36461934	2.567453	0.641343	0.03400852	-0.07367379
-0.32589632	0.0016601086	0.06908448	-0.5302371	-0.69369686	-0.18981051	0.22871202	0.11689536	-0.6011036	-0.73810965
2.224199	2.1722665	1.7869519	1.7938938	-1.5742613	1.8973197	2.0690725	0.9516476	1.8050865	-1.219517
0.17366534	-0.076063454	0.62465674	0.04807006	-1.1222538	0.6967477	0.4389479	0.4856002	0.94383353	-1.19103
-0.4008103	-0.6503206	0.07635638	-0.5422485	-1.6515658	0.1496212	0.013435936	0.35328406	0.22186919	-1.3253144
-0.38605115	-0.09218623	-0.05885914	-0.54398656	-1.3048477	0.15737242	-0.60924643	-0.21409981	-0.36347708	-1.2149945
-0.24826041	-0.57629615	0.18809088	-0.38882488	-1.335641	-0.47458258	-0.648999	-0.010490116	-0.58946955	-1.488194
0.2639295	0.32047132	0.6577034	0.08245732	-0.89269733	-0.054473795	0.56776553	0.6812206	-1.0119679	-1.0479199
0.32402632	0.29116723	0.8421643	0.104782805	-1.2095084	-0.09534516	0.3833455	0.6965358	0.086079895	-1.6469173
4.3493257	0.9408808	4.744285	4.077098	-0.29381922	4.5718975	1.2577306	5.2575965	3.6495886	-0.20562677
-1.6946831	-1.7897285	-1.179615	-1.6248807	-1.8578373	0.24061361	-0.4392838	0.20848717	0.31343475	-1.4878051
1.3920391	1.076443	1.7585428	1.1692766	-1.1337948	0.7468134	0.10507747	0.83874804	0.34830517	-1.4075338
1.1506072	1.147265	1.3798637	1.0126816	-0.034823596	0.8403654	0.21479909	1.4846218	0.37610683	-0.8207719
-1.2037323	-1.5259466	-0.6436926	-1.2409015	-1.9507866	-1.5541248	-0.9866457	-0.9865065	-1.6988232	-1.4170815
0.6555355	0.1346075	1.0798827	0.51540804	-1.3324038	-0.8947775	-1.8082689	0.8674799	-1.1480813	-2.4715521
1.1190224	1.9915354	1.5364448	0.7110296	0.22913262	1.2518975	1.8887923	1.2157949	1.0562156	-0.35003048
0.5641917	0.5172652	1.0297333	0.33992147	-1.2746632	-0.58065575	-0.60657537	-0.3479651	-0.9766919	-2.3727753
-0.032346416	1.1273175	0.1985353	-0.31826138	-0.69940615	0.16968368	2.3224573	0.14799523	0.008031895	0.18890683
0.27378055	0.25437772	0.5777154	0.10459708	-1.0371389	-0.06530787	-0.18059647	0.23693623	0.07920164	-1.1733521
1.8066334	0.8795332	2.1997242	1.4952075	-0.4063163	0.84026265	0.0010380772	2.0231073	0.5287864	-0.53577745
-0.015003152	0.21850789	0.53457475	-0.23698454	-1.6529027	-1.0822703	-1.3416742	0.40166703	-0.27240855	-1.6316301
-0.09149454	-0.087503016	0.480765	-0.20295295	-1.1981702	0.6574396	-0.25003058	-0.49571887	-0.29883558	-2.2145557
0.21903697	0.7896472	0.7275671	0.036292136	-0.5579316	-0.41073188	1.232626	-0.061251014	-0.83696854	-0.79442126
-0.59939665	0.17756668	-0.45541403	-0.7660073	0.3144246	-2.022937	-1.3862325	-1.80962	-2.3666248	-1.3985852
0.33218035	1.5193727	0.44117922	0.0058741868	-0.93478715	-0.051521957	0.10608766	0.067657374	-0.30410674	-1.2600092
-0.41097423	-0.28884086	-0.031342268	-0.5370569	-1.2714825	0.7472613	1.0511738	0.38329902	0.57151175	-1.5306681
0.9984346	1.7228056	1.7167554	0.75077397	-1.3789586	1.0808444	1.5018399	1.9666339	1.25825	-0.66442204
0.9419634	-0.41311413	1.1329105	0.60307425	-2.0420766	-1.3979834	-1.1992689	-0.87604713	-2.4275296	-2.638819
-0.7188061	-0.49191085	-0.43295965	-0.8030902	-0.8734622	-1.8696761	-1.5464466	-0.50842094	-1.7617655	-0.65827096
-0.6816904	-0.9031199	-0.23340759	-0.748947	-1.2400819	0.2784472	0.07047957	0.82795703	-0.017538223	-0.8315227
1.9270536	3.0278385	2.0482934	1.4925934	-0.4376909	0.5518589	4.3226843	0.11253533	0.0697297	-1.0242176
0.5700176	0.40350583	1.2201986	0.33655143	-0.8071574	0.9412096	-0.3450886	1.2232615	0.35335365	-1.2323463
1.0391283	0.806106	1.7433069	0.89048755	-0.582417	1.4388198	0.30718264	2.292642	1.3234769	-1.7049018
1.2097492	1.2158625	1.350528	0.9752157	-0.30462962	0.24062228	-0.51038057	0.84876907	0.4739839	-0.69581974
0.47815582	0.6825321	0.87562406	0.21648456	-1.1176596	0.9752672	1.0043992	1.6850832	1.8673071	-1.0417223
1.4815413	2.7678413	1.438571	1.1020925	-0.28064364	3.1279984	2.5210674	1.7756594	2.5182369	-0.81611925
-0.2501799	1.1486171	0.04691401	-0.53591746	-1.3292824	-0.15538353	1.9437115	0.20182672	-0.21444437	-1.3302324
-0.23133892	-0.068728715	0.57253915	-0.3814838	-0.40424907	0.77189255	0.46229556	1.4385849	0.5664341	0.7580955
1.0394249	0.27593878	1.5686529	0.7987302	-1.2440022	2.306287	1.0242656	2.3349555	1.0847956	-0.005242866
0.5469572	0.6619928	1.0688467	0.25874835	-1.103827	-0.40432617	-0.007781175	0.3421082	-1.0197995	-1.1446337
-0.33058184	-0.27976623	0.021208018	-0.46595782	-1.1462946	0.46272388	-0.7111402	0.6172366	-0.454621	-1.4094746
0.8831838	1.7663143	1.2854347	0.5672796	-0.6602517	0.10313286	1.2089097	0.76832414	0.04758206	-0.60534537
-0.3187545	-0.10944328	0.47381875	-0.5072476	-0.7624695	0.160262	0.751607	0.8171521	0.40868318	-0.7360049
2.0557487	1.9908962	2.4919722	1.7877357	0.5657414	2.2601857	2.4939642	2.7805324	2.5801313	0.66090643
0.99072415	1.9298351	0.8797891	0.6126232	-0.850689	0.8561113	1.8316976	0.40725645	-0.41362804	-0.78758806
1.4891142	0.41831884	1.6746377	1.3443447	-0.44558838	1.3206338	0.51353055	0.84838915	0.89766014	-1.1693527
0.17409727	0.59003615	0.7312051	-0.10133088	-1.297574	-0.28558064	-0.24615413	0.4764376	-0.4535027	-0.64601904
-0.6475719	-0.94488955	-0.12804776	-0.7794389	-1.6214105	-0.66989297	-0.52311194	-0.042575415	-0.58030367	-1.4879296
0.5054369	1.1887565	1.0172906	0.24420796	-1.0884043	0.314983	0.6805976	0.60532147	0.43444833	-1.092379
-0.41631302	-0.6531198	0.017876148	-0.5759915	-2.2596028	-0.7493735	-1.218468	-0.2011701	-1.2322674	-2.218164
-0.59825826	-0.68627715	-0.13075358	-0.6627789	-1.1349266	-0.08794254	-0.265746	0.5392437	0.09400487	-1.1073414
0.11180361	0.2616053	0.61047703	-0.12589984	-1.4761075	0.5848886	0.9955241	1.0403973	0.8458538	-1.3708222
-1.4018555	1.1441727	-0.7142495	-1.6144557	-1.3271173	-1.3439478	2.6304393	-1.0718066	-0.5465323	-1.6415386
-1.5394311	-0.95807385	-1.0985937	-1.5410615	-0.20146099	-1.1008319	-0.69439834	-0.9048071	-1.4560688	-0.14734134
-0.38737428	-0.6856774	-0.056078643	-0.41246372	-1.046437	-0.50162184	-0.8243664	-0.44840422	-0.7522809	-0.43907884
0.14068475	0.21692285	0.70797145	-0.051019147	-1.152108	0.5919335	1.1929795	0.93982947	-0.17234519	-0.7732154
-1.4576937	-1.1412112	-0.8918909	-1.5161377	-0.9593921	-1.6225669	-1.77331	-0.5937732	-2.4337802	-1.498871
1.2149277	4.5993314	1.4752032	0.72937703	-0.113809094	0.5785744	3.617654	1.1080091	0.009031857	-0.917821
-1.0644072	-0.8451636	-0.00029346347	-1.1431351	-1.2753832	0.30215728	-0.050687365	1.8380376	1.2304059	-0.88133585
-0.039778627	0.8415153	0.2765036	-0.25044808	-0.66797304	0.18589826	1.1456317	0.62008446	0.18555108	-0.69724095
3.2317994	2.7683828	3.2357295	2.8184924	-0.60671437	2.2579348	1.8606066	2.747534	1.7351165	0.28912118
1.5335139	2.1975439	1.9812193	1.2333647	-0.6915506	0.00022246466	0.28724003	1.2540766	-0.18330222	-0.7075281
0.66653883	0.80653596	1.266451	0.45362562	-1.0068371	0.66707015	0.39161387	1.0153828	0.25109467	-1.6175932
2.8812387	0.9652561	2.8171136	2.5410967	-0.126123	2.5362885	0.98338383	3.2370322	3.2258685	-0.7596295
-0.7347019	-0.569389	-0.42676666	-0.82825965	-1.133323	-0.76793826	-1.1742675	0.13293248	-0.7325938	-1.2707769
0.7399984	3.0515246	1.114127	0.4046046	0.70424974	-0.7708808	1.9024359	-0.61887264	-1.3738557	-1.0619373
-0.70356995	-1.2107795	-0.047856987	-0.8176423	-1.5552219	-0.16051883	0.3280719	1.0386417	-0.2636409	-1.0947248
0.94519025	1.07943	1.3157017	0.75850755	-0.56238896	-0.39794692	-0.337198	-0.17111759	0.5134973	-0.95812666
0.46822545	1.0155461	0.43196097	0.25456345	-0.5848088	-0.37550277	-0.18185872	-0.3483321	-0.47426423	-2.6643429
0.36632055	1.6997406	0.7285366	0.10019831	-0.57469934	-0.45474654	0.9469611	-0.8705975	-1.6098329	-1.4076816
-0.93417764	-0.751914	-0.4188243	-1.0568933	-1.5116903	-0.10437895	-0.22006966	0.14855683	-0.7098364	-1.2065723
-1.9108044	-1.8961412	-1.2680244	-1.864561	-1.7669457	-1.6564431	-1.7279402	-1.8537686	-1.1455791	-1.3121138
0.098954804	-0.52155346	0.56899095	-0.10389339	-2.0039499	0.5281817	-0.6360613	0.7952801	0.25224763	-1.765277
0.81648934	1.6491407	1.1362704	0.5375837	-0.28689575	-0.38663888	-0.3100821	-0.20004205	-0.5302614	-1.778654
-1.3368316	-0.8460021	-0.87122595	-1.392031	-1.0075612	-1.3267605	-1.7471396	-0.85822546	-0.7701228	-0.6542555
-0.372218	-0.8684329	0.09083393	-0.5512855	-1.7496542	-0.56917876	-1.0805038	-0.49657297	-1.3243924	-1.4935336
0.9403568	2.3395762	0.73209655	0.5860612	-0.1777234	0.5302754	2.5234458	-0.13029736	0.24203931	-0.4423418
0.047029853	0.03749916	0.7523562	-0.14897653	-1.3369818	-0.5393515	0.21898404	-0.14512384	-0.70826346	-1.5122123
3.438182	3.3030908	3.1406033	2.9739416	0.09055492	1.4468393	2.9563808	1.312535	0.5126391	-1.0005455
0.12980792	2.5262594	0.3466134	-0.26780933	-1.3197384	0.8359996	2.1041636	0.77537525	0.81022274	-0.81582814
-0.42353895	-0.58121663	-0.015121609	-0.5489033	-1.5109901	-0.3845046	-0.16747463	-0.23716359	-0.46112287	-1.5952535
-0.7867473	-0.5002209	-0.35694715	-0.9148285	-1.1596403	-0.9676794	0.07996259	-0.8258401	-0.28469598	-1.624696
0.24603727	0.7668364	0.83648574	-0.051506355	-0.84395087	-0.8203637	-0.46936712	-0.7907863	-0.29883558	-1.2152288
-0.58537215	0.790185	-0.28967693	-0.7415139	-0.35237032	0.65764844	2.6101928	1.1420404	0.025326714	0.14360984
0.3673481	0.06411955	0.9928433	0.17228077	-1.3012359	1.3175737	0.15891635	1.6619351	1.0929785	-0.89483577
0.32399327	1.698441	0.6454859	0.14877103	-0.2189785	-1.2210419	1.4859284	-0.822016	-1.2704344	-0.31216782
0.6958985	1.5759867	0.99665177	0.31755447	-1.0810517	0.9848603	1.839183	0.7112845	0.28471944	-1.9422401
-1.2093562	-1.4341606	-0.7250031	-1.207133	-0.9411397	-0.5972517	-1.1584758	0.03306918	-0.93578887	-0.17080654
0.16701832	0.16198376	0.56637573	-0.07904999	-1.3480952	-0.08749884	0.2756195	0.69239527	-0.3656663	-1.2761791
0.8356182	2.0075386	0.9447454	0.53557754	-0.79940414	-1.1064695	1.6074907	-0.43904048	-0.9959228	-0.4235929
0.98347384	1.979063	1.2694705	0.5745704	-0.95417964	0.64867383	1.8406596	0.8455173	-0.0723329	-1.0991453
-2.2203233	-2.1069763	-1.396919	-2.0887854	-0.8718003	-2.090054	-2.5244093	-2.0562038	-3.2749462	-1.8294162
1.934723	4.4040084	1.3664969	1.4249365	-0.91092265	1.9059678	4.103364	0.9159832	1.1973188	-1.1910691
1.0374627	1.1256504	1.5515668	0.76112884	-0.7283155	1.2124808	0.05101932	2.5168266	1.3745974	-1.2005725
0.050457202	0.720907	0.8187902	0.0032461137	1.2029121	-0.24510191	-0.1946242	0.39956403	-1.3447529	0.5601549
-1.6367575	-1.8485997	-1.0366793	-1.6326815	-2.0405354	-1.115959	-2.0878184	-0.7524791	-2.0185285	-1.454275
4.447169	4.4771156	3.9976485	3.7054508	0.23813942	3.2819846	3.447089	2.9452074	2.536054	0.06883756
0.03894996	-0.57247436	0.6438087	-0.111242056	-1.4789762	-0.046059184	-0.44605795	0.58363974	-0.2515649	-1.5593373
-1.109935	-0.93329704	-0.6562495	-1.2050945	-1.2219802	-1.3365283	-1.2369999	-1.6555059	-1.4555978	-1.0319175
-0.7808278	-0.78870237	-0.39396033	-0.8574961	-0.7280296	-1.1039639	-1.4314781	-1.4964749	-1.4059951	-1.2186227
-0.13044843	-0.23419747	0.37540737	-0.19282292	-0.74722254	-0.27658707	-0.3596136	-0.13127723	-0.34493947	-0.6772933
-0.814102	0.6361202	-0.13609749	-0.9614509	0.98584247	-1.2017676	-0.725312	0.17028606	-1.2799221	0.54845035
0.060294546	0.29883435	0.8894491	-0.1454348	-0.89530706	-0.6735667	1.6108705	0.29479346	-0.6304212	0.2914401
-0.71896845	-0.94120526	-0.22518602	-0.837229	-1.730895	-1.6067666	-2.145882	-1.0831466	-2.1230145	-1.4591895
0.7369921	1.0946646	1.2695204	0.5013691	-0.26927763	0.17390507	-0.8375333	1.2253906	-0.104552925	-1.7842492
-0.2753803	-0.924368	0.16233656	-0.39732593	-1.8076713	-1.0008883	-1.0131077	-0.59473825	-0.66877335	-1.3625281
-2.1823015	-2.1004539	-1.4024464	-2.1009183	-1.1933651	-1.7944008	-1.8890957	-0.6221044	-2.3235831	-1.5308588
1.3604541	0.64051485	1.7889293	1.1113122	-1.7552679	0.26299703	-1.4300026	0.41048464	0.22552207	-1.7863846
-0.6144909	-0.769945	-0.17612043	-0.6223451	-0.9788523	-0.8591959	-1.5135058	0.210971	-0.42154318	-1.1107004
-0.23722777	0.09633574	0.45721412	-0.45797777	-1.8394022	2.0312698	0.6691246	2.338307	1.2238859	-1.3844838
-0.024940647	1.5234606	0.30743477	-0.32027853	-0.10230127	-0.538556	1.7727846	-0.43882087	-0.7932568	-0.20763017
-0.20881677	-0.3665803	0.2462949	-0.36813778	-1.3690298	-0.56830174	-0.83599585	0.28089193	-0.23758896	-0.9968397
0.22540134	0.94945705	0.61310005	-0.067996174	-1.1169094	-0.33340892	-0.6942496	0.23701668	-0.5156548	-1.7537085
0.5587718	1.0298762	1.0173697	0.31554782	-0.7161627	0.36514816	1.0287104	1.1044537	-0.028518604	-1.6446004
-0.8804793	-1.006923	-0.28273973	-0.9273018	-1.4869468	-1.4576509	-1.1607587	-1.3282357	-1.4637265	-1.5201135
0.042982616	-0.43706065	0.4321197	-0.09387615	-1.6021214	-0.028412793	-2.112753	-0.14391471	0.31263393	-1.8546342
-1.5951977	-1.899279	-1.0514008	-1.5578713	-2.4779797	-2.3701982	-2.5939684	-1.2486855	-1.7689948	-3.0968413
-0.6522384	-0.31261697	-0.2730355	-0.7778203	-0.9124466	-0.721595	0.10979781	-0.72861916	-0.92360544	-0.55507255
0.18511817	0.061571598	0.84794426	-0.03324966	-1.277832	-0.29295662	0.42797714	0.17974536	-0.68502164	-0.24728085
3.670119	2.0553012	3.8627381	3.3316083	2.3263896	3.0202224	1.1010844	4.208314	3.3347504	1.6949395
-1.2568569	-1.2489305	-0.79518473	-1.2859064	-1.2010405	0.75666034	-0.8350435	0.43811396	-0.067091785	-1.241101
-0.7736656	-0.74834836	0.09451376	-0.8185255	-0.49079132	-1.4523579	-1.6583362	-0.15303157	-0.9895501	-1.4235281
1.953463	3.8998997	1.8872058	1.5732422	0.48769435	0.9989947	3.333505	0.438489	-1.0783192	-0.36284822
-1.3620129	-1.4039054	-0.82423043	-1.429174	-1.7380015	-1.2744763	-1.3133951	-0.43003666	-0.97806257	-1.6655537
0.86865085	1.0733738	1.3371223	0.6004291	-1.3488108	0.16769193	1.3366915	0.984295	-0.46505004	-1.0792605
1.9405702	2.9793832	2.018914	1.5589598	-0.9615189	1.4214482	1.5005208	1.7642677	1.4158667	-1.003818
0.057977848	-0.3387623	0.66238886	-0.06341769	-1.3600217	0.13315809	-1.0396663	0.9873865	0.43584552	-1.3908472
-0.83262706	-0.665087	-0.39493647	-0.97230524	-1.6920898	-0.9613179	-0.7399184	0.08120752	-1.2829812	-1.1548934
-0.51918435	0.80021846	0.22738144	-0.8253027	-1.0866786	-0.97400856	1.5880246	-0.26754308	-0.114770986	-0.87151456
1.0011779	0.21603832	0.7864003	0.5682962	-0.9740839	1.1131172	0.31580365	0.6573294	0.4381786	-0.548155
0.8279427	-0.6121843	1.3307436	0.74870163	-0.7198777	0.15156743	-1.1617118	0.77764726	0.25935718	-0.7304867
0.5366302	1.9080293	0.6528859	0.1938911	0.65899837	1.0003157	2.3953068	1.1164818	0.2995896	0.5953507
0.02850949	-0.027660161	0.44082916	-0.16948676	-1.1357691	0.23990937	0.100721724	0.24834357	-0.4625687	-2.0334115
0.20445713	0.05938071	0.74026024	0.025740162	-1.3018091	0.3944602	-0.61950785	0.3489757	0.35577422	-1.9321704
0.94378144	-0.047424316	1.4587545	0.6960318	-1.3802843	0.7958094	-0.28271735	1.043136	0.4228537	-1.5314279
3.0428514	3.0760257	3.1506913	2.6368518	1.1818359	1.052045	1.7027801	2.0124722	-0.111649826	1.5310067
0.24428102	0.39210024	0.62752753	0.050489113	-0.99987805	-0.45319614	0.53110176	0.012012057	-0.57373	-0.9912046
1.7675301	1.2477407	2.2084906	1.515237	-0.75325185	2.2754343	1.6845515	2.8916857	1.7297076	0.3307004
-2.1660964	-1.9105661	-1.3923352	-2.151136	-1.5483874	-1.8457915	-2.3910084	-0.79515785	-2.914532	-1.224076
-0.0038038567	0.5440309	0.39963186	-0.17285258	-1.0666771	-1.2730675	-0.9936988	-1.0393234	-2.547233	-2.5076687
0.7837328	0.75096214	1.3375351	0.4830891	-1.3692944	0.40366524	-0.2076101	0.0849526	0.45820615	-1.278523
0.3765253	-0.2557024	0.7215142	0.21873571	-0.90780354	0.03112966	-0.60629356	1.0777463	0.070278056	-1.4088398
0.58231914	0.88070774	1.0288731	0.3061906	-1.2259821	1.1935402	1.4549257	1.2725652	1.1068742	-1.272403
-0.659899	-0.66980475	-0.3952544	-0.7688464	-1.2407992	-0.047579832	-0.19341604	0.008056999	-0.571986	-0.03969427
2.2191606	1.1775136	2.202046	1.8862464	-0.8198839	2.134408	0.38656834	2.071497	1.2325524	-1.0491128
0.91231793	1.9154096	1.3277506	0.7129369	-0.36855966	0.51230556	1.3471134	0.4009093	0.251148	-0.6768178
-0.25604257	-0.72245145	0.05662191	-0.2663883	-0.5256543	1.6657512	1.5076585	1.8303132	1.8623027	0.9344905
-0.56834614	-0.8990065	-0.10034475	-0.70104635	-1.1762867	-1.0022355	-1.3885914	-1.4887464	-0.92212594	-0.76991963
-1.5763811	-1.5660881	-1.0792754	-1.5334191	-1.7628721	-0.48946244	-1.7196285	0.4633549	-0.9000088	-2.6002126
0.39394245	0.8572347	1.0520823	0.16263713	-1.1254419	-0.5441626	0.89903784	0.70346534	-1.5200982	-1.155529
0.4092144	0.32569388	0.9406018	0.19871743	-1.3835509	0.074573025	0.3206837	0.2475782	-0.15157323	-1.4001448
-0.2657329	0.094011754	0.5104985	-0.45872116	-1.3296386	-0.024271585	1.6809092	0.9469225	-0.18127136	-0.40056562
1.0232118	1.0821838	1.3302956	0.80637044	-0.5855948	1.4867134	0.71996075	1.8212997	1.5784428	-1.4447839
-2.330541	-2.178242	-1.5685307	-2.2459486	-1.5509824	-3.0372827	-3.1309988	-2.132431	-2.260747	-1.2916583
0.64378655	2.320154	0.78123784	0.274898	0.16084632	1.1074761	-0.22355165	1.341675	1.2829138	0.39978746
0.6596591	0.741503	1.1154133	0.4705211	-1.0987179	0.028125284	0.42571315	1.3124826	-0.5257041	-1.0917693
-0.8036129	-1.0255014	-0.331669	-0.8776525	-1.2858975	-0.7400569	-1.1543716	0.4910251	-0.48541614	0.04727942
-0.85872966	-1.0680621	-0.41012684	-0.90537167	-1.1528847	-0.24022542	-0.67451733	-0.47933397	-0.0068607037	-0.6964226
1.0404619	3.2697585	1.0737772	0.7298205	0.104518294	1.4746349	2.448569	1.1611036	1.3606039	-0.958547
-0.18166637	-0.46706057	0.4645186	-0.32002297	-1.6119323	-0.6230021	-0.7736899	-0.10865532	-1.062574	-1.2207248
0.7577235	1.7311091	0.83152235	0.41231912	-0.6072637	0.42378914	3.3272488	-0.04772821	0.05918431	0.537291
-0.10789296	-0.51640713	0.5249984	-0.32114014	-1.7308183	-0.191947	-0.7847549	0.17134611	-0.7033838	-2.091661
-0.6872831	-0.6407993	-0.34095272	-0.71344936	-0.7724874	-2.056996	-2.0888464	-1.3157881	-1.5070884	-0.84943116
0.58379585	0.37997738	1.1242135	0.31959325	-1.2856038	0.41470093	0.30363777	0.8845683	0.67785674	-0.936607
-0.36298442	-0.64447474	0.1601707	-0.4202947	-0.6437627	0.2275803	-0.84296095	0.6489571	0.013409865	-0.62191427
-0.17230004	-0.29163152	0.16931325	-0.30512804	-0.71329	-0.8836087	-0.034203954	-0.48098955	-1.5127324	-1.0646219
1.9977182	5.9161487	2.3431778	1.5791556	2.9971888	1.5146737	5.6936274	1.3639789	0.7066663	3.1085262
0.59247786	-0.15025394	1.0788363	0.4492429	-1.6108599	0.036971375	-0.43118164	-0.038981073	0.0010878013	-1.1084493
0.06647047	0.06393412	0.2475118	-0.16113241	-1.4666941	1.4109141	3.5721543	1.5310047	1.0566503	1.4003994
-1.1870404	-1.3484242	-0.76423764	-1.215881	-1.0365106	-1.1712164	-0.81214046	-0.71351373	-2.0096028	-1.2810633
-0.10560206	-0.89474046	0.080771804	-0.16069664	-1.3337102	-1.0786387	-1.8553083	-0.4549108	-1.0579982	-0.8067296
0.082610466	-0.06939688	0.52139306	-0.104794554	-1.3750253	0.36038357	-0.39466313	1.4163884	0.3689079	-1.4640088
2.400899	1.3053842	2.796279	1.9506629	-0.97643876	1.3979229	0.45520702	1.5443966	0.6750125	-0.6215361
0.2105878	0.52344716	0.53499365	-0.011833787	-0.7270558	0.03360735	-0.1950587	-0.31736645	0.28185064	-1.1578059
1.4209955	1.6565222	1.9139506	1.139823	-0.42017645	0.88841426	1.2601336	1.5814754	0.59571606	-0.6222975
0.49787292	2.1292014	1.085511	0.35541207	-0.17046441	-0.47610658	3.2149348	0.38113266	-0.48276776	0.30102387
3.2121055	1.6252098	2.990418	2.8471189	-1.4881436	3.0976105	0.81853867	2.7959368	2.6789832	-2.014868
-1.8114136	-1.7617246	-1.1578873	-1.7667637	-1.4665486	-1.9522824	-2.0368302	-1.8193561	-1.8600339	-1.3595066
3.1075394	5.0634704	3.1788194	2.6815255	0.78475523	1.9074144	3.229974	2.8756247	2.1813872	0.806048
-0.85459083	-0.96849144	-0.5152395	-0.92252636	-1.1107023	-1.1187959	-0.14621584	-0.9014414	-1.6586369	-1.2995409
-0.4171892	-1.2136565	0.107065886	-0.50007427	-0.9924655	0.07393875	-1.2140098	0.5020438	0.52815646	-0.3227857
-0.21105462	1.0355275	0.019169927	-0.41412583	-1.1835432	-0.24213977	1.4695729	0.4217235	-0.5482587	0.5735285
-1.2583108	-1.1293316	-0.8216944	-1.1958128	-0.8410691	-0.84419036	-0.9496381	-0.22106905	-1.1653328	-1.3406256
3.8112867	1.8217757	3.6333523	3.5168586	-0.2512471	3.314602	2.4897902	3.365784	2.9642844	0.87471414
-0.27119017	-0.35887507	0.6313967	-0.39781702	-1.2835515	-0.547025	0.960468	0.64543635	-0.6849718	-1.2110338
-0.34649357	-0.29616764	0.10716389	-0.49442685	-1.1076021	0.17385538	-0.1888781	1.2198952	0.1631359	-0.8852604
0.7602074	0.26805744	1.1941097	0.58810616	-1.4383416	0.16933809	-1.2937517	1.1413578	-0.4101688	-2.2626686
-0.69158816	-1.2667438	-0.10300252	-0.70984906	-1.3580892	0.20618474	-1.275887	-0.044227235	1.1303415	-2.1620915
0.0632213	-0.3087998	0.43362772	-0.10510361	-0.9708146	0.17762297	-0.7100345	0.06927806	-0.40020606	-1.0277213
2.489039	1.6645141	2.497343	2.104305	-1.0128427	2.0427277	2.2797582	3.0060787	2.202182	-0.75097466
0.25214344	-0.04889381	0.7904334	0.045811847	-1.7108729	-0.37064838	-0.17670666	0.71159065	-0.7319599	-1.6889315
-0.94219726	-1.171232	-0.44649008	-0.97709244	-1.3069687	-0.91701967	-1.1322073	-0.5330814	-0.60662407	-0.9679443
1.9548675	2.3429348	2.047006	1.5486345	0.67697954	1.7143497	3.101756	2.03311	0.8307812	-0.15504563
0.50463426	1.2263951	0.72245646	0.17939936	-0.23286718	-0.28928876	0.5650435	0.562595	-0.68777	-0.9700625
-0.084460266	0.45013884	0.38838378	-0.31355006	-1.1125189	0.07746817	0.5630637	0.6283432	0.21054547	-0.55188113
1.360712	4.9859967	1.3491911	0.9788754	3.5248191	2.728145	4.5951447	1.924732	2.1132653	1.7162056
-1.0656945	-1.1425204	-0.64208317	-1.0778981	-1.2909666	-0.6495757	-0.8825592	-0.66758	-0.60524094	-0.8676238
0.108748354	-0.33165944	0.6581229	-0.10081808	-2.156587	-0.41737857	-0.5899316	0.18483965	-0.6953709	-2.1350124
0.7608935	0.3936064	1.1838483	0.50624263	-1.0987911	0.66700757	0.8104188	1.1653646	-0.34601253	-1.8346536
1.6004032	1.5671808	1.5805163	1.3619313	-0.81824636	1.9737129	1.0575434	2.4493647	1.4477849	-1.0101087
-1.9621086	-1.854327	-1.3010985	-1.9386797	-1.3570595	-2.1597703	-2.116378	-1.6155348	-3.108875	-1.0542412
-0.38964054	-0.31877086	0.031027883	-0.5564172	-1.5294944	-1.9628012	-1.351059	-1.233333	-1.8966507	-1.7816297
0.59687495	-0.42723638	1.0756881	0.34499913	-2.0880754	0.7453086	0.19972596	1.420097	0.05969745	-2.2392018
1.0518167	3.7184715	1.0553471	0.5997045	0.42407665	0.2406021	2.161263	0.1933291	0.27658093	-0.84912634
0.8664795	1.8101232	1.383546	0.61364734	-0.871573	-0.09904724	-0.09403742	0.53124267	-0.37929827	-1.3692623
0.1709165	-0.24779893	0.6498487	-0.0057688206	-1.1218559	1.5425712	1.9715308	1.740385	1.2139428	-0.9910804
0.22899058	0.67566884	0.71830964	0.052293763	0.2657996	0.5384843	-0.13969088	1.2086413	0.38126644	0.77714616
2.5283203	2.0096064	2.546136	2.3003044	-0.91437566	1.2509594	0.5165668	1.6553475	0.6810937	-0.72920513
0.17903933	0.668121	0.5595542	-0.022183836	-0.85173935	0.046868872	0.14494756	0.55146885	0.011342636	-0.8230348
-0.17112517	-0.5432539	0.19158334	-0.37075824	-2.020894	-0.5278859	-1.4774313	0.52051795	-0.40892017	-2.7468011
0.9264308	0.5850545	1.5306787	0.76319414	-1.1087338	1.7496504	0.5851919	2.1728501	1.8369911	-0.49375185
0.5942908	-0.3425538	1.214038	0.4754907	-1.1078122	0.868671	-1.2946613	1.0676479	-0.12216298	-1.4722421
0.6814951	0.08041337	1.262597	0.48761338	-1.243999	0.037180934	-0.57903504	0.48317567	-1.8048283	-1.0856394
1.4384083	0.5897119	1.8748829	1.2405168	-1.0137305	1.7267518	0.6837581	1.9109879	1.6482906	-1.0050988
-1.7440752	-1.6668715	-1.1167233	-1.7420288	-1.5115165	-1.9138955	-2.1797874	-1.4397593	-0.9967487	-1.4227337
1.5852917	1.8834255	1.9624137	1.2395931	-0.46497232	1.9527079	1.3435783	2.0225499	1.2658263	-0.9440199
0.7721234	0.40902075	1.30646	0.5595756	-0.88451433	0.3424978	-0.5418823	1.011224	0.016017178	-1.7058096
3.2742622	4.277288	3.256827	2.9083986	1.3912573	2.3511016	3.6859605	1.9543217	1.9411308	0.21887773
1.5144762	0.71446836	1.9120871	1.2853162	-1.2067637	1.1770978	0.29742354	1.6706676	0.7051614	-1.3556017
-1.3907932	-1.7801551	-0.85186505	-1.3590145	-0.76783216	-1.206705	-1.7522335	-1.0806218	-0.42112583	-1.1501014
0.054246403	-0.31906882	0.42304075	-0.14914733	-1.3235488	-0.8010425	-1.1252972	-0.48794204	-1.1554751	-1.9053512
0.24443689	4.2984366	0.5382637	-0.35096198	-1.137942	0.51465166	4.207409	-0.5305266	-1.3573693	-1.6660031
0.9791778	1.0375588	1.3954679	0.6960029	-0.9711995	0.31081817	1.1070555	0.70814866	-0.036114097	0.6125718
0.88358176	3.2211487	1.2030267	0.59216917	-0.67335343	0.15844668	1.1585966	1.6234802	-0.36347708	-1.2097712
0.6518985	0.08820239	1.4009738	0.53882277	-0.575181	-0.06055751	1.8679154	0.91350645	-0.2239891	-0.040780216
-1.1859773	-1.3065612	-0.6986034	-1.1916301	-1.3927702	-0.74098986	-0.9272577	-0.7157138	-0.7654966	-1.4162444
-1.1204863	-0.8692591	-0.62581646	-1.206254	-1.0490671	-0.667266	-0.074890114	-0.37103868	-0.9295639	-0.35864854
-0.68717533	-0.6988989	-0.41749033	-0.7515148	-1.038031	-1.4637605	-0.19966519	-1.3898494	-1.4585682	-1.3839604
-0.28980276	-0.449071	0.21275419	-0.34280914	-1.4427819	-1.3984692	-1.3541869	-0.041603632	-0.8578547	-2.0325933
0.7098341	0.5918083	1.1455635	0.5396202	-1.4143695	0.0154682305	1.7980188	0.60415083	-0.19607107	-1.4616722
0.94189113	0.029589415	1.6219149	0.7544544	-1.4661583	0.43535838	0.053172927	1.1372205	0.6006559	-2.1193705
0.79067886	1.3212734	0.8799231	0.5498884	0.16772786	1.4863107	1.3557202	1.665715	1.174989	-1.3837733
0.9500651	1.3833585	1.4941798	0.56592405	-0.9978223	1.8211272	1.3560566	2.6207426	1.5335115	-1.0279523
-1.6422832	-1.4969414	-1.0173877	-1.6317085	-1.5736829	-2.5248675	-2.7522235	-1.2253073	-2.2787595	-1.6457459
0.6835007	1.1068349	0.92927885	0.48431277	-1.0121307	0.6513314	0.020306999	0.13339202	-0.185353	-1.3171098
0.15589747	0.9250952	0.46765268	-0.13390435	-1.0227996	0.2770471	0.4622824	0.68287474	0.31226715	-1.099806
-0.84679407	-0.84940696	-0.3830448	-0.93413305	-1.4114659	-1.4543295	-1.3866769	-1.21164	-1.6592783	-1.2261177
-0.023396961	-0.26392096	0.34668374	-0.26888996	-1.7668917	-0.47700322	-0.70983845	-0.15838012	-0.6414224	-1.8442405
0.6099284	0.9705359	0.9272591	0.49431777	-0.27117178	1.1843295	1.2545804	1.6825373	0.73694235	-0.022565996
0.16948098	-0.21342278	0.8921031	-0.09802897	-1.4294196	-0.9296307	-1.0506532	0.0067538144	-1.9627678	-0.91903347
0.77063376	0.6731671	1.2798208	0.52910745	-1.1203271	1.9457526	0.16058025	1.9131032	1.7085787	-1.6525114
-2.0177758	-1.8956103	-1.3782446	-1.968418	-1.5193537	-1.9798625	-1.5962114	-1.1826217	-1.6004426	-1.4303346
-0.51344657	-0.39860725	-0.056073576	-0.5385347	-0.9549395	-0.2692118	-0.7256635	0.046224438	-0.065672204	-0.5927975
-0.17786402	-0.07318777	0.060474962	-0.31588185	-0.6590111	-1.2510895	-1.042842	-0.49243832	-1.906342	0.59901464
-1.7187928	-1.63009	-1.0810796	-1.7177361	-1.1822237	-1.1754888	-0.078645706	-0.7558133	-1.5267274	-0.4077241
0.24683991	-0.37663588	0.4394988	0.17368655	-0.3452121	0.34822905	0.2476155	0.30717415	-0.07622663	-0.5338562
0.2537231	0.93298566	0.6511575	0.003349945	-1.1856265	-0.030023215	0.7530989	1.3781941	-0.56374604	-1.7701375
-0.34632936	1.6769834	-0.08375552	-0.7097598	-0.89372087	0.8587362	2.4793637	1.5859342	0.5198333	-0.68358624
0.22653082	1.5167508	0.46720955	-0.15108836	-1.3958796	0.1692496	0.9624682	0.9866511	-0.2699186	-1.265462
0.12385162	0.09151721	0.692256	-0.079809055	-1.6618085	0.07984812	-0.33871385	0.77923274	-0.24436837	-1.532313
1.3125151	2.4207172	1.3320726	0.9075999	0.0553419	0.5535732	2.1605046	0.53306264	0.42654234	-0.05149065
0.11241449	-0.069968864	0.4558075	-0.060501486	-1.0101508	-0.07677488	-0.29444566	-0.20064187	-0.5581315	-0.75523275
-0.30143747	-0.2257162	0.46227583	-0.4782843	-1.2759069	0.91582054	0.30323693	1.5349497	0.8324956	-1.1151161
-0.48153695	0.18713596	-0.29838505	-0.65055573	-1.0703385	0.2639781	-0.9293689	0.36618888	0.1979513	-1.6922597
3.401367	1.2984467	2.977138	2.992658	-0.42106587	5.840349	3.8177624	6.0635753	4.8617945	1.5503361
1.6339115	3.0756123	1.3961928	1.1913605	-0.45486408	1.6489128	2.3008916	1.6277763	1.6390233	-0.8734974
-0.18382806	1.6208422	0.22792085	-0.42474884	-0.78613424	0.002747649	1.9065591	0.6928206	-0.6024542	-1.0542389
1.1762602	0.41942385	1.5006962	0.84474266	-1.4687616	-0.4528854	0.23192577	0.4100544	-0.5706816	-2.0544012
-1.4559045	-1.395676	-0.890108	-1.4737645	-1.1802189	-1.5993636	-0.4364196	-0.79753727	-1.2914516	-1.6041209
-0.19384262	-0.05480835	0.29522356	-0.28665686	-0.6833255	0.9565621	1.4951622	1.4714704	0.50260025	-0.44101396
0.9781111	0.9462426	1.6374893	0.7444087	-1.0683366	0.9041142	0.9818552	1.6322887	1.2267132	-0.96718353
1.9633237	1.5379968	2.057062	1.6556615	-0.14071712	1.9300127	1.1427704	2.3101215	1.6392179	-0.6547047
1.8147151	1.6394672	1.947327	1.4844719	0.04352343	2.3862824	1.2567658	2.425785	1.7023559	-0.51524043
0.20098603	-0.5800388	0.7456775	0.060028777	-1.9044505	0.20749652	-0.1606493	0.7928804	-0.44495377	-2.185175
1.4959388	1.1933558	2.0305257	1.2441654	-0.62801886	0.29195884	-0.24205248	0.89724684	1.1790515	-1.4778459
-0.84911233	-0.18650785	-0.57424843	-0.92115575	-0.38161337	-1.1129961	-0.7888026	-1.3116022	-0.28469598	-0.37367487
1.6707689	2.054112	2.0934	1.3582017	-0.58592504	1.3345068	2.6390808	1.83162	0.89969444	-0.21088915
-0.13269028	-0.26687616	0.17032784	-0.28922904	-0.3347305	-0.34004536	-0.9104049	-0.65389633	-0.27620113	-1.1953831
-0.35694435	0.43412963	0.05128956	-0.56026113	-0.9373758	0.21951164	-0.47211406	0.13909817	-0.12757307	-2.2472858
1.6723293	3.3577409	1.5011685	1.1717658	1.0210103	3.0896897	3.0557508	2.697514	1.9510747	-0.21406423
0.99449724	2.7708952	1.3516264	0.66166085	0.10673866	0.9110131	3.6934888	1.6763424	0.88916665	-0.16603181
0.15150982	-0.38272846	0.6824174	0.021867558	-1.7406356	-0.19320834	-0.039530303	0.7284528	-0.71061665	-1.8466278
-0.2874756	-1.0263283	0.27839032	-0.31447166	-0.97011197	1.697907	1.1419351	2.0545135	1.110408	-1.00929
0.35971838	0.78450227	0.7224901	0.051625654	-1.7648872	1.244164	0.62535834	1.2287627	1.3543377	-1.8019624
-0.35792083	-0.78666127	0.090800926	-0.494398	-1.69221	-0.1599905	-0.09090143	0.044840198	-0.5738499	-2.0130696
-1.1816097	-1.4509032	-0.71367157	-1.2114094	-1.2201481	-1.4950942	-1.8757477	-0.5582403	-0.49880087	-1.0884861
-0.28001443	-0.2417393	0.1439937	-0.42769045	-1.2456545	0.08504733	-0.4695671	0.554587	0.25899845	-1.1116935
0.87780243	0.711619	1.5888511	0.62837267	-1.2939646	-0.4885165	0.457606	0.8515302	0.4522696	-2.1857605
-0.021834143	0.84344006	0.3747648	-0.38012955	-1.5458689	-0.66373694	-0.37284887	0.41831005	-0.96334434	-1.1044476
1.0765152	1.8170643	1.4131873	0.8090421	-0.7533853	0.44720113	1.5043992	0.40798452	-0.89793766	-2.9459875
0.0831868	0.3909655	0.226468	-0.044206187	-0.27809936	-0.19914465	0.10534579	-0.6154964	-0.014629765	-0.6017188
1.0613307	0.11933735	1.5758979	0.8435	-1.3182468	1.1845013	-0.22176056	1.2809156	0.7325323	-1.2551559
0.93272454	0.3328921	1.5275357	0.65209264	-0.8380327	-0.67047274	0.13389114	0.61034477	-0.28298113	-1.0327357
2.2188709	1.3463533	2.8105385	1.9407	-0.8694025	1.2161022	0.07994548	1.7838426	0.5958809	-0.89102757
3.1467087	2.440571	3.0493443	2.6461005	-0.1655913	0.1965921	2.3482113	1.3515546	0.83027315	2.2309315
0.39191243	-0.2833659	0.6946495	0.13286833	-1.3856127	0.45967242	0.021804184	0.5787256	0.15520513	-1.7730716
0.2384187	-0.20173055	0.5035769	0.0021563917	-1.3198944	0.11631847	-1.7102176	-0.22942288	-0.7882086	-2.066121
1.1439464	1.0106046	1.5411738	0.90955937	-0.947135	0.33712015	1.1198665	0.85930574	-0.012552014	-1.3434236
-0.90498465	-0.57648927	-0.52863157	-1.0227469	-1.2668922	-0.12845674	0.4611012	0.15049396	-0.48858708	-2.0510957
1.284588	0.751809	1.4609733	0.9839307	-1.4319383	1.026576	0.29749957	0.5499303	0.7968464	-1.2643943
1.3212327	1.1651138	2.025979	1.1006843	-0.999717	0.8993437	0.15940273	1.3456193	1.0592585	-0.8280185
1.2094475	1.2202783	1.347027	0.92032003	-0.6704531	1.515515	1.4429868	1.5477408	1.7105163	-1.1699429
-1.1081623	-1.3313991	-0.6179695	-1.1785887	-1.7938418	-0.96721935	-1.4799514	-0.48071522	-1.3559732	-2.1557481
0.6351625	-0.62293375	0.96044064	0.51200294	-0.9907291	-0.016492182	-0.42406064	0.4250093	0.5289817	-0.6700707
-0.79525876	-1.1137397	-0.3570964	-0.8820067	-1.4694602	-0.037436515	-0.056266613	0.3360013	-0.061735783	-1.3355405
-0.21474624	-0.57777506	0.18665472	-0.3380596	-1.9765085	0.121636175	-1.0640146	0.6928382	-0.020444151	-1.7472897
1.1978395	0.5623983	1.5056999	0.9048232	-1.2285386	0.37019935	-0.20980908	1.0296053	0.37027538	-0.8323274
-0.20215264	0.0623703	0.2397553	-0.4095658	-1.2617952	0.3810143	0.043749038	0.73059267	0.38059238	-1.1191779
-1.5945684	-1.5259374	-1.04046	-1.606667	-1.5497416	-1.1111468	-1.5092272	-0.892951	-0.89245075	-0.90318704
2.0871458	2.617459	1.8796422	1.617176	-0.39478463	1.4954588	2.455576	0.91560924	0.7425276	-0.86662763
-1.1279022	-1.1917431	-0.6375247	-1.133135	-1.1719451	-1.6093469	-1.1487473	-0.7880494	-1.5607387	-1.0801066
0.68937784	0.91244495	1.0680493	0.5357133	0.00794363	0.22465193	0.92136633	0.73884195	-0.2027268	-0.18830152
-0.53773844	-1.2042576	-0.24214917	-0.5946584	-1.4220123	-0.05116844	-2.0802982	-0.8876853	0.010255229	-1.6543238
-0.6505186	-0.33843604	-0.23973462	-0.7677486	-1.4268128	-0.9703164	-1.0612419	-0.6216585	-2.0504398	-2.2149098
-0.87913483	-0.8046273	-0.35345837	-0.9977156	-1.5041155	-1.7450483	-1.3035603	-0.5037006	-2.102288	-1.3603582
0.09961758	-0.27269563	0.6172221	-0.07499008	-1.4239577	-0.27228034	0.086861506	-0.01539815	-0.77844274	-1.4155222
0.38600788	1.8277609	0.82526207	0.013218179	-1.2891312	0.7433618	2.2175238	1.3525002	0.8199049	-1.3682603
-0.07055626	-0.471658	0.42519003	-0.18043767	-1.3011552	-0.1232541	-0.4675432	0.91140294	-0.25100976	-1.1074616
-0.20866913	1.0287391	0.19279188	-0.48789507	-1.0113188	-0.55278504	3.8984962	0.406362	-0.30105853	-0.24644506
-1.9394251	-1.9876409	-1.295287	-1.8536069	-1.1713051	-1.3443482	-2.0982502	-0.78652954	-1.6046139	-1.3589144
0.13160798	-0.5280057	0.21503463	0.10964887	-1.6395153	-0.4135663	-1.6568214	0.10324367	0.25595275	-2.2322829
-0.1405572	0.09174791	0.30934277	-0.31736022	-1.4668881	-0.28069815	0.6641337	-0.23242506	-0.4738068	0.104884654
0.9784356	0.7151135	1.4025447	0.7167131	-0.63427174	1.7492223	0.64572704	2.4428248	1.670942	-1.0964087
2.8804543	1.889499	2.77958	2.3902144	0.096178055	4.00587	1.8460214	3.8257177	3.5200942	-0.15744196
-0.10037244	0.2884467	0.69632745	-0.18632403	-0.41737795	-1.2280242	0.7999068	-1.0331562	0.26556107	-0.33604673
3.2246861	2.3238742	3.3839986	2.8786626	0.9258845	2.5614984	0.9822182	2.939479	2.0977454	0.14526299
-0.1326161	-0.48032573	0.29589903	-0.33122772	-1.3828008	-1.4728315	-1.3020538	-0.6323711	-1.2198658	-0.9648419
-0.058095373	-0.2307274	0.5346471	-0.15660612	-1.0628575	0.05188931	-0.12543775	0.5057576	-0.61292285	-1.5656409
-1.1916497	-1.1585435	-0.67020667	-1.2332869	-1.2750739	-1.7153478	-1.682311	-1.6539848	-1.8311392	-1.0019883
0.29483145	0.23644713	0.6741326	0.05748488	-1.40057	-0.16927575	-0.25034264	0.33749565	-0.65370643	-1.9260375
0.0046556666	0.70229614	0.55953497	-0.2881457	-1.2952793	-0.20840754	1.2457467	0.6193336	-0.14850217	-1.5297493
-0.49217823	-0.6105268	-0.18193838	-0.6012575	-1.4021897	-0.2450241	-0.8635753	0.26826707	-0.57065845	-1.9463881
0.2411789	0.09123072	0.73922837	0.07739009	-1.3894187	1.3310014	1.3387214	1.7194774	1.1520146	-0.9506863
-0.5194704	-0.726285	-0.023948967	-0.6445473	-1.4832224	-1.0273974	-1.1764292	-0.40834585	-1.2278708	-1.6386979
-0.026871067	-0.6550256	0.44740072	-0.15758297	-1.4683611	-0.90298134	-1.7553878	-0.64646214	-1.4999737	-1.5335665
0.23045751	3.3665707	0.19659239	-0.13571233	0.20239249	0.13519806	5.540516	-0.3052262	0.15165696	1.9957436
-0.018506456	1.1723479	0.31130302	-0.22147696	0.10383114	-0.09064962	0.713427	-0.37928656	-0.5108379	0.5891528
-0.30978113	1.7074178	0.041536003	-0.6390611	0.004754603	-1.0237898	1.3005689	-0.53431046	-1.6525152	-0.48150676
0.30856645	0.3444042	0.7631459	0.14067484	-1.1458259	-0.43481013	0.053966925	-0.18743612	0.9690606	-1.277236
0.14227393	0.008193165	0.21205845	-0.06499516	-0.89918125	1.4275739	-0.98688424	1.030701	0.61577797	-0.9510969
0.18958786	-0.28326258	0.58827645	-0.009178311	-1.4709609	-0.85335356	-0.4421908	0.48566708	-0.04288605	-1.2955067
-0.2066308	1.1769124	0.05996658	-0.5273537	-0.9669955	-1.7733622	1.0532231	-1.4653672	-2.4122195	-0.71232796
0.5734233	-0.1742242	1.0328712	0.4220152	-1.3558456	0.6146779	-0.7361056	0.7226798	0.673219	-2.4212425
2.034703	3.4988785	2.311635	1.5581547	0.09401074	0.32641852	1.2935802	0.078724794	-0.5692169	-2.1842108
0.45568237	0.97541	1.0617534	0.21964146	-0.75824726	1.4985551	1.0186014	2.1843889	0.6659698	-0.04387363
2.645289	2.363494	2.5302374	2.173891	0.054724842	3.3072278	0.28230727	2.7870064	2.5286114	-0.6815137
1.3431803	0.72941387	1.6192346	1.0692446	-0.36172616	0.56018275	0.5948044	1.3759048	0.7026511	-0.34268546
0.25839695	1.5018827	0.7634045	0.12555198	0.18337801	-0.20715508	-0.934426	0.4815219	-0.32253557	0.101592585
0.28977868	1.7577863	0.68239224	-0.08840039	-0.5515573	-0.6069277	0.62998384	0.28606406	-0.5578738	-0.68965715
0.13719597	0.9072486	0.11692464	-0.06564048	0.43406036	-0.0043924167	1.7982028	-0.37837684	-0.12213263	0.40094933
0.03983786	0.19485265	0.51354533	-0.15758474	-1.8272618	0.15222771	0.80714554	1.1281445	-0.02166158	-1.0181636
0.5863966	0.8185979	0.98883414	0.32723755	-1.2064073	0.667639	0.66400415	1.1743175	0.39247245	-1.0782411
0.83891743	2.1320941	1.0372936	0.5274506	-0.45317745	0.93185365	1.0910101	1.0539789	0.7658495	-0.91845864
0.050822876	1.3452042	0.27510545	-0.17662911	-0.84324074	1.342992	1.5180433	1.5550114	1.6383107	-1.2467986
0.7558312	0.74272037	1.2809411	0.6296078	-1.1441588	1.1536752	1.3908391	2.069661	0.6461555	-0.690558
-1.9650497	-1.7057277	-1.2724429	-2.0329022	-2.053259	-1.3980726	-0.24569727	-0.25914505	-1.9627678	-1.218539
-0.6027471	-1.0677541	-0.04927197	-0.6895711	-1.4899517	-0.07160586	-0.049460992	0.3352781	-0.14765735	-1.3837882
0.5254839	0.3154725	0.3957098	0.27838594	-1.3660583	-0.29188266	1.2531375	-0.93770456	-0.5776286	-1.5281447
-0.03866151	-0.69656605	0.46958017	-0.15041897	-1.7160262	-0.16141841	-0.9147026	0.6349075	-1.0913168	-1.502643
0.3229675	1.4395499	0.7037947	0.111942545	-0.23095058	0.035499662	1.4475052	0.7736151	-0.53410685	-0.5633131
-0.5590324	-0.21932665	-0.22376385	-0.6485457	-1.1559176	-0.12947814	-0.65064824	0.5849266	-0.40516835	-2.0441027
0.027061045	-0.5376327	0.6370233	-0.10556861	-2.1873827	-0.9082404	-1.2924005	0.21925485	-0.5534757	-2.6136134
0.09411011	-0.16686343	0.64252174	-0.071375355	-1.1720066	0.26736513	0.20528999	0.47544694	-0.58800787	-2.1003435
0.9733866	0.33803597	1.54876	0.72421926	-0.44339103	0.93720174	0.4166434	1.6169567	1.0088338	-0.31655344
1.4834232	0.94959676	1.7192495	1.2893772	-0.72388065	0.80071497	0.4384911	1.2594777	-0.10375191	-1.5101774
-1.7296835	-1.8031753	-1.1841743	-1.6648757	-0.17069942	-1.5827723	-2.3057847	-1.5970628	-2.3327768	-1.8652017
-0.87980515	-1.272272	-0.5356736	-0.94047534	-1.3876172	-1.5424566	-0.13466597	-0.13772509	-0.9537632	-0.40429235
-0.54897165	0.36268154	-0.3274928	-0.7528008	-1.3854522	-0.72936654	1.0249101	-0.4012319	-1.69945	-0.411446
-1.535131	-1.5921952	-1.0039923	-1.5127003	-0.83437014	-1.227534	-1.7241447	-0.7047514	-1.1228331	-1.3358972
0.04387372	-0.49644983	0.44438997	-0.06328902	-1.2571845	0.17309082	-0.28220087	0.7189846	-0.009976495	-1.2535455
2.2524478	2.0487309	2.1614733	1.8754158	-0.35295472	2.737236	1.6254771	2.1858704	1.9608444	-0.8545127
1.8313384	0.8613099	2.228856	1.5681746	-0.5735755	0.86522156	-0.6530946	1.428147	0.5046391	-1.7115291
-0.83327806	-0.6077179	-0.24067432	-0.9592662	-1.6311933	-0.6077148	0.16654608	0.44092226	-0.74374413	-1.6634194
-0.36614594	0.40025118	0.34204775	-0.5320445	-1.1041424	0.27721864	0.7338869	1.2931108	-0.36135915	-1.0290844
1.0457952	3.575033	1.2205985	0.5638453	-0.036013693	1.1842207	5.028898	0.9241383	0.77793705	-1.3410372
-1.1195549	-1.8095185	-0.490622	-1.172213	-1.3386194	1.4861395	-2.560193	1.2363353	1.2002529	-0.21801554
0.20872495	0.14676937	0.64271986	-0.015812367	-1.7653677	0.6006742	0.68562806	0.76490915	0.18971509	-2.376878
-0.10937042	-0.5464082	0.3366259	-0.25760287	-1.449206	-0.7019079	-0.58612174	0.39420247	0.14502704	-0.6046615
1.3361547	3.2589798	1.7367561	0.9488492	-0.5051453	-0.41163018	1.7558761	0.920768	-0.3006545	-1.8426739
-1.2346921	-1.8134441	-0.6024486	-1.2647388	-1.3818711	0.034497008	-0.82428145	0.48207158	-0.28469598	-1.3707308
0.10182702	0.29695752	0.49768466	-0.06831899	-1.0270151	0.66355956	0.68569565	0.55465734	0.5402004	-1.4328994
-0.6087775	1.2741601	-0.2190263	-0.782433	0.0070002973	1.1873473	0.29757705	2.3675885	1.1513966	-0.7088375
0.35416073	-0.73536193	0.7773911	0.15340452	-1.6086363	2.4174154	0.14289248	2.4539142	2.5202115	-1.0024079
-0.14060187	0.24608704	0.2507156	-0.37049776	-1.508178	-0.31244358	-0.20396721	0.17172393	-0.5084187	-1.7920235
-0.05059644	-0.67371756	0.3479073	-0.22400957	-2.034391	-0.61439145	-0.75562185	0.23458353	-0.4132449	-2.8390307
-0.4901375	-0.1814883	-0.19954118	-0.61978316	-0.9882668	-0.47126174	1.128176	-1.3069047	-0.3887901	-0.5648231
0.39428598	-0.68726254	0.7037047	0.33782232	-0.89143395	-0.6042588	-1.2480339	0.06305449	-0.50353104	-1.0908898
-0.3038642	-0.6206887	0.17186025	-0.5270807	-2.0583735	-0.4431357	-0.64056593	-0.2951635	-0.5244411	-2.1879027
-0.12375424	-0.71014386	0.38369036	-0.21650985	-1.4899926	1.0534362	-0.30756864	1.9191723	0.5630435	-1.9572617
-0.3322434	-1.0439343	0.23762825	-0.4833631	-1.9600044	0.11269855	0.08614855	1.2694417	0.91823757	-1.4746816
-0.31135768	1.2713394	-0.072814375	-0.60319257	-1.290768	-1.3366781	-0.9931629	-0.5599847	-1.3242458	-0.7772503
-1.0094538	-1.7160423	-0.42059472	-1.0077999	-1.5590471	-1.2032655	0.23211522	-1.4398919	-0.88379806	-1.0616921
-1.0083314	-1.737558	-0.40508065	-1.0302441	-1.4774325	-1.4968624	-2.5725787	-1.2554536	-1.7159582	-0.9555245
-0.16811359	-0.5285177	0.70934755	-0.28395078	-1.563824	-0.53968287	-1.5066382	-0.30612895	-0.60201883	-3.3376515
0.5266297	1.3889964	0.94912803	0.26009268	-1.071929	0.25474173	-0.60453707	0.77310437	-0.046195596	-1.3449818
1.0301251	1.193683	1.1061267	0.79003024	-1.4184256	1.7907317	1.6495172	1.8859507	1.1173036	-1.9079179
-0.55733836	-0.65240246	-0.2017766	-0.61665326	-1.3358043	-0.5957452	-0.759601	-1.3455362	-0.29194838	-1.9459909
0.34279904	0.86293566	0.70763147	0.103953525	-1.0013636	-0.061800573	0.8589294	0.3063102	-0.26973978	-0.68938285
-1.2645246	-1.2587502	-0.6187595	-1.2367845	-1.3587515	-0.4088267	0.39661673	-0.37663582	-0.058450334	-1.3046609
0.7189743	0.7487302	1.1386057	0.4394312	-2.0406632	-0.03677995	0.026302902	0.3957775	-0.47308004	-2.8924198
1.0560975	0.07066181	1.5083408	0.8007566	-1.9182868	1.5068183	-0.52407485	1.5184216	1.475943	-1.9303018
0.78025156	3.219072	0.579232	0.3911054	0.2919092	-1.0666112	2.4275465	-1.2284725	-2.263801	0.14111571
0.49149975	0.47984645	0.9384543	0.26594597	-1.5665611	0.38417032	0.44974437	1.2901764	1.2699162	-1.1219102
1.1351067	1.3344653	1.6826944	0.77740747	-0.95682955	1.0173111	2.1072524	1.4929054	0.46775228	-0.74538803
-0.36711386	0.13468423	0.07828738	-0.620615	-1.5694433	-0.6976282	0.5961998	-1.3496488	-1.8828307	-1.4188813
-0.9176276	-0.5525082	-0.52001536	-1.0490153	-0.8328316	-0.4405732	0.50462425	-0.46538484	-0.71187186	0.17234701
2.2304542	4.9869323	1.9679697	1.5489799	-0.042125076	4.4302526	4.34043	3.1122568	3.9800072	-1.4420048
-0.23175344	-0.10281429	0.3879265	-0.42958996	-1.8840741	-0.48584932	0.34819654	-0.6279433	-1.427252	-1.5706097
-1.9528451	-1.6216577	-1.3738561	-1.9257256	-0.97696996	-2.0024457	-1.8254408	-1.4944026	-1.8065671	-1.2869431
0.7799953	0.78052425	1.4158106	0.5604972	-0.69315064	-0.46952146	0.039221127	0.25187576	-1.0976723	-1.7329458
-1.0984858	-0.90053535	-0.63562703	-1.1580791	-0.6399752	-1.7755054	-2.1577907	-1.600917	-0.89793766	-0.9329602
-2.1810486	-2.0513291	-1.4428365	-2.087364	-1.2693484	-1.737156	-2.2278137	-1.0932602	-2.5742025	-1.1495498
-0.7983636	-0.23881112	-0.40763387	-1.0037156	-1.5994574	-0.98319954	1.1031944	-0.6351282	-1.5743846	-1.415717
2.2038414	2.3979268	2.6013381	1.911511	-0.19652382	1.7479795	2.0590568	1.8027256	1.6241727	-0.73319197
-0.44189766	-0.744264	-0.20803383	-0.5207718	-0.9740815	1.7087392	1.2037917	2.7093792	1.6021987	-1.0634727
0.79134566	-0.101056606	1.1180038	0.55349565	-1.1936677	0.20181133	-0.836192	0.7223421	-1.1182147	-1.4434867
1.4670128	1.4118748	1.4168155	1.1073414	-1.2185899	2.400056	0.111270055	2.4702282	1.8082268	-0.9782417
-0.29479402	-0.5490724	0.016426757	-0.5025531	-1.4981209	-0.6896623	-1.410885	-0.40816563	-0.7723661	-2.093332
0.33421725	3.0350935	0.24221018	-0.15750436	-1.0792482	-1.1888165	1.3023313	-1.2633549	-2.267131	-1.9890026
-0.22632262	-1.0696291	0.33606595	-0.31468895	-1.9021988	0.22263819	-0.73440105	0.6492065	0.28345296	-1.641222
-0.022754699	-0.85323846	0.54857373	-0.14238465	-2.230138	-0.09973345	-1.2148724	1.0510347	-0.40366223	-1.8358582
-0.10078374	1.4011341	0.002510041	-0.4768898	-0.9199555	-0.44138527	4.4911366	-0.76880586	-1.266854	1.6549252
0.80423784	0.23926643	1.0624487	0.6492557	-0.4495469	0.8207406	0.6916426	1.4695194	0.5090697	0.91899276
0.4748117	-0.2055029	0.9336722	0.29563236	-1.6562775	0.0459505	-0.95672756	0.23361138	0.1293134	-1.3967265
1.3559428	0.2433855	1.7990144	1.1110826	-1.308671	0.30116093	-0.053501178	1.4328969	0.24343812	-1.1406
0.2895428	0.5098839	0.76217294	0.00057570636	-1.7022218	0.8831445	2.5084045	1.2976623	0.7206565	-1.6650758
1.2550027	0.4661114	1.4142348	0.9729471	-1.06326	0.66477644	1.5741056	0.7633188	0.15252337	-0.29362997
-0.087752	0.00949277	0.34968328	-0.2845726	-1.5020262	-0.46615276	-0.43467447	-0.22827213	-0.14009447	-1.5811619
0.12517148	-0.64612204	0.5930145	-0.0655139	-2.0132434	-0.32837668	-1.1810508	-0.25848407	-0.4000088	-1.5857838
-0.85961616	-0.72096074	-0.42834613	-0.93772596	-1.2840487	0.16442291	0.7967097	0.19632499	0.07000081	-1.2591215
0.19040176	-0.11923436	0.5675403	0.00054368377	-1.4988465	-0.017128386	-0.82377404	0.014053297	-0.83491516	-1.916541
0.70260906	0.61250687	1.1988113	0.6359782	-0.57343054	1.4154154	0.5575875	1.9502426	0.71701884	-0.90433294
0.5406846	2.0199714	0.73187685	0.33568454	0.29860142	1.2428683	4.866946	0.5126919	0.4007456	1.3972034
-0.5693432	0.47447732	-0.37315872	-0.7255297	-0.2301133	2.7382293	3.7821462	3.1564777	2.448325	1.3989362
1.0793358	0.557315	1.5052736	0.8182707	-1.6811479	1.1419804	-0.039675385	1.459163	1.3198488	-2.0103984
0.34729388	0.13887084	0.5926423	0.16943653	0.011461139	-0.27423307	-0.74014485	0.11289658	-0.2747657	-1.1892371
1.2342781	0.44316944	1.397441	0.9363204	-0.2570378	-0.65298474	-1.5051175	-0.25508514	-0.9544124	-1.6346444
-0.28469494	-0.573552	0.3915573	-0.40195447	-1.4733461	-0.7667792	-0.267951	-0.17706573	-0.8372434	-0.18351293
-0.6882897	-0.9678297	-0.15242791	-0.7683578	-1.5410897	0.15294166	-0.851086	0.66650295	0.029016478	-0.5090168
-0.04673565	-0.18929191	0.42292517	-0.21126452	-1.0267913	0.0069339434	-0.942249	0.42785248	-0.48039547	-1.5283535
-0.9614238	-1.4210231	-0.5004208	-0.95307034	-1.3969646	-0.30653027	-1.2878411	0.38559395	-0.6675888	-1.3587719
-1.6892036	-1.5492662	-1.1366205	-1.6669192	-1.4800677	-2.0561626	-1.5297095	-0.7113754	-1.8219064	-1.4124228
-0.3983973	-0.376246	-0.071077645	-0.64280653	-2.2070603	-0.74587464	-0.6793	-0.16069935	-0.75257885	-1.9929986
-1.34514	-1.8625579	-0.8068739	-1.3558162	-1.5411874	-1.2969375	-2.223443	-0.9609	-2.0185285	-1.9617146
0.3392987	0.17620826	0.7231127	0.12127142	-1.3769864	-0.19221786	-0.18637478	0.31081837	-0.41403413	-1.4021008
0.47039065	-0.034277916	0.7496095	0.26029766	-0.93569887	0.33387968	0.33913508	0.5528892	0.31164023	-0.69278127
0.14199829	-0.21861881	0.65182257	-0.0028758347	-1.581271	0.5866244	0.099810354	1.2001641	0.7347258	-1.6425099
0.55533403	1.2162414	0.648343	0.40164596	0.06263062	-1.6173357	-1.9067445	-0.77349305	-1.4188764	-0.5558999
0.78074807	1.0620357	1.0630623	0.69251394	-0.6539129	0.44366866	0.3729889	0.36490244	0.050252732	-0.6969716
-1.5513924	-1.5478632	-0.9019042	-1.5583171	-0.90162826	-1.8018517	-1.4438227	0.80058616	-0.49114686	-1.1512719
0.4632801	-0.18112865	1.0956278	0.29128712	-2.0217392	-0.03827565	-0.9528527	0.7510854	0.34069106	-1.3871694
0.6987351	0.45916072	1.3673929	0.46587694	-1.2832748	0.7017496	0.37161484	1.6816523	0.6755781	-0.81868917
0.4221727	1.7279379	0.8551637	0.10667144	-1.172526	0.92780995	2.3249466	1.5311518	0.61095905	-0.8002638
-0.79972875	-0.4349096	-0.5351051	-0.936435	-1.1283919	1.2019911	0.23567666	0.5180558	0.7337827	-1.5124991
1.8580458	1.0197847	2.2223744	1.6215575	-0.9503406	3.4241683	2.0927215	2.8548467	3.0761766	-1.0960306
0.5717348	1.8183281	0.79199374	0.3125515	-1.0199232	0.5669859	1.2586291	0.51737803	0.012766659	-1.4110341
2.086552	1.7937965	2.360761	1.799627	-0.8236556	2.0166368	2.8726597	2.0976832	2.0393293	-0.7473641
0.39388353	2.364527	0.5222949	-0.0502664	-0.9635308	-0.19883832	1.36255	0.81538415	-0.8568287	-1.2957993
0.5114096	0.727659	1.0617232	0.26338857	-1.2006323	0.34425217	0.823161	0.8272154	-0.05589334	-1.641488
0.7878104	4.6037936	0.9130019	0.30969185	2.5561848	-0.76759446	3.196377	-0.23965089	-0.14060503	1.6445041
-0.40161344	-0.9917692	0.13066033	-0.4400282	-1.3041215	0.49161625	-1.1321228	0.87346816	0.467303	-1.8000878
0.6106898	0.093984455	0.95948386	0.4235084	-1.6756802	-0.4487887	-1.518814	0.8839352	-1.0147194	-2.0417192
0.37310696	1.542542	0.6725316	0.06681271	-0.9932387	0.82058924	1.1077892	1.2394795	-0.5417938	-2.7522156
-1.2379999	-1.1780506	-0.78469086	-1.2341139	-0.73741126	-0.10724052	0.022205072	-0.13085377	-0.36758733	-0.6026991
0.5705318	-1.4784883	1.394074	0.4756838	-1.9051841	1.3002661	-2.089508	2.4304452	0.37138957	-2.23792
0.033642024	-0.33572865	0.6050476	-0.104020715	-1.5686094	0.91727126	0.11592977	0.907283	0.31476557	-1.2009317
0.4361119	1.2551539	0.6339159	0.1730377	-0.44967082	0.63825196	1.4375926	0.56260455	-0.116073795	-1.0330961
-0.37567303	-1.462724	-0.029614389	-0.33602738	-1.3062723	-1.1440428	-1.782798	-0.7835552	-0.7560093	-1.3360158
0.76043946	0.48325685	1.2610073	0.593103	-1.9966882	0.9140143	0.19087	2.2989113	1.0550073	-1.9731928
0.3646456	-0.14850965	0.9175991	0.17868318	-1.3482141	-0.4812865	-0.7011829	0.40539017	-0.23384821	-1.4749385
1.4362996	0.8639443	1.9808146	1.1641725	-1.0023925	0.5255207	-0.82428145	0.043730684	1.5782518	-0.53832734
-0.7915304	-0.8012965	-0.38621548	-0.8891229	-1.4166349	-1.3459866	-1.5265275	-1.8748205	-1.0656722	-1.8118122
1.2894286	0.38697705	1.5370955	1.0702033	-0.6115557	0.38028795	0.72844195	0.5735874	0.29472688	-0.7956851
1.6167401	4.170359	1.7084146	0.9816375	-0.4407664	0.34962705	3.569864	-0.2047549	-1.0491493	-1.3797178
0.7534994	0.6315267	1.1693802	0.59103614	-1.1455029	0.9110154	0.95288295	1.598068	0.57755625	-0.97743607
-1.4074843	-1.1907486	-0.9166473	-1.46084	-1.7109181	-0.024962248	-0.6410514	0.3811542	-0.80071163	-1.8190385
1.7699752	1.1127976	1.9859146	1.3961011	-1.0725286	2.102712	1.6792408	2.4351594	2.0423324	-1.0381987
-0.10208992	0.59691775	0.43316737	-0.35224265	-1.5568174	-0.88843	0.6894949	-2.2393641	-1.7202157	-2.1622353
-0.791194	-0.8367455	-0.28313264	-0.9028234	-1.5567951	-0.18257537	-0.56335217	-0.26198456	0.17746307	-1.3829958
-0.94475245	0.09838548	-0.55446506	-1.1026816	-0.654058	-0.004037331	1.1712234	0.4691204	-0.15552908	0.3631941
0.92899185	1.5983924	1.4965136	0.60048324	-1.0996065	0.6892844	0.541263	1.1712444	0.64435124	-1.1962061
0.2733614	0.6058794	0.5998703	0.10232322	-0.9380703	-0.16629444	-0.1515092	0.37350062	-0.21986574	-0.99614125
-0.6916342	-0.17955706	-0.30174145	-0.8410792	-1.3991615	-0.07968688	0.24190046	0.19976206	-0.69885033	-1.1343895
0.65088946	0.38210532	1.2485427	0.399875	-1.3573129	0.75812155	0.619876	1.5089997	0.33591136	-1.669185
0.08309468	1.92084	0.23964354	-0.16319957	1.0750257	-1.7731738	-0.15427123	-1.3482113	-1.6654588	-0.68631035
0.7254636	-0.22627315	1.0023638	0.5289795	-1.4882635	-0.7207408	0.0138520785	-0.23213972	-0.009567452	-1.0022525
0.11940951	-0.37393183	0.67481494	-0.09362121	-1.2897713	0.33756167	0.17183276	0.7977176	1.5513843	-0.9293608
1.024124	0.74374306	1.5306879	0.7344334	-1.0621344	0.48952243	0.43153206	1.1154219	0.38690215	-2.0635571
-0.6049905	-0.05690649	-0.30688247	-0.766753	-1.4121802	-0.6046996	-0.2864445	0.38231042	-1.4001732	-1.7453293
0.826645	2.1942904	1.400409	0.5730874	0.5002146	0.2385159	2.3565094	1.4937047	-0.48575565	1.3926685
0.32253757	0.18846491	0.89424884	0.31858414	-0.35667974	-0.2977309	-0.5881499	0.028746527	-0.5314178	-1.0688068
-0.4939845	-1.109916	0.13733602	-0.6164662	-1.7160366	-0.32254493	-0.46135393	0.13503678	-0.07112408	-1.2292273
-0.005215414	0.7866353	0.16980046	-0.19701542	-0.4227698	-0.76695657	-1.203028	-0.43720716	-0.26093817	-1.7617555
0.35198656	0.5369972	0.7050444	0.074546054	-1.2845244	0.4113389	0.36451635	1.1442668	0.3027459	-1.1000925
-1.6361433	-1.1769303	-1.0754923	-1.7050388	-1.2800586	-0.9769739	-0.57204103	-0.5560542	-1.1705315	-1.4277009
0.9584164	0.5593468	1.3564188	0.7318281	-1.0858321	0.20360038	-0.18852487	0.5236805	-0.7408014	-1.5844744
-0.6239437	0.0907557	-0.091504365	-0.850753	-1.5852579	-0.252192	1.7501776	0.5003783	-0.8075206	-0.39557874
-2.0923307	-1.5565077	-1.4122627	-2.0191715	-0.32995245	-2.4610817	-2.2403479	-1.3793981	-3.1052206	0.083758555
0.88608676	2.496065	0.90898407	0.6855074	0.98320043	-0.30864146	2.0597324	-0.35867065	-0.38379806	0.52206063
-0.11242669	1.6851094	0.041068256	-0.2903384	0.06492892	-0.3647863	0.9266412	-0.82612354	-0.040433686	-0.011492059
1.7580597	0.9688499	1.895719	1.3188374	-0.9199816	0.17823404	0.17407794	0.647914	-0.82769185	-1.278605
-1.0534917	-1.1754347	-0.50769067	-1.0943159	-1.5056823	-0.0314858	0.23920117	-0.3580619	-0.25228086	-1.3517143
0.4858459	1.5065441	1.0622681	0.21614467	-0.923885	0.37321854	0.86900115	0.15744765	-0.09431821	-1.3917812
0.6197157	0.24099463	1.2520771	0.38670164	-1.3509314	0.7434779	0.47372472	1.0510744	0.08538135	-1.4987032
1.1729313	2.4681873	1.2413688	0.8108461	-0.055621475	1.957445	3.6252205	2.039485	1.7188176	-0.09296378
-0.4476227	-0.54568887	0.13385695	-0.59830904	-1.5641826	-0.17975794	-0.4961921	-0.6123291	-0.41849473	-1.2059485
-1.6265267	-1.6358056	-1.0700899	-1.5804259	-1.1357152	-1.6479559	-2.4274154	-1.3584504	-1.7427415	-0.30174434
-1.0994848	-1.0531381	-0.8162054	-1.1492736	-0.7795477	-1.4567703	-1.5265371	-1.0414212	-0.96473473	-0.84903204
-1.0487329	-1.0670711	-0.40375432	-1.1114045	-1.4832288	-1.6679581	-1.6689806	-1.3288035	-0.8713607	-1.3814782
-1.1921263	-0.23018202	-1.0846163	-1.2560351	-0.3749243	-1.3735992	-0.9179726	-0.07961158	-1.6555262	-0.16032785
-0.2794115	0.34469447	0.103003964	-0.52959406	-0.5838098	-1.5414574	-0.95609313	-0.86154026	-1.1879449	-1.3347594
0.23111099	-0.011402965	0.7358849	0.079234496	-1.2733556	-0.15637316	0.38883254	0.36783844	0.031110376	-1.2205791
-0.2601896	0.08626199	0.6104773	-0.33960652	-0.7102284	0.05248397	0.1190159	0.78041494	-0.38619357	-1.102276
-0.6999101	-1.0305809	-0.30977836	-0.7879814	-1.3082694	-2.1033723	-1.4773555	-1.915454	-2.4484396	-1.179693
0.45989832	1.5343108	0.79039824	0.14132862	0.5194521	0.19297981	1.7190605	0.036118295	0.28852418	-0.045875896
0.9925626	0.13387987	0.72358024	0.6962526	-0.917176	-1.0499574	-0.6117199	-0.7084268	-2.0088458	-0.89803934
0.40418756	-1.0293542	0.8394449	0.22865139	-2.008097	-0.25347894	-2.0160308	0.8089752	-0.070619635	-1.3201629
0.054589093	-0.7237409	0.4373668	-0.13195723	-1.8327539	-0.052600045	-0.5519459	0.54402566	0.190711	-1.0214796
-0.89902294	-0.24321279	-0.41881898	-0.9883028	-0.4686856	-0.72135675	-0.4833743	-0.8102651	-1.0665755	-0.910835
0.32819834	0.24333456	0.7032617	0.094093814	-1.0469302	-0.33006373	0.33838525	-0.46162906	-0.42425805	-1.629154
-0.08820889	-1.512146	0.30035844	-0.19576307	-0.548703	0.67904484	-1.6918763	0.16563666	0.69426155	-0.32442245
-0.50960505	-1.1266401	0.17846778	-0.50112957	1.483765	-0.45718947	-0.9066769	0.12949397	-0.37283415	0.64385617
-2.0226269	-1.6869575	-1.4715246	-2.0087507	-0.9261441	-2.0895872	-2.1150517	-1.2929378	-2.2742395	-1.5461925
-0.446685	0.041098475	-0.08286324	-0.57070565	-1.0393203	-0.31223378	-0.42234203	-0.31560683	-0.21986574	-1.3371781
0.2139388	-0.3486776	0.73853683	0.06629489	-1.892713	0.041454434	-0.031748187	0.31680217	-0.68314683	-1.9644434
0.06727222	0.06139669	0.3185671	-0.16476859	-1.4139794	0.49333912	0.9697528	0.37335443	-0.052477136	0.21364698
-1.9427927	-1.9391508	-1.317212	-1.9299875	-1.5187567	-2.023302	-1.942886	-1.0899359	-2.8491666	-2.4552402
-1.3173469	-1.3315848	-0.8550111	-1.2920059	-0.95693934	-0.27029642	-0.24569727	1.6543809	-0.28469598	-0.8283712
-1.0161493	-0.9580227	-0.6077994	-1.0337596	-0.9504945	-1.5579805	-1.9826032	-0.9745733	-2.0337489	-1.3132569
2.4674106	2.1462471	2.607871	2.0552409	0.035411775	1.0740981	3.1102905	1.7467376	0.7621971	-0.68190986
-0.13461125	2.737221	0.11739217	-0.4085074	1.0140873	-0.47520858	3.209794	0.36139485	-0.48947185	0.5549265
0.9010957	1.2847975	1.4149317	0.7449269	0.07610831	0.15861851	1.5530963	1.3225933	0.036462825	-0.02687851
-1.7468002	-1.435775	-1.0270488	-1.7766625	-1.8237706	-1.8053942	-1.4516836	-0.6366069	-1.0447621	-1.1091976
-0.68946797	-1.128807	-0.21591222	-0.72479784	-0.96057534	-0.24195883	-1.9035778	-1.1021948	0.8307812	-0.7972494
1.4911804	2.342957	1.5146753	1.0183957	-0.65799	0.8912389	2.6397982	0.84882325	0.37824208	-1.0504363
-1.0379946	-1.3272333	-0.5581155	-1.0699466	-1.5415757	-0.5561719	-1.0471388	-0.24466954	-0.09057736	-1.4374937
-0.55542994	-1.0544583	-0.16448924	-0.6866816	-1.3585832	-0.27289668	-0.97364414	-0.054197807	-0.68222284	-1.0004672
-0.25641507	0.6450952	0.48279116	-0.48023278	-0.6501616	0.085501015	0.17760305	0.68286735	-0.019488942	-1.8878068
0.13339296	-0.07835594	0.55977976	-0.010372713	-0.74520206	0.21076825	-0.885894	1.0353432	-0.009567452	-1.7074713
1.9350756	2.1534286	1.9556078	1.518833	-0.35211217	3.5059283	2.5963247	3.3088348	3.326579	-0.541789
0.24218503	-0.031000227	0.80092967	0.090889916	-0.9200672	-0.7794712	-0.43417245	0.20013766	-1.2198658	-1.097238
-0.1607342	0.50478697	0.26453334	-0.3884372	-1.4756385	-0.33025217	0.98490703	0.2075996	-0.9361923	-1.0835706
1.6752547	2.0050082	1.6531816	1.4443388	-0.37563834	2.0392566	2.137644	2.0543468	1.7580917	-0.8175529
-0.7736128	-0.41009185	0.083399594	-0.91513395	-0.61051536	-1.8069764	-0.56979287	-1.4190842	-0.5913168	-1.6115458
-0.34265366	-0.9527767	-0.103827685	-0.4643321	-1.4716275	-0.6422009	-1.8508823	-0.28390667	-0.6290942	-1.6717602
0.07657348	-0.13745391	0.8638685	-0.06858838	-0.85158455	-0.30561078	-0.59870255	0.4773419	-0.2539785	-1.1754352
0.5806436	1.28086	0.54608285	0.35570455	0.13796517	-0.41713265	1.6019385	-0.47644284	-0.79160076	-1.366436
2.2305787	0.33740267	2.283025	1.8086653	-1.4307672	5.4703712	2.2739003	5.4783406	4.9440503	-1.134576
-2.2584345	-2.3195274	-1.5094321	-2.1747353	-1.7228642	-2.6254451	-3.5953403	-2.2474425	-3.852134	-3.0365255
-1.0842519	-1.1797167	-0.6068294	-1.1198406	-1.2670882	-1.8612696	-1.8178757	-0.90964395	-1.4928442	-1.5046059
-0.4791078	-0.003312856	-0.129316	-0.5694073	-0.8898617	-0.1865348	0.32385042	-0.51549315	-0.6163546	-0.63663465
0.18467453	0.7345959	0.77945685	-0.011381462	-0.93197036	-0.43376148	-0.067515925	0.5920288	-0.8519889	-0.0803573
3.4425619	4.0865006	2.8572488	2.998712	0.49481168	3.027112	2.7666757	1.8658171	2.1744933	0.31848174
0.09043383	1.6196334	0.29505745	-0.15906157	-0.25040442	-1.0550737	0.56993115	-0.6474873	-1.5995914	-0.48919573
-0.81867594	-0.9227911	-0.3531594	-0.92377603	-1.5310512	0.78041375	-0.80519307	0.77168274	0.6452897	-0.87917596
0.36729607	0.13732418	0.57486105	0.14978032	-1.516788	0.7206041	-0.3451407	1.5308915	0.7249698	-1.9276558
-1.4349813	-0.66928554	-1.0467304	-1.5074737	-0.9683306	-2.0222728	-0.5449828	-2.040038	-2.2852201	0.103119716
-0.7640731	-1.2157545	-0.25525147	-0.8618564	-1.8346397	-0.5033491	-0.19019684	-0.41187093	-0.7446069	-1.816807
0.40084043	0.25320658	0.9060402	0.2058043	-1.3700017	0.04552649	0.6092399	0.44215515	0.10680258	-0.7600769
-0.10856712	-0.723649	0.46735144	-0.23613852	-1.8186729	-0.075413935	-0.50134057	0.856798	-0.36629158	-1.5004665
0.7688331	0.07424423	1.3911958	0.58919126	-1.4227391	1.2692196	0.34480432	1.6003394	1.1463931	-1.862204
-0.45770803	-0.25227824	0.03878355	-0.65024537	-1.2396616	-0.65250015	0.10262936	0.23324986	-0.44942033	-0.8131219
0.7245781	2.1296003	1.0689863	0.34455562	-0.9487728	0.83767015	2.5909185	1.6094254	-0.017538223	-1.5599221
-1.1336689	-0.0823417	-0.85226285	-1.2486677	-1.2542387	-1.1914417	0.8031252	-0.8684944	-1.1266725	-0.8250032
1.6567401	2.528392	1.8975248	1.3754666	0.14132592	0.85512096	0.3633564	0.43219754	-0.20129965	-0.20358413
1.1633168	1.2346437	1.2295524	0.86574364	-0.93916523	0.17149597	-0.18143858	0.6649312	-8.416888e-05	-2.6375763
-0.477452	-0.8290334	0.037665635	-0.555106	-1.5922532	-0.59131217	-1.3693231	0.21721202	-0.2858884	-1.0743868
1.4457229	0.83880866	1.8017993	1.2310535	-0.7635164	0.62229663	0.19952889	1.0077846	0.76694524	-1.1576662
-0.2622205	-0.81179273	0.27432895	-0.41242146	-1.4151684	-0.4434892	-1.1275874	-0.3741778	-0.3323694	-1.1623093
-0.72149795	-0.78494513	-0.52375865	-0.85194176	-0.36063638	-0.8837188	-0.75133735	-0.15430623	-1.0048985	-0.46814054
1.8489836	1.4967808	1.8024652	1.6290613	-0.47154182	1.1782032	1.0500838	1.9259518	1.0994711	-0.054589845
1.7595854	1.2613533	1.7049781	1.5312014	-0.73427224	0.8573642	0.9232346	1.4375215	0.19844514	0.089636385
-0.5778625	-0.5079528	-0.23559803	-0.6731829	-1.4302382	0.6292955	-0.15057854	-1.0949248	-0.84256697	-0.37677166
1.2769289	0.7257272	1.8991677	1.1204422	-0.60841405	0.32522812	-0.06483526	0.7162638	-0.28283662	-0.91729
-0.7103063	-0.8465154	-0.30980036	-0.76139504	-1.2399223	-0.9954807	-1.3193743	-0.15947872	-0.8731282	-1.2449782
1.9756459	0.53546405	2.0858674	1.6259532	-1.1643702	0.70917225	-0.20311956	1.207088	0.8395845	-0.8917965
0.47744116	0.37127712	0.91782665	0.2870065	-1.0327082	0.843477	0.4462053	1.1381397	0.47134	-0.8277785
0.5143748	0.5862967	1.3326586	0.3681351	-0.83639824	0.6076665	2.1642284	0.9508242	0.267439	0.41539136
3.0551884	1.1573193	3.0694063	2.6709778	-0.99678814	2.7351851	1.1906639	2.7735305	2.5633972	-1.47217
2.5982828	2.2045083	2.4064393	2.2443125	-0.9656031	1.5831864	0.99395585	1.681385	1.2453493	-1.7461377
0.61933774	1.193308	1.034555	0.34239268	-0.96420753	0.24728374	1.2006608	0.55226433	-0.51708066	-0.93377966
0.2718726	-0.04566963	0.7742034	0.16280334	-1.5177883	0.30761576	-0.55289584	0.952865	0.007381616	-0.7426969
-0.115085565	-0.1905209	0.28237483	-0.35178667	-0.99830747	-0.5905458	-0.33450258	-0.47534725	-0.38423166	-1.2330425
-0.32623163	0.009151697	0.12671435	-0.5340588	-0.79589874	-0.19762063	1.5079088	0.0075102616	-0.8608962	0.14325209
-0.86253536	-0.76941836	-0.66705394	-0.9095715	-1.2449287	-1.1096456	-0.8318557	-0.75817996	-1.3021373	-1.0334725
-1.3688691	-1.5725164	-0.8296056	-1.4005586	-1.9784622	-1.8859522	-2.4881933	-1.0480541	-1.8184437	-0.8885438
-0.16007492	-0.2843255	0.28315535	-0.3320365	-1.1445642	-0.50805324	-0.4195023	-0.016665306	-0.89099926	-1.862813
-0.106795624	0.99002457	0.24890019	-0.3982756	-1.4733404	-0.0631201	0.6334546	0.8564548	-0.710069	-1.6961741
0.3890813	1.7106053	0.46334815	0.07768373	-0.6306143	-0.097784415	2.861376	0.1573735	-0.6149697	-0.6240793
0.13446474	0.3840901	0.5709293	0.02797322	-0.32699674	-1.0484679	-0.5840044	-0.2507593	-0.7897333	0.0312611
-0.73620087	-0.9573257	-0.2848254	-0.88408124	-1.2495232	0.12254142	-0.09115227	0.84874654	0.89561146	-1.3893118
-0.31672138	-0.38730812	0.23523423	-0.48630267	-1.3625574	-0.8761365	-0.27490908	-0.21809019	-0.9145121	-1.4669621
1.0479308	0.447098	1.5146364	0.7578205	-0.7805551	1.0490187	0.820424	1.3634603	1.1855955	0.16300267
1.8992345	1.4560984	2.21651	1.517598	-1.3792876	2.9192352	2.3646863	2.310443	2.3088696	-1.3354452
0.50976	0.24717772	1.0615251	0.28315616	-1.1582152	1.1651871	1.88901	1.9816904	1.2759172	-0.10939979
0.9096218	0.30642262	1.2969643	0.6339545	-0.97047174	1.0259349	0.5416946	0.7834687	0.34217212	0.87337667
0.90088916	0.91298234	1.1851646	0.63356286	-1.2061043	1.9225274	0.7561442	2.3697956	1.3975444	-1.3790171
-1.7496903	-1.9038696	-1.1056473	-1.6889995	-0.098083615	-2.2712827	-2.72879	-0.8868938	-2.085325	-0.464522
2.5654604	2.2525754	2.7890184	2.2373078	0.098047584	1.7872429	1.8646562	1.9876316	1.2812185	0.32884875
0.08958792	0.5181968	0.5093791	-0.053533137	-0.5181063	-0.38388088	-0.22415623	-0.060066357	-0.8622052	-0.8749205
-1.1754857	1.0123423	-0.2606029	-1.4391233	-0.4076855	-1.5580933	-0.11847052	-0.6441712	-0.80573845	-0.34436652
0.006922297	1.2648925	0.04360205	-0.24084356	0.22384724	1.622612	2.5531409	0.6456886	0.39972222	-0.16350551
0.68806595	1.1032016	1.6264603	0.5172006	-0.55625	-1.3223132	-0.27226388	-0.50762916	-1.3589759	-0.54854614
1.3797232	1.1036179	1.808422	0.96195996	-1.1039326	1.2932192	0.67098975	1.2845262	0.91085136	-1.2489942
0.2735047	2.35692	0.6803638	-0.046355456	-0.19917652	2.1731014	2.4853776	2.0152245	1.0879174	-0.72417796
-0.05021564	-0.7407081	0.3672668	-0.19562753	-0.8784399	1.238477	-0.33645138	1.7993695	1.1464916	-1.2484825
-1.2865789	-0.5453141	-0.9919908	-1.3552691	-0.84731877	-1.0238383	0.9210882	-0.4577162	-1.7079338	-1.3819351
-1.3681606	-1.4397092	-0.861971	-1.3513091	-1.4120944	-1.600471	-1.3499141	-1.7620859	-2.168662	-1.8716418
-3.1834707	-2.9558482	-1.729919	-2.811937	-2.1810234	-2.052339	-1.9822284	-0.2995274	-2.3367293	-1.121798
0.026055679	4.173027	0.017954677	-0.4583028	0.50328374	0.35992104	4.7015424	0.86241287	-0.047160216	0.04675478
-0.19766906	0.0013464391	0.21864197	-0.467902	-1.781075	-0.6112338	-1.0720054	-0.6261663	-1.442741	-3.0866227
0.6307666	3.6899118	0.72641146	0.2207116	-0.6621041	0.09993838	3.3328555	-0.8463203	-0.8867484	-1.6737665
-0.64963835	0.8558842	0.17226705	-0.7729283	0.59571564	0.514778	1.7731242	2.009837	0.2768133	-1.4521192
0.6198526	0.7802874	1.0274801	0.41982418	-0.8248818	-0.09425487	0.13985908	0.7863411	-0.5213799	-0.5595293
-1.4533908	-1.3731699	-0.98577154	-1.3696488	0.15132561	-0.7117718	-0.44705206	-0.007989866	-0.7705438	0.6100918
2.1024892	3.4204938	2.3488545	1.5866019	-0.30485052	3.894034	3.947801	3.9318745	3.3001134	0.0083805
-0.78547084	-1.2330338	-0.22386304	-0.9299683	-1.570989	-0.7968964	-1.0688375	-0.14264645	-0.76128787	-1.5507348
1.6398181	0.951064	1.7071729	1.3628296	-0.55442345	2.6051328	1.7467521	1.937177	1.8620477	-0.64155024
0.60475624	2.5493288	0.72714686	0.15046279	-1.2794136	-0.17321055	2.1689134	0.8500209	-0.6067725	-1.5055578
0.23285681	0.25168267	0.7014347	-0.0033011287	-1.3949367	-0.020064643	0.54602754	0.32542384	0.04316866	-1.7314824
1.7212641	1.0024422	2.176761	1.3835806	-0.5245092	2.0142124	1.3033493	2.0622447	1.3520924	0.073278494
0.73191684	1.5347693	0.7683178	0.47114956	-0.76573426	-0.94268614	-0.080878384	-0.944516	-0.95155555	-1.0271596
0.39663303	0.019615501	0.8206394	0.2039559	-1.5414759	1.7279435	0.6289766	0.9582235	0.071520746	-2.0215926
0.50132674	0.88287365	1.0294954	0.26698285	-1.2859248	0.4088895	0.3696717	0.98175997	0.18081635	-1.0237415
-0.78845656	-0.7921145	-0.37290338	-0.80503035	-1.3442245	-0.5625843	-0.4326304	-0.38481987	-0.42157358	-1.4622893
-0.03698714	1.3203161	0.10998672	-0.35641497	-0.24889326	-1.2916063	1.4070259	-0.75852865	-2.1209712	1.6561944
0.23050919	0.20831302	0.68315303	-0.012535602	-1.3933254	0.056058772	0.024631118	1.2900671	-0.18951543	-0.714673
1.5640048	2.4193702	1.7734611	1.2167459	0.18431112	0.29117322	0.3622704	0.22490747	-0.30403316	-1.4758966
-0.06677825	1.9177063	0.16834289	-0.43125516	-0.84002113	-0.70788	3.5592117	-0.4072799	-1.0058852	-1.0276194
-0.55603844	2.3422918	-0.42005333	-0.882534	0.14852962	0.3918608	4.253792	0.5057223	-0.16125345	0.845945
0.4602681	0.6987202	0.9612948	0.30971628	-0.36189428	0.68192035	1.2492667	0.6705337	0.2525335	0.0050851167
0.28738743	0.8623556	0.7834115	0.045792595	-1.3151658	-1.0326877	0.388322	-0.26861158	-1.6203879	-1.2770094
-1.3758153	-0.97184443	-0.7852613	-1.3723283	-0.8218026	-0.09937164	-0.0364813	0.13602376	-0.34659728	-0.97624564
-0.49740708	1.2413514	-0.31271175	-0.7048955	-0.5492622	-1.4722925	1.5042236	-1.2452191	-1.9134146	-0.340265
0.030951612	-0.07239902	0.46623427	-0.14589006	-1.4244477	-0.1454643	0.03360753	0.19125076	-0.29635245	-0.6360724
0.7024986	2.1110165	1.0375905	0.38311613	-0.46410096	0.3222318	1.03498	0.56104016	1.1496018	0.06816532
0.78213537	1.543015	1.204435	0.6181385	0.4764504	-0.29355016	1.0238034	0.20889631	0.040200386	-0.2067405
-1.0822868	-1.3505017	-0.5915315	-1.1010205	-1.7126926	-1.6070665	-1.4075766	-0.91771036	-0.5573355	-1.5995674
0.63271534	0.64681184	1.0973645	0.402407	-1.0639386	0.7754162	0.3272244	0.83526224	0.37923634	-1.238063
0.069247074	-0.61122197	0.6168661	-0.11256385	-1.7589897	-0.5804946	-0.39906922	-0.12256582	-0.21816349	-1.3417944
-0.092579044	-0.57855105	0.15357062	-0.3209257	-1.6045926	0.3089275	0.19143204	0.9361976	-0.37186885	-1.5102233
-0.6031247	-1.3632867	-0.1307163	-0.59540784	-0.04097566	0.54339737	0.78335124	0.37003782	1.4426394	0.020300945
0.61580545	0.6258311	0.8911091	0.322585	0.37649623	1.1918968	1.247019	1.6344503	0.7877654	0.2721364
0.024842933	1.5832835	0.3681823	-0.34096074	-0.85879886	-0.52806693	0.06439024	-0.028414305	-0.53950113	-1.0098768
0.61410457	-0.7567984	1.1550134	0.53553724	-0.96575093	0.0914269	-1.1465452	0.12889476	0.21982525	-0.6011114
0.39555207	0.20737347	0.6223086	0.1955543	-1.4642899	0.5189524	0.57205665	-0.42138544	0.9651043	-0.11457093
0.751375	1.948184	1.014897	0.39355087	-1.0897802	0.3777811	2.7522933	1.1246699	-0.24559726	-1.6330705
-1.0984236	-1.3860126	-0.767156	-1.0467764	-1.9494222	0.056657813	-0.56726205	-0.035893433	0.41079393	-1.9216707
-0.61233735	-0.88051426	0.0768902	-0.6095324	-1.0480379	-0.3264892	-0.53262806	0.381227	0.005005721	-1.4075675
0.5122396	-0.14567497	0.83938086	0.29022408	-1.0612935	0.8051107	-0.25444037	0.7377148	1.1162019	-0.8386553
1.5646167	1.1550608	1.7992709	1.2509252	-0.860971	0.13703348	0.17119817	0.74364245	-0.30133766	-1.2138478
-0.09178976	0.030043751	0.12149	-0.22594641	-0.7241057	0.4449306	2.144465	-0.44459873	0.025040476	-0.19264174
0.396301	0.3502927	0.81632817	0.149137	-1.1784333	-1.1805948	-0.7380152	-0.5497412	-1.2950859	-1.5118067
2.1990438	3.5606575	2.3275266	1.7690582	0.31243643	1.9203112	3.1347196	2.9851158	1.7140257	0.8018348
0.90010905	0.33052513	1.5557945	0.5828547	-0.82414985	1.535894	0.17887186	2.1213558	1.3756971	-0.7009897
-0.61331815	-0.7751529	-0.24236736	-0.67200094	-1.3081018	-2.0274544	-2.1439795	-1.0140307	-2.210413	-1.3515332
-0.7235067	-0.8141099	-0.30370298	-0.8082216	-0.7164874	-1.2336905	-1.2660271	-0.5953758	-0.90351874	-0.8432725
-0.014829941	1.3351766	0.21509983	-0.28987908	-1.1040982	-0.61208946	-0.010216871	-0.3465315	-1.3418704	-1.5337776
0.4432449	0.5096705	1.0108807	0.17561515	-0.8468094	2.1584249	2.1976612	2.592685	1.2175729	-0.0074466253
3.0181448	0.31640378	3.2750068	2.6476827	-0.8201425	1.2984952	0.1138593	1.088282	1.4349284	-1.4395437
-0.44232947	0.33435753	-0.2100625	-0.58584064	0.15218624	-0.58536917	1.5246643	-0.20767534	-1.4555779	-0.8044444
0.6759132	0.39463446	0.9756354	0.40688753	-1.0523635	-0.04872296	0.283335	0.70944536	0.10090681	-1.2006727
0.66609323	1.5432495	1.1297474	0.3616376	-1.0807736	-0.3105414	1.241789	1.5556499	-0.3493244	-0.66330814
1.2977378	0.66710806	1.9142	0.9935688	-0.99546885	0.770697	1.168506	1.0322989	0.42332426	-0.85228026
0.9305559	2.0014389	1.2487142	0.68472826	-0.77991503	0.42566478	1.1641529	1.2363092	0.21853271	-0.021801276
0.8000178	2.0426052	1.0922167	0.5182991	-0.8385435	0.14001386	1.077662	0.7564437	-0.10487392	0.078625016
0.90636706	0.9767642	1.1139078	0.6726552	-1.2882117	0.52325666	0.5736512	0.6870386	0.58299136	-1.9599173
0.6068002	0.34836605	0.6949418	0.42658573	-0.9627044	-0.2630053	-0.08649464	-0.093582265	-0.43986592	-0.98176956
0.81158847	1.837784	0.8580812	0.5829401	0.38340047	0.35043827	2.4703944	0.913535	0.17705673	2.168887
-1.57811	-1.2698267	-1.0945771	-1.6118467	-1.411097	-1.0593622	-0.1725745	-0.78174764	-0.75767076	-0.5094745
0.15676218	-0.18472296	0.45623368	-0.011856616	-1.2908818	-0.63055986	-1.4617478	-0.34086078	-1.0145494	-1.4075544
-0.32122254	-0.52800673	0.32765552	-0.51776224	-1.4693291	0.10063381	0.4023369	0.5146207	0.20398772	-1.3366495
-1.4143174	-1.6437757	-0.9346583	-1.403984	-1.8016335	-0.021017743	-0.68488026	-0.28895378	0.029448967	-2.007919
0.85275716	1.0788124	1.5547283	0.5178239	-1.0099233	1.7379295	1.3438046	2.3898823	1.563301	-0.6002126
2.0632055	0.604506	2.5295045	1.907345	-1.133866	0.5664002	0.41170835	1.2045395	0.8603617	-1.5467184
-0.11664156	-0.6710124	0.6460544	-0.31599784	-1.0419307	-0.27585703	-0.5524421	1.0845525	-0.6618774	-1.2713857
0.28984722	0.38788566	0.7204305	0.08814563	-1.3171171	-0.46433648	0.16553274	-0.30146712	-0.87081045	-1.6699601
-0.11245724	0.04144728	0.03432192	-0.27850115	-0.9063548	-1.0584805	-1.0371287	-1.2449274	-2.2515292	-2.0757396
-0.2683388	0.19760463	-0.015581459	-0.47649145	-1.2677165	-1.457236	-1.1305739	-1.4872038	-1.7314913	-1.235986
0.70653373	1.6062062	1.0064677	0.43683928	-0.4580037	0.45392433	1.7753328	0.3065574	0.12785168	-0.6700977
0.28394878	-0.024616659	0.7939255	0.14871691	-1.5061014	-0.043321744	-1.0042706	0.42190742	-0.106610976	-2.3848445
-0.051831864	0.15533695	0.41877723	-0.22525348	-1.1356815	-0.15082107	-0.34118176	0.44099307	-0.48290014	-2.310706
0.5213532	-0.89071333	0.8322363	0.48375046	-1.3823575	1.5803767	-0.080999285	2.6991096	1.4349706	-1.1256415
0.5346038	0.23379335	0.6369914	0.30578852	-1.0040011	-0.50890374	-0.6493015	0.043173935	-0.65214336	-1.203688
2.108037	4.2354393	1.97416	1.7128319	1.4543339	1.6160707	4.624417	1.1626471	0.8219376	1.4587673
0.6388446	0.44288805	1.2989032	0.46063054	-1.1952405	0.1452265	0.80046743	0.6832616	-0.09131682	-1.4107149
0.7780112	0.7664319	1.2206382	0.50269073	-1.1256299	-0.1800423	-0.20352477	0.39176184	-0.25788373	-1.5116094
1.938327	3.1058648	1.9338328	1.4371694	-0.8394692	1.8794744	2.9408076	2.1475573	2.149189	-1.3268299
0.53168464	0.4657956	0.9049182	0.3457601	-1.3909615	0.27927166	0.0741798	0.62889075	0.046552412	-1.099468
-1.6507658	-1.7108344	-1.0861212	-1.6467433	-1.9538954	-1.5996377	-1.5923674	-0.97913045	-2.3837981	-1.6509148
0.17652163	0.40316918	0.84457874	-0.022706911	-0.34560776	0.056256335	-0.80351347	1.4093199	0.63652295	1.1462874
-0.11025051	0.1988338	0.33559325	-0.34502172	-1.578438	-0.5666325	-0.05822993	0.14010271	-0.7319599	-1.7194912
-0.6421058	-0.70311564	-0.15246204	-0.74883795	-1.126274	-1.28687	-1.388031	-1.2261819	-0.8841101	-1.1965879
-1.2156359	-1.4067445	-0.7915671	-1.1779335	-0.70921314	-0.99276996	-1.6186434	-1.4078227	-0.98757446	-0.4909425
0.20124158	-0.28931156	0.4847423	0.04540284	-1.0767969	-0.6591472	-0.09101832	0.32406548	-0.3020487	-1.1507791
-0.7682	-0.94611835	-0.32776377	-0.85442734	-1.3771298	-1.4471757	-1.3525157	-1.6018759	-2.1592212	-1.4371263
2.514127	5.542105	2.1408045	1.9193864	1.2398454	0.47724903	5.4045415	0.1298787	-0.08502498	2.4301462
0.6330889	0.22442779	1.2171066	0.37052083	-1.0931554	0.8739741	1.2046852	1.2321995	1.1304865	-0.40178153
1.9163203	0.93782675	2.462262	1.5552113	-1.6758113	0.056145884	0.68434715	-0.506611	0.39247245	-1.6002126
-0.43883893	-0.54285467	0.034014046	-0.641445	-1.8160497	1.1528821	1.741499	0.740297	0.9418194	-1.6193407
-1.9239621	-1.8838835	-1.3206607	-1.9021186	-1.3360881	-2.317717	-1.8071496	-1.3376447	-1.484615	-1.1489631
-0.36804304	-0.2107803	0.23295987	-0.548372	-1.617381	-1.2042485	-0.24564402	-0.6646876	-1.3282824	-1.4412315
1.4333436	2.9997864	1.3988613	1.1769373	0.95009613	1.2254989	3.9339907	1.8920977	0.6375339	0.9859608
0.38835284	-0.087902725	0.21175987	0.15549229	-0.7569605	-0.7700938	-2.3920567	-0.6965629	-0.38051733	-0.7423298
-0.8139989	-1.1464828	-0.30423126	-0.8829843	-1.6536038	-0.8234731	-1.0946376	-0.97892135	-0.72726053	-1.8387188
-1.4604342	-1.622967	-0.9142442	-1.4545059	-1.7516392	-1.8862711	-1.6867403	-1.2014531	-2.155399	-2.2330873
1.1561831	2.2091033	1.3346007	0.8898741	0.24553218	1.2756718	1.8245217	0.9041324	1.4438778	-0.6011325
-0.5128767	-0.1444444	-0.28324023	-0.50525707	-0.1425641	-0.020213995	0.05853771	-0.067198865	0.1378759	-1.0183935
-1.4916186	-1.6450884	-0.92225075	-1.5544342	-1.7679156	-1.6106806	-2.2887259	-1.1569813	-2.5309691	-0.37601334
0.5639655	-0.6390409	0.8728968	0.3411953	-1.305807	0.8278691	-0.31743076	0.60580456	0.23219545	-0.87378395
-1.438805	-1.4277008	-1.0645981	-1.4605757	-1.0878451	-2.0263267	-2.089769	-1.2291569	-1.1591651	-1.5530025
0.057884715	-0.56337035	0.47041607	0.024374917	-1.2810061	0.50805277	-0.1279085	0.2123798	0.62977	0.467837
-1.1370776	1.451808	-1.0197587	-1.341239	0.008821011	-1.149349	1.4999195	-0.0962822	-1.5735027	-0.5415956
0.22813502	0.06705853	0.7892045	0.052477583	-0.9984952	-1.0905011	-1.099952	0.14167102	-0.18466558	-1.4808229
-0.026202	-0.25094923	0.48550448	-0.15841801	-1.232568	-0.47759035	-0.52850187	-0.09800939	-0.30266234	-1.4122267
-0.4182715	-0.36628884	0.32602027	-0.43740642	-0.3222639	-0.55672896	-1.0908473	0.7234769	0.33248878	-0.40693644
0.7815055	0.94611907	0.87298095	0.4105115	-1.354092	0.50873154	-0.5705993	0.35044047	-0.46097946	-1.9648968
1.8632756	1.4727268	1.6874641	1.5883394	0.15906003	1.3581582	1.8144102	1.4614168	1.6834288	1.5335635
-0.41495866	-0.9520397	-0.0484443	-0.4925689	-1.0695572	-0.68559504	-1.0443532	-0.16744667	-0.14233066	-0.39885217
0.3543052	0.52246726	0.6751542	0.09130038	-1.2964617	0.64242446	0.22261322	0.8239307	0.40658927	-0.9013294
0.64602596	1.4391208	1.3895395	0.34876335	-1.1541642	0.15917979	1.265483	1.661088	-0.29843158	-0.62644625
-0.16762125	-0.120639086	0.349145	-0.29135454	-1.5249795	-0.110397205	0.036004238	0.492291	-0.31230325	-1.6883129
0.034776248	0.6164111	0.34278148	-0.23488013	-1.4328674	-0.83868605	1.172561	0.24961436	-0.98294103	-1.6008191
-0.022532858	0.009046048	0.6768948	-0.3301326	-1.1022364	-0.10086605	-0.34070674	1.026548	-0.18352911	-0.3684982
0.29692435	0.039759606	0.49890226	0.15436246	-1.0332211	-1.1252178	-1.3299524	-1.7288339	-1.6505526	-1.3542519
0.8823575	1.1485585	1.0299939	0.5732622	-0.8535837	1.1137737	1.5483364	0.63593334	0.5632495	-0.7936595
0.08999678	-0.8904586	0.16868314	0.077752575	-1.3304647	1.2674979	-0.33319867	2.1977322	0.95805675	-1.0987147
4.819236	4.8951	4.4224668	4.2339535	1.5205612	3.5399048	3.1188629	3.8497784	3.7233825	-0.11650815
3.6567204	3.0497372	3.1486323	3.1172023	0.06849095	3.4601305	1.4092225	2.4977403	3.1545148	-0.4593024
-1.2425708	-0.87254417	-0.8255508	-1.3822341	-1.5381598	-0.56355166	-0.019897867	-0.1448623	-1.2821798	-2.3875985
-0.2344681	0.15073809	0.25664788	-0.4866292	-1.3930169	-0.31656557	0.047099352	0.2612728	-0.62453324	-1.4488872
0.5122015	0.26730064	0.7021864	0.44862175	-0.11033498	1.040216	1.1491814	0.059312463	0.9506447	-0.29974964
-0.4354817	-0.68956137	-0.015059352	-0.56768453	-1.8155874	-1.982989	-2.3883965	-1.4803181	-1.5778234	-2.6990068
-1.7412604	-1.5927011	-1.2545748	-1.7193902	-1.1529217	-2.3364387	-2.2221289	-0.59099436	-1.3085427	-1.9438529
0.92961603	2.3606877	1.1472237	0.4714111	-1.4931515	-0.57240903	0.33217153	0.058262944	-1.5685734	-2.259526
0.22908184	-0.09308624	0.64686346	0.042075828	-1.3183478	0.35929564	-0.5495009	0.9357801	0.042119145	-1.329125
0.6804963	0.6017598	1.2211506	0.5599814	-1.0272349	0.20820843	0.35441217	0.514581	-0.10741623	-1.0008036
-0.28895822	-0.5573045	0.21703187	-0.4456504	-1.5874826	-1.6858559	-1.1392337	-0.4365779	-0.68048084	-1.8158292
-1.0344429	-1.3539798	-0.43760362	-1.1059947	-1.7443619	0.1133129	-0.644494	0.7848903	-0.97853696	-0.86800873
-0.82994443	-0.9673792	-0.41718444	-0.8950454	-1.1199867	-1.2424682	-1.3451574	-0.95742834	-1.467461	-2.4075205
-0.22754249	-0.09571341	0.32557943	-0.3525601	-1.2434318	-0.07276626	1.4181055	0.6628089	1.7061337	-0.7519809
-0.45320094	-0.19366172	-0.057420343	-0.59174365	-0.9745219	0.14247212	0.5283881	0.973655	-0.7770963	-0.71313876
0.62713647	-0.47583044	0.7628193	0.5043552	-0.44344145	-0.4785147	0.19295883	-0.106418066	-0.59075737	-1.399478
-0.67872006	-0.8585806	-0.16209123	-0.78669196	-1.6559078	-0.91290295	-1.1358958	-0.65465254	-0.13504824	-2.07771
0.55716836	0.918278	0.74094534	0.22738801	-0.57962185	-1.8194199	0.2703304	0.20219871	0.32658398	-0.9377107
0.70486677	0.6129023	1.2833023	0.45417702	-1.360376	1.3392191	0.9514586	1.7785398	1.4854656	-1.571076
2.2110395	5.7305655	1.9488783	1.6204498	0.837118	1.230373	5.3213773	1.2275615	0.34673524	0.21945198
2.00213	1.8424566	2.0213494	1.7169402	-0.98989487	2.3911061	1.9431826	2.7706847	2.4381301	-1.0781353
-0.13656932	-0.37616426	0.32761174	-0.31766158	-1.5393313	0.13395235	-0.1495043	0.2533267	-0.07056633	-1.373055
-0.97725785	-1.0004135	-0.5270344	-0.9810243	-0.28274366	-1.2534204	-2.0436559	-0.8940348	-1.1550417	-0.8220609
-0.56210625	0.27154306	-0.25323588	-0.7325417	-0.71869636	-0.6585137	-0.65656483	0.8500217	-0.21986574	-0.54108584
-0.07631273	0.15000638	0.32731485	-0.2732826	-0.98762953	-0.07771918	-0.021430336	0.12927298	-0.5870305	-1.4329789
-0.32160422	-0.26426914	0.036318243	-0.47434306	-0.8698474	-0.42922497	-0.34224877	-0.58645386	-1.6350483	-1.7521697
0.5327618	0.17333266	1.1321658	0.3363706	-0.7472217	-0.22208612	0.20565212	-0.98800576	-0.020695496	-1.3708771
0.11608452	-0.2156907	0.44537228	-0.05212471	-1.5691289	0.65437025	0.2575924	0.73543036	1.0211424	0.051864147
0.22003424	0.23073798	0.61721426	-0.00745064	-2.1633716	0.32356805	0.21843645	0.9122309	0.42961183	-2.0122902
1.7671916	1.2627007	2.1535716	1.4817088	-0.12473823	2.6359596	1.7501503	3.0459406	3.0293484	0.28233454
0.53455627	2.140129	0.75660837	0.2927817	-0.55080813	0.02198304	1.2751766	0.39764577	-2.0623035	-0.9756809
-0.02732671	1.2581944	0.51443183	-0.2952689	-1.0796336	-0.36771202	4.5903664	0.65744585	-0.057650432	-0.3105356
-0.45572442	-0.72015756	0.02483575	-0.578519	-1.2557971	-0.7562947	-0.72865665	0.21187963	-1.2610672	-1.9016091
-0.40507603	0.6877482	0.017948806	-0.64681184	-1.1329887	0.2818199	0.2415703	0.22665833	-0.35544878	-1.7472425
2.9382575	5.4113026	2.6419888	2.3966446	2.6233556	3.780597	4.931042	3.4031355	1.9528186	1.6212449
0.24567196	0.39056775	0.59161687	0.09050314	-0.9203787	1.5420089	0.7268689	1.2243203	0.70163393	-1.0428594
0.43407634	0.07181671	1.0636877	0.25618827	-1.332388	0.29276687	0.045210376	1.3700228	0.121525556	-1.1981349
-0.060794987	0.47102597	0.25245255	-0.21515574	-1.0617756	-0.33249685	0.6934507	-0.13077103	-0.21320546	-0.6221411
0.07075591	0.44857642	0.59912884	-0.14629008	-1.2807537	-0.39346024	0.5288026	0.42232272	0.105754316	-0.7522723
-0.7717938	-0.9271618	-0.36212358	-0.8383106	-0.9001945	-1.2133608	-2.0922823	-1.5631967	-0.97752136	-0.9017535
-0.19511569	0.76068616	0.036268204	-0.4600109	-0.60342073	-0.9124655	-0.3644374	-1.2801408	-0.54476213	-1.0335337
2.1749964	0.29876515	2.4682436	1.786715	-1.3460231	2.3792295	1.706975	2.8533509	2.6800187	0.1311092
-1.169964	-0.27801022	-0.82864106	-1.2533329	-1.4062432	-1.5239406	-1.5231314	-1.309386	-1.4372209	-1.5457333
0.95882064	0.18353644	1.111823	0.7355972	-1.3070842	0.9200852	0.6384907	0.4128889	0.5689997	-1.532103
-0.66521674	-0.26786032	-0.29895505	-0.7760944	-1.07117	-0.6693597	0.8041057	-0.38277543	0.10762144	0.22783476
1.8770759	0.98726344	2.161903	1.5383769	-0.075235456	1.5211002	0.7197056	2.24892	0.75756043	-0.92386717
-1.4103065	-0.7754319	-0.9889493	-1.4402827	-0.20833495	-2.1136682	-1.0692104	-1.0533935	-1.8007116	-2.4379022
2.2091577	3.2922862	2.1706862	1.763046	0.12167594	3.216827	3.1915324	2.643241	3.8195643	1.7702707
0.8109868	1.133238	1.4213824	0.61079425	-0.82719284	0.81547135	0.44657817	0.9817637	-0.6472661	-1.4618369
0.34507734	-0.31053445	0.7018244	0.18486731	-1.3383693	-0.6510067	0.7770839	-0.2003026	-0.27640846	-1.3959638
-0.85056	-0.8958069	-0.44771037	-0.9125725	-1.4989966	-1.2391142	-0.66614	-0.21557374	-0.68160295	-0.665841
-1.1647127	-1.4091264	-0.65417147	-1.2023374	-1.621298	-1.9107115	-1.471701	-0.5137121	-1.7871963	-1.3531331
-1.5817242	-1.6413858	-0.93239236	-1.5645919	0.03685862	-1.712547	-2.0207844	-0.78466845	-1.6632817	-0.70337695
-1.1778448	-1.3963313	-0.6203613	-1.223893	-1.7390302	-0.31256956	-1.5330539	0.010256827	0.39531076	-1.3556519
-1.1992316	-1.0704534	-0.6430656	-1.2671474	-0.97890425	-1.7808416	-1.618666	-1.4407972	-1.4938223	-1.2976816
0.7606019	0.123474866	0.85463667	0.44143867	-0.20896752	0.8099559	-1.7592405	0.41585234	-0.10379	-0.93985045
1.2017972	0.31301394	1.3592819	0.9345406	-1.5370568	1.3067374	1.3205669	1.0358125	0.44699383	-0.82412004
-0.18261188	0.47047403	0.75673306	-0.47688216	-0.8399577	0.050248686	1.8776757	0.80816036	-0.13846633	1.239099
0.48973617	0.96636784	0.76851	0.2371919	-0.615715	-0.110878915	-0.22735782	0.17426115	-0.6444165	-1.1644019
-0.19060129	-0.31563854	0.2156839	-0.37719673	-1.3830923	-0.6378464	-0.6959534	0.39759228	-0.97214985	-1.9887129
0.3197877	1.4422965	0.7867348	0.06478526	-0.22948724	0.75434136	2.7462318	1.0205935	0.25085914	-0.19846539
0.44172952	-1.0991446	1.0324447	0.3320527	-1.1592603	0.9869019	-0.674055	1.8477383	0.584697	-0.45886463
1.5810003	2.6754467	1.8937025	1.1862727	-0.6321684	1.9828873	2.7510788	2.1536958	0.84265774	-1.2594844
-0.05866369	-0.12617579	0.35916913	-0.22504205	-1.2270926	-0.2074143	0.0062209815	0.807284	0.98859	-1.0152501
1.3640462	2.3600056	1.5575023	1.0785487	0.29801306	0.91313106	1.1824118	1.6468115	0.48244706	-1.0675995
-1.0071698	-1.1352602	-0.38700274	-0.99678797	-0.01813224	-0.7533757	-0.97159004	0.44329122	0.19517176	0.34414318
-0.48181865	-0.75488925	0.008158609	-0.571706	-1.4657505	-0.27715594	-0.026539586	-0.062422737	-0.7076472	-1.2425959
0.6472754	0.1733121	1.0542947	0.44909513	-1.1227111	1.0718862	0.08262885	1.2971268	0.8946177	-1.7001346
-0.6524235	-0.5552332	-0.18743473	-0.7463289	-1.2213962	-1.0283242	-1.0217097	-0.8609396	-1.5012873	-1.3851566
-1.7905792	-1.3715544	-1.1656052	-1.8106602	-1.221216	-2.1967196	-2.5000505	-1.6026207	-1.5095675	-1.7458322
1.2127758	1.2293417	1.5992022	0.9787507	-0.6219678	0.0044451947	0.9991295	0.3268681	-0.58679426	-0.56934583
1.2216238	1.4574113	2.1710608	1.0583446	-1.3649808	0.04365385	1.2378334	1.0508935	-0.6435678	-1.7063426
-0.81213456	-0.5627076	-0.31138596	-0.9385844	-1.3095983	-1.0271453	0.5783378	-0.29461482	-1.5622823	-1.0931981
1.4653299	3.0646791	1.3779228	0.96358967	0.19151667	1.8262606	3.5985181	0.89559895	0.7294562	0.6148746
0.3529924	-0.06729236	0.9104121	0.123145804	-1.197051	-0.6162912	-1.4480352	0.25524056	-0.705629	-2.5334272
0.58115953	0.7055845	0.95445156	0.29506963	-0.81245184	-0.19522397	-0.30755773	0.60490954	-0.19751056	-1.4818206
0.691269	0.5768976	0.9462832	0.477041	-0.9018464	0.3307588	0.7745043	0.53886944	-0.262142	-0.77398825
0.49707273	1.4025656	0.8697475	0.15473424	-1.4887935	0.93195885	0.60182226	1.4373565	0.87923634	-0.95189106
-0.31113607	-0.32870248	0.2727608	-0.4527493	-1.3708123	-0.31081942	0.6458569	0.27406576	-0.16042489	-0.668107
-1.396366	-0.9107567	-0.9613645	-1.4500648	-0.533663	-1.4851409	-1.1450709	-0.95182055	-1.3905292	-1.2906728
1.4825402	-0.1637322	1.8432212	1.3278596	-1.2129331	-0.5127902	-0.6708269	0.9784519	-0.7467192	-1.3420022
-0.93514585	-1.1640648	-0.39256933	-1.0379786	-1.4754198	1.0868491	-0.9342402	0.6731409	1.194751	-1.4026089
0.1281319	0.21637699	0.5203779	-0.027549684	-0.79437506	0.4347492	0.48163944	1.473763	-0.034530066	-0.9261915
-0.056159623	-0.14101598	0.45033914	-0.24102616	-1.2335243	0.2725084	-0.040320713	1.0672692	0.46497425	-0.8625891
-0.90126526	-0.71918607	-0.46186122	-1.0114496	-1.2954518	-1.9020089	-1.7743356	-1.464033	-2.6459303	-1.5834318
0.074993245	-0.23851931	0.59208095	-0.1515806	-1.8544246	-0.027584583	-0.22724278	0.6883581	-0.7335435	-1.9638556
-0.38706368	-0.37073693	0.1467053	-0.4697588	-1.0639683	0.5899397	-0.34933048	0.98364365	0.020483574	-0.37193862
0.116600715	-0.3618966	0.62946945	-0.02796951	-1.7601882	-0.42301077	-0.65944165	-0.3629169	-0.09205091	-1.2077018
-0.5552223	-0.37171367	-0.38298902	-0.7137706	-1.0709219	-1.2339398	-1.3932583	-0.7635258	-1.0341	-1.6103745
-0.53598815	-0.8090292	-0.15437543	-0.5978179	-1.4866164	-0.78199357	-0.99954253	-0.26743233	-0.9659388	-1.9355078
-0.63081586	-0.4092796	-0.29309908	-0.6842612	-0.9615936	0.5279021	1.9192199	0.55872315	0.6373984	-0.19067104
-1.3175689	-1.2517447	-0.8422953	-1.3076843	-0.8948083	-1.6072887	-0.8651659	-0.7548279	-1.8079615	-1.0927408
-1.1722932	-1.3977747	-0.6589948	-1.2002586	-1.1909466	-0.8179723	-0.96728903	-0.3851071	-0.91649693	-2.3365393
-0.116439946	1.5566788	0.03556636	-0.2975836	-0.0713695	-0.93676347	3.8931258	-0.4004428	-0.8368258	0.13251758
-0.04597739	0.009885997	0.44078013	-0.2472016	-1.0916727	-0.32850084	-0.00018964037	0.10920901	-0.7040269	-1.1959046
0.85282344	0.3567191	1.394254	0.64532626	-0.9534087	0.8529201	1.207186	1.188351	2.4867427	-0.342385
0.84495586	0.7657937	1.3488176	0.59084177	-0.93910265	-0.74809617	-0.37113371	0.9281031	-0.3210326	-0.5612585
0.32866576	0.80240715	0.8444991	0.024180636	-1.0772351	0.21423054	0.7627947	0.81851965	1.0749708	0.58925307
0.5995219	0.11757547	0.8766196	0.3801995	-1.1163	1.0743872	1.1131109	1.3845546	1.0762278	-0.5827426
1.0212896	1.2573538	1.1912475	0.7090571	-0.75146115	0.7498283	2.9163783	0.8401748	-0.12174525	-0.045942437
1.1019453	0.5053048	1.2539536	0.87455285	-0.7933861	0.9946863	0.3898672	1.4741596	0.99075925	-0.34435776
0.6271499	1.6629534	0.8647189	0.38058293	-0.58511823	0.25932473	-0.14642712	0.76785177	0.2930802	-1.0835167
-0.49234527	0.7372366	0.4364384	-0.6132847	0.84605455	-1.6173342	-0.41424307	-0.28033385	-1.9852874	-0.34521356
-0.76403725	-0.62482464	-0.3283927	-0.92174363	-1.5680027	-0.49289736	-0.4731737	0.28682607	0.3032348	-1.5529069
-0.59423107	-0.026855856	0.4752003	-0.7967316	-0.18984269	0.2911901	-0.16586398	0.3373792	-0.41882786	2.5752056
0.6093458	1.8222938	1.0911801	0.28525627	-0.89511204	1.3370132	1.9091581	1.8697464	-0.6997335	-0.47092953
1.0632792	1.488071	1.4569814	0.69518864	-0.50043154	0.8400651	1.0646483	0.9444689	0.3293432	-0.19872968
2.4717631	0.76747215	2.670057	2.1201284	0.17121217	3.173357	1.1311272	3.2444468	3.300516	-0.3693415
-1.5633742	-1.7251685	-1.083503	-1.5342484	-1.2001191	-1.553405	-2.2469716	-1.5168811	-1.0277884	-1.762923
1.9475924	0.33068356	2.3095107	1.6341947	-0.9327382	2.9018607	-0.32360187	3.2701223	2.694079	-1.5773065
0.75482196	0.7339647	0.95109236	0.5453859	0.003705591	-0.6731282	-0.82269496	-0.8050934	-1.1856912	-0.5328177
0.50063956	0.38371924	0.7097902	0.221873	-1.8432598	0.95133454	0.6953529	1.8097097	1.4902984	-1.5309912
0.21832189	0.1634041	0.81829584	0.1106682	-0.24559799	0.46150434	1.2670386	1.0779964	0.60468596	-0.47488967
1.1293266	1.4762481	1.6820943	0.88871884	-0.72828794	0.563383	1.3867837	0.93740314	0.39539433	-1.0202996
0.11976027	0.2800887	0.55436265	-0.12154074	-1.0982643	-0.5078551	-0.014869795	-0.06445408	-0.67008746	-1.1481395
0.46897486	1.322721	0.6574857	0.16411056	-0.7825885	0.39662835	0.6853899	1.0131338	-0.012148304	-1.1407992
0.033723734	-0.2409135	0.54984474	-0.14433229	-1.6176001	-0.7069499	-0.29854497	-0.90114003	-1.4201763	-1.6516882
0.004594475	1.8950222	0.17405942	-0.1892184	-0.02382198	-0.22993664	1.6783937	-0.0074156346	-0.2621916	0.07107487
0.8564959	1.6965979	0.99843824	0.4074756	-0.6790215	-0.47253796	1.5804533	-1.5595375	-0.3200421	-1.0296923
-0.87962687	1.276631	-0.3697742	-1.0941955	-0.50149304	-1.481393	0.6815587	-0.68137604	-1.1225685	0.20031406
-0.064929105	-0.4929637	0.1348907	-0.22516616	-0.89165556	0.8808069	0.5629572	1.0133201	0.3669053	-0.60620016
0.009245455	0.538048	0.035352424	-0.12473542	0.2187269	-0.9027425	-0.017162604	-0.79530257	-1.1662031	-0.8575996
0.39397267	2.8969064	0.6276083	0.059927568	0.4975094	1.8589226	4.047427	1.0111188	0.9439319	1.092208
-0.016358055	-1.2217268	0.47617623	-0.12339379	-1.8925283	1.5264816	1.1185236	2.2037504	1.2692624	-2.0831594
0.5372862	0.3911201	1.081291	0.3299476	-1.5023099	0.116420396	-0.16320387	0.8952012	0.5291872	-1.1218665
-0.555868	-0.7068063	-0.110521555	-0.5469406	-0.357459	-0.8589487	-0.18215118	-0.33694267	-0.45979962	-1.3266056
-0.16467729	-0.84360325	0.14175317	-0.28611177	-1.234889	-1.5150027	-2.1044953	-0.97815204	-1.7811387	-1.3453287
0.51012796	-0.14386743	0.8997284	0.3001067	-1.4416273	-0.36646214	-0.22244352	0.23787673	-0.5945299	-2.0921354
0.3112507	0.33459148	0.8524883	0.14434029	-0.9830128	0.026384024	-0.16295812	0.44527954	-0.35420614	-1.400352
-0.28939185	0.56292474	-0.0846639	-0.55667156	-1.0962546	-0.9710227	1.4171473	-1.0753833	-0.7647799	0.5690262
-0.15485084	-0.48303944	0.3935817	-0.2903666	-0.8143834	1.4190673	0.5747534	2.1436713	0.9977973	-1.0424702
-0.2139352	-0.39502138	0.2693087	-0.3435753	-1.4482212	-1.2399567	-1.5497035	-0.17158312	-0.97673136	-1.8592902
1.814421	2.2325776	2.0664365	1.4538573	-0.13591902	0.3633823	0.5901593	0.4567959	0.08957837	-1.1659056
0.19756743	0.5820291	0.4997923	-0.03371872	-0.7766955	-0.030683137	1.2556387	1.0205146	0.26342562	-1.3068463
-0.4967804	0.16360417	-0.053899467	-0.6418942	-0.93131757	0.5187094	-0.7664847	0.5714738	-0.21234225	-1.4487354
0.25530142	1.1686201	0.42029643	0.0006851554	-1.0722166	0.11926478	2.016062	0.40602675	-0.21397023	-0.7846032
2.4507058	4.527584	2.0906298	2.0240307	0.97169375	2.0093422	3.8363051	1.3453304	1.0199839	0.22690153
0.24400246	0.26531044	0.581676	0.044886097	-0.7004543	0.48023546	0.8067965	0.6147504	0.0004440284	-0.625752
3.1094306	4.530133	2.9400508	2.5893307	0.38014826	4.2371182	4.5846076	4.0350866	4.2766976	0.22495337
-1.3956497	-1.4233521	-0.98079896	-1.3114496	-1.3223336	-1.9379804	-1.6622672	-1.3951908	-2.2866945	-1.3801488
1.4727577	3.3793457	1.5729239	1.131813	-0.23953253	2.2154775	4.0235133	2.418221	2.0758038	-0.3598605
0.25443035	2.451521	0.78698313	-0.07305297	-0.7306741	0.085138604	3.6572952	0.5981904	-0.024450352	-0.4690644
-0.35387123	-0.8087274	0.0844354	-0.46499562	-1.2215935	-0.5111633	-0.5959	0.1383093	-0.42426944	-1.7914392
1.3792338	2.3200827	1.6294701	1.0665677	-0.81334996	1.6845931	3.2998207	1.9883345	1.3282114	-0.804715
-0.26943266	-0.4273216	0.14529388	-0.4358223	-1.5363197	0.033272218	-1.0925465	-0.0139697725	-0.77068084	-2.1915774
0.5960567	1.2901354	1.0226231	0.26063257	-1.304449	1.0669639	3.3544633	1.2456434	0.59856004	-0.22434627
0.32010454	-0.100096926	0.81137896	0.08346309	-1.8081149	-0.42576966	-1.0613883	-0.042614628	-0.471283	-2.1482205
1.0218178	1.5170716	1.1791147	0.7908797	-1.2085044	0.995453	0.57818586	-0.0975694	0.5582841	-1.0244839
1.0384243	1.5633013	1.2568067	0.7533021	-0.6209794	0.6545077	1.9917172	0.68782157	0.08223252	1.2560716
1.3886698	1.1410005	1.8324071	1.1862838	-1.2037922	1.4638083	0.40636542	1.5210667	1.2060238	-0.58309627
1.1363413	0.49837628	1.6261597	0.9455279	-1.1019703	0.61034673	-0.10059406	1.3378423	0.18495369	-1.6785935
1.2912754	-0.56824994	1.4968984	1.0478988	-2.9619908	0.65245336	-2.001402	0.44273302	0.8232219	-2.762479
-1.0428203	-0.33646	-0.74785805	-1.0551435	0.23769465	-0.107438214	1.0916351	-0.05824527	-0.2923075	2.639773
3.2442362	2.5349529	2.827942	2.7686272	-1.3943486	1.2151287	0.7732336	2.4281766	1.0256367	-2.5274506
-1.2358872	-0.99078286	-0.8298677	-1.2684345	-1.3564765	-1.5085342	-1.2894613	-1.1201788	-1.087627	-1.0548034
0.9628429	1.8738201	1.2839398	0.63984734	-0.31979424	1.5034585	3.195023	1.4360404	0.85307646	-0.11574782
-0.23100406	0.29538056	0.059924632	-0.39325136	0.0035369098	0.9971135	1.5993999	0.7836614	0.44612	0.4166084
1.1541853	2.4276524	1.2500087	0.7855406	-1.2981067	2.1693995	2.844031	1.9791464	1.3942062	-0.9405816
-1.0172898	-0.8632208	-0.45600656	-1.1285496	-1.5147446	-0.35034034	0.1496987	-0.04801296	-0.042549364	-1.4354578
0.060133167	0.7183206	0.5420574	-0.198955	-1.4673598	0.00073431706	0.6709745	0.48363355	-0.5157166	-0.52920204
-0.6741644	-0.51313627	-0.28720692	-0.7316692	-0.3165926	-0.883113	-0.5595968	-0.27620074	-0.5454216	-0.65478116
1.3172197	3.076227	1.6104909	0.85728407	-0.9716035	1.8282226	3.6536546	1.9829245	0.715304	-0.5100147
0.080624245	-0.15205452	0.3796024	-0.018950537	-0.93890953	-0.32762086	1.510312	-0.6394633	-2.3626986	-0.4006771
1.2999735	0.68094647	1.7827628	1.0422853	-1.3982282	1.1117215	0.2664093	1.5525843	0.8950118	-1.4728742
1.4313335	1.3015037	1.5340657	1.0582161	-0.722888	1.8159797	2.7565906	2.1237977	1.5217305	-0.05539946
-0.32228857	-0.4704293	0.08318682	-0.4424333	-1.0377603	-0.13245422	-0.48623875	0.0066542174	-0.72158056	-1.5893584
0.92810005	1.7822602	1.1533649	0.5527467	-1.0423248	0.9327904	1.1712561	0.9179455	0.48794028	-1.4409552
-0.70921046	-0.97528636	-0.26341555	-0.832403	-1.6737518	-0.9798872	-1.7757689	-0.3795072	-1.470096	-2.0613346
4.75114	6.5813003	4.538502	4.0675554	-0.38276777	4.325975	5.306183	3.6429083	4.72563	-1.6948975
0.91075444	1.1495826	1.2523253	0.70264417	-1.123791	1.2782606	2.0280564	0.86294395	0.559498	0.13403326
0.79853684	-0.0034027398	0.6778027	0.62771815	-0.5962641	1.1157839	-0.8761646	0.66741854	0.97743493	-1.7312129
0.89498174	0.37333867	1.4750679	0.72981954	-1.338316	1.26284	1.0094999	1.8642179	1.4242933	-1.5958024
2.2588027	3.1985462	1.923858	1.8370724	-0.3082893	2.1398942	2.3764	2.3526142	1.887005	-0.7315725
0.25088036	-0.903535	1.0078372	0.18469991	-2.173879	0.0065456205	-1.2927172	1.1516452	0.19844729	-2.5850437
0.2230241	-0.037228912	0.7329711	0.057173654	-1.1656128	0.09580027	-0.63238335	0.24741952	-0.890701	-1.3805339
0.34903833	1.2179171	0.68108225	0.14766352	-0.41019607	-0.007445774	0.7307847	0.45598248	-0.69426894	-0.42375186
0.58291155	0.43310776	1.1545607	0.40708297	-1.3648263	0.4087645	0.18868588	1.2736719	0.8521632	-1.3425663
0.7374987	0.60961723	1.0562042	0.48613656	-1.2879268	0.9959407	-0.08756162	1.1679274	0.7295104	-2.0866373
0.28600866	0.29030767	0.7493254	0.10232635	-1.2733806	-0.41308874	0.38624093	0.37768263	-0.43039724	-0.7817197
0.45223597	0.6940175	0.66211843	0.11620499	-1.5659567	-0.37441745	-0.19372733	-0.19767866	-1.027556	-1.6133974
-0.04957158	-0.5199725	0.3643794	-0.18861698	-1.6496751	0.24475278	0.6556806	1.0775471	-0.27260184	-0.08563938
-0.9746551	-0.83933496	-0.5466366	-1.060633	-1.1295645	-1.0208119	-1.3537396	-0.89019454	-1.4856714	-0.8041963
-1.3282593	-1.4811858	-0.8591361	-1.292179	-1.5188144	-1.773463	-1.2840295	-1.2678685	-0.6144636	-2.0293355
1.0446097	0.05585286	1.5426302	0.88374114	-0.8723192	1.1531788	-0.32383394	1.6476636	0.5199938	-1.4342879
-0.36913955	-0.2014524	0.064694405	-0.53963506	-1.3916854	-1.4408882	-0.06974101	-0.7193798	-1.3770124	-1.5785325
-0.31530392	0.049797922	0.40641692	-0.540636	-1.3864162	-1.208604	-0.30955812	0.05463109	-2.335343	-1.8732111
-0.023594689	2.1363091	0.28367805	-0.2813177	0.97142935	-0.09798317	1.7559787	1.0646597	-1.0678626	0.9201881
-0.13743979	-0.6330464	0.3424191	-0.2340945	-1.4271954	0.39211977	0.101154834	0.99498844	-0.3622637	-1.279671
1.5859313	2.545914	1.8800361	1.18262	-0.63683057	-0.84409416	0.17772473	0.022102322	-0.8574908	-1.0551885
0.865516	1.13219	1.1955122	0.6642202	-0.46439254	2.10347	1.2184422	2.44305	1.4551603	-1.5902352
-1.9467576	-1.2078269	-1.2558565	-1.9665465	-0.31396487	-2.4371712	-2.3018332	-2.0304337	-1.0693641	-1.6798985
0.45782855	0.6431341	0.8915138	0.2334994	-0.9753293	0.0496744	0.98896134	0.37919354	-0.46804437	-1.6396993
-0.24480885	-0.2666754	0.17020774	-0.32143682	-1.0796204	-0.3358092	-0.8063828	-0.004110619	-0.29251	-1.0276746
0.11926951	-0.33040658	0.4074128	0.022553012	-1.2870309	-0.19897307	-0.8036654	-0.25080374	-0.22746548	-0.53908414
1.3165574	1.9958296	1.646204	0.9934428	-1.254977	2.464501	3.587344	2.356117	2.2905738	-0.8813633
0.7743802	1.2316539	1.0374103	0.55893046	-0.9485562	0.6230321	1.0090566	0.6974489	0.5863548	-1.372038
0.23838687	0.33616093	0.89656913	0.06963758	-0.6522126	0.45176575	0.06257706	0.531169	0.23472153	-1.3297826
3.5985463	1.8650286	3.6242828	3.1407382	0.72427475	3.6761537	1.4328002	3.1746035	3.3743017	0.34132576
1.1401409	1.9055533	1.398082	0.87552416	-1.4208161	1.208475	0.65023196	1.5847434	1.4489172	-1.4849012
0.97479063	0.37537977	1.4709315	0.8278277	-1.3297435	1.2159739	-0.06374189	1.6404638	1.4665545	-1.5000044
-0.2919081	0.34397832	0.22686681	-0.49256814	-1.0524294	-0.6039758	-0.419073	-0.42251125	-0.5631723	-1.1416079
0.1706489	-0.32682756	0.6553664	0.02414231	-1.157248	-0.23062108	-0.5751366	0.1679206	-0.7939889	-1.8422241
0.27249694	1.3565314	0.3797793	0.056344226	-0.9974444	0.67270285	2.0343578	0.44192913	-0.297697	-1.461332
-0.07547162	0.25650135	0.27927408	-0.32249153	-1.351007	-0.1545071	1.4091854	0.52485514	-0.6810436	-1.1277403
-2.3748596	-2.293245	-1.5512528	-2.3213656	-1.8986424	-2.2799315	-1.8849126	-1.41602	-2.4357994	-1.9002019
-0.5572167	-1.4063244	-0.1537641	-0.5579356	-1.7084881	-0.89297	-1.9591906	-1.1220378	-2.2631862	-1.3877608
0.0043778643	0.47885045	0.4508524	-0.24639855	-1.223931	0.065631375	0.24753943	0.43443128	-0.3099216	-1.2174978
-0.08864302	0.137207	0.22054604	-0.2809964	-0.9176978	-0.44655466	-0.25553456	-0.5879282	-1.0618454	-0.98395777
-1.1484965	-1.3362838	-0.69550824	-1.1334535	-0.99996996	-1.5198385	-1.8772851	-0.86144173	-0.72505695	-1.3011788
-0.4364111	0.14302847	-0.024351805	-0.61152786	-1.1166688	-1.0974647	-0.627319	-0.10148172	-0.8387604	0.767633
0.96184236	3.7696025	0.9827132	0.56349546	0.12457901	0.64425844	2.8551645	1.0333253	0.5288253	0.52704877
0.17963114	0.64693904	0.46115652	-0.110637054	-1.0058466	-0.4009639	0.039371796	-0.7126339	-1.4597996	-0.83273315
-0.072961286	0.38412306	0.64002454	-0.26109725	-1.2174613	-1.1693494	1.9632142	-0.6508771	-1.632559	-1.4898843
-0.60376066	-0.19406042	-0.1335581	-0.6673793	-0.688188	-0.4655993	-0.49056038	-0.22741668	-0.325555	-1.2668102
-0.256313	-0.08587861	0.07732618	-0.37091416	-0.5317973	-0.75037485	-1.0523047	-0.52351034	-1.1104869	-1.9506011
-0.0045869425	-0.3038754	0.42928404	-0.15427743	-1.4746518	-0.39126992	-0.55167216	-0.012276447	-1.092472	-2.2244503
0.6172667	1.2930479	0.9827155	0.26018095	-1.1338401	0.9829894	3.2978272	0.53920466	0.9787453	-1.045344
0.3454494	0.81842303	0.7302874	0.113424644	-0.3184042	-0.24256903	0.10303004	0.573152	-0.51729	0.20058255
-1.5431619	-1.5671729	-0.9747174	-1.5337546	-1.2679218	-1.5907164	-2.8302965	-0.9523917	-1.9842197	-1.0566065
2.4955907	2.5181584	2.4826326	1.9870622	-0.24203351	0.76195467	3.550771	0.17912552	-0.3223697	-0.8855815
2.4769225	1.4585543	2.2141283	2.0303216	-1.2047663	2.042733	1.7526606	1.6595063	1.8969235	-0.26362753
0.7128695	0.9250057	1.078603	0.45777726	-0.69638294	-0.5221818	-0.274693	0.7126158	0.040200386	-0.9747841
0.89964	2.0457814	1.0979661	0.58224887	-0.69357705	-0.13031012	1.1155953	0.79387885	0.5402004	-0.9321636
-0.2536291	-0.03628254	0.1781613	-0.4435051	-1.0856414	-0.5038024	0.059577595	0.22702248	-0.30108926	-1.1973202
-0.91124195	-0.86799	-0.5891329	-0.9923828	-0.7716739	-0.79709893	-1.5264235	-0.73230714	-1.2768526	-1.1014394
-0.23389882	0.54266167	0.049386457	-0.41678938	-0.43422306	-0.652157	-0.7557257	-0.41231322	-1.2017378	-1.1716658
2.8137789	5.2799916	2.0733588	2.0590115	-0.2925073	2.8676255	5.56403	2.6880987	1.6782626	0.639152
0.11297535	-0.20231634	0.50930774	0.018153116	-0.59363925	0.07776013	-1.1909604	-0.25360844	-0.09661006	-1.2067488
-0.933838	-0.8908733	-0.48286197	-1.0250082	-1.7006402	-0.91131663	-0.74256	-1.428641	-2.010131	-1.1415277
1.3836313	0.2905642	1.5759047	1.1522284	-0.91961277	-0.50887024	-0.9270692	-0.117133334	-1.274478	-1.2505883
0.64395124	0.21936971	1.0968825	0.41157353	-1.1005985	0.18505253	0.010198349	-0.062192075	-0.044711363	-1.3847935
-0.325947	0.2240707	0.10340865	-0.5284875	-1.1996084	-0.5527459	0.0026064941	-0.21660486	-0.88413805	-1.8807784
-0.49413052	-1.0522931	0.07355864	-0.6205449	-2.207752	-0.3491637	-0.44080266	0.65324104	-0.36347708	-1.582756
0.41643798	-0.07567611	0.6748926	0.19668923	-1.2389475	-0.41791677	-0.9948446	-0.025475781	-0.6980186	-2.2835197
0.6166453	3.8992636	0.6424105	-0.025676265	-0.32485193	0.19758989	4.5342216	0.07216584	0.19321351	0.04746085
0.7330299	1.5425155	1.2228849	0.47648907	-0.240427	2.010274	3.0750995	1.8977042	1.8418974	0.15509467
-1.9607307	-2.1484118	-1.2659477	-1.8771589	-1.9870338	-2.4899964	-2.169847	-1.5853806	-2.1004426	-1.8578665
-0.025368102	-0.32350904	0.26908264	-0.17758445	-0.8293505	0.55000675	-0.08833633	1.539811	-0.006787689	-0.80562633
0.30228648	1.0116842	0.8337176	0.077080205	-0.62562215	0.19898862	0.6572023	0.284807	0.23162892	-0.5214299
2.8402395	2.6788652	2.9165268	2.477581	-0.03691569	0.8621511	2.2852087	1.3183753	1.1549413	-1.2821801
1.6443642	3.0968506	1.8634585	1.362845	0.5200633	-0.07406638	2.271763	0.97391295	-0.5557799	1.3736247
0.27449492	4.784395	0.24132155	-0.15993132	1.0045165	-0.50002146	5.154411	-0.6245907	-0.80573845	1.0134639
-2.0304444	-1.9507449	-1.396298	-1.9775764	-1.2290654	-1.8199158	-1.2266537	-0.52381104	-0.114770986	-1.3646795
2.7863138	2.9075983	2.9052296	2.330139	0.433369	2.1305857	2.1669235	1.6922733	1.4420608	-0.38330647
-0.27190974	0.025252491	0.22187766	-0.43105203	-1.030487	-0.3975474	0.30774388	0.06026684	-1.167702	-1.6921874
1.4521239	2.281015	1.9418197	1.1682777	-1.407531	0.601525	1.280865	1.0848483	0.13566469	-0.8345806
0.6599934	0.8023524	0.79522717	0.4007424	-1.1330265	-0.124992356	-1.0554633	-0.6622562	-0.0817624	-1.2878741
0.05688133	-0.3795084	0.55171305	-0.097666696	-1.5263078	-0.07347856	-0.18110685	0.12997277	-0.97924834	-1.0657294
-0.7586083	-1.1524278	-0.21302396	-0.79308695	-1.3662554	-0.78111744	-1.2796317	0.18102661	-0.88379806	-1.4818097
0.49485925	0.34596154	0.88366175	0.33986497	-1.3684758	0.38211396	0.749323	0.43807283	-0.056049842	-1.6448289
0.64869076	-0.41598862	1.2730433	0.40641665	-1.7191437	1.1299495	-1.2773578	1.5562869	1.4778752	-2.2359157
0.18181807	-0.101509124	0.55123866	0.029633239	-1.2725747	-0.20227738	-0.7330088	0.22895466	-0.4132449	-1.3870065
1.7969657	2.6487074	1.9335781	1.4574072	0.44974348	2.3223288	3.0978386	2.794177	2.1562972	1.5859671
-0.7418131	-0.6549647	-0.3328683	-0.861509	-1.4162501	0.524446	0.22208321	1.1880924	0.1363386	-0.60453683
-1.4204006	-1.2373899	-0.9873376	-1.4641984	-0.825065	-1.8060857	-1.4197642	-1.0505064	-2.1429608	-0.7808024
-0.030955173	1.0871816	0.27155355	-0.26188493	-0.5954938	0.2477723	2.7601156	0.6853027	-0.20840493	-0.26929125
0.08760526	1.5621196	0.57871336	-0.21012583	-0.5758821	-1.2706013	1.9144136	1.2101982	-0.35657418	0.17871945
0.71251684	1.2728225	1.2056785	0.5454811	-0.51397306	-0.37152195	0.23197293	0.35234648	-0.06203176	-1.0897707
0.31168982	1.270267	0.5722234	0.10005216	0.20538047	0.24543981	-0.19414423	0.7991755	-0.32614008	-1.2480881
0.34567076	0.73463905	0.41366813	0.17133288	-0.11308819	-0.31105956	2.1951742	0.55777675	-0.59761685	-0.67108905
-0.4049717	-1.0319746	-0.1120829	-0.5250898	-1.032052	0.16349237	-1.3070813	0.44350925	-0.124453425	-1.8074296
1.0185821	0.6002196	1.8272738	0.8068909	-0.9156667	0.8685513	1.2443695	1.8579067	0.14536141	-1.5003524
0.44455156	-0.57947683	0.8609003	0.23856027	-1.4915472	1.0717297	-0.29132894	1.6778345	0.46229243	-0.781998
2.9900258	3.9005058	2.7431777	2.621761	0.17566243	2.5689077	3.9933841	2.7452404	1.8616606	-0.52111346
0.38970414	1.6235191	0.81269705	0.03317128	-1.1334217	-0.018389268	1.3407216	0.606915	-0.25720757	-1.093351
1.0492743	2.3672764	1.5090158	0.6971278	-0.6102119	-1.0435921	0.39473933	-0.46109828	-1.2782004	0.5605766
0.16193822	0.8588095	0.4131401	-0.033000246	-0.39790148	0.2500974	1.9410987	0.48704547	0.5964113	0.47353977
0.7719012	0.89969575	1.0859587	0.5063596	-1.0524046	-0.08628524	0.16324888	0.21645188	-0.28469598	-1.2307752
1.3790123	1.9715536	1.850587	1.0286919	-0.18333554	0.49380156	1.4909452	1.6324141	-0.28469598	0.3454408
-0.52081215	-0.70386064	-0.020488858	-0.60451186	-1.360429	-1.1079707	-0.9274213	-0.27516082	-0.8438139	-1.523737
2.1737792	1.423074	2.4694903	1.8368621	0.49652538	0.7436204	0.49033988	1.6300007	0.59278417	-0.124318756
-1.3722383	-1.6989646	-0.82985604	-1.3687754	-1.6192127	-1.2777514	-2.2316823	-0.5254816	-0.46717694	-1.2046391
0.52713686	0.68917704	1.0835121	0.2961409	-1.3958614	0.2578142	0.5657018	0.26250157	0.3017758	-1.2354227
3.6130383	2.6688	3.6836963	3.0931	0.045556664	2.9985023	2.2094777	2.5745213	2.5895824	0.2740612
-1.3642583	-1.1773605	-0.94770443	-1.3756931	-1.4772685	-1.4414948	-0.8805233	-1.0461012	-1.669134	-1.284041
-1.2087773	-0.6244559	-0.82437146	-1.2755499	-1.570787	-1.4657211	-0.28636295	-0.9103195	-1.6957504	-1.4572455
-0.88692874	-0.7134243	-0.47712883	-0.9697151	-0.4938096	-1.5535117	-2.0213628	-0.085669756	-0.8504795	-1.7156898
-0.28219178	-0.5865413	0.5771097	-0.38134217	-0.59947056	-0.29863432	0.57333565	0.9699153	0.3363714	0.4187006
-0.7392549	-0.7996948	-0.45566633	-0.77655184	-1.3261118	-0.37678677	-0.84717005	-0.01618423	0.009483971	-0.6738571
1.0538079	1.900852	1.3493415	0.8629408	0.20513132	0.69441134	3.295913	1.0588793	0.4121429	0.89557457
-0.60722107	-0.21663943	-0.04656133	-0.71221554	-1.1750249	-1.3060946	0.40241265	-1.1650299	-1.2522808	-1.1036589
1.6071686	1.2376894	2.0875845	1.3232148	-1.0579557	1.5781933	0.88320524	2.1381416	1.1581701	-2.128609
-0.235387	-0.24556617	0.24926707	-0.40073812	-1.1030557	-0.6968379	-0.6115185	0.37363443	-1.2198658	-0.958521
-0.6467902	-0.6171973	-0.102499545	-0.7497015	-1.5039163	0.24261376	-0.3342349	0.07447332	0.16408218	-1.6299388
0.24922976	-0.17455429	0.4443909	0.031963423	-1.2149493	-0.7269574	-0.363573	0.045817014	-0.60662407	0.0935299
-0.3696818	1.3048179	-0.010292873	-0.70642555	-0.98183846	0.5384834	1.493459	1.3684524	0.072217785	-0.31045416
-1.0315074	-1.5605288	-0.49422762	-1.0459794	-1.5209066	-1.2101244	-1.8966832	0.19816749	-0.5135593	-1.2990108
1.9388288	2.6248078	1.9876393	1.3594084	1.0643358	1.4899111	3.679563	1.2109157	0.6210538	1.6327834
-0.53931177	-0.54551363	-0.24278387	-0.6231157	-1.0879827	-0.5189514	-0.2563045	-0.6024529	-1.3718688	-1.8650105
-0.19722739	0.2166045	0.31624117	-0.29305768	-1.8814973	-1.3640156	0.79127455	-1.6167401	-1.8465992	-3.4824672
0.10009845	0.5766852	0.5958493	-0.1535186	-1.0786445	-0.09402706	0.83934337	0.37426424	-0.17627932	-1.4318733
0.06742161	-0.16729143	0.5149006	-0.0898426	-1.2775303	0.10595402	0.08908465	0.5098056	-0.15745026	-1.2105259
-0.44127682	0.13687232	-0.006189868	-0.57048815	-0.6350949	-0.41232824	-0.64172	-0.38110533	-0.73229766	-0.59121704
0.4528241	0.5488305	0.98262465	0.3689804	-0.26859313	0.56783205	0.3105587	0.47679698	0.38797188	-0.89554155
0.21727896	0.67044663	0.6939285	-0.058619782	-1.3156428	0.36523554	0.57063353	0.98888516	0.2046408	-0.7251011
-0.13608256	0.7005794	0.37571678	-0.33776355	-1.2549399	-0.5220787	-0.5967916	-0.019925753	-0.7906887	-1.8998224
-0.19396074	-0.049530625	0.15081415	-0.3949675	-1.7103784	-0.9702745	0.13382341	-0.24775024	-1.216805	-1.5765059
-0.5650185	-0.21690187	-0.054617614	-0.75582516	-1.2404201	-0.6108422	-0.5071036	-0.40716708	-0.29436955	-1.5529809
-0.41308585	-0.2870732	-0.12100825	-0.62613416	-0.22577158	-1.0507292	-0.89839125	-0.46926972	-0.85016	-0.83468693
-1.1351895	-1.3012772	-0.65363395	-1.0693852	-1.2400628	-1.055786	-1.1392094	-0.42643228	-0.32072896	-0.7389503
0.8171737	-0.17397788	1.457268	0.6550207	-1.6327845	1.8998611	-0.0045686443	1.6080267	1.1243814	-1.403747
0.9269476	1.0616059	0.9988384	0.8140525	0.102381974	0.005566445	-0.5397463	0.04915942	-0.2668693	-0.43912384
0.04731711	0.18350464	0.59477884	-0.22864778	-0.94997966	-0.33065948	-0.84082687	0.14629282	-0.38149634	-1.4477037
-0.9981734	-1.0368518	-0.6705408	-1.034826	-0.8584571	-1.9864604	-1.815465	-0.80452895	-0.49499428	-1.6012697
1.8708819	0.9018276	2.4047685	1.5693382	-0.49364358	1.3936479	0.13230965	2.3283727	0.8344518	-0.50056255
0.5515109	0.5701853	0.9053999	0.40304065	-0.92486846	-0.40271384	-0.47055233	-0.5208274	-0.26867583	-0.50005555
-0.4724761	-0.10268882	-0.19500601	-0.6117825	-0.8413224	1.0830312	0.9365723	1.5378498	0.74117523	-0.654032
-0.016172066	-0.06297201	0.5042182	-0.22678217	-1.3325512	0.5748923	-0.35905677	1.4669628	-0.10142343	-1.3041939
1.0845424	0.5993242	1.431033	0.78037643	-1.2831855	-0.3959483	-1.0541875	-0.84623	-1.1043885	-1.7615682
-0.38805398	2.0477724	-0.04707551	-0.7737669	-1.2702298	-0.14135894	2.2375007	-0.3228903	-0.3213795	-0.8815871
-0.41895562	-0.9962779	0.039406374	-0.5440181	-1.7789513	-0.83959657	-1.3450495	-0.34796894	-1.1628495	-1.934137
-0.5320128	-1.047054	-0.1405712	-0.5619704	-1.219578	-0.1428775	-1.3698107	-0.3097398	-0.34397152	-0.4863862
-0.37571508	-0.7585715	0.104456544	-0.47790796	-1.4404166	-0.6270046	-0.735164	-0.8568643	-0.47886717	-1.9963113
0.73389435	-0.0042250752	1.2458634	0.5361071	-1.2128992	-0.018983047	-0.6461559	-0.28094676	-0.044762116	-0.9008706
0.5331917	0.04196322	1.1016324	0.4611941	-0.5934769	1.6298329	-0.09361448	1.3642654	1.0303591	-0.23559389
1.9417456	2.2128463	2.3993182	1.5533302	0.18175158	1.8765457	0.14109448	2.610065	1.3852534	-0.35007656
0.1540635	0.16395655	0.58638036	-0.046662673	-1.3075403	-0.36457407	0.12395324	0.08884578	-0.08447935	-1.2344449
0.3237819	-1.3471408	0.87871397	0.13822119	-2.4519248	-0.30997905	-3.0820792	0.8847058	0.2829138	-1.4526204
-1.091918	-1.0062808	-0.5356362	-1.1604815	-1.2220802	-1.4230763	-1.5048723	-1.1852703	-1.7651625	-1.5580665
0.41175508	-0.20628434	1.1938822	0.20879333	-1.2996364	0.8770181	-0.5600522	1.3402473	0.25824994	-1.3160124
-0.049004443	0.28036866	0.5079167	-0.21942753	-1.427286	0.03865781	0.09193006	0.48767868	0.15869775	-1.4385803
1.1976658	-0.81920564	1.6137812	1.036858	-1.4975313	0.23915142	-1.1805075	0.9559519	0.16006	-1.5891664
2.0272577	2.3768616	2.186471	1.6044966	-0.29307336	1.828351	2.3697147	1.876154	1.1699153	0.87018156
-0.6183997	0.3633966	-0.24616852	-0.86311704	-1.4176015	-0.0025080848	0.36966884	0.68012184	-0.29883558	-0.9233463
-0.005400099	-0.6715541	0.2029908	-0.07071568	-0.766464	-1.1182272	-1.2420077	-0.85586524	-0.9380374	-1.1266211
-0.5707762	-1.0511161	0.052174002	-0.6564018	-1.8289891	0.28769433	-0.22410657	1.0330752	-0.08427879	-1.7978595
0.5359175	0.9821634	0.44925225	0.27511007	-0.8726827	0.57851976	0.5899659	0.6991808	0.09633107	-1.038939
-0.80764085	-0.078980505	-0.28731444	-1.0363687	-1.4190707	-0.866325	1.8213636	-0.7421699	-1.2553657	-1.0838456
1.2340819	1.0190635	1.6474016	0.97291636	-0.35832983	0.84823245	0.5617833	1.1296376	1.1184534	-0.6626924
-0.3598133	0.025736421	-0.14284024	-0.40498468	0.37490913	-0.098998204	0.36111644	0.2602706	-0.70708776	-0.83798575
1.7973292	0.05074334	1.6617932	1.5269198	-1.1775339	0.88607985	1.3302044	1.0790046	0.5923444	-0.49074015
0.5293091	0.39490476	0.84840846	0.2629537	-1.055463	0.34289077	-0.5086598	0.8178002	-0.061207518	-1.3789393
-1.0247428	-0.9160186	-0.8339355	-1.1080863	-1.0580375	-1.2004315	-1.147756	-1.6102995	-1.2715575	-1.9157835
-0.18074793	0.0026507974	0.072455764	-0.34319136	-1.362285	0.08841331	2.5297296	0.86217743	0.30689755	-1.3501794
-1.5629047	-1.7253017	-1.006922	-1.5871971	-1.1491259	-2.3907962	-2.5869753	-2.042988	-3.2758315	-0.53132594
0.45722386	-0.52876294	0.7692747	0.377339	-1.0827354	0.38212556	-1.3973194	0.6464208	-0.47098887	-0.905068
1.4294205	3.4750104	1.1371719	1.0200424	0.4146671	0.19439146	3.7581375	-0.030941907	-0.12806682	-0.50254476
1.6840712	2.5467274	1.7124292	1.3480256	-0.5156789	0.13637827	0.6149622	0.69858927	0.011763125	-1.3372062
0.8747423	0.3705046	1.6456978	0.58982587	-1.6270121	1.1479311	-0.3701744	1.8204391	0.91338253	-1.9311994
-1.0861828	-1.1489384	-0.7049564	-1.0883721	-1.1627388	-0.47761795	-1.7791953	0.12016352	-0.52094334	-1.7640948
-0.44597384	-1.1583208	-0.2866443	-0.44668496	0.015558541	-1.3868705	-1.956483	-1.0892498	-1.3501047	-0.4646028
0.548495	0.6226665	1.0523565	0.30332464	-1.3468053	0.86767846	0.5714171	0.70906466	0.6626065	-1.3685931
0.587584	0.28292063	1.0409824	0.3359586	-1.1382878	0.83583415	0.4137906	1.5358888	0.51297647	-1.4938365
-1.0338155	-1.0191177	-0.5438112	-1.1127603	-1.5366896	0.54231817	-2.296619	0.2403755	0.40310428	-1.0785675
0.9883236	-0.121460766	1.7819011	0.8258349	-1.449654	2.345247	0.7215321	3.0649986	2.237614	-0.30239987
2.2859602	4.8557434	1.5064222	1.71187	-0.5278265	2.3409562	5.9051704	0.27030075	2.5841196	-2.2230942
0.9330117	2.04023	1.0648836	0.523194	-1.0769372	2.1800795	1.3012233	1.101719	1.7465911	-1.2057611
0.5839377	1.8433118	0.98094296	0.24848221	-1.2050377	0.23259303	1.122773	0.6835413	0.040200386	-1.2676373
0.23688298	0.18313411	1.028071	0.038786724	-1.3696412	0.5266277	0.02911839	1.3744118	-0.31636697	-1.4897801
0.103554346	-0.8560704	0.5515342	-0.08364941	-2.3711336	-0.31530246	-1.0968347	0.18819849	-0.494	-2.2181208
-0.24919283	1.8890727	-0.24881098	-0.62447447	-1.3529966	-0.3569512	0.74340254	-0.33899564	-0.45456946	-1.5651524
0.8492425	1.2431614	1.0401369	0.5938017	-0.76802254	0.9543005	1.8993869	1.3930275	0.70451176	1.7415111
-0.00232964	-0.7039418	0.31364575	-0.14870863	-1.3251858	0.13460235	-1.1883664	1.2438767	-0.11295054	-0.53873986
0.63618815	-0.40421775	0.9822289	0.4366287	-1.8522725	-0.80645573	-1.0411937	-0.47341242	-0.8664199	-2.14024
0.58713585	0.27510896	0.9671625	0.42417413	-1.0040157	-0.54061174	-0.8659607	-0.4635877	-0.06023436	-1.7275486
-1.3672043	-1.3097701	-0.94499004	-1.3105596	-0.74107546	-1.112467	-1.2424307	-1.1548663	-1.4922774	-0.5513617
1.4111682	2.2542617	1.8030591	1.1736621	-0.6547464	2.1822915	2.3624587	1.8193562	1.8222193	-1.0383584
-0.53612286	-1.3438058	-0.05857718	-0.5967667	-0.93200445	2.0192277	0.4285319	2.178946	1.6711572	0.002044431
1.9009172	1.1175936	2.6020045	1.7908318	0.36402354	1.7939467	2.2747939	2.0825965	1.4397781	0.058036085
1.7804815	2.1911724	2.0182712	1.397133	-0.1435888	2.0958471	2.9377828	2.463872	2.1515317	-0.42971468
-0.24618945	1.3742385	0.106268674	-0.56736696	-0.009849191	0.47539893	-0.81473625	0.1351908	0.14348412	-0.68485284
1.5344441	3.6310973	1.6099694	1.0030007	-0.38972515	0.44818422	4.033625	1.1368057	0.42519757	0.18752995
-0.35774213	0.58607316	0.08437161	-0.56426144	-0.5392248	-0.41719225	0.95999557	-0.26321545	-0.309724	-0.42128667
0.84676355	0.25806513	1.3396513	0.63096523	-1.1761162	0.6563653	-0.4155593	0.91167897	0.6816674	-0.27421513
-0.3911112	-0.43859914	0.090616256	-0.43089393	-1.0213238	-0.8243231	-0.77915555	-0.042060576	-0.40743014	-1.0892591
-0.20315576	-0.8266897	0.23975435	-0.35808945	-1.8492491	-0.1396229	-0.7151646	0.24306805	-0.82626265	-1.6084682
0.5334242	0.1800498	1.0711268	0.37016386	-1.1448959	-0.77276	0.16328788	0.3174563	-0.8086214	-0.8820653
1.3195288	1.1193566	1.1381522	0.98899007	-0.6746522	-0.03621534	-1.0721629	-0.32929292	-0.7455179	-0.8759134
-0.3898367	-1.0843676	0.100640535	-0.55405235	-1.1014514	-1.8675005	-1.4784166	-0.11751844	-1.761134	-1.181897
-0.8113334	-1.5073785	-0.1341466	-0.8633184	-1.3370805	-1.9142624	-1.5445198	-0.57544047	-2.7260993	-0.9778405
0.43597195	0.8722936	0.92534745	0.19596775	-1.1722778	0.22574677	0.9000866	1.081976	-0.07206691	-1.2384292
1.0469682	1.6336337	1.3108091	0.63017404	-1.3289485	0.7525741	0.9653712	1.5393234	1.2192556	-0.5382045
0.101830386	-0.73446184	0.2167035	0.040850565	-1.2103959	-0.36712366	1.90489	-0.37601694	-0.03553928	1.3864797
0.5722673	0.65574014	0.9626987	0.3267672	-1.5194356	0.40657794	0.31416464	0.6130695	-0.66937643	-1.7485847
0.21517333	0.8767513	0.6324824	-0.06730759	-1.1814245	-0.02520887	0.74357176	0.32202953	-0.6080454	-1.4360193
-0.18993986	4.206472	-0.27492073	-0.47606516	1.8088509	-0.9696204	5.510278	-0.56818104	-1.2723454	3.133614
0.82264537	1.3115387	1.2378793	0.5318694	0.06557369	0.7995045	1.6187088	1.147676	0.28523937	-0.68250996
0.026018992	-0.105620384	0.54575646	-0.14895059	-1.1719055	-0.12298428	-0.34410045	0.15430918	0.036193352	-1.175165
0.20406365	-0.09894496	0.68021774	0.014173493	-1.3841993	-0.12202427	-0.4795388	0.34888434	0.081528574	-1.3757443
0.5782986	0.48453036	1.4834758	0.35699707	-0.9822407	0.9659731	1.1361158	1.7078716	0.6375684	-0.6382722
0.6681995	0.90486276	1.2126299	0.36043388	-1.4010876	0.4610788	0.7513926	1.7541277	0.36185363	-1.088561
-0.40134242	-0.7431154	-0.054294556	-0.4959703	-1.4081525	2.1817296	0.728603	2.7779884	1.9146292	-1.1350731
0.66952854	0.5105592	1.1560998	0.46935844	-1.3723671	0.47113174	0.20178846	0.42104274	0.7482825	-1.7524949
0.66982836	1.7539328	1.1005319	0.34924567	-0.17003208	0.58523965	0.9913527	0.7209293	0.30781215	-0.7469709
0.34318817	1.9196754	0.9275266	0.062343374	1.0598724	0.7430736	0.6693518	1.1076285	0.4243056	-0.4784663
-0.9192502	-0.14955981	-0.61909914	-1.0252179	-0.9318627	-2.0589523	-0.32848203	-1.5646954	-1.6997335	-1.4041189
-1.192332	-0.8593676	-0.9204153	-1.2139091	-0.8983904	-1.0010344	-0.37685117	-0.6555117	-0.4525024	-1.223672
0.028297536	0.18785265	0.5176162	-0.24729331	-0.9757221	-0.007473144	1.074646	0.91301614	0.25773802	-0.82269186
2.8096259	1.9614401	2.5599084	2.5322304	0.20469436	1.8786368	2.0797021	0.9050336	1.7209367	-0.8635315
-0.29146737	-0.67859477	0.23695645	-0.39378428	-1.6124048	-0.6104554	-0.91545266	-0.06635227	-0.060352944	-1.3536087
-0.3115364	-0.69193906	0.23997939	-0.42076004	-1.5683081	-0.73981375	-0.76841575	-0.8034359	-0.9809165	-1.3645667
3.4931707	4.256967	3.3751886	3.04073	0.4182075	1.1808895	4.3679185	1.0148356	0.77323884	0.02996702
-0.641283	0.8834275	0.47641167	-0.79774094	0.44241092	-0.27637914	1.5415988	0.6849194	-0.5660304	0.89507186
-0.18995246	6.3294907	-0.1680142	-0.7370378	2.3309393	-0.8055381	5.787961	-1.0125232	-0.5220608	2.3116267
0.11646675	-0.592474	0.5237026	-0.019467697	-1.2978382	0.4537331	-1.0745639	1.4347931	0.23840907	-0.9662991
0.6898676	0.5348823	1.3855504	0.44834	-0.8918915	-0.726111	0.0074241464	0.06995557	-0.28782243	-1.6567204
-0.6024543	0.10810578	-0.25241116	-0.83648264	-1.5350732	-0.34611374	-0.46557537	-0.1209381	-0.9051851	-1.7097613
-0.23094472	-0.68508804	-0.07566306	-0.32351828	-0.8818568	-1.9371247	-2.2220757	-1.4412373	-1.8491776	-1.3472832
-0.55115706	-0.81208694	-0.25577638	-0.66746455	-0.88762224	1.07062	-0.39383337	0.55496657	0.012976493	-0.3844051
0.34651184	2.246436	0.7138706	0.10674475	1.9488693	-0.8614106	-0.24023548	-0.41408432	-0.9769461	0.36397296
1.0524127	0.41917446	1.4176114	0.82136977	-0.7180328	0.21854354	0.22491176	0.32513678	0.5456827	-0.99979234
2.855045	2.4330227	2.891149	2.4842663	-0.31195462	2.707277	2.3205569	2.5049706	2.1770508	-0.04356043
0.58484054	1.9887092	0.8901888	0.30265772	-0.5430869	0.82316333	0.76442546	1.5286591	0.75865924	-0.7086504
-1.1860993	-0.5084474	-0.75855064	-1.2435322	-0.98980093	-0.9359883	0.1385813	-0.5292328	-1.1089922	0.91139853
1.1377953	0.66491663	1.4780549	0.80865693	-1.2286552	0.95566046	0.1230364	1.2588189	0.65040666	-2.0782332
-0.37003952	0.6181686	0.20220083	-0.49476993	-0.99422383	-0.60396594	-0.3147525	0.4438059	-0.38629165	-0.19538756
2.3093822	3.0512264	2.4800804	1.8471522	-0.6145474	1.7712666	2.8204358	1.8430668	1.3147664	-1.4027507
0.9350894	2.233203	0.8605442	0.7211062	1.2656854	0.80980057	1.6004977	1.4781004	0.50561804	-0.39719906
0.45114008	4.893961	0.4478997	0.0673431	1.8127171	-0.23576193	3.5017817	-0.49880382	-0.39656562	-0.046855237
0.39893815	-0.020794332	1.1189188	0.21937527	-0.89649904	0.43425047	0.8691305	1.0660417	0.20451176	-0.17012939
-0.20265788	0.4575124	0.06723158	-0.5105474	-1.6528747	-0.022753326	-0.8060594	-0.039342165	-0.4732204	-1.4973253
0.590924	0.28650388	0.8495929	0.43470556	-1.43808	0.073749	-0.864412	-0.50997066	-0.10053397	-1.8945249
-0.6480368	-0.5089299	-0.32381496	-0.80479425	-1.594786	1.8675592	-0.11262848	1.0484946	1.3432125	-1.4129537
0.9876893	-0.20761393	1.3851613	0.7355033	-1.575209	0.25105095	-0.6772977	0.52857506	-0.037818324	-1.8100024
0.0075684637	-0.59485	0.48214695	-0.14977711	-1.8054581	-0.05536706	-0.54945093	0.09666001	-0.31273553	-1.8620824
-0.5321114	0.30565843	-0.21334031	-0.7077641	-0.906649	-1.1495055	0.5074917	-1.1728287	-1.359817	0.25500464
0.8975498	1.6948845	1.1688931	0.56260026	-0.85750556	2.9373186	2.697461	2.8795488	2.0048106	-0.67497146
1.134607	1.1491585	1.5812749	0.9720851	-0.57406926	0.9324924	1.5499129	1.2881944	0.81661	-1.0744519
0.91201025	0.62070715	1.1920762	0.67226493	-1.0355568	1.6803458	1.930707	1.1737916	1.0534365	-0.6002126
1.1514478	-0.04873185	1.3951824	1.046674	0.046314687	1.8605064	-0.5898111	1.5276967	1.3760802	-0.5998362
-0.22955069	-0.13672855	0.28904182	-0.41129255	-1.6742336	0.40561002	0.57470405	0.7668888	-0.28469598	-0.9144994
-1.5891439	-1.6242863	-1.0975112	-1.5115769	-1.4067694	-1.7435554	-2.4613526	-1.2247028	-1.972923	-0.8813248
0.008646958	-0.10818288	0.46759692	-0.14610712	-1.1334267	0.16484603	-0.81150824	0.28603998	0.22829117	-1.6658452
0.48987934	0.32613054	1.0421855	0.356214	-1.0083236	0.90568614	0.3931552	1.8121088	1.5515604	-0.082317986
1.5510659	0.6495136	1.5175867	1.3682437	0.31777486	0.93222356	0.4834891	0.15243237	0.7155032	-0.42618316
1.0484045	0.038253248	1.5482984	0.8192923	-0.8690814	-0.29892844	-0.20091154	0.633812	0.123205364	-0.9609295
0.7963346	1.238453	1.052198	0.54454094	-1.267328	1.3886828	2.591744	0.7108834	1.1490374	-1.8160374
0.7432014	0.32025018	1.5694497	0.5147934	-1.3364733	1.4638889	2.4073443	2.0592334	1.0954043	0.057989202
2.208182	2.3727481	1.9518744	1.8015406	0.5561259	3.608471	1.8555964	3.3014493	2.5733645	0.68425465
-0.33047277	-0.47679514	0.07746467	-0.48384303	-1.5873288	-0.44786245	-0.6296535	-0.38426244	-1.1669296	-1.9158689
0.07058754	1.2137247	0.67721057	-0.24193612	-1.2666438	0.6556527	0.7105891	1.3999708	0.07016727	-1.0199206
-0.006037481	0.49901214	0.5750246	-0.2968806	-1.3574708	-0.20299336	-0.59891176	0.65921885	-0.75735724	-1.691001
-1.1775353	-1.2352695	-0.68874717	-1.1848431	-1.346249	-0.7741648	-0.11685407	-0.68210703	-0.71896225	-1.4774851
0.522827	0.95879745	0.91233325	0.27094984	-1.2285013	-0.040874723	-0.75679713	0.26490805	-0.40212995	-1.8912952
-2.6078203	-2.3562098	-1.683716	-2.49718	-0.87314546	-2.4355147	-2.4605908	-1.5573766	-0.95078266	-0.885596
-0.29059798	-0.42643803	0.32370496	-0.3858319	-1.6546706	-0.52652097	-1.7333848	0.42918134	-1.0300403	-1.452501
-0.35661548	-0.3664612	-0.0146072805	-0.5157385	-1.3730165	0.54008156	0.06695908	0.52513295	0.6329782	0.042666227
0.24872431	-0.22878696	1.031326	0.03494738	-2.385466	0.6624622	-0.32997215	1.4637374	-0.071413785	-2.6842878
0.25612357	-0.06323668	0.5307646	0.08366753	-1.4344229	0.57517606	-0.43705785	0.7738113	0.93697494	-1.6997483
-0.92768306	-1.2996093	-0.46419874	-1.0324546	-1.8117293	-0.54937756	-1.1040388	-0.4798515	-0.5555075	-1.7110183
1.1753737	1.6324079	1.9804124	1.0121906	0.17310515	1.0794644	1.9794965	1.9198697	0.8842183	1.1128255
1.2133616	2.502635	1.3955799	0.7442659	-1.0494548	1.2012979	2.5528536	1.2174143	0.010528155	-1.2631859
-1.3758255	-1.4489912	-0.7821653	-1.4050246	-1.4314064	-1.4780289	-1.798745	-1.174657	-1.6207637	-1.2173611
0.024454303	0.49633875	0.5155431	-0.2230647	-1.4284366	0.25202936	0.99437064	0.14712748	-0.1798067	-0.95807046
0.8025048	0.50693333	0.9440677	0.55538374	-1.1586792	1.0680254	-0.06394487	0.80060333	0.6210759	-0.6976526
1.8869702	3.1219356	1.7145747	1.4941854	0.21427777	0.26391292	3.2649195	1.0856671	-0.8255741	0.9745974
-0.89321566	-0.9328668	-0.41490057	-1.004755	-0.65821916	-0.8597457	-0.51162255	-0.3407498	-1.1653702	-0.6130633
0.6339976	0.3085656	1.1179266	0.5079689	-1.1659743	-0.034281302	0.6509175	1.1672453	-0.36347708	-1.61436
1.279825	0.63340557	1.5141456	0.9724643	-1.2948191	1.1099544	0.23622729	2.1691968	1.4698557	-1.4042923
0.95297843	0.49753085	1.2375354	0.68811446	-1.4335692	-0.06569509	-0.27442175	-0.09713075	0.5633009	-2.1262162
0.3805137	1.0848544	0.5786003	0.17235245	-1.22957	0.34907085	1.0624957	1.6732316	0.011966909	-0.5018208
0.602171	3.4340465	0.7861446	0.17476036	-0.107643396	0.585368	4.815562	0.5795864	0.09352276	0.23539872
1.432223	3.0929177	1.4776196	1.0787666	0.21837625	-1.1841813	2.2101247	-0.051487293	-1.411034	-0.03467091
1.9678172	1.5235533	2.51336	1.7135826	-0.9712466	0.99317825	1.2446324	0.46819335	-0.33724338	-1.3371781
0.6975967	3.934477	0.31731057	0.11537315	-1.1642245	2.5276291	2.5665495	0.91370475	1.5756752	-1.7111928
-1.1694733	-0.20257053	-0.50972605	-1.3067188	-1.6541209	-1.9133675	-1.1832191	-0.52902704	-2.0382648	-1.6824971
-0.2002753	-0.1456645	0.3553475	-0.28015885	-0.19845672	0.5725362	0.43628886	0.6283502	0.30758876	-0.012957459
0.6905453	1.3747782	1.1451433	0.46278155	-0.8597623	-0.3733909	1.3387711	0.6252242	-0.5686387	-0.42192003
0.30293864	0.2659209	0.286571	0.040351585	-0.47730753	-1.1680381	0.12303484	-0.29871598	-0.9674736	-1.0683731
-0.3739645	-0.7536776	0.29381463	-0.49483526	-1.6047795	-0.31363815	-0.31839615	-0.020302169	0.11974665	-1.802991
0.77753764	1.1677486	1.2274456	0.55908775	-1.2903385	0.32349214	0.26454127	0.72055984	-0.6461291	-1.2245201
-0.117112406	-0.3254462	0.20957893	-0.24291076	-0.99146175	-0.82676584	-0.74985605	-0.1053109	-0.767575	-0.6229369
0.39766216	0.49854675	0.5963235	0.14414053	-1.0795006	-0.17050993	0.19250204	0.17483234	-0.4407605	-0.96606445
-1.7535876	-1.7706486	-1.1832035	-1.7185	-1.1480355	-0.76459485	-1.1422911	-0.7974617	0.0048106317	-0.32073304
-0.18147442	-0.83268166	0.3825845	-0.30626905	-1.7435218	-0.8786637	-0.7556997	-0.2129294	-1.2132796	-0.91505474
-1.1917323	-0.9761863	-0.72740364	-1.2427523	-1.3805504	-0.74947894	-1.2666026	-0.45267078	-0.9502452	-1.3167588
-0.08225817	-0.9014243	0.47924355	-0.24286136	-2.2651942	-0.014954025	-0.53551906	0.65778047	-0.25493	-2.6919405
1.7048866	0.868376	1.997015	1.3853314	-1.0445833	1.243971	0.89484054	1.9727395	1.3589153	-0.9761561
3.8782578	4.280366	2.932914	3.0982769	-0.18314569	0.2056278	1.7314198	-0.99890786	-0.20906632	-0.8382188
-0.9653661	-0.30190262	-0.6087761	-1.1270065	-0.75898874	0.16201693	0.8724894	0.19793472	0.07681184	-0.8192982
-0.45226076	-0.79391015	0.04990244	-0.49853122	-1.1134351	0.36755314	-1.2547513	0.40281174	1.4322424	-1.062596
0.7771517	1.7958744	1.0387075	0.43688267	-1.2728181	0.97667485	1.693388	0.67166287	0.254906	-1.237764
-0.9244494	-0.8895464	-0.43682584	-1.0259577	-1.5496063	-0.91419876	-0.6441915	-0.40767884	-1.1395768	-1.7669188
2.726323	4.1558228	2.6638997	2.118595	0.75965714	2.4168973	4.7885523	2.3259258	1.6995815	0.9426716
0.71732825	1.3760798	0.9512385	0.33657992	-0.8384259	0.45322505	0.89077955	1.2075229	0.7965245	-0.6615947
0.90218085	2.113796	1.1569698	0.52725977	-0.9687253	1.1521753	0.31332123	1.1807922	0.6189677	-1.055774
0.30289516	0.6810293	1.0372955	0.17036428	-1.094802	0.5004049	0.41125435	2.019269	0.05429883	-0.8458466
-1.0462674	-0.55539477	-0.7289305	-1.2512677	-1.4453849	-1.3714368	3.7900136	-0.6137368	-1.4913045	-0.446873
-0.18339679	-0.54289967	0.07965985	-0.37165922	-0.9811027	-0.71808153	-1.2852644	-0.6018845	-0.59898823	-1.7795163
-0.28529158	-0.74665797	0.014127016	-0.42584348	-1.3567361	1.220523	1.2946912	1.8249574	0.40868318	0.81573063
0.00019680709	0.5988058	0.36973742	-0.27413815	-1.1037538	0.13415307	1.4095905	1.0128273	0.26357356	0.77768755
-0.24003774	-0.76823044	0.24411826	-0.4190746	-2.2074885	-0.10045274	-0.5615073	0.43482563	-0.23539226	-2.9317288
0.6316442	-0.6622687	0.8829856	0.46255577	-1.0341222	0.38785642	-0.63519835	0.614495	0.7033718	-1.30835
-0.7118395	0.52364075	-0.17135116	-1.0443242	-1.5539886	1.3014252	3.0042577	1.9682711	1.5747734	-0.1351253
-0.44607285	0.23152196	0.15763396	-0.639065	-1.7293987	0.96083826	1.7507316	1.7466475	1.1922698	0.13670704
0.66793656	1.3764522	1.1474787	0.43250835	-0.44572935	-0.44677463	0.6649192	-0.50455207	0.15273367	-1.3592758
-0.30645075	-1.3889438	-0.028316855	-0.33572018	-1.4783791	0.070468254	-1.6991485	0.41376624	-0.48231313	-1.2628747
-0.6897839	3.6188085	-0.38954434	-1.1439744	0.48476753	-0.04922871	4.7684	0.14745325	-0.31492433	1.6766155
0.62861824	1.5091861	0.9527186	0.34218782	-0.099699885	1.8632482	2.291892	2.0947402	1.8258393	0.6946819
0.67067987	0.24948883	1.1951824	0.46019882	-1.1177844	-0.13936149	-1.028953	-0.10389127	-0.21104978	-1.2149224
0.20275101	-0.783347	0.7470733	0.030969962	-1.9802334	0.100396216	-0.53598773	0.48709112	0.056266695	-1.2678198
1.7644761	0.67245615	2.1570668	1.4509445	-0.8118075	1.4767027	0.7647528	1.8546101	1.3443311	-0.3573117
-0.049116448	0.7779733	0.30357632	-0.33373225	-0.6279236	-0.6033279	-0.020678397	0.07470155	-1.1324831	-0.7081558
1.0403637	1.546427	1.1541711	0.8265884	-0.34094876	2.0847461	3.1981864	1.357859	1.6371305	1.0755477
0.46073958	0.14496934	0.8037174	0.24547069	-1.2958149	0.3585181	0.037606455	0.76457477	1.563301	-1.3483553
-0.81777054	-0.76712155	-0.34108135	-0.8957844	-1.0403014	-1.1416115	-1.1155559	-1.3867072	-1.3000151	-1.0232314
0.52598006	2.0526736	0.74116266	0.18591051	-0.746228	0.7944702	3.0577717	-0.041541353	-0.00046159697	-0.7995493
1.7263913	2.7127202	1.5491698	1.1896882	-0.27276596	2.718821	0.7471126	3.1080027	1.7729653	-0.668213
1.7015821	2.1993454	1.9178529	1.3701922	-0.72476715	1.051933	2.3874674	0.7474134	0.57497084	-0.5670457
-0.6210328	-0.44104695	0.1086317	-0.8777274	-1.8558304	0.02457352	-0.10805263	0.90810925	-0.25674742	-0.5115113
0.84024525	0.9904311	0.7766657	0.62947583	-0.120207444	-0.024872258	0.7698421	-0.5559227	-0.028551377	-1.832305
0.40585163	-0.5064348	0.7791488	0.19670008	-1.3738368	0.028701145	-0.8253782	0.31184477	-0.0049718353	-0.8849843
0.09954613	0.58049417	0.5445907	-0.16616143	-0.8356155	-0.23361775	-0.121948436	-0.1300535	-0.6509027	-1.3179668
0.3587012	-0.50847936	1.0937123	0.20696177	-1.8833486	0.6763745	-1.4220084	1.1602954	0.8966766	-2.232718
-1.7979438	-1.6388261	-1.2157068	-1.7637287	-0.7793211	-1.888409	-2.3918858	-1.4794241	-2.035	-1.2744324
1.6151971	1.0974402	1.9696802	1.3277688	-0.8087884	-0.14240873	-0.5584977	0.19651599	0.047776498	-1.439994
0.46905002	1.3055481	0.62682426	0.25679928	2.8318675	0.9392355	0.8279975	1.4747719	1.6997371	2.6682882
-1.9696317	-1.2390304	-1.4497585	-1.95466	-0.35248968	-2.2820878	-1.6387132	-1.4932709	-2.6193807	0.4820824
1.1920525	1.7880452	1.4809326	0.87047374	-0.80937654	1.1902288	1.678882	1.7149315	0.4832664	-0.27141973
0.27651215	-0.13472459	0.9901595	0.068011925	-1.2486688	1.2200383	0.86693376	1.6779233	1.1523321	-0.758678
3.1177914	2.6999311	2.8196065	2.8837872	-1.2429761	1.7585131	1.2626873	2.2895443	1.790675	-1.0965754
-2.0267155	-2.1152205	-1.4081801	-1.9289979	-1.7811934	-2.5989172	-2.1353917	-1.0480707	-3.055166	-1.3468368
1.08018	2.596362	1.2996495	0.7170519	-0.83714163	1.4251572	3.3561587	1.3400676	1.6829015	-1.5813376
-0.41882572	-0.19833604	-0.024055004	-0.5395828	-1.7858752	0.0009805958	-0.34764487	-0.34958827	-0.4411293	-1.7366632
0.5447569	-0.23844036	0.99156535	0.3736062	-1.1524816	4.3316956	0.8091199	4.9480033	3.4655118	-0.92175925
1.2559339	1.1847286	1.3875957	0.95985734	-1.8107625	2.2401385	1.5332144	1.657252	1.1408658	-2.5280628
-0.5266656	-0.6541115	-0.09991792	-0.6288596	-1.1819152	0.13872911	0.16083477	0.4358067	-0.41185638	-1.6126105
0.13403165	-1.0093753	0.86415243	0.023277804	-2.4125066	-0.69263786	0.5498322	-0.4120612	0.4522696	-1.9694463
-1.6514786	-1.671392	-1.1193672	-1.5789266	-0.7890628	-1.5729661	-2.051293	-0.2998316	-2.0141637	-0.39836955
-1.5616406	-1.2675374	-1.0703626	-1.5424254	-1.0949451	-0.8026042	-0.92019075	-0.781733	-0.929796	-1.171758
1.405603	1.9503384	1.6230487	1.0167192	-1.0101317	1.2404479	0.42103	1.8521003	2.1998274	-1.4356933
-0.28629845	0.28107336	0.17826891	-0.5161565	-0.39342302	-0.5291022	-0.67643404	0.072713904	-1.1446121	-1.0633609
-1.0684909	-1.1434786	-0.29261526	-0.98016053	-0.254909	0.22784296	-1.0174748	-0.16238682	-0.6681866	-0.30552068
0.6483408	1.111346	0.9456301	0.44277447	-1.0942975	0.54445195	0.61698806	0.5243037	0.42419583	-1.0441066
-0.88015056	-1.4444789	-0.35288283	-0.91007364	-1.9773897	-0.4707522	-1.2182214	-0.074492276	-0.9760104	-1.4865816
-0.2708156	-0.28598464	0.21223024	-0.3457116	-1.1153064	-0.75116813	-0.24105231	-0.115583636	-0.5118505	-0.94637936
-0.31668538	0.35124698	-0.058362186	-0.4979514	-1.3261157	-0.23557502	-0.62332845	-0.1419566	-0.45721877	-2.7612045
0.7157955	0.09406802	1.4669166	0.6264703	1.0200957	1.7774274	1.715226	2.1548865	1.6132886	0.18386327
-0.5604781	-0.6099668	-0.20075062	-0.71757656	-1.6297752	0.66000974	0.18155567	0.49163693	0.5054974	-0.74250644
0.3350419	1.5355949	0.31234157	0.02119799	-0.79334754	-1.4618884	0.22035484	-1.1815814	-0.8048282	-1.4938232
0.66226566	5.386398	1.3339783	0.26918882	2.041452	1.2238474	3.8327117	1.6351007	1.0316932	0.7766794
1.5487868	1.1511991	2.1598897	1.2347121	-1.144434	1.3870568	1.3246256	2.3059688	1.6987356	-1.0999705
-0.19652358	1.1057562	0.68135536	-0.46104407	-0.9473363	2.2612965	3.1114914	2.6299803	1.998066	0.3014693
1.8053261	1.9235926	1.8436719	1.3470428	-0.70457107	0.9133001	1.7522467	1.4138025	0.08306532	-0.30925187
2.0170279	1.1926284	2.3010023	1.6692989	-1.2684402	2.9046555	2.389271	2.9737506	2.944094	-0.5536438
-1.5213404	-1.5113264	-1.0123817	-1.5103451	-1.7024487	-1.3809105	-2.0810192	-1.5727556	-1.8189902	-1.5513805
0.36740187	0.42716107	0.721187	0.17782389	-0.9608339	0.47038177	-0.41723013	-0.15990902	-0.8340302	-0.19394659
0.0835041	0.027314335	0.18363845	-0.1267166	-0.39353812	-0.71091443	-0.3767712	-0.19320224	-1.2075268	-0.83645844
-0.09177516	-0.27009282	0.4153464	-0.231068	-1.3651602	0.5885593	1.0951352	1.7965171	0.6309016	-1.5445195
0.46734545	1.0554284	1.0830053	0.27815205	0.069634646	-0.057493523	1.1920539	0.9544666	0.10456704	-0.32094333
-0.413336	-0.032906502	0.39365885	-0.5137566	-0.69345224	0.36347395	-0.21445943	0.8049564	-0.14727652	-0.5309221
0.20898849	-0.2967505	0.71698344	0.13093798	-1.3434093	-1.0172383	-0.76853806	0.1359084	-0.46599147	-2.2834506
-2.07414	-2.0768244	-1.3753272	-2.053036	-1.2658687	-2.00765	-1.7706211	-0.9453857	-2.0615122	-1.2880944
0.30816913	0.63499916	0.576547	0.09937878	-1.0183882	1.5174489	0.6224121	1.7790917	1.6255039	-1.3787367
-0.8946356	-0.9360218	-0.49509856	-0.97619295	-1.6314384	-1.7011387	-1.8185639	-1.4851401	-1.4596235	-1.6420766
-1.5947002	-1.6685796	-1.1096537	-1.5029857	-0.7933259	-2.086564	-1.9127898	-1.2593937	-3.0272207	-1.4430686
-1.0097309	-1.6192945	-0.5815811	-0.95118153	-1.4552267	-2.0528936	-2.2478619	-1.081548	-2.161795	-1.4031453
0.5357073	-0.5166733	1.1723781	0.3413744	-1.602487	-0.933369	-0.48559636	-0.109266594	-1.0073782	-1.4608364
0.5114484	2.8748035	0.7310579	0.22226594	1.628786	-0.6844703	2.2235124	0.36750993	-0.9122361	0.4057101
0.07915076	1.0365175	0.51762843	-0.2605409	-1.0891956	0.8086566	1.5642157	1.0176125	-0.28469598	-0.8346778
-0.43239558	0.03527221	-0.0800409	-0.5766518	-1.1111778	-1.9625708	-1.3361055	-1.7005053	-0.5641876	-1.3817298
0.096706755	0.20049581	0.62111175	-0.20077164	-1.772251	-0.79812235	-0.5990156	-0.0749294	-1.8649377	-2.6785865
-0.13290885	0.09085122	0.17408678	-0.3312143	-1.1327041	0.7316011	-0.037397876	1.2524656	0.2443718	-1.7361096
0.3980617	0.5897716	0.73278284	0.14203803	-0.9689772	0.5009818	-1.218814	0.6524412	0.1696877	-0.9408251
1.0248713	0.47191474	1.6961783	0.7767729	-1.3474184	0.8057415	-0.19668262	1.6630334	0.3385561	-2.1093733
-1.473316	-0.44429415	-0.62788284	-1.5392481	-1.1668772	-1.2154229	-0.7086323	-0.43751228	-0.8173111	-2.5579119
1.0908356	2.508126	1.4457068	0.7500758	-0.83611584	0.33559763	1.5673236	0.83814794	-0.02318947	-1.2995442
-0.72011226	-0.29794407	-0.0951924	-0.8810363	-1.1924316	-1.6098958	-1.2128434	-0.8019611	-1.8607379	-1.0489504
0.14831626	-0.23403758	0.6853597	-0.073728725	-1.8700168	-1.2889997	-1.0670184	-0.4178788	-1.6249315	-1.6918346
0.78339833	0.57332504	1.1068255	0.5768678	-1.0104797	0.99884695	1.18732	1.241385	0.34758347	-0.29372653
0.45796522	0.31012282	1.1402658	0.23531486	-1.3261579	1.8232883	1.4807963	1.7883679	1.2361773	-0.57310903
0.15758479	-0.7372869	0.67402506	0.007105887	-2.020897	0.5813076	-0.31790355	0.85091716	0.6958895	-1.9821234
-1.7281615	-1.7406303	-0.9415201	-1.7191721	-2.227921	-1.9196173	-2.137235	-1.0109011	-2.0397086	-2.6885622
0.9749462	0.9795488	1.7657679	0.69448805	-0.9742757	-0.44457	0.3758291	0.515201	-1.898058	-1.3197492
0.32882634	0.1360893	0.8645736	0.12545435	-1.8760226	0.5211723	-0.53172904	1.0675732	0.5683892	-2.0828288
0.89418775	2.1342835	1.1802185	0.6415	-0.22141464	1.0073428	1.7734146	1.2534589	0.91763777	-0.27828446
0.09878679	0.7136209	0.22004989	-0.10428052	-0.032930106	1.670188	1.3836527	0.6968797	1.1689378	0.09940968
0.27251196	-0.0398349	0.6417569	-0.0053468347	-1.4473627	0.233756	-0.032904454	0.5453093	0.30669266	-1.5202332
0.051928826	-0.091607064	0.63076913	-0.12929761	-1.3116438	0.11567402	-0.32088956	0.9296437	0.40039936	-1.2120843
-1.4935077	-1.3548391	-0.952755	-1.449634	-1.0706879	-1.8483763	-1.2207336	-1.6402273	-2.6272917	-1.0200646
-0.40073654	-0.62121487	0.15190414	-0.61773384	-1.8567553	-0.54185456	-0.97830033	0.1667712	-0.6883134	-1.5489105
1.9849771	2.6580598	2.2571366	1.6538441	-0.8523029	1.260517	3.007133	2.2496226	0.8581272	-0.6683328
0.03354431	0.40931764	0.52853954	-0.131124	-1.1855581	-0.3216348	1.9545065	0.6358156	-0.7289024	-0.5223025
0.17726904	0.11786029	0.2949634	0.10531972	-0.9907707	1.5226809	0.93023765	2.174638	1.2334346	-0.41290876
0.30194893	2.2147918	0.8444501	0.00829865	-0.40810984	0.58586514	1.4604313	1.1790836	-0.5835184	0.28594935
3.0092907	2.204643	3.1316056	2.6242085	-0.69263566	1.9672256	1.4593328	2.7281396	1.6322349	-1.1099422
0.14970982	0.4447942	0.8173256	0.036937505	-0.34795734	1.6707028	1.5477996	1.6598301	1.0085061	-0.5907181
1.2446784	1.2592684	1.6048851	1.0265988	-0.639189	0.46363708	0.34443778	-0.35300207	-0.7344389	-0.68475085
0.33961806	1.1030455	0.7621772	0.013316408	-1.2373294	0.44182423	1.1271372	1.4459882	-0.7522809	-0.45429024
0.07811483	-0.49145713	0.43801424	-0.007021442	-1.3844149	-0.3269448	-1.5456394	0.1772628	-0.10762071	-1.3747522
-0.18303096	-0.5748276	0.42533022	-0.29172337	-1.196138	-0.5955827	-0.82072777	0.43587083	-0.92962766	-1.1509668
0.92627436	0.85088134	1.6143644	0.7254878	-1.4678761	1.2329229	1.8411406	2.136379	1.5418738	-1.4977119
0.42455837	1.186934	1.0310066	0.20382	-0.60229087	-0.33354905	1.8668827	0.42360252	-0.6901235	-0.54673004
0.92572737	0.95433915	1.4136932	0.6744933	-1.0071247	1.056737	2.0688834	1.2180896	0.14118682	-0.72120327
0.95715374	3.0141728	1.6634051	0.5350394	-0.4407349	0.17159991	1.3691258	0.7836743	-0.46315137	-0.64729637
0.11784942	1.0258367	0.62561107	-0.12110603	-0.7299653	0.06102341	1.3667058	0.76701814	-0.0881831	-1.4324394
0.39162496	-0.11807941	0.8013371	0.20790763	-1.0058168	1.1368488	0.77489096	2.1816475	0.63187027	-0.7939037
-0.1592148	0.2261627	0.17476228	-0.3552186	-1.0000648	-0.5266645	-0.24905655	-0.28276166	-0.897779	-1.7292783
1.0833625	0.5321274	1.5340974	0.8210441	-0.91893446	0.8382035	1.1511796	0.86757076	0.51091844	-0.8985719
-0.20982406	0.6577356	0.40651575	-0.5502702	-1.3545837	-0.874972	0.4432713	-0.14234482	-1.6066241	-1.9666138
-1.6568513	-1.6937565	-0.91620183	-1.7199211	-1.4405782	-1.7144841	-1.1566923	-0.3253521	-0.9627679	-1.6603119
-1.0502783	-1.1962086	-0.6279943	-1.0527402	-1.3634518	-0.95081896	-1.6167638	-0.88235277	-1.3113974	-1.8048724
-0.20556328	0.84599006	0.11869132	-0.47540182	-0.8765495	-0.7506648	-0.6013999	-0.1739413	-0.47098354	-1.1794926
0.11952565	1.5798719	0.44318876	-0.15222368	-0.9443859	-0.0048013385	1.3061905	-0.07959435	0.089287095	-1.2351042
1.4762326	0.7483586	1.8425412	1.210119	-0.84981906	0.9267343	1.2965318	1.7966843	0.30028984	-0.9829363
-0.29035345	-0.6018131	0.21993586	-0.39664757	-1.3892106	0.09107445	-0.8747275	0.3802251	-0.11160621	-1.5572218
-1.4543654	-0.87949777	-1.0611439	-1.5020068	0.26110557	-1.6790771	-0.8952	-1.4855597	-1.5326235	0.34138763
0.36609465	-0.18474355	0.88831353	0.14915396	-1.1668187	2.8587506	-0.056910455	2.093581	2.6008945	-1.0276661
0.33450755	0.92656374	0.7366283	0.06792827	-1.3043555	0.07766885	0.7471126	1.7219139	1.0431687	-1.2782844
-1.4922401	-0.20494673	-1.0771462	-1.7123963	-1.5918796	-1.8900993	-0.65161866	-1.281761	-1.8273326	-1.9432555
-0.79387647	-0.44604895	-0.4043741	-0.94329405	-1.4215854	-1.0355664	-1.0042812	-0.7025775	-1.1354588	-1.2284429
1.3842902	1.8347116	1.3957146	1.0572476	-0.8192413	0.6830051	1.0369359	0.97025967	0.81457996	-0.3538988
-0.88270694	-0.9464958	-0.3797427	-0.9772625	-1.1554289	0.031420894	0.08747334	-0.28327188	-0.6058633	-1.1406025
0.19994375	0.047799587	0.77702403	0.061504826	-1.253167	-0.24386507	0.010147006	0.43106958	0.19517176	-2.002311
-1.1385092	-1.1750817	-0.6452391	-1.1578487	-1.1587057	-1.0026267	-0.7576755	0.16409114	-1.2057261	-0.22717631
1.237154	1.1381555	1.5319965	0.9620303	-1.3314679	0.4805906	0.6972074	0.9417526	1.2294562	-2.163642
0.5832668	0.41125724	1.1116145	0.42510295	-1.4122921	1.9554231	1.2054803	3.2466626	1.650355	0.516252
-0.17521635	-0.02673778	0.041411936	-0.30496228	-1.2355127	-0.39021045	0.13679886	-0.110964864	-0.16888754	-0.8743198
-0.9568639	-1.0956184	-0.5022025	-0.98955244	-1.1249396	-0.72094715	-0.60491735	-0.6007341	-1.3651576	-1.6096087
-0.60320544	0.8773788	-0.39348772	-0.82645226	-0.6488267	0.43575254	1.5162175	0.40850702	0.7226772	-1.0584917
-1.0914487	-0.19390705	-0.67501557	-1.175858	-0.9696888	-0.7755372	-0.7845152	-0.21242979	-0.9031383	-1.179712
0.68717426	0.84401035	0.9717256	0.412369	-1.2989492	0.73284453	0.7727431	0.9100227	0.36354235	-1.3464457
0.6863847	1.1605083	1.0137153	0.4637844	-0.6230982	-0.39902678	1.3629082	0.96171546	0.13241267	-1.0855038
0.16243574	-0.005201891	0.81458366	-0.036112472	-1.3699932	0.66639197	0.034240115	0.8356236	-0.07727683	-1.853478
1.2464594	-0.2453927	1.8868737	1.0542254	-1.1384542	0.8731958	-0.7544904	1.4631416	0.6372756	-2.1139865
1.1239856	3.6964152	1.090398	0.6438595	0.8199662	1.3411033	3.4877987	0.9091534	0.747286	-0.58620703
0.5880011	0.40225068	0.50195575	0.4316393	-0.5621717	-0.54822296	-0.12922789	-0.30256972	-1.0984539	-1.8475705
-0.17774962	-0.8625815	0.49797454	-0.32098353	-2.1641772	0.06577824	-0.7974411	-0.37518853	0.1780176	-1.4042372
0.5209151	-1.1773442	1.103731	0.46031743	-1.4087788	-0.19262262	-1.9490461	0.20362885	-0.3135905	-1.8054205
0.50196236	0.61045206	1.1038746	0.35888046	-0.7032201	0.69163185	0.5564117	1.6452348	0.5146715	-0.5437423
0.37862924	-0.2763831	0.9137863	0.20197897	-1.6612723	1.4087226	-0.10988962	1.6072552	1.1048257	-1.5365896
1.681904	2.5017161	1.9209552	1.3857388	0.36209378	1.3117491	3.2656994	1.5972625	0.77146816	-0.13910158
0.39721355	0.6257068	0.73872626	0.17737679	-1.25244	0.38573214	0.9550867	1.1445225	-0.041067626	-0.66654724
-0.6945296	-0.7952298	-0.24611598	-0.73708385	-1.0922186	-1.1142638	-1.5729157	-0.81899405	-1.8682584	-1.7261273
-1.6352681	-1.6689094	-1.0572302	-1.6473825	-1.9670526	-1.514137	-1.8659874	-1.4864693	-2.1567385	-1.6796831
-1.2558795	-1.537881	-0.71852696	-1.2461476	-1.0633285	-0.6230079	-0.8830921	-0.02391571	-1.0272728	-1.9390281
0.78759235	0.6665801	1.053072	0.569563	-0.514809	0.8407242	1.507816	1.1014287	0.48074713	0.7045466
-1.3358043	0.6299641	-1.1543629	-1.3847353	-0.84164596	-1.2126946	-0.16004834	-0.8359179	-1.0060021	-2.0097108
1.8595788	1.598836	1.9198954	1.6707449	0.13547125	0.586934	0.68325675	-0.32316718	0.65107393	-0.76225656
-0.243352	0.24603048	0.22735617	-0.34973282	-0.3230583	0.42085966	0.85602915	0.19240908	0.2731341	-0.605972
0.6382322	1.174796	0.8585564	0.35572445	-1.1522739	-0.28540787	-0.3324148	0.85982126	0.08169846	-2.4845145
0.08859267	0.46282378	0.49129164	-0.113744125	-0.96638083	-0.74944586	-0.09063177	0.41447303	-0.27996227	-1.3905493
0.07675447	-0.36338314	0.4842538	-0.090993926	-1.1337671	-0.5437916	-2.2338533	-0.65359306	-0.24436837	-2.3934612
-0.35535565	0.80853236	0.0066765845	-0.62099034	-0.95871425	-0.16322209	0.66310567	-0.042996936	-0.9772091	-1.4616274
-0.7815966	-0.3126963	-0.44150242	-0.9669578	-1.484337	-2.118592	-0.31775224	-1.4006379	-1.4758832	-1.315849
0.8866915	1.3387487	1.2496214	0.7565349	-0.115291	0.8308298	1.3101748	0.45478812	0.021463033	-1.3130385
-0.4157476	-1.3754706	-0.22275782	-0.52494746	-1.3932419	1.8657608	-0.28806034	1.5779153	1.0234241	-2.8018465
1.6483303	6.4131103	1.6977329	1.0112578	2.515316	-0.014339201	4.9084454	0.011552511	-0.8737629	3.0307043
-0.3439945	-0.05097285	-0.024369031	-0.48942065	-0.8003694	-0.5736903	-0.9105819	-0.28613883	-0.82680875	-1.2585136
-0.00033599883	-0.6396599	0.6407348	-0.10728614	-1.6179934	0.77802837	0.29214844	0.6715541	0.8528075	-0.92214066
0.77316016	0.6838064	1.3609753	0.43941414	-0.9046209	0.23599166	1.4060034	1.0168662	-0.13712235	0.027535357
-0.056917436	-0.18598586	0.28889504	-0.2010533	-1.3021655	-0.06384256	-0.2726905	0.43474022	-0.41344464	-1.2326539
0.23358604	0.20301697	0.49820235	-0.012590006	-1.5177724	1.3385918	0.5927356	1.7537327	0.6646142	-1.0907518
1.7422409	1.6400862	2.229869	1.4970784	-0.4942345	0.8611052	2.7383628	1.6563522	0.69151944	1.7726215
0.5346058	1.5985576	0.76344836	0.11162762	-1.2996913	-0.086415276	0.19080894	0.20287944	-0.2175818	-1.5178381
-0.007397875	-0.1918158	0.46297047	-0.23412694	-1.8156723	-0.09999737	-0.49492112	0.4057778	0.06806795	-2.0983238
1.5138876	2.3564188	1.5545144	1.1667387	-0.6728864	0.98198974	1.2087816	1.1168123	0.89666635	-0.32912067
0.27390516	-0.071851864	0.7999712	0.11877988	-1.334636	-0.8646915	-0.73271793	-0.97387856	-1.458879	-1.930421
-1.0308319	-0.9894594	-0.7543868	-1.0598683	-0.6927807	-1.9759617	-1.7412001	-0.72401047	-1.9079218	-0.6242549
-0.8747931	-0.54387885	0.4954391	-0.96751875	-1.69373	-0.7391141	-2.0880663	0.68839675	-0.9109646	-3.0120738
1.1924067	2.5036218	1.1394951	0.77872384	0.14393285	-0.56544244	0.54105556	0.47602996	-0.7419016	-0.33136508
-0.559355	-0.11845541	-0.28188124	-0.7460488	-1.4718505	-0.34321877	0.009734324	0.4422473	-0.12128926	-1.388555
-0.18273693	0.12027046	0.5167552	-0.32488462	-0.9996737	-0.028734807	0.034012653	0.57492447	-0.062053733	-1.7379409
1.4520808	3.2182426	1.3823639	1.0169936	-0.6476152	-0.45279682	3.6756575	1.0355891	-1.1124232	-0.78007424
0.4060071	0.377696	0.59167576	0.22773062	-1.0852873	0.35051638	1.3659012	1.7697895	0.13493928	-1.1643294
0.21494976	0.054788202	0.7197368	0.1675315	-1.0199966	1.4197323	0.49215356	1.7168006	1.0557667	-0.65173817
-0.39750788	-1.4164299	-0.0027505457	-0.40318787	-1.0679966	-1.3746529	-2.7570682	-0.9992099	-1.6449114	-2.127963
0.71929055	1.0314263	1.3185749	0.5417383	-0.9015665	0.91027236	1.6810346	0.10974462	-0.7052926	-1.0152501
-0.43476215	0.0128418505	-0.08413431	-0.6240176	-1.3353705	-1.056427	-1.375989	-0.6870061	-0.9904999	-1.2179741
0.022059187	-0.5942703	0.49960297	-0.103549704	-1.6833249	-0.62628996	-0.54305106	0.1323281	-0.783423	-1.9378356
1.4909048	0.012639627	2.011838	1.3097749	-1.5224584	1.5124681	-0.24737813	1.9493521	1.2481935	-1.9321549
1.1343364	1.0361235	1.4996117	0.9112128	-1.2204622	0.8422047	-0.102060184	1.7397869	0.6655112	-1.5415223
1.2402103	0.11603463	1.6734405	1.0884339	-0.89903724	0.38007972	-0.21769273	0.95582545	-0.35808983	-1.3447036
-0.48412904	-0.6678941	-0.0011825413	-0.65907824	-1.8520932	-0.7908338	-0.9338911	-0.33653885	-0.8100195	-1.6556246
0.3575525	-0.21261236	0.78485215	0.17266653	-1.5502856	0.5147831	-0.65395325	1.5319009	0.47743493	-0.8803205
0.13063875	0.20797545	0.80038667	-0.15008768	-1.0199591	-0.14452031	0.47433555	0.8515025	-0.47033042	-1.5935441
-0.2067079	-0.13179278	0.19538948	-0.34650904	-1.7434322	-0.25860104	1.1790407	0.28013247	-0.4920572	-0.9407288
0.18785694	-0.5277812	0.6974352	0.0040071458	-2.027458	-0.84232783	-0.66422397	0.3567641	-1.1237276	-2.2549953
2.1496038	0.9294796	2.3418758	1.8987288	-0.038384855	0.73988855	0.16880028	0.31475928	0.5877069	-0.8081058
0.62595606	-0.6423924	0.9180529	0.4501173	-1.112038	1.3420316	0.040147554	1.0414562	0.6315737	-1.9758117
0.48721984	1.1013802	0.8364192	0.22230314	-0.92744136	1.4988749	2.5313275	1.5276877	0.9671328	-0.3275732
1.0199956	1.4319048	1.689103	0.7210719	-0.61491066	0.37283435	0.43765768	0.47290355	0.54817116	-1.8803204
0.7682824	0.8489386	1.2576611	0.7131498	-0.4968275	-0.8408721	-0.10978423	0.48833305	-0.9161605	-0.5295759
0.5573086	0.42339256	1.0837543	0.29340094	-1.9595106	-0.4504493	-1.3379387	0.7018411	-0.35983083	-2.341552
-0.19420281	1.1236728	0.3044455	-0.35999554	-0.30363014	-1.0091801	0.3194033	-0.06450458	-1.2285521	-1.1609893
0.31087017	-0.0019583404	0.4784358	-0.00038193166	-1.4995989	-0.98977613	-1.7045915	-0.42850104	-1.603682	-1.4608549
0.083123244	0.6731641	0.1303083	-0.121304594	-0.21364117	-0.21755444	3.9539897	-0.61104953	-1.1431397	1.1760718
-0.35162443	-0.4110982	0.20748594	-0.6035765	-2.0326672	-0.32274464	-0.46886948	0.52596796	-0.5495633	-2.2122965
-0.06428958	1.2105951	0.33297083	-0.3049059	-0.89563704	1.0198214	1.3570051	1.2867937	1.1583081	-1.4337351
0.30603713	1.9069324	0.6677325	0.03342995	-1.014701	1.761676	1.2937645	1.8620999	1.482879	-1.8466756
-0.10777477	-0.48458233	0.099307805	-0.44308102	-2.4048374	0.7431811	-0.026794309	0.98277867	0.34023228	-3.0286531
-0.021951564	-0.70538783	0.17523682	-0.16426419	-1.0666691	-1.0087862	-1.5844816	-0.37789357	-1.1839943	-1.6477824
1.479757	1.8029585	1.9079103	1.1732368	-0.34260526	0.4357207	0.9890868	1.1987082	-0.11747871	-1.0989895
0.31481126	-0.08326255	0.66663885	0.07052092	-1.6562817	0.53776354	0.05154182	1.3275208	0.053595208	-1.6926847
-1.4420046	-1.5469505	-0.95928836	-1.4119366	-0.8637965	-1.3966808	-2.1798024	-0.90694654	-1.4144086	-1.4511589
0.29018643	0.68996227	0.68016934	0.015244976	-1.1651524	-1.2900387	-0.3034994	-0.9686648	-1.0878404	-0.8315864
1.4062259	3.5777655	1.5024967	0.9741899	-0.42594162	0.6290676	2.6764884	1.0725003	0.37629023	-0.19429152
0.36576334	1.0879576	0.8750448	-0.063479766	-1.1807076	-0.15739751	0.42899746	1.0801522	-0.22937901	-1.0079739
-0.4209321	-0.35801977	-0.027482271	-0.49057627	-0.70139694	0.2554354	0.2882774	0.27918756	0.3272375	-0.51926816
0.719343	0.6665764	0.97592485	0.47041035	-1.1043599	0.20760845	0.56721264	0.6151511	0.1877839	-0.8740549
0.49906233	0.036075503	1.2156368	0.26105714	-1.3534386	1.0883652	0.7153162	1.7826757	0.3305512	-0.23215538
0.3171255	4.4209247	0.19130659	-0.17705682	1.0973634	-1.8709126	3.4749029	-0.97647256	-1.8386464	0.13481677
0.8780324	1.37506	0.93860173	0.7065896	0.13083908	0.7153012	1.7094104	0.5239766	0.74326634	0.74063027
1.0384135	4.05536	0.98294663	0.528288	0.7957331	2.0334318	3.940656	1.8557565	1.351364	0.12795308
-0.023862489	-0.36849332	0.8461487	-0.17952286	-1.4546883	0.28312713	-0.566101	1.3360047	0.42875102	-0.6088007
-0.6250596	-1.0051266	0.0004107654	-0.71211237	-2.1269596	-0.6677671	-0.533543	0.3080493	-1.2828116	-2.8436248
-0.85915864	-0.3832822	-0.76789105	-0.920704	-1.0788653	-1.7846017	-1.4460673	-1.2029914	-1.0431784	-1.1466937
-0.94856894	-0.57405126	-0.5017539	-1.0605599	-1.2066107	-1.1119378	-0.79876655	-0.8679406	-1.0003074	-1.244386
0.33064282	0.20494607	0.92974436	0.14386024	-0.8219063	-0.31387118	-0.5705111	0.40250725	-0.5833001	-1.2474546
-0.441384	-0.4459374	0.008656412	-0.5542755	-0.59030616	-1.4587305	-0.14302644	-0.6206315	-1.6134752	0.53091365
0.41044435	0.39683118	0.17043805	0.2494414	-0.47283697	3.3722222	2.4033747	2.590272	2.7363596	0.00435429
1.5303198	1.7197993	1.7498474	1.25384	-1.3025389	0.9944489	1.455543	1.5871072	1.0974247	-1.5729386
-1.0699496	-0.84155416	-0.37824157	-1.1478877	-1.4717354	-1.0565089	-0.9512386	-0.50297004	-1.483233	-1.7758423
0.5892516	0.014444262	1.2084404	0.48255038	-0.67791367	0.16217624	-0.36131018	0.5479389	-0.6718128	-1.1068844
0.18560702	0.04737979	0.50057375	0.012539342	-1.23487	-0.25630605	-1.0442185	-0.15303288	-0.41469535	-1.0517892
-0.5172233	-0.9486693	-0.16918829	-0.6163565	-1.0517343	-1.3622966	-1.9856956	-0.99660593	-1.7837858	-1.4753591
0.7331969	1.1628008	1.2254491	0.3909074	-1.5739354	1.2578533	2.0800698	1.2851486	1.0381081	-0.25019205
1.9922961	1.647004	2.6753757	1.6332626	-0.13035999	2.3173544	1.5277683	2.8980777	2.523182	0.20183769
0.7563644	1.6507866	1.0515611	0.4978097	-0.821334	0.8954854	2.1398973	1.048454	0.58700407	-1.1188664
-0.30712146	-0.029202908	0.1534464	-0.3887814	-1.086065	0.03150502	0.17271714	-0.16675514	-0.21410559	-1.1459041
0.6695949	0.02927348	1.2067674	0.501503	-1.210207	0.7893677	0.16383214	2.1136436	0.18936402	-1.1757883
2.0450494	3.7281864	2.0087645	1.6497332	0.49611416	1.3569502	2.4468527	0.6206614	0.13852389	-0.038147733
-0.034919538	1.3285482	0.37597734	-0.37011027	-1.5934385	-0.22447513	0.6276786	-0.45018592	-0.93222886	-1.0235958
0.5863657	0.7200651	0.97916627	0.3729605	-1.2867279	0.14883019	0.4933302	0.26112404	-0.1561925	-1.282478
1.0861691	1.8804979	1.6465684	0.7827722	0.48048326	0.12881878	1.3260087	0.96697676	-0.37982917	1.4437677
-0.55143726	-0.89622664	-0.12278414	-0.60824865	-1.6690894	-0.042467184	-0.78145444	0.3045626	0.13726343	-1.6885399
1.3196007	1.0890963	1.7341828	1.0179088	-1.0523165	2.7931259	2.496672	4.6033697	2.036247	-0.5962172
0.6881348	1.6106381	1.0352654	0.4453088	-0.42573592	1.6258647	1.9689448	1.2698902	0.20073085	-0.12938455
0.71254414	-0.07242161	1.3766959	0.49638718	-1.6759256	0.637919	-0.18970868	1.4235773	0.42262858	-1.4889395
0.45588467	2.097314	0.38666594	0.12378229	-0.4281436	-0.5964832	1.1702303	-0.60353726	-0.678929	-0.71443796
0.76937467	1.0428832	1.2521415	0.5265353	-0.8855803	0.640207	-1.1416912	-0.35505667	-0.109403625	-1.4233348
0.046005405	1.0843621	0.45387465	-0.18463464	-0.63603735	-0.051895667	1.1466811	0.1295843	-0.6349238	-1.1659814
0.9364936	0.5959238	1.1019417	0.6999137	-1.2140683	0.85073435	1.3988771	1.4956161	0.43529153	-0.5182373
-0.21041963	-0.68470526	0.35958263	-0.42433858	-1.2957366	0.5010804	-0.5396791	1.3471922	-0.095077425	-0.68245006
1.9874991	3.4522264	2.2815435	1.6279907	0.3662695	1.4886138	1.463634	2.196714	1.6001471	-0.8028237
-0.6935895	-0.97264016	-0.23518243	-0.78428555	-1.4621977	-0.92364144	-0.95860666	-0.96087015	-1.6650606	-2.0727587
0.4955617	0.90164256	0.77356565	0.2577566	-0.91175735	3.8959568	0.87319255	3.5664785	3.3534644	-0.6249555
0.16250157	0.5437701	0.45238698	-0.0017214566	-0.5914408	-0.89644766	-1.0830779	0.023864489	-0.37780067	-0.41793394
-1.5718305	-1.2066649	-1.1076286	-1.5553539	-1.5624129	-1.5353644	-1.7592429	-1.2409669	-2.3089693	-1.7672175
1.2891941	1.1780064	1.5834373	1.0420755	-0.9414326	0.73250365	0.34263673	1.4864358	0.73341537	-1.1204295
0.9409115	0.540697	1.6338843	0.805261	-1.1006465	2.2008066	0.43525332	1.7688411	1.9922069	-1.4954079
0.03862267	-0.52610135	0.50609803	-0.18577681	-2.5191512	-0.8830921	-2.116514	0.9098491	0.060242172	-2.8045712
-0.64841074	-0.7126672	-0.26625976	-0.7470003	-1.6025866	-0.9625163	-0.88011664	-0.3996666	-0.90984786	-1.6745335
-1.4309806	-0.590756	-0.7447221	-1.5562832	-1.2049592	-2.4400065	-1.6791159	-1.3791804	-1.7106812	-1.2323442
0.20910075	-0.031394437	0.56815505	0.016851887	-1.3687484	0.68191534	1.0784225	1.2392541	0.35891536	-1.5811037
2.2855952	2.5479655	2.248999	1.835396	-0.32784158	2.3990688	3.284013	2.3588486	2.5640416	1.4894292
0.30065677	1.7291024	0.4446686	-0.0070248395	-1.057883	-0.0587647	2.036081	0.082612865	0.54496175	-1.157002
-0.9395512	-0.8628092	-0.43668398	-1.0105315	-1.2752827	-1.2782128	-0.96306026	-0.7322281	-1.5484421	-1.2287608
-0.24370506	0.3386841	0.42642796	-0.44226676	-1.2691929	0.90788347	1.0022233	1.684545	0.6286393	-0.8388538
1.4101568	2.793873	1.2315865	1.0634875	0.5114827	-0.41973665	0.7488308	-0.38006014	-0.57193744	-0.7408368
-0.5339664	-0.25183824	-0.2589307	-0.6558893	-1.0149256	1.019433	-0.65466356	1.2031446	0.7680706	-0.9035366
1.0234944	0.5845634	1.5226995	0.8282145	-1.0974166	0.6265234	1.3172702	1.2626582	0.017287841	-0.73865193
2.5424986	3.4913833	2.525325	2.0807238	-0.67788124	0.74340755	2.2355878	1.038859	0.820388	-0.9789888
3.5014093	2.2805586	3.2681906	3.215862	-0.53103244	3.938303	2.611215	3.5541744	3.127255	-1.4969256
-0.8951217	-0.11963782	-0.56896496	-1.0074806	-0.048069984	-2.009127	-1.6343863	-0.6543839	-2.1091006	-1.29306
-0.29138213	-0.31050715	0.4066011	-0.46649528	-1.2966218	-0.99203795	0.12977554	0.17389211	-1.1138083	-0.67463017
0.020751707	-0.35896954	0.5307609	-0.09725846	-1.3519939	0.23210631	-0.15422636	0.5845782	0.16173764	-0.3917518
-0.27942923	-1.0494819	0.08706644	-0.37080657	-1.7227389	-0.8225407	-1.0355573	-0.12889907	-0.7977677	-1.7591311
0.042923592	-0.44146264	0.42856857	-0.08190684	-1.3657453	-1.1249768	-0.10347722	-0.8474717	-0.84919715	-0.9686896
-0.22041601	-0.2088219	0.17380384	-0.4042532	-1.1992509	-0.84414864	0.111623585	0.01177294	-0.8243707	-0.8005458
0.93904525	2.0767462	1.2094218	0.7148061	0.14576122	-0.14754975	0.6459387	0.20556588	-1.0403448	-0.8096217
-1.3544453	-1.5730691	-0.8201959	-1.3239007	-1.1273139	-2.253425	-1.8275048	-1.0730702	-0.22463965	-1.7291673
0.1494886	1.7982876	0.58668864	-0.12644129	-0.7978149	0.49791434	2.3665605	1.071142	0.53612334	-1.3780236
1.5171409	1.6203216	1.8675307	1.2344012	-0.39552307	-0.82533973	-1.4102496	-0.076911815	0.69772464	-1.3729252
1.1766644	2.152782	1.5836915	0.9166043	-0.83039427	0.47419757	2.341096	1.1426314	1.1251628	-0.5997209
0.33346534	1.088211	0.59667975	0.12174158	-0.94404745	1.2692802	2.4148977	1.2458991	1.1577297	-0.61031914
0.029108174	-0.2205793	0.3564968	-0.108671	-1.2229679	0.2934056	-0.10199715	0.7842723	-0.09245381	-1.1752642
1.2012872	2.7037616	1.0763613	0.83656347	-0.6020036	0.23224872	0.9093218	0.39486182	-0.2132796	-1.0641881
-1.5722357	-1.5282478	-1.0954294	-1.5945218	-1.6723241	-2.0436664	-1.9475654	-1.374665	-1.6602942	-1.41526
0.2604847	0.81188107	0.89081085	-0.015818253	-1.3161366	0.6923928	0.94747776	1.3888705	0.35343143	-1.5126462
0.6977179	2.2235584	1.2322748	0.3368088	-0.85937667	-0.009596131	1.0644637	0.8954586	-0.6664202	-0.84673697
3.9111621	2.1400564	3.71516	3.5648322	0.16496137	2.291577	2.7120664	1.8633064	1.5213842	0.1166373
0.8712587	1.4592096	1.1866107	0.55154884	-0.5984985	0.91842717	1.8656979	1.3435211	-0.44843957	-0.9693625
0.9906778	1.0849695	1.4022064	0.7869767	-0.021740586	0.76086265	-0.11096386	0.72459716	0.14874944	0.13181339
0.25041848	-0.10243797	0.44884825	0.06022325	-0.8296174	-0.08881506	-0.31970283	0.123537764	0.06756457	-0.31063697
1.4494677	2.2122436	1.9390575	1.1500387	-0.8118087	2.4376848	2.5481741	1.8947818	3.4168804	-0.88899815
-0.29992384	-0.6824367	0.18792346	-0.40524346	-1.3770534	0.10453632	-0.011647171	0.81012064	-0.4978011	-1.6336994
-1.1418706	-1.443066	-0.6251426	-1.1600897	-1.2961234	-1.012729	-0.6607348	-0.23667565	-1.5983773	-1.372802
1.1183444	0.79592943	1.594296	0.9043064	-1.1892037	1.063024	0.32275683	1.7030135	0.5683916	-1.6782398
-1.2946295	-1.3689306	-0.7793524	-1.3228911	-1.3642151	-1.0242763	-1.6374925	-0.7746273	-1.1929373	-1.6725001
-0.688065	-0.823614	-0.25309014	-0.75990486	-1.2843695	-0.6803256	-1.0824168	-0.40657958	-1.0538924	-1.3399183
0.20925021	0.15721199	0.6394014	-0.00012464821	-1.3060942	0.88859475	-0.19456123	1.0053837	0.5294742	-1.114193
-0.118567206	-0.065356135	0.35176286	-0.21429281	-0.8522146	-0.5479514	-0.7881948	-0.42764285	-0.7306706	-0.663014
0.35670105	2.9201758	0.55215895	0.0082053095	0.12963387	-0.7163001	2.229381	0.25869963	-1.2871557	-0.5645793
0.66229534	1.7869904	1.6196215	0.47532827	1.1299714	0.8911546	2.811871	1.2355291	-0.70270854	1.999308
1.2880654	3.2731442	1.2481337	0.86538327	-0.6031322	1.8058144	5.049775	1.0782361	0.79087776	-0.32797003
0.29440135	0.4444169	0.5105126	0.0779631	-1.0193096	-0.08122733	0.70811135	0.88351774	0.06052138	-0.2097712
-0.3238543	0.34493378	-0.003092289	-0.5163573	-1.0954581	-0.51300985	-0.22355165	1.5727683	-1.9854004	-0.85132563
-1.2719805	-1.3672535	-0.7903645	-1.2798386	-1.4429879	-0.7900587	-1.1744714	-0.8524661	-0.73999923	-1.9219983
-0.46022892	-1.3575456	-0.0151286125	-0.38800102	-0.97993016	0.40449223	-0.73450947	0.9944422	0.77562493	-0.5274581
-0.5484476	-0.20831478	-0.34557495	-0.684652	-1.7430341	-0.65461946	0.5335574	1.4475853	-1.4949943	-1.3782887
-0.45877978	-0.5282922	0.032920346	-0.58060294	-1.5750476	-0.2420725	-0.61248285	-0.028699668	-0.01105579	-1.6445578
3.2199833	2.0072784	3.189267	2.6724548	-0.73895335	3.1840174	2.179238	3.671439	2.279811	-0.83613926
-0.71236086	-0.79941666	-0.34679374	-0.8499085	-1.182037	-1.3070899	-1.4819432	-0.74475527	-1.3769819	-1.8604717
-1.564705	-1.510131	-0.98598814	-1.5329562	-0.26400623	-1.9855282	-1.6009343	-1.8295804	-2.1220505	-0.8159374
1.5705279	2.0413191	1.7288226	1.3362684	0.04020852	0.5754342	2.424978	1.092564	0.8693321	0.112795725
0.16794449	1.6947632	0.63696885	-0.23365942	-1.3317498	0.18050835	2.400223	0.6099955	-0.342719	-2.0180974
0.9221042	2.346026	1.229989	0.56860256	0.14560762	0.4813972	3.4143207	0.6720654	-0.9859206	0.15263131
1.14934	0.33301857	1.5954083	0.9464109	-1.1594254	0.993174	-0.18208712	1.5114944	0.6520925	-1.2251154
0.36413825	0.6001445	0.9412811	0.08632703	-1.8367122	-0.7652197	-0.9079387	1.0838151	-2.3137093	-2.5167713
1.8346905	1.1582588	2.0385103	1.4972352	-0.4991521	2.0267804	2.7370381	2.674976	1.9788212	0.39654678
-0.34569362	-0.88308346	0.20821425	-0.4249497	-1.6212258	0.25571346	-0.7406348	0.10016598	-0.03638266	-2.1822896
1.1053162	1.8927295	1.4387038	0.8204335	0.056611747	1.9912221	2.8036053	1.8074648	1.3565284	1.5701966
-1.6301769	-1.6744955	-1.0164541	-1.6206924	-1.2464131	-2.5518641	-2.6019115	-1.7194787	-2.9043372	-1.6084987
1.076692	4.2959037	1.4827049	0.6588689	0.88106275	-1.1378725	2.408395	0.1589135	-0.5945299	-1.1146502
1.3293904	1.8437648	1.4451505	1.0225717	-0.9273943	1.2224283	2.0776906	0.6551245	1.4849457	-0.72875667
2.2167768	1.4716634	2.6439495	1.925111	-0.7506285	1.4840852	1.3499745	2.5273092	1.2195348	-0.8823978
0.48795018	-0.39049867	1.1924597	0.24452524	-1.6138978	-0.023418115	-0.4548242	0.75659645	-0.71904373	-1.4411591
-0.15457812	1.2644846	0.07926065	-0.3780089	-0.18590792	-0.6470638	1.4257089	-0.51377785	-0.32061657	0.6811562
0.14689463	-0.09778722	0.6240802	-0.07419154	-1.9277395	0.25270903	0.49355042	0.5245011	-0.6581542	-1.8170006
0.71697253	1.2450132	1.3878238	0.5396403	1.1246357	-0.31495243	0.5836727	0.41444054	-0.88769656	-1.182106
-0.6506085	-0.42721215	-0.24110073	-0.8639166	-1.2096782	-1.0353762	-0.6084629	-0.44080642	-0.7124119	-1.2805129
-1.3146292	-1.5010197	-0.8442619	-1.2988116	-1.2084184	-1.0510268	-1.7443644	-0.93443334	-1.4993399	-1.3003192
-1.1328434	-1.2488532	-0.6216203	-1.1814226	-1.3102531	-1.5492771	-1.7311242	-1.671931	-1.4515556	-0.39492634
-1.2489406	-0.13586107	-0.7070174	-1.3677825	-0.8405632	-0.8366274	2.1056068	-0.767363	-0.9597996	1.5431986
-0.20341703	-0.53703344	0.032854706	-0.38653487	-1.4414223	-1.1605219	-1.4687876	-1.2939243	-1.6608489	-2.3397849
0.16232762	0.06608352	0.54875827	-0.028768525	-1.0774021	-1.1248753	-1.1362098	-0.8781979	-0.5730539	-0.31781536
-0.12767152	0.122956514	0.40836158	-0.3141441	-1.3634248	0.75957006	-0.8336742	-0.30073136	0.007984449	-0.760462
-0.025666289	-0.43760848	0.46141893	-0.1955845	-1.7782921	-0.06113605	-0.43139616	0.5785081	-0.11351388	-1.8625327
0.3575662	1.6023773	1.100262	0.07055719	0.0706245	1.8974948	4.0620074	2.0130944	1.4471096	1.0434774
1.9943272	2.0694602	1.9045992	1.6303334	-0.64537436	1.4872489	1.4440774	0.497861	1.0210363	-1.5795583
0.7806783	0.41125432	1.2842188	0.5557922	-1.3406872	1.279646	1.0192207	2.3089304	1.1158819	-0.70100635
-0.16713041	-0.41241866	0.35367966	-0.31960037	-1.1548008	-0.7005108	-0.19153222	-0.11474959	-1.483949	-1.1754355
0.45660642	0.6998702	0.88189924	0.20572226	-1.3459508	0.7425185	0.6382254	1.0237708	0.2890816	-1.6697053
-0.08249552	-0.27075702	0.28302163	-0.16626789	-1.0296416	-0.5775228	-0.8276899	-0.54956204	-0.07099582	-1.1658686
-0.009615548	-0.28085813	0.36645085	-0.14588915	-1.2176826	-0.135404	-1.1845193	-0.30430314	-0.37932009	-2.1307628
0.8894511	1.00231	1.2736535	0.65474033	-1.0550828	0.29029942	-0.27811694	0.80220294	-0.46429402	-1.8642274
-0.43832862	-0.1149764	0.36879534	-0.63164	-1.3141584	0.5184919	-0.39816475	1.8893691	0.5147319	-2.005753
-0.41587323	0.6892173	-0.032673	-0.5971309	-0.56599134	-0.80566597	0.00608571	-0.37509057	-0.8690094	-0.9741198
0.27012533	0.073464006	0.7818079	0.019977316	-1.739921	0.28484255	-0.13055308	0.962434	0.4995831	-2.3235664
0.7763465	0.50933623	1.2470124	0.56602067	-1.0240145	1.1237669	0.4024676	1.2017802	0.053231534	-0.847743
-0.62551665	0.7207873	-0.19923422	-0.99239576	-0.81598973	-1.0783023	-0.2152745	-0.96863204	-0.98657435	-0.8364269
0.29291567	1.4850179	0.533643	0.054886416	-0.61768854	1.1595283	0.61756897	0.34913334	0.21071884	-0.96761143
-0.2381719	-0.935977	0.57530904	-0.40531695	-2.6146207	-0.17060821	-1.356002	0.0029787673	0.10212931	-2.3222544
0.4604762	1.6248924	0.72732913	0.08806004	-1.084243	-0.67823386	1.1773807	-0.21537209	-0.77854675	-1.0186987
-0.4385786	1.372273	-0.15818691	-0.8056102	-0.8260493	0.009323605	1.3958519	0.29074317	-0.35059392	-0.791059
-1.9432555	-1.9936242	-1.3535149	-1.8485352	-1.6907699	-2.7626233	-2.811505	-1.9002136	-1.7329501	-2.4278328
1.033647	0.83395827	1.7193838	0.7696959	-0.7243594	1.09549	1.0925369	1.5999578	0.827987	-0.59640026
0.46063873	0.030980825	0.93467796	0.38181984	-0.21256706	0.3069938	-0.079922274	1.2120279	1.1251185	-0.59924644
1.0210869	0.43752638	1.4199146	0.80837095	-1.235325	0.9022294	0.096556194	1.3934969	0.8003436	-1.0538871
-0.19804436	-0.21188578	0.18936217	-0.35027993	-0.47636306	-0.75990486	-0.36041388	-0.8616687	-1.7886306	-1.39752
2.1561613	1.6566632	2.6003034	1.9529338	0.0025882423	0.82894546	0.16982408	1.8319654	0.98218846	-0.67385924
-0.4086215	1.0582447	0.08869818	-0.74702305	-1.3288981	0.05728918	1.2290412	0.4121968	-0.40825287	-0.83133864
0.2796941	-0.09669086	0.77012527	0.11249332	-1.4729024	0.076271445	-1.0020359	0.6136519	0.087745175	-2.0315704
0.21388587	0.10569355	0.13065514	0.14313291	0.02394244	0.020726271	-1.0057899	-0.095856756	0.040287983	0.24589476
0.39899173	1.0018167	0.72846246	0.17197229	-0.79700065	0.23936848	0.41058505	0.30837926	0.20491701	-0.47430244
-0.012918331	0.30925575	0.30191922	-0.27920127	-1.5233434	0.05321464	0.71513104	-0.4433809	-0.8069227	-0.8329666
-0.736306	0.56338227	-0.5692365	-0.8647567	0.6401243	-1.0285319	0.72289985	-0.26454744	-1.2487289	0.2828626
-1.5086126	-1.590208	-0.9088193	-1.5426387	-1.5301222	-1.4620308	-1.3232768	-1.3928988	-1.3856741	-1.56204
-0.39419717	-0.881165	0.16053432	-0.51186556	-1.1781455	-0.2922407	-1.2862635	-0.21443315	-0.6087462	-0.9488221
0.052809052	0.35683605	0.48180988	-0.12746783	-1.2201613	0.3113946	-1.198597	0.9832072	-0.9915476	-1.4725267
-0.7278136	-0.64213026	-0.40447268	-0.86608344	-1.079762	-1.8379127	-1.6983619	-1.5692264	-2.3616982	-1.5920926
-0.5529885	-1.7834878	-0.2540191	-0.62415177	-1.6639804	-1.7194518	-2.3672109	-2.3862767	-1.3686112	-2.8467245
-0.47594056	-0.3826169	0.13109279	-0.6168448	-1.4446144	-0.06854282	0.5730987	0.3858105	-0.1729983	-0.5002223
0.09185002	2.350057	0.27462134	-0.09099335	1.168141	-0.32486767	3.3959818	-0.13169959	-0.6378932	1.3708059
0.46217296	1.7414827	0.6855272	0.1299244	-0.81294644	-0.89707947	-0.7472068	-0.25903443	-0.9115189	-1.5924472
-0.530576	-0.5755966	-0.14706853	-0.6395339	-1.0763068	-0.38126436	-0.45491076	0.22665316	-1.0095675	-0.8352754
0.3466825	-0.09754872	0.9126915	0.23697527	-1.2832363	0.53265107	-0.40381664	1.4822704	-0.26985908	-1.3117703
0.28269216	-0.41637287	0.77929425	0.14860983	-1.3959213	2.6113353	0.62217605	3.0905473	2.143598	-0.72332925
-0.96351427	-0.89910305	-0.5665736	-1.0029421	-1.0583105	-0.3676815	-1.0521494	-0.84947485	-0.68318707	-1.1335278
-0.60225487	-0.3025922	-0.04873529	-0.8375255	-0.16571876	1.0049564	0.77271473	0.9519764	0.97557217	-0.39628837
-0.57262903	-1.0439051	-0.22764191	-0.6409026	-1.500457	-0.12313671	0.13502087	-0.22314718	1.2170188	0.6569004
-0.702571	-0.58303994	-0.4400737	-0.78153723	-0.8904283	0.21775278	0.7225012	0.3084734	0.08228977	-0.71521795
0.269833	-0.08244833	0.56637657	0.18215357	-0.13777125	0.29373738	-1.375647	-0.1201746	0.6899213	-1.0994376
0.39065188	0.73182714	0.683007	0.11177705	-1.4963824	-0.25354126	0.7982666	0.077525765	0.27874961	-1.7228318
0.20314172	0.33542648	0.558969	0.0058000684	-1.369073	0.14788122	0.62654597	0.5099479	0.5887672	-1.5867093
1.8346742	3.1925266	1.6775575	1.1856997	-0.3761553	-0.5786444	4.5105314	-1.6702993	-0.35657418	-0.78031063
-0.9102743	-1.1236771	-0.48814723	-0.94928366	-1.0502069	-1.3278555	-0.27143043	-0.8474712	-1.501879	0.6836437
-0.23310757	-0.26330498	0.19109437	-0.42185867	-1.3431298	-1.0633924	-0.7004989	-0.9581701	-1.831412	-1.8337637
-1.6454751	-1.2530022	-1.2181944	-1.602296	-0.82107663	-1.8572721	-1.188657	-1.3280215	-1.4884762	-0.24392131
-1.5473214	-0.8672954	-1.008511	-1.6536679	-1.6012694	-2.2105262	-1.3161749	-0.8090072	-1.2799221	-1.597371
-0.06833694	-0.8503752	0.33737627	-0.2199706	-1.5094541	-0.2800397	-0.528365	0.39491978	-0.45658648	-0.6744259
0.10330554	0.07132399	0.5773062	-0.046628997	-0.7895559	0.68096805	-0.6416912	1.6172184	0.5402004	-0.8877089
1.088152	0.85943866	1.5487076	0.8507458	-0.9742013	1.536761	0.3165467	0.9402716	0.8214218	-1.0152622
0.79122645	1.7372391	1.6727889	0.5038179	0.10078114	0.8076352	2.353281	1.5179579	0.3868467	-0.76921606
-0.11941285	-0.28274238	0.2922577	-0.18515946	-0.38153225	-0.3657898	0.15173335	0.23642954	-0.6693418	-0.9514537
-0.10429574	-0.42572337	0.2713131	-0.20596065	-1.0589718	0.14184773	-0.7031196	0.4635801	0.52629495	-1.8634123
-0.27744016	0.1871416	-0.06690398	-0.40763557	-0.5127619	1.2230339	-0.9661053	0.29682449	1.0805639	-0.12896894
0.9171545	0.883376	1.2130089	0.6545115	-0.57977927	0.10134137	1.6128812	0.4794128	-0.24537797	-0.72649443
0.2691557	0.973945	0.28049296	0.020544097	-0.7001633	1.2581388	2.548623	1.256564	0.5737036	0.051993836
2.0756931	1.6009622	2.4403107	1.8337882	-0.35528243	2.930806	2.372446	2.281581	2.8652737	0.2655154
0.29131436	0.006326586	0.57878023	0.17937113	-1.240865	-1.0827553	-1.2268804	-0.63769984	-0.84174496	-1.0652093
-0.47798756	-0.8316225	-0.038011283	-0.5446151	-1.4889116	-0.21511923	-0.79053146	-0.088092044	-0.07518972	-1.1690015
1.2364253	3.9855072	0.9657209	0.69769466	-0.5283357	-0.50964713	4.174234	-0.2804082	-1.0028826	0.3279727
-0.4713532	-0.6139747	-0.037118673	-0.5283829	-1.0673947	-0.50632834	-0.57974863	-0.40867433	-1.2022338	-0.8491954
0.05219055	-0.44661954	0.5590987	-0.13906625	-2.0751412	-0.1476457	-0.37375107	0.9098907	0.18391801	-2.2163413
-0.09470537	-0.8844681	0.59697723	-0.16089405	-1.8698717	0.9423071	-2.406136	0.64200544	0.16707867	-2.2011166
-0.9680545	-0.814088	-0.6584729	-1.0008639	-1.2790269	-0.78079534	-1.195153	-0.9152089	-1.2203672	-1.3780771
-1.2291414	-0.4817004	-0.91644084	-1.2112724	-0.61927533	0.17399533	-0.74533397	-0.5632439	-0.45979962	-1.2044013
-1.0712231	-0.9718435	-0.66293526	-1.1800796	-1.0623621	0.3111558	-1.1141204	-0.37805083	-0.22782606	-0.8377455
0.5568245	0.4356793	0.55672145	0.19311975	-0.8449323	-0.35619512	0.6533998	-0.12854533	-0.49931884	-0.7100187
-0.4610995	-0.66702074	-0.078303546	-0.5701137	-1.0037358	-0.1885545	-0.4558836	0.1787253	0.8528075	-0.6940885
2.513094	2.3985736	2.7255955	2.1056893	-0.22112748	2.035166	1.8567475	2.2783332	2.2712395	0.34008577
-2.1779659	-1.9215406	-1.5735813	-2.067599	-0.9074434	-2.0344865	-2.3465097	-0.8647518	-2.233044	-1.438764
-0.9160005	-1.0342653	-0.5399605	-0.90346104	-1.2190235	-1.5145845	-1.9702226	-1.2152708	-1.6235328	-1.7182246
1.1167171	0.111644715	1.3851593	0.8837712	-1.150946	0.48232874	0.25137687	0.87106764	0.43539172	-1.7565386
0.13697463	2.0412505	0.40445834	-0.2801873	-1.1911699	-0.71261656	2.6718678	-0.48448148	-1.0435065	-1.1543624
0.49323288	0.44752362	0.8513802	0.26642424	-1.0291927	1.1155802	1.3654104	1.2649802	0.22013484	-1.1009547
-0.643531	0.35496506	-0.1141206	-0.82878727	0.39531955	-0.36697838	0.36902705	0.48600644	-0.3504228	0.69373196
-0.60842144	0.84666324	0.19577757	-0.7996625	-0.3908349	2.197642	1.8700498	2.5695531	1.8289479	-0.6643819
-0.2389755	0.94069767	0.47184283	-0.44223958	-0.78042257	-0.72786206	2.5490572	-0.07289884	-1.3442444	-0.8081678
0.52127403	1.8440194	1.3132641	0.3875656	0.85632956	0.0095980605	1.9057136	0.85730636	-0.8340302	1.4985477
-0.8541815	-0.5148763	-0.637864	-0.8796674	-1.0977939	0.068997964	0.5956458	0.9129523	-0.62837404	-0.44816887
0.080156185	-0.779438	0.5676053	-0.012725934	-2.0736997	1.0588324	-0.9569984	1.2050433	1.0134968	-3.219806
-0.15420136	-0.545733	0.2871243	-0.27176493	-1.3958913	-1.196135	-0.33251134	0.07612888	-0.9760104	-1.6887295
2.6545167	1.1726248	2.8168173	2.2957077	-1.0245601	1.3210686	0.120851554	1.5957003	1.0981855	-1.5630596
-0.9352217	-1.0552559	-0.3977935	-1.0004228	-1.3135829	-1.4479848	-1.4850397	-0.7192439	-1.9497107	-1.2999649
0.9045597	0.04959038	1.2303269	0.75000226	0.374994	-1.3443807	-1.5957001	-1.0369653	-1.6908774	0.11169463
-0.9549484	-0.77087736	-0.6507592	-1.0020336	-0.9249531	-0.5973407	-1.699083	-1.5377735	-0.114770986	-1.3865896
-1.6556538	-1.8718381	-1.0154485	-1.6356857	-1.1878889	-1.5507275	-1.1112102	-0.28122938	-2.2098365	-1.9183159
1.4694574	4.2436805	1.3564055	1.0278347	0.57134354	1.2228341	3.0110397	1.328496	0.7217176	0.089979224
0.12820536	0.46466562	0.6720339	-0.011622593	-0.783854	-0.62403893	1.8824934	0.026552685	-0.84417945	-0.70837307
0.28795257	-0.05604744	0.77465534	0.25469148	-0.56121707	-0.90595096	-0.44409934	0.5877553	-0.8625564	-0.70513624
0.1521695	1.2459134	0.13668302	-0.15899554	-0.9507896	-0.45923126	0.4865227	-0.4961293	-0.27901176	-1.3194517
0.988496	0.76451373	1.190481	0.70060474	-1.5394821	-0.12455338	0.44289336	0.022401212	-0.17495175	-1.459187
-0.4579077	1.7145438	0.09710847	-0.7633102	-0.8390037	-0.7635719	1.4014612	-0.24236526	-1.1235371	-1.2654306
-0.7904342	-0.65157986	-0.20032346	-0.94015414	-1.9919213	-0.13279456	0.2819484	-0.10589633	-0.8687424	-1.4649578
0.15359029	-0.121474445	0.69614875	0.009055987	-1.3457187	-0.035186104	-0.73943883	0.68092924	-0.12770636	-1.6418439
-0.7336816	-0.77702606	-0.2585617	-0.8305104	-1.3860489	-1.050494	-1.4398232	-0.7709881	-1.3693086	-1.539081
0.97876436	0.44014522	0.97352195	0.67865014	-1.272083	2.369939	1.5066881	1.5532086	1.8268816	-1.1427101
0.3648092	-0.23383844	0.47541556	0.13421874	-0.4978559	-0.0034326776	-0.7236626	0.27292418	0.28401724	-0.3966913
0.056964032	0.14525455	0.5005809	-0.15427981	-1.1744415	-0.3618469	-0.20152263	0.56782544	-0.13533683	-1.4931992
0.32008472	0.58429563	0.78360903	0.06270222	-1.1990416	-0.0751101	-0.3258377	1.043052	0.034221698	-1.2799671
-0.1986427	1.5092145	0.57916164	-0.5229781	-0.20504487	-0.5364265	1.955436	0.50508696	-1.1988232	-0.35454997
0.41993663	0.27511713	1.1889348	0.24852197	-0.39619207	-0.1160204	0.046474047	0.6833043	0.20700534	-1.0179793
-0.2010814	-0.20120099	0.3357368	-0.3288837	-1.2708256	-0.5153636	-0.23888022	0.12931442	-0.9545474	-1.295537
0.08182564	0.05844611	0.35037905	-0.13086747	-1.4522356	-1.4705813	-0.9417746	-0.693102	-1.8744903	-2.301438
-0.513885	0.020155817	-0.06437731	-0.6607759	-1.315846	-0.9433176	-0.59192336	-0.090770334	-0.8923348	-1.0600195
0.66186374	0.7591419	0.82062423	0.48985875	-0.8333883	0.6812131	2.7262824	1.0557649	0.3076802	1.2190918
1.5243882	3.3385828	1.0944345	1.1012446	0.47913358	1.7312658	3.2149324	1.7726916	-0.23088843	-0.39063576
0.90923065	-0.15557212	1.450175	0.69447136	-1.275133	-0.16908044	-0.035037406	0.7897147	0.56096977	-1.8780855
0.42015848	0.9936969	0.8642503	0.19261913	-0.8827404	-0.0069721052	1.0604129	0.11800964	-0.1706657	-0.8163225
2.869093	2.929275	2.9203093	2.3457632	-0.17872086	2.8556588	4.048652	3.1824305	2.5334203	0.46392274
0.91877896	1.2260927	1.4287863	0.66550595	-0.94057786	1.0133678	1.8545022	2.085941	0.9479534	-0.4654615
0.24824524	0.46625724	0.78517354	0.034597054	-1.1995023	-0.40245774	0.97610474	0.6851275	-0.14872308	-1.2732137
0.8607799	0.43770006	1.3487049	0.6389816	-0.94850016	0.7747816	0.111667134	1.179817	0.061110474	-1.2279682
1.1498566	4.379841	0.93272555	0.6832088	0.6794512	0.8987132	6.236241	0.25496674	-0.39237544	3.2979848
0.81084734	4.215663	0.57905865	0.35686952	0.6538029	0.5694402	6.094228	0.44184124	0.14430365	3.4349964
1.2267225	1.4513927	1.5541135	0.85067046	-0.65291023	0.17491376	1.4029543	0.8220071	-0.5445617	-0.6563489
0.6127991	-0.037068576	1.1601417	0.4008168	-1.4030923	0.87222946	-0.27369824	1.3088647	0.5706204	-1.4470271
0.20576274	-0.430961	0.52444017	0.039765075	-1.2391851	0.113399245	-1.0972823	0.574815	0.559925	-0.9290588
0.8664755	3.1274242	1.1563541	0.4915253	0.54781115	0.8353693	4.848875	1.0902255	0.6547776	1.2439519
0.2805715	0.48063073	0.52679694	-0.006306961	-1.4308429	0.24946944	1.708918	0.35014382	-0.05887291	0.28950778
-0.30577242	-0.68630326	0.047338396	-0.4949085	-1.756994	-0.37021437	-1.8987045	-0.5831569	-0.66731834	-1.7331069
0.18992057	-0.0805579	0.3542682	0.061129645	-0.6041817	-0.49625716	-1.3789446	-0.15866947	-0.44457176	-0.9547584
-1.3600967	-0.9165151	-0.8161851	-1.4479558	-1.0335101	-1.3996315	-0.49256662	-1.5678579	-1.7699343	-1.4378726
1.6353277	1.0015742	2.1297033	1.2969408	-0.95869374	0.77752805	-0.3274414	1.1223414	0.694501	-1.0381726
-0.8716273	-0.38159177	-0.53712785	-0.9963189	-1.0321927	-1.0506023	-0.4230109	-0.8933303	-0.8669847	-1.3593677
0.2938243	0.28703824	0.91392875	0.12702401	-1.4635143	-0.2145693	-0.62705076	-0.102214545	-0.3555063	-2.253888
-1.8335601	-1.6973008	-1.2641368	-1.7851211	-1.402175	-2.3908548	-1.8854091	-1.3156389	-2.3086784	-1.5454545
0.8018477	0.45720008	1.2145569	0.5871146	-1.296553	1.3086826	-0.099877015	2.0561628	1.0082269	-1.133268
0.5033191	-0.07036054	0.9637331	0.31289285	-1.1267301	0.85956633	0.25865442	1.8807297	0.76048666	-1.4822948
0.4860889	0.6590649	0.25632	0.40472662	-0.20398138	1.7263433	1.5344086	0.9003108	0.9311825	1.1137626
-0.68337005	-0.7551198	-0.33359817	-0.7697092	-0.78670263	-0.16194788	-0.6439848	0.013113846	-0.5994607	-1.4605141
0.016375788	0.01784572	0.46507663	-0.20009536	-1.6146734	-0.01392733	-0.6697866	0.7017593	-1.4943806	-1.1937032
2.4238665	1.5859653	2.711408	1.9734561	-0.7963208	2.1514673	0.94780856	2.3232386	1.9418155	-1.1644304
1.43277	0.9938617	2.0735855	1.0813626	-0.8752291	0.3944315	-0.5002698	1.0762761	-0.13383487	-0.9292285
1.4909604	3.844776	1.4754583	0.9710028	0.772859	1.5746455	4.037417	1.2886479	1.0206045	0.93906504
-0.9779113	-1.0247939	-0.5215994	-0.91844785	-0.6225852	-1.3405681	-1.7483648	-0.8074859	-1.785838	-0.30339396
-0.3185654	0.5383644	0.24056008	-0.48678714	-0.93776155	-0.118899494	0.48834878	0.095949754	-0.7177896	-0.63891155
-0.19086018	-0.81396043	0.3120661	-0.2916807	-1.8175906	-0.31966805	-1.3447264	-0.3553201	-0.020114468	-1.4392592
-0.27557686	0.23161158	0.07527268	-0.43811417	-1.0316011	0.13936612	0.7015387	1.0712829	1.1427044	-1.3897191
-0.7614092	-0.7852955	-0.34833178	-0.8524271	-1.5562043	-1.6992763	-1.2737441	-1.1622026	-1.6601892	-1.3024726
1.8445412	1.1633841	1.7639471	1.3520277	-1.5883683	2.2876933	2.345278	1.1751753	1.1951717	-1.8565524
0.56054586	0.31963125	1.1891081	0.3614052	-1.2772642	0.44840038	-0.066854715	1.2413125	0.6070761	-1.3837385
0.6259	1.061661	1.103417	0.35242403	-1.4204149	0.42033413	0.33083025	1.0915403	0.4395642	-1.4518095
0.17916787	0.56732976	0.44823432	-0.016859323	-1.1498082	0.5026895	0.16670811	0.45565188	0.1533793	-0.5221027
-1.0939898	-1.3202566	-0.6820619	-1.0889926	-1.3786422	-1.411428	-1.0901763	-1.5191624	-1.6382687	-1.3777945
1.8992085	0.7672633	2.5013106	1.6476725	-0.9895394	1.8220794	0.6690427	2.4388785	1.508507	-1.1041566
-0.21157026	2.40471	-0.059823394	-0.65245503	-0.8432915	2.8838513	2.3538084	2.559696	1.6958405	-0.28618884
0.9408944	1.4719031	1.3204383	0.73237	-0.17719626	0.2870476	1.6452452	1.7878108	-0.052043263	-1.1357176
-0.99321264	-0.74332607	-0.6731335	-0.96462667	-0.10653797	-2.0122783	-1.4984584	-1.5859516	-1.8497707	-0.8399677
1.1575075	1.1897213	1.3695744	0.8364123	-0.330155	-0.96793735	2.9014773	-0.15067896	-1.002164	0.71692187
0.7776773	1.6328868	0.82334805	0.4970101	0.06977171	0.186453	1.5921834	0.72438335	-0.66183877	-1.5524468
0.3947001	-0.44706392	0.8579116	0.1643735	-1.8776976	0.35010466	-0.36522394	0.7011663	0.11362041	-1.8043226
1.455733	1.0936114	1.8940392	1.2210096	-1.1367046	2.2355204	1.8326557	2.177527	1.7318926	-1.1182508
1.6595471	2.7293293	2.0038095	1.3321445	0.72334266	1.6004066	3.1564593	2.021586	0.96565074	0.17306589
0.47150627	2.9211571	0.6816213	-0.0296195	-1.0512652	1.0220821	2.7913783	1.7163191	0.4130077	-1.5291756
1.2454015	5.2807584	1.0678384	0.6911634	1.7463781	1.9535064	4.858236	2.0437675	1.7044849	1.5212609
-0.66997176	0.5973563	-0.29578677	-0.9408438	-1.3848426	-1.9352026	-0.42411348	-1.9030787	-2.1697512	-1.7962165
1.0243871	2.7444544	1.1216587	0.49574512	-0.8220967	1.9385523	2.8197637	1.4082133	1.1207695	-1.4982979
0.4832318	1.7211666	0.64143896	0.18383406	-0.7592818	-0.11890614	1.6939238	0.18743457	-0.009567452	-0.76458347
1.0884763	2.0590582	1.3660446	0.710773	-0.7304251	0.108820714	1.6853112	0.6654789	-0.8486034	-0.8608345
1.9863759	1.9875681	2.454609	1.6954598	-0.29495126	-0.12441874	0.79528904	0.88331056	0.022041267	-1.6834491
0.12525651	-0.71153986	0.6242058	-0.032253698	-1.5372726	0.34763813	-0.39770037	0.21265759	-0.32278702	-1.651847
0.9918135	0.5904819	1.2983676	0.81068015	0.5485618	0.06503547	-0.5026919	0.58286947	-0.25228086	-1.2243427
0.91233474	0.09396011	1.1714997	0.7118927	-1.0875646	0.61941946	0.24545722	0.83217895	0.17589453	-1.2666186
-0.20794255	-0.48736855	0.20854238	-0.335279	-1.3147203	0.22268467	0.4242838	0.9908721	-0.0720402	-1.010674
1.6712133	2.1082098	1.7033665	1.3236213	-0.90380096	2.4346454	3.381485	1.8711394	1.3649205	-0.017148098
0.49390778	-0.51940095	0.80393445	0.33573252	-0.6008155	0.33531165	-0.3923171	0.29206228	-0.78340507	-1.4665359
0.0025902465	-0.45198935	0.49787283	-0.16516688	-1.532673	1.7822435	0.7940002	2.3180425	1.4539416	-1.6136711
0.8673559	0.8329711	0.67308044	0.64991283	-0.9746798	1.6267153	2.5149255	0.62465966	1.1688943	-1.5034323
-0.089055665	2.8279977	0.45834234	-0.48372048	-0.62380826	-1.2480669	3.1395667	-0.6926412	-0.2615887	0.31172022
1.7786454	1.2327094	1.9757981	1.5388298	-0.013960779	0.3464131	-0.029247552	1.2606323	0.13987318	-0.5216473
-0.18824524	0.05437264	0.13821523	-0.3674096	-1.0259993	-0.73437214	-0.3530645	-0.11988889	-1.455993	-0.5736043
3.6463826	2.5640686	3.262998	3.050178	-0.10123858	1.4075761	2.3869483	2.240038	1.3940645	-0.131623
0.33301935	0.2019827	0.75676835	0.15034829	-1.458418	0.34276596	0.18075992	1.0179552	0.42466545	-1.7545614
0.40189287	0.86721396	0.9155079	0.20124494	-1.1099918	0.22268273	0.12951356	0.740047	-0.3874014	-1.5241077
0.25489998	1.1522199	0.8426453	0.025716051	-0.32690048	0.05988888	1.5220156	0.29873806	-1.003531	-0.58313775
1.5662683	2.269774	1.5940446	1.1439011	-0.2579334	1.8537524	2.9638274	1.2374874	1.4047567	0.5203291
0.413751	0.13040248	0.34149507	0.3317212	-1.3723571	-1.301518	-1.0418451	-1.1538416	-1.108515	-1.3804524
0.94854647	1.1451786	1.2097943	0.6003776	-0.32132828	2.5042279	2.462135	2.3601177	1.7357376	0.4953109
1.6607866	1.7766209	1.9441245	1.2770116	-0.70532465	0.24094115	2.8948405	1.2960255	-0.8762446	-0.30299863
1.2280084	1.8408852	1.5471802	0.940328	-0.614608	0.030571546	0.070216306	0.9236109	-0.14798756	-1.3364145
1.3849427	2.1028337	1.4158603	0.9358039	-0.4052741	2.1376073	2.1740158	1.4533579	1.4193919	-0.38363555
-0.8230773	-0.44636092	-0.5042325	-0.940563	-0.59650886	-1.4311669	-2.0669763	-0.919106	-1.6335312	-1.350199
0.69058615	-0.083860815	1.2080745	0.53203654	-0.86847854	0.6974445	0.7629536	1.0699978	1.022945	-0.5225547
3.2077482	4.0684476	3.2965047	2.8964603	0.17716572	2.2790713	4.344509	2.7199743	1.9861985	-0.30628657
0.78786016	2.1476078	1.2268159	0.56206226	-0.585991	0.7063623	1.9518157	1.2935406	0.45390555	-0.91281253
0.14404932	0.48292223	0.7030775	0.002864331	-0.8533777	0.18759817	1.1904418	1.3132622	0.21876484	-0.47782624
0.95260435	-0.53993285	1.1867136	0.8235365	-1.1793486	-0.3791619	-1.5704156	-0.35686436	-0.950803	-1.178782
0.099743925	1.0127187	0.26247314	-0.18134508	-1.1015849	-0.61144	-0.3691571	-0.18522175	-0.54320914	-1.6127019
-0.46827644	-0.58932865	0.14184763	-0.5847845	-1.4947983	-0.38617343	-0.3197631	0.91828847	-0.6630026	-1.2369957
-1.3177117	-1.3996168	-0.97109795	-1.29625	-1.0090849	-0.45281193	-1.328232	-0.11282697	0.4550555	-0.8433148
1.1904669	2.5114417	1.1801418	0.83258295	0.06809768	0.7052635	3.4033475	0.99077266	0.2131308	0.9084765
-0.043213226	-0.65834844	0.3473874	-0.16098727	-1.7435905	3.4487677	-0.11345771	1.72428	3.4636421	-2.1147857
0.5512456	0.21029195	1.2473335	0.3701843	-1.5785867	1.1524426	0.65256584	2.4022202	0.8084265	-1.5952319
0.5996819	2.4355137	0.441459	0.35562956	0.2267439	-0.07658303	2.3760545	0.38265207	-0.22326605	-0.075554244
0.4244289	2.1362884	0.49375704	0.099560216	-0.414557	0.5017387	1.4720705	0.244454	0.3734959	-1.6462941
-1.0230075	-0.72393215	-0.6911833	-1.0531894	-1.0515187	-1.2111868	-0.9116052	-1.9679466	-1.1536046	0.384732
-1.5900735	-1.7955362	-1.0658298	-1.5912162	-1.508129	-1.4918755	-0.89574635	-0.5847992	-2.7279232	-2.1621547
0.81803274	0.5851133	1.0000857	0.7092222	-0.94648576	0.6525489	-0.52727747	0.6855985	0.06594714	-0.84147334
-0.02842597	0.5233345	0.5950526	-0.25139183	-1.0128969	-0.7550918	-0.41437587	-0.25703514	-1.2579341	-1.0183661
-2.024964	-1.9279827	-1.3031181	-1.9928315	-1.8165461	-2.2342646	-2.4011557	-1.5467174	-2.8149378	-1.8135339
1.588939	4.372075	1.5851084	1.0226713	-0.022664607	2.4318428	5.7478156	1.4909871	1.4239905	-0.55839235
1.4941611	1.3080561	1.5235097	1.1758957	-0.3337225	0.13151917	0.66084343	0.05871896	-0.32802954	-0.41166008
0.215709	1.1599833	0.6656276	-0.088963985	-0.32937235	0.389004	0.9154229	-0.15901236	-0.14785561	-1.0741725
-0.7113889	-1.1033249	-0.31182155	-0.75802696	-1.0061108	-0.79640037	-1.0228279	-0.91331375	-0.91246516	-1.5611268
-1.1966839	-0.85378885	-0.6374475	-1.3278247	-1.1076106	-2.027557	-2.2846205	-1.1442939	-2.0793042	-0.83391285
-0.3489616	0.04540354	0.06348798	-0.52267367	-1.4452323	0.24313043	1.0604258	1.0489953	-0.04015285	-1.5348618
1.1185488	3.3561192	1.62455	0.82453585	0.26908633	0.51689035	4.425605	1.0418717	-0.43035278	-1.2717702
0.8303968	0.7431375	1.11889	0.6417064	-0.2520315	2.411891	2.1406999	3.040627	2.7518544	0.86867356
-0.03238613	0.28526106	0.43381676	-0.20500575	-1.2517236	-0.36701044	-0.29076654	0.19132937	-0.24095772	-0.71931124
-0.08905118	2.180039	0.40206596	-0.49285638	-0.77551484	0.64201665	2.1876113	0.9408472	-0.60642624	-0.824861
-0.5729329	-0.9373323	-0.1037415	-0.6825249	-1.7989117	-0.32655966	-1.0133035	0.42627478	-0.18951543	-2.2000523
0.37983218	-0.3374886	0.8529496	0.20163487	-1.3565781	0.6160959	0.64054716	1.106687	0.143163	-1.2637515
-0.8060556	-0.38241193	-0.45701972	-0.93689096	-1.4608752	0.83547413	-0.7783595	1.0329828	0.65846753	-1.2356526
1.1487399	2.1151419	1.3061303	0.8373308	-0.5806195	1.4926114	2.9680448	1.6315057	1.2088572	-1.1348056
0.55189663	1.2069521	0.6073919	0.27030575	-0.6263798	1.1034423	1.4768881	1.6723039	0.22987719	0.566792
0.19511548	0.9246962	0.4390568	-0.052884385	-1.2699332	-1.2305102	1.1102754	-0.63708615	-1.1397476	-1.075144
0.0086873695	-0.17431892	0.60048157	-0.14057668	-1.1185716	-0.8541106	-0.80103844	-0.2574082	-1.0246736	-1.8502169
-1.276261	-1.350724	-0.73385656	-1.3182107	-1.4037999	-0.68756497	-0.92813605	0.27463692	-0.7419016	-1.0471872
0.9614617	1.9041755	1.324149	0.61592245	-0.6900871	1.6560683	1.7642549	1.5899138	2.1611295	0.8826024
1.255401	2.026984	1.5502006	0.91059804	-0.6792011	0.9936958	2.0950835	1.2084178	1.1840295	0.13327083
-0.28587914	-0.38712847	0.27759796	-0.39988726	-1.2354904	0.05117723	-0.30357358	0.78662837	-0.026738217	-0.7197035
-0.18961579	0.48776057	0.0848812	-0.43430617	-1.6651682	-1.1437347	-0.44554368	-0.93197197	-1.5488491	-1.3355047
-0.33911788	3.7296388	0.11670909	-0.89085764	-0.5789621	0.6723643	3.1460705	0.45755467	0.086512655	-1.104647
-0.17037737	0.19901231	0.14865014	-0.18481328	-0.040071487	-2.5447025	-0.5905705	-1.4892659	-2.202409	-1.3026401
1.360834	1.6893075	1.4914621	1.0927153	-0.3676897	-0.892597	0.14648585	-0.5716227	-1.6559583	-1.1305071
2.760733	3.6657653	3.154052	2.3102856	1.0793842	5.830733	3.592525	6.637294	4.8233027	-0.18184231
-1.294285	-1.2344162	-0.8367995	-1.3252788	-1.5693814	-1.2546496	-0.70312357	-0.9891962	-1.0534786	-1.3812804
-0.6797902	-1.1655532	-0.3436087	-0.77417904	-1.5990227	-0.5154795	-1.3055651	-0.40029496	-0.3117239	-1.50936
-1.2638425	-1.6216089	-0.85024786	-1.269899	-0.28898337	-1.792592	-1.7906643	-1.3299251	-1.7484219	-0.35257536
0.2688585	0.15602592	0.65581715	0.056498528	-0.46785605	-0.055039942	-0.9532744	0.20070872	-0.33534092	-1.0671632
0.05147653	0.30377892	0.42706522	-0.16576356	-1.515537	0.83136374	1.0109607	1.5872034	0.53577936	-0.311218
0.45794073	0.99769497	1.3615527	0.20418693	-0.51213545	0.83084184	0.7904115	1.6912329	0.7455803	-0.8308134
0.9575369	0.6648191	1.0948985	0.63632435	-1.1903276	2.0457342	2.1045713	1.9827579	1.4482003	-0.73563385
1.1860024	1.62414	1.3649025	0.81226814	-1.2827632	1.0689029	2.9524865	1.2117114	0.47011155	-0.13438994
-1.2659228	-0.7915913	-0.81110716	-1.3850095	-1.4699043	-0.14269964	-0.48438182	-0.0500543	-0.41356474	-1.1622148
-0.7727683	-0.95515406	-0.4193186	-0.77638745	-0.9673722	-0.74780935	-0.39429447	-0.44038507	-0.68116146	-1.2424493
-0.75867146	-0.8043051	-0.32175073	-0.8942326	-1.6832098	-1.0932364	-1.4788878	-0.83369446	-1.5872066	-1.1685276
3.2133234	4.499302	2.776394	2.5182319	-0.66212785	2.8374617	3.5213656	2.7040718	1.9638436	-0.96343267
3.0106366	1.8041608	3.3758705	2.8161964	-0.40833768	2.8022966	1.205217	3.0861561	2.9380953	-0.3771609
0.98186	1.0633332	1.5746064	0.80431724	-0.63860327	1.4022251	1.5671812	1.8576955	1.3829573	-0.31948528
1.7559037	1.3859043	2.071102	1.5030837	-0.105779946	0.9199717	2.0705805	0.76295894	0.626392	0.3113911
2.1642559	2.1055076	2.5249932	1.8491397	0.7455046	0.8026118	1.9144918	1.2895188	0.3418984	-0.5838751
0.4882796	1.7082533	0.7997006	0.24052037	-0.7527634	0.8894961	2.4159346	0.5018251	0.45445558	-0.29538983
0.096999936	-0.8555324	0.529529	-0.120040566	-2.051697	2.7190413	-0.10333608	2.277412	2.1494622	-2.4915228
0.2908308	1.111804	0.6081767	0.07449095	-0.121895805	-0.44861978	0.5762933	0.40224674	-0.035673343	0.39947304
1.3895315	3.1147563	1.3463949	0.9703541	1.4856899	0.09008491	1.727669	0.5859137	-0.2717022	-1.1113693
0.5365085	1.0423882	0.84856987	0.26226085	-0.60036045	0.9295388	0.51398015	0.94565547	0.31934056	-0.6943043
0.34136394	0.05440694	0.588997	0.16389386	-0.9912162	-0.948943	-2.0340738	-0.0509069	-1.2522808	-1.3345519
-0.83566666	-1.3713994	-0.3028632	-0.8030318	-1.659721	-0.60901874	-1.7102214	-0.210269	-0.73482007	-1.6398907
0.56505847	0.37144116	0.80127335	0.31590533	0.1121901	1.854969	0.27630714	2.5360265	2.8364487	0.90673155
0.060150497	-0.26151428	0.656319	-0.15733895	-1.7106248	-0.23615524	-0.9860464	-0.056642916	-0.6692759	-1.7226694
-0.15675277	1.2071971	0.22928719	-0.37134343	0.12211999	0.46752	0.8528034	0.22899482	-0.02371858	-0.56635755
-0.7270044	-1.0550073	-0.2599064	-0.80000275	-1.0457538	-1.1846611	-1.2744881	-1.1024789	-1.8038803	-0.4043815
-0.5923316	-0.99533665	-0.19989589	-0.6811822	-1.2754723	-0.5316628	-1.3900424	0.45123404	0.3294685	-1.119582
1.0073059	1.5652363	1.0086651	0.6802839	-0.58594346	0.39270413	2.1756475	0.82006764	0.6083888	-0.46462354
0.8826024	1.9755259	1.381908	0.62698954	-0.7878817	0.5255411	2.4656863	1.4062757	0.68702483	0.5304911
-1.5309683	-2.0792756	-0.9519162	-1.512154	-2.0903227	0.083086185	-1.7477577	0.897666	-0.21673931	-1.2724612
0.5318028	0.802215	1.1777264	0.29798418	-0.69526136	-0.26060772	0.58733326	0.4503325	0.12145605	-0.81721884
-0.39397648	-0.42858404	0.020188197	-0.47675884	-1.043513	-1.4426671	-2.0278883	-0.6056802	-1.6046561	-1.4025859
0.8082811	1.8418708	0.6635424	0.31589717	-1.0656617	-0.25558597	0.7119373	-0.6638932	-1.021456	-1.0653739
-0.36819246	-0.32618484	0.11592856	-0.5326549	-1.2676517	0.34227425	-0.40830618	1.0029649	-0.019858308	-1.4678121
-0.04448829	0.1349482	0.44760892	-0.21295018	-1.4823545	-0.3601865	-0.07392217	0.64942515	-0.4272521	-1.5505452
-1.766962	-1.3370975	-1.2495736	-1.7513113	-0.95776844	-2.3119848	-2.158432	-1.151135	-2.5731375	-0.6069281
1.1496029	2.1873443	0.85076606	0.8297273	0.47733083	2.4796453	1.2305758	3.0222573	2.2895327	1.1484408
3.345301	2.4017422	3.1775358	2.75769	-0.8622353	5.4547567	3.9416597	5.112677	4.7191353	-0.6859685
-0.88994175	-0.88463676	-0.3977609	-1.0208986	-1.6309928	-1.986195	-1.1676605	-1.1579361	-0.5842563	-1.3292961
-0.30058753	-0.44027245	0.15249522	-0.44393742	-1.4437102	-1.2263796	1.3714845	0.51313466	0.22517519	-0.9097365
-1.2815428	-1.4275944	-0.8227259	-1.2686545	-1.4174181	-1.6685476	-2.3525927	-0.70576394	-1.9319823	-1.4216869
1.7836076	1.200042	2.487127	1.4958442	-1.0716707	2.556142	1.3136185	2.901958	2.0238812	-0.91135746
-0.03855399	-0.85570014	0.30892017	-0.15378596	-1.2261182	0.9038586	-0.58236897	1.0521175	0.032877	-1.0216426
-1.1409563	-1.2708513	-0.6043879	-1.0972611	-0.75311244	-0.48567322	-0.7698734	-0.04170237	0.0186802	-0.5160821
-0.9367075	-1.3632451	-0.54335856	-0.90130156	-1.0228086	-1.1298026	-1.5245779	-0.7079518	-1.1084926	-0.25722376
0.21572319	2.9089394	0.83128417	-0.24248347	-0.8682424	-0.5744784	0.07704625	-0.08270548	-0.18951543	-1.1172552
0.8616553	3.355034	1.1871349	0.40122133	-0.7589059	1.4195118	4.136359	2.4535582	1.058145	-0.66951543
-0.47827426	-0.546682	0.04036644	-0.6462598	-1.1702656	-2.0891435	-0.697259	-0.48306927	-1.0023956	-1.4887103
1.4548163	1.823343	1.5764908	1.1668823	0.52844787	2.2992327	2.7766387	2.2971287	2.6771848	1.6071736
2.5465152	1.1701219	2.4985936	2.1815877	-0.43065596	0.7180486	0.16999102	0.9083607	0.5915663	-1.5342395
0.63076407	0.03923756	1.0919453	0.40018064	-1.3381128	0.4460642	-0.4191018	1.42647	0.545904	-2.028798
-1.7560606	-1.7854657	-1.1301997	-1.7019824	-0.70824164	-1.6549225	-1.9105535	-1.5500587	-1.5972313	-1.4657228
1.8307244	2.5709507	1.8280344	1.4753487	-0.3741138	1.4471117	2.4887645	1.2295272	0.82370764	0.14908697
1.0008507	1.9301426	1.3271124	0.65329444	-0.40686077	0.09130194	0.72238195	0.44243336	0.21830761	-0.4155336
0.8590816	0.22597972	1.4975822	0.731701	-0.70040023	1.0269747	0.24573675	1.2756646	0.7292291	-0.8020981
-0.90621334	-1.260395	-0.10037112	-0.902672	0.29640397	-2.0979319	-2.7962477	-1.0956354	-2.7707691	-0.03175165
0.7969485	0.4901527	1.0540506	0.50438976	-1.2346148	1.9338269	2.2629175	2.58999	1.9013101	-1.4000714
-0.62522036	-0.6221036	-0.24420416	-0.5863308	-0.4232935	-0.11515214	0.25134164	0.16890313	-0.11961945	2.194498
1.3058136	1.6464932	1.4461968	1.0404773	-0.46155837	3.2259927	2.5112	3.3019638	3.2198265	-0.5327447
1.3984725	0.55499923	1.8350306	1.1160923	-0.98694086	1.1297134	-0.03037128	0.5509112	-0.044762116	-0.9059299
-0.55605286	-0.45075953	-0.18705648	-0.6852185	-0.8073193	-0.88473827	-0.5652757	-0.9103256	-1.0382843	-0.9317443
-0.93504745	-1.015758	-0.3411781	-0.9122916	0.09869051	-0.59794474	-0.6986003	-0.5466517	-0.34071976	-0.76342833
-0.34929475	-0.75988364	-0.09393841	-0.4257245	-1.6909708	-0.53997105	-2.1345706	-0.781422	0.003929834	-2.3937807
1.3948419	1.7409405	1.7584333	1.2349335	0.5941714	2.1431618	3.2234707	2.4071946	1.9255677	0.58446246
2.9293168	4.8394437	2.6641939	2.3295531	-0.042617917	0.8630532	3.2145905	1.1572473	1.3004413	-0.2734765
0.58831817	2.099585	0.81622744	0.25527662	-0.31983018	2.0180123	2.371442	2.6611338	1.264229	-0.093730114
0.71887904	0.93579304	1.1833798	0.48777723	-1.0508289	-0.86442137	1.0291684	0.9783909	-1.578046	-0.6076107
-0.7360163	1.0886889	-0.42589507	-1.1535429	-1.8813356	-1.5857109	0.38495594	-0.21083586	-1.9994608	-2.5219502
1.0280774	0.766626	1.3714026	0.6985965	-1.1909153	1.0169685	0.9047862	1.5811164	0.54713863	-1.6723149
1.2416646	0.6536721	1.4890455	1.0310028	-0.826785	0.19951576	-0.3006469	0.69040996	-0.120280184	-1.0225279
1.9395047	1.6186159	1.785599	1.6487014	-0.4774114	1.8439745	1.8628925	1.6661165	1.1428294	0.29778236
0.38180554	2.315745	0.7652997	0.044546023	-0.98320925	-0.19393401	2.3382437	0.88485414	-0.38652527	-0.6071434
0.26454946	0.22211874	0.78089106	0.0064371973	-1.4862206	1.6632525	0.8796566	3.0838964	1.3162607	-2.5973318
1.0281992	0.11968383	1.6582147	0.83273244	-0.73820543	-0.46323752	-1.234599	0.71045035	-0.83234555	-1.276611
-0.6426071	-0.100425765	-0.27552852	-0.81639844	-1.4213823	-0.3240508	0.6558169	-0.19719674	-0.86965847	-1.9427584
-1.6913832	-1.7065101	-1.0750507	-1.6882913	-1.1270761	-2.318018	-2.3431036	-0.8771554	0.04316866	-0.8499326
-0.26080814	-0.556002	-0.22096038	-0.3195985	-1.2697507	-0.8231728	-0.33865094	0.38323584	-0.9627679	-1.1639658
2.7724788	1.8090165	2.8716097	2.4295802	-0.47526547	2.2413557	0.5955781	2.325333	2.8776264	-0.6662859
1.3131034	-0.25351563	1.7502121	1.0992777	-1.5014776	0.7393833	-1.2144071	1.4082072	1.290643	-1.5884539
0.1918326	0.4059787	0.21832642	0.02785869	0.20337245	-0.030429881	0.17288283	-0.6216382	-0.33540383	0.89963496
-1.6876304	-1.4439219	-1.1878961	-1.6812298	-0.9972718	-1.3285012	-1.3600094	-0.6913199	-1.7258968	-0.6444181
-0.8278997	-0.942747	-0.4071822	-0.8378856	-0.8639451	-1.4205303	-1.700423	-1.3458695	-1.7797177	-1.3449017
-0.2554936	0.5625001	0.003757745	-0.4190691	1.1846989	-1.1949958	-0.81966704	-1.7423397	-1.8762447	0.57149106
0.3732655	1.1307144	0.648576	0.1353396	-0.32961679	0.47365394	0.24874645	-0.026966738	-0.19079241	-0.5853831
0.70702726	1.0239712	1.3348757	0.48513258	-1.1436418	0.4221161	0.97546095	1.4595134	1.228032	0.26657596
0.6930972	2.8638084	0.5964972	0.3912922	0.6349839	1.3652586	2.8267477	0.79061824	1.2063421	0.7638453
-0.37720397	0.41874954	-0.0634675	-0.5912318	-0.8883202	-0.7039581	0.16884214	-0.58617276	-0.91152596	-0.9614191
1.5921462	1.9082997	1.9644904	1.2360421	-0.9044082	0.78363216	0.48865405	1.5925924	0.37339544	-0.23196825
1.9782945	0.82758117	2.1810281	1.7465827	-1.2540145	1.1856085	-0.44944352	1.1251638	2.0299509	-1.2916819
0.770088	0.7612287	1.3493122	0.610788	-0.84794307	0.86648756	0.35928956	2.0597053	0.56269413	-0.9355216
-0.11669749	3.53396	-0.041380405	-0.49116832	0.7124975	-0.6740734	2.8252797	0.04118968	-0.50999165	0.27431622
-0.60193735	-0.6380924	-0.16011056	-0.67575514	-0.84247875	0.02997552	-0.75716335	-0.17774399	0.094775766	-0.86286044
3.4931343	1.6308317	4.012524	3.1548953	-0.121926874	4.489953	1.9007053	5.248683	3.3672502	0.024504032
-0.7437097	0.246826	-0.30562326	-0.9285691	-1.0809073	-0.6520113	0.30543506	-0.26941365	-0.743292	-1.8155581
0.017189942	-0.9175317	0.70828605	-0.0016714483	-0.65295124	-0.043735813	-0.9795753	0.6097346	-0.3249991	-1.510822
-1.5293503	-1.6180829	-1.0155098	-1.5000058	-1.2045146	-1.1890284	-0.992665	-0.9045994	-0.51174504	-1.5871357
-0.04194031	-0.09346807	0.43568996	-0.2158791	-1.2260225	-0.35050648	-0.08974936	0.7223503	-0.60250074	-1.0074471
-1.0983407	-1.6351206	-0.80901396	-1.1167254	-1.5560172	1.121703	-1.374376	0.57546717	1.263648	-1.3449107
-0.92564607	-1.0739883	-0.47571686	-0.9961002	-1.5479542	-1.436394	-0.23065555	-0.94759744	-1.6540475	-1.1150241
-0.6179616	0.6324065	-0.19113865	-0.8510307	-0.2695991	-0.16860183	0.82658815	0.58562684	-0.28343582	0.03776523
-0.22013053	0.70489144	0.18250844	-0.412126	-0.8258477	-1.230868	-1.3235298	-1.0874981	-1.2289433	-1.1573881
-1.212564	-1.3791281	-0.70795655	-1.2025977	-0.5050448	-1.1729985	-1.5676254	-1.3133881	-0.9597996	-0.93833756
-0.09872726	-1.0481288	0.7062496	-0.17923863	-1.0462401	-0.3746884	-1.4487175	0.6706476	0.03416397	-1.2854551
0.14380208	-0.47112495	0.8885008	-0.0547878	-0.86433387	-0.056552667	-0.63694173	1.0607982	-1.0201601	-0.94849414
0.53361845	-0.5311681	1.3873801	0.27823943	-1.4583582	0.061414357	-0.7317534	0.114365876	0.17815489	-2.2319152
-1.0013583	-0.4047871	0.08227101	-1.1076516	-0.750476	-0.63731784	-0.07535211	-0.4252334	-0.8425516	-0.8959651
2.4001858	-0.43783027	3.05951	2.12461	-0.43295357	-0.5622091	-2.000593	0.19374026	-0.28469598	-0.2092788
-0.50422704	0.23975143	-0.22747302	-0.6915842	-0.9063908	1.2164004	1.5817237	1.0585656	1.021225	-0.8600377
2.31775	2.821737	2.5621254	2.0239406	-0.78349006	2.8987837	2.198362	3.466087	2.7591367	-0.6751642
-0.043912746	0.07334757	0.49769297	-0.20782478	-1.4018224	0.94390315	1.5227821	1.2564322	0.73371196	-1.8143374
-0.5600957	-1.0481486	-0.048069715	-0.71333313	-2.0881867	-0.43427274	-1.2213627	0.32235992	-0.7428682	-1.9326746
-0.82540166	-0.09311357	-0.6299516	-0.9599231	-0.828243	-1.5371394	-1.0602459	-1.1843264	-1.041993	-1.1666181
-0.63885313	0.7233716	-0.48856744	-0.8229592	0.19763502	-0.763823	1.0430175	-0.92840624	-1.085569	1.1585416
0.6023773	0.093850076	1.114985	0.33597934	-1.8390982	0.014378216	-0.67332727	0.75135475	-0.053919565	-1.9836656
1.054046	2.028794	0.93867266	0.76631814	-0.58761877	0.9399681	1.976927	0.61192757	0.68594044	-0.42593974
0.86874276	-0.75164723	1.2157252	0.71105087	-1.0572225	-0.63294566	-2.2292776	-0.46868813	-0.7609293	-1.5933305
0.28435457	1.3798938	0.6220361	-0.057421565	-0.8881413	-0.3132977	0.3887606	0.031492107	-0.87915915	-1.4884163
-1.0503948	-0.87070906	-0.39194742	-1.2213643	-1.8349597	-2.24096	-1.9203795	-0.66829646	-3.0678627	-2.0772228
0.08536481	0.41621873	0.40566763	-0.107770026	-0.40775096	-0.8315369	-0.6203538	-0.3118438	-1.0670869	-0.57103246
0.053093933	2.775546	0.5810987	-0.2878648	-0.36371055	-1.2687728	3.4479911	-1.3265727	-0.64272225	0.2773727
0.19469991	0.6986277	0.7743596	-0.07762104	-1.406854	0.7936957	1.4221745	1.1263067	0.15997395	-1.2023423
-0.09719107	-0.6007159	0.3497095	-0.21887086	-1.452805	0.36887467	-1.6006314	0.3353549	-0.18352911	-0.94418126
0.6903075	1.1467242	1.1854233	0.31954587	-1.0037705	-1.0410467	-0.80139965	-0.41960555	-1.0662965	-1.8756149
0.92489564	1.1147066	1.4018927	0.6792718	-1.2635887	-0.26193568	0.38172987	0.17610577	-0.3041564	-1.2612871
0.34767786	0.20530424	1.0173494	0.12108372	-1.5249372	0.6907465	0.24457711	1.6127584	0.42801398	-1.4211928
0.92146564	1.2758348	1.1015992	0.7199187	-0.5303802	-0.25332245	1.2965016	-0.7529099	0.4560425	-0.7692765
-2.2442985	-2.096252	-1.4838983	-2.2035692	-0.7049711	-1.9543731	-1.8839165	-1.5765493	-1.7701228	-1.5737097
-0.23293206	-0.025650352	0.2067006	-0.36889493	-0.808794	-0.8619298	-0.33311975	-0.37037793	-1.454621	-1.3727319
-1.0027065	-0.70456576	-0.60335684	-1.0775197	-1.9366468	-0.5417716	0.8066431	0.58374906	-0.30487198	-1.3125633
-0.15807578	-0.5071687	0.21076408	-0.33739388	-1.7094387	0.7219619	0.16759425	1.4401158	0.16561994	-0.7257434
1.8953148	-0.06862979	2.2645404	1.6299896	-1.5317641	1.3211865	-1.9524966	2.2306066	1.4699736	-1.4994336
-0.37421495	-0.023094952	-0.037408173	-0.63993573	-1.5803975	0.18140689	1.1156375	0.059143342	-0.47488335	-0.49274528
0.36591968	0.26803866	0.80148387	0.08534266	-1.4699277	0.38079122	-0.029269239	0.40417084	-0.78090286	-1.2437152
0.47515687	3.6789691	0.87308836	-0.03758417	-0.026995033	-0.30494937	2.170677	1.7408115	-1.0272207	-0.7717135
-0.074498214	0.60216963	0.30773494	-0.26547235	0.35605523	0.4231483	0.43715408	0.5422109	-0.47617188	-0.91891986
-0.48112786	-0.8379998	-0.022943348	-0.64935696	-2.023113	-0.2631172	-1.9818796	0.3346487	-0.10999708	-1.5267512
-0.25620165	0.07851702	0.102960974	-0.386128	-0.8024856	-0.40025678	0.53861445	-0.52838975	-1.0543165	-0.15961783
2.6445901	2.4525788	2.4727297	2.2089622	-0.80329937	2.891542	2.600276	1.6237133	1.992408	-0.4377183
-0.236792	-0.24598663	0.12104932	-0.36593592	-1.0699346	-1.0351295	-0.8277093	-0.35063174	-1.3430246	-1.0122114
-0.19657978	-0.00034865737	0.14806403	-0.37514472	-1.2150108	-0.7358157	-1.608002	-0.7354987	-0.7329067	-0.91775405
-1.3931944	-0.790836	-0.72704685	-1.4471108	-0.34771985	-1.3203213	-1.0862504	-0.65207857	-1.4682038	-0.5683756
0.24819449	-0.023727104	0.60723114	0.06552862	-1.1158797	0.5494077	-0.510174	0.84437025	0.9318188	-1.8184878
0.34978887	0.39620242	0.702058	0.07116805	-1.387984	-0.1469592	-0.101184964	0.04572689	-0.63313144	-1.5766897
-0.6966261	-0.094819695	-0.31963226	-0.7980235	-0.12875754	-0.5015159	-0.84812254	0.0009924453	-0.44938287	-0.0326445
0.09200784	-0.67281353	0.5690516	-0.102657616	-2.3333445	-0.23300694	-1.0270746	0.77022505	-0.12822337	-2.4415426
-2.4722676	-2.2467234	-1.6486386	-2.3644123	-1.4289529	-2.2414043	-1.1427269	-1.4750085	-2.8828309	-1.2635483
0.102561675	-0.5917977	0.6405102	-0.03688915	-1.7311082	-0.55278945	-1.2594155	0.077607445	-0.6692243	-2.5387082
-0.12987486	0.36561653	0.34531304	-0.26222998	-0.90033233	-0.4024348	0.64843655	0.042816885	-0.37720683	-0.77461904
0.28474668	0.6014074	0.7210183	0.07874103	-1.0659381	-0.11173393	0.3558009	0.11488363	0.05239545	-1.0274565
-0.40088174	-0.7280268	0.030825034	-0.506287	-1.4833802	-0.5628294	-0.95103055	-0.83747894	-0.83094335	-1.9312688
0.150662	0.5412526	0.802878	-0.06748349	-1.2969371	0.44494468	0.52592313	0.883678	-0.05775972	-0.9803195
-0.7532639	-0.6354964	-0.40397105	-0.87217474	-0.9195504	-1.0817883	-2.1187894	0.30231193	-0.88807905	-0.55410296
1.6055013	3.865999	1.211494	0.99036896	-0.44443884	-1.3382039	1.7278366	-1.4093442	-0.8551184	-1.6541172
2.444716	2.1930964	2.8798368	2.0864208	-0.70466876	3.4742043	2.799805	3.226535	2.406533	-0.79740703
0.25633386	0.5908487	0.44195563	0.10978626	-0.3814296	0.10806509	0.7515517	-0.03664124	-0.553034	-0.59963524
0.08345958	-0.06911114	1.1888627	-0.061023697	-0.031877875	0.56903195	-0.37530962	1.8112626	0.24992569	0.12009256
0.8223801	0.09658542	1.1631358	0.56611675	-1.1427681	0.04431278	-0.025236715	0.30366376	0.97277933	-0.25770286
-1.19445	-1.3833218	-0.7046541	-1.2328528	-0.90945077	-0.91245055	-1.5545319	-0.5366601	-1.6159317	-0.74032706
3.263284	1.1252944	3.6419132	2.942704	-0.5784562	3.6619291	1.6236725	3.9390998	3.71622	-0.7821295
0.784151	1.5822241	0.73788905	0.59000146	0.11947465	-0.009465489	-0.3635325	-0.6359561	-0.45939875	-0.8989733
0.41469944	0.46129134	0.3447203	0.1753241	-1.0372944	0.32559353	0.015154116	0.053377233	-0.2175818	-1.6227565
0.15782696	0.14594856	0.77978635	-0.08735109	-1.6130542	0.07649388	-0.40061092	0.9455811	0.037185024	-2.5818288
0.050778016	-0.48395187	0.54063416	-0.13858306	-2.0855932	1.9462861	2.086598	1.808519	1.7377726	-2.5065699
-1.1881697	-1.196069	-0.6819234	-1.2211405	-1.3043443	-1.6068922	-2.0132542	-1.0911303	-1.5793539	-0.9689787
0.2621056	3.0272543	0.670839	0.0010786057	0.16488346	1.316774	1.6841543	1.8328588	0.9357613	-0.23657712
0.4714534	0.07612762	0.9642167	0.32757032	-0.48982775	0.31199366	-0.39215067	0.65429425	0.013856381	-1.1112268
1.2580799	0.6029544	1.7413517	0.9718952	-1.15073	0.7593633	-0.22186719	1.551682	0.30764696	-1.2101539
0.4902707	-0.1985981	1.0268967	0.421098	-1.7483476	0.76487756	-0.19360663	1.4647534	1.4422907	-2.3638678
-0.32066724	0.9807395	-0.26268166	-0.42963806	0.036691815	0.2596071	2.4144382	-0.183849	0.13871881	0.41455367
-0.66526806	-0.75383353	-0.21833012	-0.7256615	-1.0838176	-1.812744	-2.3196983	-0.8394018	-1.4594527	-1.4325684
0.16095626	1.3245859	0.37973154	-0.15751617	0.2380471	-0.44079784	0.82788736	-0.07446183	-0.50956744	1.2423894
0.5269236	0.16980743	1.1123413	0.33727777	-0.74620247	-0.2064268	0.23441477	0.99121875	-0.14566359	-0.47862422
-0.15826905	0.2125417	0.8012667	-0.34158784	-1.0300452	0.47322512	1.3539962	1.4254544	0.011908621	-1.2422854
-0.53780353	-0.48045787	-0.38341948	-0.52037907	-0.45848715	-0.8650552	-1.519071	-0.16105697	-1.6080865	-0.20932068
-0.52871394	0.84859097	-0.33520696	-0.7312822	0.3779811	0.119755074	4.018594	0.2948152	-0.36347708	0.43445948
0.25017664	1.4332359	0.55426455	0.051594928	0.67639923	-0.054085895	1.8396275	0.14900592	0.02877405	1.3143893
0.18726668	0.645512	0.5916929	-0.005559668	-1.1031505	0.09934518	1.2208788	-0.5006249	-1.8048283	-1.1068002
0.5900011	0.7583717	0.65805304	0.42398578	-0.10367417	-0.72107434	-0.53188515	-0.7399327	-0.406342	-0.66289043
0.028742395	-0.19764215	0.47111404	-0.071513176	-0.98596346	-0.544541	-0.3522441	-0.3135009	-1.3077965	-0.73195255
-0.32078335	-0.4644696	0.2037315	-0.4352395	-0.9403782	-0.7809677	-0.5492365	0.017656423	-1.361601	-1.2865431
0.71864706	2.2331603	0.9527559	0.25732887	-1.3648921	0.31650496	1.975207	-0.05691279	-0.2242328	-2.0818975
0.5366031	1.0445805	0.9303	0.23661147	-1.348798	-0.89894694	1.0497061	-0.5608004	-0.5974445	-1.6336209
-0.07848442	-0.9840784	0.4816898	-0.21396448	-2.1577916	0.078871734	-0.16493197	0.84585184	-0.4335659	-2.6742132
0.13110173	-0.22694188	0.48441172	-0.046130314	-1.5268091	-1.0368571	-0.7529956	-0.68808186	-1.5085686	-1.7427204
-1.3294692	-1.5088222	-0.797289	-1.3674572	-1.8905632	-1.126669	-1.6267601	-0.95703936	-1.4982074	-1.210107
-0.62423897	-0.5004313	-0.26906708	-0.74085075	-1.5713657	0.73096603	0.72860396	1.178347	0.091133095	-0.9679476
-0.8712777	-0.9419737	-0.46742132	-0.95733845	-1.1285377	-0.0728815	-0.35127717	-0.18962961	-0.119374216	-1.5401121
1.3695027	0.07668632	1.7529582	1.193115	-1.1697721	1.0922905	-0.7939979	0.6584092	1.2241795	-1.6166912
1.8224279	1.7785556	2.1981263	1.5461719	-0.9096285	0.584396	1.3011826	1.301095	0.3112751	-0.7872556
-0.21852729	-0.13474472	0.21149114	-0.34216157	-1.0918977	-2.0777664	-1.7263803	-1.4899873	-1.8037261	-1.9688858
-2.1051984	-2.0807948	-1.493474	-1.9782559	-1.6869749	-2.4421632	-2.7501988	-1.4354107	-2.2235382	-1.2055404
0.39883697	-0.18634915	0.8266063	0.16620244	-2.103429	0.31953523	-0.2805694	0.57114613	-0.19899504	-1.203179
-0.4034562	-0.19185892	-0.037928283	-0.59547836	-1.4685721	-0.626819	0.4999079	0.3086372	0.35772988	-1.2293847
0.34507796	0.2279627	0.57597554	0.17239873	-1.5330437	0.6945587	0.064007364	0.78456706	0.14360388	-2.1278298
-0.608993	-0.18824682	-0.09363544	-0.7966552	-1.4879445	0.82434016	0.6168488	0.765775	0.87790585	-0.9321704
0.65852416	1.586802	1.3152127	0.35336095	-1.362302	0.48067367	0.43599355	1.1508992	0.1489594	-1.264821
-0.40102875	0.52886534	-0.090146214	-0.5609315	0.23206684	-1.6595696	0.6878094	-0.917746	-0.9627679	-0.042902514
-1.494801	-1.0008329	-1.0309287	-1.5646679	-1.0617801	-2.030488	-2.2470438	-1.0584974	-1.7371321	-0.7911597
0.3594364	1.202892	0.7079563	0.012140736	-1.5991917	-0.29089296	0.7447609	-0.2074594	-0.5593353	-1.8253484
1.8655423	2.4279208	1.7154664	1.5030117	-0.4415544	2.1015117	3.6667833	2.1800432	2.0052733	0.7210692
0.44344243	1.2974286	0.54984033	0.31437707	0.14304212	-0.42251688	1.0479726	-0.19830129	-1.6588151	0.4549348
1.0758889	0.29314438	1.3620348	0.86390233	-1.3812978	1.442381	0.88353866	1.7702622	0.9689782	-2.23625
0.15808073	0.04919836	0.7238004	-0.118086435	-1.6394165	0.8283303	1.0932529	1.3529851	0.5536137	-1.2029501
0.47689977	1.6885524	0.90196514	0.1329753	-0.55228966	1.1237712	1.7971135	1.312913	0.5902148	-0.26051372
-0.0046824217	1.7681317	-0.17441663	-0.19913028	-0.2289266	-0.36863706	-0.29136348	-0.58956724	-0.25004512	-1.4346691
-2.0254962	-2.0292566	-1.3137704	-1.9638819	-1.5807288	-2.171632	-2.5098772	-1.3271719	-2.053299	-1.5779604
-0.3270965	-0.5363308	0.0057763904	-0.4037294	0.21311304	-0.6468547	0.8919256	-0.6992561	-1.3809748	0.05949136
1.8556484	0.7556553	2.0712051	1.5549197	-1.578937	3.5574663	1.3580437	3.156193	3.0402381	-1.4137588
1.2100556	2.1647377	1.641221	0.6969103	-0.9990032	3.3997202	2.549307	3.6509812	1.9842337	-1.3965074
-0.3229181	-0.69532	0.25255007	-0.5189891	-2.2465858	-0.7244518	-0.8056257	-0.37873465	-0.69545245	-2.5978124
0.057477407	-0.088872164	0.5104418	-0.15674354	-1.6267707	0.65087205	-0.22148445	1.4638427	0.17524943	-2.1679711
-1.1929004	-1.3080151	-0.6905458	-1.2328501	-1.612544	-0.6752153	-1.1344401	-0.646227	-0.21574913	-0.40974787
0.8172966	2.328953	0.9906235	0.44472694	-0.62163496	0.054174334	2.728446	0.36599597	-0.10044267	-1.14843
1.9559003	1.446096	2.2053926	1.5938666	-1.3045025	0.12753208	0.45463136	1.1009151	-1.1892769	-1.5976511
0.21318999	-0.1007202	0.63853586	0.039064214	-1.359584	0.26652613	0.8887477	0.863115	0.37823802	-1.0883383
-0.7628721	-0.82279515	-0.33669493	-0.814245	-1.3575554	-0.89301133	-1.1161048	-0.64395773	-1.5101308	-0.8790224
0.7108734	1.2094291	1.0228201	0.45811117	-0.6712503	0.30451068	1.6455789	0.82511944	-0.14443895	-0.55793035
2.9314585	2.5493548	2.867646	2.5377097	-0.659199	1.5053273	3.2348862	2.1431918	-0.15408225	1.034503
0.8022491	0.8342676	1.3780227	0.5479083	-1.2751321	-0.17660008	-0.03883471	0.9706007	-0.17674787	-2.3250074
1.179546	0.9015062	1.8101425	1.0383974	0.07488951	0.52813435	-0.03768607	1.1416215	0.5432797	-0.8374459
0.74192315	0.77358127	1.2853771	0.4972065	-1.0515492	0.5682507	0.99547327	1.6753286	0.95493823	-0.46464095
0.9612462	1.3314663	1.2871996	0.7236527	-0.79111135	0.06228591	1.2894504	0.5648051	0.22642279	-1.2699467
0.92872155	0.8871572	1.1691388	0.6372448	-0.98566604	0.7670232	-0.48763004	1.1223233	0.17516078	-1.2947336
0.2284182	0.54632235	0.5388125	-0.0057359487	-0.74019253	0.001113077	-0.10644643	0.12770085	0.34229717	-1.6624371
-0.5478355	-0.52115417	-0.25645527	-0.6397633	-1.293172	-2.0073032	-1.2081752	-1.2442269	-0.73607016	-0.59653056
1.1521894	1.1427499	1.5319037	0.96355546	-0.83644235	1.2307948	1.7160223	2.1172314	1.2154901	-0.035045322
0.17684418	-0.19951403	0.85565734	0.0025924444	-1.538267	-0.17411183	-0.615126	0.20366152	-0.49526757	-1.4508464
1.1977917	1.4775084	1.7957093	1.047059	-0.095430404	2.2673585	2.0245037	2.7894957	2.1049817	0.95840496
-0.37126362	-0.77299535	0.099122584	-0.3919049	-1.6723526	0.43736055	-0.3480182	0.984541	0.09306535	-2.221241
1.109519	1.6210127	1.7572277	0.7585169	-0.40589264	0.99227494	0.525132	1.8635284	0.11620193	0.42770007
0.92563546	-0.32941133	1.3971027	0.6744002	-1.7924844	0.29642463	-0.095796645	0.94214416	-0.013136927	-1.8595294
-0.76299316	-0.69804305	-0.2887185	-0.8593167	-1.1403986	-0.34646478	-0.67258817	0.3937893	-0.7424774	-1.6135213
2.5454657	1.6425598	2.56154	2.2930992	-0.6165734	1.6708336	2.3670247	1.5659852	2.2401657	-0.66820925
-0.54781306	-1.2716651	-0.10401356	-0.5792875	-1.1776518	-0.2542456	0.30666664	-0.06771953	-0.35877773	-0.59074736
-1.8076634	-1.3369998	-1.312444	-1.8639095	-1.8718053	-0.36821043	-0.0625905	-0.08341777	-0.07235116	-2.2690196
-0.16669229	-0.53433704	0.27949157	-0.29998654	-1.6893117	1.4448154	-0.91747934	2.2726333	1.436469	-1.8843111
0.096252196	0.2834505	0.49613222	-0.09395699	-0.7624544	0.013045686	0.30747172	0.30976665	0.75423414	-1.2564824
0.47672507	0.13782045	0.91394615	0.18987535	-0.79169846	-0.25812602	-0.25971282	0.40626445	-0.11127991	-0.47052336
-0.17340994	0.78281593	0.1867986	-0.5104087	-1.2462181	-0.30320537	0.22331937	0.050388634	-0.712137	-2.0036407
-1.0272881	-1.1908817	-0.5843257	-1.0157691	-1.5431159	-1.6671664	-1.8026552	-0.5244033	-1.8979377	-2.5275655
0.3308591	1.937294	0.6181643	-0.020917758	-0.8411064	0.5845683	2.5741386	1.2261329	-0.11394968	0.115255736
0.8297437	3.5689142	0.5858363	0.45257223	1.2852049	-0.052929893	2.6346867	-0.07802739	-1.0678626	0.029206956
0.009735398	0.014249057	0.47928837	-0.13482243	-1.2173151	0.3085502	0.71825486	-0.4169034	0.08559134	-1.1006361
0.061523728	0.70785415	0.46184582	-0.22165047	-1.1311276	-0.7294602	0.45639652	0.47828075	-1.03234	-0.9149919
-1.7372828	-1.717897	-1.1379266	-1.7687484	-1.4306004	-2.3962495	-2.179613	-1.4740926	-2.6591713	-1.9473652
0.49210265	-0.80265534	1.1329634	0.3076958	-1.1938673	-0.61723274	-0.7594324	0.25837907	-0.75383234	-0.62868553
-1.4092666	-1.374029	-0.88703156	-1.4624461	-1.4149755	-1.5778378	-2.005824	-1.274948	-1.701341	-1.4845369
0.39155212	2.4869518	0.85849214	0.04491909	-0.23036991	0.22561336	2.318052	0.45933756	-0.33158153	0.44262382
-1.3574198	-0.5793401	-0.9396846	-1.4811962	-1.8084885	-2.1738222	-1.2364153	-0.89695305	-0.42219952	-2.5050554
-1.0657774	-0.90327835	-0.5766052	-1.1406264	-0.5130344	-1.4137601	-1.3922412	-0.5658642	-1.2988865	-0.78137326
1.1937352	0.689165	1.2898632	0.8068594	-1.227904	1.2815095	0.40779755	0.72226685	0.27716598	-1.2677991
-0.33227152	-0.53784513	0.13452333	-0.44311327	-1.3324585	-0.4277112	-0.93634516	-0.2043642	-0.044762116	-1.1027088
-0.73469025	-1.0101056	-0.33523282	-0.77948785	-0.77363825	-0.780654	-0.85786724	0.13317358	-1.3982544	-0.135705
1.7274488	1.7932322	1.7634008	1.4185674	-0.16847801	0.22321774	0.78358006	0.83362585	0.07603405	-0.8065816
1.2592502	1.5506635	1.9115108	0.9902717	-0.6393292	0.0707634	1.6023704	1.1447172	-0.044077586	-0.59168637
0.98958415	1.275342	1.1477098	0.6463163	-1.3734912	0.32854187	2.014061	0.72153085	0.23061128	-1.1510268
-0.52427113	-0.18811819	-0.05082515	-0.66644216	-1.0982717	-1.044546	-0.939548	-0.14341556	-1.0577598	-1.1403669
1.238584	0.9614762	1.0488763	0.8414564	-1.7962142	2.4381099	3.5300443	2.1103609	1.8439354	-0.61990494
0.62616736	0.5507504	1.1748044	0.37642694	-0.9769372	1.1247202	1.3258148	1.6873401	0.7581697	-1.0060487
0.5035243	2.0973704	0.8012607	0.19561787	-0.5901463	0.6241035	2.3365424	1.0497447	0.099700324	-0.6157616
0.43510303	-0.12868565	0.36078617	0.23260854	-1.3637139	-0.45241272	-1.2903216	-0.505584	-0.34849617	-0.8782716
-0.6279097	-0.85508204	-0.20856524	-0.6979682	-1.1715229	0.75576985	0.926315	0.6599283	1.2659135	-0.98039037
3.0962458	3.5740917	3.0089042	2.753415	2.7177525	2.3682137	2.4003637	2.915245	1.4101846	0.8010323
0.38862512	1.1369686	0.70433605	0.02552262	-1.0633253	-2.0447211	-0.92531276	-0.99214214	-1.6335312	-2.1232388
1.2453068	0.09629634	1.5284142	1.0724868	-0.9367918	1.5195621	0.5698638	1.5968248	1.7612259	-0.23960607
-1.2414292	-1.281062	-0.7032521	-1.2669705	-1.3583297	-0.93580866	-0.56493044	-0.37375036	-0.6082905	-0.90745085
0.0746259	2.2743344	0.2711504	-0.35362816	-1.0424684	-0.08687927	1.6918318	-0.6423269	-0.8147625	-1.330366
-1.8404434	-1.7466713	-1.184605	-1.8424768	-1.5383255	-2.1022627	-1.9094664	-1.7766261	-2.284696	-1.2981045
-1.1425298	-1.447553	-0.7796036	-1.1533767	-1.2960224	-1.8238286	-1.9633081	-1.95293	-1.892759	-1.1816366
1.4498168	4.5211	1.3925982	0.8409524	-0.37812823	1.5620216	4.173197	1.5495877	0.69220346	0.14557579
0.117847614	-0.5832281	0.50663847	-0.026421383	-1.2849926	0.060848933	-1.0610902	0.2587624	-0.07331232	-0.9292027
-1.6069354	-1.648859	-1.0374924	-1.5939665	-1.3934759	-1.4189143	-0.87057513	-0.6077042	-1.284696	-1.3518639
-0.15230614	0.037088424	-0.1257444	-0.32535708	-1.0522245	-0.026647381	0.56362754	0.25620714	-0.06975463	-1.1592116
0.2805955	1.8248446	0.5960412	-0.05414778	-0.49885935	0.62686306	0.9531394	1.3752927	0.6649153	0.10488208
-0.15094407	0.9327444	0.4970847	-0.46189415	-0.74259007	1.686592	1.5071943	2.496883	1.1951717	0.06392016
-1.1186339	-1.3114871	-0.6821594	-1.1107084	-1.2337662	-1.5534966	-1.7011638	-1.3701429	-2.0613215	-1.4221874
-1.5139366	-1.2866881	-0.9470943	-1.4750093	0.06283477	-1.9281774	-0.9472597	-1.3726084	-1.673936	2.0168443
0.10710224	-0.09296951	0.5336343	-0.026627883	-1.1839869	-0.4397349	-0.9501959	0.111531936	-0.74448246	-1.4456592
-0.6898687	-1.2413858	-0.15792045	-0.7279515	-1.707029	-0.79460406	-2.2055366	-0.32369468	-0.8559433	-1.9565789
0.26628888	-0.30205888	0.7204243	0.11740933	-1.2319005	-1.1226723	-1.0043194	-0.23482057	-0.7759934	-1.2252555
1.911615	0.8500776	2.2773962	1.5974381	-0.96266806	1.9130039	-0.41385144	2.3998554	2.5644057	-1.6312394
-0.6534893	-0.7985337	-0.23443046	-0.6887396	-0.99078023	-0.88098353	-1.2901483	-0.66985184	-1.4864666	-1.1330903
1.0897027	0.66201115	1.7169774	0.78593326	-1.0742743	1.0822563	1.1836593	2.0978646	1.8060607	0.3987965
-0.6126565	0.1112563	-0.22207737	-0.7896848	-1.1991528	-1.4352808	-0.4533696	-0.9471743	-1.715672	-0.9139222
-1.2598032	-1.201748	-0.7942418	-1.2967231	-1.5959393	-1.516137	-1.4047778	-1.2396785	-1.9394938	-1.4601216
0.33220568	0.83333135	0.8319607	0.042372227	-1.4487497	-0.5389252	0.06989163	-0.24906537	-0.9281481	-1.9375619
0.11765351	1.4107275	0.51150167	-0.20763038	-0.56791043	1.5218757	3.0738223	1.5887374	1.7884665	0.4628617
0.100733094	-0.40348986	0.49242648	-0.08076288	-1.6116418	0.106290594	-0.5337244	0.44093257	-0.53974587	-0.9494096
-2.105272	-2.0513349	-1.4182678	-2.0143902	-2.3217306	-1.1161945	-0.55910903	-1.3335884	-1.2014954	-1.427843
0.8001328	0.6413071	1.5760959	0.5397886	-1.409367	0.57616246	0.02921457	1.0715804	0.55641115	-1.4241822
-0.1488181	0.04891005	0.25242397	-0.32842386	-1.6243883	-0.19043347	-0.1809231	-0.7858818	-0.6003942	-1.8269681
-0.95052177	-1.0287471	-0.532879	-1.0246669	-1.3215522	0.37143737	-0.1943777	1.3760628	-0.12288216	-0.35973886
3.0870311	1.2492768	3.2465777	2.7462602	-0.80791444	2.4451156	1.1571592	3.111362	2.634031	-0.97480315
-1.6923194	-1.6073557	-1.2148312	-1.6912838	-1.2164106	-2.2780633	-1.8906939	-2.470218	-2.1683142	-1.6645595
-0.077873655	0.46632227	0.37763467	-0.29922733	-1.4129027	1.2681814	0.8394576	2.1143107	0.63263273	-1.1962886
0.15459669	-0.031642884	0.5939777	0.010355696	-0.95874035	0.20033209	0.37722856	0.54330605	0.28469	-0.6354472
-1.5657511	-1.7042466	-0.9658139	-1.5017773	-0.6412777	-2.4849808	-1.922334	-1.3940462	-2.1013181	-1.036627
0.713012	0.67510986	1.1561358	0.54108196	-1.1119964	1.4964743	1.4776114	1.4283509	0.9103735	-2.048113
-0.189334	-0.7260816	0.22747302	-0.35584685	-1.7856687	0.28123027	-1.0564836	1.2364033	0.4136167	-2.0921304
1.1562257	1.4424849	1.3888334	0.8436713	-0.8955833	-0.103975005	0.97228575	0.38509524	-0.16433369	-0.58902913
1.2044052	3.3596528	1.2481177	0.7081149	0.13846451	1.1906238	4.0390573	1.5633512	0.7754667	2.2555711
2.7066164	3.5057704	2.9794753	2.2829905	0.5799	2.7851346	4.4419417	3.467133	2.9318883	0.21342915
-0.39699736	-0.54116094	-0.022790521	-0.47830063	-1.1841838	-0.817011	-0.32320884	-0.8504832	-0.916813	-0.98983455
0.46639577	1.6749834	0.28131562	-0.004422933	-0.790784	-0.037738282	1.331534	-0.11640922	-1.0950669	-0.7126424
0.5309988	1.3906739	0.87814844	0.25747424	-1.044835	1.0960898	1.8200141	1.4397043	0.36509675	-1.2625178
0.42658743	1.7428032	0.67191327	0.009196609	-0.89388883	-0.69922155	-0.10577482	0.32790446	0.27523983	-1.3994604
0.4581971	0.45601454	0.93765986	0.29032004	-1.0650971	1.2943131	0.20453854	1.9818921	0.5917471	-1.0697173
-0.3249652	0.12435883	0.111670166	-0.5529708	-1.2106557	-1.380836	-0.28320807	-0.8387348	-1.8169224	-1.1693943
-1.2752637	-1.1878088	-0.8381517	-1.2474762	-0.016907752	-1.8627764	-1.3930328	-1.4074646	-1.2845769	-0.5095792
-1.5800649	-1.5851597	-1.088134	-1.5569776	-1.5596197	-1.5925441	-1.1425154	-0.99402004	-1.3716909	-1.5223168
-0.764559	-1.1230384	-0.2391217	-0.8212054	-1.4000899	-1.0897019	-1.1777014	0.055738088	-0.6472661	-1.270064
1.7513217	0.3656954	2.1978378	1.4598399	-1.6584553	1.4074587	0.22164412	1.4306357	1.193252	-1.70461
-0.24743086	-0.670604	0.07880631	-0.3862604	-1.4161131	-0.29090202	-1.4430437	0.47258374	-0.79995483	-1.2554836
0.66391695	1.1759666	1.2237473	0.3216104	-1.0860664	-0.22522172	-0.050747234	0.06720863	-0.6802446	-1.05756
0.008544572	1.4599822	0.05166942	-0.15559629	0.31573954	-1.1240988	0.3141136	-0.88000166	-0.5341342	-0.32477096
2.0671952	0.22472805	2.0655706	1.773023	-1.6508192	3.0806217	-1.3810645	2.9810143	2.3875246	-1.713355
-1.2627364	-0.9911114	-0.8621857	-1.2658617	-0.23339847	-1.5646452	-1.1498079	-0.97183204	-2.1818495	0.82004035
1.24388	1.1874287	1.310891	1.0668613	-0.85582143	1.3071216	0.291414	1.2931987	0.7515459	-1.7272952
0.15274495	-0.18934783	0.58984107	-0.072072186	-1.6162418	0.19409274	-0.45456928	0.38982522	-1.0153153	-1.8985972
-0.40606883	-1.1527554	-0.08742565	-0.4887495	-1.7475349	-0.4624678	-0.13572244	0.15575688	-0.63210607	-1.3592328
-0.32447687	6.588778	-0.13010266	-0.79290664	2.789775	0.33559516	5.698501	0.32734308	-0.7420488	2.6105719
-1.397795	-1.5565203	-0.8519207	-1.3559586	-1.4977151	-1.8244962	-2.1476393	-1.2380681	-1.470253	-1.2130822
2.5676677	1.6034431	2.5789685	2.0892587	-1.4842353	2.1592996	1.2751939	2.5161998	1.4129325	-2.808187
0.112184905	1.7799544	-0.096370965	-0.12663414	0.14563546	0.16876169	0.5096738	0.31585053	0.4552379	0.07288503
-0.14378944	0.6336037	0.2250157	-0.38139415	-1.2402295	-0.27796623	0.19398181	-0.040942542	-0.8094908	-1.1472348
0.28069553	0.9093363	0.82076645	0.104028925	-1.0263397	1.4459343	1.8740691	2.2220707	1.6172107	-0.14143409
-2.2241104	-2.2012103	-1.4627413	-2.1686335	-1.3994367	-1.7406753	-1.8248523	-1.1668481	-1.4612072	-0.7871159
0.019801088	0.49381664	0.4811731	-0.20466304	-1.4974356	-0.44800565	1.0358922	0.39393732	0.08211618	-2.28261
0.44654903	2.8031332	0.70511484	0.02657324	-0.35131234	0.97482324	4.069757	1.5400208	1.0626334	-0.33547848
-0.72609854	-0.69023764	-0.22221425	-0.8057444	-1.021079	-1.1505482	-1.0417768	-0.43657923	-1.3705713	-1.7157873
-0.40870807	-0.14413327	0.16764191	-0.6299553	-1.5268263	-0.9100311	0.026945075	-0.12812273	-0.78551126	-1.2046868
1.655931	0.027140528	2.2959402	1.4260395	-0.99441326	1.7543929	-0.42261392	2.541896	2.257563	-1.1167517
-0.16586766	0.69178236	0.096132785	-0.43224055	-0.7462481	-0.10378917	0.8786808	-0.10192419	-0.58073676	-0.57390547
0.42644647	2.6891654	0.7024405	0.028217271	-0.7928873	4.5130024	2.4180198	3.9432476	4.0629144	-0.92719144
0.37935767	0.32185164	0.8277329	0.21525966	-1.1412786	0.2497433	-0.14152722	0.7959522	0.065703616	-1.6827122
0.87592995	1.7278364	1.014989	0.54559517	-1.0187151	0.58797026	1.2027287	0.23772614	0.22195399	-1.223462
-0.08085493	-0.41482794	0.3639208	-0.27826095	-1.8040042	-0.8314114	-1.1089298	-0.18994291	-1.1565354	-1.2931813
1.4049035	1.0230596	1.955745	1.1881855	-0.88362205	1.1938823	0.65135354	1.9455411	1.3670456	-1.9259479
0.48545256	0.038489968	1.0673105	0.37008548	-0.7214918	-0.056546662	-0.8014983	1.211607	0.58471215	-0.69215626
-0.3050243	-0.33104882	0.1926659	-0.42804825	-1.5431715	0.32006997	0.8678061	0.72544175	-0.06473169	-1.5775968
-0.9311181	-1.1713284	-0.3948532	-0.958596	-0.8025588	-0.78520674	-1.0907797	-0.9105116	-1.4175508	-0.652039
0.044218056	0.81015646	0.4215932	-0.1704927	-1.0648614	-1.2695535	-1.5061892	-1.2264694	-1.2558786	-1.4830185
-0.59459627	-1.1433842	-0.21705773	-0.6456915	-1.3748935	-0.6032875	-1.6424818	-0.66784704	-0.8405513	-1.4040663
0.39265734	0.17706248	0.9016633	0.21288575	-1.308937	0.06262806	0.26043016	-0.82077086	-1.0041201	-2.1009545
0.20644766	0.24027851	0.75586987	-0.002434954	-0.817657	1.7052033	-0.6416912	0.11827446	0.43843368	-1.0345975
-0.34317908	-0.2211299	0.23074332	-0.4548242	-1.3076898	-0.68293303	-0.15186551	-0.7289276	0.14699365	-1.058292
-0.29302767	4.5640273	0.40724602	-0.75369775	0.097984105	0.04759084	4.6422668	0.31481594	-0.59286976	-0.44755352
1.5037655	1.1231157	2.0205877	1.2718877	-0.9263841	0.5764061	0.58043283	1.8247476	0.9213407	-1.0912657
0.65207833	0.22747377	1.2864448	0.45689255	-1.7377933	0.53725576	-0.048278857	1.2707931	0.8097504	-1.9098167
0.9935108	2.5559113	0.71462476	0.70362514	1.2651402	0.76524234	1.9846878	-0.096283264	1.1985235	3.341632
1.1429946	0.0077333003	1.3807231	0.9486476	-0.8299798	-0.65624046	-0.48672244	-0.40451562	-0.5409557	-0.8132766
0.049237423	1.175237	0.25356197	-0.24223703	-0.2986867	1.1637473	1.6416535	1.5716392	0.43361872	-0.19729033
0.5670509	0.55387807	0.9809983	0.457052	-0.74811155	1.3365148	1.4281375	2.2675426	1.3152329	0.73059785
0.2651191	0.35406747	0.80645406	0.16630842	-0.9753121	0.8386355	0.54367477	2.063309	0.42681494	0.7976989
-0.34162053	-0.96152866	-0.04250619	-0.45836216	-1.8081323	-0.41000697	-2.1171827	0.38043126	-0.34322968	-1.9339981
-0.9363016	-0.7723123	-0.48166493	-1.0073031	-1.2637045	-0.14930026	-1.2205299	0.50476515	-0.1263883	-1.3992283
-0.20428476	-0.17197451	0.124384105	-0.42237175	-1.4173331	-0.12756531	0.38893956	0.97209764	0.40868318	-0.92773986
-0.95110726	-0.97180486	-0.47122642	-1.0126492	-1.3734014	0.2531441	-0.12163019	0.27429903	-1.1025007	-1.2580478
-0.5128857	-0.47090507	-0.08554739	-0.60326064	-0.9875206	-0.72721475	0.18750279	-1.3784004	-1.6559583	-0.8756639
0.25259733	-0.137402	0.68454945	0.08141805	-0.9283869	-1.195565	-1.0357571	-0.92699826	-1.7352858	-1.117348
0.91952676	1.507733	0.9663887	0.65746164	0.1399518	0.34917748	2.8476446	0.10926517	-0.17703223	1.3165255
-0.32690975	1.3470546	-0.11253941	-0.6384705	-0.44740465	-0.04644047	2.4295347	0.0859745	-0.59560543	-0.52793413
0.64581376	0.73726535	1.3233428	0.4835165	-0.8586801	-0.12585859	-0.15950558	1.0444398	-0.1476965	-1.317129
-0.4278354	0.6617919	-0.014375359	-0.4649849	1.0204278	-1.7752279	0.23302636	-0.66211754	-1.8612127	1.5547048
0.6208275	1.8333759	0.8503685	0.31562912	-0.6157973	1.5613581	3.262426	1.6067691	1.4140068	-0.47890624
0.9992843	0.057270825	1.2078732	0.736364	-1.0114237	-0.35558963	-0.37995282	-0.4995013	-0.78583795	-1.2000232
0.23181766	0.1819252	1.2083144	-0.051075682	-1.4208333	1.4767655	0.5245287	3.217725	1.896597	-1.0135986
2.7993329	3.9374878	2.5268435	2.32857	0.80198467	0.6380954	2.5864732	1.0575119	0.2815008	-0.22369483
1.7852066	2.144926	1.5847416	1.2359471	0.63721406	0.8410124	0.8728896	0.50582975	-0.6698742	0.94304585
0.7893918	0.9254992	1.0560745	0.662323	-0.6093589	0.9411092	-0.84825426	1.3043588	0.2347475	-0.79186434
-0.53517914	-0.83857846	0.13107638	-0.67402697	-1.6130517	-0.718761	-1.0602801	-0.1863422	-0.4468151	-1.1190754
-0.4489081	-0.9026159	-0.015026778	-0.50830746	-1.364144	-0.18004213	-1.0893149	-0.083120085	-0.20466718	-1.9942247
0.41450825	-0.32349193	0.66736877	0.3052308	-0.5257156	-0.0706569	-0.9991226	-0.15840375	-0.02908003	-0.48479742
-0.5181186	-0.96227825	-0.18348643	-0.6020623	-1.4536849	-0.4207875	-1.0343555	-0.079709925	-0.4502452	-0.799483
-0.8616324	-0.72472334	-0.49034092	-0.8952677	-0.9620546	-1.1961915	-1.0987207	-0.62982464	-1.6454275	-0.60025185
0.8584568	-0.14298072	1.0684505	0.622489	-1.1138829	-0.18795519	-1.3603939	-0.4636784	0.6064422	-1.4710959
-0.7108838	-0.47671917	-0.34667167	-0.8065011	-0.8222127	-1.4317402	-0.6966105	-0.80341434	-1.5145441	-1.1981452
1.8834538	2.9251983	1.8757902	1.4865136	-0.9145162	0.5884386	3.081265	0.52770054	1.0101885	-0.9128691
-0.27276647	-0.61240125	0.16587391	-0.42182702	-1.3122559	-0.14915983	-0.32904756	-0.14608191	-0.2636409	-1.19885
-1.1302583	-1.0271916	-0.6262677	-1.2217956	-1.6869189	-1.7817286	-1.478161	-1.1331669	-1.3965315	-1.6672713
0.08759048	0.028623194	0.5556667	-0.12661861	-1.3517551	-0.037753414	-0.061129663	0.19615756	-1.1135138	-1.1570575
-0.7587033	-1.2606052	-0.32827064	-0.8369228	-1.5667269	-0.86974585	-1.4771059	-0.51371557	-0.35396874	-2.048014
-1.5669509	-1.6041794	-1.0209827	-1.5804228	-1.6339734	-1.4801131	-1.6765373	-0.9465699	-1.8166983	-1.8677269
-0.7382102	-1.0401903	-0.23689446	-0.82512087	-1.6709347	-0.25266442	-1.2870078	0.097864844	-0.77347016	-1.2831722
-0.6225186	-1.1149797	-0.14047667	-0.6837615	-1.3143331	-0.24736749	-0.6607034	0.22382388	-0.3262294	-1.4325083
-1.5737635	-1.3736925	-1.0563682	-1.575836	-0.96643114	-1.7989722	-1.6415687	-0.8125998	-1.9022737	-1.0967766
-0.18109086	-0.0029384643	0.2201984	-0.39294258	-1.5182687	-0.6265471	0.10089715	0.08201423	-1.1475384	-1.29918
-1.2262131	-1.1504897	-0.9306084	-1.1823862	-1.325968	-1.796249	-1.5725925	-0.506486	-1.8553345	-1.3846877
3.2853794	1.5026709	3.2517161	2.8789928	-1.0538037	4.087709	0.99699306	3.6125233	3.161342	-1.8911332
-1.5964451	-1.3349104	-1.1110734	-1.6361312	-1.537767	-1.5122765	-1.1489934	-0.3333481	-0.90122217	-1.0866663
1.1378609	1.1516469	1.2191927	0.7980395	-1.2634492	1.0612904	1.6812885	1.690721	0.8354507	-1.4196825
-0.04745528	0.5726074	0.48634112	-0.28894293	-1.1141157	-0.30671147	0.2827324	0.74987704	-1.1207637	-1.1342889
-1.4381183	-1.6476148	-0.95466995	-1.4079255	-1.1081868	-1.2637758	-1.4913328	-0.5971567	-2.2198658	-0.6271333
-0.01522439	0.44132653	0.329475	-0.13914137	-0.77869856	-0.527554	1.0233604	0.3469658	-0.6257329	-1.2813829
-0.1115532	0.13171324	0.2945684	-0.32457483	-1.5756682	0.847135	0.012329128	1.4551826	0.70498997	-1.1832378
0.88987845	-0.29520416	1.2705643	0.6653412	-1.456505	-0.04016091	0.8250403	0.44718927	-0.8245043	-0.58868647
-0.94221014	0.7871208	-0.47102597	-1.2259965	-1.0878322	-0.37117434	1.0635401	-0.3547088	-0.4132449	-2.7845936
-0.52752626	-0.21447286	-0.12356734	-0.6389164	-1.1328875	-0.69787586	-0.64639014	-0.51995784	-0.7595104	-1.4370495
-0.81274456	0.9412918	-0.6060982	-1.115838	-1.0014088	-1.4116014	2.9887893	-0.6516778	-0.83284265	-0.5004111
0.41870898	1.6286206	0.85114753	0.12256281	-0.19854619	1.163807	2.6636539	1.1753728	0.9060174	0.62278163
1.0313041	2.4932754	1.2018995	0.72986436	-0.0082422495	1.6227087	1.9626899	1.7444985	1.4626153	2.163824
2.5104537	4.8741007	2.1853535	2.004676	1.4000467	2.1758707	4.489984	2.5535383	1.8109304	1.7789979
-0.07700739	-0.7901621	0.27659032	-0.25765008	-2.1949155	-0.15402517	-1.5122464	0.7920429	0.11461741	-2.3232098
0.28098118	0.57044995	0.7436719	0.07491402	-1.3105677	0.8068162	1.5673078	1.0053661	0.2401657	0.00047043597
-0.61910665	-0.9340054	-0.07133433	-0.6481789	-1.1532112	-0.14765328	-1.1812886	1.1135459	0.38304293	-1.0252578
1.0923065	1.2158012	1.4383442	0.7780744	-0.96418333	1.2574087	1.7541229	2.1265318	1.604842	0.90650135
0.65068024	1.0571089	0.99157536	0.42582083	-0.61970973	0.13888407	0.33463654	-0.46049106	-1.3065431	-1.3197583
-0.2826564	-0.25301692	0.18276826	-0.4533651	-1.3038092	-0.46669975	-0.567506	-0.7322961	-0.025694551	-1.3847424
-0.88581413	-1.2552919	-0.6625035	-0.85863847	-0.53679943	-1.155363	-1.6021426	-0.821695	-1.0014187	-1.1754833
-0.23015732	-0.046146095	-0.14879772	-0.30540603	-1.0765998	-1.1315092	-0.7221536	-1.1338893	-1.4315779	-0.5629264
0.26290885	1.2606924	0.63610137	-0.013340294	-0.7945851	-0.1759213	0.16999668	0.23278366	-0.04359929	-1.4201128
0.36113942	1.100663	0.8232559	0.105295226	-1.0949756	0.0026567238	0.54614025	0.9192942	-0.05994894	-1.5052134
1.0683068	5.4330173	1.0591553	0.59353113	2.9545512	0.45302662	3.4512568	0.7627454	0.08085488	-0.2359291
0.05328115	0.050730705	0.30818966	-0.06606467	-0.16610709	-1.916173	-1.5229164	-0.9715191	-2.1261268	-1.285567
0.10743778	-0.7757441	0.4476623	-0.08630489	-1.3687491	0.34889224	0.299436	0.8410241	0.006736047	-1.3696802
-0.317592	-0.87458396	0.19145557	-0.47329772	-1.8425865	-0.23093693	-0.30135867	0.6244621	-0.080291554	-1.2482961
-0.04967735	-0.7151574	0.38152465	-0.12350394	-0.8930961	-1.251403	-1.0714223	-0.783088	-1.0292423	-1.3938195
-1.3353134	-1.0735765	-0.8749298	-1.355558	-1.3102475	-1.1303067	-1.3029557	-1.208256	-1.2319598	-1.2371738
-0.08504341	1.3361361	0.17694828	-0.3657369	-0.6001561	-1.2646847	0.25497484	-1.570216	-1.3337265	-1.5309585
-0.36336723	-0.46565813	-0.1919046	-0.52791804	-1.1275853	-0.591746	-0.40100813	-0.4670971	-1.1252581	-1.5006001
0.0357494	-0.6463449	0.40821585	-0.079622224	-1.1595678	0.013253572	-1.2927083	0.83113134	-0.3257866	-1.7671865
0.023135982	-0.4973713	0.33325595	-0.088495776	-1.1038308	-0.045839287	0.84235364	0.11387341	-0.5728535	-1.092842
-0.6758791	-0.106455594	-0.373538	-0.8273981	-1.7128102	-0.74491143	-0.0025485868	-0.7049637	-0.32570738	-0.9131927
0.5587792	1.2191689	1.036916	0.28452677	-1.1504192	-0.78928035	1.0294291	0.96634007	0.54537904	0.091665156
0.5415808	1.1565201	1.0595131	0.25627404	-1.152685	0.15175863	0.2815863	1.2961528	0.37956655	-1.4022732
-0.99349517	-0.19176379	-0.31008503	-1.1505169	-1.1415155	0.6081535	1.0264461	1.6079069	0.22352089	-1.0850534
-1.2727975	-1.333206	-0.755358	-1.2886589	-1.2402726	-1.4068799	-2.1763403	-0.5367552	-1.5279603	-0.8949803
1.316837	1.6873108	1.8080336	1.0404453	-0.9239397	-0.30306736	0.79410464	0.68367094	1.821915	-1.4488466
-0.65687007	-0.60681057	-0.21482939	-0.81000715	-1.52329	-0.6863743	-1.1672999	-0.30359703	-1.244364	-0.64116305
0.07704093	-0.49543718	0.5480467	-0.025030866	-0.8647107	0.33372965	-0.1413522	0.77604	0.58979493	-1.3320476
0.31243432	-0.38354936	0.7413583	0.10348098	-1.8417238	-0.36652088	-0.99309176	0.7727038	-0.078319214	-1.3538339
-1.3307945	-1.0101359	-0.95695615	-1.3706977	-0.92365634	-1.2203165	0.5524787	-0.35688195	-0.8359408	-0.014932373
2.2020578	-0.37846985	2.513884	1.8883746	-0.62153363	1.3305038	-0.6609412	1.9272517	1.193153	-0.6403839
-0.25061566	1.8333514	0.7204218	-0.6275832	-0.09106022	-1.3033601	1.8989004	-0.48842087	-1.6622915	0.56282985
-0.47434694	-0.99116707	0.1808429	-0.5738525	-1.8791962	-0.072509915	-0.6426789	0.5355605	-0.54476213	-1.7557259
0.55450404	1.421845	0.95544183	0.28285044	-0.89993954	0.22848156	0.90223294	0.3930563	0.18745865	-1.1635345
0.6174107	1.6858912	1.0080491	0.23478426	-1.4096694	-0.20558144	0.892844	1.5291364	0.57920164	-0.8542907
0.0412442	0.75907266	0.47477254	-0.21942042	-1.1877129	-1.322043	0.3619713	-0.4288562	-1.4250425	-1.5601599
0.90764076	0.6437001	1.0134671	0.7634559	-0.59850365	1.8081061	0.8773805	1.5610971	1.4958441	-1.1902438
-1.2045115	-1.1627712	-0.56882906	-1.2971874	-1.403371	-1.3106283	-1.3124329	-0.5938599	-0.6572954	-1.0674539
0.23616242	1.0982333	0.37018448	-0.047524244	-0.03661707	-0.21203634	-0.007630002	-0.25896314	0.2724358	-0.57065296
-0.23622334	-0.636204	0.24405396	-0.38179648	-1.7227715	0.33236527	0.17938025	0.7946323	0.051032554	-1.1696706
0.5129567	0.3681182	0.58885324	0.256988	-0.5018583	2.3738837	1.9019673	2.1693232	1.8224214	-0.18792751
-0.8056413	-1.1790546	-0.39288738	-0.88229644	-1.5602143	-0.54177755	-1.5294462	0.38092354	-1.1632817	-0.7889022
0.77844065	0.44268987	1.4334495	0.5688592	-0.45022213	0.8506985	0.14858752	1.3211265	0.5821815	-0.98001105
0.8463121	-0.10318971	1.5511605	0.63530064	-1.2057542	0.9978021	0.09463005	1.4673152	1.0991987	-1.0998217
-1.2387458	-1.0054086	-0.8604363	-1.2363352	-0.2691766	0.36376342	0.14151487	-1.0205814	0.45990682	-0.30921593
1.3951343	1.9280641	1.6190405	0.99794006	-0.5675162	-1.2697926	-1.6630468	0.24461547	-1.7960371	-2.1067376
-0.8520257	-1.3490711	-0.43406704	-0.9149165	-1.6942159	-0.61093324	-0.5072308	-0.28557986	-0.024997933	-0.0324434
0.036950134	-0.23257253	0.64361405	-0.122453496	-1.3731347	-0.8223383	-0.64873654	0.24080728	-0.69706887	-1.1900009
0.31035495	0.599213	0.4691296	0.09382914	-0.9723084	1.3053025	-0.14859642	0.928941	1.6868945	-1.7639856
-1.0990841	-1.3942482	-0.67703736	-1.0648568	-1.3051655	-1.6181055	-1.1151195	-0.84548736	-1.8131086	0.026566183
-1.3502096	-1.6871128	-0.79223955	-1.38577	-1.663755	-0.44634306	-2.1979444	-0.59951866	-0.747642	-1.4312917
-0.2347573	-0.4476791	0.19797346	-0.42936465	-1.3475529	1.0202112	-0.5092412	1.1506225	0.96185446	-1.3138707
-0.7643746	-0.8243865	-0.2595736	-0.8579668	-1.2265526	-0.25451466	-0.14406352	-0.5500645	-0.672405	-0.8306968
-0.9800414	-0.7783574	-0.5561484	-1.077732	-1.3569885	-1.9267843	-1.2633512	-0.9315395	-1.8257016	-1.2976596
-0.22275966	0.8443208	-0.15272221	-0.40924	0.24231997	-0.5981193	3.280673	-0.28052363	-1.4892465	2.3654597
-0.063276775	-0.06577855	0.4027774	-0.22634669	-1.1663663	0.3538398	-0.043645747	-0.5880526	-0.4373725	-0.3100726
-0.6578446	0.0075883865	-0.47491375	-0.76960576	-0.62138987	-0.49190998	0.56007975	1.0597358	0.48083878	-0.745272
-0.6505595	-0.8614867	-0.19568792	-0.78912854	-1.5238961	-0.6011049	-0.4175973	0.46334013	-0.537333	-1.6767476
0.09996175	0.22110823	1.0647537	-0.13044482	0.4744813	-0.28811145	-0.4144584	0.8939481	-0.4145529	-0.013178268
0.6413838	0.553748	0.9769727	0.43595564	-1.3729323	0.22072849	0.36504585	0.84512234	0.017320931	-1.5951707
0.9335082	3.7421658	1.068294	0.5971917	1.1461272	-0.054789703	4.3687973	0.32127222	-0.24725403	0.63415587
0.95679015	-0.68405867	1.1993666	0.85373974	-1.0365214	-0.07321473	-1.382961	0.2182737	-0.031120315	-2.4143615
0.073616795	-0.21932669	0.5017872	-0.14800426	-1.5871774	-0.56344813	-0.7424255	-0.057932485	-0.92206174	-1.6634564
0.9190617	-0.007706389	1.5320303	0.88816786	-0.7241404	0.22630085	0.6435889	0.851863	-0.098219715	-0.64056957
-0.50889003	-0.9553447	-0.014145285	-0.6224261	-1.7185329	-0.60143834	-0.67238265	-0.3074943	-0.22804898	-1.2041036
0.1836259	0.078380704	0.7833563	0.0902258	-0.9827782	0.4254304	0.28917807	0.6390697	0.35354486	-0.7529517
1.0506548	1.6334338	1.572324	0.7487383	-1.6954136	0.4028045	0.78810096	0.5704513	-0.15264244	-1.4750066
1.4077536	0.99499047	1.8119752	1.1991098	-0.9429853	0.4770947	-0.20669179	0.68308216	0.47808963	-1.2512997
-0.43800393	-0.22477737	-0.12885669	-0.55467695	-0.8809576	0.4191539	0.09180226	0.6311384	0.042708807	-0.9844342
0.8747923	0.75569534	1.528545	0.7351363	-0.81630045	1.2735288	0.5595943	1.9736366	1.2604867	-1.2233844
0.12733015	1.0228503	-0.08626127	0.036866948	1.0638179	-0.83205724	-0.32567465	-1.4529144	-1.0400319	-0.3980725
0.31543496	3.4549634	0.42317572	-0.17474014	-0.85756505	0.21256511	4.6177435	0.0666228	-0.65324646	-0.911225
0.36358032	1.3034502	0.57805324	0.10420813	-0.8158454	-0.52966154	1.3255625	-0.0288326	-0.81920743	-0.9499081
-0.5761803	-1.4219887	-0.19514936	-0.6126233	-1.003961	0.43708363	-2.1565957	1.7257775	0.66242975	-0.3224551
-0.5076221	0.71981	-0.4342744	-0.6791761	-0.19280231	-1.1968547	1.3120209	-0.782686	-2.0502307	1.134751
0.3395677	0.089315355	0.9342456	0.11942761	-1.0189472	-1.2472585	-0.7944153	-0.14865214	-0.30540225	-1.4849557
-1.8404964	-1.7706996	-1.2703365	-1.7781479	-1.0103935	-2.4888017	-2.5327458	-2.8675199	-2.418379	-1.4908333
0.65522754	0.4244459	1.227318	0.42333198	-1.0768844	-0.40079677	-0.34256238	0.33217537	-0.18436496	-1.3071256
-0.52538854	-0.6666579	0.3365959	-0.66222864	-1.6217095	-1.2428318	0.9098201	0.24819303	-1.9222059	-1.7510803
-0.28876466	0.89545715	0.3344906	-0.50612015	-0.96386206	1.9619123	1.3750244	2.2609305	1.7082484	-0.8923153
-0.6492477	-0.9061369	-0.31802842	-0.766614	-1.5887207	-0.95788705	-1.9551221	-0.2593975	-2.1831822	-2.0499594
-0.3429002	-0.08672689	-0.077020854	-0.5576541	-1.0175103	-0.37622184	0.61926454	-0.20028317	-1.0486614	-0.9644748
0.24347326	0.2992058	0.62547433	0.023944512	-1.3766947	-0.43742797	-0.4681588	0.6647762	-0.9880331	-1.127281
1.4746035	2.2045505	1.694019	1.1016507	0.5073869	0.43946427	1.1327089	0.8716079	0.019851198	-1.1229893
-0.19874164	-0.5889828	0.22205803	-0.35662735	-1.7817708	0.7197416	0.9023512	0.7443949	0.36008295	-1.0785407
1.0358416	1.2649548	0.9814615	0.85962176	-0.39933696	-0.9061133	0.31251866	-0.3117044	0.22739814	-0.7909237
-0.078199156	-0.8724705	0.46015653	-0.20559783	-2.0132177	-0.0482466	-1.3261704	0.59545445	-0.39543295	-3.381352
-1.4400276	-1.5004135	-1.0392244	-1.3699049	-1.4062154	0.07177307	1.1733395	0.23596975	-1.1038849	-0.6433873
0.14499414	0.25381032	0.62338066	0.060620442	-0.35545498	0.115982495	0.31590775	0.23386525	-0.31140128	-0.66727984
1.6052805	1.8452008	1.9542571	1.3278527	0.0011481345	2.3255694	3.4432714	1.5309488	1.0938157	1.4872503
0.09857141	-0.31830537	0.56755793	-0.027087376	-1.2769977	0.24559359	0.06594573	0.25728434	0.26436856	-2.1507604
-0.5494072	-0.63924253	0.0006659329	-0.6200677	-0.991717	-0.7382901	-0.17051792	-0.6313303	-0.815062	-0.19123422
-0.38516724	2.344848	-0.08315238	-0.80705637	-0.5772614	-0.3533802	1.3142167	-0.5353225	-0.56158525	-1.5334048
0.6229542	0.24252138	0.9993247	0.43397474	-0.6438757	0.16632375	-1.1474144	0.30531412	-0.7713484	-2.0920656
0.93914264	1.0111865	1.4565217	0.7333524	-1.2004426	-0.40987352	0.37095684	0.5783871	0.07703177	-1.9742064
0.9241713	1.9145362	1.0792406	0.5152388	-1.3456002	-0.3978951	0.8713081	-0.2265222	-0.4807006	-1.1131727
-0.117910095	0.09575096	0.4220304	-0.36770377	-1.7160345	0.40626687	0.1765583	0.8456827	0.06486502	-1.2958109
1.1591682	0.53831005	1.3461119	0.87644696	-1.1509795	0.5928509	-0.4396166	1.4234604	-0.75847274	-1.3712766
0.5353238	-0.43475968	1.1955682	0.45353216	-1.3200107	0.5091491	-0.17959055	0.8943182	0.58127266	-1.2346268
-0.36386666	-0.751505	0.07796693	-0.43536758	-1.494841	-0.33439827	-0.34066913	0.1992324	-0.17842126	-1.4984384
-0.7617413	-0.06189826	-0.6217642	-0.8346606	-0.91060925	-1.4682612	-1.3519871	-0.36799943	-1.284696	-1.6041476
-0.7768675	-1.19659	-0.38231286	-0.81260717	-1.1144695	-0.6586881	-1.3703816	-0.7253614	-1.2197334	-2.0745397
1.0314513	1.2548175	1.2521861	0.8114711	-0.21889393	2.2572222	2.7475026	2.2997012	1.9135245	-0.82595366
-0.23973271	1.566597	0.42617348	-0.6525805	-1.0501617	-0.34729362	0.8003236	0.23536696	-0.32828242	-1.1753198
-1.1716856	-0.57931995	-0.78961957	-1.2839026	-1.0875857	-0.90683687	0.26836497	-1.226305	-0.33831123	-0.66243774
-0.29343835	-0.016213268	0.081401706	-0.394797	-0.8716339	0.7319941	0.37494892	0.82413083	0.2622656	-0.98441094
0.6435388	0.97780323	1.1830964	0.41445976	-1.1558938	0.73182976	1.5551546	1.1271763	0.9437747	-1.1241261
-0.1949611	-0.63257205	0.34063807	-0.3574304	-2.117186	2.1367218	1.563897	1.369652	0.5633009	-1.2440687
1.7186815	-0.05929327	2.1901162	1.4136097	-1.4697634	2.5759125	0.27680188	3.11562	0.91763777	-2.863247
-1.394282	-1.6352515	-0.90296984	-1.3424939	-1.0133042	-0.7493658	-0.33297592	-0.28068674	-1.3476827	0.25760072
1.5488998	0.7541933	1.7605883	1.1940558	-1.3169985	2.433631	0.37322992	2.3842454	1.8783362	-1.3163549
-0.048805006	-0.0795621	0.49932042	-0.22015415	-1.6623741	-0.43598124	-0.65917575	-0.010246979	-0.7092709	-1.8179084
1.7253969	2.3202507	1.7704873	1.3533365	-0.24083316	-0.6440084	0.6722612	0.98455346	-0.5400715	-2.5059245
1.0092586	2.2656884	1.2768701	0.70258164	-0.78464866	1.1995308	1.8420413	1.2547839	0.6280257	-0.8730497
1.1462195	1.9372783	1.2896501	0.71121156	-1.3937944	-0.21659303	2.3177497	0.16111653	-0.66430825	-1.1493086
1.1532234	4.037521	1.2355644	0.6258637	-0.08057687	1.1923934	2.984434	1.5548905	0.48877227	-0.58732575
-0.7095559	-1.5552021	-0.12521502	-0.7017678	-1.7792946	-1.0988252	-2.124944	-0.5136888	-1.0974094	-1.894351
-0.8305658	-0.65703595	-0.2807288	-0.96374595	-0.922029	-0.2156639	-0.3471649	0.21365465	0.4824426	-1.6579386
0.53766423	1.0988271	0.5120337	0.39157182	-0.39189953	0.7323456	1.5987827	0.48658696	0.4427053	-0.4601777
1.0457314	0.06661227	1.6554826	0.8415793	-1.3999976	0.95217454	-1.0070752	1.5086477	1.1336069	-1.8955994
-0.43882653	1.4476827	0.22046274	-0.62152594	-0.75986814	-0.013613226	4.295249	0.7627377	-0.36409712	-0.14588398
1.1332707	1.3898665	1.1016697	0.8183285	-0.5222012	0.37174538	1.7724992	0.5613848	-0.08855142	0.24794948
-0.42103913	-0.02021271	-0.081181824	-0.5788596	-1.0233009	-0.11003634	-0.56923145	0.10560982	-0.48073143	-1.1234528
-0.20315513	-0.14020002	0.32315573	-0.33237714	-0.9706689	-0.34096354	-0.48876235	0.014775171	-0.14927046	-0.8767607
0.10943451	-0.11319128	0.33627594	-0.14692909	-1.5545349	-0.12531735	0.37498477	0.3699997	-0.5494459	-1.4806359
-0.8922844	-0.23135117	-0.5825274	-1.016861	-1.0641652	-1.6036843	-0.04885463	-0.8973072	-1.0216615	-0.5444908
0.15668958	1.5349101	0.6389706	-0.113617755	0.16694185	-1.0648344	-0.37012002	0.59753454	0.0025266758	0.06011924
0.3162375	1.7573421	0.60528886	0.0031048506	-1.3427192	0.43181622	2.958118	1.4523356	0.89701694	-1.2081667
-0.10114207	1.3536812	0.40934664	-0.3950202	-1.3562834	-1.498447	-2.5938687	-0.025799312	-0.9527206	-2.1698997
-0.21479931	-0.24805173	0.15149316	-0.34971565	-1.3457226	0.39642003	0.034561668	0.67429674	-0.8150463	-1.670054
0.5624	0.78606594	1.1224241	0.36972213	-1.1207479	0.39891094	0.85110915	1.0733991	0.109299034	-0.21026602
2.6392157	2.8493907	2.6756303	2.3256626	0.72070324	3.1105194	2.583067	2.8753426	2.522299	-0.7797125
-1.24955	-0.9387747	-0.91218126	-1.2342968	-1.1700081	-2.3563788	-1.5435262	-1.5679721	-3.2510273	-1.3803853
0.184322	0.08508387	0.43910843	-0.052870765	-1.2041523	-0.47688404	-0.33184624	0.66866755	-0.8048282	-1.4208877
0.65252835	-0.26595914	1.0801805	0.4904937	-0.95851374	0.36756006	0.34048092	1.2402706	0.49525976	-0.76775056
0.16723368	-0.28897792	0.6182299	0.013289735	-1.336933	-0.39925677	-0.7279811	-0.66242516	-0.38272384	-1.3599981
-0.48017558	-0.053322315	-0.1513317	-0.593146	-1.2014674	-0.9752902	-0.28193888	0.25702503	-1.155541	-0.2581918
0.6725438	0.9185523	1.0427679	0.52911425	-0.642701	0.066568844	-0.11038976	0.60829204	1.2268457	-1.1256722
-0.061068274	-0.67597926	0.19939134	-0.22934835	-1.300745	1.7594076	-1.659778	1.2662988	1.055433	-1.0029882
0.49977496	-0.70032144	1.109243	0.31160432	-1.9955897	1.0420828	0.28859577	1.7739034	0.42312846	-2.6967735
0.9831224	0.15488124	1.1226819	0.7840305	-0.44661427	-0.14400749	-0.5360608	-0.33442628	-1.0118014	-1.3675665
-0.55065763	0.5259985	-0.5406209	-0.6788437	1.0140222	-0.9918361	-0.8294048	-0.84819484	-0.42737404	1.5810345
-1.1756731	-1.1657617	-0.74190474	-1.2153746	-1.3418275	-0.37819582	-0.6739254	-0.62213784	-0.5142332	-1.1805933
-0.37610886	2.3702157	-0.29802057	-0.7145522	-0.8597603	-0.35624686	2.5157228	-0.043420497	-1.6093144	-0.7858998
-1.4820213	-1.6395656	-0.918452	-1.4258755	-1.0394424	-1.4106307	-1.7029684	-1.7794201	-2.0320466	-1.2233106
1.5980066	1.123091	1.8454154	1.2335528	-1.3950781	0.53231186	0.77455074	1.3245347	0.8611383	-2.814798
0.9362702	0.650792	1.3967855	0.6753972	-1.3833042	0.7365682	0.14384733	1.0927309	0.8700848	-1.3830492
-1.0139962	-0.9791318	-0.554616	-1.1031022	-1.4918392	-1.4725362	-1.8143512	-0.6658952	-1.2198658	-1.6219141
0.35317388	1.3326082	0.60513794	0.11785327	-0.2239711	0.07477698	1.2736015	0.8546273	0.2119986	-0.56810343
-0.14580241	3.7095046	-0.23617557	-0.5560059	0.3731632	-0.5720001	2.9975982	-0.44265422	-0.72379106	-0.32157096
-0.6288033	-0.98025954	-0.016989142	-0.8029703	-2.2333603	-1.95199	-2.1279225	-0.70508015	-1.8593433	-2.710266
-0.035046417	0.40166155	0.5744227	-0.1438368	-0.95990515	0.0742892	-0.33361316	0.53163725	0.41313222	-1.2047023
0.96665627	0.69860744	1.3965667	0.6884397	-0.93562067	1.0346792	0.5453732	0.6832648	1.5642506	-1.7977678
0.66179	2.7507875	1.5087425	0.48894626	1.2440438	0.86023027	3.3910532	2.3755438	1.1057205	1.8848641
0.9745448	1.4480369	1.319116	0.6526635	-1.3380947	-0.06893172	0.58761066	0.41839546	-0.12076366	-1.7516553
0.6254627	2.1765003	0.95995796	0.21413185	-1.4758413	1.4142572	4.2434998	1.9609331	1.4167032	-0.4714158
0.046377204	0.9729245	0.8889009	-0.17378065	-0.81530434	0.66520214	1.8393053	0.8520949	0.11126204	-0.39670497
-0.6414786	-0.5265236	-0.28224036	-0.78455466	-1.2827587	0.265952	1.1315674	0.3411232	0.09840026	-0.52672195
1.4257283	1.2604046	2.0572958	1.1105937	-0.8697988	0.16782808	0.4959299	1.1120375	0.32003897	-0.837021
-0.7175186	-0.822633	-0.29765394	-0.82272524	-1.6078683	-0.5075673	-1.0467565	-0.47009924	-0.34902072	-2.18312
-0.12192149	-0.3136695	0.2729282	-0.09082724	0.3105425	-1.0976906	-1.5446168	-0.9288805	0.04316866	-0.33819923
1.1660221	3.315106	1.4125428	0.8013998	0.14705518	-0.45548174	1.2286826	-0.4081028	-1.2769243	-0.7815271
0.5130222	0.44829348	0.91961694	0.3336972	-0.96811664	-0.7413778	-0.008642878	0.1869885	-0.025855405	-0.57679176
-1.1545631	-0.63462484	-0.74771726	-1.2854534	-1.1157852	-1.4960985	-1.3661417	-0.4457207	-0.8486034	-0.8502979
0.23455572	-0.27816355	0.91556597	0.09056009	-1.3982776	0.0970185	-0.6568283	1.1703463	-0.94153666	-0.056515086
0.16321537	-0.18385735	0.5245799	-0.06136837	-1.5412343	1.4003049	1.3060733	1.6402098	1.0633584	-1.0100372
-1.1595267	-1.2923259	-0.7232139	-1.1450689	-1.2285119	-1.3302242	-1.0503607	-0.46181583	-2.0373025	-1.3436489
1.0289046	1.7624967	1.4155731	0.6729526	-1.0067395	-0.06812292	1.3750769	0.48215768	-0.19277434	-1.7161065
1.923966	6.4236255	1.7500839	1.3659424	2.6369152	0.14161584	6.1798596	0.5264612	-1.2650484	3.283329
0.55259115	0.57664955	0.9785006	0.37351358	-1.0693502	0.88269764	0.75237644	1.2655085	1.000215	-0.8857633
-0.49377558	-0.7279438	-0.08681893	-0.6053609	-0.9330025	-0.74279255	-0.8633147	-0.5216406	-0.12076366	0.26263165
0.28808004	0.28341314	0.68484235	0.20623182	-0.18829766	-0.3999687	-0.12292896	-0.3202621	-0.6725636	-0.44129327
0.6354842	0.8155935	0.8865266	0.34138006	-1.2105714	-0.6744841	-0.0040844386	0.30465326	-0.736803	-1.0477599
1.301831	1.0673195	1.4371096	0.9856833	-1.474521	1.0009487	1.2587991	0.60836697	0.5401098	-1.2094725
0.48179844	1.8270321	0.7662562	0.1177396	-1.1505616	0.038348388	2.903099	0.7220671	1.0113426	-0.39160797
-0.7540438	-0.4733129	-0.34661964	-0.90727466	-1.1280124	-0.63980037	-0.965703	-0.49200267	-0.7239891	-1.1292692
1.131667	2.0589964	1.2790003	0.67313474	-1.3208967	0.91146594	1.6771343	1.1471269	0.41474134	-0.7638129
0.11192516	1.1414808	0.7443421	-0.0899052	0.051002055	-0.49845353	1.1914332	-0.3522763	-0.5132807	0.5873552
2.4724658	1.7923195	2.78575	2.1644013	-0.9057971	2.862123	1.7959633	2.9345813	2.8974974	-1.6284826
-0.026078321	-0.71526027	0.48395097	-0.11433332	-1.9057354	0.008334907	-0.92352337	0.5000529	-0.06537345	-2.4846358
1.1093313	0.38390532	1.4341412	0.84600496	-1.2915695	0.13001256	-0.50858873	0.6565403	-1.4574181	-2.640345
-0.85387135	-0.4563508	-0.46951637	-0.9715668	-1.2342978	-1.1284422	-0.30618897	-0.68284035	-1.4337354	-1.4642785
-0.19528171	0.1454561	0.0937925	-0.3718144	-0.6239872	-0.502223	-0.9653123	-0.47186863	-0.5385636	-1.8162231
3.2425923	1.3099773	3.4362562	2.7637858	-0.7493794	-0.81546	0.8559047	0.32811096	-0.89597386	-0.62585473
0.055615418	1.5804075	0.20873246	-0.17167899	-0.7193343	-0.53022856	0.60571474	0.006699171	-0.41352838	-1.320966
-0.18327641	-0.20002058	0.24381635	-0.31828314	-1.3839887	-0.66018647	-0.4647282	-0.92890686	-0.8677245	-1.3175782
-0.23584762	-0.33540496	0.10688767	-0.3578605	-0.8894874	-1.7181095	-1.3204434	-0.14358118	-1.1854686	-0.9379171
1.2843572	0.81258476	1.7124038	1.0604126	-1.0196873	1.397489	1.9479034	2.0427892	0.49907154	-1.4496022
1.0929298	0.08368862	1.5290531	0.8719839	-1.0924071	2.3948176	0.062426485	3.0083306	2.0643487	-1.0349239
3.8776932	3.4381707	3.7684047	3.024468	0.7174119	4.199723	3.521103	4.8185444	3.4694018	1.2657864
0.77461565	0.79861903	0.9113704	0.54507154	-0.5293164	0.164772	0.4172847	0.65174854	0.49262178	-0.12647563
-0.031213295	2.0042012	0.19016157	-0.45604205	-0.7141998	-0.4100471	2.9774232	0.46665752	-1.6374568	-1.6424559
-0.4606143	1.2529991	-0.36128506	-0.70350444	-0.14009956	1.3701705	3.1234105	1.1748416	0.9637746	-0.58748144
-0.41468883	-0.932585	-0.07642579	-0.48018086	-0.7706789	-1.9044842	-1.635585	-1.4959683	-1.7522808	-0.069809735
-0.2945026	0.23810095	0.14847577	-0.5474466	-1.9851006	0.5469337	-0.80367047	0.42885682	-0.1434229	-2.1148353
0.5633816	-0.5941932	1.3479323	0.41053772	-1.0994922	0.2790574	-0.35923693	0.33843285	-0.2630778	-2.0388799
-0.30606344	-0.059744	0.055760294	-0.5249906	-1.2995993	-0.358405	-0.6817427	0.7553039	-0.19775996	-1.5827712
1.166402	2.0758712	1.6892269	0.86192596	-0.41627192	-0.6082079	1.631819	0.09926285	-1.1077949	-0.022553274
2.9744837	4.1632137	2.9138663	2.442328	-0.28212303	3.5097094	2.8610494	3.4265428	1.5839995	0.22153828
0.30912098	1.414526	0.3151011	-0.11561365	-1.5663272	2.5750322	2.2519014	1.9001905	1.7083536	-1.5140766
1.8781208	0.49134353	1.6423647	1.5291814	-0.34661618	1.74912	-0.83525455	2.0500312	0.7158288	0.041854084
-0.42171147	-1.191034	0.011212081	-0.46956384	-1.896429	0.49346703	0.68580294	0.52666366	0.6999303	-2.273503
-0.14731604	-0.14900216	0.2839665	-0.3370688	-1.3091934	-0.67458963	0.06461419	0.055073515	-1.1482843	-0.8909378
0.905677	1.3502471	1.1000549	0.6392223	-0.73342514	0.49114758	0.049142417	1.1538229	-0.009731314	-1.4047233
0.49534032	0.25414637	0.3869484	0.40801805	-1.5056622	-0.10249238	-1.3115861	-0.04069037	-0.2279644	-2.2638102
1.4952463	0.7811341	1.9659057	1.125148	-1.337584	1.0866333	0.74430054	1.4810153	0.87931764	-1.3462243
0.10067915	-0.002053976	0.33005726	-0.073700234	-1.2071025	-0.86101526	-1.2558496	-1.265563	-0.71374744	-1.0171146
1.4142358	2.052272	1.6679199	1.2105768	-0.18529072	1.5403969	0.42053625	1.9577287	0.96546996	-0.85586154
0.4142469	1.5524175	0.5772896	0.14274494	-0.14293775	-1.403512	-0.79279715	-0.3807603	-1.6075276	0.99570173
0.091006	1.2358038	0.28370166	-0.16922104	-0.31508183	-0.9632017	-0.2733409	-1.267773	-1.1297246	0.83981615
-0.7336342	-0.29767564	-0.61929226	-0.81166196	-1.0566542	-0.4100993	0.274317	-1.3024663	-0.8786531	0.65510744
-0.37131685	1.7721202	-0.29195675	-0.5965953	-0.62228984	-0.9063444	1.899455	-1.9298745	-1.421489	-0.38007027
0.58484966	0.79631686	1.2007563	0.40139544	-1.3476863	0.36750332	-0.2113201	1.0898796	0.52717096	-1.5675203
0.90795076	1.2249072	1.2139617	0.62260026	-0.67041564	1.0169857	0.060896363	1.257659	0.85220164	-1.1004993
-0.89458007	-1.2689084	-0.38467047	-0.9312531	-1.736858	-0.63883364	-0.72513074	-0.2761715	-0.42853907	-1.7461326
0.30569756	0.18493319	0.84409153	0.1348352	-1.1091056	-0.005220646	0.29490018	0.2084535	-0.21198362	-1.3346406
-0.6185422	-0.90822935	-0.12862924	-0.71725214	-1.477527	-1.0322593	-1.8748502	-1.4115002	-0.88044375	-2.2909658
0.6084945	-0.6044409	1.233342	0.4144742	-2.230023	0.86886215	0.68263304	1.7041088	0.65871996	-1.8035847
-0.42466125	-0.08146623	-0.058374554	-0.5659654	-0.7032478	-0.29050204	-0.043357946	0.23644142	-0.16668236	-0.01452664
-1.1916184	-1.4076962	-0.59242976	-1.2646346	-1.6233732	-1.753455	-1.8862807	-0.855224	-1.5417938	-1.7064394
-0.3563579	-0.1045706	0.16011807	-0.51096165	-1.0970333	-0.8311601	-1.5114236	0.19235298	-0.11336182	-1.3082767
0.94739264	1.4890829	1.1758224	0.55816174	-0.82837963	1.9892291	1.3312988	2.5792696	2.152045	-1.0794383
-0.5307768	0.56506634	-0.32574698	-0.62634087	-0.045074522	-0.17366624	1.7749087	-0.23472454	0.183511	-0.49056035
0.4026291	-0.1499404	0.45519775	0.1121854	-0.6588328	0.37234396	-0.14064348	0.8313738	-0.039200425	-0.59146106
0.5271371	0.6070936	0.88878226	0.44932473	-0.68603283	0.24803011	1.2218988	0.8950939	-0.48213187	0.3327328
1.0665379	0.8955903	1.2210146	0.75046986	-0.80558157	-0.50990295	-1.4221524	0.23821029	-0.45759496	-1.1534727
0.69538796	0.69040155	1.1908236	0.4986018	0.07245201	0.7813495	1.4696233	1.4477488	0.69213134	1.0828449
-0.02462437	-0.12121068	0.3413306	-0.18422714	-0.5685783	-0.1023358	0.7589726	-0.013221436	-0.41928133	1.6979518
1.6194128	2.280993	2.0281098	1.287331	-0.81527126	1.5377768	3.1350884	1.8710979	0.8104846	-0.6835747
-0.138769	-0.34102324	0.05624953	-0.2798561	-1.369273	0.07984009	-0.85113436	0.34397158	-0.03316715	-1.553306
-0.11946408	0.22753471	0.44575155	-0.33015525	-1.3824565	-0.6317424	-0.24321868	-0.045713853	-0.6243253	-1.725095
1.5015942	2.0249422	1.5867584	1.2212545	-0.5574553	1.1546193	2.0615716	1.0967793	0.7387081	-0.340692
-0.054407753	0.20258272	0.11716953	-0.20099033	-1.0527254	-0.5606568	0.034469582	-0.29187405	-0.874825	-1.4040763
2.0151222	0.82714295	2.4427445	1.7528104	-1.0554595	-0.6711568	-0.52053636	0.7759257	-0.2514211	-0.36243293
0.42261985	1.6346152	0.89492583	0.19112884	-0.0020988882	1.5117595	3.0425406	2.2386103	1.4617968	-1.2701132
0.35689852	-0.070631504	0.97805333	0.18700318	-1.3871602	0.3593172	-0.042464245	0.8085455	-0.220913	-2.110496
0.40330994	2.0916712	0.31158835	0.11386721	-0.15189824	0.27136883	2.6744704	0.51381516	-0.11967401	-0.012305216
-0.09563909	-0.27306893	0.29568174	-0.28929424	-1.5234634	1.1222719	1.3251007	1.8513659	0.89561146	-0.2587344
0.58820456	1.5543157	0.75256455	0.19189765	-0.8248732	3.339797	1.4428362	2.40249	2.467097	-0.6195779
-0.33165625	0.3719299	0.08824694	-0.49668866	-1.0163677	0.1297566	1.3578757	0.20285486	0.18998052	-0.69194824
0.773042	1.5878807	1.0566754	0.47398937	-0.77592516	-0.27347726	0.7598619	0.6714855	-0.34878018	-0.47363442
-0.07951946	1.2780846	0.18741772	-0.41725147	-1.3802152	0.5055555	2.265696	0.49945107	0.05656878	-0.32803038
-0.5761978	0.67807424	-0.31548634	-0.6515153	0.8292713	-1.4583151	0.15315649	-0.25217736	-1.5981277	0.000976035
-0.5620836	-0.8800746	0.0048764944	-0.7021933	-1.8147953	-0.22075927	-0.8502882	0.2387087	-0.45599303	-1.9420861
-0.6039875	-0.7193879	-0.17249653	-0.64076334	-1.3132136	-0.21499342	-0.29673892	0.29825327	0.044081494	-0.58560103
1.3218696	0.16356874	1.9192424	1.0699687	-0.69647336	1.0816782	-0.022685861	1.7167572	0.7381616	-0.8071165
2.536181	2.3367932	2.5158088	2.133136	-0.8022295	1.6038152	1.8309051	1.8940731	1.5798328	-2.3841343
1.3819468	1.0552434	1.7383816	1.0959555	-0.8578434	0.9867448	1.1591694	1.4935359	0.8812712	-0.6454302
-0.9930262	-1.1622149	-0.54607975	-1.0020419	-0.5839791	-2.016081	-2.4055667	-1.3361455	-2.0784397	-1.4102365
1.8261384	2.2218575	2.0550761	1.4490308	-0.46473613	1.8381333	1.4216895	2.1061466	1.142122	-1.038609
-0.7391856	-0.27135387	-0.2529463	-0.8576006	-0.63140416	-0.85353386	-1.7888514	-0.52192885	-1.7219858	-0.95234454
-0.018512487	-0.8202599	0.3974294	-0.15849932	-1.6581395	1.0128679	-1.0542623	1.0756683	0.54529524	-1.9326713
0.22118804	-0.13869947	0.6259925	0.023569807	-1.2539513	-0.85899746	-1.1693087	-0.40521923	-0.59168255	-1.8667611
1.5658523	2.0567873	1.6817424	1.3017355	-0.034095854	0.42153037	1.9575119	0.72574925	-0.020671945	-0.037342858
-1.0206434	-1.1390773	-0.5524248	-1.0661271	-1.291258	-1.2133273	-1.6745611	-0.8686261	-1.5723329	-0.8363657
1.8299006	2.371537	2.344977	1.5068659	-0.28935334	-0.14439338	0.6370948	0.48472044	0.4384857	-1.6302071
0.9823478	0.61630964	1.4193187	0.76883453	-1.0568321	1.5873334	0.32418334	1.683186	1.5528576	-0.71199286
1.0151721	1.6559929	0.7673125	0.6560563	-0.9135703	1.6513474	1.8593714	1.3523259	0.8416075	-0.8495442
0.2742938	0.5638114	0.71607673	0.12464993	-0.19289032	-0.0027218983	-0.78988767	1.0869873	-0.9874408	-0.98392975
-1.3642039	2.5621998	-1.038707	-1.6823273	-1.3193521	-1.7504427	2.7929015	-0.8232055	-0.28469598	-1.0582367
-1.4763273	-1.2384238	-1.0850054	-1.4977076	-1.0722342	-0.20493934	-1.8683609	-0.76505816	-0.8914652	-2.017891
0.26881406	-0.18356404	0.52263653	0.06282045	-1.1651727	-0.33585998	-0.014668378	1.3532012	-1.1103843	-0.70126414
1.9761461	1.9886627	2.5785766	1.7077115	0.13948125	2.182111	3.093018	2.6167393	1.2987574	0.3629479
0.77947426	1.3612027	1.0145898	0.4738024	-0.31233686	1.2353423	3.0219285	1.2541084	0.5932352	-0.040388696
-1.0552248	-1.0368037	-0.5621996	-1.1145389	-1.3026433	-1.0539092	-1.2384591	-0.50454134	-0.9717098	-1.6178392
0.26345685	0.8352568	1.0002636	0.053080156	-1.26786	1.6695917	1.2887639	1.6591196	0.9863223	-0.6253054
-1.4023114	-1.4111267	-0.9406917	-1.40055	-1.5315979	-1.2229714	-2.0040364	-1.9532434	0.39337593	-0.48634177
-0.015233345	0.2766523	0.353091	-0.1483352	-0.699205	0.56219274	-0.5180522	0.6028021	0.45657712	-0.47448957
-0.14931539	0.1065242	0.35662845	-0.37393594	-1.4622186	-0.6500831	-0.49976543	0.34079218	-0.8693324	-1.3709905
0.62474644	0.026021034	0.98650753	0.38393593	-1.1474452	-0.37808442	-0.43062773	0.48977086	-0.7827956	-0.5358095
0.25466728	-0.27808565	0.61016154	0.24419309	-0.04085833	-0.12076313	-1.3223097	0.21152708	-0.8524005	-1.1944426
4.3987985	3.1830604	3.9575021	4.0209484	0.3048714	3.3820658	3.4579978	3.5411677	3.215362	0.38123634
0.28090233	0.39305845	0.7054591	0.014889404	-1.5304074	0.47260967	0.7778818	0.79757786	0.39013013	-1.7983252
-0.24250236	-0.17595631	0.29081208	-0.3338359	-1.1186206	-0.57213527	-0.43869767	-0.9957379	-1.2177538	-1.6657618
-1.1429312	-1.2760142	-0.59436643	-1.2007303	-1.4517593	-1.1422338	-1.0464144	-0.20125413	-1.5725096	-1.3318528
-0.28180277	-0.3656243	0.28454226	-0.4093433	-0.93043244	0.32390574	-0.8127379	0.71716744	0.81483966	0.13675304
-0.16154349	0.31798622	0.16116464	-0.29283237	-1.1518471	0.09393182	1.1137743	0.45478657	0.01342738	0.8808734
0.012093745	-0.43802208	0.5731727	-0.22271149	-1.613694	-0.5247257	-0.08354605	0.49718767	-0.7540692	-1.6651882
-1.9229226	-1.8932422	-1.3616419	-1.8936894	-1.7388442	-2.4450226	-2.0183566	-1.6035037	-2.6588352	-2.8414023
1.5079343	1.4583015	1.4745467	1.147955	-0.53047186	1.266975	0.21140158	0.2813125	0.96106935	-0.7736302
-0.105585255	-0.23803762	0.17532715	-0.19479091	-0.27960348	0.68477696	-0.8444889	1.2989577	0.83379394	0.4091881
1.7336658	1.3261338	1.5400243	1.3723375	-2.5358279	0.79632425	0.007239069	1.3485341	0.29946646	-0.9867574
-0.78460515	-0.88470733	-0.352349	-0.83651	-1.086326	-0.70507365	-0.92834866	-0.51412255	-0.7935119	-0.76727057
1.0357991	0.1880134	1.6362914	0.7447252	-1.6588229	1.3530751	0.2885893	1.6834184	1.0811318	-1.4779015
1.1747218	1.804287	1.4969202	0.90542006	-0.84465206	1.5001117	2.1613517	1.8934848	1.5843773	-0.02168677
0.4906688	-0.24360636	1.0223458	0.31004208	-1.0969273	-0.80955774	-0.77332354	-0.6094835	-0.6071004	-1.3484219
0.765065	1.1883045	0.86761165	0.42994255	-0.9750384	-0.07465436	-0.59095514	0.5580779	-0.236559	-1.3537929
0.6539768	0.0027980506	1.1692458	0.45462978	-1.2776673	0.95931935	0.5725072	1.4819288	0.8485361	-0.8412884
-0.015939571	-0.35740638	0.48439696	-0.13688783	-1.1480889	-0.34107468	-1.1289237	0.33580294	-0.37815952	-1.1166716
1.0306563	0.04226795	0.97993755	0.7874205	-0.8409263	0.09489878	-0.49912837	-0.024824092	-0.4669684	-1.5947783
1.0946807	2.6505055	1.8647658	0.82029784	0.64665854	0.45876712	1.2807195	2.701593	0.8279515	0.1777671
-0.19781646	0.5884496	0.26987284	-0.4825325	-1.6533672	-0.6935444	-0.80268776	0.2512646	-1.2724899	-2.0047064
-0.6886758	-0.6724051	0.3036608	-0.81841004	-1.7700068	-1.7776343	-1.0001055	-1.5126567	-1.6632077	-1.5881215
-1.4859587	-1.462697	-0.90512383	-1.5491512	-1.5885967	-1.6472627	-2.2503457	-1.4589757	-1.0054126	-1.8838598
-0.28335327	0.35759345	0.44135147	-0.48771578	-1.1127212	-0.15808934	0.10825598	0.4852688	0.072646864	-1.4461948
-0.5665519	-0.9276254	-0.0898568	-0.711441	-1.876472	-0.9497703	-0.8273985	-1.6951009	-1.5007911	-2.2116466
1.7938899	1.3911161	1.6599054	1.4038826	-0.25549114	-0.079475865	-0.3198867	0.2520041	0.15460972	-1.5678636
1.9591287	2.7066548	1.785624	1.6869907	0.87202394	2.940906	2.5910535	2.0005155	2.3318205	-0.36959344
-0.8646868	-1.3202856	-0.33167878	-0.8526654	-1.947807	-1.6556805	-2.1407578	-0.73253506	-1.7313708	-2.6231916
-1.627838	-2.0232449	-1.1493539	-1.5691358	-1.0472271	-2.1880887	-2.5026817	-1.6869848	-0.8252644	-1.2858324
0.94538754	1.5029241	1.5203841	0.6793969	-0.65502465	1.075266	2.3400617	1.4817003	1.0818965	0.37448475
-0.8860791	-1.0541215	-0.060813785	-0.88922626	-1.0645914	-0.63751906	-0.19734819	0.6075137	-0.51424223	-0.7642138
1.0303048	0.44351062	1.0818211	0.8660884	-0.22896355	-0.692676	-0.9922014	-0.110602826	-0.6075426	-0.06829797
0.94263154	0.6515912	1.124429	0.7493549	-0.77944756	0.8703845	0.0022806902	0.12149468	1.0522773	-0.53464204
-0.24484342	1.5139301	-0.37803432	-0.45194447	-0.108649954	1.2099838	3.2909207	1.6227905	1.0181121	0.11766938
0.05670979	2.5451381	0.9481571	-0.24094734	-0.13027427	0.40108016	3.2779474	1.3781939	-0.14755419	0.044254504
1.1084079	1.0554676	1.1810724	0.9382458	-0.5278813	0.9839505	1.4080487	1.6194935	0.7762318	-0.20843408
-1.4995078	-1.5893111	-0.9147799	-1.5042038	-0.76901805	-1.9459144	-3.1500952	-1.9725726	-1.6508766	-0.97552294
1.3574803	0.46747604	1.9313504	1.1509657	-0.78185403	2.1538694	-0.45128134	2.8619485	1.6722844	-1.1078725
2.8537452	2.0471637	2.8960652	2.48947	0.037493467	1.0562027	0.5642043	1.6974882	1.6371617	-0.626777
-1.5785533	-1.2430397	-0.79534304	-1.6276267	-1.4899918	-2.0180101	-2.0175512	-1.4964198	-2.7187238	-2.0576997
-0.47542775	-0.57400036	0.045514196	-0.5739704	-1.2937617	-0.49979368	-1.1907125	-0.4116156	-0.75493765	-1.8713734
-0.43701062	-0.81055343	0.09424396	-0.5680494	-1.9464176	-0.3080199	-0.71120995	0.22910973	-0.31620222	-1.5667875
0.10233422	0.3764005	0.5633921	-0.03492917	-0.9051409	1.3533678	1.7629961	1.9617999	1.3367923	-1.2782844
-0.5742369	-0.6351745	-0.19083574	-0.73420906	-1.5281585	-0.73753726	-1.3897239	-0.6106724	-0.87793344	-1.7373743
0.52844435	0.39010087	1.1438764	0.4024334	-0.9337188	0.48873505	0.2653879	1.3159446	0.93170685	-0.548177
0.8542652	0.111688286	1.1856426	0.5508651	-1.4446473	0.1504463	-0.55392283	1.0617139	0.13338608	-1.6230444
1.6131966	1.2120857	1.6699808	1.3121821	-1.1323861	1.246359	0.6957695	0.78787905	1.215654	0.102957875
-0.86440915	-0.3358375	-0.43139365	-0.9094169	-0.67311704	-1.6483651	-1.1542103	-0.7179674	-1.3895214	-1.5677015
-1.6248344	-1.1153698	-1.3205785	-1.6483679	-0.8623631	-1.9917196	-1.6929758	-1.2136343	-2.388072	-0.77893335
0.9785858	0.9584743	1.473902	0.8209417	-1.012369	0.38596258	0.4362935	1.3874701	0.20336035	-0.09115198
3.5856888	2.355979	3.7588868	3.125392	-0.32913193	3.8685675	3.1965683	4.497626	3.9199448	-0.78578395
0.24502286	0.72766316	0.5536456	-0.03128843	-1.424635	1.3400884	2.4420767	1.5658776	1.109976	-0.62130594
1.0850219	1.3367218	1.5132856	0.7800653	-1.3191525	1.3812762	3.404661	1.436355	0.64227074	-1.0593255
-1.4143707	-1.5093391	-0.89884317	-1.4103624	-0.41310576	-1.443252	-1.5922453	-0.62044346	-1.9064343	-1.101465
-0.40457538	-0.66301113	0.11352876	-0.53481114	-1.5056953	0.06815824	-0.4703371	0.33385855	-0.12368614	-1.6484271
0.5207185	1.2120551	0.8837842	0.30695587	-0.6144964	1.0564189	0.7828236	1.0515598	0.44902152	-1.0344535
1.3816959	3.2916825	1.6213896	0.80882853	-0.65477335	-0.3020885	2.879139	0.74964607	-1.0502307	-0.65219975
-0.5055439	-1.2864159	-0.31927243	-0.5487332	-1.5946283	-0.66433936	-0.579725	-0.7715341	-1.8873537	-2.1700022
-0.59922355	-1.1587774	-0.20438653	-0.7083794	-1.8775481	-0.73880583	-1.6883163	-0.29928753	-0.63974756	-1.4031757
-0.5961633	-0.6191997	-0.1723476	-0.73330545	-1.3080566	-1.423007	-1.2031195	-0.12673318	-0.8152107	-2.1049118
-0.6947318	-0.96013737	0.10602519	-0.7770534	-1.8452088	-0.049530502	-0.61175394	0.44396877	-0.2261076	-1.0359381
-1.1324759	-1.1717823	-0.61519325	-1.1650728	-1.264387	-1.2106112	-1.2403815	-0.9986455	-0.54476213	-1.2750602
-2.2264714	-2.175227	-1.4710468	-2.1726487	-2.1319997	-1.7465504	-2.2510324	-0.83066934	-0.28469598	-1.7596346
-0.3529941	3.0111918	0.2035906	-0.7494278	-0.31094414	-1.1869993	2.4638038	-0.36864564	-1.6343246	-1.4731958
1.6413422	1.4493175	1.9460859	1.3308799	-0.5521636	2.412909	0.6504309	2.6662912	2.6241076	-0.78709376
0.09502735	-0.13716233	0.65316653	0.017481774	-0.947808	-0.5062111	0.7267618	0.20994669	-1.0884936	-1.4285164
1.7862718	1.9117448	1.7943575	1.6017203	0.4080566	1.5409839	1.8492645	1.9794862	1.7781422	0.13203634
-0.27076414	-0.024053097	0.15381917	-0.47695202	-1.278955	-0.1250558	2.1242952	0.32846513	-0.20268767	-1.8869855
0.6911093	1.0017835	1.0393113	0.4376127	-1.0764775	0.54785573	-0.3197933	0.9328106	0.16069032	-1.038773
0.31527096	0.022508055	0.72532713	0.15683435	-1.4686767	0.30292672	0.4215781	-0.08459712	-0.10315631	-0.83649135
-0.5504104	-0.45260116	-0.14435235	-0.69855934	-1.2823576	-0.83624953	-0.5956466	-0.69531983	-1.1061904	-1.3838829
1.0848875	4.0097113	1.4945066	0.6827812	0.77784336	0.56221426	5.0396714	0.81338197	-1.0005182	2.2628264
-0.24272889	0.27366593	0.6353823	-0.46766722	-1.8955446	-0.4273247	1.3977939	0.20328404	-0.2736348	-1.7452102
0.26622394	0.5433688	0.60297966	-0.0037877113	-1.5387607	0.49121273	0.31484675	1.2145365	0.25295538	-2.2929428
1.6806111	1.9081433	1.3694264	1.5538719	-0.7361975	2.6387835	2.8282404	2.850218	2.3325782	1.5500019
0.23496458	-0.76742184	0.6911793	-0.012172118	-1.178134	-0.58825594	-0.73034346	-0.30093175	-0.92212594	-1.3831111
0.6645217	0.5221696	1.3477423	0.47780627	-1.4167708	0.6596381	-0.20355695	1.5662732	0.29488647	-1.1269954
-0.31701154	0.028732657	0.521168	-0.44389027	-0.55955327	0.042681076	0.20313875	0.4315112	-0.23197533	-1.0021834
0.41604036	-0.047959834	0.708511	0.27040154	-1.2945814	0.8498283	0.13943002	0.3192749	-0.089469574	-1.8878431
1.5931107	2.8240967	1.9024131	1.2503467	-0.2631907	0.94377905	3.1885226	1.0767324	0.88344485	-0.8353215
0.3840578	0.87391496	0.778553	0.14379583	-0.597011	-0.6671964	0.7839308	-0.49767885	-0.62362695	0.56644106
-0.8016273	-1.1823723	-0.33971497	-0.8954768	-1.3864902	0.64346665	0.1837691	0.91086656	0.24081624	-0.91795284
1.4009717	1.1366066	1.8529736	1.2466795	-1.133695	2.0478241	2.1803942	2.7640467	1.5805867	-1.0975635
-0.4530696	-0.34309813	-0.12268591	-0.5467916	-0.9701444	-0.56013733	0.09305422	-1.3891721	-0.40794736	-0.6457532
0.026481025	1.3681607	0.07189217	-0.10793604	0.036524206	-0.2144382	3.3115327	-0.003791431	-0.081709206	1.6423718
0.38627216	-0.80128	0.7836679	0.3058862	-1.4302903	-1.1122543	-2.2901285	-0.73003846	-1.1207637	-1.6606579
-0.34273845	1.2497025	-0.1461305	-0.5978794	-0.4021742	0.029610679	1.0784912	0.20902644	-0.87898946	-0.9278561
1.4636446	1.2050402	1.2710954	1.214653	-1.3485421	0.6061141	0.99963355	1.2872068	-0.19295862	-0.52301
-0.19241211	-0.61903393	0.4719242	-0.3123144	-1.4367853	1.1428529	-0.16649978	2.196627	2.188618	-1.0060296
-0.30491418	-0.5564499	0.14095318	-0.35049468	-0.6243473	-1.4921767	-1.9857839	-0.17506361	-1.6413482	-0.27069697
1.1512444	2.4306154	1.3394412	0.84098625	-0.28221256	0.5756683	1.9861823	1.2829913	0.39319795	-0.31168616
1.1442782	0.4326423	1.5234538	0.85750246	-1.8358434	0.41336083	0.28895417	1.00397	0.3642235	-2.3948689
-0.7985889	-0.87487614	-0.32534978	-0.87810004	-1.6344384	-1.0041623	-0.90787053	-0.7207144	-0.59535563	-1.471817
-0.048669487	0.6407629	0.45430034	-0.3533407	-1.2521428	0.26701376	1.571413	1.2288835	0.39247245	-2.160447
0.6405768	-0.49781176	1.2755008	0.45935744	-1.6655203	0.8127813	-0.62501186	1.2748593	0.9601938	-1.4867278
1.3600798	2.123907	1.5476674	0.989889	-1.6231898	1.7814059	1.9383448	1.0825418	1.3075022	-1.0958285
1.3934128	1.5817581	1.579663	1.0700579	-1.3751948	0.7087401	0.534472	0.8069465	0.5977538	-1.7399635
-1.0587614	-1.5630832	-0.7672343	-1.0759265	-1.0764092	-1.6181062	-0.8645263	-1.1808859	-1.114771	-1.470424
-0.15864739	-0.7101351	0.40013495	-0.35099596	-2.0861084	-0.038816076	-0.7986198	0.24209371	-0.95669895	-2.1223907
2.750508	2.6719067	2.9992085	2.4174595	0.5470866	1.752182	2.5910213	1.9910892	1.5385551	0.83127785
-0.60354406	-0.58400345	0.3383173	-0.69395953	-1.4786924	-1.2435446	-0.04927928	0.19796851	-0.4577293	-1.5610547
-0.5518226	-0.6483259	-0.17673877	-0.624491	-1.0766315	-0.77110237	-0.9667501	0.26078278	-0.2817277	-1.0929136
1.0513401	2.3740766	1.1288962	0.5455367	-0.63866645	0.76849914	1.9614431	0.660437	0.595963	-0.9825417
1.0914428	1.9944937	1.2730128	0.74209714	-1.5007516	0.51198167	2.0330245	1.4806552	-0.24636498	-2.2027824
-0.5345001	0.12005314	-0.48805067	-0.74067307	-1.5800132	-1.101458	-0.8801142	-0.89861816	-2.5750828	-2.6942315
0.07559847	0.57788765	0.6396535	-0.11559903	-1.2791537	0.7345237	0.23362751	1.5045992	0.39707187	-0.5823418
-0.58266777	-1.1356164	-0.13540676	-0.67596334	-1.5893005	-0.0434785	-0.55700356	-0.4950177	-0.78434604	-1.7141675
0.57731646	3.1291711	0.8472594	0.13289584	-0.3166145	-0.35844886	2.1434145	-0.3139489	-1.0121158	-0.83041394
0.57367826	-0.3489039	0.89733076	0.41190982	-1.3400222	-0.3409368	0.2039181	0.6363911	-0.30865255	-1.1610007
0.22509882	0.52449894	0.69908804	0.0655279	-0.66840464	1.2135037	1.4251845	1.5401324	-0.20572616	-0.4640737
-0.36340585	-0.2481652	0.09413503	-0.46762687	-0.3545823	0.17711438	-0.7358443	0.017658764	-0.05374106	-0.3092607
-0.5703623	-0.5911888	-0.03844893	-0.64080167	-1.2309362	-0.5426162	-1.0450028	-0.105453305	-1.5194491	-1.632841
0.867956	0.7527516	0.94015646	0.62200683	0.5678272	1.45611	1.4620728	1.3843354	0.8606544	0.74835867
-0.014302798	-0.35935837	0.53927195	-0.2372759	-2.0572605	-0.057857927	-0.4379481	0.8615938	-0.08559937	-2.3815491
0.13043982	-0.6525687	0.46114936	-0.025641665	-1.2995862	-0.64740914	-1.6655258	-1.1949887	-0.88283074	-1.0214866
0.5330897	1.8214226	0.36820197	0.20946325	0.0959582	1.248348	3.269619	1.098423	0.90344524	0.8004129
0.41667676	1.0788727	0.9008206	0.04523115	-1.2150068	-0.6970769	0.16312753	0.004396664	-0.6394124	-1.9360665
0.66962993	0.5204246	0.7095783	0.40762562	-0.48244733	-0.03921372	-0.7390494	0.76023656	0.1651895	-0.4880619
2.7274396	1.9218321	2.7439466	2.3867395	-0.4605531	1.978164	0.79255646	2.194466	1.5505581	-1.600351
-0.13168058	-0.40631807	0.05287355	-0.23575687	-1.1191341	-0.44247332	-1.2170037	-0.9768738	-0.8472663	-1.3496621
-1.3195156	-1.1581423	-0.87157094	-1.3132733	-1.1993105	-0.43927625	-1.5780249	-0.7747827	-1.4476147	-1.5403132
0.52148265	0.041171163	0.9931854	0.26786	-1.8926402	2.2646813	-0.11333186	2.1257472	2.1427388	-2.3422432
-0.58992976	0.20214602	-0.38681456	-0.7271613	-0.35907334	-0.16480012	-1.9638917	-0.71968263	-0.55450964	-1.0927321
-0.0014820322	2.5289898	0.4775142	-0.5119512	-0.13694417	-0.9121519	0.22370169	-0.76181525	-0.9641467	-0.78130466
-1.3531768	-1.2441959	-0.6077833	-1.3691471	-1.3893228	-0.91528493	0.07733417	-0.9479841	-1.7376333	-1.4409815
2.2840655	0.6970633	2.5577652	2.1096876	0.20098045	2.4852798	0.86200243	2.3349795	2.0444396	1.292259
1.7971939	0.89646506	1.910291	1.4645239	-0.6950699	1.125759	0.13332832	0.9549404	0.62115353	-0.32563895
-0.116970815	-0.47472602	0.25634778	-0.08568402	-1.5687925	-0.1648187	0.7965177	1.2364337	0.2646928	-0.81864905
-0.97038627	-1.116555	-0.75825596	-1.071314	-1.4021999	-1.6900202	-2.1869504	-1.2369804	-1.7637113	-1.7059181
0.6724314	1.6814698	0.6534741	0.28637952	-0.8484626	0.42867982	-0.3019776	0.15017176	-0.9110557	-2.459137
2.5799332	1.5698937	2.884491	2.2723715	-0.60813427	2.2289953	2.8174784	3.1362941	1.9438255	-0.17201602
1.6200022	1.4337562	1.6405323	1.370287	-1.5280344	2.245161	0.6191377	2.2778325	2.2659693	-2.0483308
0.74630326	1.9173379	0.8356935	0.5843009	0.62784946	0.5688505	2.1807058	-0.14133057	0.6686408	1.7202432
2.7341032	4.377401	2.4483073	2.114327	0.016824096	1.5715411	3.9911582	1.0287553	0.7084142	-0.77072525
1.814047	1.0115323	2.0030103	1.4535656	-1.0695808	2.9066238	1.7410061	2.813397	2.7499568	-0.9171958
-1.6752557	-1.7638634	-0.9119079	-1.6959811	-1.0527495	-2.2068598	-2.286389	-1.638084	-1.965786	-1.625267
1.2464544	1.4737334	1.5810028	0.9529722	-0.80546635	0.9783842	2.0896132	1.2247802	0.7609552	-0.65356517
0.15418792	0.42919597	0.83036053	0.0032660216	-1.2498016	2.1723013	2.356569	3.4139931	2.507004	-0.62399966
-1.5884206	-1.7034879	-1.0176274	-1.5987357	-1.4665459	-1.7513179	-1.1571718	-0.53306454	-0.9597996	-1.5729165
0.99271196	1.0867082	1.5303311	0.7596481	-1.0225645	1.1752065	1.2824111	1.8398243	1.2134256	-1.0831566
0.7514351	-0.15273269	1.2259868	0.48754847	-1.1259841	0.48801956	0.8513279	0.8897923	-0.15957204	-1.9442714
0.04288186	1.5530939	0.2638189	-0.3085016	-0.5345341	-0.42308003	2.077957	0.055722225	0.78013426	-0.8817484
0.86630803	0.39882514	1.0757916	0.5942759	-1.3212513	1.4263921	-0.60779786	1.2604343	1.390692	-1.9179571
0.7355781	2.1801524	0.84146845	0.43615258	-1.0116465	0.5539921	2.1957936	1.2310393	0.61318105	-1.5480406
0.022275738	-0.014455318	0.34992427	-0.025890201	-0.7763652	1.123185	-0.17658906	1.9359225	0.14734407	-0.48932317
-0.28980103	-0.33399573	0.34180805	-0.4325128	-1.210759	-0.084063806	-0.00451876	0.24729729	-0.3804154	-0.9526622
0.7810072	0.33765307	1.0598906	0.4613369	-1.5701506	1.4356226	1.3380067	1.4171078	1.3289661	-3.7192006
-0.62400126	1.3779173	-0.3244082	-0.89542234	-1.2319406	-0.71247417	-0.15003678	0.01652029	-0.5914784	-0.5735704
-1.7955722	-1.6038619	-1.3172555	-1.7398167	-1.1701111	-1.4630243	-1.4743932	-0.74132836	-1.9537026	-1.5010637
-1.1079793	-1.5140128	-0.57367325	-1.1253536	-2.0882678	-1.419707	-2.5418112	-0.6042365	-1.2863593	-1.8135732
-0.42122975	0.3635836	0.35352194	-0.63024366	-0.7662879	-0.19617084	1.3783689	0.9432734	-1.8100195	-0.5704635
0.07112538	0.43313715	0.35980222	-0.17697226	-0.9569912	0.1580157	-0.06446025	0.08582598	-0.44153666	-1.8365558
0.6404665	-0.17363855	1.3668708	0.46871662	-1.720537	2.0394628	0.73206973	2.220613	1.4801621	-2.4963768
1.8093572	0.4172953	2.157525	1.4060063	-1.3941109	2.0405266	0.55581987	2.0121064	1.4808388	-1.0596442
-0.49669775	-0.8467263	0.27744144	-0.6112399	-1.0142144	-0.46725902	-1.2178482	-0.6231535	-0.5557348	-1.7042089
0.5210492	1.0394241	0.9912894	0.31375486	-0.8742838	0.8540036	2.0826545	0.5027599	0.6573337	-1.2883165
1.824666	2.1168067	1.831353	1.5757859	1.2774173	0.06308447	0.85584545	0.31848451	0.40106714	-0.18319766
2.2126822	2.2187006	2.6494067	1.9480586	0.7959211	2.071128	2.142589	2.4186084	1.6574653	-0.79005736
-0.43625513	-0.5161584	-0.053112864	-0.5320295	-1.4571382	-1.3314399	-1.4922751	-1.7269523	-1.9601216	-2.229551
-0.11113274	-0.94773567	0.4200902	-0.21368383	-2.608407	-0.31964293	-1.314825	0.26922274	-0.35651588	-2.8215415
-0.39630577	-0.42260233	0.012646943	-0.47686386	-1.3078094	-0.90260863	-0.7471043	-0.869788	-0.6438238	-1.3690375
2.2496283	1.7193425	2.7615075	1.7927065	-0.2084062	2.4247036	2.2540154	3.1029098	1.742784	-1.4913253
1.1143732	2.0909011	1.3737319	0.7038856	-1.0596154	0.58151954	2.296641	0.87163407	-0.5639992	-1.0417007
0.554655	0.36199376	0.84830165	0.33191526	-1.3003191	0.8021561	-0.81660557	0.7474293	1.0974326	-0.8271317
0.42284173	-0.42061806	0.99915016	0.23931827	-2.061308	1.1845101	-0.6776869	1.1229937	-0.42540422	-2.5439603
1.6900277	5.455251	1.8503627	1.1111746	2.2068477	0.48668537	3.9449644	-0.18487002	-0.85756433	0.28037983
-1.1007224	-0.82493114	-0.77564657	-1.1875	-1.2922484	1.4052521	2.2898386	0.8183604	0.85379404	0.64804965
-1.5554849	-1.8172907	-1.0615752	-1.4999524	-1.8317889	-1.8112179	-2.24336	-1.2793823	-2.4296234	-1.8686342
5.2730107	1.348526	5.033608	4.7163377	-0.16771269	4.368902	2.1729805	3.9451363	3.8210528	-1.436201
2.8532977	3.2314904	2.7452474	2.4340956	-0.8640914	0.88444614	1.6837507	1.7143942	1.2178043	-0.49329734
0.41049677	1.6695147	0.8525902	0.073661104	-0.27755302	0.50483847	1.1950518	1.3492528	0.5065228	-0.16748591
1.2755884	2.3306668	1.288181	0.99554634	-0.30105937	0.63324493	0.9481971	0.67094904	0.2631588	-1.3818067
1.149985	1.9740167	1.7099197	0.8480165	-0.9805641	1.1038244	2.0826814	1.7734327	1.2794706	-0.5800347
-0.12762481	0.2662786	0.38729477	-0.25732288	-0.7018726	-0.84212625	-0.5976543	-0.38583085	-0.47734106	-0.4951749
-0.44613707	0.40795776	0.048827097	-0.60486263	-0.79126745	1.1231675	-0.023307374	1.9071163	0.36806554	-0.31614977
-1.664512	-1.6930296	-1.1350352	-1.6032902	-2.0763535	-2.1272504	-2.121947	-1.5583984	-2.2761688	-2.3939548
0.42386115	-0.19884187	1.0005728	0.29552674	-1.6552598	0.7724141	0.77533	1.2727938	0.2692535	-2.2309787
0.6650464	0.48573884	1.2633579	0.4457147	-1.0202326	1.5088202	1.6693816	2.145952	1.0989722	-0.48293096
0.24947223	1.0288552	0.5796354	0.07406677	-0.35094467	-1.6632506	-1.7743648	-0.3874802	-0.9821332	-0.9020695
0.736831	1.6548864	0.92616045	0.39675725	-0.9370315	-0.2743213	1.3795242	-0.5815536	0.19064938	-1.2671231
-1.0697143	-1.0102335	-0.7200055	-1.083374	-0.23985255	-2.0082536	-2.0175467	-1.4083835	-0.8100195	-0.6535054
0.36343747	-0.34079558	0.70812213	0.16668035	-0.8574908	1.958646	-0.44211695	1.8187643	1.5456221	-1.1251436
0.57933915	0.8911679	0.9907098	0.19002675	-1.2217728	1.9477773	1.5119363	1.6207899	1.2336066	-1.3020604
-0.14579515	0.51217675	0.1371086	-0.39216748	-1.0495898	-0.8166548	-0.18571994	-0.44097698	-1.2143399	-1.5674188
2.7611394	3.8350809	2.838585	2.340849	0.73496544	2.0725799	3.4910247	1.9807562	1.244952	-0.14497225
0.019987635	-0.448356	0.41946012	-0.09316598	-1.3191423	-0.1989443	-0.8320146	0.056467284	0.63446486	-0.9873255
1.9184254	2.1359766	2.018896	1.6878903	0.20291814	1.7621262	2.2675788	1.4953276	1.0157456	0.4293631
1.8848281	3.076596	1.907109	1.3334856	0.1311711	2.25379	2.426861	2.0181603	1.8783257	-1.6603017
-0.3438349	0.8246255	-0.08389875	-0.5018821	-0.9979397	1.338083	1.2474482	1.248117	0.54994845	-0.4926782
3.5959768	2.1034565	3.7019749	3.3752804	-0.17027986	4.3868794	2.4930038	4.4536805	3.9594662	-0.32019454
-0.08317407	0.75384915	0.26174587	-0.26342005	-0.7345889	0.41612405	0.11206802	0.44809246	0.19426154	-0.4985749
-0.53326815	-0.6716269	0.040525958	-0.58849883	-1.6831359	-0.5051949	0.22387663	0.20528492	-0.13177681	-1.6301209
-1.2940965	-1.0846591	-0.6334181	-1.344174	-0.86658347	-0.56602186	-0.80362225	-0.034727022	-0.81193036	-0.93642503
0.77592856	2.3430648	0.7712238	0.32298535	-0.32930875	0.017798023	1.9897192	0.14768583	-0.5733678	-1.5237263
0.24814817	1.0160673	0.71148777	-0.051044583	-1.4143342	0.33670595	1.1431662	1.0053903	0.23253231	-1.8983868
0.011254452	0.048394054	0.28223485	-0.1707832	-1.2225059	-0.04021068	0.42866746	0.059612773	-0.35843268	-1.4572601
0.90038455	0.7821281	1.2055495	0.7112648	-0.5819191	0.24549112	0.054147404	0.59057623	0.3397839	-0.872069
-0.13308394	-0.35306478	0.28238714	-0.2947139	-1.31017	-0.5632424	-0.29580063	0.3184267	-0.27926227	-1.0548567
0.4675236	0.41017154	0.9603474	0.2517423	-1.2254186	0.010239244	1.517481	0.59354836	0.5348372	-1.4318712
1.2694944	0.7194185	1.6200773	0.95238864	-0.7965492	1.9296743	1.5222847	2.6465952	2.2128396	-0.8146201
-1.5729505	-1.3666793	-1.0589316	-1.5975523	-1.6629994	-0.26491868	0.6793206	-0.32257313	-0.960233	-1.3601571
-0.6932956	0.1317505	-0.24688062	-0.9158804	-1.3748758	-1.4195466	-1.5536321	-0.72343284	-1.8062695	-1.7875723
-2.471464	-2.2158468	-1.6287855	-2.3855913	-1.6390026	-1.9609206	-2.1830266	-1.8053808	-1.9597996	-0.7499956
-0.747922	-1.2409451	-0.15921363	-0.7791599	-1.3368181	-0.57702446	-1.0285074	-0.23806427	-1.0202769	-1.7060325
-0.29252854	-0.686126	0.0912303	-0.49855125	-0.79584825	-2.4120607	-1.332823	-0.6781245	-1.3708005	-1.3606286
-1.5003085	-1.6969764	-1.0050433	-1.5105512	-1.4833537	-1.5427642	-0.6683601	-1.4818808	-1.290734	-0.46307132
-0.31460285	1.0122361	0.17231506	-0.5403784	-1.0399995	-0.7185877	0.5036493	-0.05422162	-0.5395444	-0.96614385
0.6243541	0.4989573	1.1971138	0.43480515	-1.1300008	0.28675222	-0.34577918	1.1585647	-0.3975687	-1.6818165
1.6988007	3.459879	2.077818	1.3292603	0.31870475	0.9654116	2.6087615	1.9646711	1.034848	1.5325116
-0.5706591	-0.429406	-0.13618636	-0.75898546	-1.4562869	-0.42296717	0.09865542	0.023625292	0.27507207	-0.22076091
1.9182202	2.2014368	2.195768	1.5213121	-0.97254896	1.8124518	0.9715313	2.3379753	1.4512819	-1.3591522
1.5081362	2.424135	1.565218	1.2694907	-0.25152767	1.789564	0.7636034	1.9587494	1.8480656	-0.5113261
0.71797925	2.1235642	1.2270371	0.327308	-0.5649837	0.6167822	2.8968494	0.9105492	0.1873106	-0.405694
0.82769555	2.381258	1.1339127	0.42049956	-0.40702838	-0.1718716	4.65672	-0.086958826	-0.20669347	-0.8418419
-0.2777407	0.56110966	-0.065490395	-0.5462372	-0.7178675	-1.4197478	0.770523	-0.51514596	-1.139279	0.10631092
1.0910276	2.627124	1.1600819	0.747865	-0.16166732	1.2820044	4.217881	1.2021459	1.1494465	1.2279528
-0.38335583	-0.4786381	0.046712458	-0.38024747	-0.30412018	-0.38589895	-0.59309316	-0.09140074	-0.38193917	-0.59654903
-1.2561853	-0.628188	-0.8323828	-1.3644199	-1.5426911	-2.0148408	-0.5643901	-1.1084425	-2.1214304	-1.4802831
0.72754925	-0.13709423	0.9991758	0.5193031	-1.3376231	-0.5994667	-1.3965422	-0.044998974	-0.82437557	-1.6125128
-0.089022614	-0.077747524	0.3753218	-0.27695358	-1.3971176	0.08721795	-0.40332833	-0.35721144	-0.8846664	-1.9011197
-0.10741861	0.9720609	0.34686086	-0.44273597	-1.0057279	-0.69538534	-0.20835172	0.32369074	-0.4923917	-1.2369927
-0.027375318	0.57285655	0.38153973	-0.18145327	-0.6160281	2.094897	2.8692815	2.485666	2.1778264	-0.12269535
-0.48090813	0.15365773	-0.02820304	-0.67132163	-1.2181345	-1.6293948	-1.0608424	-0.4331225	-1.6624638	-1.5389214
0.295146	-0.122245744	0.7885623	0.054366842	-1.3952788	-0.18025625	-0.878966	0.6336746	-0.2570368	-1.210765
1.3302385	1.1751986	2.0098453	1.0813812	-0.9830532	0.969572	1.1076002	1.4813752	0.7772699	-0.30361342
0.13347545	2.452954	-0.064849645	-0.12748697	0.37752953	1.10149	2.3120265	0.40554953	0.5467154	-0.07474748
1.1541234	2.3392801	1.5598887	0.89452267	-0.5078352	0.1504461	0.33184645	0.8282342	-0.06949458	-1.6830779
-1.0773927	-1.4876604	-0.46528086	-1.1295989	-1.8214291	-0.88030714	-1.9456029	-0.22324182	-1.1794925	-1.7340367
0.26857927	0.8773025	0.73978806	0.0075365454	-1.081725	-0.11697766	0.40577802	0.42865637	-1.3724381	-0.7371152
0.2947537	1.7364585	0.5302493	0.10084219	-0.089235544	-0.24515717	0.75593144	0.14225258	-0.17422126	-1.1987839
2.4541824	3.7614336	2.683868	1.9674463	1.0403749	1.8384681	4.15581	1.4519551	1.137112	1.0672779
-0.5010899	-0.58094037	0.110458255	-0.6822699	-1.7595878	-0.63960594	1.1065582	-0.892992	-0.6997335	-2.203092
-0.34027353	-1.1873672	0.2384437	-0.44402307	-2.3024778	2.2910967	-0.06315686	2.0662036	2.2067122	-2.4496047
-0.09287124	-0.5308703	0.36409774	-0.19693609	-0.9429802	-0.48818812	-0.6517668	-0.112782285	-0.09529644	-0.79305017
-0.24424806	0.73504853	0.13289824	-0.48669153	-1.2012979	0.05046551	0.9651772	-0.0338977	0.06643409	-2.0458698
0.8566957	0.77386355	1.1114317	0.5852528	-1.2636207	-0.008149967	1.9120153	0.89486194	-0.46839264	-1.5603564
1.7456783	1.7275084	2.0330417	1.6238914	-0.17159188	1.9953046	1.0833253	2.3627443	1.4323361	-0.6742131
0.5620116	0.7167728	1.3067819	0.3145715	-1.2187558	0.07664032	0.36363602	1.0159234	0.8528075	-1.0247104
-0.010167994	-0.19666025	0.5354403	-0.117110595	-1.199248	0.19203047	0.18279037	0.71878344	0.32110235	-1.6756269
-2.100014	-2.0066178	-1.2955042	-2.0433142	-1.285056	-2.2280405	-1.8505782	-0.90919685	-1.4597996	-0.68185383
-0.98506665	-1.0682366	-0.5585859	-1.0455059	-1.3875195	-1.3655658	-1.63714	-1.3335677	-1.5932658	-1.2575003
0.4370394	0.47961983	0.88404775	0.19922979	-1.1601235	-0.13200228	0.08805193	-0.48765597	-0.2978548	-0.89634466
0.0715759	2.153038	1.0489461	-0.28786403	-0.036765277	1.8419601	4.1261263	0.6870414	0.89561146	1.1422912
-1.0524659	-0.6643885	-0.76676404	-1.1221464	-1.3009722	-1.2516338	-2.3072762	-1.4242299	-1.3320566	-1.8270881
0.5883668	1.246586	0.9419756	0.2586019	-1.0498772	-0.102114104	0.6194307	0.105902895	-0.45105293	-0.88058084
-0.17543206	0.717361	0.17451452	-0.39904028	-1.2566897	-0.42616487	2.6662703	0.7448016	-0.51940095	-1.7739832
-0.2080858	3.2176073	-0.27178815	-0.60462564	0.84203947	0.8309696	4.3444834	-0.10610011	0.11174916	0.1252538
1.3044125	0.45408198	1.6068949	1.141964	-0.6488879	1.2448556	-0.14653015	1.3939884	0.87602395	-1.0182819
0.01618477	-0.25594345	0.5759505	-0.11430897	-1.124812	-0.5011336	-0.5382028	-0.1930252	-0.46932083	-1.2147949
0.6899888	1.1082541	1.1085107	0.3976617	-1.1125522	0.029395314	1.0522048	0.7125665	-0.20510153	-0.49144548
2.2597148	1.986172	2.372617	1.9693863	-0.5742905	0.8125977	2.4029453	0.94824165	0.34404168	-1.294397
-1.3578802	-1.5886583	-0.88363814	-1.3462619	-1.2402394	-1.9614377	-1.2966188	-1.5171611	-2.2951539	-1.4318839
0.091026925	0.69916594	0.21335989	-0.1358079	-0.19846755	-0.74438304	1.1197292	-0.18260838	-1.0391594	-0.25660852
0.36428753	-0.6684524	1.0506526	0.20123266	-1.7677644	0.36130944	-1.9813635	0.6727454	0.22949575	-2.0537739
0.23679075	1.5591218	0.47040924	-0.08711691	-0.98489666	1.218234	3.310428	1.0074812	0.5092241	-0.4318108
0.5713848	1.3421022	0.96510494	0.26867527	-1.0820152	1.6473627	2.8935783	2.0333612	0.94763684	0.32141283
-1.2238802	0.22925034	-0.5694703	-1.4226326	-0.35640088	-1.7470437	-0.82703227	-0.9714909	-1.7133484	0.33741444
0.79411596	-0.0050918907	1.1572696	0.6325905	-0.99302197	1.2765409	-0.3125839	1.6744199	1.3408158	-1.0433547
-0.22507322	0.2087251	0.10475297	-0.46349663	-1.404106	0.2348513	-0.3189254	0.28996882	-0.45664617	-2.2172124
0.44502452	1.1141642	0.79345655	0.1349415	-1.321434	0.5605386	1.7081028	0.5771725	-0.27565712	-1.419623
0.14334512	3.0868769	-0.06003815	-0.30557716	0.40097573	-0.3855985	1.7394426	-0.68441474	-1.1982162	-0.58606374
-0.024634264	2.6479118	-0.21818456	-0.38813314	0.59836495	-1.191129	0.19965827	-0.5261626	-0.32678095	-0.85801065
-0.07292143	-0.16855523	-0.09526369	-0.1288325	-1.7075275	-0.07799425	-0.4564665	-0.49410543	-0.66731834	-1.7910249
-0.14115629	-0.5238906	0.22572249	-0.31588644	-1.572266	1.0814252	2.2033904	0.84181565	0.6902079	-0.49174312
2.1117806	4.131183	2.2518868	1.7440549	1.7268525	0.4471495	3.5509357	0.59977317	1.2462021	1.068205
2.8318791	3.3408692	2.784253	2.397987	0.33848563	3.2984152	3.3846333	2.9129257	2.94394	-0.09793345
0.4268888	0.4419237	0.65808725	0.28102773	-0.6393751	0.7339014	1.7059871	1.040801	0.4809251	-0.19207974
0.10072448	0.5698042	0.410149	-0.06670602	-1.4268197	0.37291357	1.0994644	0.9107577	0.042343725	-1.6953788
0.18739742	0.40275905	0.8368125	0.040329322	-1.013248	-0.28395194	0.60401	0.043705534	-1.5060227	-1.6613065
0.38594148	0.66049206	0.7831162	0.1467108	-0.8988502	-0.89644074	-0.29785848	0.42982027	-0.432237	-1.3174505
-0.78661937	-0.14726809	-0.45206156	-0.9658835	-1.2524855	-1.0872014	-1.5658741	-0.48095617	-1.9107064	-1.0106435
0.35506633	0.4732994	0.7740369	0.120792165	-1.2286794	0.12902376	0.6154556	0.5556204	-0.6988233	-1.9338485
-0.29796135	-0.080115885	0.021716982	-0.466277	-1.1801085	-0.46632805	-0.40596703	-1.3310859	-0.10588999	-1.415792
0.3639686	0.87470067	0.886112	0.14092378	-1.0037627	0.46380436	1.5427872	1.2984959	0.62122875	-0.913471
1.6728853	1.5211405	2.0760417	1.3253124	-0.36138687	0.627315	1.0634689	0.7994532	0.15964065	-1.1185107
0.52292675	1.4616935	1.0279841	0.21785872	-1.2093467	-0.5246286	0.5398824	0.9079711	-0.812223	-1.0148512
0.5027284	0.5215707	0.9138328	0.25816506	-1.5673283	-0.14978154	0.67390305	0.9970378	0.5050057	-1.5571438
-1.6948937	0.9033376	-0.927156	-1.7499964	0.9140562	-2.2968154	-0.4855625	-1.0041054	-2.306608	-1.4676493
-0.23952115	-0.5532476	0.37310395	-0.375324	-1.3821306	0.35786468	-0.17261529	1.1823469	-0.30360726	-1.6190361
0.33928636	0.5394125	0.53292954	0.1342585	-0.8489187	1.2002976	-0.35647687	1.2213461	0.25810993	-1.3367178
0.8415895	2.2910562	0.9522327	0.45422173	-0.517641	-0.48451307	2.1136928	0.65914285	-0.8727849	0.7850042
0.054358564	0.69608855	0.20324504	-0.20981178	-1.1239843	0.95145524	0.72179955	1.2979857	1.5046588	-1.7817361
-0.037123777	0.60496676	0.16908711	-0.28443623	-1.0226734	-0.19937034	1.0287927	-0.643715	-1.194891	-1.1833862
0.59410423	3.0118027	0.49788907	0.35506916	1.8700539	2.2635846	3.675064	1.8322477	2.4772902	1.8327391
-0.29596293	-0.17345038	0.0671787	-0.37512052	-0.61589265	0.699858	-0.92770004	0.19192368	0.78917634	-2.4192011
-0.15826754	-0.3070058	0.33322114	-0.37684652	-1.9451032	0.21721059	-0.72255105	0.67693114	0.07068627	-1.7947766
-0.118648395	0.27525678	0.1535708	-0.37623882	-1.5126156	0.08407227	1.3161327	0.45306185	0.3168832	-1.3901412
-1.5910797	-1.2086323	-0.8974378	-1.6598772	-1.5593675	-2.4308643	-1.5925534	-1.1900693	-3.4864452	-0.87421036
-0.52149254	-1.0533962	-0.011558533	-0.5868468	-1.5351039	1.2870487	-1.5504503	1.8737707	0.8765531	-1.4620054
1.6300012	1.8808968	1.6157787	1.2890415	0.34353492	2.476061	3.846558	2.0314848	1.9985578	1.4251157
-1.5468953	-1.6795447	-0.98392844	-1.5241833	-1.2409868	-2.108598	-1.6274486	-1.4902544	-0.63261926	-1.0513561
-1.7707154	-1.4149415	-1.2623948	-1.7324747	-0.95085144	-1.6664451	-1.3732159	-1.0873154	-1.4567313	-1.5570767
-2.0094156	-2.0212057	-1.3413677	-1.9592578	-1.8740821	-1.9221045	-2.054791	-1.5146852	-0.9142179	-2.0559006
1.0920597	1.0822241	1.5158625	0.8209804	-0.5329889	1.2444959	1.2876711	1.6309873	1.3057445	-1.1830446
0.88451856	0.53989196	1.4694031	0.6436927	-2.002662	0.4425542	0.32379636	1.3823935	-0.21369694	-2.3416796
0.87015253	-0.04497102	1.3849559	0.6716478	-1.8975252	0.6289427	-0.053733945	1.4028003	0.22284262	-2.1302705
0.03431561	-0.14806795	0.38483006	-0.12377787	-1.439978	0.20478038	0.8252186	0.21532924	0.2913301	-1.397162
0.28798732	0.39068273	0.83597875	0.08360346	-1.2591469	-0.18685126	-0.2598241	0.8707117	-0.2548412	-2.0892987
1.5257852	3.366495	1.9438847	1.0324947	-0.35553807	0.89452964	3.5657778	1.2799574	0.57936233	0.51813173
0.049838684	0.4770588	0.42307448	-0.14958973	-0.9570211	-0.18216124	-1.1580997	0.31384367	-0.5377147	-2.0020146
-0.6420522	-1.248355	-0.29605398	-0.698555	-1.4826753	0.41164184	0.1555017	0.4664611	0.16216318	-1.0314008
0.7627176	1.5245181	1.403807	0.56090164	-1.0794352	2.633084	1.977026	2.9260132	2.6822522	-1.237986
-1.373434	-1.5051161	-0.9412954	-1.3674546	-1.3847698	-1.1735898	-1.2875373	-0.19240302	-0.625258	-0.90820485
0.8809947	2.216912	0.62626755	0.5397299	0.41054925	-1.2887437	0.3381522	-0.3912732	-1.201341	0.10825688
-0.14643809	-0.621524	0.4114308	-0.34327418	-2.1651587	-0.88988864	-1.557901	0.06508155	-0.444884	-2.0560606
-1.018911	-1.1074686	-0.54436255	-0.98733485	-1.2447009	-1.0405401	-0.9414662	-0.5857679	-1.0244411	-1.1909701
0.37975943	-0.40039754	1.0540851	0.23056503	-1.1652046	0.42463973	-0.19506505	1.0301923	0.017683508	-1.5677756
0.56291026	0.48693457	1.1393777	0.44276464	-0.6603738	0.7736865	0.7257557	0.31772164	-0.09131682	-0.89316934
0.57081556	1.1847105	0.7715758	0.30018425	-1.4323236	0.15140273	1.8553383	0.5467048	-0.7969145	-1.1224121
-0.5267304	0.40457007	-0.22690046	-0.7220297	-0.17463031	-0.62985384	-0.7948661	-0.46993628	-0.66484374	-0.8493254
0.94146734	0.5290412	1.6474844	0.73814785	-0.73138577	0.45412314	0.53242916	1.3184592	0.289154	-1.1955962
1.7901869	-0.051532656	2.0218196	1.5524622	-1.4853832	2.0779583	1.4852622	2.2628107	2.1547055	-1.1767257
0.7590841	-0.022187144	1.4955707	0.6035066	-1.8819696	1.1278733	-0.48524067	1.4129843	-0.18977457	-3.430924
1.3469332	1.2892971	1.4955411	1.0519168	-0.8739196	0.52226925	0.8266397	0.4872623	0.45693997	-1.2046635
-1.6885105	-1.5162464	-1.0084605	-1.717196	-1.7299207	-1.4310043	-1.064422	-1.7358099	-1.162619	-1.73133
0.88117385	0.5400157	1.477835	0.684994	-0.8833053	0.5065012	-0.51019144	1.5064687	0.28346398	-1.1999072
0.58460623	0.59237015	1.2778063	0.40141964	-0.9321356	0.63863325	0.7037535	1.3759518	0.3551158	-0.71250385
-0.76971686	-0.36823368	-0.46274188	-0.8175112	0.022441924	0.3436914	1.1703444	0.21517229	-0.29346386	0.16590291
-0.4085712	0.34780905	-0.13202319	-0.5411725	-0.37412181	-0.39968744	-0.3468121	0.23466985	-0.38511583	-0.6686552
0.926246	1.3537774	1.2161431	0.72272754	-0.9954653	1.138704	1.7912916	1.2098159	0.8658811	-0.33408573
0.027065538	1.30957	0.29196867	-0.17681779	-0.701535	1.3589115	1.8201351	2.0869157	0.84953797	-1.2667018
0.55654824	2.1860843	0.78482425	0.17762373	-1.0332578	0.59781116	2.1575258	0.85109687	-0.18710616	-1.3215353
-0.7519037	-0.6070128	0.07406056	-0.9704691	-1.6437742	-1.4110501	-1.4479373	-0.07526619	-1.4451327	-1.8102416
-0.19266617	-0.9293952	0.40893447	-0.27555704	-2.4038866	0.02645962	-1.1094866	1.0040972	0.3179653	-1.9428744
1.266006	1.7689302	1.6140828	0.95103216	-0.2201005	0.38800177	1.521351	0.9085331	-0.5561221	-0.01966872
1.6260763	1.6418803	1.831955	1.3088813	-0.89523613	2.0493882	2.5643377	2.2321496	1.9760332	0.89667356
2.5140004	1.9663625	2.710436	2.1404254	0.08818564	2.0599382	1.4784949	2.4040856	1.1493272	0.16628131
-1.0144618	-1.3517632	-0.6659341	-1.0002038	-1.2894826	0.14634392	-0.6654757	0.38728052	0.092569835	-1.9335684
-0.38019842	-0.29856622	0.1729874	-0.5931122	-1.707769	-0.12627137	-0.5682743	0.45807946	-0.41530296	-1.6793436
-0.19375911	-0.50918424	0.28029647	-0.3065338	-1.3257858	-0.93046445	-1.3475002	0.106453806	-0.9003722	-2.2272382
-0.010982141	-1.0191953	0.5218961	-0.15420802	-1.6528963	-0.56332666	-1.155846	0.39373457	-0.6085001	-1.4030902
2.6111474	0.770576	2.4299915	2.263384	-0.83276355	1.1453438	1.3031448	1.533187	1.0964161	0.07798069
0.2919103	0.1922771	0.7671318	0.11093332	-1.1861238	0.2945273	-0.4375043	0.96123326	0.67293096	-0.63910925
0.2770311	-0.045503885	0.77674115	0.09113847	-1.006977	0.5863718	0.38562748	1.5070639	0.47915214	-1.3634665
-0.4158897	-0.90372026	0.30402395	-0.57505226	-1.8532716	-0.3347475	-0.34044164	0.42835158	-1.039937	-0.96559346
0.29375297	-0.2483134	0.56719136	0.12717225	-0.9619132	-0.6529312	-0.6611372	-0.1488308	-0.917322	-1.1245979
0.92277414	2.1240838	1.3729163	0.5111043	-0.74792063	1.2968761	3.4482205	2.017313	0.8646256	-0.10059979
1.0233282	0.62002134	1.5352052	0.8393644	-1.1651424	1.355023	1.0141473	1.8433143	0.8731108	-1.1133208
0.83111453	3.545741	1.2142323	0.51602864	0.11837506	0.39564377	4.6344824	0.7603666	0.29653782	1.8348314
-1.0186173	-1.134029	-0.54881096	-1.1319959	-1.8962189	-1.1945063	-1.4579729	-0.8288586	-0.58401984	-1.6422886
0.19846216	0.71238065	0.7397227	-0.08193221	-1.4847037	-0.5552834	-0.75087124	0.41797373	-0.9031087	-1.7205026
-1.4969124	-1.5188953	-0.90052056	-1.5365978	-1.5503051	0.51565	-0.71255744	0.72030485	0.9754748	-1.3534653
-0.50402504	-1.0791323	-0.040080726	-0.58263755	-1.5946492	-1.1003063	-1.2430897	-0.6541631	-1.0815287	-1.5511757
1.6595254	1.7068257	2.0871882	1.2501222	-1.1768675	2.1196978	2.101735	2.3169065	2.3009944	-1.6300029
-0.16310528	-0.06820315	0.32726896	-0.32756516	-1.2821833	-0.7405378	-1.1565648	0.29605374	-0.1122269	-1.1998355
-1.0378361	-1.1028752	-0.6294044	-1.0386581	-1.1341423	-1.1911855	-1.5989326	-1.0132791	-1.4617202	-1.4980409
0.22644415	-0.3265704	0.6923354	0.018036291	-1.931	0.61215466	-0.3175289	0.68756586	0.111209884	-2.334531
-1.0025675	-1.2660747	-0.55992496	-1.0621775	-1.2127833	-1.0884147	-2.3369772	-0.8104446	-1.2025187	-0.84290963
-2.4321573	-2.2223	-1.6139835	-2.3636312	-1.6511384	-2.529342	-2.5657551	-1.9634134	-2.9739885	-1.6843467
0.18272403	0.4863501	0.5493466	-0.06929103	-0.97395957	-0.44202474	0.491644	-0.42817545	-0.3396005	-0.49641138
0.6262489	2.0955327	0.87085664	0.23105095	-1.1103307	1.0280552	0.34720954	1.0241854	0.64731187	-2.1175761
0.79866403	1.9418559	0.913362	0.4851135	-0.13515542	1.313911	2.1146417	0.24468587	0.31974232	0.05556571
-0.069053695	-0.90581524	0.5094187	-0.21377794	-2.2525117	-0.10723793	-0.82376057	0.673536	-0.016357886	-2.050964
-0.23620147	0.73607504	0.72742677	-0.47674507	-1.1712173	0.09742667	0.6819269	0.7405506	-0.47587258	-0.9827989
0.16822574	0.38646016	0.45339257	-0.010262504	-1.0941478	-0.8772261	-0.61783236	-0.73356485	-0.7247101	-1.188507
2.2360137	1.5073364	2.6718905	1.9105368	-0.0016376078	1.649526	0.8416295	1.7881042	2.197283	-0.82001144
0.12057554	-0.6810271	0.6246481	0.04116033	-2.104538	0.33430445	-0.78274584	0.803288	0.85589325	-2.6194851
0.41330454	0.87629616	0.6959156	0.28801948	-0.55202377	0.20389734	1.6012284	0.474828	0.32457238	-0.86570305
-0.16937065	1.5956023	0.380656	-0.48033154	-0.72923845	0.8543263	3.8648114	0.9197107	-0.4224522	0.5674859
0.14269722	1.2453009	0.86453474	-0.058686033	-0.33534828	-0.09411469	0.03959385	0.43182325	-1.114771	-0.8844871
-0.053642556	-0.70710206	0.3827621	-0.22663794	-1.6113997	0.07899514	-0.56143385	0.5387524	0.26583552	-1.259096
-0.4961182	-1.179234	-0.009997934	-0.59596163	-2.3572624	-0.73623013	-1.5579019	-0.2976609	-1.1419313	-2.5953598
0.82088464	0.72163785	0.87236285	0.60869116	-0.41575783	-0.034694478	-0.22799687	0.2725132	0.3003579	-1.3734794
0.7085475	1.4908062	0.6976219	0.52618396	-0.51134634	1.3758017	1.6788261	1.6373768	2.3541496	0.5248526
0.29988214	0.20448038	0.4964159	0.08320089	-0.32488054	-0.14768776	1.8229622	-0.25570107	-1.0379831	0.8791654
0.019588642	-0.049189746	0.3317585	-0.12995727	-0.9352852	0.018872809	0.4369916	0.14368662	-0.39880255	-0.65892524
0.9301341	1.6844276	1.3068918	0.7271187	-0.68861496	0.16772136	1.4316622	1.1970971	-0.11714339	-1.5142028
-0.2459996	-1.7374737	0.22947893	-0.17450227	-1.3330581	1.8289788	-1.5128058	1.8646473	1.2843436	-0.9745512
0.50931084	2.0355003	0.5737076	0.25537086	-0.40985367	-0.26676363	0.00259356	-0.23756291	0.3002665	0.31798977
0.035155557	-0.80437267	0.5958879	-0.079242125	-1.0227983	-0.7860156	-1.0301819	-0.31171936	-0.9102825	-1.6963367
-0.91808426	-0.70059836	-0.6758342	-1.0587741	-2.0730753	-0.6377368	-1.2738819	-0.8439131	-0.096514404	-2.0316637
-0.6461267	-1.0497602	0.19113824	-0.7259879	-0.81678987	-1.501435	-1.2590928	-0.750537	-1.2889675	-1.1329172
-0.6765209	-1.161364	-0.2710336	-0.7467724	-1.5940851	-1.1549077	-1.5986545	0.97575736	-1.0216615	-0.8817402
1.9711422	2.8914936	1.9237309	1.5403801	-0.47160882	0.16278797	1.3114613	0.36765093	-0.8356332	-1.3267839
0.0834937	0.82192314	0.100802675	-0.09041199	0.54223263	-0.17237069	0.49707413	-0.3238178	-0.4292408	1.4743078
1.7053393	0.7678865	1.7933655	1.4070102	-0.28370568	-0.4133861	0.0431235	0.34739953	-1.0520118	-0.6396132
0.044599168	0.51183224	0.33733374	-0.12836955	-0.9193965	-0.7290017	-0.28510976	-0.7389895	1.0602422	-1.340035
-1.2331201	-1.2811815	-0.6311455	-1.2398671	-1.1772466	-1.1052861	-1.478248	-0.7451498	-1.1880903	-2.2982728
1.862632	3.3290226	1.927221	1.4991875	0.7697636	2.095234	3.9828722	1.8898349	2.0907903	-0.004065155
-1.724357	-1.7516254	-1.21866	-1.6500897	-1.2474575	-2.4607372	-1.8757718	-1.2563431	-3.6792974	-1.5159013
0.8371328	1.9098308	0.8935487	0.5566106	0.18600354	0.08157919	0.13898362	0.20980388	-0.37990746	-1.3435342
0.5051661	0.056937307	0.86959577	0.3979429	-0.6887415	0.16667375	0.18757637	0.38023677	0.032040406	-0.32661238
-0.44536474	-0.57576597	-0.021558672	-0.55879617	-1.5231142	-0.05206018	-0.29013267	0.48857424	0.4610586	-1.4252263
-0.029459365	-0.020599604	0.42411682	-0.14692126	-1.0939941	-0.39163387	-0.2072241	-0.42553943	-0.5436866	-1.3017619
-1.0005064	-1.2225047	-0.55968857	-1.0351714	-1.764331	-0.77440995	-0.84449834	0.06682028	-1.1716404	-1.0969148
0.75446254	-0.10386026	1.3793769	0.5609422	-1.2603196	0.743153	0.42401567	1.8427478	0.29075462	-0.88999224
-0.019605942	0.00049188733	0.2894496	-0.2147224	-1.5788382	-0.024488917	2.1665502	0.9157445	-0.39498198	-1.5827112
-0.7246219	-0.073889166	-0.7823639	-0.73228157	-0.9408183	-1.4690548	-1.2661235	-0.5757294	-1.6272917	-2.042705
1.0405349	0.37025335	1.4015366	0.79288644	-1.496715	-0.05214041	1.266655	0.5045477	0.004075606	-1.8999339
0.22366267	0.50681055	0.66688615	0.044370517	-1.3067505	0.43887725	0.55443424	0.49283445	-0.3378503	-1.2425123
-0.40410024	-0.041443914	0.21497214	-0.6036729	-1.4457661	-0.33985615	0.37942293	0.64709467	-0.7453381	-1.4649959
0.8931774	0.7266699	1.6399906	0.5854002	-1.0220672	0.8578141	1.2394054	2.299382	1.3769596	-0.42105407
0.08387383	-0.1855621	0.49130547	-0.10636832	-1.4134883	0.14113304	1.5699974	1.0216225	0.4522696	-1.1147857
-1.5286651	-1.512345	-0.9925078	-1.5369046	-0.9134612	-2.0185661	-2.931554	-1.119877	-1.406342	-1.4398925
1.7105756	0.59220386	1.822218	1.4250172	-0.786376	2.20523	0.016661981	2.1442676	2.0772474	-0.41317788
-0.7620993	-0.74623525	-0.3924087	-0.8839138	-0.87001395	-1.3135977	-1.9114028	-0.36433375	-0.56555164	-1.6603119
0.19290677	0.2647821	0.62787837	0.03315063	-1.1013111	-0.27000555	-0.18676953	-0.68239975	-0.21986574	-1.5565931
0.29512173	1.5029602	0.71017194	0.005926773	-0.9884778	-0.27760035	0.07427072	0.7717392	-0.5690032	-2.2091672
2.0882213	3.21441	2.499697	1.6462176	-0.24273619	0.8929618	1.7605776	2.1660361	0.7845965	-1.0659798
-0.75717676	-0.91316295	-0.34899947	-0.85134286	-1.037538	-0.78295076	-1.1218942	-0.5669979	-1.4127617	-1.130356
0.95359033	1.520214	1.3343242	0.6524687	0.5088042	0.4498166	0.4184345	0.22961135	-0.2163802	-0.49645618
-0.24441865	2.0218043	-0.047816306	-0.5663255	0.049429446	1.0656325	2.2923882	1.9468423	1.1543521	-0.005366719
0.711345	0.8020263	1.1860479	0.45506108	-1.0604632	-0.22431043	-0.18965054	0.52335405	-0.7104519	-1.3097333
-0.2439656	-0.25347716	0.088302106	-0.4440077	-1.3309069	-1.2297415	0.08392721	-1.095733	0.017744174	-0.7547326
-0.54576427	-0.6241958	-0.15221542	-0.6999413	-1.6031697	-1.1897157	-1.7698028	0.050338376	-0.91539496	-2.518107
2.0130293	2.8697002	2.2149065	1.6232927	0.2030631	2.501343	2.1955662	2.3705032	2.0358467	-0.6510549
0.29654026	2.9540873	0.65154445	-0.14154005	-0.9315438	0.36134258	3.2475603	1.0785171	-0.08902393	-1.2922103
0.84343165	1.5630614	0.9328362	0.57157356	-0.5994259	-0.095264465	0.54393315	0.86515456	0.8307812	-1.686007
0.6524748	0.32979187	1.1513752	0.46054655	-0.95040774	1.5587583	0.88374937	2.2491496	1.3246442	-1.6915091
0.2887605	0.88447297	0.7539873	0.1580077	-0.32136878	-0.38089228	-0.61508423	-0.04963034	-0.36480597	-1.0166936
-0.9498923	-1.043679	-0.29513672	-1.035283	-1.5526835	-0.093806565	-0.124580905	-0.1278284	0.045770664	-1.2665344
0.851021	0.9113182	1.0674106	0.59560037	-1.1397724	0.7288717	0.9527942	0.46316475	0.3277612	-1.3686742
1.139763	-0.4574017	1.5048894	0.98153925	-1.5528021	1.2670909	0.7948228	1.1449369	1.1619914	-2.0029926
-0.81784564	-0.775622	-0.61815274	-0.83216757	-0.6579013	-1.6322726	-2.4083912	-2.3359325	-1.317725	-1.0662936
1.2717716	2.3052235	1.9017038	0.99233675	0.3462411	1.3925467	0.7962186	1.807443	0.45135933	-2.0789313
0.24515691	1.2727075	0.560011	-0.036219254	-0.75881016	0.4018118	0.49802324	0.3671042	0.15956907	-1.3868967
0.36183885	2.767794	0.44630885	-0.08657594	-0.83102006	-1.0382059	2.013993	-0.86074305	-0.91799843	-1.8603013
0.26808456	0.5122993	0.62790596	0.03357269	-1.1256903	0.26322097	-0.18726513	0.19654122	-0.4144387	-2.1924543
-0.20664456	0.77834785	0.13400306	-0.46099502	-0.92262673	-0.67760265	0.9582138	-0.7262147	-0.8428604	-1.252713
-1.7476722	-2.3113098	-1.0381992	-1.7097796	-1.677257	-3.1324096	-2.1987793	-1.9802232	-1.7441276	-2.1054964
1.0922991	1.1950067	1.5010806	0.80601454	-0.90660906	-0.29700804	0.06878733	0.30673215	-0.49409503	-1.0106577
-0.93464905	0.639441	-0.64878595	-1.110981	-0.35130584	-1.204464	1.4834329	-1.055664	-1.5022764	0.5927368
2.9485137	3.410649	3.2301416	2.5014143	0.75563204	2.0752628	4.106278	1.9765637	0.85229415	0.6649281
-0.9368308	-1.0559001	-0.49378464	-0.9171258	-1.4609207	-1.4952062	-1.1657625	-1.7507149	-1.9476758	-1.3857427
2.1377609	1.1950169	2.159503	1.7490125	-1.3431773	-0.020256728	-0.57124126	0.7501968	0.12406435	-1.6400583
0.432651	0.07441971	0.99591005	0.2364571	-2.1320972	-0.15650614	-0.2721695	0.727614	-0.28469598	-2.822605
1.3158735	0.49969825	1.4207473	1.103631	-0.72689545	-0.5979172	-0.29540545	-0.008082126	-1.4816349	-1.7920549
-0.045191444	-0.9748452	0.47450516	-0.20562716	-1.1708285	0.09534991	-0.6387085	0.73456126	-0.95683134	-0.70712775
1.9412903	1.6836547	2.3789132	1.6634446	-0.49249497	1.560404	1.806601	2.1522198	1.4263093	-1.2138013
1.2354699	0.31541273	1.3900537	1.1385853	-0.62677145	0.44880456	-0.38713175	0.45181173	0.3263509	-1.4067746
0.7547727	1.5059378	1.0581194	0.46161884	-0.50376296	0.060317688	0.5439031	0.41033068	-0.66102654	-0.26526973
0.61219275	-0.20747204	1.3340447	0.48385543	-2.3024318	1.1805414	0.34491083	1.8240824	1.2020422	-3.18607
0.6052244	0.54408073	1.143189	0.38576818	-1.0127869	0.63549554	0.7035372	1.8185089	0.4517615	-1.8203466
0.73652714	1.0953492	1.2198658	0.5165844	-0.0717397	-0.122595035	0.66609496	0.94469655	-0.6355358	-0.91831064
-0.7921198	-1.3789052	-0.15667632	-0.8777444	-1.797862	-2.38972	-2.2328885	-1.4240291	-1.1917732	-2.8332286
-0.39511698	-0.46889254	-0.35701427	-0.5454583	-0.603405	1.5458243	2.1576455	0.09045219	0.87510645	0.9975044
0.072962694	0.40540937	0.5374408	-0.13626735	-1.3757653	-0.440994	-0.2316035	0.35101327	-0.1940202	-0.7632559
-0.0070624426	-0.399556	0.6274005	-0.18408385	-1.6004587	0.8430863	2.0209877	1.4479474	0.7627028	-1.2141788
0.4776912	1.9055026	0.74715614	0.21771236	-0.871328	2.2030199	3.0874944	2.3636837	2.1470737	-0.8630387
0.95679015	2.789503	1.0351322	0.46510708	-0.55086476	0.57106566	2.8230133	1.1920674	-0.5810464	0.1551528
-0.31952193	0.5256649	0.19799763	-0.5245408	-0.67379767	-0.66804886	-0.033559225	-0.042789426	-0.7762481	-1.021795
0.6442033	0.66036296	1.3057976	0.53244215	-0.9610561	1.1732154	0.9937322	1.7591565	0.3182253	-0.32256448
0.6594786	1.0884144	0.9793693	0.41096246	-1.0310287	0.19864586	0.8488296	0.46503976	-0.42722195	-1.2920324
-1.4534819	0.5347861	-1.1989211	-1.579962	1.0258224	-2.1800814	-1.3880953	-1.3638796	-2.5974767	0.08434612
-0.19882193	0.18955496	0.031277895	-0.35654265	-1.1717275	-0.5766883	-0.26866144	-0.24231473	-1.017982	-1.668956
0.32515505	-0.4120508	0.72351575	0.10031183	-1.7475126	-0.50828767	-0.6919628	-0.011572344	-1.2636409	-2.9038177
-0.26927453	-0.775771	0.13982144	-0.4010896	-1.9839488	-0.8080535	-1.388043	-0.45443445	-0.72918	-2.0339468
-0.45189878	-0.28443494	-0.031147152	-0.60194635	-1.7501706	0.098567165	-0.12661715	1.2875466	0.448866	-2.1812518
-1.559691	-1.5839362	-1.0703549	-1.5375022	-1.3103986	-2.528951	-2.369639	-1.6847805	-1.7775453	-1.5944922
-0.13840342	-0.28998473	0.35994	-0.30683407	-1.8550087	0.21396834	-0.4080473	0.56022567	-0.59797007	-2.0013647
-1.0647991	-1.4875914	-0.6722648	-1.1036118	-1.1907909	-2.04339	-1.9679292	-1.237977	-1.8271544	-1.1640244
3.2676923	4.1176925	2.8238263	2.7794662	-0.28395754	2.0790782	3.4835954	2.647829	1.576513	-0.21682075
-1.1117156	-0.85165954	-0.64610255	-1.1735045	-0.25672662	-0.24837466	-0.6117672	0.025178438	-0.28784087	-0.64139175
-0.22406977	-0.19637701	0.2610595	-0.3683448	-1.3649297	0.58465815	0.38520548	0.8945816	0.4522696	-1.3371781
1.3036598	2.9483545	1.3771354	0.89674544	1.016005	1.8036298	2.6601238	2.2113419	1.9989693	1.1894358
0.96657187	-0.6009648	1.1488326	0.84262073	-0.6910465	0.38066125	-1.1570352	0.15302368	-0.31541026	-0.4095015
0.5012684	-0.73080564	0.8982922	0.35132146	-1.3536575	1.1580782	-0.3739248	1.8127142	1.1675808	-0.7043561
0.7675335	0.41434464	1.2118801	0.5468156	-1.0441601	0.46042722	0.36692727	0.8632249	-0.09526942	-0.80387235
0.19134665	0.039929718	0.8987708	0.005345449	-1.1421294	-0.48396638	0.4950309	1.0013564	-0.029764745	-0.614662
0.094863154	1.0251449	0.5232111	-0.18633343	-1.0425186	0.4856072	1.4757321	0.5502017	0.3567839	-1.20615
2.390057	1.0349734	2.5604372	2.1036358	-0.8861948	2.5875967	1.0385197	2.3416388	2.3098981	-1.2938874
-0.213525	0.25392345	0.36798215	-0.42200255	-1.0398839	-0.6601007	-0.3756738	0.33230656	-0.20572616	-1.3268719
1.6226611	1.9775391	1.9061834	1.2794074	0.9737054	0.08676106	0.7488646	0.81150806	0.47900358	1.8746203
-1.2830194	-1.3134538	-0.7721592	-1.2649038	-1.2915977	-0.9732678	-1.6995168	-0.26592374	-1.2607177	-1.4788576
1.7918248	2.8064067	1.8305739	1.3527473	1.0973458	1.888857	4.6553564	1.6312652	1.0318611	2.6538959
2.4175158	3.2312927	2.541849	1.992846	0.2236397	1.4088836	0.73474747	1.3483028	0.5338529	-0.30475298
-1.716903	-1.8152537	-1.216117	-1.6577357	-1.5177971	-1.3087174	-0.91339207	-1.4590684	-1.1473193	-0.28359666
-1.5511788	-1.4520372	-1.0323193	-1.5457302	-1.0677165	-1.3656255	-1.5599453	-0.94656694	-0.40429032	-0.83431965
-0.7327312	-0.5352207	-0.18832913	-0.83913696	-1.284911	-0.9135679	0.17203349	-0.76522833	-0.46922913	-1.3275431
-0.46017233	0.94933105	0.09188971	-0.70329463	-1.0789584	0.24590504	0.6417903	0.88191056	0.5245122	-0.35437
0.15898886	0.5793092	0.65306854	-0.03432052	-1.1052287	0.8622478	0.8578344	1.0584989	1.1814976	-0.6300792
-0.47900715	-0.12371722	-0.20792368	-0.5256118	-0.26431563	0.6144519	0.8524259	1.4503245	0.5259158	0.048126142
-0.16652355	-0.30335987	0.30956846	-0.25828367	-0.04511711	-0.42101705	-0.49075413	-0.15467593	-0.5244411	-0.22157376
0.5086395	0.5834907	0.8178309	0.34048396	-0.80094194	-0.22759572	-0.25586638	-0.4855155	-0.66698676	-0.76666576
-0.4112455	-0.7333231	-0.002792269	-0.7086806	-1.4996456	-2.0856092	-1.548647	-0.5711971	-0.89793766	-0.7588914
1.2672037	2.1647022	1.4260178	0.9023472	-0.10631591	0.7497732	1.3444699	1.337051	0.77984583	-0.7969423
-0.28120622	-0.5355507	0.30664372	-0.44554007	-1.274379	-0.49140292	0.49102327	0.2178311	-0.8534582	-1.5384707
1.0083821	1.5429809	1.4374057	0.77118903	-0.6157995	1.607166	1.415261	2.1229167	0.8596707	0.021342546
1.1409751	1.8661854	1.4708873	0.9048742	-0.14340276	1.8642588	2.1091948	1.9911612	1.1702336	-0.56991166
0.5549622	0.14697903	1.0628442	0.33435625	-1.1210902	-0.10016382	-0.42037952	1.1477736	-0.33061498	-0.94851285
-0.6836373	0.058620542	-0.2517021	-0.78602934	-0.8899996	-0.19587703	0.11767925	-0.09048669	-0.31062058	-1.2579911
0.024318866	-0.49630347	0.41394025	-0.09752406	-0.6610732	-0.11673254	-0.8490547	0.62392867	-0.28747553	-0.6431788
0.21121624	0.7533388	0.8863058	0.01176019	-0.94468033	-0.6945576	-0.15871982	1.1391745	-0.9045876	-1.1638179
1.6794091	1.4288179	1.792895	1.2966276	-0.59980464	0.6515195	0.58353025	0.78546506	0.36415952	-1.0119894
-0.366014	-0.82920647	0.1616704	-0.5097061	-1.3623896	-1.3690928	-0.74789536	-1.2175581	-2.4214995	-1.707117
0.024103053	0.10827044	0.6574998	-0.13436216	-0.8973305	-0.93542856	-0.23533194	-0.03568393	-2.259756	-1.376876
1.4292535	1.1097226	1.7821978	1.2176664	-1.1327362	1.0869663	1.7404451	1.5257648	0.34190652	-0.5129173
-0.049058117	0.18491024	0.668521	-0.20529114	-1.3206265	-0.15103619	0.646335	0.17124194	-0.5307033	-1.4339335
0.9523745	0.21577531	1.6476403	0.82134855	-1.0829585	0.8060341	1.025079	1.6237905	0.48246178	-1.4809136
-0.24839169	-0.47045967	0.07130176	-0.35334444	-1.3999227	-0.11563746	-1.1720002	-0.31437638	-0.37441167	-1.7222264
0.10246799	0.2872198	0.35059378	-0.1583521	-1.5592151	-0.3340045	1.4007533	0.31897387	0.14917365	-1.6738778
1.6161362	2.0128295	2.1048067	1.2611783	-0.9752717	4.2689166	3.750472	4.8366346	3.445921	-0.57953286
0.95114726	0.15320534	1.4593446	0.66319144	-1.4118389	0.8447407	0.099172875	1.5584763	0.29474106	-1.7251871
-0.8024166	-0.67340255	-0.49985102	-0.89643776	-1.6643885	-0.005399814	0.17295358	0.52988964	-0.12700914	-0.6499957
0.5913201	0.8445662	1.069732	0.48810095	-0.5860789	0.090352274	0.43294325	0.68626237	-0.3461949	-0.79245895
0.60194135	2.6024199	0.70308596	0.0931104	-0.88218796	0.508018	1.1230551	0.9102206	0.035784602	-1.3648489
0.2847071	0.6910988	0.99150336	0.059903532	-1.395847	0.24191897	0.5942232	1.202599	-0.5684393	-1.7378755
-0.5622635	-0.83314955	-0.116926044	-0.6403417	-1.334978	-0.9166315	-1.3437831	-1.3908356	-0.66384196	-1.7676213
-1.4436547	-1.5645754	-0.84926164	-1.4296061	-1.4667221	-1.5918959	-1.4598525	-0.7594797	-1.293512	-2.0171967
-0.27384624	-0.07416636	0.3948508	-0.5166706	-1.8911738	-0.74137944	-0.9452719	0.02539217	-1.0214603	-2.0904782
2.630038	2.288773	2.8075235	2.2215834	-0.9117248	2.6317413	2.1906877	2.7373161	1.8663731	-2.024367
0.117046334	0.4908677	0.5985025	-0.0022571385	-0.70032656	0.38755244	1.4734863	1.1637458	-0.09131682	0.12735392
1.1066207	1.6006508	1.5703065	0.8123045	-0.78285253	0.4069647	1.4350187	0.8936122	-0.034199946	-0.86845756
0.81349164	-0.10444607	1.3605765	0.6541263	-2.0175016	0.8160487	-0.15543002	1.2491289	0.8071404	-2.2020679
-0.083282374	0.13856456	0.3841614	-0.27778298	-0.96775067	-0.32191825	-0.58098793	-0.32236814	-0.5816346	-0.6244485
0.85335666	1.56863	1.2111382	0.5134984	-1.4167703	1.2186579	1.9647758	2.3907323	0.6828736	-0.9670387
-0.29442444	-0.69964767	-0.032572836	-0.3298695	-1.1933442	-1.8680869	-1.3304669	-0.5675685	-1.4928843	-1.0815907
0.077314965	0.10945648	0.4549526	-0.08001374	-0.8262793	0.8254128	1.0984925	1.2070014	0.57744503	-0.7707088
-1.1931674	-0.7573414	-0.19970676	-1.2683555	-1.1821502	-0.93988544	-0.7352328	-1.3864911	-1.0778468	-1.4175085
0.8446588	1.8687689	1.7165082	0.597887	0.36263475	-0.11716106	0.5126307	0.71927047	-0.0012280812	-1.4675316
-1.1632719	-0.9385625	-0.69777393	-1.2776401	-1.5232731	-1.3527445	-1.0932952	-0.9149827	-1.274478	-1.3511088
-0.93670577	-1.1430807	-0.23797488	-0.9566818	-0.69718134	-0.7224213	-1.4343243	0.37992123	-0.8983712	-0.6396047
-1.1682206	-0.9923037	-0.6913332	-1.1875448	-0.56242627	-0.84118897	-0.7884696	-1.0337744	-0.34580716	-1.4947894
0.35819453	0.75014377	0.72186816	0.14575718	-1.0180959	0.36518794	0.4481951	1.0421039	0.3572789	-1.4317476
0.19827455	-0.54389536	0.58318394	0.032654837	-1.1038576	0.046960723	-1.3448403	0.2972136	-0.26620886	-1.4231331
1.125936	0.82734656	1.7171308	0.8977461	-0.48481297	2.1800537	1.6706563	3.2352712	1.5716428	0.8450103
1.4888858	1.2087016	1.9056712	1.1785991	-0.8649839	1.5290626	1.0902871	2.0324495	1.2869811	-1.3023698
1.6648141	2.5550144	1.7457776	1.2456186	-0.89147305	1.6758653	3.1709597	1.3499893	1.6165321	-0.9431403
0.49339738	0.76953626	0.97228336	0.29002345	-0.9892967	1.8892032	1.6684611	2.0237913	1.979361	0.043093644
-0.13709745	-0.9270946	0.22023681	-0.23206384	-1.533224	0.08015223	-0.35189667	-0.17955312	-1.284696	-0.49329734
-0.3198497	1.8136675	-0.19010732	-0.56568927	0.22895321	-1.5271069	-1.3558354	-0.7822618	-0.9125252	0.7539102
-0.47701502	-0.08770391	0.012517989	-0.6676597	-1.6148818	-0.6166952	-0.54471004	-0.1622313	-0.27950475	-1.0565429
-1.3960751	-1.581385	-0.8400979	-1.4203311	-1.5069054	-2.0499465	-2.5667286	-2.2109282	-1.4422581	-1.5550361
-0.18365881	0.53595996	0.012458697	-0.4146224	-1.2851555	-0.63929254	1.8446572	-0.55067044	-0.8682295	-1.2230148
-0.21026668	0.2073718	0.36351717	-0.34440964	-0.85548794	-0.30276337	-0.12467913	-0.8534976	-0.4408157	-0.5795074
0.19640484	1.525521	0.78112566	-0.038932264	-0.13068724	1.0490242	1.8908771	1.8708755	1.2404693	-0.357356
0.74679995	0.8015077	1.3549852	0.5868036	-0.073581725	-0.136723	0.2417949	0.7770309	-0.47256717	0.4805587
0.40168956	0.61686265	0.86024857	0.10436462	-0.92874026	-0.36164537	0.25066832	-0.30345717	-0.9140981	-1.6404417
-0.42047927	-0.1842131	-0.070150375	-0.60096747	-1.4034321	-1.1040589	-1.0523869	-0.6461563	-1.4650562	-1.4463255
-1.5108798	-1.4251086	-0.99541855	-1.570534	-1.0689566	-1.5856476	-1.5543569	-0.65921015	-1.9447933	-0.08498713
1.0946426	1.063421	1.3752952	0.9051604	-0.66394794	2.6284082	1.0146288	1.5523669	1.5650532	-1.1103112
-2.4085224	-2.271313	-1.5589572	-2.3544555	-1.8503224	-1.9537965	-1.8965703	-1.1163527	-1.0731919	-1.6288178
0.5134975	1.9424596	0.780568	0.10833232	-1.1952437	1.4986715	3.864764	1.3749969	0.7876424	-0.9649549
-0.4367952	-0.18055245	-0.06959242	-0.65924513	-1.6209788	-0.15260334	-0.030033624	0.40473562	-0.4625151	-1.2578465
-0.5727846	-1.0123872	-0.09590763	-0.6843299	-1.5445735	-0.22562031	-0.8224414	0.3653345	-0.07113138	-1.3279464
-1.3997673	-0.0068702996	-0.9320171	-1.5145547	0.010475457	-0.8594383	0.06320946	0.40315086	-0.9868579	-0.43999502
1.196544	0.97663367	1.5262544	1.0049	0.0006811023	0.8672245	-0.23428462	0.79110885	-0.32193488	-1.4237611
-0.5759942	-0.60179996	0.017718822	-0.6982252	-1.3750639	-0.6078169	-0.5664234	0.5866519	-0.18219204	-1.2930735
0.64140505	-0.39438897	1.119719	0.41721934	-1.6822314	1.7325392	-0.7443833	1.7362593	1.6477069	-1.8278702
0.7650432	0.36954692	1.2924962	0.5697059	-1.093401	0.085989	0.31026828	0.9687036	0.87923634	-0.7586419
0.23980379	1.8412614	0.5281693	0.0019253641	0.2558892	0.11916815	1.4241943	1.0155349	-0.122542575	-1.722991
0.23965451	0.21863991	0.781108	0.08995272	-0.5928714	0.16998288	0.1252558	0.8556536	0.25814587	-0.76110995
0.46514365	1.2654834	0.72041667	0.18484034	-0.60222256	0.66478074	1.4192595	0.34648615	0.07534439	-1.3525053
0.070497535	-0.17692223	0.578482	-0.07199706	-0.5776982	-0.9787949	-0.98628885	-0.13312292	-1.0875881	-0.6911437
-0.033787526	-0.46185008	0.02274248	-0.17045422	-1.2842088	0.60618186	0.47665414	-0.17421643	0.54673785	-0.8366877
0.9712694	0.7149427	1.364687	0.72437066	-1.2714232	1.6551588	0.21452424	1.8653344	2.0120897	-1.542645
0.45556477	1.551953	0.44829148	0.20119552	-0.5285116	3.3201494	2.9314518	1.8913474	2.8190591	-0.3058828
1.5657355	0.8975408	1.9729153	1.2343062	-1.3343934	2.6162918	1.9140804	2.9113774	2.5408273	-1.5927227
-0.43565807	0.88318014	-0.35140517	-0.5305014	2.0661416	-1.3785366	-1.2109177	-0.7015528	-1.7866663	-0.5152219
1.0290898	1.8367705	1.1056491	0.68758667	-1.8216399	-0.29130676	1.5770655	-0.2510521	-0.33369493	-2.9838321
0.6596191	1.7217369	1.1053234	0.41929793	-1.1695935	3.7623205	1.8850871	3.4700449	3.1988072	0.12270906
-0.37278003	-0.16263014	-0.023302168	-0.5243484	-1.189555	-0.7661894	-0.54367566	-0.08797969	-1.3022381	-1.2111126
1.019035	0.51265264	1.784953	0.7362592	-1.2082325	1.0742797	1.1801536	1.8946104	1.1162157	-0.9309616
-1.2242941	-0.4993427	-0.8125088	-1.3782419	-0.9677181	-1.3213123	-0.6059869	-0.7366006	-2.3952067	-1.122316
-1.5247506	-1.5520548	-0.91386425	-1.5332996	-1.4837385	-1.8856689	-3.0861104	-1.371824	-2.559376	-1.7120702
-1.0032889	-0.4598517	-0.54676783	-1.0636761	0.8273634	0.5705473	0.417446	-0.009080455	-0.024441123	-0.010135823
0.36888495	0.63322425	0.94381523	0.13943584	-1.7893836	0.8621631	1.4917105	1.1393211	0.6663944	-1.4696285
0.3952248	0.3301718	0.9067491	0.19160278	-1.0963906	1.6077842	2.380406	1.5280809	0.5074297	-1.3372755
-0.51471287	-1.0256841	-0.12718228	-0.6376873	-1.9111272	-0.8956954	-1.9897592	-0.86460775	-0.7060712	-1.6509203
0.4519097	1.3835977	0.7369568	0.26651698	0.108406514	0.1321368	0.58410376	-0.0021138447	-1.7200108	-0.5050262
2.2479403	6.2696366	1.912946	1.677152	2.7309766	2.5608027	6.1971364	0.8834607	1.9330562	3.9868336
2.1192963	0.7235272	2.4608946	1.7678297	-0.8702365	3.5831268	1.1869553	4.397578	3.1249402	-1.3897928
0.1530092	-0.20479083	0.6286093	0.017329097	-0.3578477	0.10609688	0.58188695	0.26766512	-0.40206102	-1.3548971
-0.86385643	-0.91965425	-0.45820376	-0.94236517	-0.80426395	-0.90993637	-0.052297775	-0.6124016	-0.6929586	-0.48992094
0.52146333	0.33752456	0.63740385	0.15090965	-1.2012948	-0.3234916	-0.9102052	-1.1411593	-1.7224761	-1.6323398
-0.84344274	-0.12765905	-0.3753325	-1.0478704	-0.7993704	-0.86121386	0.73503953	-1.1533452	-1.0879695	-0.81373197
1.9420732	3.8858826	1.8355911	1.5503409	0.6273252	1.1614014	2.7521744	1.4867507	0.8142214	-0.96708655
-0.7329214	-1.1359669	-0.2812446	-0.7769162	-1.0707281	-2.0528874	-0.6751826	-0.86827666	-2.6349032	-2.366878
1.0384966	4.6703687	0.95864606	0.5997017	1.6167847	1.0153394	3.9193041	0.36784884	0.64292467	-0.46685004
-0.4630385	-0.5973387	0.04410994	-0.6210059	-1.48119	-0.29476795	0.36752954	0.5434091	0.19071682	-1.8607306
1.0834774	1.0485055	1.4194261	0.83654964	-0.96477437	1.1333567	0.9702896	1.6797429	0.7205636	-0.6003821
0.3164165	0.024518847	0.5875108	0.1440983	-1.2270654	0.083927006	-0.22218713	0.23298602	-0.132472	-0.52234066
0.9887963	2.2530308	1.5551172	0.6913575	0.10676554	0.1192821	0.8701548	1.2787049	0.663286	-0.23785853
0.004341401	-0.19169459	0.49538368	-0.12944047	-1.2129395	0.06244316	-0.85144293	0.81954896	-0.1995156	-1.2119254
-0.5276017	0.17312801	-0.3087633	-0.6216241	0.31643996	0.64794487	1.8365632	0.82059634	0.46861807	-0.27212355
0.46776554	1.8140888	0.80030715	0.18166016	0.41891465	0.4499614	2.5699239	1.0865047	0.74051076	1.4593245
-0.028308667	0.10918689	0.3843431	-0.25758815	-1.3781173	0.07297409	-0.32356533	-0.19600385	-0.2113069	-1.8827868
-1.2906909	-1.3518583	-0.7138884	-1.3261133	-1.5399452	-2.2450442	-2.3829157	-1.0967699	-3.220445	-1.3556017
-1.2216893	-1.5755706	-0.5888567	-1.2592684	-1.395421	-0.7289524	-1.8350242	-0.27015892	-1.8304923	-1.9320726
2.610554	1.5331631	2.3308265	2.2161765	0.66703355	1.1118562	1.0050664	0.7278367	0.54215896	-0.024104385
-1.2649691	-1.6245489	-0.64145374	-1.3151312	-1.4156703	-0.9648464	-1.8409004	-0.9995418	-1.6395928	-1.654007
0.2583675	1.1625421	0.4693297	-0.07438667	-0.8404629	0.1673513	1.9917969	0.4200192	0.090380535	0.468571
-0.8738846	2.1587849	-0.7198851	-1.2276068	-0.6781366	-1.607048	1.9562507	-1.0138582	-2.2391107	-1.4275668
0.54920423	0.84992754	1.0707206	0.34996974	-1.0938579	0.028639544	0.30619237	0.81113267	0.26784503	-2.0258193
-1.7397847	-1.865577	-1.1045771	-1.709768	-1.1494521	-2.538469	-2.3281841	-1.0222558	-2.6471856	-1.2418004
1.2711993	4.507454	1.2079288	0.5484711	-0.48454693	-0.34535086	3.400361	-0.4794337	-1.0449228	-1.8815506
1.5433677	0.1440236	1.593503	1.3275572	-1.0855364	-0.90821284	-1.1702003	-0.27818945	-1.1034139	-1.1921656
-0.33070198	-0.92304516	0.32388952	-0.427657	-1.9484274	-0.9809186	-1.3333833	0.3894915	-0.8637219	-1.5004603
-1.8977048	-1.6889485	-1.2818115	-1.8328724	-1.259087	-2.2484684	-2.1853702	-1.6890398	-2.5346732	-0.4620067
-1.9971015	-1.8622175	-1.3671031	-1.977649	-1.4336241	-2.2374537	-2.294627	-1.3457572	-4.6591716	-2.3606157
-0.36791924	-0.89022005	0.13610154	-0.5290047	-2.0678885	-0.49859712	-0.63413775	0.46679103	0.20527469	-1.9848764
-1.3074505	-1.2137582	-0.98083174	-1.3068293	-1.2667551	-1.5150031	-0.6561927	-0.8949881	-1.2456528	-1.3698543
-1.3337227	-1.1799555	-0.91725564	-1.3323494	-1.1876888	-0.86707026	-0.74281764	-0.7623914	-0.98511267	-1.7349061
-0.40780696	-1.024867	0.039625496	-0.49284714	-2.1757054	-1.0916396	-1.615647	-0.22129567	-0.2393429	-2.48013
-0.58959585	-0.55022967	-0.18390557	-0.71573395	-1.6511513	-1.0049312	-0.86875254	-0.95427275	-2.2106955	-0.9457177
-1.2406543	-1.2022536	-0.7565932	-1.2724417	-1.4500383	-0.7668434	0.64594334	-0.28553727	-0.062303565	-1.6510928
1.2083689	0.4215379	1.5987865	1.0599809	-0.8060355	0.1654958	0.40238166	0.6808794	-0.018528406	-0.75851303
-0.18046947	-0.6434796	0.3238991	-0.34531003	-1.9619974	-1.0274355	-1.0884488	-0.44452602	-0.48744082	-1.3134922
1.0242512	1.6154091	1.1195712	0.76569617	-0.4052857	0.6972533	0.7853155	0.9025639	0.4186789	-0.64012754
-1.0512719	-1.7854488	-0.57058656	-1.0973928	-1.8141636	-1.2364923	-2.0033083	-0.12693416	-1.413245	-0.6554787
0.36373165	0.9557159	0.6541277	0.06194915	-0.961485	-0.3436482	-0.34148014	0.11558729	-0.6292066	-1.5030434
2.3488362	3.2584255	2.3084056	1.8920965	-0.63331616	2.348875	3.1602411	1.6950246	2.2612832	-0.40583357
-0.19004416	-0.99024665	0.2013348	-0.21771972	-1.234449	-0.37957886	-1.4596825	0.33212528	0.20144893	-1.8683742
1.201066	2.03494	1.2363532	0.8800837	-1.1606221	0.1300516	1.0336707	0.58095074	-0.6930651	-2.2398067
-1.011254	-1.1735538	-0.69116724	-0.944687	-1.1750708	-0.6544577	0.2076917	-0.67047095	-0.44896683	-1.6100518
-0.48725545	0.41869864	-0.10814771	-0.64588326	-0.8408855	-0.49681196	-1.0115215	-0.55093604	-1.1522039	-1.6436876
-1.1282682	-1.482684	-0.6857748	-1.0576397	-0.83586705	-2.0701325	-3.2513685	-1.8881887	-2.2793193	-1.5052234
-0.20241109	1.6663088	0.08480403	-0.4443919	0.15197495	-0.6371437	0.95256954	0.26855782	0.3002665	-1.1027129
-1.2670498	-0.1964786	-0.92697334	-1.3222694	1.039275	-1.2206992	-0.16864248	-0.74478984	-1.3992527	-0.26468062
1.18078	0.5434909	1.3401792	0.921242	-1.2122364	0.8757244	0.7094427	0.96638113	0.4245376	-1.8447207
-1.6060468	-1.5995777	-0.97776127	-1.6005833	-0.97977626	-1.3729094	-2.0899458	-0.6729998	-1.162619	-0.58714086
1.260474	2.5587075	1.4608239	1.1957171	0.88774645	2.1693463	2.655864	3.1110172	1.1234422	0.71282953
-1.941037	-1.8698461	-1.1923316	-1.899321	-0.21499994	-2.130031	-2.853297	-1.7255099	-3.074209	-0.27059132
-0.5073484	-0.7222568	-0.08452666	-0.6201507	-1.6981322	-1.2611732	-2.082871	-1.2481551	-1.1511841	-1.7180883
0.6766436	0.5671598	1.3909721	0.38711268	-1.4820603	0.88425696	0.7204361	1.1048084	0.7078238	-1.414596
2.2909892	1.0683967	2.646186	1.9842904	-1.0378864	2.600636	0.20330067	3.4911447	2.9012158	-2.1515338
-0.098861374	-0.04405418	0.5433872	-0.19432123	-1.3600715	-0.21591043	-0.44853714	0.3005217	-0.42042255	-1.7313223
0.29488626	2.4156103	0.60293984	-0.10585197	-0.060502976	0.77069044	1.9789832	1.1567482	0.47618172	-0.120670356
0.46522686	-0.16941085	0.8324306	0.2692514	-1.1968204	1.6405369	-0.60633546	1.4842039	-0.28469598	-1.3757809
0.50693905	0.38768688	1.0125157	0.240588	-1.4490217	0.6613445	-0.16084586	1.8984492	0.12805755	-1.4785995
-0.9633814	-0.96190345	-0.4000068	-1.0431428	-1.0503043	-0.017749796	-0.674975	1.7885787	-0.26081762	-1.5721247
-0.42555878	-0.46847424	0.084115595	-0.54931504	-1.4141369	-1.6310365	0.3104114	-0.4996237	-0.37291276	-1.7103918
-0.1896897	-0.008541822	0.33186293	-0.3736543	-1.2594928	0.3195054	-0.12753469	0.427103	0.3811124	-0.917127
-1.329471	-0.7724769	-0.7729355	-1.3879125	-1.5634266	-1.3406112	-0.37373552	-0.87626153	-1.6740495	-1.5234998
-0.06471547	-0.17630437	0.4131676	-0.33847302	-1.7193671	0.21486461	0.543722	0.65200514	-0.4370091	-1.8656224
1.0664041	0.8084564	1.9006958	0.8680345	-0.66815686	1.2000396	-0.26886237	1.6135927	0.4426924	-1.1587145
0.17615727	2.2228997	0.5423025	-0.19509348	-1.1439298	-0.22643352	1.374868	0.343999	-0.11139538	-0.97638994
1.4817977	4.4841533	1.5565587	1.086451	0.7147683	0.5691149	4.8769274	0.13470608	0.58337456	-0.13168855
-0.13839749	0.6222967	0.23342076	-0.36051276	-0.85763943	0.4271325	2.2177975	0.3436308	0.7671599	-0.6769381
-0.88202876	-0.25315556	-0.34221652	-1.0809337	-1.6934592	-1.108803	-1.161699	-0.5204697	-0.6383049	-1.4349927
-0.020867087	0.01897502	0.24851093	-0.21602346	-0.3803011	-0.54702216	-0.033198565	-1.0856717	-1.031526	-0.63974714
0.4469519	3.3670342	0.6558052	-0.04747024	0.52789867	-0.065802105	3.7847621	0.064325765	-1.834773	-0.64255184
0.60364145	3.2239196	0.571196	0.16104208	-0.6685529	-0.03762073	2.5254858	0.46256194	-0.40569147	-1.7619977
0.8267588	1.0660372	1.2352612	0.50672066	-1.4025226	0.87966067	1.2799249	0.93583804	0.06775464	-2.5764484
-0.97571486	-0.74448144	-0.47015843	-0.9727351	-0.0300847	-0.48959967	-1.3305862	-1.0093353	-1.0272207	-1.0246817
-0.992412	-0.100302786	-0.74961174	-1.0479025	-0.40857503	-1.1357356	-0.99969643	0.1913114	-0.96440405	-0.54031193
-0.079439744	-0.4719165	0.25181764	-0.26413417	-1.1574851	-0.88970196	-0.97367126	-0.28715196	-0.34955525	-0.65349716
2.8052838	5.152332	3.2643168	2.218192	0.16923305	2.005613	5.4663606	1.9280876	0.24771914	-0.5836616
-1.284845	-1.0310415	-0.8162359	-1.3633403	-1.3955507	-0.9612445	-0.58448374	-0.64638734	-1.419976	-1.7441784
-2.318913	-2.041878	-1.5738212	-2.2346113	-1.0829623	-2.1765985	-2.571933	-1.2100859	-2.5596359	-1.9385803
0.010946237	-0.7009363	0.41281834	-0.055208042	-1.2196668	-1.8654262	-2.1700056	-1.272619	-2.2665517	-0.4819519
-2.1720667	-2.0887535	-1.5155491	-2.0543337	-0.510046	-1.9733666	-0.9670059	-0.26546648	-2.8200235	0.5616948
-1.1464494	-0.9950154	-0.6952146	-1.2000474	-1.4492487	-0.85863465	-1.170439	-0.83838433	-1.2185509	-1.3824142
0.3848856	0.6240902	0.93554616	0.14873193	-1.287941	0.5027694	1.2039052	0.7426103	0.23308912	-1.0333079
-1.7230654	-1.805103	-1.149273	-1.693337	-1.4877356	-1.19905	-1.3993981	-0.7232995	-0.25228086	-0.85520023
-1.0978075	-1.208384	-0.9261639	-1.0700052	-0.99947345	-2.0249155	-2.0790951	-1.3202538	-2.1877434	-1.4711308
-2.014892	-1.6362903	-1.3826748	-1.9841721	-0.91630054	-1.7126956	-0.94457567	-0.2461678	-2.0210385	-1.5008047
-1.9914657	-2.0080938	-1.3506633	-1.9440494	-1.0801128	-1.8639548	-1.4169466	-0.396671	-2.1089208	-1.6233411
-1.9393553	-1.69502	-1.3225157	-1.9031718	-0.57041824	-2.015204	-2.1915376	-1.1604391	-2.6861446	1.2108865
-1.8149513	-1.7517688	-1.1895579	-1.7761365	-1.180022	-2.5923834	-2.3517833	-1.8459463	-2.7760103	-1.4787495
-0.88142425	-1.2319701	-0.35460433	-0.9669295	-1.4109944	-0.91272104	-1.5779024	-0.6507317	-0.75245976	-1.2699882
0.73738974	0.22270504	0.8088703	0.5744537	-1.119152	0.13607967	0.051525433	0.7186515	0.13508645	-0.8384371
-0.40203425	-0.6957356	0.06122297	-0.45817226	-1.1821047	-0.95513415	-0.842785	-0.54856336	-0.70152	-0.63004667
-1.8276109	-1.8888532	-1.2190356	-1.7704617	-1.3698803	-2.6621926	-1.7890917	-1.5412573	-2.5265272	-1.5700324
-0.110120274	-0.099609226	0.25171053	-0.24105741	-1.0091838	-0.41698113	-0.117810175	-0.05136364	0.16540378	-1.2005619
-1.543926	-1.2451543	-1.1039927	-1.5133145	-1.131592	-1.3892977	-0.8636803	-0.81288904	-0.8584232	-1.6951196
0.77032757	0.6981833	1.0511628	0.5674345	-0.17980641	-0.5363282	-1.0398972	-0.06718339	-0.8080714	-0.08753174
-1.9754387	-1.3334509	-1.3962104	-1.9796093	-0.52413213	-2.4084382	-2.0010715	-2.264434	-1.9776115	-0.713094
-2.2043293	-2.178319	-1.4292959	-2.1247232	-1.3406296	-2.3340602	-1.8394995	-1.3033922	-2.8710685	-1.4919889
-1.7665327	-1.5173163	-1.1925418	-1.7654185	-0.67102647	-2.2547712	-1.6191125	-0.7929941	-1.427252	-1.2696676
-1.6713476	-1.5469658	-1.2042884	-1.6681092	-1.6992325	-1.5526702	-2.4502208	-1.7808563	-0.21986574	-1.3096493
-1.6201574	-1.6325155	-1.0280315	-1.588009	-1.3829187	-2.1820478	-2.3198745	-1.7260835	-1.0365522	-1.5455304
-0.8568942	-0.73534155	-0.31425896	-0.8889579	-0.3691845	-0.6017242	-1.2499527	0.058258995	-0.7263476	-0.5895364
-1.1664003	-1.0479351	-0.5634303	-1.2495738	-1.1422478	0.6652147	0.8158644	1.8794686	-1.4212157	-0.6002126
-1.5937704	-1.2036343	-1.1797844	-1.5761766	0.19164982	-1.8350072	-1.0609158	-1.2619098	-1.06187	1.0174742
-0.8265027	-0.061436683	-0.55920756	-0.9614778	-0.41729265	-1.9325948	-1.7170218	-1.0478573	-1.5846257	-0.59630567
0.18085027	0.82916355	0.41773152	-0.030057073	-0.7208533	-0.40585098	-0.06321535	0.049485605	-0.3227577	-1.1456059
-1.4741224	-1.505305	-1.0046167	-1.4582947	-1.0387945	-1.9246525	-1.7526599	-0.87506646	-2.4527206	-1.5848857
-1.8623472	-1.6278136	-1.2481925	-1.8524752	-1.432331	-2.1224198	-1.7411574	-1.4100058	-2.1025007	-1.5624245
-1.0184275	1.3584762	-0.9193933	-1.143641	-0.18012783	-1.0473747	3.0744836	-0.614777	-0.49114686	-1.0733814
-1.509961	-1.6629186	-0.9515097	-1.4907358	-0.7162582	0.28117526	-0.66742295	0.33012688	0.43843877	-0.94287914
-1.4463181	-1.4032304	-0.9890361	-1.4366772	-1.2442126	-1.3676171	-1.6102473	-0.82378006	-0.5842563	-1.1463599
-1.5486386	-1.7405319	-0.8708836	-1.6850725	-1.0247021	-1.9488966	-1.7348706	-1.0489777	-1.6539298	-0.40450966
-0.1385124	-0.083230704	0.3067361	-0.34514904	-1.3577847	-0.13982616	0.6095783	0.5903889	-0.74301606	-1.8006555
-0.909021	-0.46880624	-0.39729533	-1.0263652	-1.2371614	-0.7251834	-0.027904032	-0.4355702	-0.9064903	-1.0238153
-0.48098496	0.7658886	-0.4878401	-0.6169552	1.2012228	-0.5232976	0.40852636	-0.5155421	-0.10299311	1.5077353
-1.0197183	-0.8942144	-0.6026956	-1.1067774	-1.5233916	-2.5275366	-1.6984429	-1.3589976	-2.5577145	-1.9292194
-0.7724979	-0.68397605	-0.12754539	-0.85514146	-1.2912629	-1.9275177	-1.8108497	-0.43097028	-1.4827014	-1.8420348
-2.6950421	-2.427843	-1.8091302	-2.6077075	-1.6836222	-2.751502	-2.6189907	-1.1769089	-2.6584523	-1.4026332
-1.9637581	-2.0113337	-1.2881192	-1.942803	-1.7854017	-1.1362712	-2.232631	-1.0808553	-0.41022688	-1.8462805
-1.3711381	-1.5310233	-0.8230617	-1.318239	-0.7969359	-1.422326	-1.2371752	-1.0294576	-1.2197472	-0.64663255
-1.6139611	-1.6804268	-0.9981755	-1.6184709	-0.9413117	-1.4154607	-1.5013528	-0.901462	-1.796122	-0.67738205
-2.0420074	-1.784349	-1.3501563	-2.0732157	-1.2099805	-1.8539737	-1.6253884	-1.5053596	-2.511968	-1.174579
-1.8302915	-1.925699	-1.158212	-1.6824598	-0.3635772	-2.2776659	-2.2156405	-1.2409698	-0.98199666	-1.1237198
0.43899027	1.5788674	0.5773349	0.14413603	-1.0617307	-1.174092	-0.6082227	-0.33253032	-0.89990777	-2.1970665
-0.210928	-0.062577665	-0.13343617	-0.32797492	-0.32821023	-0.3220738	-0.7009695	-0.010605001	-0.361601	-0.47039512
0.31668115	0.59847677	0.8221265	0.083582774	-1.1783707	0.7626335	1.6384524	1.7222271	0.7603789	-0.57259953
-1.3055382	-1.3152328	-0.76671195	-1.3354608	-1.1469821	-1.1918812	-2.1060443	-0.49144208	-1.5205268	-0.746248
-1.66696	-1.3442692	-1.0262038	-1.6744006	-1.0044239	-0.22555825	-1.1632351	1.0956231	-0.9627679	0.04026561
-1.2649649	-0.6517223	-0.9812323	-1.3400154	-1.1633866	-1.9735546	-1.883497	-1.4953017	-2.1801891	-1.1578461
-1.4894435	-1.9016063	-1.1494831	-1.4219766	-1.6584555	-1.4507049	-1.1758225	-0.58367825	-1.563025	-1.6113821
-0.45806363	-0.29238802	-0.08762351	-0.55601573	-1.1782407	-0.6938788	-0.5538903	-0.17065059	-0.33403024	-0.09013808
-1.4910439	-0.45700237	-1.1249548	-1.5651011	-0.35921714	-2.5386794	-1.2020569	-1.5219038	-2.3236673	0.3966804
-1.3806907	-1.2386467	-0.8575804	-1.4085584	-0.57299846	-1.4323125	-1.5313615	-0.73609716	-1.1410847	-0.13952143
-1.0690619	-1.5924057	-0.5231321	-1.1086463	-2.0896518	-1.8655425	-0.7961304	-0.36104822	-1.8422354	-1.4562912
-0.8846618	-1.0405086	-0.414439	-1.0040094	-1.7741619	-0.048923146	-0.8793046	-0.028668754	-0.41038808	-1.0908004
-0.7469914	-0.6460078	-0.48840013	-0.74562204	-0.32752106	-1.186559	-1.5789257	-0.40861744	-0.9709835	-1.4284738
-2.2573574	-2.152989	-1.4169681	-2.2230046	-1.3882912	-2.9613278	-2.4755425	-2.04132	-0.60662407	-0.9956098
-1.3231655	-0.98353934	-0.89608145	-1.3411965	-0.40354052	-0.8639949	-2.5210829	-0.7194667	-0.74412763	-0.62975943
-1.8194573	-1.6062475	-1.1956152	-1.8121395	-1.2388567	-2.307694	-2.010229	-1.0890272	-1.4102268	-1.673485
-1.2782155	-1.3832984	-0.74119973	-1.3127288	-1.1277578	-1.1021059	-1.2884696	-1.8663979	-0.52600485	-1.193466
0.84562916	2.5536869	1.1174215	0.4949082	-0.85442907	0.18881463	2.1274207	0.6091055	-0.18558715	-1.1476287
0.46312627	0.28318194	1.017888	0.19027351	-1.7347184	1.1453758	1.0896537	1.6130372	0.8615256	-1.0307837
-1.0651102	-0.8557079	-0.67859864	-1.1085395	-1.2174349	-0.88605535	-0.47794706	-0.53867775	-0.93272096	-0.78837353
-0.4732339	0.74245465	-0.38668755	-0.57970935	1.3482878	-0.59119976	-0.68421906	-0.15169464	-0.36699176	0.6158959
-1.9288093	-1.811149	-1.2916372	-1.8426158	-0.63742733	-2.0921378	-1.2342017	-0.9434252	-1.5768273	-1.0814154
-1.0382822	-1.2527286	-0.60322416	-1.0869682	-1.6948068	-0.672715	0.19285037	0.5085544	0.077874094	-0.5237868
-1.6328423	-1.6109713	-1.0569134	-1.6007128	-1.2059777	-1.6330239	-1.6199518	-0.77689856	-1.5992293	-1.7669436
0.7734446	-0.22427768	1.0483292	0.56852645	-1.3575199	-0.27686745	-1.1279626	0.0014292503	-0.67658377	-1.5180928
-2.0154657	-1.862173	-1.1541368	-1.9552552	-0.40403488	-1.5962987	-2.3428922	-0.36998475	-1.9687606	0.9456076
-1.585701	-2.108251	-0.8957703	-1.5806333	-1.8736695	-1.9825692	-1.9958394	-1.6999084	-1.856836	-1.9135289
-0.13734096	0.99748576	0.22831431	-0.3967055	-1.055378	-0.386935	-0.32788795	-0.12510018	-0.16639769	-1.2229501
0.39366996	-0.39699757	0.75391686	0.29955745	-1.25295	0.55625695	-1.0155957	1.561259	1.2067672	-1.3980589
-1.1866899	-1.3287439	-0.6094208	-1.1969777	-1.2815578	-1.0756097	-1.6969644	-0.45600057	-1.3054969	-1.4834737
-1.7041371	-1.2661858	-1.1860626	-1.7073025	-1.184882	-2.13243	-1.5716894	-1.5047144	-2.2973208	-1.819661
-0.728327	-0.70057213	-0.28560898	-0.8362545	-1.4489251	-0.28065392	0.39583597	-0.027476436	-0.87783533	-1.4800477
-0.8575642	-0.8805007	-0.4691569	-0.928724	-1.4509416	-1.0626944	-1.675587	-0.8540361	-1.1170408	-1.8944631
-1.7830534	-1.199	-1.2617472	-1.8301487	-0.9233582	-2.2464724	-1.4915348	-1.5872301	-2.0498066	-0.58564276
-1.3085042	-1.6787597	-0.83754766	-1.3193145	-1.0033424	-1.7428699	-2.0549996	-1.4459033	-1.132472	-0.78062737
-1.5033963	-1.4281555	-0.95144784	-1.5096221	-0.40631017	-2.2716882	-2.3806274	-1.135307	-2.3867605	-0.42325637
-1.8780568	-1.7805235	-1.2189006	-1.8202208	-1.1388514	-2.1580224	-2.2717137	-1.0940975	-2.4766731	-1.9908868
0.15440062	0.07165247	0.91907823	-0.12728406	-1.420467	0.7158543	-0.12224403	1.190636	-0.5913168	-2.0284863
-1.8139337	-0.9253782	-1.3444777	-1.7752893	-0.4845594	-1.9744052	-1.4510328	-0.15061668	-0.72381735	-1.2925171
-1.386942	-1.2580143	-0.8457253	-1.4317781	-1.4926844	-1.5344148	-1.5839945	-1.4398974	-1.6042695	-1.2207545
-0.3503904	-0.6062993	-0.049021006	-0.4463339	-1.4225887	-1.4141146	-1.445535	-0.84546417	-1.737977	-1.6065114
-2.4599712	-2.2411444	-1.4902141	-2.3792071	-1.1581374	-1.9927031	-1.6060805	-1.2912425	-1.7052926	-1.111612
-1.7865069	-1.7781885	-1.2112749	-1.7822924	-1.2677124	-2.466638	-1.5950371	-0.58297086	-1.6127428	-2.3826606
0.5656186	0.047306895	1.1584476	0.34764236	-1.5122378	0.49592426	-0.35600194	1.5873302	-0.47033042	-1.2542518
-1.7085255	-1.601188	-1.0713685	-1.683854	-0.97055674	-1.6878976	-2.0637388	-1.8759345	-1.827069	-1.4841856
-1.5656306	-1.1305599	-1.1763482	-1.6175728	-1.6691474	-2.4672372	-2.0381396	-1.6062043	-2.5248158	-1.4622141
-1.7876288	-1.7814621	-1.1944773	-1.7421751	-1.6607677	-1.9418533	-1.9522989	-1.1040376	-2.74835	-1.7563231
0.24655294	0.69476604	0.23216918	-0.024518386	-1.0881398	-0.8679702	-0.5388603	-0.91276133	-1.1187507	-1.4662513
-0.5820767	-0.779912	-0.32137403	-0.621873	-0.92128026	0.55790555	1.2870599	0.15199503	0.3360442	-1.0135918
-1.1079228	-0.8557166	-0.6601696	-1.1814547	-1.1615117	-1.0939113	-1.267421	-1.6434069	-1.0052567	-1.2004174
-0.8960519	-1.0899559	-0.43225405	-0.93654114	-1.651647	-1.055901	-0.73870754	-0.7156975	-0.9663113	-1.584459
-0.49936095	0.5034081	-0.071490854	-0.5422243	0.86419845	-1.0809938	0.1262837	-0.7025759	-1.2992309	-0.32525563
-1.6168317	-1.6243105	-1.0880368	-1.6043543	-1.1146296	-1.2013206	-1.9513324	-0.7865944	-0.7771722	-1.6083741
-1.3404927	-1.5695543	-0.9401517	-1.333338	-1.211044	-2.2349768	-0.70416	-0.88881165	-1.7441276	-2.1469247
-1.2227196	-1.2649714	-0.705606	-1.2662023	-1.4212269	-2.0430005	-2.0161967	-1.5368607	-1.9203055	-1.8287525
-2.7627883	-2.6066408	-1.762273	-2.67269	-2.5111854	-2.6528077	-2.2498224	-1.7126404	-2.1138482	-2.1223495
-1.5728029	-1.3342683	-1.015772	-1.593443	-1.3543766	-1.7639197	-1.4073168	-1.2134855	-1.8825107	-2.416683
-1.4543706	-1.4613212	-0.94453776	-1.4243604	-1.3084459	-1.4436083	-2.0344465	-1.1909082	-1.4146663	-0.76082456
-1.8179048	-1.6468343	-1.3011291	-1.7773393	-1.6569097	-1.7715495	-1.9502718	-1.3374882	-2.4330091	-1.7013515
0.15615958	0.4520451	0.69885755	-0.07401189	-1.1845862	-0.3657997	0.39973152	0.46823874	-0.91899276	-1.7726047
-1.5865327	-1.9143367	-0.9770634	-1.5114723	-1.4416155	-1.9497643	-2.5412583	-0.9292487	-1.7398016	-1.7548437
-0.14345068	1.6169289	0.20557994	-0.48392916	-1.257619	-0.8562278	1.539121	-0.57363176	-1.4920092	-1.2885898
-1.2530801	-0.90936756	-0.8124479	-1.3461978	-1.0272706	-1.6682968	-1.7387091	-1.4134276	-2.7841282	-1.1251522
-1.7874869	-1.7333322	-1.1305956	-1.7518408	-0.2871309	-1.2231675	-2.2124112	-0.35563704	-1.453705	0.003824949
2.1247706	1.7478873	2.5989678	1.7726	-1.493127	0.99024963	1.2773833	1.5322987	0.87246484	-1.892328
-1.0502179	-1.1963394	-0.5794705	-1.0983902	-1.4186634	-1.5531324	-2.5502143	-1.1640531	-0.29351196	-2.1704834
-1.9097824	-1.8730056	-1.3358246	-1.8851807	-1.5009475	-1.2721179	-0.6119312	-0.8609084	-1.2175817	-1.3124423
0.17522237	0.11467382	0.67139494	-0.020486072	-1.3281342	0.102298476	0.51632255	0.5320521	-0.7302606	-1.6675825
-0.27744296	0.061027795	-0.01927796	-0.4100216	-0.11910066	1.3415364	1.200558	1.1253786	1.5081873	-0.19689558
-1.5749624	-1.7301923	-0.9049983	-1.6644264	-0.81981623	-1.0877723	-1.6930369	-0.07245973	-1.6025007	-1.4911506
-2.0928233	-2.1213145	-1.3798479	-2.0203743	-1.2706196	-2.3865845	-0.5131776	-1.084033	-0.7559186	-1.5945876
-1.3675143	-0.71922886	-1.1065428	-1.3307362	0.7391392	-1.2621144	-0.757836	-0.18651243	-1.1018476	0.36268827
-2.060915	-2.061647	-1.3560416	-2.0152206	-1.7620248	-2.5571594	-2.2668445	-1.3618661	-2.4084198	-1.2018247
-1.4058529	-1.2736839	-1.0212891	-1.3747967	-0.9802625	-2.013677	-2.2494519	-0.77899843	-2.9169643	-1.0570198
-2.1701279	-2.1472523	-1.5307999	-2.057355	-1.5390115	-2.5157082	-1.4346732	-1.8183568	-3.3100195	-1.227245
-2.2777543	-2.160682	-1.5580041	-2.2088313	-1.57719	-1.8716611	-1.7964449	-1.0035954	-2.3231084	-1.8409784
-1.8492484	-1.7521505	-1.2544518	-1.8019617	-0.8336774	-2.0121384	-1.816076	-1.2674668	-1.97354	-0.28078127
0.4815186	0.67678666	0.94783974	0.27900112	-0.9359609	0.21393956	0.5083181	0.7750879	0.11869344	-0.6747115
0.7843183	-0.12545225	0.7971344	0.6094887	-0.47760767	-0.22726795	-0.17349659	0.33832964	-0.044762116	-2.0719144
-2.5315185	-2.3066344	-1.586303	-2.4490778	-1.3622441	-2.7017705	-2.5062973	-1.9634181	-3.5516217	-1.9860457
-1.8856392	-1.8898526	-1.4109098	-1.7440566	-1.3217883	-1.5013776	-1.6783233	-1.1390241	-1.4963276	-0.2444509
-1.023375	-1.5603578	-0.51935625	-1.0409336	-1.0507362	-1.1012411	-2.2577722	-0.76998585	-1.5253131	-1.4476142
-2.210943	-2.0123212	-1.4401627	-2.154505	-0.9260993	-2.7037952	-1.9660197	-1.8415257	-3.688919	-1.7487794
-1.1214463	-1.158721	-0.57439697	-1.1927227	-1.3710359	0.21364753	0.16353811	0.076653585	0.46357724	-0.3135822
-0.35988316	0.290049	-0.19438732	-0.5469503	-0.27814776	-0.69030786	0.45384392	-0.3041748	-0.8197957	-1.0132203
-1.2172878	-1.2293317	-0.7813628	-1.2203934	-0.3724593	-0.014393413	-0.9384125	0.47825867	0.52434593	0.47100493
-1.7638742	-1.3235791	-1.210708	-1.7513506	-0.4920146	-2.2911048	-0.8433248	-1.6088446	-2.890098	-1.2919447
-1.4942685	-1.4663817	-1.11061	-1.4686112	-0.22714555	-1.5552237	-2.3722792	-1.3455086	-0.7498034	-0.9510051
-1.1132615	-1.099771	-0.6630138	-1.1777339	-1.5322207	-1.6596248	-1.9142954	-1.0725976	-2.368146	-2.1899297
-1.577249	-1.6922376	-1.0651011	-1.5280793	-1.3843929	-1.4262135	-2.1052694	-1.4543779	-1.523852	-0.70045084
-2.0287812	-1.9234389	-1.3271964	-1.9659454	-1.0936551	-2.0264964	-1.5401033	-1.1278255	-2.6581545	-0.9660831
-0.0014751926	0.059980124	0.2698699	-0.17484464	-1.4449481	0.9354796	0.6699485	0.91793257	0.42900416	-0.6002126
-1.3109202	-0.98997605	-0.99483395	-1.3348986	-0.52203393	-2.024765	-1.3266312	-1.0242833	-1.6988916	-1.3939631
-1.5977715	-1.7279526	-0.9212122	-1.62067	-1.5423557	-1.7408706	-1.2332102	-0.789953	-1.284696	-1.0101997
-1.8603839	-1.7798759	-1.1668031	-1.8820744	-1.787553	-1.6669487	-0.4347054	-1.715448	-1.7086692	-1.5464997
-1.2928927	-1.5892684	-0.7465701	-1.2759125	-1.9461006	-2.2614896	-2.981647	-1.4796841	-2.366376	-2.275955
-2.0965042	-2.0820925	-1.3726826	-2.0207658	-1.4234493	-2.2131681	-1.9652028	-1.8678117	-2.2347999	-1.5440167
-2.428565	-2.2235084	-1.6269702	-2.4074087	-2.122599	-3.0808792	-3.5988226	-2.4404058	-4.4036636	-2.2149012
-2.1265492	-2.1059563	-1.4186746	-2.0523424	-1.6337633	-2.249006	-1.9631842	-1.1667551	-2.0599897	-1.6269238
3.5286767	2.2972329	3.5608466	3.2002053	-0.7287089	2.7335725	2.0861485	2.7628284	1.8220845	-1.4283631
-1.9799185	-2.0794368	-1.3226058	-1.8994828	-1.753393	-2.252328	-1.974824	-1.3100327	-2.0749483	-1.5744379
-1.589068	-1.1572294	-1.0501989	-1.6330719	-1.6642673	-1.480281	-1.074655	-0.514565	-1.0272207	-0.6173123
-0.7515129	-1.5308433	-0.14625144	-0.82519364	-1.6851231	-1.2643954	-2.1129117	-0.606556	-1.2195034	-1.4189614
0.7053932	0.10416433	1.1025617	0.4926185	-1.311204	1.6067334	0.1206063	1.779534	0.9121028	-1.026869
-0.5437764	-0.8757179	-0.15377706	-0.5753363	-0.935719	-1.1638436	-1.1343019	-0.8763974	-1.2019304	-0.76319677
3.1041348	1.1536243	3.087403	2.6179035	-0.8097934	3.068395	1.5848126	3.2319248	3.168374	-1.1068956
-0.20427048	-0.7482724	0.34153807	-0.30639037	-2.1945622	-0.40587994	-1.0403408	0.21374038	0.070521064	-1.8577561
-1.8372432	-1.6404741	-1.090427	-1.8096688	-1.2374176	-2.4738321	-1.3665165	-1.6791155	-1.5983773	-1.7518399
-0.59115887	0.25323844	-0.20411584	-0.73419935	-1.6016346	-1.3609301	-0.85233897	-0.35287234	-1.0678626	-1.9620334
-0.49762717	-0.9392067	-0.11206791	-0.4958278	-1.0718743	-1.5852232	-1.5211983	-0.69948167	-1.856501	-1.5405432
-1.3020948	-1.5743551	-0.772025	-1.2873576	-1.2902488	-0.58937865	-1.0226972	-0.19068298	-0.6520344	-0.7265367
-2.3116293	-2.155624	-1.4048059	-2.1196265	-0.8218671	-2.0973666	-2.5435898	-2.1346018	-2.8594403	-0.007664191
-0.6646189	-0.6645043	-0.5614134	-0.663387	-0.6228876	-0.90572727	-0.65656483	-0.2324202	-1.0524771	-0.40119398
0.84374386	1.1642411	1.2459213	0.6412095	-0.25317323	1.0201263	2.560576	1.2597097	0.5060772	0.30678877
-1.0705774	-1.4710178	-0.66421723	-1.161246	-1.4270977	-1.2119702	-1.9061775	-0.059390415	-0.6739181	-1.2109746
-2.5570142	-2.1077178	-1.764987	-2.447329	-1.6113139	-1.2402915	0.37055108	-1.1234143	-2.4325216	-1.1626505
-1.6214669	-1.5829282	-1.0862181	-1.5142639	1.0789359	-1.8554828	-2.4387276	-0.6127369	-1.4577475	-0.21925457
0.21755573	-0.45426184	0.68894184	0.17735459	0.48568866	-0.61760396	-1.7039242	0.69618666	-1.8278314	-1.3098617
-1.4532135	-1.6217275	-1.1083184	-1.3457423	-1.3632132	-1.8661664	-1.0638348	-1.520521	-2.2939293	-1.9396976
-3.2425275	-2.7176137	-2.2555141	-3.0662613	-2.1577568	-3.1842997	-2.3184202	-2.844545	-2.8593433	-2.5807445
-1.8061284	-1.8393686	-1.146682	-1.7304702	0.17845502	-1.9763298	-1.6521832	-1.0673251	-1.4125109	1.2401192
-1.7095207	-1.7423186	-1.1216402	-1.6375132	0.11051214	-1.5901089	-1.9440978	-0.7502059	-1.9319823	1.289453
-1.02548	-1.729705	-0.8035449	-0.96541333	-2.8946204	-3.029238	-1.1031072	-1.9415185	-3.352117	-2.0475817
2.3895168	-0.008999199	2.3507106	1.9754035	-0.62422884	-1.0405455	-1.7203842	-0.7345944	-0.56467474	0.575794
-2.7073221	-2.3343904	-1.796165	-2.5571935	-1.117384	-1.6127179	-0.43776572	-0.3781142	-0.4125108	0.08268328
0.08562728	-0.83669543	0.5627346	-0.10074029	-2.5198207	0.29289824	-0.60106695	1.0169123	-0.03107799	-2.4710948
-1.1698047	-1.4405073	-0.5635196	-1.1816522	-0.71508205	-1.9098372	-2.180711	-1.5947051	-2.2811458	-0.79894286
-1.8503541	-1.969728	-1.1722952	-1.7737057	-1.0222193	-1.9821575	-1.4300622	-1.5547975	-1.593964	-0.85333073
-0.99225855	-1.4210917	-0.5193919	-1.084149	-2.117606	-1.752332	-1.730285	-1.4319644	-1.8383132	-0.73632115
-1.4042633	-1.6142744	-0.7442008	-1.3237727	-0.89147186	-2.0815804	-2.0882187	-1.2831749	-1.4150921	-0.73437977
-1.2260262	-1.6170827	-0.81563985	-1.2447379	-0.5893419	-1.6134732	-1.8965706	-0.8913597	-1.2463242	-0.4255456
-0.8714213	-1.0047771	-0.6815232	-0.8855566	-1.2061182	-0.63233095	0.5023242	-0.9148154	-0.028315373	-1.2328677
-0.33123955	-0.9322926	0.26634398	-0.42548442	-1.9191518	-0.19182678	-1.1667969	0.01766121	-1.0216615	-1.3855073
-2.2907367	-2.2151434	-1.5492684	-2.196337	-1.8008901	-2.4289825	-2.5264552	-0.81332153	-2.496015	-3.6949067
-1.3115393	-1.6599739	-0.862159	-1.3592224	-1.9632914	-1.708712	-1.770647	-2.1517916	-1.9173319	-3.3478658
-0.49025068	-0.55477464	-0.42069325	-0.62916595	-0.14179924	-0.29040083	-1.3891015	0.055133525	-0.28665927	-0.5066797
0.8673754	1.0871655	1.122627	0.57235825	-1.5689481	0.8454108	1.0397037	1.2666891	0.7876726	-0.8172741
-2.4452767	-2.3838925	-1.5896281	-2.351973	-1.8348154	-2.7226355	-2.189359	-1.4401793	-3.0241945	-1.5275847
-0.5807312	-1.0067768	-0.13039649	-0.6383603	-2.222517	-0.30118752	-0.82064986	-0.45173073	-0.73610646	-2.8850157
-0.58145744	-0.31256065	-0.51425934	-0.57134664	0.28488895	-1.1502376	-1.7310598	-1.8629044	-1.6879456	-0.24218048
-2.1082103	-2.1252673	-1.493465	-2.0069258	-1.729988	-1.6438648	-0.9047922	-0.83322823	-1.1835923	-1.524187
-2.7276645	-2.5493135	-1.7895811	-2.6583161	-1.7574726	-3.137849	-3.4151385	-1.9333498	-3.1038482	-1.6230028
-2.0901911	-1.8062187	-1.3024027	-2.0144331	-0.24620765	-1.5296786	-1.0927049	-1.2384615	-1.3839803	-0.52497244
-1.8200316	-1.7819457	-1.2179866	-1.7568452	-1.0187429	-2.5621965	-1.7665979	-0.7555323	-2.5417938	-1.3931257
-0.8098265	-1.1851143	-0.38522366	-0.93152165	-1.4873772	-0.5797375	-1.0007405	0.19875611	-0.9660086	-1.0632716
-2.0816455	-1.9085453	-1.460494	-1.9903309	-0.29775146	-2.4031155	-2.6773784	-1.7210803	-2.8819368	-0.10455067
-1.8470422	-1.8655832	-1.1455768	-1.8079197	-0.80015075	-3.1018178	-1.9200433	-1.8041083	-2.4192312	-1.5210574
-1.7462806	-1.8511372	-1.0734931	-1.7024653	-0.16277382	-1.8833227	-2.455615	-1.3797584	-2.8540475	-2.6415503
-0.68386436	-1.2157431	-0.38758525	-0.72173643	-0.6476552	-0.8097112	-2.3792367	-0.14267167	-1.2227092	-1.6180378
-1.6283604	-1.643446	-1.0803967	-1.5268408	-0.1212531	-2.3950377	-2.1425576	-1.4486723	-1.9740841	0.88696206
0.34007388	-0.3235692	0.537446	0.099999204	-2.321306	0.5397067	-0.40993258	1.0382715	0.38933474	-1.9829468
-0.8595432	-0.87083006	-0.47720662	-0.88911414	-0.8943652	-0.1119048	-0.6204409	0.11478574	-0.6823909	0.20098153
0.4406235	-0.5458621	1.0790691	0.2283373	-1.9013567	2.1592126	0.61819816	2.1712475	1.5983882	-1.1673267
-0.4183867	-0.7020004	0.032444343	-0.49307674	-0.66685903	-0.6381469	-0.56350154	-0.29217988	-0.21947674	-0.16909339
-2.1641858	-1.710547	-1.417682	-2.0647967	0.94849	-2.215149	-1.303585	-1.0023688	-1.7214327	1.6882384
-1.7048184	-1.8405855	-1.1264521	-1.7346925	-1.8745087	-2.0428467	-1.2562099	-1.2778457	-1.3811797	-1.0543147
-1.9887631	-2.157949	-1.2955402	-1.8998512	-1.7804804	-2.041686	-1.9771878	-1.7555883	-2.5818582	-2.6059132
0.314305	-0.72550374	0.8105053	0.12684225	-2.2773285	0.30262396	-0.71975076	0.86098176	0.23742741	-2.4344652
-1.7635611	-1.9372587	-1.0817308	-1.6334372	-1.934526	-2.4957101	-2.0927796	-1.3918588	-2.2556376	-1.6375074
-2.5323582	-2.3634157	-1.5691963	-2.5031357	-1.7179033	-2.4209876	-2.3289552	-0.96610594	-1.5417938	-1.3484384
-2.094621	-2.3308413	-1.3208196	-2.0408905	-1.3386908	-1.4406047	-0.8647175	-0.46515694	-0.84449315	-1.2638977
0.3053156	0.27925077	0.6095326	0.15026094	0.70119584	0.62148964	0.8460477	1.1599706	0.38099343	0.9545091
-2.1528118	-2.1129744	-1.3660687	-2.1166313	-1.6622832	-2.3975549	-2.2094054	-1.2782412	-2.4881265	-1.5811639
0.4419361	0.5153271	0.4366659	0.26627326	1.2853786	-0.5424728	0.01571897	0.085644156	-0.43825752	0.9455709
-2.3164408	-2.1259515	-1.4630333	-2.2441938	-0.88642025	-1.8717556	-2.546336	-1.3580517	-2.531526	-0.525924
1.306896	0.6564839	1.5573791	1.0612595	-1.318125	0.8230334	0.57220876	1.3900955	0.76000756	-1.3154801
-1.3393923	-1.6344339	-0.8358884	-1.281591	-1.8877362	-1.1840825	-1.8358923	-1.0943204	-0.8039248	-1.3171655
-0.44292027	-0.87183785	-0.043611974	-0.61944276	-2.2735364	-0.92351055	-1.5095829	-0.14466524	-1.4958193	-2.3366318
-0.5035734	-0.26403037	-0.3890309	-0.7152294	-1.3844347	-0.6662574	-0.8132953	-0.4957017	-0.6035593	-1.2856157
-1.6156155	-1.6914089	-1.069451	-1.508893	-0.4836083	-1.5805831	-0.90891635	-0.22367929	-2.3712156	-1.0445205
-2.039087	-1.820785	-1.5291169	-1.8754523	-0.18718913	-1.9808724	-2.0191886	-0.41960293	-1.8538928	0.4021013
-1.7498745	-1.7979567	-1.0854099	-1.5619924	1.0936673	-2.4669585	-2.6859941	-1.4438969	-2.1250076	1.6495819
-1.9662275	-2.0046391	-1.3017224	-1.8773282	-0.5296702	-1.8205642	-1.9698678	-1.8292958	-1.4415367	-0.5523152
-1.7114476	-1.977026	-1.0895749	-1.693706	-1.5112079	-1.7254747	-1.9719648	-0.6946537	-1.4364746	-1.4265645
-2.0415752	-2.1138217	-1.4239385	-1.9739925	-1.7048869	-1.7471887	-1.7500713	-1.4068949	-1.6827161	-1.1552194
-2.0160239	-1.725696	-1.5015898	-1.9354372	-1.5479039	-1.899359	-1.9789677	-0.94829345	-1.5240774	-1.8873084
-1.13718	-1.2932682	-0.7608259	-1.139705	-0.62506247	-0.2029726	-1.1573955	0.06644969	-0.8794854	-0.51282233
-1.0447842	-1.1483129	-0.7269094	-1.1344591	-1.2348028	-2.2163243	-2.1959534	-1.2539998	-2.1615515	-1.3403193
-1.4645782	-1.5906982	-0.892745	-1.4680535	-1.3686998	-0.68269205	-1.7662874	-0.9549041	-0.8553299	-1.2983087
-2.2236958	-1.9083979	-1.3538516	-2.0077116	2.0060701	-2.5291839	-1.5840534	-1.5545937	-3.5102885	1.4172287
-1.8163718	-1.9476113	-1.1944215	-1.7095472	-1.3756258	-2.000351	-2.0853913	-1.3609862	-0.72158056	-1.5200206
-1.3042963	-1.5635449	-0.70606816	-1.3224744	0.05045858	-1.5148679	-1.4818183	-1.1795536	-1.7246422	1.483484
-0.035841547	0.09968421	0.25774285	-0.18744777	0.22623435	1.1264327	-0.6008846	0.9528689	0.88995427	-0.48309192
-0.4784307	-0.56589496	-0.19418827	-0.4677562	-0.029266864	-0.18929967	-0.25759512	0.072459355	-0.27616215	0.65965104
-1.687155	-1.8544778	-1.1263381	-1.6382751	-1.8297607	-1.244696	-1.2475538	-1.1541082	-1.6957307	-1.8767078
-1.96675	-2.0120044	-1.2882199	-1.8640167	0.058820397	-1.6862911	-1.9228123	-1.9221411	-1.7350589	-0.679797
-0.04297111	0.20905304	0.49024865	-0.110061124	-0.47954804	-0.27540362	0.4117592	-0.34754223	-0.51402813	0.31964257
-1.6368072	-1.8672651	-1.0228627	-1.5732079	-1.9710997	-0.98650146	-1.281554	-0.66395664	-1.1917189	-1.7527862
0.3868925	-0.06267673	0.81380105	0.15247776	-2.192827	0.67193645	0.85359514	0.8071897	0.18408114	-1.5808798
-0.8153762	-1.0561978	-0.38298634	-0.7371368	-0.26613098	-0.7931496	-1.1028806	-0.47665748	-1.0935397	-0.60407764
-1.4663584	-1.7534468	-0.9684664	-1.4532686	-1.7156466	-1.0586814	-1.7270868	-1.4586006	-0.6270555	-1.7395316
-0.13415065	-0.38119024	0.11450851	-0.16465451	-0.96449506	0.5569896	0.38445613	0.53753877	0.4895771	0.5212727
-2.0493324	-2.2529116	-1.4368584	-1.9975401	-1.0605501	-3.1006196	-2.819587	-3.2842185	-3.804549	-0.554177
0.51176363	-0.31104967	0.45636997	0.24510078	-0.49147433	-1.6483891	-1.8529099	-1.651404	-1.1203301	-0.9981795
0.3053994	-0.8320837	0.7465905	0.12902074	-2.305294	1.1129036	-0.31065127	0.78708214	0.6891845	-2.7044156
-2.5635803	-2.324584	-1.6051826	-2.4469504	-1.149687	-3.1987085	-3.0593758	-2.3506377	-1.2322285	-0.93128663
-1.6455377	-1.8833127	-1.020475	-1.6402798	-2.084128	-2.1633816	-2.7178752	-1.7091315	-2.3458178	-2.1868854
-1.5318745	-1.6236006	-0.97301173	-1.5014875	-0.4827215	-0.9379132	-1.5998999	-0.26725337	-1.7092942	-0.51051915
-1.9492967	-2.009937	-1.361644	-1.8541763	-1.6137816	-2.368617	-2.4664905	-1.956734	-1.4221995	-1.6760758
-1.1102479	-1.2678357	-0.6437448	-1.0239524	0.61483264	-1.90031	-1.1450231	-0.90972286	-1.2462218	-0.19767182
-0.4495494	-0.45433226	-0.24939522	-0.5143573	-0.94327915	-2.0497932	-1.7574489	-1.3806701	-1.6559583	1.0201149
0.47598913	1.9642344	0.8620701	0.27683395	0.81788313	-1.136851	1.8266908	-0.44255945	-0.44812438	-1.0557172
0.69891924	0.20955607	0.9426923	0.62649107	-0.022976756	0.9288771	0.19805841	1.1919283	0.41683042	0.39454105
0.9345607	0.10035154	1.0303092	0.7009543	-2.1223545	1.0212762	-0.033897236	1.2013695	1.0468915	-2.9729478
0.024745964	-0.48664066	0.49920788	-0.067113474	-0.8481962	-0.25206155	-1.1283736	-0.22447987	-1.6663376	-1.0339005
-1.3963065	-1.5008965	-0.973328	-1.3306239	-0.65412974	-0.27671224	0.009105016	-0.9084589	-0.38732544	0.06759741
-2.3617854	-2.2973623	-1.5404164	-2.2566245	-1.9319324	-2.512393	-2.3028092	-1.0616565	-1.9737526	-2.4746685
0.85515183	-0.39616072	0.8136989	0.79288596	-0.9868032	-1.4287544	-2.545383	-1.1478779	-1.023852	-1.7246692
-1.955461	-1.8243638	-1.2649939	-1.9771248	-0.5666586	-2.640533	-2.1690261	-1.0699692	-2.2198658	-0.37429434
-2.4730978	-2.230625	-1.6269393	-2.4074433	-1.0011308	-2.321942	-3.357614	-1.5121733	-2.6937382	-0.9525792
0.0028068647	0.15031451	0.4964241	-0.03828667	-0.5162882	0.1795727	0.5314069	1.0568928	0.6622958	-0.9604754
0.70534766	0.83018625	0.9908631	0.39510083	-1.1939222	0.7680385	0.38493294	1.2325231	0.6335846	-1.0389255
0.19696316	-0.047408283	0.6691577	0.064589664	-1.0151227	-1.2390872	-1.8695774	-0.7080997	-1.6210673	-1.2291105
-0.8280831	-1.351895	-0.5825554	-0.8772944	-1.9587641	-1.5828712	-2.2625427	-1.7285665	-1.7108462	-2.1292546
-1.6722893	-1.8576835	-1.1390975	-1.5753615	-1.2682077	-1.5994723	-1.7027617	-1.0140988	-1.4914945	-1.9862536
-0.8534796	-1.424359	-0.29473355	-0.879236	-1.5280677	-0.4547019	-1.6000603	-0.17305209	-0.695264	-1.2163063
-1.8248366	-2.0716856	-1.1213982	-1.8572285	-2.042953	-2.3708448	-1.9199524	-0.753453	-1.1915866	-1.5112134
-1.5088573	-1.8720583	-1.0201181	-1.4399208	-0.8873832	-1.9986724	-2.7739294	-1.4937195	-2.0785923	-1.2013245
-2.4948742	-2.1531568	-1.6535691	-2.4024253	-1.1370076	-2.725322	-2.5149522	-1.9269729	-2.4449964	-1.2886951
-1.9951451	-1.9042652	-1.3739083	-1.9110837	-0.8123336	-2.301106	-2.7143755	-1.2751701	-2.5375123	-1.1962099
-1.1719283	-1.2376845	-0.76785135	-1.2398047	-1.5463544	-1.4169195	-1.0250477	0.03188712	-2.7401934	-1.3699702
-1.986538	-2.1979687	-1.2691214	-1.8329939	-2.5793943	-0.3555249	-2.8129478	-1.015953	-0.08259228	-2.4740975
-1.0514754	-1.4812592	-0.68356085	-1.0160726	-0.85974133	-1.8137879	-2.277139	0.15526995	-1.585125	-0.55509585
0.31731403	0.06249532	0.7535356	0.1952139	-0.124901325	0.6027102	0.83997774	1.2415782	0.4033404	0.0900108
-0.12236748	0.64458394	-0.22346845	-0.2757681	-0.029237092	-0.8521505	-0.8413013	-0.6272379	-0.63268703	-1.1723138
-2.0189345	-2.0387833	-1.4138306	-1.9613962	-1.2563782	-3.1001244	-2.6135077	-1.6172942	-3.4778864	-1.6400228
-1.0285804	-1.3310138	-0.41323218	-0.9008878	-1.0191523	-1.3266256	-1.8312474	-0.8577981	-1.7048296	-0.990275
-2.3388267	-2.3596776	-1.6769917	-2.1998014	-1.6571567	-1.9264835	-2.304916	-0.44701043	-1.3573693	-0.790712
2.3811777	2.249819	2.4485352	1.9536638	-1.0482323	2.5422835	2.9346015	2.1466012	1.5779742	-0.078171596
-1.0663302	-1.579248	-0.6575898	-0.99541575	-1.2599407	1.0707943	-0.19019812	1.1818985	0.9086832	0.37298104
-1.9106443	-1.2547584	-1.3150151	-1.9335638	0.48705158	-0.8459396	3.103116	-1.2271026	-0.93006635	2.1563132
-1.8376588	-1.989197	-1.2805687	-1.7759572	-1.4758881	-1.9465742	-2.529538	-2.3302372	-2.310886	-1.2673731
-0.4213162	-0.8154218	0.16003719	-0.46786565	-0.28778017	0.035172887	0.4704521	0.6417907	-0.09284346	0.89398324
-0.08584136	-0.75778186	0.45119262	-0.27637738	-2.3955064	0.51990575	0.06685093	1.2957497	0.2654218	-1.9676211
0.54364777	-0.32781684	0.98951435	0.30928314	-2.4996173	0.52762157	-0.5724406	1.5514531	1.1045874	-3.4075675
-1.527908	-1.3831289	-1.0399463	-1.5322526	-1.3615844	-1.6840538	-1.2546365	-0.535999	-1.7821229	-2.3192255
-1.5122684	-1.647972	-0.862241	-1.5409994	-1.4898456	-0.4662796	-0.8107301	-0.12700307	-0.72465706	-0.98878086
-0.89617497	-1.2724483	-0.45348266	-1.0270903	-1.8728688	-0.8637285	-2.0063496	-0.53444606	-1.7728614	-1.4317846
-2.3639169	-1.8215401	-1.6960653	-2.2876062	-1.2910459	-2.7955673	-2.8010414	-0.56548005	-2.7181225	-1.2237529
-1.6552823	-1.6957867	-0.9508035	-1.5589525	-0.79615194	-1.563835	-1.637844	-0.40908363	-1.7923583	-0.8627398
-0.40348974	-1.1739888	0.08383483	-0.5088798	-1.4955306	0.3384006	-1.9803066	0.9618581	-0.16710617	-0.75281554
-0.38102505	-0.82841253	-0.0491077	-0.5458315	-1.4205213	-1.0619769	-0.63422096	-0.97322583	-1.4439418	-1.4093935
-1.5336022	-1.6267891	-1.053911	-1.4783777	-0.54757535	-2.3312414	-2.491707	-2.0826745	-2.758355	-1.3869079
-0.9504152	-0.9681891	-0.47189656	-0.94738823	-0.2735496	-1.4419982	-1.4543247	-0.8583182	-1.3777573	-0.08123082
0.14413139	-0.24345581	0.5600003	-0.024397403	-0.85512143	0.17766728	-0.33784992	0.57698995	0.13151443	-0.96065825
-2.2941566	-2.2459934	-1.4970295	-2.209479	-0.16617605	-2.591209	-1.5055037	-0.836451	-3.134424	-0.30657685
-1.7954437	-1.5271971	-1.2640139	-1.7449411	0.0075289905	-2.0049372	-1.9048315	-0.41387123	-1.5113347	-0.9130846
-2.0459182	-1.6243919	-1.5135335	-1.9663143	-1.6167868	-2.3922024	-1.7839601	-1.5492316	-2.5704966	-2.8821247
-1.4528071	-2.084769	-0.9645741	-1.4430602	-2.3497558	-2.257893	-3.0163877	-1.8660029	-2.1169307	-2.8121307
-1.6543826	-1.966738	-1.3672843	-1.5025312	-0.6634588	-2.0379117	-3.1860118	-1.6077043	-0.9132449	0.66425806
-0.21430534	0.36569765	0.076249346	-0.4006471	-0.69503474	-0.7266754	-0.50433075	-0.97144055	-1.0117176	-0.9856691
1.1509914	0.7181252	1.5068059	0.90250933	-0.88419867	0.5951033	0.4685092	0.2707626	1.025736	-0.4659913
-1.9039243	-1.7782655	-1.3083053	-1.769695	-0.118876636	-2.1055126	-2.771979	-2.0942364	-2.8523805	-0.13574715
-2.3925385	-2.4549325	-1.751443	-2.2611582	-1.8466511	-2.5641026	-2.964776	-1.8179474	-2.9344165	-1.7372683
0.16825083	-0.24045427	0.6582067	-0.052827597	-2.1765065	0.45747524	-0.47015524	1.0546514	0.25273523	-2.0947428
-2.386546	-2.54412	-1.5838412	-2.3562655	-3.0777216	-2.4762232	-2.235978	-1.7755686	-2.141502	-2.491279
-0.54993284	-1.094563	-0.1637952	-0.58427376	-0.7275293	-0.544706	-1.770055	0.21189572	-0.36840096	-1.3844289
-2.0377736	-1.886616	-1.2354181	-1.9422603	-0.9495071	-1.8385689	-2.4523652	-1.2986013	-1.7837496	-0.67186904
0.22788084	-0.60787565	0.58667296	0.026742563	-2.1231093	0.6911871	-0.74218875	0.878063	0.17938787	-2.0838568
-0.24274218	-0.7280774	0.27165654	-0.3763631	-1.2585	-0.5063022	-1.1894752	-0.557961	-0.71826136	-1.1111145
-1.6572849	-1.4924421	-1.1400439	-1.540146	0.34405026	-2.0559316	-1.8591144	-1.0390245	-1.9611344	0.2618869
-0.3731482	0.04220864	-0.04490879	-0.45742482	-0.46135297	-0.49972135	0.032063507	0.18873683	-0.034516122	-0.026706284
-0.20795384	-0.46409264	0.14581111	-0.31826228	-0.94490147	-0.52601427	0.33938456	-0.3638085	0.36509675	-0.7257434
0.40974465	1.6718374	0.4608512	0.15462352	0.12381777	0.9454907	3.8884792	0.9139706	0.85172176	1.7122643
-1.56613	-1.6923066	-0.9117203	-1.5769163	-1.1079746	-2.4069839	-2.1974323	-1.1324462	-2.6444495	-1.3777238
1.5393056	2.0615087	1.7319679	1.2217357	0.43634894	0.85206264	2.0181556	1.4673451	0.65340734	0.08422064
-1.2050496	-1.1990565	-0.768669	-1.1279031	-0.8867047	-1.1123883	-1.1854097	-0.6534588	-1.264904	0.033232473
-1.0969188	-1.5112939	-0.5987754	-1.0655409	-1.139853	-0.9596398	-1.2046585	-0.7106516	-1.2219495	0.7013371
-0.8848644	-1.1266752	-0.4625927	-1.0769949	-2.5708556	0.093835235	-1.4060531	0.7357716	-0.01370126	-2.9405227
-1.1136466	0.7255355	-0.73874724	-1.2317324	2.0348017	-1.0777116	0.711796	-0.20483845	-1.3542572	0.7164838
-0.19066286	-0.66371584	0.09934233	-0.31751043	-1.341128	-0.43634054	-0.70854884	-0.4370561	-0.9041549	-0.5077979
-0.86208683	-1.2721727	-0.37799308	-0.88782734	-1.1797699	-0.9031153	-1.4145068	-0.60305274	-0.41196638	-0.045549978
-0.6165202	1.1663465	-0.14839885	-0.8772372	-0.37720096	-0.18426739	1.6551005	0.47382066	-0.4134791	0.104886696
-1.351832	-1.5983485	-0.81724346	-1.3761511	-1.0535903	-1.6278433	-2.0812562	-0.9370509	-1.9159619	-0.7565481
0.571048	-0.33146802	0.9223579	0.35431403	-1.9094265	0.49061587	-0.66386783	0.9138084	0.24691187	-2.1706963
-1.0558375	-1.3004544	-0.63857603	-1.0163907	-0.83987075	-2.2945642	-1.7469064	-2.168337	-2.2404966	-1.7639161
0.66994137	-0.20108245	0.9950768	0.5005855	-1.1305615	0.21006083	-1.0355527	0.93030673	-0.3486034	-1.8043432
-1.8004864	-1.7592019	-1.1543685	-1.7321236	-0.8291811	-1.5371331	-2.1583142	-0.37341818	-1.5729158	0.092282206
-0.9523352	-0.86571705	-0.6487137	-0.92829335	-0.45587608	-0.80488837	-0.88155234	-0.5865591	-0.7906397	-1.0238204
1.7813948	0.9934232	2.3023896	1.5005997	-0.7802832	1.6676517	0.96465224	2.2431054	1.4185156	-0.25924316
-2.2066638	-2.0985363	-1.6507045	-2.0784476	-1.0542555	-2.258166	-2.151854	-2.0989156	-2.4543276	-0.5239042
-0.88143533	-1.2102144	-0.5092187	-0.8927638	-0.1377536	-0.9622331	-0.9566506	-0.66914546	-1.5068464	0.083641514
-2.1085544	-2.2917979	-1.4229263	-2.0029728	-1.9300115	-2.5561922	-2.719522	-0.7463114	-1.6229244	-1.6704129
-1.124016	-1.524862	-0.6779051	-1.0887794	-0.18750903	-0.85227644	-1.8659326	-0.024521792	-0.6460541	-1.1454823
-0.5694131	-1.1193192	-0.12746093	-0.6839531	-2.6129122	-0.8411483	-1.1813595	-0.49968684	-0.8363884	-2.5180063
-1.917625	-2.0118084	-1.224444	-1.8192285	-0.6767272	-1.6016436	-1.9187433	-1.4513135	-1.3052298	-1.1691823
-1.3682275	-1.5402384	-0.83583486	-1.2839682	-0.40336177	-1.7662141	-1.6745406	-1.0766923	-1.6967803	0.16905925
-0.79470855	-1.7940466	-0.36485937	-0.7602609	-2.2542982	-1.5496213	-2.5431108	-0.8064198	-1.9781129	-2.4122653
-0.9499966	-1.2915324	-0.42884144	-0.92647916	0.043961227	-1.5914376	-1.9960759	-1.0980715	-1.7679428	1.3116277
-1.9238495	-2.056465	-1.2643876	-1.7371433	-1.2543702	-1.0558136	-2.051405	-0.3645275	-1.8032206	0.09829498
-0.24941015	-0.75132203	0.45622608	-0.30905563	-0.13742557	-0.16528395	-1.2737601	-0.05020064	0.4538352	-1.30628
-0.2136786	0.560884	0.40255928	-0.41234738	-1.2361494	-0.78340256	0.6745632	-0.17489958	-0.8314955	-1.0879581
-2.2233977	-2.1524966	-1.4913119	-2.1616573	-2.070209	-3.08625	-3.2620075	-2.316855	-3.11539	-2.2859993
-1.8530303	-1.8090789	-1.2227671	-1.7945148	-0.6647047	-2.1763787	-2.2926524	-1.7787015	-1.8353173	-1.7728537
-2.4950826	-2.128571	-1.5317025	-2.353105	-0.42514032	-3.1051297	-2.4724057	-1.6531212	-3.2627664	-1.6912336
-1.0871568	-1.0083011	-0.69685507	-1.0957984	-0.3631764	-1.8762519	-1.9448253	-1.5891672	-1.285838	-1.9967092
-1.6716462	-1.6397228	-1.0675118	-1.5575628	1.0537817	-1.5377592	-0.73298424	-0.47023323	-0.7792932	3.6400793
-1.9883227	-1.709123	-1.5707399	-1.9846098	-1.6935658	-1.4785564	-1.5346645	-0.76645863	-1.9596622	-1.338813
-1.7931253	-1.8517725	-1.2869473	-1.7205819	-1.1431395	-2.0752218	-2.2568216	-1.4592793	-2.014382	-1.6387776
0.2733318	0.22883436	0.84749055	0.019523963	-1.8000311	-0.9828269	-1.3961802	-0.91766536	-1.0227616	-1.522352
0.5458384	-1.0434221	0.5923054	0.5293477	-1.8535925	2.4432282	-0.09290102	2.4765334	2.5529513	-0.8381491
-1.8655268	-1.785314	-1.2720332	-1.754346	-0.21710905	-1.868114	-1.6033792	-0.9577729	-1.299677	-0.043534163
-2.3820186	-2.0519912	-1.6567056	-2.2855642	-0.983518	-1.8005141	-2.3618348	-1.62378	-2.160565	-0.58700705
-1.9038267	-1.9352236	-1.2356799	-1.852712	-1.2384868	-2.0185688	-2.6339653	-1.5043192	-2.6519322	-0.4829879
-0.56160235	-0.65935713	-0.47207156	-0.5799435	-1.4119415	-1.1365932	-1.6641209	-1.0027304	-0.906578	-1.4913794
0.7535542	1.3490461	1.009744	0.44905263	-0.29116592	2.2012365	0.79363185	1.9655771	1.8202715	0.14048474
-1.781012	-1.8798047	-1.1961263	-1.7184043	-0.8949027	-1.3807427	-1.7171406	-0.91831046	-1.9265859	-1.0221237
-2.1179242	-2.1945493	-1.3418725	-2.0742366	-0.73148113	-2.1731355	-1.5631806	-1.1364827	-1.7487186	-1.3945148
-0.7183199	-1.0800291	-0.36496314	-0.81479454	-1.7511685	-1.4777921	-1.2330312	-0.5388786	-0.8885911	-1.5778767
-2.638481	-2.3990905	-1.6041586	-2.4812782	-1.3550122	-2.454812	-2.3693397	-1.3062836	-2.6151934	-1.2917788
-0.49808887	-0.9596664	-0.07756251	-0.64947766	-1.874202	-1.2601103	-1.5656457	-0.8073285	-1.7252686	-2.5815969
-2.2095969	-2.1643012	-1.5020051	-2.1533935	-2.040144	-2.382308	-2.9297059	-3.0924592	-3.1549804	-2.5071533
-2.1587336	-2.105071	-1.4210933	-2.0235775	-0.23119035	-2.2007277	-2.473811	-1.5615273	-2.662994	-1.6690516
-1.8651434	-2.1060731	-1.4237158	-1.7403536	-1.986296	-2.1626196	-1.9927913	-1.2639737	-2.1872635	-1.7461241
-1.1874988	-0.93810356	-1.038227	-1.224069	-1.1629323	-0.37989944	-0.3703197	-0.487974	-0.47315633	-0.40728942
0.3568054	-0.17961743	0.5880151	0.20132183	-1.1849866	0.5067115	0.02219145	0.7121275	0.67552125	-1.21646
-1.7773639	-1.6497952	-1.2179128	-1.7280769	-0.5708472	-1.8095664	-1.2388986	-1.2991823	-1.9522462	-0.391786
-2.220643	-2.2085624	-1.3991394	-2.0569088	-0.30448467	-2.2970123	-2.3704262	-1.9407356	-1.9005133	-0.06642351
-1.2232708	-1.6301804	-0.82505476	-1.1659701	-0.037142515	-1.5349474	-2.0104375	0.26850724	-0.85722655	1.0491066
-1.1324182	-1.2921742	-0.86240876	-1.0032558	-0.1895546	-1.5952681	-1.8532541	-1.1788737	-2.2150846	-1.2408637
-2.295752	-2.0957859	-1.4130775	-2.1435528	-0.47803953	-2.8062637	-2.3679888	-1.3621069	-2.7167437	-0.75045484
0.029448174	-0.5585654	0.51670504	-0.062183395	-1.2638025	-0.1084707	-1.095051	0.26544595	-0.21506518	-2.7482893
-2.212105	-2.0954194	-1.4513073	-2.132418	-0.77696514	-2.3200998	-2.8156528	-1.8046882	-4.475409	-1.223172
0.25286043	0.33781776	0.7305628	0.057845935	-1.5355595	0.55264384	0.25437632	1.1165425	-1.5054572	-1.0257807
-1.737131	-1.6655672	-1.2031878	-1.686596	0.6551715	-2.2469423	-1.8263624	-1.8992726	-1.5748227	0.8804271
-2.4651136	-2.3046832	-1.5941976	-2.4460993	-2.0861058	-2.6242807	-1.9632185	-2.3066738	-3.0019143	-2.4719849
0.1383242	-0.010513842	0.44829613	-0.11059922	-2.0970943	0.570325	0.77821887	0.9704504	0.2661549	-0.56188333
1.336287	-0.30884328	1.6375806	1.1557171	-1.0866175	-0.17881787	-0.53595674	0.87626547	-0.49510753	0.38423204
-2.0418336	-2.1269298	-1.354267	-1.9550858	-1.0386363	-2.335507	-2.192296	-1.1077654	-2.2874894	-0.9097409
-2.0550094	-1.8568985	-1.3136748	-1.9478393	-0.100655705	-1.8283516	-2.3468182	-1.2589792	-2.6994262	1.5048944
-1.9609379	-1.9742378	-1.3517547	-1.866655	-1.5313336	-2.0415752	-2.0541785	-1.7390859	-2.1420188	-0.7028571
0.69037443	2.6703794	0.19679657	0.42404222	1.4787222	1.6758634	3.5500937	0.26228252	0.9787573	1.3345517
-1.7482191	-1.8190752	-1.181889	-1.7161152	-1.5982491	-1.4772334	-1.9494126	-1.5640125	-1.8959227	-1.6130617
-1.9175761	-1.8450454	-1.1682864	-1.8707352	-0.44737718	-2.262583	-2.5487146	-1.2710837	-2.8039248	-0.8589991
-1.6557219	-1.7442578	-1.1580956	-1.6047735	-1.6695803	-2.3964367	-2.1597779	-0.9466588	-1.293512	-1.2067015
-2.4847662	-2.3353143	-1.6419364	-2.3983788	-1.6176451	-0.98987067	0.21385367	-1.0120747	-1.3100195	-1.0561897
-0.53881085	-0.8756807	-0.2680693	-0.680189	-1.5466542	-1.1320056	-1.2477723	-0.45134065	-1.0965095	-1.2037792
-2.159789	-2.1303465	-1.410797	-2.1065166	-1.610974	-2.386122	-2.062545	-1.2493699	-2.464872	-1.0806853
-2.067155	-2.1962888	-1.3483957	-2.025915	-1.5634612	-2.2325087	-2.1847982	-1.2393929	-2.278581	-2.2485683
-2.0372488	-1.744083	-1.3842783	-1.9426657	-0.63268435	-2.1752684	-0.6595542	-1.1319956	-2.2416837	0.20930234
-1.3120469	-1.3593181	-0.8012506	-1.2916402	-0.023465544	-1.9204752	-1.740489	-1.1939734	-1.9142665	0.60042983
-2.1245232	-1.9979013	-1.3212765	-1.9784049	0.6577207	-2.4285502	-2.3632739	-2.0645201	-2.5499341	0.49118367
-1.656484	-1.810215	-1.1102469	-1.6999643	-2.2652116	-1.1915921	-1.3755728	-0.44206375	-2.1074774	-2.46206
0.17448616	-0.19340628	0.730373	-0.0031932592	-1.3189437	0.20811012	-0.27425605	0.8712202	0.2185749	-1.1548609
-2.028078	-2.1133513	-1.3772194	-1.97557	-0.15723482	-1.9732921	-0.5949007	-1.547161	-0.52980846	0.43827024
-0.27309015	-1.0698003	0.23000747	-0.39064556	-2.3460732	-0.53583723	-1.3960944	-0.4568624	-0.35396904	-2.1962864
-0.7384836	-0.99756384	-0.32549807	-0.73055017	0.010239035	-1.0564822	-1.7495244	-1.0283506	-1.4921848	0.055085305
-1.9878054	-2.2715976	-1.317623	-1.9483498	-1.9276581	-2.868608	-2.3021464	-0.9920141	-0.74560165	-1.3223877
-0.8389562	-0.8491645	-0.48616573	-0.8950981	-1.1911923	-1.6832141	-1.3856751	-1.3677951	-0.8100195	-1.3642203
-0.9067166	-1.2696044	-0.4584284	-0.91641384	-1.0960599	-1.2320116	-1.2725198	-0.13327841	-0.028551377	-0.7312365
-0.6783765	-0.9345598	-0.17871454	-0.6819538	-0.24845919	-0.47393233	-1.4977036	-0.25392836	-0.78394556	-0.09936867
1.6837918	1.1231291	1.6594957	1.3551166	0.61535156	1.2260804	2.6089272	1.3465803	0.18516937	-1.4712143
-2.2382908	-1.8106196	-1.4934351	-2.2121346	-0.61771345	-2.7227998	-2.0650887	-2.0292726	-2.9228587	-0.47889304
-0.40171248	-0.1765433	-0.041460395	-0.51910543	0.030630141	-0.013096922	0.0032441064	0.44861087	-0.33325914	-0.8788645
-0.82996225	-0.9860476	-0.39503762	-0.83686084	-1.18642	-1.0651985	-2.245578	-0.3242297	-0.09205091	-2.526212
-2.247759	-2.084963	-1.5462778	-2.220991	-1.0173439	-3.0785568	-2.514773	-1.0823878	-2.8828309	-0.9603756
0.98425895	0.8009087	1.5297989	0.69274336	-1.2006484	1.1763453	0.96185476	1.5743263	0.6944847	-1.043288
-1.693819	-2.1211824	-1.1605622	-1.6045961	-1.8446409	-2.1021416	-2.072329	-0.869904	-2.6848392	-1.3458284
-1.9285202	-1.8550107	-1.2691988	-1.8658396	-1.4864854	-2.2366672	-2.1845455	-1.330426	-2.7039428	-1.2711848
-2.0272093	-2.1303186	-1.3523881	-1.960989	-1.3991328	-2.5936549	-2.1902542	-1.6057185	-3.060973	-1.9454569
-0.7293351	-0.6618209	-0.19247282	-0.738036	0.45923814	-0.42091408	-0.5282078	0.028591678	-0.9329416	1.6369674
-2.0977058	-1.9624461	-1.487228	-1.9894282	-0.45013484	-2.0248823	-2.3579888	-1.973322	-2.5726357	1.3701026
1.9581102	1.8870661	1.5638257	1.5632728	-1.7696279	2.4065366	1.9836159	2.4978817	0.74376655	-0.7237025
0.106380545	0.1675151	0.4475439	-0.029911622	-1.2911627	1.4463603	1.7526169	1.5884439	1.0482479	-0.9177826
-2.3770216	-2.0652525	-1.623832	-2.3295088	-1.4586968	-2.502285	-2.121205	-2.161862	-2.8164928	-2.1202223
-1.7534454	-1.6052424	-1.195708	-1.7757636	-1.6574326	-1.6753293	-2.1776075	-0.0023991477	-1.4221995	-1.7586414
0.8176974	0.3505645	1.169845	0.5570919	-1.7906806	0.49027824	-0.27767122	1.0015166	0.3568999	-1.8911006
-1.1577538	-1.5696064	-0.7043264	-1.1131606	-1.1325941	-1.6958015	-2.2982082	-1.2163198	-2.0752265	-3.3368797
-2.0086243	-1.7386081	-1.2592783	-1.8148812	-0.9972193	-2.4386685	-2.0777009	-1.5483702	-1.97354	-0.85993034
-2.100963	-2.0558066	-1.3368496	-2.0064688	-0.71458614	-2.0654025	-1.8644285	-1.4186091	-2.4677122	-1.4476917
-2.5093584	-2.4076867	-1.5775617	-2.4467468	-1.1928633	-2.047348	-2.1436982	-1.6076796	-2.413245	-0.44908234
-1.6456763	-1.8585813	-1.1809876	-1.540497	-1.1319169	-1.2900084	-1.9751886	-0.5780883	-1.4277319	-1.6425905
-1.6176155	-1.7363514	-1.1144854	-1.5803658	-1.6539273	-2.007342	-2.5521414	-1.9788964	-2.332327	-1.6935812
-0.9323796	-1.2684166	-0.49505082	-0.9909073	-0.60416394	-0.31770706	-0.72787553	0.19152454	-0.5445431	-1.4875691
0.42637098	-0.12129025	0.654734	0.258493	-1.2417048	-0.6963558	-1.324019	-0.2816526	-1.1179271	-1.3670363
0.38653225	0.014493614	0.7851006	0.1385725	-1.489293	-0.19669178	0.4363249	0.29699734	-0.58408237	-1.1361331
-2.1400373	-2.0833664	-1.3426058	-1.9928284	-0.8868643	-2.4577835	-2.0327199	-1.5219638	-2.0257192	-1.1615975
-1.2989491	-1.6132427	-0.9076667	-1.3718745	-1.9787033	-1.5321537	-0.9534343	-0.8389695	-1.3266305	-2.268725
-1.1406227	-1.4075532	-0.69830084	-1.0835912	-0.8233832	-0.8033976	0.66343707	0.5371905	-0.6895154	-1.0111344
-0.96867627	-1.3351542	-0.4842175	-1.0737237	-2.3421082	-1.2243587	-1.8461509	-0.71118003	-1.6410847	-2.6730587
-2.0442038	-2.0927017	-1.3306355	-1.9887295	-0.8431374	-1.8981258	-2.419465	-0.38689333	-1.4646835	-0.86626476
-1.0324478	-0.820225	-0.53922987	-1.0482752	-1.27339	-0.91875076	-1.4010923	-0.659737	-1.0922003	-2.2801142
-0.8767736	-1.3351344	-0.49024615	-1.0322802	-1.7801692	-1.2878528	-2.116173	-0.19885346	-0.43593395	-1.4683068
-1.9057575	-2.0967333	-1.3549933	-1.8002257	-1.5940018	-1.3439395	-1.8246856	-1.5687668	-2.177963	-0.7293593
-0.5207771	-0.6326705	-0.28765115	-0.5847116	0.13446262	-0.8483364	-1.3866959	0.3210635	-0.78629005	-1.2857527
-1.0209752	-1.3223196	-0.5823709	-0.9254882	0.3617647	-1.2655857	-1.6816869	-0.64223576	-1.1793805	0.28311387
-1.2779154	-1.200461	-0.79692924	-1.2669489	0.51293707	-0.81327623	-0.9134095	-0.9174022	-0.71369696	1.0119498
-1.0428921	-1.0803103	-0.6352048	-0.98659784	-0.3678282	-0.610363	-0.9274804	-0.11007083	-0.79417956	-0.5235186
-2.1565564	-2.1795268	-1.2573891	-2.1405275	-2.319136	-2.9162269	-1.9093462	-1.9542217	-1.3744903	-3.0954258
-0.8159806	-0.90529287	-0.24769512	-0.7916328	-0.11429611	-0.6310328	-0.4794633	-0.2181836	-0.52743	-0.24026936
-1.6205933	-1.8163892	-1.0554417	-1.5583698	-1.7521287	-1.4967421	-1.5432316	-0.8933508	-1.7154071	-1.8257807
-0.90624213	-1.0865366	-0.43827984	-1.0440351	-1.0963904	-0.30531695	-0.8512071	-0.30965513	-0.8643276	-1.096102
-1.076383	-1.4085444	-0.6425153	-1.0591797	-1.4983225	-0.40741798	-1.6699545	-0.4519422	-0.60687715	-1.4977049
-0.29554516	-0.56718266	0.09958413	-0.4208497	-1.1781584	0.28722966	-0.42251074	1.0265511	0.07352758	-1.1417361
-0.7881443	-1.2617565	-0.37686893	-0.76441866	-0.2599537	-1.3497394	-0.58212495	-1.9856304	-0.934155	-0.60974306
-0.75269777	1.469702	-0.62077546	-0.88148063	0.73217	-0.8231747	1.7767394	-0.7559669	-0.62066394	2.1487405
-1.92475	-2.1323304	-1.2893225	-1.8430508	-1.4333928	-1.0229456	-1.2393476	-1.1519508	-1.1777807	-1.383145
-2.1623247	-2.1675513	-1.4126269	-1.9794011	-0.81843776	-2.1828353	-1.9456029	-0.40650052	-1.5417938	-1.1457744
-0.01362133	-0.6665941	0.3449247	-0.18580481	-1.6563827	-0.30061552	-0.7663406	-0.18120952	-0.8306321	-1.8526833
-2.015493	-2.1941547	-1.3514163	-1.9464004	-1.9736648	-2.2702441	-2.8404589	-1.742151	-2.0488958	-2.1233063
-0.33708444	-0.71025485	0.13884924	-0.55585754	-2.253904	-0.22567558	-0.6541529	0.7892087	-0.25258794	-2.2967272
0.81569535	2.198417	1.1578592	0.65253377	1.7116255	0.03772671	2.371883	0.649876	0.005186058	1.6050545
0.040298395	2.0783556	-0.26539704	-0.07131888	3.6738691	-0.1163643	-0.44050428	-1.0785512	-0.3347069	2.3783932
-0.16679132	0.37427422	-0.042745978	-0.22638227	2.176042	-0.79208344	-0.72000206	-0.93999165	-0.5709958	2.2655373
-0.65996283	-1.2915204	-0.4594997	-0.52982426	-0.45537725	-1.252069	-1.9049094	-0.9641508	-1.2008218	-0.07689673
-0.8546587	-1.1026155	-0.47039208	-1.0041144	-1.8170846	-0.7811681	-1.0252447	-0.034725726	-0.824755	-1.5867448
-1.9278938	-1.7485869	-1.2085121	-1.7959697	0.21810254	-2.8511033	-2.839726	-2.0212183	-2.737094	0.018560948
-0.3160803	-0.7874794	-0.01019913	-0.4437427	-1.9590262	-0.76642686	-1.117491	-0.51060265	-0.8885037	-2.6607528
1.5400892	2.2101064	1.3454028	1.1958234	0.2067469	0.74199754	2.5087972	0.48018125	0.056976665	0.37313828
-2.141656	-2.147495	-1.3773676	-2.0558627	-1.5535352	-2.356242	-2.8496864	-1.1567583	-1.5436798	-1.5828828
0.25592196	0.3692194	0.7043216	0.099935636	-1.3841933	0.4156994	-0.80698305	0.77697444	0.07425456	-1.3423207
-1.46343	-1.809668	-0.821442	-1.4332898	-0.9444113	-1.0018461	-1.3470004	-0.69183475	-1.0064749	0.023257092
-1.6452668	-1.5236976	-1.1155355	-1.5680711	0.36166117	-1.6005156	-1.9617794	-0.44320047	-1.2264645	0.6900804
-0.12392214	-0.7862648	0.1926106	-0.29549813	-1.4692932	-1.0504062	-1.5536151	-1.0796732	-0.85418504	-1.717028
-2.011077	-2.0381453	-1.3368831	-1.9330095	-1.1137272	-2.064462	-2.3131895	-1.5663667	-2.1230254	-1.9270991
-0.495037	-1.0420878	-0.09201196	-0.54929256	-1.3135889	-0.39576492	-1.524579	0.032499813	-0.21747322	-1.2428601
0.883753	0.9734726	1.3816675	0.7432255	-0.3130066	0.9642626	1.054089	1.2698164	0.42361695	0.14204952
-1.770734	-1.7053277	-1.2727004	-1.6142197	-0.6730828	-1.3203516	-2.154206	-0.8730263	-1.8264768	-0.41616976
-1.3501338	-1.6380329	-0.854439	-1.3691368	-1.0597357	-1.1704018	-1.5477772	-0.6976307	-0.1321237	-1.0996594
0.1711396	-0.97453046	0.7162894	0.029616266	-2.3482664	-0.1266292	-1.1010724	0.7548688	-0.08801395	-2.902151
-0.8423417	-1.0187162	-0.41970405	-0.94478685	-1.1470686	-0.7889177	-0.5786359	-0.33176646	-0.641516	-0.6542107
-0.54145664	-2.1923537	-0.046909183	-0.57256126	-1.3268459	-0.60734653	-1.6651016	-0.77556735	-1.130543	-1.2714777
1.0065863	0.26602873	1.6067686	1.0023212	-0.4015727	0.3254856	-1.20659	0.7756238	0.3887637	-0.41059595
-1.2875338	-1.6740973	-0.8321475	-1.1302073	0.01467362	-1.0490855	-2.2233176	-0.41881695	-1.2921444	1.2662822
-1.0864824	-1.356909	-0.63362026	-1.0878005	-0.9667015	-1.7109033	-1.5589794	-1.9406364	-1.991647	-0.87654924
-1.8156565	-1.8524711	-1.1817051	-1.6971562	-0.34167853	-1.7109554	-0.88939667	-1.4721054	-1.6762793	-1.0214127
-1.6085012	-1.6833807	-0.95353305	-1.547388	-1.1787558	-1.1365316	-1.903096	-1.3352934	-1.0564628	-1.1319058
-0.25774494	-1.6099885	0.18784043	-0.23603953	-1.3168846	-1.5761158	-2.2715116	-1.0764372	-1.8732607	-0.42724913
1.401204	1.2956879	1.781059	1.15178	-0.15978833	-0.11025039	-0.1342494	0.30303812	-0.5772353	-0.14821859
0.0046726763	-0.38341102	0.3837368	-0.17179744	-1.7134763	0.23121086	-0.39108112	0.78779626	0.2573475	-1.3416182
-1.6200284	-1.584691	-1.0306407	-1.5443354	-1.1348203	-1.6233258	-1.748956	-1.1027654	-1.5544335	-1.566466
-0.07872732	-1.2938755	0.43731755	-0.28205642	-1.3970407	-0.8094202	-2.0286083	-0.38380343	-1.1987451	-3.138124
-0.9706791	-1.4294398	-0.5752896	-0.9378956	-1.874952	-0.93664455	-1.8186502	-0.54932994	-1.092551	-2.3553536
-0.7265976	-0.9411038	-0.51339304	-0.86882263	-1.5194386	-1.55685	-2.105113	-0.9346148	-2.3313134	-1.8163849
-1.6308887	-1.6106433	-1.1442465	-1.5548239	-1.7466866	-1.0581377	-1.2144974	-0.8292801	-1.651711	0.09542343
-1.1851245	-1.3051043	-0.77651787	-1.1353534	-0.107328504	-1.1634586	-1.2055101	-1.2516215	-1.8880336	-0.060696293
-0.3626588	1.8707237	-0.15549353	-0.49577302	1.8021699	-0.54768777	3.0630038	0.53552175	-0.24028714	2.8000638
-1.550249	-1.875853	-1.0436419	-1.4390215	-1.371424	-0.9326263	-1.1007261	-0.5562779	-1.43901	-1.2150339
-1.4973569	-1.6774409	-1.0170109	-1.369245	-1.0464026	-1.3221579	-1.9253515	-1.4021096	-0.74073905	-1.0354158
-1.5304713	-1.6139262	-0.8637849	-1.3973311	0.2613822	-1.8514366	-1.9281632	-1.2655463	-1.6705315	1.3485492
-1.7300689	-1.9344653	-1.1051766	-1.643408	-0.80241245	-2.0713096	-2.9476533	-1.2936155	-1.257011	-1.2358077
2.2146552	2.7008476	2.5502212	1.927311	-0.11813904	0.5557994	2.4272394	0.57770044	0.17414373	-1.0500886
-1.2724108	-1.0970606	-0.7864841	-1.2557805	-0.7963698	-1.0081774	-1.1213855	-0.48893225	-1.2505196	0.18474624
-2.1698663	-2.0905664	-1.3464282	-2.164652	-0.81435585	-2.4600055	-2.1663365	-1.5418186	-3.4359665	0.15234447
-1.6044651	0.034188002	-1.4024942	-1.633947	1.3765831	-2.4536083	-1.0292784	-1.9672287	-1.4125109	-0.36010137
-0.93131536	-1.407909	-0.607489	-0.9708805	-0.80461895	-0.7692388	-1.6321775	-0.6199523	-0.3157436	-1.4232485
-1.4815316	-1.7279092	-0.8587434	-1.4678024	-1.2860307	-1.6514003	-1.7342266	-1.4977678	-1.3603902	-2.3073788
-1.4634651	-1.8613234	-0.7766385	-1.4231716	-0.3796097	-2.2816231	-2.1452048	-0.7192425	-2.073192	1.1681665
-0.84944177	-0.8549769	-0.30495843	-0.80497223	-0.30086285	-0.9159809	-1.0858701	0.10081112	-1.0362673	0.016028548
-1.667955	-1.8276838	-1.015194	-1.5724884	0.7338551	-1.8701636	-2.0061374	-1.1977346	-1.3970342	0.12836686
-2.6515262	-2.403704	-1.6484352	-2.5863864	-1.8283745	-1.8640164	-3.7092865	-1.0378848	-2.7164118	-0.944599
-1.5139092	-1.3747661	-0.98841834	-1.4084427	1.298682	-1.784616	-1.770834	-0.6150162	-2.033881	1.7421904
-1.8826077	-1.9000944	-1.2577858	-1.8200696	-0.9733517	-2.6139803	-0.66745514	-0.98793244	-2.6619947	-0.35090074
-1.7372855	-1.9562021	-1.1979449	-1.6793333	-0.9125869	-2.4493282	-2.1437602	-2.131187	-1.4240115	0.07202307
-2.0029767	-1.7911109	-1.2514197	-1.9217123	-0.37086225	-2.1935697	-2.5374591	-1.4440613	-2.165908	-0.65443105
-1.1158552	-1.8560807	-0.78529537	-1.0305033	-1.4510086	-1.2389002	-1.8996954	-1.6542324	-0.98481995	-1.5279258
-2.2408442	-2.1903408	-1.3481996	-2.2357004	-2.0767374	-2.806035	-2.0855553	-0.98838115	-2.4863298	-1.7099588
-2.0650747	-1.885642	-1.3708503	-2.0107589	-1.0584112	-1.6051679	-2.0852323	-0.2754165	-0.8239413	-1.1339138
-1.6093915	-1.2731607	-1.0863967	-1.5434431	0.9971392	-2.3012688	-1.4536345	-1.90899	-2.2906888	-0.10679103
-0.5977178	-1.031705	-0.21101367	-0.7519048	-1.8322139	-1.9004883	-2.3361342	-1.8041297	-1.9740955	-1.9824905
-1.7749853	-1.7151573	-1.229944	-1.6378543	-0.18083623	-1.8641242	-1.9030366	-1.3487916	-1.9771227	-1.0062459
-2.042513	-2.094169	-1.3835083	-1.9194202	-1.3484462	-1.8247294	-1.4841547	-1.7192973	-2.0775955	-0.9956845
-0.2952497	-0.14132148	-0.12879053	-0.48482496	-1.3516278	-0.84191126	-0.659741	-0.42117587	-0.5359217	-1.7885453
-1.858252	-1.8051211	-1.2501506	-1.7959179	-0.2002843	-2.5916357	-0.5503607	-1.9644809	-2.9792168	0.8856403
-1.6197428	-1.2049162	-1.0834581	-1.5669092	0.35556772	-1.9010009	-1.9166205	-1.1739936	-1.0479357	-1.7377582
0.2543867	-0.72834325	0.4396495	0.1920772	-0.69489336	-1.3324969	-1.6450448	-0.78620213	-1.2045344	-0.98674315
-1.1335766	-1.4826648	-0.7161087	-0.96820515	-0.14116544	-0.88957536	-1.6758883	-0.84474915	-1.1266025	-0.29010963
-2.4743166	-2.1605759	-1.5195429	-2.3779497	-1.2383137	-1.4362782	-0.5046156	-0.79146606	-1.0650831	-0.11924824
-1.6729236	-1.9742856	-1.0730478	-1.5588516	-0.9569104	-1.3022025	-1.8086416	-1.8488095	-1.9049962	-0.31017447
0.8833929	0.82430136	1.2206576	0.77095383	-0.023996055	0.376016	0.38725734	0.95948416	0.23786677	-2.5659473
-2.6403909	-2.2422845	-1.7664561	-2.5781894	-0.9298719	-2.6979532	-1.5767975	-1.7942942	-1.693797	-1.2980412
-0.7666476	-1.0075471	-0.383458	-0.7228575	0.8332902	-0.60457295	-1.2179054	0.48444563	-0.81639373	0.8386631
-1.8261563	-1.8934919	-1.0697302	-1.7989583	-0.39842588	-1.3938121	-2.018865	-1.3924071	-0.37624463	-0.20753069
1.1289173	0.6613823	1.2850316	0.94711244	-0.7842264	1.6951892	1.9736491	1.6460122	1.5448107	0.340994
-0.93647146	-0.88126373	-0.6478965	-0.9344545	0.5643722	-0.8395102	-0.82781935	-0.7985668	-0.92831546	1.1209764
-0.0303084	-0.7072334	0.38628876	-0.21279246	-1.566823	-0.39927667	-0.8314244	0.42688605	-0.67210364	-2.540024
-0.82631254	-1.2166314	-0.3602855	-0.96217304	-2.1563613	-0.9951008	-1.0436217	-0.46398827	-1.3030126	-2.702598
-1.7331384	-1.6818261	-1.1627779	-1.6238638	-0.09125677	-2.3604114	-2.6030304	-2.1504583	-2.0776565	2.5625496
-1.6192151	-1.8892256	-1.0594687	-1.5552783	-1.9112107	-2.0036464	-2.4123814	-1.572617	-2.213952	-1.834086
-1.8422415	-1.7374644	-1.3137329	-1.7754902	-1.3318589	-2.7645154	-3.7642968	-3.32539	-2.4532473	-1.8955145
-0.11760876	-0.32702154	0.4680235	-0.21323092	-0.7721836	0.22012731	0.8993681	0.66709423	-0.35898268	-1.3138013
-2.048853	-1.927051	-1.3692944	-1.9819021	-0.69563067	-2.4479318	-1.5629925	-1.4417584	-2.4287224	-0.65059453
-1.529582	-1.6928304	-0.92283285	-1.4799856	0.3924375	-1.2303755	-1.4916717	-0.7234939	-1.5860631	0.35583043
-2.3993552	-2.2350159	-1.4428388	-2.3226728	-0.8921311	-1.9673111	-2.592678	-1.4934653	-1.9337003	-0.7313972
2.1918297	1.1412935	1.6432052	1.9939682	-0.25544992	3.1543233	0.2382106	1.5951145	2.9980738	-1.271264
-0.52237433	-0.7751814	-0.07494578	-0.5488244	-1.0240335	-0.33299097	-1.170831	-0.16557917	-0.5639662	-0.96633536
-2.0440128	-1.273792	-1.3684902	-2.1535852	-1.2472446	-1.9236176	-1.6654705	-1.3336983	-1.3285551	-1.0398462
-2.0424943	-2.0566275	-1.376742	-2.0080428	-1.3950984	-1.8773361	-2.2709742	-1.1680341	-2.3937376	-1.2122964
-1.9528285	-1.9079945	-1.2013646	-1.8841901	-0.6149765	-2.0922096	-2.0209138	-0.9971944	-1.94637	-0.76666826
-2.0318968	-2.091244	-1.3424072	-2.0140672	-1.1083099	-2.4661198	-1.9990115	-1.2856565	-2.4411743	0.60393816
-1.4380816	-1.8078723	-0.9588498	-1.3932072	-2.5777955	-1.6900297	-1.822035	-1.3381461	-2.1010075	-1.6022061
-0.6541783	-0.8192649	-0.2935743	-0.71870345	0.940346	-0.22911514	-0.7401634	-0.24120581	0.4092487	0.42712036
-2.204182	-2.6996543	-1.3158991	-2.021766	-0.9773711	-2.5098124	-3.3344662	-1.8421273	-2.9484396	-1.4755769
-1.6748229	-1.6664656	-1.0483974	-1.6121335	0.07271415	-1.4943603	-1.1947397	-1.5990634	-1.9627678	0.60467386
-1.5056939	-1.7464706	-1.0036925	-1.4626255	-0.98285186	-1.7449028	-1.4044516	-0.044376723	-0.97761154	-1.5270796
-0.7784043	-0.03553325	-0.3943468	-0.8298788	1.9783272	-2.087597	-2.357176	-2.1152399	-1.6270775	0.2876767
-2.094523	-2.0601976	-1.3836026	-2.0141785	-0.7839895	-1.9927427	-3.3518968	-0.8885119	-2.4422581	-1.5546082
0.12376887	-0.9161552	0.7196906	-0.050936833	-1.769658	0.051279124	-0.70308137	0.77638054	-0.11950805	-1.5561123
-1.8876193	-1.5940447	-1.2503474	-1.7269067	-0.5981213	-1.7501471	-2.182276	-1.086141	-1.7044462	-0.9782413
-0.008657835	-0.85534847	0.50671375	-0.14484249	-2.214808	0.071404085	-1.1384392	0.6200512	0.0048964685	-2.9909766
-2.2411659	-2.2192483	-1.4273796	-2.1057417	-1.6210574	-2.1500628	-0.48016253	-1.6608974	-2.9833214	-2.2006838
-0.71824723	-1.1538149	-0.3472112	-0.79288876	-2.0652812	-0.66698974	-1.4803215	-0.30493784	-1.3383112	-2.0139828
-2.2913082	-2.222426	-1.5638864	-2.2129726	-1.6584368	-2.1907551	-2.356031	-1.8014934	-2.8391194	-2.17984
-2.0331175	-2.1299124	-1.2514796	-2.005349	-2.036858	-2.801408	-2.2686017	-1.627719	-2.8791914	-1.6436023
-0.19946158	-0.15198153	-0.014750421	-0.2767098	0.09205088	-0.56700844	-1.3236998	-0.26070595	-0.028551377	0.8174349
-2.4691253	-2.3555238	-1.5644147	-2.4173214	-1.581884	-2.6185555	-2.9245005	-1.8772594	-3.1509316	-2.8288884
-1.1704974	-1.4538354	-0.6342453	-1.2008333	-1.5229458	-1.5530688	-1.4007154	-1.0282228	-1.1891608	-0.14041352
-1.919418	-1.9852052	-1.283454	-1.8526658	-1.68796	-1.9491822	-1.9327676	-1.274129	-1.8437463	-0.8493118
-2.1892307	-2.1296186	-1.377286	-2.094202	-1.035142	-2.097196	-2.3427403	-1.0622302	-2.4362223	-1.5293295
-1.8327366	-2.1616235	-1.3063893	-1.8524771	-2.233842	-1.5034437	-1.5875249	-1.2307502	-1.3990186	-2.166078
-1.8538715	-1.9369253	-1.1827306	-1.8498927	-1.5172358	-2.6120687	-1.923808	-1.1572783	-2.326122	-1.1436477
-2.3554158	-2.3169618	-1.4884576	-2.1981602	-1.7949111	-2.560087	-2.0091588	-0.9804882	-2.2355576	-1.6355616
-1.6827778	-1.9049622	-1.1648777	-1.5684111	-1.3242785	-2.0626888	-1.5006722	-1.3677362	-1.938558	-1.1127409
-1.8401251	-1.9287105	-1.1944597	-1.7552916	-0.8899032	-1.7274548	-1.886663	-0.96414566	-2.0037308	-0.5871458
-0.35387823	-0.8833051	0.058394372	-0.3725484	-0.45723647	-0.7883245	-1.043785	-0.08401219	-0.49526757	0.26357535
-2.1522703	-2.1917434	-1.326827	-2.011833	-0.28233328	-2.1096182	-1.8681185	-1.4421525	-2.537429	-0.50089896
0.2704991	-0.870561	0.43299425	0.09607701	0.6071631	0.5187067	-0.818158	0.21583404	1.0396578	0.92406785
-0.3114743	-1.053018	0.1629419	-0.37022468	-1.1889044	-0.4726535	-1.5297395	-0.12022469	-0.44262385	-1.7146903
-0.29876706	-0.74998534	-0.29709026	-0.41084558	-1.1993372	-0.7766389	-1.6455517	-1.0870407	-0.7314959	-0.72316617
-1.5289104	-1.7039273	-0.9285345	-1.5978397	-0.7695793	-2.1187441	-2.2420948	-1.0888667	-2.2491648	-0.97416925
-0.39932224	-0.52920747	-0.04943064	-0.4523273	0.10354665	-0.23344952	-0.8696205	0.31847247	-0.64229804	0.8399511
-1.1709228	-1.7252356	-0.72987664	-1.1771346	0.08242375	-1.711656	-1.8494164	-1.9866592	-1.6880567	-2.125545
-2.4981601	-2.239491	-1.6689296	-2.39595	-1.129211	-2.943912	-3.1558602	-1.7227595	-2.7765036	-1.9188838
-1.7527469	-1.9707553	-1.1825628	-1.6456108	-0.2834993	-1.5802712	-1.5743469	-1.0066696	-1.4246049	0.20618904
-1.4338413	-2.036555	-1.0286367	-1.3739299	-0.82157016	-1.6621246	-2.0616887	-1.4561274	-1.8219036	-0.5093509
-1.5181576	-1.68327	-0.97555804	-1.5233432	-1.5691713	-1.8244298	-1.9560428	-1.0487512	-1.7679855	-0.9019536
-0.8800034	-0.45750242	-0.4771538	-0.95590293	-0.44390452	-0.827387	6.6074513e-06	-0.6673035	-0.5798536	-0.25074503
-2.7618167	-2.483084	-1.7151092	-2.628913	-0.6221416	-2.6869593	-1.9443939	-2.1973011	-1.9854004	-0.98573065
-1.9178652	-1.8609264	-1.1891764	-1.8442931	-0.94041955	-1.245518	-1.7896433	-0.18743666	-1.3199203	0.8164857
-1.9754331	-1.9926851	-1.2049483	-1.9530733	-1.7636464	-1.8054663	-1.8243105	-1.1392943	-1.9860302	-0.12983368
-2.0289075	-1.9583147	-1.3811696	-1.9598646	-0.91543865	-1.8531538	-1.9420209	-0.7225354	-1.1874633	-0.6244422
-1.486306	-1.628334	-0.8974266	-1.4684466	-1.2574004	-2.3087008	-3.5132582	-0.5575347	-2.290255	-1.7863637
-1.5533576	-1.8453304	-1.0494977	-1.4812162	-2.3590896	-1.5295057	-2.3917844	-0.78335655	-1.4763072	-2.062668
1.3194314	0.6910093	1.3932669	1.1274742	-1.1977502	0.8091876	0.45058262	1.0721934	1.0266163	-1.8090271
-0.81759125	-1.221758	-0.19887921	-0.9379164	-2.5480328	-1.0699399	-1.7244507	-0.40436006	-1.2113566	-2.9653363
-0.705115	-0.37548453	-0.47368917	-0.8040801	0.2152004	0.2178065	0.05762848	0.5067455	-0.95683134	1.1276338
-2.4101136	-1.8869184	-1.6233143	-2.3372695	-0.63940704	-2.2887805	-2.7619874	-1.703304	-1.972752	1.2561866
0.49327478	0.42383376	0.94551873	0.25146568	-1.1602283	-0.040081307	-0.44599602	0.70986664	-0.79462945	-1.0191154
-0.9548457	-1.1532944	-0.41458926	-1.0314115	-0.80592084	-0.34266064	-0.7021596	-0.5902002	-0.48438355	-0.30802244
0.17078948	-0.50194	0.5522562	0.051609233	-0.5680494	-0.28094125	-0.95788604	-0.49139225	-0.8400311	-1.7331393
2.5937986	1.4871899	2.2167668	2.2065144	0.03429514	0.6320958	1.8430672	0.7139177	0.18208732	0.9844496
-2.0830603	-2.1643841	-1.3560799	-2.0438998	-2.112597	-2.3466082	-2.363163	-1.626601	-1.8783298	-2.684136
-1.5837042	-1.6799369	-1.0933377	-1.5115197	-2.1355863	-0.85752493	0.057769347	0.1740827	-0.6192381	-2.7496364
0.23536816	0.9773171	0.8302711	0.15047441	-0.14200118	0.55951834	1.7897983	1.0021703	0.6616824	0.55278766
-1.734071	-1.7627083	-1.1134826	-1.6585908	-0.83692765	-1.6287367	-2.181092	-0.99897677	-1.9346389	-0.17374335
0.019038163	-0.59954375	0.472812	-0.14417762	-2.111489	0.32830715	-0.56283873	1.2435437	0.31349468	-2.6529737
-0.63213015	-1.1879426	-0.2620798	-0.55859184	-0.9280257	-0.61794037	-1.2296407	-0.19930118	-0.76556456	-0.7143296
-0.020380653	-0.49810144	0.26745763	-0.11869238	-0.46434048	-0.96359706	-0.966054	-0.6196818	-1.0844011	-0.6105018
-3.6545775	-2.8734972	-2.376137	-3.5586047	-3.2550588	-3.6629643	-1.459101	-2.4440162	-3.627088	-3.489616
-1.5672454	-1.7848583	-1.0031635	-1.462401	-0.52296	-2.1491146	-1.9741821	-1.3503084	-1.8127886	-1.6471814
-1.4048651	-1.3830512	-0.8550149	-1.4071201	0.44420782	-1.6949264	-1.9266503	-1.3088856	-2.284696	-1.3543506
-1.2644992	-0.8263526	-0.93922687	-1.4074831	-1.4179157	-0.9525561	-0.9170927	-0.4116745	-0.7329168	-1.7187712
0.08042803	-0.81892073	0.8416791	0.16681395	-0.05819723	-0.91148555	-1.8593843	-1.3825225	-1.5054572	0.8089358
-0.7136263	-1.1861455	-0.27021596	-0.8876826	-1.7859613	-1.4054102	-1.616866	-0.8776911	-0.43222883	-0.77371264
-1.4758481	-1.5678571	-0.94407845	-1.4146445	-1.163042	-1.16939	-1.9181435	-0.9119118	-0.60185695	-0.7233921
0.09406974	-0.50886095	0.54810035	0.025288448	-0.7446598	0.34173426	-0.34589013	0.86691326	0.26685098	-1.3477848
-0.3120098	-0.7493206	0.21551439	-0.3481577	0.021133333	-0.022619698	-0.9047725	0.41773313	-0.68158925	0.5508166
-0.70409364	-1.1260618	-0.18326005	-0.7503783	-0.46010157	0.44038865	0.019050473	0.20488848	-0.13944107	-0.121144325
-1.9970559	-1.3607234	-1.5658921	-1.8787538	0.7083565	-1.6586447	-1.9315215	-1.1118109	-1.163842	1.5913395
-0.736648	-1.0806822	-0.24934244	-0.83215135	-1.5471871	-0.27356583	-0.6700719	0.19989835	-1.0149837	-0.3535385
-2.4266975	-2.1980922	-1.5190843	-2.389327	-1.1335535	-2.4433146	-3.5062249	-1.139331	-2.2634647	-1.2483191
-0.4231575	-0.8737993	0.24645627	-0.60366744	-2.4831057	0.06924144	0.3784797	0.22973858	-0.94358885	-3.1214495
-2.2301953	-1.9556158	-1.4747989	-2.1690545	-1.1489946	-2.2797227	-2.1270518	-1.4145212	-1.6066241	-0.6051537
-0.56887704	-1.2530164	-0.14687616	-0.5902688	-0.5251284	-0.040345192	-0.94969004	-0.09064896	-0.34173015	1.4481486
-0.09842657	-0.7211195	0.2668538	-0.29862526	-1.9935263	-0.5061161	-0.55227154	0.06280727	-0.7934773	-2.702787
0.20184311	-0.36653888	0.6287463	0.15983327	-1.5250863	-0.7735995	-1.9446523	-0.1747777	-0.47284994	-1.802015
3.0863655	5.04418	2.9439929	2.4614131	0.55513096	2.565235	4.523192	2.6841826	2.3964274	2.1043148
-1.0468135	-1.2313428	-0.5095334	-1.0214604	0.41963944	-0.9384001	-1.7217999	-0.15054387	-1.389592	0.82050693
0.33931503	0.07479516	0.68923783	0.27470475	-1.4025217	0.8229266	0.07156731	0.82251185	0.34168562	-1.1637737
-0.043742973	-0.7183354	0.4081492	-0.21465325	-2.5496378	0.3830726	-0.36801773	0.6280701	-0.20089224	-2.392335
-1.9243895	-1.9466007	-1.216667	-1.7556019	-1.0683944	-2.0383098	-2.3560019	-1.6240962	-2.2198658	-1.4882172
-1.7501874	-1.7136538	-1.1390402	-1.6223829	-0.6424279	-0.6353899	-1.5903455	-0.16963169	-1.1326929	0.3032184
-0.5064817	-0.98564875	-0.015411675	-0.6847661	-2.3048215	-1.0520754	-1.3263081	-0.5174237	-1.2187238	-0.9622401
-2.0060997	-2.0986006	-1.3914083	-1.8980159	-1.044338	-2.0971704	-2.13779	-0.9368824	-1.9645944	-0.20172532
-1.6634418	-1.8236003	-1.087852	-1.5346617	-1.1016957	-1.7471796	-1.6056999	-0.9245381	-2.0639477	-1.1483539
-1.9283484	-1.8900386	-1.3056842	-1.9079815	-0.36761215	-2.6454978	-2.4566894	-1.2340399	-3.2549462	-0.3203918
-0.04278657	0.45928773	0.24983335	-0.23124918	-1.3355068	-0.0044535263	0.14599817	0.48513955	-0.27659348	-1.159422
-1.8406267	-2.0172112	-1.2314901	-1.7231631	-1.0854846	-1.828864	-2.5728893	-1.6921179	0.19970569	-1.2296411
-1.6567678	-1.925455	-1.1060688	-1.6094612	-2.8944778	-0.3269346	-1.6154513	-0.9810556	-0.41047117	-3.4943094
-2.0344868	-1.7469548	-1.3389995	-2.0597968	-1.8167719	-3.091951	-2.1581774	-1.6309222	-2.737094	-1.8510542
-1.5046588	-1.6020157	-0.9575558	-1.4056967	-0.43596604	-0.92087	-1.7132254	-1.4465003	-0.9798473	0.9972492
-0.014381975	-0.47191542	0.34612435	-0.16309813	-2.0927694	-0.9071979	-1.2294247	0.23523843	-0.43543693	-3.600758
-0.49549282	-0.84505105	-0.09540412	-0.6737396	-2.0387297	-1.3404945	-2.2321389	-0.41008896	-1.9252877	-1.9241985
-1.2933835	-1.68557	-0.88039446	-1.2810146	-0.11323622	-0.7371084	-2.0560825	-0.96583563	-0.5032305	0.50765043
-2.4359968	-2.1083434	-1.4682989	-2.2752063	-0.8318106	-2.326816	-1.9038042	-1.1811588	-3.37743	-0.95322967
0.9591897	0.6194519	1.4495888	0.7112674	-1.1703465	0.73808134	0.6872427	1.4355645	0.832884	-1.7356716
-1.6153551	-1.8825285	-1.0283197	-1.5642631	-1.4339596	-1.598414	-1.700598	-1.0301048	-0.7576955	-1.605125
-2.2605493	-2.302251	-1.4128194	-2.2331407	-1.8808209	-1.4567295	-1.944221	-0.43829012	-1.4770615	-1.8888023
0.6699183	1.4559852	1.1058365	0.5973505	0.43509057	0.76599854	1.3302974	0.7441292	0.55629057	-0.9535375
-0.028703667	-0.7506491	0.51717377	-0.16711791	-1.2194296	0.8451216	-0.71598226	2.130359	0.69133514	-1.0155532
-0.48709285	-0.9471023	-0.07516551	-0.6181108	-1.9892334	-0.5803685	-1.1603897	-0.15015052	-0.88732547	-1.9091403
0.16820064	-0.52674985	0.68735266	0.005866036	-2.2764056	-0.34588438	-0.5248558	0.50212306	-0.42700544	-2.303955
-1.4534082	-1.2361183	-0.85023665	-1.4964634	-0.15974548	-1.8537316	-2.102628	-0.75566566	-3.0262454	-0.27306122
0.43069372	0.38631335	0.84036803	0.1861289	-1.6308287	0.9447379	2.0475645	1.4419799	2.2130938	-0.44820946
-1.2568713	-1.0627004	-0.82813907	-1.2287116	-0.05404389	-1.0746958	-0.5823963	-1.7103952	-1.0477004	0.52126044
0.14668903	0.16468209	0.66561437	0.04476534	-0.26924625	0.66051143	-0.5908511	1.1912458	0.32142743	-0.190572
-1.3004726	-1.4484532	-0.86029804	-1.3406899	-0.4405573	-2.367354	-1.9626213	-1.2666723	-2.350241	-0.9901065
-0.86571383	-1.4097024	-0.40227094	-0.94108903	-2.2892969	-0.827133	-0.37262037	-0.8988152	-0.77009284	-2.285545
-1.3903165	-1.5848494	-0.92085326	-1.3322737	-0.87070644	-1.2310278	-1.7193918	-0.62031436	-1.0891472	-0.8312433
0.4614717	0.25045517	0.7677375	0.32338995	-1.279136	1.5612894	1.2119578	2.0473056	1.327698	-0.6874266
-1.9365898	-1.7121513	-1.3884026	-1.953075	-0.9253062	-1.3468772	-1.3020781	-0.9135085	-0.90618396	-0.18545869
1.167671	0.4264101	1.3329718	0.9703504	-0.6253335	3.34338	2.4794455	2.6868932	2.9014127	2.5655634
-1.6767848	-1.7818878	-1.0996819	-1.6698581	-1.0832052	-1.8696027	-1.8200159	-0.8651195	-1.2522808	-1.6900219
-0.21601096	-1.1907603	-0.18845329	-0.32896775	-0.02269867	0.31881163	-0.48509836	0.25377265	0.24282862	2.7127795
-1.9088824	-1.7665461	-1.2448169	-1.8323017	-0.7492386	-1.6576275	-2.207401	-1.0762731	-1.370921	-1.7042128
0.32710704	-0.020406485	0.9108212	-0.06566171	-1.4797881	-0.3682537	0.12965469	0.42154676	-0.53492093	0.17434765
0.4385341	-0.699718	0.8946103	0.28304952	-1.5531315	1.4059236	0.11960342	1.6507356	1.1338327	-1.2412379
0.10205131	-0.6080633	0.44430494	-0.1274505	-2.3171928	-0.8161439	-1.0327463	-0.40462226	-0.9640589	-3.0703099
0.095447935	-0.79766524	0.42740807	-0.12556955	-2.4807746	0.13507725	-0.8369746	0.73688364	-0.35880813	-2.049791
-1.9977309	-1.6637897	-1.4769543	-1.943423	-1.4803208	-1.7695317	-1.62146	-1.6818116	-2.0244412	-1.53167
0.839304	0.31928524	0.8698691	0.71079135	-0.6553563	1.1214448	-0.23329848	1.3317746	0.7964325	-1.1735878
-0.99954474	-0.89195096	-0.62516236	-1.0222626	-0.54433036	-1.6652215	-1.7108271	-0.7827949	-1.4319212	-1.2429267
0.54888153	-0.3817362	0.70425713	0.35243523	-0.44544405	-0.123035796	-1.2300694	0.6912304	-0.23674013	-0.6353966
-1.7461823	-1.8213196	-1.1081418	-1.6870356	-0.59559345	-1.4548612	-2.7614772	-0.9386676	-1.6726614	1.1247511
-1.6243052	-1.465704	-1.1324415	-1.5396544	-0.94886684	-2.3598218	-1.4252129	-2.000095	-2.5840905	-0.6816309
-0.39623162	-0.8367746	-0.11381352	-0.52479315	-1.7422876	-0.7809119	-1.6623963	-0.9793871	-0.268852	-1.3495885
-1.279956	-1.0892212	-1.0717034	-1.2420615	-0.540481	-1.6139709	-1.3577651	-0.89432627	-1.2933108	-0.5544042
0.45863625	-0.22606853	0.7697526	0.35835308	-0.5819752	-0.13217522	-0.9510425	0.011992689	-0.37167263	-1.1109535
-0.7109429	-0.57483685	-0.12562421	-0.77879524	-1.4468111	0.20070793	0.2171893	-0.019766215	0.17376979	-1.6603582
-1.4881866	-1.5067545	-1.0346131	-1.4588544	-0.6691705	-1.6639932	-1.7227185	-1.2658616	-1.2937653	-0.65687424
0.34736922	0.61526287	0.854298	0.25926661	0.49774423	0.41608605	0.047357045	0.9828634	0.08040973	0.09139421
-0.81306624	-1.3411647	-0.4736419	-0.9108029	-1.6092963	-0.34840253	-0.6440856	0.026079275	-0.8871043	-0.60832906
-2.0915415	-1.9327245	-1.2636795	-2.0576699	-1.3489677	-2.2745051	-1.1366787	-0.92736876	-1.7911603	-1.7104471
0.41098824	0.87874424	0.9209318	0.22103195	-0.1591692	0.2601409	0.53161055	1.1330544	0.17216352	-0.6680671
-1.609165	-1.5864853	-1.056977	-1.5365721	-0.52843726	-1.7588016	-1.4890051	-1.4271768	-1.3837981	-1.2935755
-1.6900662	-1.7969857	-1.1248802	-1.6030936	-0.5935463	-1.8895702	-1.880893	-1.0809839	-1.7579659	-0.43172804
0.22329238	1.9412663	0.18548605	-0.09222138	0.7827033	0.3254286	1.7478359	0.2763341	-0.20132273	1.070092
-0.19791251	-0.55917144	0.10162021	-0.2590939	-1.5356308	0.08318586	-0.35625044	0.12592348	-0.3341586	-1.3589082
-0.6611003	-0.8270004	-0.209977	-0.7328112	-1.7320664	-0.13078919	-0.77366424	0.64504176	-0.55468607	-2.2843544
-1.2140707	-1.7368113	-0.79924726	-1.2659438	-2.0228999	0.88052666	-0.6038865	1.1858187	0.66226286	-1.103831
-2.3952558	-2.2005363	-1.4931458	-2.2983499	-0.58946574	-2.8908768	-2.790305	-1.8623362	-2.6029959	-1.6764694
0.73021686	0.7339579	0.9575926	0.42782545	-1.8250899	0.71181214	0.59196573	0.8459161	0.30786982	-1.4249853
-1.4108917	-1.4534113	-0.91012466	-1.3136694	0.052116245	-1.1195067	-0.776212	-0.23530899	-0.08236222	-0.08905163
-0.41330287	-0.48751792	0.05757165	-0.50862044	-0.09187421	-0.4335543	-0.8908166	-0.58857054	-0.14423576	-0.37088013
0.97332805	0.282245	1.3542804	0.7331024	-1.7495604	0.6627129	1.1844243	1.140435	-0.05028188	-1.4441824
-0.53792584	-0.31722036	-0.15383735	-0.5683388	-0.20615089	-0.24653694	0.47557816	0.1601993	-0.19826825	1.6831654
0.21571505	3.395615	0.32414636	-0.17374372	-0.08997169	-0.31911722	3.5848446	0.75627077	-1.2104255	1.2372749
-2.4287436	-2.2356322	-1.4339888	-2.2825232	-1.1642001	-2.2383928	-1.7777028	-0.7451249	-2.2567751	-1.0698556
-1.7011223	-1.9022014	-1.166515	-1.6093187	-1.2026819	-1.9717482	-1.9954246	-1.0399266	-2.3771644	-3.3097353
2.664623	1.3003395	2.5590005	2.3060856	-0.5596099	2.1843274	1.1805804	2.2181754	2.0842056	0.8061208
-1.7858683	-1.6254618	-1.095989	-1.7362409	0.15729544	-2.8035204	-2.3418462	-1.4883212	-2.4441488	0.35497504
-0.73006195	-0.82841563	-0.27028385	-0.9083374	-1.3375263	-1.1493037	-1.2969824	-0.71275336	-1.1721928	-1.1307539
-1.0905864	-1.4763718	-0.61957085	-1.0669667	-2.511963	-1.9685382	-2.2235518	-1.7428747	-2.5492566	-2.282395
-0.21827966	-0.93757856	0.20659287	-0.38749683	-2.8090503	-0.07100938	-0.5487005	0.27279434	-0.72158056	-2.4923892
-1.3314815	-1.6027611	-0.8855665	-1.341286	-1.3560566	-1.3835427	-1.9455829	-0.80508834	-1.3480831	0.09612843
-2.2518933	-2.2801852	-1.4005728	-2.1995168	-2.409429	-2.3181927	-1.8240552	-1.1630845	-3.4863298	-2.2974515
-1.4646127	-1.6913725	-0.89854157	-1.5204984	-0.76815856	-2.1087723	-2.3523781	-1.2812734	-2.0076644	-1.9393327
0.159673	-0.11727752	0.24269807	0.083351836	0.16743997	-0.5993062	-0.44759324	-0.05529292	-0.7963049	1.7226588
-2.1211061	-2.05253	-1.3302566	-2.0192065	-0.54768324	-1.7522886	-1.1162666	-1.5032065	-2.1094036	-0.5017206
-2.5567877	-2.345619	-1.6072495	-2.465166	-0.889513	-2.7574265	-1.1700389	-2.409914	-4.15789	-2.4986787
0.54865354	0.123229116	1.0761487	0.33907682	-1.5107383	0.562591	0.6064541	1.5191509	0.715304	-1.4302876
-1.8558117	-1.9538128	-1.2351967	-1.7756602	-1.565152	-1.8124146	-1.6068093	-1.2841628	-1.4258957	-1.8630592
1.8488997	3.8021266	1.474512	1.2785401	-0.25058448	1.0653834	0.11442456	0.46092442	0.4126616	-1.6688659
-1.0031481	-1.3838854	-0.54063475	-1.1210917	-1.9253616	-0.30411226	-1.035472	-0.043421887	-0.7678107	-2.0603838
0.22168198	-0.042859927	0.49749658	0.018343091	-2.010337	0.8224213	0.92928016	1.1626394	0.660537	-2.0298982
-0.38587317	-0.37456137	-0.17086187	-0.406354	-0.3611507	-1.0228851	-1.1379541	-0.92770034	-1.100496	-1.15138
-0.8267998	-1.1520901	-0.42665067	-0.9223733	0.9949012	-1.1008368	-2.2392173	-1.2049332	-2.0142035	0.97445506
-0.53308326	0.65214264	-0.2567959	-0.7236075	-0.36542442	-1.5469648	0.13698603	-0.9838918	-1.5784248	1.1297328
-1.6520627	-2.0551767	-1.040701	-1.6208735	-0.14255807	-1.2420467	-2.0818954	-0.9659554	-1.6242816	-0.41360858
-2.048195	-2.0662832	-1.3727252	-2.0520523	-2.8178144	-1.9554007	-2.123028	-1.893225	-2.1076045	-2.4079785
-1.3837466	-1.5849483	-0.8486757	-1.3971254	-1.1963191	-0.77603304	-1.1622672	-1.0173117	-1.7052926	-1.5268394
0.20962402	-0.7339486	0.7262269	0.043262646	-2.3240619	0.02027984	-0.5711338	0.61708456	0.121051826	-2.609315
-0.22160229	-1.6096287	0.31626424	-0.319382	-3.9477298	-0.12479449	-0.023553707	0.4285625	0.24681504	0.5800284
-1.0660019	-1.5795503	-0.60499966	-1.0747994	-0.91581213	-1.2709949	-1.6441368	-0.96021926	-1.2821462	-1.0083771
0.6840363	0.9823872	1.36077	0.526801	-0.76467156	0.065359965	-1.0110905	0.7259529	0.27211812	0.040460095
0.7492642	-0.036652595	1.0928844	0.71833616	1.9890085	1.6677574	1.5287597	1.6090678	1.3991694	-0.3144997
-0.26323226	-0.43888205	0.1489448	-0.40066263	-1.9748842	1.1126816	-0.1844158	1.3146856	0.8707677	-1.7037103
-1.883531	-1.7819004	-1.2781789	-1.7993101	-0.49523982	-2.4934804	-1.785227	-1.563036	-1.9024504	-0.8378501
-2.1363318	-2.113618	-1.4115261	-1.9870052	-0.37477866	-1.6715847	-1.7436353	-0.79644847	-2.0254314	0.2118637
-2.3223565	-2.04305	-1.6470158	-2.2453911	-1.0819122	-1.4798781	-1.7250066	0.011544276	-1.3718688	-2.009249
-1.3437668	-1.2774756	-0.9989834	-1.3208513	-1.827129	-1.4705033	-1.1090811	-0.8916899	-1.2364848	-1.8978741
-1.8567904	-1.83152	-1.25069	-1.7849512	0.8380083	-1.9447297	-1.4858917	-1.0285733	-1.6342804	0.9124159
-2.0942886	-2.2499573	-1.3686044	-1.9847001	-0.23411608	-2.1579225	-2.082664	-1.3146446	-2.0845501	1.1657016
-0.7432024	-0.9055872	-0.19179556	-0.8093858	-1.7101358	-1.0912427	-1.7529941	-1.1011792	-1.1172502	-2.2206533
-1.8067513	-1.8660787	-1.1286423	-1.6561779	-1.1792238	-1.5866268	-2.1655333	-0.868259	-0.8376662	-1.2897506
-0.8765339	-1.1644716	-0.40167925	-0.90864515	-0.7082229	-0.3487468	-0.26644546	0.004553691	0.002947667	-0.892791
-0.9350268	-1.144325	-0.5366899	-1.0156734	-2.1565242	-0.2924892	0.24088132	0.4979771	-0.8333268	-1.4767296
-2.4477975	-2.4057407	-1.5938019	-2.3599865	-1.2468545	-3.318048	-2.8498273	-1.9622177	-3.8468475	-2.3309033
-0.46087378	-1.4172076	-0.2231383	-0.45920622	-0.8398841	1.4891919	0.18834053	2.2502642	1.6194785	-1.0085151
-0.66254157	-0.99067485	-0.21350929	-0.80263215	-1.6889123	0.009088624	-0.13538677	0.5400061	-0.52482575	0.56994194
0.1658586	-0.852769	0.46388212	0.085445866	-1.2554083	1.5505953	0.4321065	1.5793076	1.1903979	-1.1637114
-0.47436875	-0.99546194	-0.15331349	-0.64609736	-2.0299113	-1.1658524	-1.0355703	-0.6617594	-1.5208136	-2.2066214
-0.18460582	-0.50607	0.26518935	-0.3481741	-1.6254203	-0.5416303	-0.981002	-0.27620873	-0.36848497	-0.94142634
-0.3689445	-1.5279069	-0.15796837	-0.47364378	-1.7617024	2.8176727	0.00991793	3.3994195	2.3551037	-2.0675101
1.0838274	0.46826074	1.5246421	0.8371872	-1.6810734	0.24253269	-0.15909296	0.98457783	0.15920137	-2.0124543
-2.7147372	-2.4563377	-1.7337013	-2.5970304	-1.2259613	-3.009661	-2.5485675	-1.732662	-2.817681	-1.1360667
-0.68744856	-1.1054211	-0.12784389	-0.83888894	-0.5038029	-1.6858572	-1.8011296	-0.72994405	-0.8069554	1.3613418
-1.7343183	-1.8791512	-1.1713237	-1.5893711	-0.9596087	-2.053598	-1.9209093	-1.4642105	-2.2186582	-1.143347
0.1681037	-0.77341473	0.77157795	0.10461323	-1.7627501	0.26690263	-0.7476129	0.6927551	0.38793403	-1.9646072
0.44278243	0.27597055	0.6125481	0.27607214	-0.6329044	-0.25950593	-1.1027188	0.036453865	0.3688196	-1.1013032
-2.1373754	-1.4246198	-1.1688569	-2.1287508	-2.1623218	-0.32937565	-0.82116383	-0.75454205	-0.5776631	-2.0941384
0.32235777	-0.050260603	0.8026123	0.25118476	-0.28907204	0.5182456	0.039374705	1.0295738	0.35157296	0.5528898
-0.5382294	-0.20126665	-0.01926598	-0.6322767	-0.09896803	-0.032227796	0.10251855	0.40689346	0.5066433	-0.36360395
-1.4936641	-1.5572857	-1.2538137	-1.4823004	-1.0629728	-2.071197	-2.0447268	-1.7252109	-1.777818	-0.3192567
-2.5274923	-2.4118402	-1.6600441	-2.4386702	-2.2413409	-2.351527	-2.8975408	-1.5161297	-2.469009	-1.2208984
0.9303773	0.9463773	1.0406606	0.6935562	0.33834907	0.62624615	0.104293965	0.5145105	-0.06576727	-1.8002228
-2.0628057	-2.1110103	-1.2371516	-2.0227838	-1.6636868	-2.152939	-2.673888	-1.2089026	-2.2720451	-2.3412352
0.95150095	1.145769	1.0932766	0.7712969	0.3514382	0.031035777	-0.2703387	0.35356414	-0.29556847	-1.646157
2.811148	3.5449543	2.0620432	2.3004088	2.25635	2.9928098	4.3068447	2.7498531	2.16663	2.3805256
-1.609774	-1.6686184	-1.0449268	-1.5686233	-1.016259	-1.807714	-2.2235518	-1.7230455	-1.3081497	-0.6391895
-1.8612121	-1.8196069	-1.1737443	-1.8231456	-0.8166243	-1.6100167	-1.2342099	-2.09491	-1.3273326	-0.31577143
-1.55158	-1.5320076	-1.0941732	-1.4486134	-0.34713796	-2.50206	-2.0290003	-1.4023149	-2.4091873	-0.8090849
-0.84579927	-1.0846846	-0.36360154	-0.8247611	-1.5301588	-1.1437265	-0.9251099	-0.430847	-1.3468081	-1.9336479
-1.2807782	-1.7370728	-0.93516433	-1.243835	-1.4265727	-1.1403737	-1.4545078	-0.7300285	-1.0780029	-1.2591199
1.3791833	2.9355266	1.4568915	1.0807343	1.1528977	2.5663478	3.2305982	2.7790658	1.9936737	0.3270062
0.61753386	1.4108003	0.5454089	0.46945083	1.1346555	0.6833255	3.2745652	0.70967704	0.8974046	1.1584518
-1.8248836	-1.5754125	-1.508204	-1.7576038	-1.2409346	-2.2291071	-2.5675397	-1.5962464	-1.9611367	-1.1317928
-0.37371072	-1.1868346	-0.06272742	-0.35889083	-0.012318164	-0.48992693	-1.4644858	-0.74027836	-0.25059602	-0.86629367
0.15041313	-0.7074578	0.38426426	0.07799928	-0.67801166	0.42517182	-0.47321784	1.3397276	-0.12873687	-0.5213636
-0.7052113	-1.0307169	-0.3987209	-0.7298	0.30987087	-0.49312297	-1.225559	-0.43577322	-0.6347919	1.5257322
1.3465239	0.8864541	1.0682356	1.1138607	0.07605353	1.6417605	1.8966986	0.88324815	1.017448	1.272728
-1.2040802	-1.2499279	-0.6910701	-1.2048452	-0.99376035	-0.6801064	-1.2380484	-0.0765302	-1.1727171	-1.3766367
-1.3278872	-1.5821766	-0.8255569	-1.2462549	-0.66922545	-1.5798562	-1.8455889	-1.4273143	-1.5437542	-0.7829692
-0.4090502	-0.8786124	0.09540233	-0.5262859	-2.0433629	-0.526703	-0.82609165	0.13342826	-1.0138904	-2.3348835
-1.649161	-1.8257422	-1.1029432	-1.5778625	-1.169143	-1.5470514	-1.7269319	-1.1093804	-1.957697	-1.7738502
-1.8009859	-1.7642585	-1.1326036	-1.7764332	-0.57909817	-1.448574	-1.5502573	-1.0192692	-1.1022679	-0.17778678
-1.2520951	-1.1913087	-0.99416745	-1.27654	-1.2891719	-2.067	-1.9696703	-1.0143698	-2.5175383	-1.5585287
-0.25632855	-0.6491106	0.18668416	-0.39666024	-0.6513473	-0.06416311	0.006519385	0.7765095	0.40311292	-1.0791174
-2.4148154	-2.2870545	-1.6947494	-2.2958574	-1.514251	-2.7790837	-1.9238442	-2.169357	-1.9656311	-1.93149
-1.8965642	-1.9214655	-1.1817075	-1.8053805	-0.8108238	-2.0281143	-1.9907866	-1.8270937	-1.4042903	-0.7156707
-1.4406744	-1.5632057	-1.0127645	-1.3354335	-0.9750562	-1.3508118	-1.6028719	-0.98952115	-1.5962925	0.33461198
-1.3555048	-1.504086	-0.9357476	-1.2904054	-0.9353372	-0.8769765	-1.2226151	-0.38868868	-0.30197278	-0.55070615
-1.7984906	-1.9556366	-1.2309418	-1.7217621	-2.3784575	-2.5009558	-2.672883	-2.62267	-2.5405884	-2.2021854
-2.0341897	-2.3380885	-1.3665506	-2.0254884	-2.77651	-2.428153	-2.0250993	-1.4674615	-2.3479831	-2.3073182
-1.285328	-0.7458116	-0.78226984	-1.4057373	-0.94490874	-1.3498732	-0.715329	0.10729649	-1.7951379	-1.0422719
-1.7533662	-1.8218791	-1.2549506	-1.6457419	-0.9698262	-3.109282	-3.0508459	-2.3075333	-2.74046	-3.0022037
-1.599194	-1.5444088	-1.1158968	-1.5717236	-1.1463358	-1.7448342	-1.6145597	-0.84657216	-1.3318802	-0.6788346
-1.2086631	-1.2350502	-0.70437014	-1.0776187	-0.23435524	-0.9546413	-1.3555502	-0.7571753	-0.98099816	-0.42378855
-0.70477897	-1.2714188	-0.19647643	-0.8672435	-2.4677584	-0.28057092	-1.0984266	-0.08773596	-1.2771802	-2.6688788
-0.86823124	-0.7475524	-0.48897758	-0.97416264	-1.142613	-1.3731546	-1.184954	-0.8678875	-0.1020834	-1.4549332
-1.6246645	-1.7892984	-0.9956571	-1.6098484	-1.5963337	-1.4896253	-1.830947	-0.5757113	-1.565969	-1.2250903
-1.7877511	-1.9111383	-1.2933835	-1.6737862	-1.2253842	-1.8315716	-1.8346869	-0.68108207	-2.3364415	-1.0333067
-0.6555716	-1.4267623	-0.35802016	-0.5682465	-1.8737787	-1.2797289	-2.0587173	-0.7842895	-1.4189305	-1.6379406
-1.4507211	-1.6322845	-0.94495976	-1.4182867	-1.1574018	-1.7496856	-2.012864	-1.4901655	-1.3380444	-0.24325241
-2.44719	-2.3355649	-1.572999	-2.339734	-1.1968174	-2.628387	-2.630331	-1.599182	-2.9568274	-2.2202785
-1.0393997	-1.2597541	-0.4444954	-1.051985	-0.5850941	-0.33552113	-1.1364864	0.09770245	-0.4063522	-1.4063882
-0.649199	-0.62866384	-0.4556782	-0.7702019	-0.8205317	1.1484854	-0.08912345	0.7294995	1.6274245	0.55044097
-1.3508842	-1.5905517	-0.84081125	-1.4007246	-2.1433907	-1.9711351	-1.8095475	-1.0475259	-2.4770129	-2.2393224
-1.9572154	-2.0680876	-1.2654434	-1.922196	-1.3772839	-1.8631178	-1.9510063	-2.0833333	-1.9367727	-2.5450094
-1.1755521	-1.3161962	-0.42314425	-1.1049181	2.068755	0.14051186	-0.34424022	0.037240192	-0.017557537	4.4112387
-1.7260842	-1.661166	-1.1327891	-1.7119976	0.068850815	-2.5171764	-1.9263806	-1.3480268	-2.2374775	0.013178292
-0.6265108	-0.82460976	-0.5291548	-0.60202116	-1.3574475	-1.0233238	-1.6585747	-0.8889706	-0.736673	-1.7316767
-1.4801348	-1.820387	-0.98826456	-1.3729249	-1.4354112	-1.1849928	-1.6265503	-0.66615057	-1.3400967	-1.5228808
-2.6766703	-2.3991306	-1.7434177	-2.5660405	-1.6470848	-2.3811646	-2.2993326	-1.7318835	-3.1780941	-1.9673755
-2.369664	-2.2232893	-1.6134073	-2.249156	-1.0922154	-1.8495878	-1.7021135	-1.6615613	-1.8774539	-0.9690499
-1.0541209	-1.3749129	-0.68529415	-1.0159132	-0.35095653	-1.3060586	-1.5428381	-1.3588407	-1.1543207	0.08707828
0.31355193	0.22974911	0.85823107	0.098993465	-2.2817771	2.272821	-0.5205548	2.2091384	1.2391019	-2.867522
-0.6331748	-1.0552268	-0.2681789	-0.6948734	-0.05034828	-1.8000983	-2.1552553	-0.62657464	-1.1709652	-0.90743256
3.8738644	3.2163663	3.033442	3.5000272	0.17488083	1.8569999	1.7594167	2.2643094	2.1575823	-0.3382811
-0.080781735	-0.60730016	0.08709094	-0.20167191	0.09760362	-0.75631016	-1.1589031	-0.035455685	-0.87076896	0.083595924
-0.40414408	-0.54784244	0.048055083	-0.41411942	-0.7994596	-0.59534436	-0.88364637	-0.43824044	-0.68827236	-1.0017822
-0.52998126	-0.46468562	0.11365959	-0.6011231	-0.33273986	-0.45884377	-0.8167906	0.7264486	-0.2135647	-0.2939233
-0.8690694	-1.3325657	-0.5032042	-0.84306586	-0.7068629	-1.5353919	-2.01926	-0.7506424	-2.254419	-0.6912787
-2.008795	-1.9858351	-1.230597	-1.9718416	-0.7082484	-2.5611129	-1.8145787	-1.1552702	-2.6125195	-0.08584734
-0.41874862	-0.42485926	-0.02340725	-0.4128676	-0.8314731	-1.5738957	-2.4476907	-1.5591574	-2.0502813	-0.72062826
-1.5531493	-1.7526398	-1.0061034	-1.6195147	-1.6581991	-1.4247223	-1.1550175	-0.84483933	-1.2370603	-2.2949245
-2.2722628	-2.24839	-1.4699434	-2.166537	-0.8379525	-2.0691416	-2.4494941	-1.7611723	-1.4672389	-2.056768
-1.8934966	-1.9175829	-1.2386833	-1.7377725	-0.7651724	-1.9705075	-2.3458903	-1.4970233	-2.4585485	-1.0455
2.3274999	-0.29852843	2.1140447	1.9736631	-0.62328017	0.4215979	-0.9998628	-0.22437201	-0.12049359	-0.6347845
0.04878696	-0.5830287	0.28448966	-0.08691861	-1.3149266	0.275156	0.5064874	0.14516225	-0.32595015	-1.202413
-0.4495732	-1.1991515	-0.05061385	-0.4413784	-0.7124053	-0.6970879	-0.9940095	-0.36334607	-0.6314898	-0.40170616
0.14388314	0.04751885	0.5797123	-0.08745776	-1.972955	0.31458694	0.4587194	0.8895179	0.05121	-2.451826
-1.4658005	-1.6556683	-0.9429519	-1.4306269	-0.7502581	-1.7921076	-2.210242	-1.1321595	-1.7427264	-0.61626863
-0.28118786	-0.1991002	0.004788369	-0.36371946	-0.38949543	-0.14152053	1.8636401	0.633605	-0.3196598	2.3628843
-2.2387567	-2.1327438	-1.4969958	-2.1501482	-1.1776013	-2.282852	-1.753791	-0.59475666	-2.3199365	-1.1573814
-1.8244264	-1.9389222	-1.2762312	-1.7153885	-1.441413	-1.499807	-1.1935052	-0.5247762	-1.914067	-0.8329886
0.23583105	-0.62548524	0.64038664	0.035379574	-2.344334	-0.13024472	-1.4392744	0.7274153	-0.3073705	-2.1858537
2.5775487	2.8922405	2.1857264	2.1753094	2.3551526	2.6155293	4.2285943	1.8563956	2.714416	2.1459465
-0.94541997	-1.5885876	-0.67930496	-1.0028245	-1.7699758	-1.3872693	-1.3522031	-1.2474685	-1.7298352	-2.0007763
-0.19660288	3.8582046	0.095529124	-0.64634967	0.020524979	-0.020980604	4.9844003	1.4207652	0.7824896	1.576496
0.0641176	0.39253715	0.38220954	-0.23053838	-0.55526274	-1.5906231	-1.1198872	-1.0267442	-1.4331787	-0.8296856
-1.5617751	-1.5973072	-0.96739197	-1.4671342	0.39520624	-1.4805715	-1.8031428	-1.2535074	-1.8048283	-0.3746924
-0.4659193	-1.4964857	-0.03403786	-0.44135094	-0.07863614	-1.389792	-1.6968794	-0.6965349	-2.3039079	-0.10732081
-2.2527697	-2.2868643	-1.4291996	-2.1892076	-2.2274706	-2.3940794	-2.523583	-1.6856241	-2.7039118	-1.8722795
-1.8151187	-1.9098852	-1.2148142	-1.6880778	-0.669346	-2.874416	-1.9960154	-1.2623273	-2.3231926	-1.3141187
0.51494247	-0.6227633	0.8584411	0.3961916	-1.245292	-0.8416235	-0.030819843	-0.4003842	-1.6169115	-1.0885137
-1.6278074	-1.826133	-1.0949246	-1.5353359	-0.95379066	-1.5938519	-2.7618484	-1.6608193	-2.158469	-1.1268655
-0.8042186	-0.41347075	-0.3476521	-0.95162517	-0.5511799	-0.4062208	1.0768014	-0.15326113	-0.75111836	-0.04083808
-0.3793917	-1.3476245	-0.22214451	-0.24629368	-1.6523954	1.448572	-0.35788363	1.6121432	1.7027285	-2.2416272
1.4938188	0.96589994	1.7252938	1.2513347	-0.5771507	0.9263605	0.64717335	0.67668694	0.8789446	-0.54622626
-1.1442261	-0.82995987	-0.5066427	-1.3007374	-2.134178	-1.9593546	-2.0102444	-1.622448	-1.4422795	-3.2158515
-1.8820156	-0.9987472	-1.105963	-1.8922075	-1.9574649	-1.1445363	-1.1064801	-0.7749403	-1.3185562	-2.6653945
-2.0040395	-2.1181471	-1.3350245	-1.9470184	-0.8648572	-2.3034484	-1.6390111	-2.1648836	-2.8597102	-1.935089
-2.2479572	-2.0631912	-1.2900288	-2.1411195	-0.27547607	-2.4504004	-1.7613534	-1.7157903	-2.7404966	0.75275344
-2.108601	-2.1746655	-1.4038812	-2.0091958	-2.0493274	-1.6674488	-1.3323746	-1.4870576	-1.6040205	-0.7273797
-1.5244056	-1.6694002	-0.9647869	-1.467935	-0.48719886	-1.7014388	-1.7878116	-1.1362762	-1.2376693	-0.9529741
-1.8300418	-1.6506867	-1.2208728	-1.7629199	-0.12093711	-2.2607	-3.5080314	-2.3867784	-2.7987013	0.81411797
-1.7639595	-2.043432	-1.2795055	-1.6885458	-0.8638884	-1.8863944	-2.2069013	-1.4088684	-2.0884936	-0.5454012
-1.6479113	-1.6876788	-1.1212946	-1.5512673	0.50633574	-2.1373227	-2.5534923	-1.0126618	-2.2911243	-0.11947269
-1.0198457	-1.2762663	-0.69902587	-0.94236827	-0.7301799	-1.5046736	-1.3938884	-0.45059076	-0.9734054	-1.4859335
-2.2396939	-2.4053094	-1.4967735	-2.1765864	-1.3917469	-2.456634	-2.0535195	-0.8379214	-2.4484396	-2.8842442
-1.6937721	-1.6396899	-0.9937346	-1.5864515	1.2058476	-1.383706	-1.5041316	-0.7209406	-0.691153	1.4497632
0.58104837	0.50670207	0.9824858	0.36010665	-1.6525637	0.7641758	1.5093687	1.4213111	0.6897072	-2.185175
-0.18200943	-0.88366175	0.18138537	-0.22170232	-2.2898736	-0.1891431	-0.9181055	0.15081207	-0.0004586655	-2.3187895
-1.7386597	-1.9868262	-1.2188703	-1.5846531	-2.092836	-1.3994684	-1.0788782	-0.599318	-2.1041803	-0.9847249
0.061119728	-0.5988965	0.75219667	-0.0593393	-2.2090337	0.40952617	0.0859756	0.8068406	-0.021165129	-1.9827793
-1.8225702	-1.6982704	-1.1870527	-1.7973418	-0.8449272	-1.910275	-1.5745782	-2.0091984	-2.885434	-1.7880881
-2.7195733	-2.5400596	-1.7859418	-2.5870876	-2.3618824	-3.3440623	-0.8831272	-1.5539714	-1.114771	-2.1808484
-1.1499219	-1.5442512	-0.6341785	-1.1521021	-1.5000578	-1.5105772	-1.4960779	-0.89159	-1.3810811	-1.609641
-0.36328974	-0.8842528	0.047110677	-0.48562956	-2.19113	0.18879177	-0.9185236	0.3792076	0.5157086	-2.1104796
-0.7696056	-1.3217534	-0.44519696	-0.7421125	-2.3623629	-0.7389785	-0.76548874	0.6952209	-0.31355745	-3.2349281
-1.8022541	-1.8234016	-1.2775576	-1.7017733	-0.20405462	-2.0657218	-1.8527236	-0.8446057	-2.0192132	-0.38933152
0.035242416	-0.5176927	0.45992	-0.08187123	-1.2143552	0.69688314	-0.26475152	1.2266947	0.80479157	-2.0296998
0.56699944	0.469098	1.156012	0.4127292	-0.11751951	-0.14570262	-0.31654128	0.22531216	-0.23053005	-1.1898307
-1.1857404	-2.2166574	-0.6408738	-1.1799666	-1.8204094	-0.059679374	-1.3348972	0.4495431	0.26733994	-1.135132
-0.21516648	-0.9241878	0.16359761	-0.37759763	-2.449263	-0.2094629	-1.139365	-0.038031645	-0.71277153	-2.5127227
-0.112024285	-0.21747619	0.13605025	-0.16718443	0.5826709	-0.41956314	-1.0499554	-0.2721571	-0.24207288	1.9853476
-0.7236507	-1.1438212	-0.27617422	-0.79359007	-1.3608743	-0.5220163	-1.56338	-0.494671	-1.2089403	-0.9871901
-1.3113359	-1.6770539	-0.78065765	-1.2643604	-0.04050401	-1.0374433	-1.5057677	-1.0270144	-1.6628349	-0.26716182
-0.16280371	-0.8530513	0.17013541	-0.34360665	-2.0322073	-0.25372985	-0.80287784	-0.3035819	-0.3020487	-2.4921737
0.76925665	-0.28469115	1.2840666	0.56356037	-1.739799	0.2878828	-0.52556354	1.2443396	0.1945799	-1.7992299
0.44278118	-1.0072614	0.6460546	0.3314463	-1.3120595	0.17239758	-1.7535312	0.28776613	-0.34755644	-1.3452319
-2.5714414	-2.243714	-1.6226039	-2.5186498	0.07593045	-2.5918553	-2.150573	-1.2191756	-2.4244921	0.5931585
0.006652884	-0.77187765	0.46136796	-0.1527167	-2.112884	0.12870328	-0.29076046	0.4657435	-0.15117261	-2.31057
-1.7299688	-1.553833	-1.1225204	-1.6619391	-1.7269912	-2.0188155	-1.5483351	-1.9833797	-2.1559584	-1.7744901
-1.2188767	-1.5261773	-0.6312486	-1.2767781	-2.5223594	-1.9654121	-2.0635571	-1.2182062	-2.4269052	-2.3144476
-1.0998327	-1.2268382	-0.70086145	-1.1852167	-1.1337398	-1.0030586	-1.6675136	-0.032829177	-1.5014509	-1.2862266
-0.06731907	-1.2158834	0.20816848	-0.065925434	-2.4209547	0.78418195	-0.7849826	0.9846866	-0.12801345	-1.7806128
-0.15769687	-0.57786375	0.3173985	-0.25913233	-0.8992131	-0.2895834	-1.3069328	-0.649346	-0.84920913	-1.1764256
-1.642217	-1.3842524	-1.0228367	-1.6192542	-0.5118706	-1.5507766	-1.4982305	-1.0108097	-1.6915735	-0.84994817
-0.10833434	-0.15551403	0.35733533	-0.30854094	-1.5851628	-0.84940875	-1.0548531	0.012579709	-0.7915375	-1.6616608
-1.3962146	-1.7817137	-0.83207583	-1.470526	-2.2939136	-2.4173312	-2.6139731	-1.7223258	-2.9202187	-2.2938416
-0.09221528	-0.073141634	-0.2808064	-0.13272174	-1.5420704	-1.1373423	-1.4774653	-0.6631267	-1.466151	-2.2128668
-1.3606387	-1.3250055	-0.8696418	-1.231249	0.96677744	-2.2774694	-2.0804276	-1.9729534	-2.0397701	1.4644926
-1.5848355	-1.5824832	-1.0814873	-1.524194	-0.9642707	-1.343315	-1.5343764	-0.5463642	-0.9971835	-1.0779881
-0.27044553	0.4599078	-0.03767714	-0.34246832	0.6264086	-0.37193668	0.14894281	-0.39143458	-0.036845867	2.102863
-2.4525526	-2.486688	-1.6396173	-2.3826451	-1.8260391	-1.7528018	-2.0533748	-2.2450175	-2.102343	-0.14816485
-2.2264674	-1.8671914	-1.3509262	-2.1308835	-0.67207646	-3.013383	-1.7726516	-1.5798335	-3.7221012	-2.3030615
-1.6118909	-1.9362161	-1.0120687	-1.6210997	-1.3557789	-2.4638531	-2.4988139	-1.2687918	-1.0943348	-0.60166264
-0.33913612	-0.44894034	0.03609848	-0.48959213	-0.70815027	1.2024814	-0.19419047	1.4288458	0.9938486	0.5973391
-1.0488037	-1.1373498	-0.66286147	-0.99781674	-0.33718452	-1.9522352	-2.2052968	-1.2263489	-1.3897905	0.11358422
-1.0068278	-0.8590715	-0.5874288	-1.06916	-0.5471388	-1.3990144	-1.0636474	-1.3046473	-2.0637527	-0.83282423
-1.455274	-1.8220159	-0.8772931	-1.5653418	-2.0829206	-1.5001479	-2.0976427	-1.3077075	-1.7905204	-2.5633428
-0.5657605	-1.2519784	-0.22357112	-0.63763314	-1.6891552	0.2810626	-1.6209843	0.004954189	-0.4359252	-1.8592638
-1.5991274	-1.9008502	-0.98007166	-1.5806859	-1.4517057	-1.8068514	-3.0415566	-0.7929597	-3.1584651	-2.882019
0.57965446	-0.03970614	1.0886109	0.38394397	-1.7796277	0.5157187	0.2592268	1.0739218	0.7262944	-1.6769058
-1.4130069	-1.5659497	-0.9708234	-1.3708678	-1.4321009	-1.6191626	-1.9805303	-0.7028285	-1.5866779	-0.77791226
0.45977333	-0.25602832	0.7759385	0.21657287	-2.1121998	0.52963763	-0.48748267	1.119299	0.37500554	-1.9775305
0.29928386	-0.39138073	0.6550133	0.08661215	-2.0454898	0.04815581	0.13247195	0.59657943	-0.036702283	-2.024319
-1.7957125	-1.9526685	-1.1554817	-1.709334	-0.6941545	-1.9821022	-2.3213236	-1.6107745	-2.1546848	-2.377962
-0.6561794	-1.2003726	-0.2888809	-0.7890973	-1.5602692	-1.0129955	-1.5300686	0.0060933395	-1.4316776	-2.4328928
-2.6126156	-2.0496013	-1.9897523	-2.441867	-0.8579037	-3.3900323	-3.3573506	-2.7621756	-3.4173787	-2.7684634
-1.434128	-1.1788207	-0.93711424	-1.4123954	-1.573512	-1.5507553	-1.3567965	-1.1065077	-1.8873254	-1.2135874
0.6048368	-0.19355166	0.80447924	0.42471188	-2.2200541	-0.2865895	-0.5438522	0.4317378	-0.7033298	-1.4833595
0.39368716	-0.3172957	0.8171227	0.24770288	-1.5578731	0.37005833	-0.81733626	0.97945863	0.56648624	-1.3539231
-1.8876778	-2.0162065	-1.3348845	-1.7766178	-1.8996452	-1.5473521	-1.7160214	-1.6467849	-2.0442073	-1.9978099
0.21819934	0.41027924	0.5377376	-0.020674571	-1.2441391	0.24349004	-0.3349779	0.35604784	0.11780315	-1.5496439
-1.8155658	-1.9863415	-1.2562215	-1.776303	-0.7328582	-0.42458147	-1.5675061	1.0254266	-1.5400319	-0.31599456
1.1837617	0.35513	1.5178033	0.99594676	-0.9768878	0.96247965	-1.5448228	1.9319383	0.6057586	-3.1398697
-0.4926347	-0.7706636	-0.1127238	-0.56563544	0.664871	-0.9596246	-1.3585448	-0.19858496	-1.1138004	-1.1859252
-1.2747774	-1.5212301	-0.8384656	-1.2235891	-0.08284721	-1.9005361	-1.7585173	-1.2528313	-0.78899896	-1.5593593
-1.9578464	-2.0178149	-1.2282723	-1.9386457	-1.2399845	-1.8982898	-2.2011483	-0.8169466	-1.4599814	-1.3757023
0.71446455	-0.5548233	1.2086221	0.5272093	-2.5908184	0.28532	-0.8118245	0.8598567	0.46352613	-2.1335218
-0.5791514	-1.0608166	-0.09050605	-0.7000629	-1.1658927	-0.9173979	-0.79855615	-0.6770644	-1.562743	-0.95219636
0.48817942	-0.35501242	1.0193224	0.28403276	-2.6436071	0.034467835	-0.7526082	0.15801316	-0.9145342	-2.2013972
-1.8906643	-1.7372172	-1.4146138	-1.7645906	-0.7085942	-2.1414564	-2.4436445	-1.2682722	-1.4854399	-0.9918724
-1.885856	-2.1063004	-1.1408291	-1.8403721	-1.5974854	-1.802322	-2.5435903	-1.1217929	-2.1042104	-2.197944
-1.7347332	-1.8785721	-1.2192013	-1.631066	-0.80023897	-2.1680984	-2.5928938	-1.069967	-1.9056915	-0.69586873
0.6473761	0.52374446	1.143177	0.47508705	-0.5999301	0.39534247	-0.07172861	0.75709915	0.28014472	-0.59987557
-0.16820946	-0.29632422	0.2422241	-0.22416474	0.12889352	-0.34361964	-0.5392006	0.038621936	-0.58518326	-0.53292805
-0.081013925	-0.39577731	0.103707865	-0.19541614	-0.74226916	-1.1933212	-0.89468515	-0.8212142	-1.2011558	-1.5719407
0.8580568	0.58381414	1.0385139	0.6741939	-0.9535979	1.0131896	0.14857295	1.2163552	0.9973369	-1.2883658
-0.5145464	-1.2117431	-0.19402179	-0.6525284	-1.1116835	0.46134743	-1.2616498	0.6684736	0.08978492	-1.6022527
-0.9564467	-1.1518667	-0.4026343	-0.9217379	-0.52330816	-1.0738386	-0.94986165	-0.5625192	-0.9333816	0.94462234
-1.1104246	-1.4130284	-0.6044781	-1.0554588	-0.6936182	-0.650071	-0.9508062	-0.14074047	-0.5078902	-0.4096942
-1.5206488	-1.6698601	-0.9363493	-1.4895542	-1.33793	-1.4239961	-1.8063602	-1.0906467	-1.6477611	-1.5035862
-0.807107	-1.1948124	-0.35114977	-0.94184506	-2.11204	-0.9081451	-2.0604115	-0.85413855	-1.1376127	-2.380681
-0.6037744	-1.0304905	-0.3267139	-0.5966938	-0.84939885	-0.92788494	-1.1819571	-0.7076299	-0.8833547	-0.6621846
-2.2741494	-2.3199499	-1.663019	-2.1227999	-1.8740627	-2.739632	-1.8893967	-0.70493174	-2.1759214	-2.2741377
-1.0134714	-1.3854645	-0.6229944	-0.98417383	-0.9095304	-1.6775289	-1.8312008	-1.1627241	-1.178799	-0.5390082
-0.41645786	-0.7901621	-0.24204841	-0.3426416	-0.20380029	-0.510888	-1.5292886	-0.48935133	-0.28185675	0.031822015
-1.3739978	-1.5423142	-1.11689	-1.3046719	-0.73159325	-1.8857487	-2.1860723	-1.7423614	-2.095808	-1.2923373
-1.4407773	-1.4446439	-0.90073454	-1.4217304	0.003399074	-2.6700084	-2.2941318	-1.3641995	-2.3501868	-1.174081
-0.9442724	-0.97148144	-0.6407453	-0.97468144	-1.2077374	-1.7351322	-1.9163815	-1.1836643	-1.3505313	-2.360275
-1.7685934	-1.5149994	-1.0391128	-1.6648895	2.2540908	-1.6634263	-1.7903453	-1.107813	-1.4440545	0.06402132
0.3583351	-0.7561995	0.76439655	0.18374269	-1.8767675	0.5843576	-0.5227613	0.999986	0.39016163	-1.8937918
-0.733339	-0.4298832	-0.44945964	-0.7179496	-0.14084059	-0.7228387	-1.6416912	-0.30201167	-2.0678627	-0.51507825
-1.2980243	-1.2990186	-0.81624305	-1.2420037	0.72757614	-1.1506796	-1.6297301	-1.0398339	-1.4214495	-0.36572897
-1.8544486	-2.0653684	-1.2299832	-1.841002	-1.6668128	-1.2874613	-0.43479356	-0.8939652	-0.8466298	-1.1088347
-1.1948503	-1.7515794	-0.4174635	-1.2594508	-2.4583728	-0.051032044	-0.08662894	0.64433664	0.058190033	-1.7412761
0.7301358	0.24478379	1.2292842	0.52872825	-1.6394813	0.4555853	-0.4481537	0.49444574	0.2793495	-1.6348201
-2.1386733	-2.329815	-1.4156244	-2.0565772	-1.8090233	-2.4091165	-2.6541755	-0.687618	-2.302612	-1.5339422
-1.3132677	-1.4299446	-0.7384232	-1.2987653	-1.0134966	-0.85230476	-1.2728498	-0.501309	-1.6452122	-0.27294457
-0.26337004	-0.78710794	0.09365842	-0.28566796	-0.0734888	-0.9787298	-1.6692463	-0.76745284	-1.6608174	1.1782565
-1.9208059	-2.0127368	-1.3080006	-1.8128107	-1.9211937	-1.3679144	-1.281238	-0.6762397	-1.0320371	-2.2021284
0.6488344	-0.14393346	1.1771876	0.46104956	-1.5441775	-0.03993086	-0.7233902	0.77029395	0.17751157	-1.6523737
-0.62429976	-1.5103278	-0.10582796	-0.64311886	-1.7111835	0.118641056	-1.5593237	-0.1390583	-0.3467364	-2.4007645
0.49839655	1.0860517	0.60863614	0.22175984	-0.708573	-0.6548199	2.529843	0.42864025	-0.9627679	-0.013874538
-1.9799314	-1.9883875	-1.4067972	-1.9041333	-1.8013102	-1.7906284	-2.6908388	-0.39808536	-2.1956372	-2.2393837
-2.0734253	-1.9890819	-1.3085488	-2.0129573	-0.27414453	-2.178876	-3.0737538	-0.71863765	-2.182307	0.8246879
-0.9891584	-1.247325	-0.5895444	-1.130382	-2.5574422	-0.6009934	-0.5852223	0.13631721	-0.20235574	-2.5989542
-1.555733	-1.5874404	-1.0076027	-1.4800991	-0.7115152	-1.5372473	-1.1992606	-1.3375198	-1.8372433	-0.78369725
-0.38960496	-0.8226905	0.047641262	-0.54090196	-1.8625916	-0.30401	-0.8180954	-0.2317493	-0.324016	-1.8469044
0.48198703	0.19154358	0.8737099	0.2164389	-0.8444967	0.37093267	-0.022117332	0.53518444	0.18839689	-1.4836715
-0.02925282	-0.4961198	0.19808313	-0.14735518	-1.0536839	0.6189853	0.25114542	0.5410706	0.3700303	-0.1890371
-1.8587862	-1.3077712	-1.6416936	-1.7706741	-1.3796244	-1.8017646	-1.7300559	-1.4813015	-1.4439133	-2.0249214
-2.277113	-2.1796932	-1.4497824	-2.2245815	-1.4272453	-1.990552	-2.0159104	-1.5895045	-2.2175925	-1.4100925
-2.1121478	-2.100605	-1.5125655	-1.9962722	-1.7662352	-2.136918	-1.6273321	-1.2426364	-1.8854139	-2.551339
0.36421886	-1.0178459	0.30830935	0.2812279	-2.8482997	0.19174324	-1.8406404	-0.31713918	0.44281995	-2.9626038
-1.3494494	-1.6376258	-0.74998724	-1.4270744	-1.9916806	-0.77202845	-1.3328854	-0.1817758	-0.64738226	-0.8361968
-2.1875112	-2.3163056	-1.4114479	-2.0347657	-1.8303529	-2.1859217	-2.4272952	-1.2163842	-2.3138242	-2.129362
-2.3897882	-2.0146806	-1.6622514	-2.2907348	0.34377047	-2.745882	-2.037815	-2.4893913	-2.5272918	-0.0832262
-1.1273382	-1.4051315	-0.6512257	-1.235712	-0.63573635	-2.1458983	-2.213648	-1.4554482	-1.8719424	-1.0156256
-1.4142115	-1.48447	-0.96666586	-1.3809649	-0.8732742	-2.2331076	-2.5858285	-0.6917205	-1.3240494	-0.43534485
-0.24527997	1.0281224	0.488022	-0.4450028	-1.0387659	0.42290756	0.29043525	1.2804854	0.40700245	-1.8294902
-2.559342	-2.4809191	-1.6862288	-2.4630072	-1.9234657	-2.9100165	-2.068923	-2.7339604	-2.9079213	-2.1172578
0.1713315	0.785406	0.32858834	0.02798368	-0.8806101	1.222991	0.7513024	0.27209905	1.1109366	1.2205153
-2.6262186	-2.3460338	-1.6082532	-2.4636915	-1.4789791	-2.0602288	-2.1555538	-1.8088288	-2.2861612	-1.4457082
-0.357994	-0.91077006	0.003459528	-0.4825492	-1.5992513	0.20554674	-0.48191258	0.049583927	-0.69418436	-1.8798429
-0.44922733	0.49358782	-0.22576538	-0.6276662	-1.294114	0.6784121	1.1910993	0.32097337	0.3484053	-1.0402887
0.5859176	-0.14704113	1.0337722	0.37576807	-1.8300925	0.6687404	0.05278041	1.3435163	0.38047045	-1.9197562
-1.4732854	-1.7493795	-0.7980176	-1.5379398	-1.6494254	-2.0554934	-1.9479932	-1.4207889	-1.6658626	-1.0988736
-1.2372408	-1.4315655	-0.8569603	-1.1647922	-0.03724882	-1.3461263	-1.6765783	-1.0076003	-1.8149813	-0.49755552
-0.8293418	-1.0833504	-0.29720917	-0.9100051	-1.2709932	-1.3142267	-1.6010801	-0.522603	-1.1841099	-0.5129141
-1.6832424	-1.7679055	-1.0145413	-1.6656654	0.3325934	-1.6457134	-1.8705198	-1.5069542	-1.4863255	-0.4233345
1.5197754	0.65014386	1.9929098	1.1939566	-0.71155113	1.171562	-0.18406475	1.7408067	-0.08599319	-0.55628234
-1.684117	-1.7859991	-1.0593257	-1.5972363	-0.43891275	-1.9722561	-2.1871493	-1.5271524	-3.0377924	-0.7236372
-2.0104375	-2.1371155	-1.3003808	-1.9924483	-2.03615	-1.7297995	-1.8730669	-1.0658594	-1.6473193	-2.6059031
-1.2327187	-1.5241418	-0.81441164	-1.3278995	-2.0731888	-0.95563984	-1.4412494	-0.5502736	-0.8083144	-1.7243483
0.42800307	-0.1309249	0.7691499	0.18410288	-1.8177708	-0.4496001	-1.1909842	0.47527605	0.19517176	-1.7907549
-1.7753292	-2.2266576	-1.116105	-1.7912031	-0.7483251	-2.3150594	-2.4049642	-1.4226018	-2.259184	-1.1923162
0.8282323	0.038884282	1.1847223	0.5992092	-1.6836858	0.35574883	0.22301507	1.2386521	0.16340567	-2.0910847
0.49418452	0.8904455	0.7644776	0.22473817	-1.2007527	0.36932147	0.6113896	1.0484465	0.23537967	-1.9456711
-1.7584368	-1.7528418	-1.2541299	-1.6989259	-1.5020934	-2.5482016	-2.9853084	-2.2428863	-2.3389783	-2.0778077
-1.0254769	-1.1344032	-0.679561	-1.0075833	-1.2336404	-0.72645795	-0.2733486	-0.31742153	-0.23072024	-1.3011266
2.2443101	-0.8635292	2.0415416	1.9969032	2.1271062	-1.1142105	-1.509578	-1.1790384	-0.9526135	2.2709744
1.7198061	-1.0976337	1.729185	1.5329278	2.3179646	-1.4961622	-2.273748	-1.2526212	-1.5988728	1.7435466
-1.0403056	-1.3450266	-0.65011466	-1.0312129	-1.9154699	-1.5379714	-1.4431334	-0.729904	-1.8780502	-0.8754498
-1.1220123	-1.4174848	-0.72329545	-1.0979542	-2.4739792	-1.3639739	-1.6581725	-0.6403104	-1.05788	-2.4782338
0.4720033	0.5021697	0.7492454	0.21789213	-0.64904404	0.20984088	-0.88833565	0.73017174	0.17500757	-1.2496667
0.14653054	1.0487435	0.11880718	-0.038519427	-0.6857783	-0.44386473	0.21869849	-0.23375033	-0.8061012	-0.5672874
1.5955504	3.742842	1.1936072	1.3220502	1.0645077	-0.7449932	2.3476312	-0.78110534	-0.44862342	-0.3139417
-2.2333002	-2.1868963	-1.4028262	-2.1724162	-1.4026068	-2.5531921	-1.8558451	-2.2451303	-2.4366992	-1.727919
-0.15593234	-1.115036	0.051817626	-0.34605265	-3.00702	0.3330415	-0.7186984	-0.012507927	0.86634433	-1.2682283
-1.9337975	-2.1956127	-1.2638795	-1.8976376	-1.9512228	-1.8519694	-1.423641	-1.0087315	-1.4736223	-1.6960682
-0.56983596	0.7148472	-0.24234757	-0.6918853	0.014811903	-1.2439809	0.55477625	-0.39573523	-1.1552473	-0.31911844
-1.258401	-1.8105959	-0.7961869	-1.336216	-1.8124896	-1.3602655	-2.1447303	-1.0485841	-0.88259757	-2.4397867
-2.6305413	-2.4715576	-1.7539321	-2.5152953	-0.68174434	-2.5767412	-2.4103506	-2.083915	-2.5148976	-1.2889299
-1.4161172	-1.6979452	-0.91789126	-1.3687825	-0.3573861	-1.5689512	-1.9087557	-0.88317525	-1.0978618	-0.55071723
-0.43313447	-0.86315167	-0.07112041	-0.6461374	-1.701529	-0.4804864	0.08552484	-0.0031934225	-1.4138774	-1.6407248
-1.3160552	-1.6427187	-0.73639536	-1.3910751	-2.375218	-0.30784327	-0.7174069	0.046072617	-0.8150463	-2.0971398
0.74996763	-0.05905491	1.0016491	0.45047385	-2.0450315	1.4872658	-0.14341481	1.5713478	1.4471633	-2.4727945
-0.5752575	-1.0364238	-0.2275933	-0.6477185	-0.7338957	1.82783	0.047002465	1.5126911	2.0400558	-0.13730554
-2.9923584	-2.7685807	-1.8342946	-2.9086328	-2.8587723	-3.2713027	-3.0500076	-2.0341198	-3.1584651	-3.162442
-2.8766043	-2.5117157	-1.8612103	-2.8166528	-2.1667497	-2.6435425	-1.5324249	-1.5610577	-2.112515	-0.7403777
0.16422415	-0.51784694	0.62365663	-0.036674976	-2.4677637	-0.2634347	-0.96618444	0.9598875	-0.71661144	-1.824774
0.10550364	0.08756283	0.30786857	-0.01788564	-1.0177251	-0.28127754	0.618417	-0.5707606	0.30488995	-1.6520131
-1.5250134	-1.6672238	-1.0054182	-1.6024377	-2.0719576	-2.220556	-2.1189935	-1.3975998	-2.2817278	-2.0603523
-0.46187446	-0.47819802	-0.44607267	-0.632032	-0.05371064	-1.1516488	0.6851477	-0.493073	-2.198753	0.7402454
-0.94290644	-0.9311942	-0.3503696	-0.9077517	0.1795012	-1.3550893	-1.267259	-0.8477027	-1.4801207	-0.62137365
-0.25240418	0.27878913	0.011052966	-0.4100749	0.52679837	-0.8238532	-0.41161883	-0.34922463	-1.185467	0.64336354
0.2421546	-0.1378955	0.5883973	0.101212665	-1.3087612	0.1610415	-0.45053	0.15841462	0.069828674	-1.0939782
-1.7445452	-1.6342802	-1.1754991	-1.6986444	-0.6369281	-1.9968343	-2.0158079	-1.0514435	-1.451406	-1.2442524
-0.49259204	-1.0934386	-0.0326294	-0.6570993	-2.4689033	-0.7699221	-1.2421997	-0.30372155	-0.91748375	-2.6831481
-1.377343	-1.6292928	-0.88848686	-1.5350142	-0.970592	-1.1103147	-2.1477208	-0.94840163	-1.744412	-1.2787209
-1.5346262	-1.7330196	-0.85139906	-1.6331823	-2.1309483	-0.6525868	-1.4078768	0.4399101	-1.4256936	-2.7828696
-1.1293396	-1.5158676	-0.6648804	-1.2267159	-2.479889	-1.7814112	-2.5811338	-1.514571	-2.5331554	-2.8411548
0.13303924	0.63318706	0.28657252	-0.057658955	-0.62741244	-1.1869445	-0.6651016	0.08037408	-0.48632985	-1.1321874
-2.1572437	-2.104007	-1.3509952	-2.1294203	-1.4767348	-2.1332185	-2.5549958	-1.7979987	-2.1614704	-1.6621556
-1.6721456	-1.6982203	-1.0190024	-1.584121	0.06363267	-1.0284418	-1.7863	-0.8822159	-0.54476213	-0.26088455
0.2973282	0.9238479	0.6966886	0.015130401	-0.39591777	-1.0241963	-0.32366875	0.22573398	-0.67258954	0.046874505
0.33948526	0.5162089	0.6396282	0.23341306	-0.1319176	-0.4614095	-0.19253978	0.06674647	-0.067306064	0.56961894
-2.3250148	-2.3030794	-1.5008472	-2.272073	-2.4967308	-2.6481938	-2.4453638	-1.7229583	-2.752985	-2.8709614
-0.54117846	-0.89750814	-0.18369675	-0.6114696	-0.8953786	-1.8055677	-1.6759082	-1.1025472	-1.8158481	-0.7462646
-0.51678365	-0.97961044	-0.14334816	-0.6592157	-2.1004794	-0.49393567	-1.3120848	0.0056230538	-0.7522809	-1.844864
-1.7898781	-1.9146636	-1.1796006	-1.7642372	-1.5779754	-1.7333817	-1.4859818	-1.6355019	-1.456429	-1.412622
-1.0061221	-1.4364243	-0.57184017	-0.98413044	-0.3519732	-1.7238933	-2.1539624	-0.8318083	-2.1232467	-1.5420623
0.016085774	-0.6538465	0.40678215	-0.13281476	-2.09317	0.074476585	-0.37112448	0.5108172	-0.41864243	-1.8561068
0.48034355	0.10334715	1.0644546	0.266173	-1.9663476	-0.16557176	-0.36394426	0.14518732	-0.24239923	-2.0448406
-0.47431225	-1.0503165	-0.085678756	-0.6302406	-2.4090106	-1.2560619	-1.5610191	-0.9170951	-1.578392	-1.2251636
-0.6418349	-0.9922762	-0.11770868	-0.6466532	-0.7067735	-0.30080128	-0.7055934	0.15434828	-0.46480414	-1.7920498
-1.8984804	-1.8699013	-1.283315	-1.9056889	-2.5169842	-3.0689442	-2.8391652	-2.2641418	-3.1004426	-2.5706933
-1.2359312	-1.385162	-0.8433336	-1.2265041	-1.3765653	-1.7455207	-2.00312	-0.7755605	-1.7954463	-1.4754066
-0.7490364	-1.2247277	-0.32329974	-0.7230942	-1.2447963	-0.69960505	-0.5739688	0.41915235	-0.556138	-0.089676544
2.5489013	5.7316723	2.013254	2.0994017	2.92283	-0.035526253	4.7995787	0.004006738	0.50904995	1.7036309
1.3397493	1.2579776	1.5740938	0.83269703	-0.14809099	4.1604786	1.1126072	4.3777575	3.1630828	-0.5942349
-0.27261934	-0.2959609	0.07848275	-0.3302586	-1.0516189	-1.6708952	-1.042232	-0.614468	-1.3078331	-2.464976
-1.1684694	-1.4328213	-0.75693274	-1.2224952	-1.345257	-1.8251604	-0.55281985	-1.1845462	-2.735997	-1.0128813
-0.9515177	-2.0953557	-0.42386362	-0.9451275	-1.4016217	-1.6582402	-2.7184467	-0.9185432	-2.1914456	-1.5444666
-2.326244	-2.3350666	-1.6109235	-2.2253544	-2.5916908	-2.6604438	-2.462737	-1.4034927	-3.1400695	-3.0131612
-0.05833946	-0.5337698	0.429436	-0.2204137	-1.8418108	-0.11695664	-0.6910322	0.6562488	-0.37165517	-0.92964625
-1.8418429	-2.0296397	-1.2324739	-1.7517749	-0.68811417	-2.266711	-2.5747042	-0.98189837	-2.535747	-1.2481036
0.5569649	0.110047966	0.9019033	0.31736833	-0.64111936	0.2536448	-0.13025801	0.44065806	0.17628087	-0.5097284
-0.10827596	-0.29570273	-0.092351854	-0.25503182	-1.7210552	-0.8948965	-0.8844235	-0.87681884	-0.9410306	-1.4043875
-0.1120821	-0.06669986	0.28455636	-0.21169387	-1.1035678	-0.70001566	-1.4195359	-0.28328356	-1.2174556	0.17184205
-2.1287355	-2.1619399	-1.3582754	-1.9977902	-1.5798287	-2.9606705	-1.6456796	-1.5735376	0.021142354	-1.1058513
-0.1365076	-0.18377353	0.10143736	-0.18249758	-0.3607141	1.23949	0.8849108	1.030024	1.215327	-0.354582
0.7738451	1.4420521	0.71109784	0.5853646	0.21737126	1.3849361	0.39689544	1.3112484	0.84649634	-1.3089381
-2.4960244	-1.9910321	-1.5497353	-2.3784971	1.5290756	-2.1235025	-1.7781552	-1.1298392	0.16615957	-0.26899582
-1.7119889	-1.8810592	-1.1526129	-1.6251185	-1.0866556	-1.8794528	-1.8718821	-1.4189962	-1.8183483	-0.76138943
-1.348352	-1.3709788	-0.85272646	-1.2681664	-0.97334707	-1.0754678	-1.1307827	-0.73380345	-1.0147425	-0.8232997
0.04197403	-0.43682665	0.19341561	0.06182845	0.14168409	1.6311557	2.2100627	1.2970145	1.4204606	1.3766639
-1.9253374	-1.8467697	-1.3893033	-1.8109257	-0.8322837	-2.273925	-1.9678049	-1.4716443	-2.2316756	-0.8889012
-1.593962	-1.739703	-0.96598864	-1.6880245	-2.4244463	-1.1436796	-1.7318193	-0.56076926	-2.353751	-1.4348081
-1.8066088	-1.6440836	-1.0737078	-1.6504834	2.8443356	-2.646208	-2.0757723	-1.3105037	-2.3435898	0.36319306
-1.7106291	-1.8649896	-1.1105723	-1.626483	-1.6821853	-1.5286285	-1.9163013	-1.0029068	-1.2626895	-1.4228987
-1.4461302	-1.6070887	-1.0024953	-1.4111128	-0.75232637	-1.261982	-1.0630175	-1.2385931	-1.2173116	-0.85540026
0.36721534	-0.8367493	0.8263291	0.21476962	-2.394832	0.4872098	-0.76192874	1.0100633	0.164044	-2.1718223
3.4744911	4.4002633	2.6397219	3.1295867	0.35597596	3.7181282	4.3246	2.443514	2.86275	-0.8276602
-1.1730652	-1.4995165	-0.6373502	-1.2723057	-1.6581907	-0.86676115	-1.0390515	-0.91522837	-1.1030674	-1.1786929
-0.35656384	-0.027077958	0.08030744	-0.524857	-0.7264098	1.1353698	0.79685134	1.7580451	1.1414673	-0.22434437
-1.1357316	-1.4331621	-0.66255414	-1.2015772	-1.4011581	-0.9613192	-1.2224293	-1.5583645	-2.1401038	-1.3653915
-1.0274265	-1.7074411	-0.7164953	-1.0535743	-1.7551848	-0.5188185	-1.8782719	-0.9890257	-0.90992296	-1.8533565
-1.6725441	-1.7425921	-1.0353734	-1.6027105	-0.13194984	-1.7999837	-2.1868126	-1.3145127	-1.8965656	-0.9170195
1.2200673	2.9766848	1.2721556	0.6951594	0.9296098	0.6415735	4.5478563	0.83006126	-0.12824944	2.3477447
0.14346033	0.29690674	0.15957561	0.0901684	-1.1284386	-0.21378286	0.28689292	-0.43662792	0.06650107	-0.6432456
-0.15783915	-0.107320845	0.3020355	-0.31918478	0.2382271	-0.23722947	0.5495119	0.32556272	-0.39507264	1.1521746
-0.51979214	-0.6725203	-0.13536921	-0.58127797	-1.3255616	-1.2185037	-1.171014	-0.8421659	-1.0504472	-1.353427
-0.9757655	-1.2923293	-0.5598476	-0.9312118	-0.9194994	-0.6950427	-0.9900685	-0.274886	-0.11558972	-0.8691591
0.20924595	-0.69583404	0.5510867	-0.027264401	-2.5452836	-0.5258742	-0.85322315	-0.15667921	-0.33593222	-2.8405142
0.8972548	1.2196488	0.9291004	0.66061103	-0.77241516	-0.6995839	1.1618057	-0.20791408	-0.80633295	-0.88792634
-0.5425505	-1.3283136	-0.13143799	-0.6835693	-2.642036	-0.061098926	-0.8725368	0.51317847	-0.0802638	-2.6257653
-1.5908525	-2.0822215	-1.0627673	-1.6271404	-2.3293936	-2.117095	-2.0153458	-1.0730015	-2.367453	-2.284052
-1.5714828	-1.6354007	-1.0265775	-1.5391438	-1.0413392	-2.086813	-2.0260572	-0.6513148	-1.9535737	-0.6545656
-0.7962777	-1.2647883	-0.40661797	-0.7812811	-1.9319175	0.2593189	-0.20668837	0.34789783	-0.26998353	-1.4789411
-0.7939331	-1.2072957	-0.48438475	-0.86591965	-1.7380878	-0.86990964	-1.1254085	-0.6597845	-0.5745126	-3.0668285
0.79354805	0.8289106	1.2355604	0.5893216	-0.55409145	0.95241153	2.284801	1.4245691	0.7333766	0.8567384
0.11797293	-0.9688593	0.51898074	-0.061191246	-1.6156846	-0.68265337	-1.0622491	0.24313617	-0.044762116	-1.3433008
-0.28578976	-0.62353075	0.3146815	-0.47839814	-0.20761988	0.22509044	-0.161428	0.03928014	0.08132249	0.87475806
-1.3881052	-1.6128386	-1.0172191	-1.3448007	-1.9701557	-1.1946567	-1.1200258	-1.2865896	-1.3871168	0.58766717
-0.9140291	-0.13122424	-0.7799064	-1.0696062	-0.56483126	-1.7394317	-1.3057117	-1.2671734	-2.2392833	-0.57709616
-1.6670574	-1.8957944	-1.1522735	-1.6654365	-1.5244503	-1.7695316	-2.005727	-1.1679198	-0.86965847	-1.0210992
1.072055	0.7997793	1.4193021	0.91881573	0.8629769	-1.0365252	-0.645559	0.34766728	1.1263887	0.5475368
-0.83915585	-1.4157066	-0.44951573	-0.9263435	-1.1223427	-1.0292335	-2.1168475	-0.9237039	-1.4225786	-1.4338237
-2.3342454	-2.1092083	-1.5233244	-2.2399096	-0.24395695	-2.74247	-2.2096124	-3.0292678	-3.886732	-1.7848022
1.4145055	0.76101077	1.6603894	1.1272581	-0.8080487	0.63361675	0.048056986	1.0321947	0.3506861	-0.77986795
-0.7422078	-0.86389446	-0.35790786	-0.7861755	-1.4746705	-1.0406538	-1.3859059	-0.6202771	-1.1265115	-0.7876021
0.7864619	1.2754353	1.2461905	0.5760937	-1.2638818	0.7013884	0.9749392	1.9347764	0.842867	-0.63769495
-2.4685163	-2.2782252	-1.615804	-2.3650658	-0.98280454	-2.7142243	-2.5326939	-1.8516817	-3.0566764	0.6939525
-1.7837586	-1.9857433	-1.1517434	-1.7876364	-1.187058	-1.9601048	-1.9128202	-1.10791	-1.1768684	-1.0453146
-1.9471501	-1.5939031	-1.2852308	-1.9198236	-1.2629151	-2.1715739	-1.9984989	-1.2763313	-2.7169182	-1.9103274
-0.5693843	-1.0078125	-0.13779986	-0.72153175	-2.2233384	-0.93197864	-1.4362658	-0.6167062	-1.0762974	-2.1942346
-1.3231686	-1.8492744	-0.8879323	-1.1687442	-0.30701566	-1.6461986	-2.474645	-1.2711133	-1.8295836	-0.28738618
-0.6152661	-0.11773929	-0.32753286	-0.7540226	-1.2848216	-0.49813688	0.24102375	-0.29550663	-0.5004749	-0.096738994
-2.6827066	-2.4723299	-1.6758211	-2.6190214	-1.5626298	-2.6561844	-2.9115937	-1.1439813	-2.1956182	-0.8995696
1.1929004	1.9456527	1.4917175	0.71801805	-0.7787738	0.19944789	-0.035152216	0.15247728	-0.17436846	-1.3067503
-0.755345	-1.085515	-0.27930567	-0.82511854	-0.38169047	-0.8114408	-1.4185883	-0.55242646	-1.5832033	-0.32868066
-1.6848927	-2.1480496	-1.0252107	-1.5679299	-0.9268502	-1.6095185	-1.9944772	-1.1368563	-1.7377135	-1.7298954
-0.40765205	-0.9507427	-0.08294016	-0.4601009	-1.1068704	1.3674221	-0.43960595	1.7796785	1.7221776	-0.93045294
-0.21924326	-0.7997166	0.112394415	-0.4149593	-2.3263755	-0.4248685	-0.8352598	0.058784686	-1.4190757	-1.899027
0.49439844	0.61171234	0.5856533	0.2916301	-1.2453134	0.6420669	0.83020836	0.5513637	0.47073567	-1.8737665
-1.1636131	-1.505172	-0.7369689	-1.0647842	1.006502	-0.82972956	-1.3374616	-0.40791103	-0.358063	2.7312768
1.5397005	0.7330146	1.8407886	1.227557	-2.2143033	1.0680695	0.34467322	1.2005394	0.5112446	-2.592847
-1.5923855	-1.0117097	-1.132029	-1.5178262	-0.12603551	-0.7817783	1.39269	-0.0932269	-1.1843301	-1.3223348
-1.3275678	-1.6072224	-0.8887149	-1.3140594	-1.3541375	-1.0626615	-1.0445093	-1.6241419	-2.3146994	-2.125224
-0.358592	-1.0503438	0.16994524	-0.48175424	-1.7429211	-0.8241793	-1.3802474	-1.3908529	-1.185591	-0.9670775
-2.2369757	-2.299927	-1.4445233	-2.2182577	-1.3643937	-2.8887744	-3.1493049	-1.9043915	-2.7912822	-2.6106997
0.56037366	-0.2830015	0.9799869	0.32638264	-2.3526156	0.30020612	-1.1783416	1.3112001	0.89624584	-1.7988675
1.8243221	0.7095494	1.9148451	1.6198037	-0.72771037	3.2475998	1.6786666	3.2385995	3.1518424	-0.27502686
-0.840087	-1.0707057	-0.4141803	-0.7589941	-1.1614168	-0.103733316	-0.54917526	0.5331551	-0.37817568	-1.463912
-0.45126298	-1.2547097	-0.18697307	-0.37833512	-1.100739	-0.8082141	-1.2656157	-0.003944079	-0.023852028	-0.97046494
-0.73896265	-1.3264599	-0.23378125	-0.83411205	-1.6560104	-0.8728698	-1.7556005	-1.2699629	-1.6025007	-1.3081943
0.27376443	-0.25710553	0.82793283	0.054152027	-2.24408	0.6575372	1.3562027	1.0858164	-0.17627932	-2.487738
0.1640828	-0.21087927	0.48330292	0.0022147298	-0.98525167	0.36572483	-0.33411923	1.2574459	-0.09168454	-1.6267496
-2.6903963	-2.382627	-1.6932628	-2.5679297	-1.2817682	-3.5747144	-2.837734	-1.5104097	-2.8048282	-1.696039
-0.9656908	-1.2945464	-0.5403912	-1.0026197	-1.3940405	-1.2968518	-1.5596044	-0.8543783	-0.93035275	-0.8330459
-1.9601445	-1.6975751	-1.0371027	-1.9322174	-1.8533396	-1.9390143	-2.3461494	-1.2695969	-2.0413487	-0.9271001
-0.3973026	-0.43669987	0.41388026	-0.49658084	-1.3224795	0.7265516	-0.045251634	1.6114969	0.09576822	-1.136976
-1.363819	-1.1282727	-0.9652618	-1.484258	-0.40068716	-0.7863837	-1.1077471	-0.06583328	-0.9396481	0.12607133
-1.2185842	-1.6295036	-0.85040724	-1.1759192	-1.5884302	-0.09736551	-1.513783	0.18948911	0.26239923	-2.8539908
-2.370256	-2.2013528	-1.6157713	-2.2690299	-1.1326429	-3.1233327	-3.0915794	-2.1423519	-3.2057261	-0.9561608
-2.2809112	-2.1237276	-1.4121096	-2.1661763	-1.3970476	-2.831281	-3.255756	-2.4944816	-2.5173857	-0.8293068
-1.1732701	-1.2151351	-0.7998047	-1.0448718	0.7096182	-1.1941588	-0.40544116	-0.13728113	-1.1290839	0.70683324
0.4676722	-0.64501977	0.995666	0.29502404	-1.761948	0.28537086	-0.42552954	0.95815	-0.001335151	-2.5800347
-0.11288313	-0.97029305	0.32682753	-0.2778165	-2.5421467	-0.76434547	-1.5645806	0.09070508	-0.7086246	-3.152185
1.359877	1.4895037	1.6723814	0.99921966	-0.34588325	1.2346115	1.7183268	1.5623374	0.58248025	0.0051336987
-1.2891843	-1.4942561	-0.79040694	-1.2932355	-0.9301201	-1.0797502	-0.35351384	-0.2895132	-1.1800859	0.40822867
-0.5354999	-0.8474183	-0.06696147	-0.5612977	-1.1669644	0.99576527	0.46880212	1.1141398	0.74890137	-0.5078181
-1.3252386	-1.6645296	-0.9840982	-1.2502263	-1.7023668	-1.8137202	-2.3271508	-1.2557626	-2.0931928	-1.9120371
0.767923	2.9852629	0.65831757	0.42656088	2.2718773	0.73487467	5.879723	0.21723467	-0.46914363	2.7531807
0.27756634	-0.85903275	0.8398626	0.13148616	-2.0279236	1.4529691	-0.50238943	1.7447517	1.1907852	-1.727306
-1.2609464	-1.6098439	-0.7836143	-1.1945921	-1.6586586	-1.6135545	-2.1098254	-1.5771337	-1.6996315	-1.6649554
-1.5271509	-1.7239244	-0.81613374	-1.5630907	-2.241257	-1.6809763	-1.8625342	-1.1355563	-2.5691345	-2.0118723
-0.80707914	-1.2583101	-0.31087902	-0.8095428	-1.152895	-0.96507543	-1.1621306	-0.8954048	-0.09209841	-1.0424436
0.5431957	0.20522165	0.94829583	0.35898846	-1.0401314	1.131469	-0.44349614	1.1449326	1.0853802	-1.2167826
0.10107257	-0.5225594	0.72314924	0.012101784	-0.39350787	0.088679746	-0.45286044	0.3112758	-0.15637222	-0.37505904
-1.640578	-1.7819822	-1.0860047	-1.5341082	-0.35217324	-2.0072103	-2.0279016	-0.83692855	-1.8609167	-0.65998745
-1.3608086	-1.5048642	-0.8594831	-1.3145868	-0.32989258	-1.4597604	-1.5305767	-0.5847207	-1.4992816	-0.15647474
-1.5983574	-1.5417516	-0.8581865	-1.5569975	-0.7509507	-0.5872603	-0.8045313	0.008535165	0.16462019	0.22477625
-1.3674259	-1.4856055	-0.7683451	-1.3574532	-0.9136323	-1.3774607	-1.8738253	-0.77331126	-1.0650831	-1.7825849
-0.5206736	0.20498917	-0.104893714	-0.60130566	0.47576717	-1.0947973	-1.7025539	-0.85087967	-1.4701254	-0.6105681
-1.3857417	-0.70660937	-1.1551744	-1.5102726	-1.0516603	-2.157707	-1.5453687	-2.091068	-2.395298	-2.2356296
-0.19028506	-0.5452839	0.088968426	-0.30190337	-0.80315787	-1.7112913	-0.02942188	-0.93376774	-1.7678673	-0.20479602
-0.8662556	-1.4588257	-0.27351615	-0.87102836	-1.3968741	-1.3372543	-2.632582	-0.8847569	-0.9795638	-1.2487468
-2.2791326	-2.1157382	-1.4382118	-2.136256	-0.63462794	-2.2052155	-2.5808017	-1.2879121	-1.9415367	-0.104407564
-0.4954343	-1.2538759	-0.20983663	-0.5019122	-0.42878178	-1.5007237	-2.490461	-1.2330148	-1.2671211	0.35245255
0.28112203	-0.6716472	0.8977753	0.08922641	-2.2001245	-0.04699035	-0.91564476	0.43562305	-0.30966952	-1.6822073
-2.3749723	-2.2150435	-1.5886955	-2.2817314	-1.9190997	-2.4965813	-2.2827585	-1.4774675	-3.3648443	-1.9411167
-1.940273	-1.7178744	-1.3585012	-2.0002189	-1.7435737	-2.5759938	-1.4587942	-2.3550415	-3.1454785	-2.383603
0.03127832	0.37380263	0.24795492	-0.05584362	-0.026461542	-0.49983475	-0.62311316	-0.16421586	-0.46572194	-1.1962197
-1.320609	-1.5657098	-0.76737213	-1.3907298	-2.2595396	-2.0135808	-2.7420285	-1.7184124	-1.9078817	-2.53183
-2.157069	-2.3169007	-1.3334866	-2.1370404	-2.2427404	-2.615497	-2.486513	-1.6440748	-2.820655	-3.184343
-0.52171355	-0.31702396	-0.25340432	-0.55717826	-0.25908583	-0.85208887	-1.4286852	-0.22690375	-1.0289598	-1.1159003
0.14110526	-0.16086462	0.22682491	-0.09227069	-1.4496226	-0.6747831	-0.05713024	-0.4093097	-0.31678325	-2.2405279
-0.203751	-0.9091103	0.16406575	-0.36727083	-1.719824	-0.19107707	-1.1496078	0.10327217	-0.20718898	-1.8362638
0.20615926	-0.03447458	0.6325401	0.023840383	-2.374645	-0.10850661	-0.7082461	0.7831959	-0.24107102	-2.412425
-1.3773029	-1.4459594	-0.9796407	-1.400064	-0.9771043	-1.705497	-1.4394051	-1.2275387	-1.3579068	-0.58160144
-0.07447592	-0.7692342	-0.053028405	-0.14964409	-1.4826118	-0.81616056	-1.4966218	-0.26308435	-0.750704	-0.48774555
-1.8721553	-1.9981096	-1.263106	-1.7259989	-1.3924545	-2.1803498	-2.2653015	-1.4923823	-1.6281934	-0.9770669
2.990987	1.8379812	2.599911	2.6137147	-0.9877659	3.8428085	2.8834827	3.7403152	3.7952263	-0.62993246
-1.4742001	-1.7912688	-0.9699073	-1.4643705	-0.830438	-1.791438	-2.1001203	-1.4840704	-1.9551874	-0.8838708
-0.13863835	0.117286235	0.20457672	-0.20080027	1.0333923	0.19644754	0.49233922	0.7847388	0.31925622	1.9429219
0.8173856	0.8767762	0.6071262	0.62164694	0.1963059	0.8008271	0.045000684	1.0406933	0.2902372	-0.97885484
-1.4512451	-1.6870723	-0.9762701	-1.3799686	-1.0036726	-1.2611003	-0.8709865	-0.5042082	0.3002665	0.08087974
0.94645303	1.2834383	1.0413408	0.7055893	-0.25417757	0.11779392	0.2212795	0.95706147	0.69889784	-1.5630763
-1.2926329	-1.1981344	-0.79971623	-1.2616861	1.6280477	-0.7417858	0.609851	-0.87035805	-1.2774676	2.4167538
-0.87833226	-1.1176714	-0.6661333	-0.87184465	-0.540802	-1.8885592	-1.1736901	-0.8919311	-0.97443193	-1.3744502
-1.0598291	-1.372418	-0.74802184	-1.0649998	-1.1408285	-0.654772	-0.66386855	-0.59831154	-0.45786855	-1.5227293
-1.2836031	-1.5731959	-0.8115927	-1.2568339	-2.1005743	-0.61943257	-1.449137	-0.48626944	-0.16293398	-2.849379
-1.0629978	-1.242158	-0.69501007	-1.0741158	-1.2466216	-2.070684	-1.4794325	-0.75687397	-1.0339955	-1.5536522
-1.1831465	-1.4775484	-0.4787663	-1.2926685	-2.1842685	-0.767652	-1.3131889	-0.7157783	-0.8839955	-1.6056187
-2.2749503	-2.3046281	-1.4913222	-2.170014	1.2947335	-2.061659	-2.0493126	-1.4391478	-1.8306644	1.2720193
0.07229429	0.32368818	0.33378094	-0.0732791	-1.2115068	0.15625237	-0.29882583	0.58684903	-0.010058337	-1.1988038
1.8066081	1.3387218	2.0770679	1.3999753	-2.2164183	2.546879	4.2705545	2.692414	1.4930822	0.40864316
-0.971345	-0.25802627	-0.65131366	-0.99442834	0.044032484	-1.5756608	-1.4733574	-1.1577629	-1.8806974	-1.3462083
0.25813586	-0.3783568	0.6399958	0.0015433282	-2.1527357	0.27549106	-0.13764207	1.0349122	-0.04003195	-2.060665
-0.60584855	-1.0879184	-0.22422886	-0.7478801	-2.0756114	0.1604517	-0.95769924	0.02663214	-0.099844694	-2.5046055
-1.9364843	-1.9859896	-1.3057712	-1.8444213	-1.179436	-2.0166066	-1.645209	-1.0975958	-2.1147273	-1.0956954
-1.9596088	-1.9792026	-1.2300825	-1.8608166	-0.9364778	-1.9747084	-1.4875789	-1.3128148	-2.4587193	-0.3481016
-2.279006	-2.094636	-1.5427889	-2.2023764	-1.1367648	-2.1957226	-1.6605883	-1.6105117	-1.2989838	1.2176614
-1.5323726	-2.0078263	-0.9603692	-1.4966873	-1.103208	-1.8660281	-2.4335587	-1.184905	-2.023897	-1.6940429
-0.25066632	-0.8014747	0.24451084	-0.41764987	-2.1588726	-0.0281487	0.016690107	0.6486696	-0.82684547	-2.0908463
0.16756734	-0.5792432	0.29450998	0.038141623	-2.311349	-0.1316656	-0.9943491	-0.39408648	-0.19134423	-2.6181405
-0.22031027	0.3893762	0.16118512	-0.43899876	-2.2013881	-1.6855094	0.8290405	-1.2821277	-1.5477304	-1.990703
-1.9842046	-2.0806112	-1.4212719	-1.929492	-2.1796832	-2.6390395	-3.1336095	-1.4990598	-2.734503	-2.3551514
-2.3289149	-2.0895708	-1.5549529	-2.2357175	-0.6041206	-2.3751166	-2.3226662	-1.183452	-1.2988096	-0.6869262
-1.6685488	-2.078452	-1.1075591	-1.5820167	-1.9363984	-1.5037018	-1.6495558	-0.7824874	-1.0548954	-1.6106725
-2.5024183	-2.3044147	-1.5859057	-2.4403317	-1.7169662	-2.474155	-0.8127379	-1.483359	-1.7880646	-1.242307
0.13489363	-0.32916164	0.56738263	-0.066388726	-1.6279482	-0.34770948	-0.47629434	0.21882701	-0.4132449	-1.3335395
-0.1985046	-0.841261	0.18772104	-0.35687935	-2.0227146	-1.0572165	-0.46017608	-0.22146367	-1.2198658	-2.3502343
0.31270605	0.04712048	0.66074836	0.0801021	-2.1501362	-0.4690699	-0.16171455	-0.37312713	-0.3494699	-1.8360276
-1.8411893	-1.4418007	-1.0328393	-1.8386583	-0.40709805	-1.1636664	-1.021138	-0.848966	-1.2170862	-0.1513149
-0.5639207	-1.010976	-0.29603752	-0.60684633	-1.6578854	-2.4814065	-2.4363096	-1.4651135	-2.701175	-2.8697424
0.7341127	1.6202717	0.9724122	0.4550721	0.1880453	0.1542626	-0.1350305	0.526823	-0.1366181	0.32105312
0.39243218	0.0465571	0.6879833	0.20343019	-1.077689	-0.3371964	-0.6183143	0.23471513	0.07321532	-0.4029234
-1.5939933	-1.528562	-1.0360837	-1.5810745	-0.743024	-1.275735	-0.8534472	-0.9104493	-0.7522809	-0.20582981
-2.017242	-1.9578764	-1.4039247	-1.9449415	-1.2900493	-2.152801	-2.3538935	-1.5172818	-2.134303	-1.6130061
-0.4176208	-0.54723597	0.049616694	-0.41069722	0.48292896	1.5417808	0.4470779	0.35641268	0.9386544	-0.9580068
-1.7816145	-1.9115846	-1.1613432	-1.6913551	-1.379839	-1.604979	-2.099189	-1.0216076	-1.5820811	-1.3465048
-0.63473827	-0.8034904	-0.22772628	-0.7805997	-2.241368	-1.0338436	-1.0306655	-0.6027868	-1.3372433	-1.9896117
-2.3941765	-2.3964531	-1.6280668	-2.2400424	-2.0306869	-2.6532412	-2.6582596	-1.9094929	-3.1902893	-1.8903997
0.91119796	1.490826	1.4662621	0.7060685	0.22027764	1.1458668	2.1799154	0.9429224	1.2947751	0.46270984
-2.4706025	-2.2697108	-1.5782765	-2.3639317	-1.6036199	-2.7152534	-2.9580677	-2.0381603	-2.8134792	-1.6924381
-2.0052154	-2.0045996	-1.5093911	-1.8702666	-1.7367326	-1.6489292	-1.1898949	-1.0361232	-0.9173552	-1.489324
1.4434025	0.8417274	1.703375	1.1258876	-1.0148481	0.13738415	-0.85430723	0.551298	0.960842	-1.6116667
-0.5827852	-0.592469	-0.058861375	-0.6437286	-0.729728	-1.5526347	-1.3446165	0.19246872	-0.7701228	-0.6995436
-1.3430048	-1.6960154	-0.91927624	-1.2523166	-0.50268257	-1.6000779	-1.8468462	-1.0620289	-1.7240736	-0.06616859
-0.8180277	-1.4801924	-0.5153245	-0.7777423	-0.29579893	-1.4094701	-2.196865	-1.1430489	-1.3645109	-1.4508393
-3.0279417	-2.7451937	-2.0087085	-2.933608	-3.0750232	-2.2553303	0.48577568	-1.4783375	-3.1354735	-2.494125
0.949078	0.9770334	0.9465666	0.73861396	-0.42480448	-0.105873846	0.20106332	0.3429941	-0.47564256	0.34256908
-1.288306	-1.5118202	-0.77420306	-1.3809431	-1.0629686	-0.7082043	-0.85878587	-0.38187483	-1.1758325	-0.7423143
0.16086504	-0.47251555	0.5544121	0.0242555	-1.7953509	-0.32657942	-0.9236883	0.08823735	-0.2852863	-1.8903267
-2.7959456	-2.475283	-1.8407419	-2.665658	-1.1633022	-1.6649569	0.15079007	0.13654505	-0.7052926	-0.84973747
1.0279471	0.14011934	1.1665727	0.8446822	-1.4406446	0.679861	0.0537524	1.2295679	0.5132924	-1.3965071
-1.7733203	-1.9551394	-1.2084556	-1.6512079	-1.3120362	-1.7888776	-2.3749802	-1.5555646	-1.8142502	-0.25947943
0.21720126	-0.63462055	0.5709476	0.026223645	-2.2390978	-0.3151733	-1.4927266	-0.02257983	-0.42279932	-2.1370807
-2.5737288	-2.3827307	-1.5736623	-2.398769	0.40881595	-2.7625387	-2.5560477	-1.8783376	-3.02181	-1.5437801
-1.8086097	-1.7452861	-1.1955311	-1.6910875	-0.49056897	-1.9083359	-1.802573	-1.2636018	-2.7380743	-0.3060547
-1.9263185	-1.9508139	-1.3036116	-1.874804	-0.8617959	-2.306064	-2.251634	-0.9882383	-1.7118653	0.14640316
-0.90346575	-1.3164122	-0.41043165	-1.0412064	-2.309004	-0.63331	-1.5611013	-0.3233565	-0.7734498	-2.2875185
-2.0163686	-2.033606	-1.4017655	-1.9035072	-1.5937619	-1.9046779	-2.0189588	-1.1548467	-1.7368947	-0.7072569
-1.8631293	-2.045148	-1.327755	-1.7361249	-1.6851639	-1.9341636	-2.5236242	-1.4549314	-2.0343828	-1.2437822
-1.5721943	-1.7972	-1.0953872	-1.544906	-0.67034435	-1.5975914	-1.1525123	-0.82324183	-1.3443073	0.22663392
-0.41319677	-0.9462521	0.14464912	-0.46997637	-1.4890717	-0.44280207	-1.4073434	0.004780567	-0.097927414	-1.4672039
-2.0425396	-1.896057	-1.3056959	-1.9586815	-1.7566673	-2.2632208	-2.1465075	-1.2125864	-2.1859426	-0.7932233
-0.95577466	-1.4490166	-0.52197134	-0.9635793	-1.5951495	-0.9805512	-1.9671235	-0.87474316	-1.3529797	-1.5761997
0.1633775	-0.63626724	0.5667372	-0.016309842	-2.0951765	0.39606076	-0.76754117	0.6022205	0.2292496	-2.040175
-0.3491224	-1.1765537	0.19401112	-0.4107604	-1.5134654	-0.07671499	-1.3169096	0.4937597	0.14124969	-1.2447772
-1.1034712	-1.4524628	-0.67829394	-1.0359209	-1.8014416	-1.4121641	-1.7528874	-0.6897343	-0.7247101	-1.951685
-2.2875943	-2.213964	-1.4906005	-2.219964	-1.4601725	-2.0073328	-0.5277609	-0.08475513	-2.2979383	-1.7486552
-1.755701	-1.5094512	-1.3744009	-1.6696377	-0.48485902	-2.8363714	-2.451025	-2.100774	-1.7090235	0.9264086
-1.5518538	-1.5385791	-0.9993248	-1.5064726	-0.1869775	-1.7933778	-1.9109544	-0.83871806	-1.8631374	-0.023481453
0.5009331	1.186568	0.49123886	0.21048631	-0.92038405	1.5728694	-0.012885031	1.4018298	1.3858597	-1.2795384
-1.187073	-1.4169116	-0.6981013	-1.20263	-1.0769768	-2.1874807	-2.5370224	-1.7195616	-2.2227817	-1.5105407
-1.1539068	-1.3568611	-0.6619688	-1.2599297	-2.1304433	-1.5579085	-0.6556729	-1.4790068	-1.411022	-1.5225629
-1.1013349	-1.3768415	-0.9409156	-1.0057406	-1.0242327	-0.543633	-1.253247	-0.8750368	-0.88317704	-1.4615432
-1.8064582	-1.9481661	-1.1978626	-1.7822328	-1.9634942	-1.1387715	-0.58530575	-1.2887405	-1.4800981	-1.2861255
-1.8945254	-1.7879859	-1.1499939	-1.7666202	1.2196071	-1.7036239	-2.1716778	-0.9040479	-2.2392833	1.8213243
-0.7813862	-0.77331436	-0.28826746	-0.751839	-0.2542036	0.28772458	-0.9314657	0.6521664	0.58181995	-0.4271512
-0.89222175	-1.1472113	-0.6519362	-0.84927773	-1.0252962	-1.8633868	-2.1880715	-1.5878991	-2.0294855	-1.1174833
-0.54560494	-0.6945139	-0.22418937	-0.5769502	-0.025631875	-0.81974846	-1.0673287	-0.44237176	-0.98950744	0.25855905
-2.0607648	-2.1577256	-1.3338786	-1.973173	-2.0101054	-2.6849885	-3.109781	-1.3842689	-2.6743286	-1.3209878
-1.637942	-1.8985622	-1.0215347	-1.6089036	-1.3506253	-1.0606387	-2.4699562	-1.0556822	-0.6150462	-0.84174436
-1.7589651	-1.874937	-1.2026244	-1.6583585	-1.1308067	-2.528992	-3.052933	-1.6459185	-1.4422581	-1.784798
0.82873064	-0.069214255	0.795995	0.650623	-0.68293273	0.37099925	0.560572	0.27004188	0.50487477	-0.33773053
0.09204357	0.302443	0.46123165	-0.054445818	0.40412906	-0.56146085	-0.9965019	0.29568753	-0.52802235	-0.6165387
1.0832939	1.2323004	1.5169508	0.853487	-0.5192982	0.38755697	0.9512948	1.7574992	0.5855017	-0.12599082
-1.8509654	-2.0079777	-1.2409981	-1.7771509	-1.8514093	-1.8125224	-1.545205	-0.84931755	-2.3315399	-0.9533095
-1.5983483	-1.8481116	-1.1147562	-1.5517372	-0.804096	-0.6735446	-0.7005387	-0.9130458	-0.38045076	-1.6578909
-2.3603177	-2.28759	-1.5295271	-2.2953427	-2.1654258	-2.581345	-2.1043887	-1.907637	-3.167209	-2.5571985
-1.9412526	-1.8847327	-1.2655125	-1.8055462	0.68073237	-2.1627002	-2.5152562	-1.3427207	-0.67154914	1.7654865
-0.9002435	-0.9852035	-0.4290938	-0.9882357	-1.2712642	-1.8933399	-1.5876342	-0.6840146	0.24581873	-1.3723729
-1.9177476	-2.0655284	-1.3509682	-1.835758	-0.831612	-2.943875	-2.1294425	-1.9533443	-2.6088145	-1.3951232
2.2289534	1.3004662	1.8836193	1.9304941	0.42247602	2.162166	1.2364854	2.7671814	2.1110122	0.15746422
-0.45925662	-0.6832653	-0.068935126	-0.63304037	-1.6216829	-1.2358862	-2.2613852	-0.725564	-1.1399822	-1.6557515
-2.5743809	-2.3862646	-1.7151427	-2.4962513	-1.5609068	-2.5163317	-2.2533984	-1.6047878	-2.3057384	-1.788341
-2.4782734	-2.3618286	-1.5882338	-2.3452606	-1.5981076	-2.994793	-3.038429	-1.7437605	-2.1326928	-1.0115284
1.4877212	-0.7241688	1.5111078	1.2278807	-1.4234797	4.9607315	-0.030134078	4.4761147	4.2699533	-0.74573165
-2.000301	-2.132393	-1.3799164	-1.9146798	0.092288524	-2.8651276	-3.1167667	-1.4336156	-1.7590245	0.2095987
-1.570533	-1.8412262	-1.0653452	-1.5103072	-1.372545	-2.0731122	-2.1995473	-1.1616715	-1.638333	-2.0521927
-0.9133323	-1.380236	-0.5368223	-0.8386772	1.408363	-2.4209611	-0.7651867	-0.76588374	-1.3874798	3.4468312
1.4384502	0.6363518	1.6057895	1.3282696	0.2730104	1.1088723	0.4992406	0.928939	0.63638246	-0.86371464
-0.9281855	-1.3640518	-0.6275226	-0.93684065	-0.96311677	-0.6993967	-1.0650882	-0.40665907	-0.37121367	-0.97041374
-1.1643394	-1.6114374	-0.7438489	-1.1359217	-1.8704194	-0.9281875	-1.1458554	-0.16179778	-0.7196874	-2.0056536
-0.9844764	-1.3325272	-0.61747503	-0.9128945	-1.0048747	-1.5302852	-1.3170995	-0.81363195	-1.3323758	-1.597566
-2.7292783	-2.690959	-1.7825146	-2.682831	-3.5603108	-2.6209726	-2.2515376	-0.56033206	-2.300987	-3.2011068
-1.5540696	-1.7986212	-1.228081	-1.4776316	-2.320123	-1.7530736	-2.4782343	-1.2798566	-2.256445	-1.8786155
-1.2107339	-1.3803523	-0.72240007	-1.1585389	-1.1276305	-1.018194	-1.7933913	-0.57498246	-1.6021724	-1.867886
-1.8180512	-1.9870367	-1.1263498	-1.9287995	-1.604416	-2.6906927	-3.2938256	-1.7153099	-3.0173357	-1.7439061
-2.0883317	-1.9078863	-1.3271505	-1.962158	0.885219	-2.0742168	-0.085069366	-0.96096176	-2.0694406	3.6157486
0.1329321	-0.5160687	0.5492066	-0.011707559	-2.04564	0.14972457	-1.0414829	0.57594275	0.07459481	-1.9769852
-1.1765194	-1.5424647	-0.69134116	-1.1603254	-1.6563855	-0.8757432	-1.4589959	-0.9105203	-1.2618352	-1.6946
-2.1079776	-2.023232	-1.491559	-1.9807491	-0.48750588	-2.059037	-2.961673	-1.3171399	-2.1949596	-1.5540824
-1.1785603	-1.6056509	-0.747103	-1.2236322	-2.4789782	-1.5307208	-1.7769697	-1.4244236	-1.9021981	-2.5830996
0.17459476	1.1023642	0.67551684	0.05525224	1.7432224	-1.0182551	-1.5281342	-0.6615884	-1.3756777	-0.58589137
-2.1318963	-2.0675416	-1.3291335	-2.0631409	-1.2393419	-1.7381221	-1.7182639	-1.0508838	-2.273765	-0.8024946
0.5419864	0.33760908	1.0307553	0.4165367	-1.3474307	0.34593734	0.09688404	1.2126956	0.11523686	-1.1273046
-0.76720774	-1.1342038	-0.32720932	-0.7897479	-1.6033962	-0.19170567	-1.4649765	-0.404524	-0.35265592	-1.1856798
-0.9547001	-1.4171944	-0.656165	-0.919105	-1.08077	-1.3399596	-1.6460938	-1.2828467	-1.6099478	-0.6049536
-0.52369326	-0.48922932	0.69984066	-0.62357455	0.48193488	-0.62970454	-0.13275605	0.80901486	-0.7273735	1.2811066
-1.8773519	-1.9110787	-1.2645954	-1.790686	-0.029732198	-1.8984464	-2.0812507	-1.5928727	-1.8869975	-0.09031937
-2.1737833	-2.090599	-1.4065717	-2.0842974	-1.1244695	-2.1770017	-2.782171	-1.8372115	-2.2200108	-1.4972163
-0.35679448	-0.90179634	-0.01359418	-0.56372416	-2.0335119	-0.38560027	-1.4076967	-0.013365111	-0.5254494	-1.8257086
-1.6289855	-1.8038363	-1.095949	-1.5796853	-0.7656524	-1.6484575	-1.8187482	-1.782712	-2.0709958	-0.34473053
-0.07382963	-0.8733845	0.42384577	-0.14839669	-1.9562248	-0.2472167	-0.5855936	0.7117532	-0.44225818	-0.59723794
0.074773096	-1.1162704	0.495371	0.0369644	-0.791353	0.36006406	-0.35142606	0.868694	-0.15962923	-0.7719622
-1.8088813	-1.9010046	-1.2188712	-1.764625	-1.3869921	-1.9948857	-2.4684563	-0.86725026	-1.8679436	-1.9521284
-0.0439023	-0.41219616	0.1781008	-0.152506	-1.6762153	-0.62661475	0.40965456	0.15249833	-0.37780538	-0.724892
-0.81436175	-1.128102	-0.3689995	-0.9052727	-1.4809037	-1.3251575	-1.7419357	-1.2341657	-1.7272371	-1.4324327
-2.042682	-2.1374881	-1.3786174	-1.9688127	-0.580981	-1.9069552	-2.0462303	-1.199772	-2.0861344	0.12015416
0.08776837	0.6690514	0.21293548	-0.3118031	-1.5439306	0.98251677	-0.39940077	0.6707331	0.042781238	-1.7350149
-1.9696469	-1.7969286	-1.1746851	-1.9909574	-1.714345	-1.9055717	-1.8751839	-2.2317297	-1.5153216	-1.2630386
-1.3665903	-1.118836	-0.96533036	-1.3140471	0.20719525	-2.4915261	-1.94366	-1.7006801	-2.0841084	-0.31415865
-1.0492309	-1.1390672	-0.60329294	-1.0434012	-1.4052716	-1.1334405	-1.3960412	-0.6993402	-1.641502	-1.2009362
-2.0358262	-2.1163933	-1.3080854	-1.97897	-0.7905557	-2.4836113	-2.5134258	-1.4612161	-1.6967652	-0.6973597
-2.2552671	-2.214333	-1.4345344	-2.1478858	-1.4981204	-2.2465868	-2.0002065	-0.99492574	-2.8380778	-2.0197034
0.32506642	0.81419384	0.6405804	0.20220505	0.31808767	0.926233	0.4901525	1.2053964	0.7610542	1.2329699
0.517207	0.0034881234	0.7723664	0.27080703	-2.0664556	0.42787403	0.43966398	0.573536	0.44720557	-1.908356
-0.6393131	-0.76286817	-0.2642505	-0.6523376	-0.23804179	-0.81108874	-1.4324317	-0.6405011	-1.3057861	-1.7589519
1.6377957	0.6640527	1.7565863	1.4552757	-1.161633	1.0346848	-0.9978974	1.4753586	0.81944555	-2.5732455
-0.057420567	-0.54589254	0.37765038	-0.2184919	-2.1560628	-0.12384242	-0.40693057	0.3797841	-0.06580359	-2.899948
-0.101693295	-0.74168074	0.19651577	-0.32017913	-1.7583349	-0.12636597	-0.8103553	-0.32420647	-0.7489022	-1.8392617
-1.1029549	-1.5337512	-0.478833	-1.0835787	-1.8760679	-0.72209084	-1.0743461	0.15139043	-0.89871144	-2.922766
-1.921701	-1.9234052	-1.2631046	-1.8033533	-0.9631276	-2.839727	-1.7876469	-0.40941656	-0.44225818	-1.2388192
-0.52523893	-1.5866462	-0.10329214	-0.4860602	-1.1570799	-1.0835325	-1.8354598	-0.69239914	-0.78312755	-1.7589456
0.72640777	0.14486042	1.0217324	0.5123538	-1.242907	0.5213331	-0.002885153	1.0972852	0.28863737	-1.5049622
-2.0289092	-2.0581634	-1.2654462	-1.8932364	-1.1467896	-3.048937	-2.7455044	-2.077256	-2.174062	-1.8675697
-0.47591123	-0.79711926	-0.099222094	-0.6035403	-1.2341046	0.10586026	-0.028314723	-0.2863566	-0.30949083	-0.76397747
-0.8520506	-0.61314905	-0.33110985	-0.8851371	-1.0498638	-1.3654068	-0.804289	-0.6948709	-1.4173414	-1.8845866
-0.9202867	-0.19303921	-0.54731023	-0.96173424	-0.5606202	-0.7738468	-1.372186	0.47592407	-0.6359505	-0.30702317
-1.2191117	-1.5824145	-0.8144494	-1.1547034	-1.2779858	-0.76667225	-1.3605045	-1.0493244	-0.6202059	-1.1962705
-2.0262737	-2.085528	-1.2659091	-1.9190291	-1.9810687	-2.6676192	-2.73918	-1.6404558	-2.0502307	-1.8018589
-1.4879838	-1.8223375	-0.93984795	-1.4155045	0.20339563	-1.9946557	-2.3176217	-1.4190993	-2.3448265	-0.5103032
-2.6380327	-2.4074993	-1.6570215	-2.5383224	-0.5714816	-3.2404633	-2.9715724	-1.8567973	-3.1915865	-0.06474456
-1.0763987	-1.4463036	-0.6439804	-1.0829862	-1.5341746	-1.7239305	-2.5104744	-1.3093096	-0.7307465	-0.86445963
-0.7398588	0.09820917	-0.38324365	-0.6082249	-0.13937476	-1.2285843	1.2443213	-1.2757534	-1.6728126	0.9986129
-2.1627288	-2.1388562	-1.4407119	-2.097543	-1.6525811	-2.1924965	-2.3612819	-1.6587863	-2.4884562	-1.5580448
-1.8879114	-1.6749419	-1.2490819	-1.6997346	-0.25676724	-1.2626266	-2.006256	-0.7587971	-0.51942605	0.067722015
-0.74347764	-0.9963778	-0.36662194	-0.8281674	-0.71256524	-0.05833241	-1.1976894	-0.30542243	-0.62395424	-2.041517
1.5004824	1.79249	1.8653941	1.1576846	-0.68330824	1.1360062	2.000002	1.63836	1.2874155	-0.8501834
-1.0693151	-0.86124086	-0.6963793	-1.176374	-1.6234422	-1.6803223	-1.2999771	-1.0702486	-0.79165596	-1.727551
-1.3841867	-0.7972014	-0.9046906	-1.2677367	0.958812	-1.7278659	-1.3239659	-0.40133142	-1.6050098	1.7888588
-0.65798485	-1.1244128	-0.2973912	-0.6518587	-0.8187785	-0.8012739	-1.3628913	-0.7095552	-0.7410349	-1.5686653
-0.38733405	0.20679936	-0.29025677	-0.52317435	-0.7770667	-0.28115103	-0.48113626	-1.0021149	0.013569504	-0.40843558
-1.7136253	-1.8046608	-1.16436	-1.6284876	-1.5912285	-1.8431739	-1.8323007	-1.3769923	-1.4830451	-1.3050942
-1.3850526	0.12484649	-1.0378854	-1.4782379	-0.11954546	-1.4127997	-0.5564052	-0.8623999	-1.250825	-0.59090847
-0.8744243	-1.4321783	-0.40101096	-1.0062811	-2.6831102	-3.1015592	-2.5157533	-1.7294533	-2.1584651	-2.4151807
-1.7892004	-1.7673862	-1.0505432	-1.7480656	0.2589288	-2.2457817	-2.609814	-1.8423818	-2.4630127	1.1555445
-1.6514728	-1.9290068	-1.1111737	-1.5878106	-1.7501527	-0.689371	-1.5246598	-0.35643515	-0.9826156	-1.8462316
0.054481827	-0.58357215	0.6456094	-0.08332807	-2.0172713	0.2781549	-0.36756724	1.1451807	0.23553422	-1.9656886
-0.5954752	-0.9147394	-0.070901066	-0.60686994	-0.60620713	-0.86504155	-1.1734849	-0.6654257	-0.8347357	-0.6810244
-1.5191242	-1.7680519	-0.88098586	-1.4212624	-0.54549974	-1.9138744	-2.0623004	-0.94389075	-2.2062466	-0.82299256
0.040926866	-0.68215966	0.49798205	-0.03875278	-0.72914827	-0.6919328	-1.072754	0.05954742	-0.8607251	-0.92013496
-1.9470705	-1.995197	-1.3144343	-1.8797264	-1.6431497	-0.8727075	-2.1942616	-1.7903885	-0.81823033	-1.5526954
2.1039474	1.0239569	1.8470936	1.7860943	0.6949853	1.2045959	-1.3635715	1.2998793	1.1944991	0.77262944
-0.6521179	-1.187551	-0.2558065	-0.75722885	-0.8897195	-1.2320341	-2.0854833	-0.5856869	-1.3356966	-0.5369282
-2.3117568	-2.1948397	-1.4309083	-2.2453942	-1.8800114	-1.9768276	-2.2492394	-1.0292131	-2.798742	-1.5481988
-2.2908273	-2.2072065	-1.460588	-2.1630468	-0.6592939	-2.0576632	-1.5752386	0.047691923	-1.0216615	-0.871818
-0.88748187	-1.2716429	-0.6083187	-0.8827975	-0.54860693	1.3528968	-1.0592538	0.5997346	0.7795785	-2.2777295
-1.5732182	-1.7752746	-1.0193884	-1.5556482	-1.5218676	-1.5322528	-1.816828	-0.89988446	-1.9670397	-2.0530806
-2.0138235	-2.0095177	-1.3185114	-1.9600742	-1.515202	-2.2170718	-1.4735296	-1.3301309	-1.9477072	-1.6387963
0.24814036	-0.14284597	0.5512068	0.0127443075	-1.4128119	-0.166205	-0.28360417	0.09977039	-0.2710432	-2.0356252
-1.5614264	-2.0354552	-1.0433207	-1.5775486	-1.9809047	-2.5965312	-2.3993247	-1.7810415	-3.1394932	-2.1665509
-1.4302868	-1.0848391	-0.85656476	-1.4715942	-0.9599836	-0.69488615	-1.1628466	-0.21268257	-1.5038422	-1.059846
0.04950463	-0.8908528	0.59706557	-0.02852802	-2.365779	-0.1661784	-1.2832257	0.3628929	-0.31790313	-2.7691123
-1.6516383	-1.5782604	-1.1971948	-1.576128	-0.21328008	-1.0901353	-1.2492081	-0.3097744	-1.5997638	-0.2181544
-1.9068265	-2.0129747	-1.3503973	-1.8117658	-0.6646292	-2.615686	-2.0780144	-1.6878217	-2.0118103	-1.0690156
-1.7064784	-1.6308492	-1.125415	-1.7847637	-1.4270787	-2.5717933	-1.9646205	-2.1679528	-0.47734106	0.5305763
-1.3194232	-1.3563983	-0.8347403	-1.2905182	-0.97515845	-1.4352114	-1.011981	-0.37634388	-1.0447621	-0.8800137
-2.1924756	-1.9602652	-1.3736436	-2.1497383	0.44954	-2.7813282	-2.3480437	-2.151621	-2.504944	1.4478271
-1.9512669	-2.0507684	-1.2965429	-1.8659083	-1.1640965	-1.8998369	-1.7607768	-1.0365219	-1.4625688	-1.5534322
-2.5763938	-2.3828027	-1.764229	-2.4227662	-1.2378259	-1.9540855	-1.6989062	-1.3112293	-2.80355	2.2062557
0.038576394	0.60897505	0.26518652	-0.1362009	-0.82467806	0.36491755	0.3639961	0.6429653	0.10354103	-0.826095
0.10955823	0.14780423	0.20683075	-0.17079765	-2.502895	1.0504453	1.0812913	0.8620644	0.70885855	-1.9489547
0.40021387	-0.33531642	0.7720649	0.1691951	-2.3716357	0.068914995	-1.1751076	0.7260302	0.42816	-2.9475632
-1.677114	-1.9132829	-1.1310091	-1.6870701	-2.0531862	-1.0733861	-1.0613947	-0.8435021	-1.0525126	-0.42097116
-1.9447163	-2.07741	-1.3109028	-1.834622	-1.4442801	-2.0148795	-1.9395483	-1.4878799	-2.9668097	-1.3386581
-1.6444432	-1.7729503	-1.1595961	-1.5623109	-1.0835384	-2.0775697	-2.4382403	-1.4775412	-1.8988687	-3.4317381
-1.7395912	-2.305178	-1.0994843	-1.6688547	-2.0269444	-2.0275028	-2.4123647	-1.0288508	-2.0035412	-3.072532
-1.5237745	-1.9246292	-0.9926543	-1.4560224	-1.3042282	-2.002577	-2.957955	-1.2941225	-2.2424223	-2.0365903
-1.2870545	-1.5103304	-0.6064725	-1.3267344	-1.6502879	-1.235178	-1.2939069	-0.86704093	-1.1302813	-1.4628416
-2.1927676	-2.2359076	-1.2989866	-2.15421	-2.2750964	-2.4136264	-2.1119921	-1.174867	-2.103088	-2.275625
-0.10770056	-1.0556183	0.41617155	-0.21474445	-2.3622677	-0.268973	-1.6495713	0.53605926	0.2550779	-2.6619246
-2.544838	-2.4267209	-1.6070994	-2.4525898	-0.31996587	-1.7064543	-2.3992088	-1.4878252	-1.8781534	0.12563804
-0.74855995	-2.1441202	-0.17290524	-0.7410337	-3.0835834	-1.2982157	-2.1251416	-0.75841177	-1.4929328	-3.370254
-1.4562025	-1.5381612	-0.90097857	-1.4713832	-1.3591325	-0.8412998	-1.3457335	-0.35264716	-0.92114425	-2.4333487
-1.7081248	-1.8957577	-1.0299921	-1.7338591	-1.7250239	-1.7546937	-1.861542	-0.20737493	-1.3798532	-1.9383081
-1.9596794	-2.020928	-1.2617371	-1.8221416	-1.6041079	-1.7392228	-2.4086926	-1.6570635	-1.9696805	-1.2652141
-2.1480365	-1.9861628	-1.4065924	-2.0102274	0.69200385	-2.2644174	-2.3064024	-1.3630557	-1.8200383	0.20431694
0.46272245	-0.33399716	1.0268378	0.29978192	-1.878627	0.5754918	-0.07376857	1.2427007	0.22184525	-2.041013
-1.6014693	-1.9826188	-1.0519233	-1.5316619	-1.0895277	-0.74771833	-1.513298	-0.2518569	-0.30179554	-1.5645093
-1.3180412	-1.4722941	-0.7397946	-1.2765583	1.0288676	-1.0320315	-1.8257661	-1.1230712	-1.0725309	0.7084545
-1.7980385	-1.8700505	-1.1763995	-1.7090865	-0.27188605	-2.1690748	-1.9771347	-1.3152505	-2.2198658	-0.048779733
-1.8069904	-2.051863	-1.1876007	-1.6706727	-1.4471444	-0.9861125	-2.3587914	-0.70934296	-0.58093756	-0.90119135
1.5570282	1.3458129	0.99506104	1.6085887	-2.3245592	1.1188391	1.9624732	0.79628295	1.109761	-0.87552965
-2.060805	-2.1063774	-1.3410757	-1.9288378	-1.049237	-2.0246248	-2.73017	-2.8288054	-0.48290014	-0.8114959
-1.0568154	-1.0573277	-0.6368029	-1.065807	-0.9146869	-0.58984935	-1.6565648	0.13205722	-0.11386076	-1.0701392
-2.4000356	-2.4086707	-1.5762231	-2.2798655	-2.2275913	-2.3275094	-0.838273	-0.8018165	-2.431057	-1.5001532
-0.10620568	-0.14157665	0.25320488	-0.26857555	-2.0681672	-0.3114938	0.17059006	0.09847157	-0.7236396	-1.6570808
0.6767652	-0.22965415	1.0960509	0.4235534	-1.8280874	0.8494067	-1.2644075	0.5795791	0.65460336	-2.6508386
1.390767	0.06053126	1.4913867	1.1793333	-1.5746402	-0.18996225	-1.0169756	0.54683346	-0.11157571	-1.3118508
-1.0521541	-1.5000619	-0.62214696	-1.0650642	-1.5035164	-1.1651617	-1.6097645	-1.005639	-0.97797054	-0.67407405
-2.5110989	-2.2751076	-1.6477764	-2.3948226	-1.387	-1.93222	-2.6893408	-1.8985795	-2.431392	-1.6153228
-2.3957336	-2.2320414	-1.4779098	-2.2363467	-0.46523103	-1.9697603	-2.3047614	-1.3986363	-1.7014549	1.7542129
-2.2293425	-2.175232	-1.4806901	-2.1292567	-0.34232935	-1.8075454	-1.2138861	-1.2745594	-2.9418082	1.1069745
-1.6936476	-1.8371989	-1.0824363	-1.6362145	-0.51644516	-1.4692705	-1.7168872	-1.010815	-1.8189746	-0.4905881
0.9749754	2.1631007	0.99846303	0.62398833	-0.049817115	2.363598	1.3811814	2.9845812	1.8969463	0.06017157
-0.17814735	-0.90286624	0.35389453	-0.28134382	-2.137151	-0.1884853	-1.2246144	0.029797077	-0.59806687	-1.2826222
-0.09494818	2.0765836	-0.04929915	-0.34216535	1.7080792	1.3084916	0.84652096	1.0061712	0.6437026	0.29302278
-0.76694536	-1.0779965	-0.5827819	-0.86889607	0.30916634	-0.37246594	-0.0028505982	0.27440596	-0.4335659	-1.1301434
0.9031797	0.08882347	1.4188404	0.7585101	0.07904813	1.1049418	-0.37108237	1.3708769	0.67011595	1.0736823
-1.4335395	-1.6129514	-0.9112979	-1.3874047	-2.0661218	-0.71106696	-0.1285289	-0.6934756	-0.9505085	-1.9962744
0.34321922	-0.56827164	0.74434733	0.1275288	-2.23014	0.24617997	-1.2438815	0.4572896	0.5541222	-2.5594976
-0.9723614	-1.2428833	-0.5413722	-0.91500247	-0.72467935	-0.33143875	-0.93246216	-0.3345411	-0.5222452	-0.5277279
-1.5211515	-1.693787	-1.0166289	-1.4574772	-0.6229279	-1.8316791	-1.5320543	-1.3274422	-2.0669591	-0.7196894
-1.6846203	-2.0233865	-1.1997541	-1.6132358	-0.7426052	-1.7354448	-1.5823616	-1.3311819	-1.6810828	-0.6949068
-2.319411	-2.1802747	-1.600141	-2.2503254	-1.4381561	-1.704252	-1.4297059	-1.2188361	-1.6945423	-1.368246
-1.4360812	-1.0589883	-1.0232639	-1.4927826	0.007244438	-1.8765494	-1.4710698	-1.2096511	-1.5883806	-0.30001035
-0.7826065	-0.90712607	-0.4822875	-0.7839382	-0.0077677667	-0.9432149	-1.3325392	-1.3354015	-0.4992753	1.8769146
-1.7126442	-1.8852512	-1.1035836	-1.628271	-1.5912865	-2.6649384	-2.171138	-1.1986277	-2.2033856	-1.2624109
-1.24612	-1.6258556	-0.7771493	-1.2613392	-1.9921672	-1.2159717	-1.7941061	-0.87127984	-1.3377138	-1.6757802
-2.1418643	-2.1194828	-1.4497421	-2.0971298	-1.4687841	-2.084893	-2.6679506	-0.9338309	-1.3837981	-1.7249167
-1.9073104	-1.9558913	-1.2976265	-1.9003037	-1.6666766	-1.1257105	-1.0890722	-0.0072415727	-1.296905	-1.5516486
1.2143649	1.3495295	1.1828504	0.9986751	-0.8830466	-0.6434348	-1.7084389	0.10869533	-1.3329624	-3.4865558
-2.3839262	-2.3714914	-1.5633504	-2.300494	-2.1169615	-2.9968407	-2.8912508	-1.8646877	-1.4453101	-2.1792312
-0.107263066	-0.14437854	0.24640521	-0.21390507	-1.4229513	1.2963256	0.95838845	1.7742949	0.5452816	-1.0948915
0.38114417	-0.07362726	0.6885592	0.15273817	-1.5114905	0.24316329	0.39862266	0.36339438	-0.44355568	-1.8522769
-2.229296	-2.4284034	-1.2762079	-2.1344056	-0.8223889	-3.3828108	-3.1877773	-2.2345867	-1.9203055	0.08302953
-0.98266923	-1.2809632	-0.541703	-0.9786887	-0.20261711	-1.1274997	-1.6030222	-0.83686537	-0.5828683	0.95176786
-0.5380232	-0.9152249	-0.189697	-0.58245033	-0.46857375	-1.1045147	-1.4017208	-0.9306985	-1.3188407	-1.173741
0.1582385	1.2834023	0.320102	0.12688364	1.0971917	-0.62898153	2.8960922	-0.369388	-0.26877534	1.6361957
-1.1148863	-1.3371676	-0.5507256	-1.1158034	-0.74240613	-0.19918807	-0.8400832	0.38298133	-0.3751061	0.23341072
-1.5039579	-0.90496147	-1.3618013	-1.4369977	-0.65192986	-2.3318863	-1.4885366	-2.4688132	-2.053299	-1.9545693
-0.24695435	-0.7135799	0.1779695	-0.40501684	-2.2868612	-0.50417197	-0.65955234	0.039665133	-0.7174193	-2.4245424
-2.5839186	-2.5356324	-1.6578308	-2.4943175	-2.4038186	-2.3944356	-2.6422546	-2.01438	-1.5477304	-2.2426074
0.31373718	0.6382506	0.73917377	0.12761654	-0.96413016	-0.37005642	-0.1026709	0.7950274	-0.5117837	-1.2033321
-2.2276528	-2.112647	-1.4006866	-2.2024446	-1.3302678	-2.4757352	-2.8423097	-2.134523	-2.714521	-1.5797422
-2.10407	-2.0750656	-1.4347225	-1.9849374	-1.0061848	-2.8150444	-2.0706816	-2.0332818	-3.1154177	-2.9446561
-0.66107553	-0.7319442	-0.5439545	-0.6147355	-0.08979702	-1.7000313	-1.281515	-1.3098989	-1.7739434	0.018834231
-1.1549563	-0.89749026	-0.74032104	-1.2648178	-0.38876665	-0.56211895	-0.82710737	-0.9012464	-0.6410847	0.70875937
-2.2214787	-2.0209348	-1.3794897	-2.1092246	-1.223041	-2.3237686	-3.1037858	-1.4689331	-2.96652	-1.4239897
-0.7712897	-1.8508044	-0.28743157	-0.8310671	-1.3036596	-0.81823546	-2.0700934	-0.7705331	-0.88890165	-1.2383643
-0.5962483	-0.6200876	-0.20973185	-0.6781256	-0.99216557	-0.4748679	-0.7962904	0.15574294	-0.46535417	-1.5398041
1.0225928	0.79518557	1.4590564	0.7614397	-1.4038998	0.91522425	1.1376421	1.2914573	1.6089522	-0.48918125
0.54317325	-0.19172469	0.9661747	0.37394845	-1.316953	0.24876133	-0.33697954	0.54224795	0.9334175	-0.30097008
0.01379548	-0.6745225	0.43866685	-0.17393938	-2.2574644	0.6456291	-0.6520016	1.172596	0.37661004	-2.234408
1.8108362	1.584116	2.0020323	1.537239	-0.6454555	1.084046	0.66721106	2.0751588	0.6734643	-1.5245621
-1.8003249	-1.9781727	-1.2803428	-1.74309	-1.6025592	-1.7879118	-1.68921	-1.1506406	-1.150914	0.23300174
-0.3369319	-0.5582304	-0.12820977	-0.47239488	-0.27273735	-1.247275	-0.938728	-0.9111668	-1.5843952	-0.8401521
-1.3261536	-1.6349504	-0.86529446	-1.2516953	-1.5963764	-1.5955697	-1.8483297	-0.99352247	-1.7279882	-1.7721581
0.72832596	0.0042966753	1.2300423	0.5024359	-2.2656474	0.61220723	-0.3595636	1.2533424	0.66265106	-1.9060774
-0.5463847	-0.8922118	-0.24148887	-0.55913156	-0.049037308	-1.3984916	-2.21485	-0.84093	-1.2753518	0.18001251
-0.86547	-1.3158128	-0.52863276	-0.92923194	-1.0770477	-0.854328	-0.6216304	-0.7269925	-0.9208995	-0.46690252
-2.2247205	-2.2270193	-1.5066457	-2.0776181	-2.3089378	-2.7140355	-2.5250075	-1.5292246	-1.0623035	-4.3551
-3.0443528	-2.3684537	-1.8744655	-2.8958097	0.22759828	-2.5036292	-3.2446828	-1.5713813	-1.3666902	0.57498795
-0.2006177	-0.99985373	0.1104801	-0.2017592	-1.1032085	-0.85083395	-1.2951684	-0.16584301	-0.28321964	-1.0073982
-0.6443609	-1.4178257	-0.27483496	-0.7273233	-1.9939162	-2.0325265	-2.3334649	-1.6747396	-1.6619446	-2.8045557
0.18830979	-0.81471777	0.69685256	0.055753425	-1.9717376	0.07846603	-0.6754001	0.61598665	-0.11065705	-2.1570218
-1.896555	-2.0389256	-1.3484865	-1.7915097	-2.032781	-2.421586	-2.1281266	-1.5716288	-1.2441511	-1.1928602
-0.9149858	-1.2727617	-0.45999655	-0.95987594	-1.1780001	-0.87204325	-1.4701561	-0.66854525	-1.3150463	-0.9876066
-1.3659757	-1.6075588	-0.97909534	-1.4403533	-2.294042	-1.7620064	-1.4209409	-2.036448	-1.674375	-2.422561
-0.4835977	-0.96879613	0.09903309	-0.6456276	-1.0936652	-0.667787	-0.8863433	-0.20561305	-1.1396055	-0.97558147
0.68945754	0.31475243	1.1825542	0.50186425	-1.29018	0.3354158	-0.11201483	0.8967178	0.21905255	-1.1635481
-1.7589233	-2.091723	-0.9658135	-1.8206034	-2.2327373	-2.0329087	-2.8536513	-1.866762	-2.1458652	-1.8601676
-1.5431439	-1.8665082	-1.0697185	-1.5547692	-1.398458	-1.9244199	-2.4602354	-1.223108	-2.037826	-1.6853288
0.14932501	-0.54777217	0.55288404	0.00020489097	-1.80283	0.27034876	-0.2687095	0.7563143	0.13440406	-1.5049305
-0.5496035	0.82477117	-0.32983539	-0.7282166	1.305606	-1.9191238	-1.1125289	-1.3499386	-2.174638	-0.10924498
0.59834296	0.17366949	1.1474743	0.39068222	-0.95206237	1.8849016	1.1316047	2.3594058	1.4135406	-1.1529508
0.97648984	-1.1528162	1.4737518	0.87158227	-1.3185356	0.4684715	-1.1040399	1.5530444	0.4937328	-1.1249709
-0.19197953	0.087082505	0.19484597	-0.21927294	0.6259711	-0.22566311	-0.8615192	-0.22800311	-0.45454076	-0.3409957
-2.3502185	-2.2311146	-1.4749522	-2.227509	-0.5542551	-2.3187926	-2.174427	-1.2482699	-2.9758754	0.13744922
-1.4928042	-1.3213887	-0.95730937	-1.5211922	-1.0584052	-1.6683586	-1.2445352	-0.9129764	-0.9606546	-0.738945
-1.9863902	-2.1182687	-1.254177	-1.817311	-1.5081587	-1.978651	-2.3085923	-1.0516577	-1.6158143	-1.321422
-0.4607149	-0.8598616	0.07185379	-0.49414033	-1.4632049	-0.52380246	-1.3353043	0.17336662	-0.5733601	-1.8344095
-1.2881391	-1.6338538	-0.8504318	-1.2765046	-1.5788901	-0.44979328	-0.118789345	0.82732475	-1.0332203	-0.7004753
-1.4414808	-1.8356827	-0.85164	-1.4129281	-2.178035	-1.9535594	-2.2344205	-1.4583869	-2.3772175	-3.649456
-2.505296	-1.505369	-1.7679892	-2.391319	-2.07234	-1.6158566	-0.6917595	-1.1803075	-1.913245	-1.7691784
-2.0513678	-1.8639169	-1.1484673	-1.9697223	0.10359809	-2.8859725	0.15484065	-1.4092302	-2.1429608	1.9253678
-1.3203288	-1.4387672	-1.0171498	-1.3636898	-1.6309519	-1.2720442	-1.6325564	-0.8477162	-1.4054296	-1.7688667
0.28476113	-0.5677894	0.57937795	0.14136632	-1.4734899	0.37346202	-0.68342286	0.66885173	0.052581787	-1.1925218
-0.2967183	2.5062804	-0.10922471	-0.65420026	0.19051018	0.36643296	2.9854672	0.5774087	-0.17470534	-0.6330575
-0.026711226	1.2437618	0.10989067	-0.34307408	-0.9664353	-1.3626063	-1.1486653	-0.31167716	-1.5612696	-2.0131547
-2.0890493	-1.9673426	-1.2763827	-1.9326199	-0.091166764	-1.8841007	-2.1883917	-0.99424976	-1.9247867	0.45380184
-2.0136642	-1.801031	-1.4817717	-1.9055543	0.6790563	-1.9264164	0.57365936	-1.1655482	-2.0644727	1.4887084
-0.4142032	-1.216537	-0.30863526	-0.53084767	-0.8084297	0.5983165	-0.25946128	-0.21905512	0.21756504	-0.4322112
-1.9090899	-1.9390383	-1.3336066	-1.816742	-0.59963584	-1.6923313	-1.947727	-1.6364855	-1.4309727	-1.8923631
-0.48218715	-1.1769272	0.009948343	-0.56035334	-0.24375507	-0.68195486	-1.2732531	-0.08004884	-0.5464333	0.40013054
-0.43883282	-0.38719597	0.08378014	-0.49838442	-1.2779328	-1.0301096	-1.2558628	-0.5348263	-1.1627498	-2.0035138
-1.4942164	-1.3675698	-0.96970963	-1.5494275	-0.93854403	-1.6565473	-1.5440699	-1.1896073	-1.6837811	-0.24863808
-0.8492666	-1.3094485	-0.7354524	-0.79591537	-1.7391187	-0.513274	0.27131474	-0.75843835	-0.64556366	0.27495462
0.73359656	0.18580797	1.3676901	0.5718625	-1.2793165	1.9960815	0.32591134	2.4408023	2.0021822	-1.1874444
-0.38107035	-0.8198577	-0.023614079	-0.37282276	-1.238568	-0.31458446	-0.420784	-0.6384742	-0.28469598	-1.4075675
-0.44664136	-0.1527995	-0.107207924	-0.55413467	-1.0569081	-1.1434846	-0.15730433	-0.23021013	-0.4725662	-0.21790709
-0.14758536	-0.7687261	0.22582157	-0.31760237	-1.8319412	-0.7861199	-1.305211	-0.39335746	-0.9110581	-1.393228
-0.13464051	-0.8669586	0.2237201	-0.35257548	-2.5504236	-0.20698848	-1.0524024	0.38102773	-0.26196384	-2.5471077
0.12706956	-0.08421633	0.19168909	-0.16268584	-0.046160787	-0.05650484	0.051179767	0.20256077	-0.68179023	-0.61360073
-1.5492278	-1.502206	-0.8414072	-1.4512165	0.9557909	-1.5172255	-2.0454369	-0.85947096	-1.3833917	-0.43104288
0.056381784	0.642437	0.43403497	-0.1742595	-0.023650527	-0.681826	0.8500486	-0.25945753	-1.6763315	1.1328961
-1.1181346	-1.3797466	-0.8857305	-1.1296648	-1.767244	-0.80328596	-1.1501592	-0.65375495	-0.31382605	-1.315986
-1.7823486	-1.8301792	-1.1642189	-1.6135429	-0.7503871	-1.5333045	-2.5445876	-0.99797523	-1.4859413	-0.8885954
-1.8716682	-1.7182151	-1.1918998	-1.7853575	0.8797507	-1.9843361	-1.8075391	-1.4058267	-2.1096704	1.4097478
-0.38908407	-0.34850848	-0.032036513	-0.42514887	-0.38470808	-0.9051272	-1.4520441	-0.44056392	-1.3142921	-1.4065063
-1.5609384	-1.8190107	-1.0869055	-1.4390872	-1.4462831	-1.0158285	-1.4028829	-0.8568717	-1.4349632	-2.1326225
-0.19085914	0.029205024	0.18906996	-0.36275458	-1.276232	0.05517488	1.663633	0.60693675	0.121525556	-0.7701844
-2.5007458	-2.3955185	-1.5260466	-2.4712584	-2.0755947	-2.6168737	-2.9517734	-1.9539331	-3.3290734	-1.9821659
-0.33786684	-0.73142505	-0.10727352	-0.3985257	-1.16381	-1.3830111	-0.14760278	-0.14269364	0.3002665	-1.0459986
1.3323792	1.8635731	1.546975	0.95525193	-0.6121316	-0.017712316	0.49903223	0.5518073	-0.103281826	-1.4035835
0.38825312	-0.1671686	0.812075	0.16404222	-2.0918386	0.20065135	-0.19847748	0.32348144	0.056424238	-2.3916454
0.12777644	-0.35478923	0.6036155	-0.048280224	-1.1366205	1.0144708	1.4075891	1.6613561	0.37032568	-1.4988092
-1.8658603	-1.898148	-1.1716135	-1.8043509	-0.9046662	-2.113612	-1.7786822	-1.3576428	-2.0884936	-0.49955818
-1.240916	-1.4574008	-0.61501384	-1.3559606	-1.5600041	-1.5110333	-1.6300803	-0.59524465	-1.5970583	-1.7379206
0.24588954	-0.69468343	0.67623365	0.08998178	-2.0165384	0.58497167	-0.056552555	1.0659482	0.336158	-1.9611893
-1.0655502	-1.1733336	-0.65354	-1.1171122	-1.3508946	-1.2460387	-1.0630642	-0.4605837	-1.0913168	0.43101102
-1.754427	-1.9539889	-1.1851106	-1.709088	-2.0223825	-2.4247901	-2.3105466	-1.6413189	-2.5232277	-2.0786104
-1.9245878	-1.9820703	-1.3803113	-1.8212574	-1.0794522	-2.521568	-2.1960406	-1.6143728	-1.0678626	-0.80307406
-2.2499156	-1.7188838	-1.6279496	-2.2067595	-1.3168801	-1.3182586	-1.3971721	-0.70286614	-1.1326929	-2.0735683
-0.878826	-1.121685	-0.49159768	-0.9650151	-1.5152866	-1.1933656	-1.2789717	-0.3822367	-1.4206917	-1.1872729
0.93816644	1.2533033	1.5694233	0.73946655	-0.5968374	1.9363784	1.567912	2.5174594	1.7662905	-0.54941636
-0.8740185	-0.57112	-0.554137	-0.8511867	0.5059079	-0.38214332	-1.1961818	-0.105884545	-0.39482024	0.13551733
-1.1835544	-1.1992887	-0.5844947	-1.1496913	0.61101174	-1.7357914	-1.6442224	-1.0813563	-2.1847951	-0.5802584
-0.32475403	-0.7454926	-0.061222613	-0.2691816	-0.8065696	-0.15809087	-0.9850326	0.497269	0.44871506	-2.078858
-1.8089437	-1.9268535	-1.1036108	-1.8010323	-0.28615847	-2.0156682	-2.4098074	-1.9152384	-2.628246	-0.26194793
-0.7607576	-0.9518465	-0.32447168	-0.8590306	-1.2013958	-0.7570152	-1.8666999	-0.96696645	-0.8150463	-0.62055886
-0.60786074	-0.47628433	-0.19555458	-0.6770892	-1.413426	-1.109453	-1.4359378	-0.44945413	-1.2170862	-1.6116537
-1.5619235	-1.7625098	-1.051444	-1.5321922	-1.368631	-2.4801538	-2.9243898	-1.5517395	-2.1908214	-1.8010906
0.13339975	-0.6546571	0.5300352	-0.05101937	-2.5838566	-0.40374345	-1.226065	0.17776065	-0.3965105	-2.4279952
-1.8188329	-1.3919466	-1.3370261	-1.8155378	-0.90358365	-2.168096	-1.3868468	-1.5443058	-1.9373484	-0.23737848
-1.6328348	-1.9556704	-1.1085999	-1.5684026	-1.4920638	-2.68783	-2.5991662	-0.7695638	-3.7061598	-1.8678638
-2.2506442	-2.2290995	-1.5529535	-2.1757102	-1.1621873	-1.8083436	-1.5474474	-0.65240043	-2.1895154	-1.1947144
-0.7038422	-1.5257478	-0.18472067	-0.8260269	-2.3272128	0.058200654	-1.1894785	0.6108148	0.47661003	-1.9733434
-0.83955693	-1.2603227	-0.42888173	-0.9847704	-2.492399	-1.4645355	-2.3959167	-1.3623623	-2.028844	-1.9268982
-0.35418943	-1.026729	0.12950006	-0.38138676	-1.4874831	-0.16035539	-1.3536733	-0.14836086	0.10564544	-1.860382
0.21291542	-0.52980864	0.58853734	0.04740186	-2.1124432	0.27047658	-0.44562945	0.6471373	-0.17819993	-2.4547381
-0.0027919486	-0.3291091	0.3806979	-0.1345027	-0.96100247	0.3193531	-0.1568222	1.1545392	0.32184365	-1.1977279
-2.5940282	-2.3817868	-1.620785	-2.461849	0.2819269	-2.863104	-1.6244483	-1.314344	-3.2893517	-1.2520102
-1.649463	-1.7720385	-1.0435975	-1.5627172	0.50766754	-2.4058924	-1.9485711	-1.7743713	-2.7405937	-1.4019638
-1.3307867	-1.301429	-1.0462083	-1.2426857	0.084151626	-1.1473343	-0.36230385	-0.87282634	-1.4889394	-0.20484905
-1.656937	-1.730982	-1.0861845	-1.6656944	-1.6071802	-2.471172	-2.131432	-1.6439512	-2.4166346	-2.397702
-2.182383	-2.0339577	-1.3992369	-2.1015189	-0.27637073	-2.4492803	-1.6521933	-1.1982582	-2.0811627	-1.013379
-0.038188793	-0.4190441	0.14369747	-0.13448967	-0.29209605	-0.19850633	-0.7431641	0.22458038	-0.2793948	-0.6029275
-0.7504224	-1.5746846	-0.3828828	-0.74856305	-2.41933	-1.3220562	-1.5300015	-1.2758788	-1.8160257	-2.6128845
-1.7988071	-1.6472511	-1.2511058	-1.7443988	-0.495106	-2.0305958	-1.9486351	-1.5509886	-1.9187871	-0.7781424
0.1973013	-0.52706814	0.61873674	0.046997413	-1.1000005	1.3650439	-0.3205289	1.4246216	0.88492405	-0.012075222
-0.73631734	-0.9871656	-0.5540551	-0.7144374	0.20752165	-2.0779734	-1.7498404	-1.1600631	-2.4817653	1.0712245
-0.14935265	-0.8083072	0.29261947	-0.3687536	-2.5995247	0.017333534	-1.0511467	1.0196857	-0.04827162	-3.134822
-0.53551453	-0.77705765	-0.15331253	-0.55794936	-1.2878867	0.35862008	-0.25802156	0.7206663	-0.29737976	-0.9653257
-0.67046916	0.21867642	-0.28611884	-0.81707704	-1.1541642	-0.37657687	1.2053665	-0.0134044625	-0.9230317	-0.7415954
-0.5778555	0.17951933	-0.12004596	-0.6772489	-0.10601175	-0.15374015	2.2476795	-0.02238276	-0.33581918	0.853467
-1.0710615	-1.3117827	-0.73780644	-1.0454506	-1.5746206	-0.835211	-1.4462174	-0.83142436	-1.36879	-0.72668916
-1.1306394	-1.6073711	-0.6647645	-1.1433231	-2.290825	-0.39697126	-1.0307938	-0.05526395	-0.35140264	-0.85937786
-2.3903396	-2.2846587	-1.5531727	-2.2662392	-1.4262023	-2.2862062	-1.6804132	-1.4650707	-2.2692544	-1.4237235
-0.84540486	-0.8495276	-0.4690893	-0.83665645	-1.074951	-1.2070526	0.37095582	-0.6242201	-1.8312069	-1.0158689
-1.136245	-1.6163523	-0.65620375	-1.015082	-1.6661186	-1.1412793	-1.6417644	-0.80914706	-1.2390925	-1.813034
-2.1798253	-2.1314566	-1.4730604	-2.0072863	-0.9964417	-2.2547953	-2.9007373	-1.5407683	-1.5858337	-1.7552857
-0.21662909	-1.0266364	0.42548153	-0.5155716	-1.2473142	-0.24377793	-1.156603	0.4685765	-0.40527415	-0.9436148
-1.5017214	-1.5538135	-1.0564381	-1.4404503	-0.38415566	-0.54221165	0.47237602	-0.8761084	-0.90987015	0.42167687
-0.9571341	-0.991542	-0.5908452	-0.929967	0.29600707	0.4694855	0.85813314	0.123998284	0.4990512	1.2539247
-0.74868923	-0.8407484	-0.33522817	-0.786137	-0.72089946	-0.48212335	-0.29435825	-0.12755746	-0.9466475	-1.1975954
-1.2810748	-1.6348224	-0.78171813	-1.1895642	-0.8220575	-1.0567828	-1.3858262	-0.66569513	-1.2987623	-1.2933909
-1.7673484	-1.269913	-1.2803674	-1.6630558	-0.66197443	-1.779173	-0.8873857	-0.90890604	-1.6486349	0.17073499
0.052537166	-0.4988884	0.5334083	-0.12702905	-1.9432099	-0.3121707	-0.5483869	-0.2676053	-0.73815835	-2.6723175
1.5412922	0.5485035	1.4740273	1.306671	-0.25230724	1.5872872	-0.30483288	1.6296017	1.4608468	-0.9858792
-1.618382	-1.8047051	-1.0548561	-1.5821953	-1.0492382	-1.7935538	-2.196238	-1.0750593	-2.3622375	-0.13221748
-2.3566186	-2.1040018	-1.5223283	-2.2367048	-0.51428056	-2.217235	-1.7589005	-1.431815	-2.5458715	-0.5139617
-1.5200499	-1.663265	-0.9499283	-1.438615	-1.6039072	-2.083798	-1.6802177	-1.0147352	-2.3887901	-1.255527
-0.8790629	-1.1036768	-0.46271583	-0.978514	-2.359443	-1.2472662	-1.6853873	-0.6880044	-1.4574522	-1.9107677
0.67353404	0.34350637	0.96390307	0.3948502	-1.4401946	0.5380187	2.2265139	0.4208499	-0.22772102	-0.69580907
-0.17495346	-0.1223875	0.48283324	-0.33864215	-0.95744765	-1.0771192	-0.16478251	-0.037219398	-0.79630893	-2.1979938
-0.16611654	-0.9536606	0.26139444	-0.30759776	-1.972285	-1.6223948	-2.6953084	-0.865036	-2.0136378	-2.7566364
-1.6480978	-1.851312	-1.0752728	-1.4820869	-0.4396864	-1.3453306	-2.0584679	-1.3231126	-1.1706216	-0.635911
-1.3108543	-1.604887	-1.0674948	-1.0931023	-2.6157932	-1.2486885	-2.2871037	-0.51824445	-2.0590801	-3.137048
-0.941005	-1.2697362	-0.47253957	-0.96506995	0.80746853	-0.27039367	0.24367374	0.13452046	-0.56476116	1.0608711
-1.3592889	-1.3348714	-1.0138761	-1.3677101	-1.5510932	-0.53152	-0.9852215	0.24411102	-0.28469598	-0.076835945
-0.82936007	-0.4582122	-0.48878363	-0.8459197	1.1466603	-1.5634401	-1.646015	-0.6846369	-1.2730993	-0.8546831
-2.763874	-2.7056723	-1.8452556	-2.6605031	-2.5256991	-2.206926	-2.2400103	-1.7035146	-2.0623035	-2.232985
-0.12178875	0.34350792	0.08570984	-0.24929376	-0.33349282	-0.19908851	0.6698908	-0.41385835	-1.0480419	0.34924573
-1.2695925	-1.735218	-0.69661355	-1.2834716	-1.397309	-0.8447494	-1.3858335	-0.21653906	-0.5712383	-1.2428237
-2.070667	-2.0541332	-1.3674855	-1.9384738	0.41241667	-1.7482269	-2.6458535	-1.1044897	-2.6017797	-0.004745898
-0.18176606	0.29744026	-0.26614478	-0.2468064	-1.8537484	0.50708747	1.3799758	0.074036114	-0.5590467	-2.990126
1.2391632	2.2482955	1.6849297	0.95167124	0.72131777	2.3557293	2.1030638	2.3997526	1.762553	0.7104656
-0.018447846	-0.7573347	0.36543232	-0.2273184	-2.1926987	-0.258189	-0.72397923	-0.060374234	-0.47188663	-1.6869198
0.34779236	-0.052839994	0.5926502	0.19839315	0.15060881	1.2766445	0.040803816	1.1544724	1.0508299	-0.621368
-2.1753428	-2.1326692	-1.4132595	-2.107998	-0.795533	-2.3922744	-2.1407104	-1.7146438	-3.1519952	0.8149334
-0.46776578	-1.1858579	0.042047113	-0.38895786	-1.3141817	1.5278406	-1.0101913	1.3966134	1.2505314	-1.4714675
-1.7539178	-1.8674805	-1.0973537	-1.680994	-0.74940526	-1.6443543	-2.4379537	-1.1066388	-2.1980052	-1.5241748
-1.1819478	-1.2783035	-0.7550235	-1.1989633	-0.15222576	-0.22984897	-1.7147822	-0.09013901	-1.4596468	1.1298603
-2.2960856	-1.8244703	-1.6075528	-2.198108	-0.8513615	-1.7470194	-1.7269186	-1.3694164	-2.183457	-0.3559123
-0.9232227	-1.2802558	-0.74228585	-0.7833259	-0.8089198	-1.5350995	-1.2042019	-1.1376942	-1.2677718	-0.7265956
-1.5191627	-1.5296587	-1.0952725	-1.4996077	0.82133794	-2.0572038	-1.7391421	-1.4441007	-1.8834223	1.792698
-1.5771188	-1.7961367	-1.0002413	-1.5341479	-1.1453629	-1.5122402	-1.5229229	-0.6497753	-1.4949943	-1.2218693
-1.6321126	-1.7284585	-1.0630965	-1.5093954	-0.9391118	-1.5570126	-2.3773687	-0.82116336	-1.8570075	-1.1236093
-1.7589396	-1.9868621	-1.2288823	-1.7880667	-2.3900456	-2.382131	-1.505003	-1.5018255	-2.0945299	-1.9723107
-1.0398566	-1.4926348	-0.60029244	-1.0151416	-1.9984819	-0.37070835	-0.78772646	-0.13266768	-0.1765532	-1.7244254
-0.46821204	-1.249571	-0.33944008	-0.5002658	-1.2357314	-1.0068523	-1.6828722	-0.09680389	-0.19128561	-1.5448515
-0.08680196	-0.6504681	0.32033822	-0.28560644	-1.8838315	0.35698348	0.9864162	0.40886918	-0.21748807	-1.6481414
2.6681576	-0.9089302	2.9093356	2.3652008	-1.8110405	3.0013957	-1.4750906	3.0796318	2.6279328	-4.046436
-0.82524115	-1.2002394	-0.60631454	-0.8350547	-3.1119332	-0.3940778	-0.7136444	-0.6825391	-0.124514244	-3.041712
-0.9826967	-1.0194299	-0.53114927	-1.1265641	-1.8949956	-0.6510992	-1.1630774	-0.008766219	-0.7589682	-1.38703
-0.67528254	-1.081649	-0.19535115	-0.74967724	-1.643645	-0.014201603	-0.47885665	0.371381	-0.10858268	-2.1485138
-0.6468973	-0.9599614	-0.19562593	-0.7591219	-1.5242511	-0.9426368	-2.0304167	-0.14833847	-0.5913168	-1.1174642
0.23842576	-0.70279646	0.7196984	0.07196359	-2.3432863	0.24790603	-1.1749223	0.7248343	0.14220536	-2.476893
-2.3550694	-2.295703	-1.4849081	-2.2583027	-1.8304005	-2.5276594	-2.1102905	-1.4280428	-2.7661114	-1.5721532
-0.7791727	-1.1577002	-0.46021572	-0.71795595	-0.026847333	0.015128296	-1.1709232	0.479522	-0.3454698	0.37100852
-0.37917975	-0.8453399	0.14216784	-0.52353525	-2.3063834	-0.28394756	-0.26916724	0.2703302	-0.6189524	-2.8277483
-1.133505	-1.045254	-0.726506	-1.0463257	0.097421855	-0.77230936	-1.3111775	0.15136825	-0.13376127	1.8516221
0.21132135	-0.4874936	0.6822438	0.079134956	-1.6758252	0.38837585	-0.79985523	1.0284108	0.81479424	-2.5556018
-1.1719996	-1.2440013	-0.72011864	-1.2169728	-1.4991726	-1.1474621	-1.2700224	-0.13627072	-1.025183	-0.67460334
-0.23154625	-0.01917021	-0.07576728	-0.282174	-0.48713437	-1.000831	-1.0426805	-0.6748725	-0.9374597	0.008921573
-2.0550516	-2.1588955	-1.3723416	-2.0087752	-1.7790761	-2.7941964	-3.0862982	-1.570758	-3.033594	-2.372052
-1.3995887	-1.6977309	-1.0346226	-1.4028869	-0.6045378	-1.8190626	-2.7301636	-0.7555297	-1.8776644	-1.733424
-2.355774	-2.2987163	-1.5634433	-2.2725434	-1.261819	-1.288273	-1.6358598	-1.0364096	-1.2334822	-1.7978204
-1.2037625	-1.0818113	-0.8306792	-1.2269139	-0.56737006	-2.1313777	-2.1305974	-1.1791636	-1.1310326	0.79808056
-2.0124695	-2.1625888	-1.397923	-1.907789	-2.7445443	-1.9091221	-2.230793	-1.8754885	-0.90136737	-1.9441559
-1.7483712	-2.100522	-1.2249581	-1.7308378	-1.6570996	-1.7454213	-1.0330868	-1.2574497	-2.2877824	-0.9576576
0.6368852	0.19146761	0.59753954	0.48657465	-0.25631994	0.379623	-1.1015407	-0.26507327	0.25435814	-2.1325426
-2.3005526	-1.5500642	-1.6678063	-2.313519	-0.84669554	-1.7835172	-2.0504615	-2.0251012	-2.4394786	-1.1057503
0.37264115	0.0035938919	0.7107062	0.15361981	-1.1126584	-0.3226552	-0.10244566	0.50947744	-0.19801864	-1.9305938
-2.2808242	-2.536369	-1.6101537	-2.2065396	-2.7561407	-2.2713752	-2.393301	-2.037453	-2.606018	-2.0625691
-1.4035671	-1.241956	-0.8552947	-1.2691534	1.287885	-1.6919985	-1.7139986	-1.2222699	-1.4465971	0.122409485
-1.0076777	-1.222576	-0.61194265	-0.9728159	-1.1445299	0.5551504	-0.81139416	0.13539824	-0.4629291	-1.1930065
2.0279992	0.46243683	1.9518526	1.7344623	-1.8765966	0.8227206	-1.6474144	0.8111212	-0.15419632	-2.040227
-1.1758285	-1.6632795	-0.62654126	-1.2787417	-3.0242069	-1.139508	-1.4874941	-0.59697044	-3.1722212	-2.9471436
-0.47724923	-0.8480431	-0.028161883	-0.5449613	-1.329291	-0.4030393	-0.72485137	-0.10567219	0.093657985	0.69805473
-2.0262115	-1.9333917	-1.2641162	-1.9765823	-1.0118816	-1.5990957	-1.6031954	-0.5442971	-2.4024782	-1.2889477
0.00047709793	-0.82504654	0.478402	-0.12523152	-2.1029856	1.3834294	-0.88444245	1.2247279	0.040200386	-2.1563137
0.012803443	-0.4857141	0.3354321	-0.16633797	-1.8177024	0.5437032	-0.022332365	0.9695427	0.26881158	-1.6570907
0.035477005	-0.7926384	0.5152075	-0.08123846	-1.6270555	-0.03694921	-0.34411708	0.3216535	0.008878848	-1.8326312
-0.3118985	-0.7535629	0.0549016	-0.5288671	-2.4248362	-0.53685343	-1.3382796	-0.23786333	-0.51056355	-3.4658163
-1.2149786	-1.188922	-0.7113683	-1.2208102	-2.2182636	-1.692531	-1.7563231	-1.0159688	-1.1882027	-2.6051536
-1.05574	-1.2550471	-0.5579219	-1.0615282	0.083269864	-0.957103	-1.8239651	-0.6671716	-0.91476196	-0.0010109245
-0.3381857	-1.1661052	-0.043780774	-0.380036	-1.1609044	-1.190501	-1.1191847	-1.6596415	-1.0877559	-1.895687
-2.4554164	-2.0884914	-1.636888	-2.3928556	-0.8389876	-2.3875716	-1.4506297	-1.7704237	-2.4360557	0.16381627
-0.20719853	-0.86899877	0.31241038	-0.36378005	-2.4137616	-0.3150863	-0.97320884	-0.58062065	-1.8460944	-2.5763648
-2.0112891	-1.9864929	-1.3726833	-1.8986077	-0.27471128	-1.8462656	-1.9947108	-0.6840922	-1.8818563	0.45520484
-2.2594392	-2.2519395	-1.5036942	-2.1469264	-1.3097446	-2.1472383	-2.5827863	-0.775206	-2.3573692	-0.6899485
-0.5932111	-1.1749349	-0.33476743	-0.57473195	-1.121044	-1.5586915	-1.1957465	-1.1029415	-1.4931351	-0.5610051
-1.3281705	-1.4059467	-0.83919907	-1.2251545	0.15539369	-1.2862446	-1.3863463	-1.2002298	-1.3348181	-0.59489393
-0.37467614	-0.5505737	0.18690398	-0.42368197	-1.0551357	-0.8186355	-0.9490738	-0.24823476	-0.3943045	-2.2548153
-2.705941	-2.2816217	-1.7682886	-2.6415098	-1.6071621	-2.998558	-3.8323286	-1.9611539	-4.005951	0.49918562
-1.3039784	-1.3564311	-0.7453619	-1.2251762	-1.3809775	-2.0123022	-2.3963194	-2.369315	-2.1369743	-2.120388
0.6050131	-0.020940572	1.14039	0.38291782	-1.5626858	0.6889882	0.54340047	1.1358455	0.39337593	-0.67005336
-0.9948993	-1.6470902	-0.6222105	-1.0375541	-1.5943769	-1.2289941	-0.89753425	-0.6638506	-1.2995397	-0.9950546
0.36561942	-0.10565245	0.78718233	0.16683938	-1.7650925	-0.28944805	-0.8426133	0.42731938	-0.48015228	-2.9587462
-2.175524	-2.2284405	-1.480185	-2.1192167	-2.4183402	-1.8284045	-1.9386966	-1.1833671	-1.6388996	-1.8386377
-0.84525245	-1.4063674	-0.42437217	-0.8897575	-1.6603934	-1.4955928	-1.2828972	-0.8662481	-1.3345279	-2.119165
-0.52920383	-0.55157775	-0.08559579	-0.5054075	-0.82114565	-0.6645739	-0.7620265	-0.54077667	-1.641502	-2.2920682
-1.3252002	-1.4154042	-0.88161445	-1.3524754	-1.2872081	-2.183896	-2.19036	-1.1352936	-1.8328736	-1.6895812
0.013084419	-0.48928252	0.5698874	-0.099961795	-2.3573105	0.6711343	-0.11378087	1.4225582	0.61275876	-1.2904938
0.5571481	0.57939386	1.159238	0.408013	-1.061255	1.1084999	1.4120299	1.3496203	0.7826934	-1.3671931
0.25927746	0.18697435	0.72942483	0.023729727	-1.7873025	0.4070408	0.6926016	0.9853803	0.19320783	-2.1306186
-0.83284074	-1.218374	-0.35342917	-0.7555201	-0.6674186	-0.067505926	0.43237463	-0.19024643	0.19063362	-0.82955754
-0.82588464	-1.2832756	-0.38862708	-0.83283406	-0.8533464	-0.8380261	-1.6066879	-0.18730898	-0.62660456	-0.9813519
-1.7115601	-2.0868165	-1.0223145	-1.7907068	-2.1164901	-2.2782297	-2.269132	-1.080895	-2.383838	-1.9067683
-1.566337	-1.8476079	-1.0675296	-1.5867773	-1.549774	-0.90380055	-1.1185905	-0.70782346	-0.5382926	-0.78501034
-0.3392724	-0.8163302	0.017271847	-0.51182675	-1.7633725	-0.37476125	-0.9901523	0.16558856	-0.91178024	-1.3388532
0.82520634	-0.031933874	0.91128016	0.5751225	-0.6115913	-0.28161857	0.4196279	-0.0116899805	-0.2991423	1.199129
-0.3860726	-0.8997283	-0.028185874	-0.46657473	-0.7840469	0.25269374	-1.5251878	-0.3306999	0.45242196	0.109514534
-1.3352629	-1.4081991	-0.83585274	-1.3945296	-1.6287851	-2.4575822	-1.8566996	-0.833683	-2.4018848	-1.8326156
0.2722743	1.033958	0.41059002	-0.014656797	-1.5311048	-0.13091043	-0.5855255	-0.14671095	-0.005314343	-3.0067677
-0.6525529	-0.77356493	-0.30993786	-0.70830137	0.13136938	-1.5409545	-1.3850662	-1.1184678	-1.6943928	-0.53846914
-0.46816534	-0.9766401	-0.08037493	-0.543842	-0.36505604	-0.9701433	-2.8695374	0.0013687811	-1.3809748	-0.5438122
-1.9929218	-2.0897696	-1.4264703	-1.9017867	-1.043489	-2.5762048	-2.2821724	-1.7339876	-3.6168187	-1.1673467
-1.1784649	-1.6032859	-0.69968164	-1.2468765	-1.6878012	-1.6929233	-1.6356837	-1.3298669	-2.4336586	-1.3547482
-1.4847163	-1.3415444	-1.1900136	-1.419853	-0.9883938	-1.6486869	-2.0047905	-1.7531292	-1.5247464	-0.8426089
-0.10174034	0.030483276	0.17389001	-0.33249545	-2.0018976	-0.6110918	0.26677167	-0.23115122	-0.6407612	-2.145389
-1.7609947	-1.749681	-1.1066082	-1.735463	-1.2352337	-2.1293285	-1.9960306	-1.4463588	-2.189155	-1.3803865
0.25536332	-0.004745245	0.54242796	-0.014878556	-1.7602233	0.65875006	1.7438319	1.2985058	0.08804756	-2.257236
-2.0928845	-1.8055379	-1.3540845	-2.002701	-0.26245758	-1.9346899	-1.993786	-1.675031	-2.2070336	1.1030232
3.9772594	1.5359086	3.7268305	3.5668771	0.31267795	2.6317434	1.7188208	4.132626	2.3002665	1.4354113
-2.185983	-1.5412276	-1.4100494	-2.1789954	-1.4119458	-2.225628	-2.8086739	-1.1281577	-1.3241487	-1.3684525
-0.73808986	0.58537376	-0.10757932	-0.7598957	3.135125	0.3151182	-0.5896996	0.026013331	-0.0523114	-0.7006272
-0.07228062	-0.19333556	0.49551275	-0.14816041	-0.86238253	0.1330461	-0.121533625	0.9648595	-0.03120545	-0.49079704
-2.4671319	-2.3350847	-1.6105791	-2.3643422	-0.76016605	-2.147661	-1.5067847	-1.2916005	-1.0953842	-0.11455565
-0.87857646	0.027769238	-0.58093	-0.7107094	1.4414946	-1.1516966	-1.2228123	-0.54660326	-1.1887227	0.49126247
-2.0075035	-2.0651786	-1.4106328	-1.8749478	-1.2520074	-2.1789236	-3.0952559	-1.8302932	-2.4135022	-1.1077418
-1.5273404	-1.337965	-0.95412683	-1.5443728	-0.9903395	-1.7926455	-2.2708411	-2.0601792	-2.6223538	-1.6839436
1.0273219	-0.59851706	1.1923038	0.7449202	-1.7380338	-1.0490834	-1.2637132	-1.1564075	-1.2931373	-2.2999773
-0.33721218	-0.7001194	0.24351183	-0.51164937	-1.6256796	-1.0891576	-0.64140636	-0.23257174	-0.9468125	-3.4819725
-1.480881	-1.6495222	-0.9687972	-1.3872753	-0.41401896	-1.3060645	-1.4487725	-0.6183228	-1.3827302	-0.83414006
-1.2892162	-1.5941317	-0.899078	-1.3037903	-1.1365261	-1.3655633	-1.6396661	-0.45994845	-2.0023177	-1.5363415
0.5020217	0.39991716	0.76420295	0.24178533	-1.9905478	0.76158786	0.2157537	0.9021965	0.63554215	-1.9666713
-1.9958404	-2.009327	-1.3446224	-1.9260954	-1.0861826	-1.3540616	-1.416876	-0.86219996	-1.772932	-1.2267189
-0.93135333	-1.3611147	-0.5086646	-0.97846216	-2.0349143	-1.6220903	-1.2239274	-0.64433545	-1.7040143	-2.2470305
5.165063	6.308274	3.8237488	4.646078	3.1588893	3.7881773	5.2356486	2.9155588	3.623928	1.701138
0.22005507	-0.44637054	0.6041758	-0.003771454	-2.4505394	0.037003204	-1.4052453	0.7907513	-0.21764022	-2.2332144
-2.1109118	-2.1100447	-1.3112789	-2.0349	-1.7187325	-2.7563624	-2.510483	-1.7171532	-2.993647	-1.6158112
-0.2544364	-1.1306822	0.10735944	-0.32997793	-1.5025579	-0.8185469	-1.4909997	-0.5582222	-0.31353688	-2.4937093
0.5015715	-0.2685147	0.9649868	0.21608876	-2.1368003	-0.10490698	-0.9220092	0.25528732	-0.23145615	-2.367659
-1.0728381	-1.592306	-0.7115375	-1.0408654	-1.026677	-0.99363583	-1.3431246	-0.015659507	-0.8764423	-0.72319907
0.9930375	0.9841844	0.7339589	0.8535993	0.5823457	2.062694	2.196801	1.6205012	1.5442287	1.9689457
-1.4105457	-0.8129505	-0.9975114	-1.4069433	-0.5874669	-2.8813083	-2.987759	-1.1076092	-2.586096	-2.1386244
-2.2829983	-2.1300783	-1.4789126	-2.2112937	-0.47978616	-1.7455335	-1.2496971	-1.3943586	-1.778684	1.3854523
-0.35207707	-0.69539297	0.034776986	-0.56635475	-2.3518934	-0.07677735	-0.7740447	0.34829703	-0.22645858	-2.0874705
-0.7413947	-1.36332	-0.22862032	-0.90068626	-2.5150645	0.8545286	-0.6007134	1.0672491	0.9650887	-0.97145426
-1.6324153	-1.7614205	-1.0840678	-1.5772827	-0.94657946	-1.2049088	-1.4185557	-0.7486986	-1.2281582	-0.5851507
-0.17744723	-0.7443428	0.31348124	-0.3157286	-1.4032242	-0.83943224	-1.3912667	-0.65609753	-0.76422864	-1.8465668
-1.8908765	-1.9833608	-1.2794973	-1.738629	-1.6986648	-2.3333597	-1.920935	-1.4490918	-1.641095	-1.3990185
0.24437872	-1.8773828	0.82742345	0.39322132	-3.054313	-0.3336054	-1.9562416	1.2150631	-0.097535186	-2.963549
-2.8394954	-2.6687574	-1.7679055	-2.7662072	-2.7812014	-2.340339	-2.69887	-1.4435505	-2.7793193	-2.515864
-1.5108367	-1.607588	-1.0395203	-1.5294852	0.17885289	-1.662581	-0.9869962	-0.7409338	-0.6297246	-0.42745012
-0.18851244	-0.58458483	-0.11774424	-0.19957508	-0.33692184	0.74669546	0.4216273	0.119329624	0.87760055	0.578131
-0.26978633	-0.78111696	0.13639057	-0.431454	-2.1188319	-0.9036831	-1.4811575	-0.4859331	-0.77445424	-2.5229025
-0.25321937	-0.561296	0.27350888	-0.35287634	-1.001985	-1.2226902	0.3052821	-0.79056287	-1.2525227	-1.3301284
-0.6588427	-1.1733582	-0.26421365	-0.7634847	-1.8499669	-1.1774261	-1.8089714	-1.1091741	-1.7101465	-1.5525097
-2.1242833	-1.2885133	-1.4619737	-2.1290233	-0.16153097	-1.6887803	-1.3002406	-1.6795349	-1.8868418	-1.7718999
-1.2104875	0.25764403	-0.85143185	-1.3419439	0.46435532	-1.248722	-0.77250683	-1.5209067	-1.7260472	-1.0844101
0.56321937	-0.44220605	0.7094636	0.24651192	-1.7740364	0.4473976	-0.88530725	0.71539205	0.344637	-0.8671615
-1.7176206	-1.8671207	-1.1105145	-1.6217724	-0.6250825	-2.4387512	-2.6316867	-1.6566939	-1.523852	-0.23173878
-1.880989	-1.9677087	-1.1982805	-1.8091565	-1.295562	-1.6919569	-1.4590614	-1.1650046	-1.6037173	-1.9239928
1.1918124	0.6544589	1.3805947	0.86730886	-1.5859798	1.5054976	0.5703017	1.6713578	0.8511418	-1.6267257
0.18933451	-0.43693128	0.46374753	-0.01549767	-2.5799992	0.861761	0.009690073	1.191517	0.9410644	-2.5644588
0.1289795	0.058291465	0.47622225	-0.095135465	-2.3077936	-1.9045751	-1.367823	-1.2249814	-1.8426517	-2.6225293
-1.6997114	-1.7935004	-0.88866925	-1.6971111	-0.9682635	-0.63474756	-0.8409551	-0.06665119	-0.85238695	-1.369787
0.880078	0.47158417	1.2651136	0.5587503	-1.8376786	0.41664577	-0.4016497	1.6885715	0.09847836	-2.1490378
-1.9781413	-1.7284521	-1.4118994	-1.9500252	-0.17708364	-2.109981	-1.9109473	-0.80322075	-1.4860593	0.7256753
-1.6599374	-1.7683289	-1.1561315	-1.564842	-0.92987895	-1.8664973	-1.6020747	-0.9060137	-2.0374386	-1.2638867
-0.8931773	-0.35414106	-0.61099195	-0.98586327	-0.9826009	-0.9401167	-1.4532113	-1.0737333	-0.82027483	-0.550368
-1.6210288	-1.8832248	-1.1263013	-1.545187	-1.5002524	-1.684561	-2.4880474	-1.4796821	-1.4933567	-1.689935
-1.6810628	-1.9410369	-1.1572983	-1.60974	-1.8493115	-0.82366	-1.8469522	-1.3625506	-2.245059	-3.0808027
-1.5569549	-1.6143751	-1.0232427	-1.4574033	0.34749267	-2.3818707	-2.2501214	-2.2731535	-3.2934618	3.624061
-0.93839294	-0.6653371	-0.5224893	-1.0486078	-0.98278797	-0.5325304	-1.3865868	-0.14278522	-1.6950481	-0.9821152
-0.010469146	1.1244557	0.3794834	-0.2834748	-0.72489965	-0.29371247	1.2626251	0.2645681	-0.45177874	-1.447383
-0.57767624	-1.0998532	-0.22170919	-0.67791706	-2.4580784	-0.028619155	-0.8869708	-0.25800085	0.10745862	-1.8263131
-2.1941452	-2.223733	-1.4755472	-2.1145635	-1.8548918	-2.3062103	-1.768059	-1.4868379	-2.0848413	-2.7953682
-2.633034	-2.440255	-1.6565393	-2.5057287	-0.90627956	-2.9147758	-1.8457112	-1.8166491	-2.5647876	-1.1343164
1.3311225	1.1511056	1.627729	1.0815977	0.19145903	0.16901886	-0.0035699743	0.4061566	-0.033896916	-0.9982315
-2.1237779	-2.0303907	-1.3248557	-2.0901055	-1.4882628	-2.0844903	-2.4549108	-1.3646744	-2.044024	-2.19174
-1.827407	-1.723851	-1.2646676	-1.7673337	-1.0116175	-2.2088034	-2.076453	-1.08536	-2.4243636	-1.5844243
-2.0685308	-2.3130655	-1.3892183	-2.0503256	-2.308009	-1.355713	-1.1625222	-1.218551	-1.419773	-1.512424
-0.8325626	-0.7588532	-0.66682756	-0.89551	-1.3951832	-2.6103477	-0.69095916	-0.97891563	-1.3501047	-1.0136573
0.57210374	-0.22687283	0.84947705	0.3274055	-2.4733043	-0.93625325	-1.3158536	-0.39858353	-0.37274504	-2.3172777
-0.64589745	-1.6488981	-0.18877217	-0.6665979	-1.5486339	-1.0729808	-1.9437519	-0.7947985	-1.1630335	-1.7446303
-2.2998335	-2.0449414	-1.3271817	-2.280676	-1.6974627	-2.2474074	-2.468849	-1.1668756	-3.543337	-1.7658876
-2.191854	-2.169683	-1.3613617	-2.0954957	-0.6336547	-2.2318985	-2.2174878	-0.9640962	-1.8623312	-0.63902634
1.0058717	1.4459693	1.3967797	0.6715258	-1.1591711	0.20024297	0.23372221	0.41547757	-0.29534334	-1.5524381
-1.7326412	-1.8574644	-1.1984994	-1.6813942	-2.1840715	-2.249412	-2.6180303	-2.1496015	-2.0835176	-2.29059
-1.9585075	-1.9968829	-1.2807798	-1.9125742	-1.4573923	-1.9054531	-2.1139073	-0.84395576	-0.6058412	0.9147897
-0.13721336	0.024069995	0.615477	-0.40316215	-1.9266607	0.08492966	1.1630183	1.9121429	0.36509675	-0.72806525
-1.1895165	-1.5842909	-0.77073777	-1.1715804	-1.7013415	-1.2706484	-0.9566919	-0.48520383	-1.3967217	-0.3404696
-2.219723	-2.1389678	-1.485488	-2.133023	-1.8751444	-1.7118386	-1.2456973	-1.3647617	-2.5197418	-2.6180844
-0.006083429	-0.52566075	0.49956813	-0.19801593	-1.852985	-0.46492493	-0.65656483	0.6565888	-1.6052698	0.27425656
-2.1994042	-2.184119	-1.3965473	-2.157193	-2.0675726	-2.7650692	-3.7458084	-1.8482574	-1.6632077	-2.0539412
-2.2423232	-2.23479	-1.4476442	-2.1710694	-1.5344325	-2.5789618	-2.5385199	-1.5437751	-2.4418952	-2.0703528
0.49123958	-0.0980472	1.0213722	0.3249035	-1.8254184	0.30011562	-0.11141232	0.86343765	0.094180465	-2.2453394
0.9397028	0.020107865	1.3876976	0.6767224	-1.1916788	2.4445202	-0.063515976	2.2594738	2.1422095	-0.7733049
0.0813437	0.12184787	0.8692417	-0.037336618	-0.15600924	0.028712917	-0.20158009	0.41430202	-0.7821398	0.60761464
-0.62119466	-0.55407333	-0.18731955	-0.5996507	0.88296795	-0.4704608	-0.686843	0.09737062	-1.1304891	0.83642435
-0.4998969	-1.0001452	-0.29943278	-0.5259109	-1.755432	-0.63782567	-1.7710062	-0.5574377	-1.0981156	-1.2688974
-2.357968	-2.3289278	-1.5658834	-2.3257725	-2.3217366	-2.7249062	-2.3743746	-0.476336	-2.0502307	-1.738629
-1.5766238	-1.7244958	-1.0647981	-1.5760607	-1.4034778	-2.0158598	-2.664354	-1.4044231	-2.2435296	-0.94805115
-1.0330846	-0.87859106	-0.7389411	-1.196747	-2.0115323	-0.8222569	0.45521018	-0.38501632	-0.5972958	-1.4696308
0.052571923	2.0154982	0.3500221	-0.23035583	-0.5012677	-1.6686926	1.2939595	-1.5974765	-1.508529	-0.48009604
-1.5687703	-1.7291889	-1.0352938	-1.5163678	-1.4110445	-2.0068674	-2.2042844	-1.6859045	-2.280147	-1.5496906
-2.355861	-2.1054647	-1.452865	-2.3060079	-0.7993364	-2.296581	-1.840497	-1.1404079	-1.309503	-0.7921628
-0.63251936	-0.9306921	-0.22071314	-0.6730855	-0.9679624	-0.4060047	-1.0660565	-0.12777747	-0.38486123	-1.5569636
0.18729833	0.0051226467	0.52818036	0.17803062	1.3601829	-0.08961365	0.066564076	0.0073903296	-0.28100994	1.5210723
0.26199684	0.5724124	-0.0116868615	0.15789275	-0.60794353	0.8784355	2.0608602	-0.3280119	0.86310923	-0.023559228
-2.5299668	-2.3710518	-1.5437518	-2.3973439	-1.996955	-2.6635096	-2.6742022	-1.7114519	-2.4849522	-1.8793509
-0.9570942	-1.0008261	-0.4458883	-1.0296496	-1.1361338	-0.9091975	-0.50438	0.30949777	-0.48290014	-1.5941085
-0.10722584	-0.42854643	0.25606105	-0.3063699	-1.3882318	-0.7745594	-0.6842514	-0.18769766	-1.208307	-1.6486824
-1.7926491	-1.8659865	-1.2768645	-1.6659834	-1.2179123	-1.828668	-1.9798782	-1.1243517	-1.3959891	-0.7248921
-0.57271355	-1.1603415	-0.15390673	-0.696844	-0.0532313	0.2906013	-0.53866464	-0.1274569	0.8164709	-0.1487947
-1.7781882	-1.7009177	-1.0862327	-1.7414386	0.29237244	-2.2372706	-1.6930369	-1.3231971	-2.7275867	-0.3013087
0.18733618	-0.17877752	0.254698	-0.03023298	-1.082074	0.70221585	0.038941626	1.3063442	-0.08614672	-0.12836257
-1.8104676	-1.8573573	-1.2335831	-1.7252642	-0.47868374	-1.3057283	-1.3604825	-1.2589016	-1.2882082	-1.2204674
-1.5365405	-1.9621799	-1.1045257	-1.3476225	-0.95716536	-1.3328416	-1.9557096	-1.372132	-1.1587381	-0.75345415
0.27842256	-0.24219556	0.66540766	0.07831453	-1.9032955	-0.2841463	-0.8925991	0.23539406	0.019879393	-1.7207942
-1.9255514	-1.9092392	-1.2447367	-1.7794923	-0.6160164	-2.3046997	-1.7770222	-0.85619164	-1.9913045	-1.0269679
-1.7156096	-1.7662102	-1.1491969	-1.6438417	-0.91710234	-1.86336	-1.7997894	-1.1643046	-1.6970242	-1.1812568
-0.7766172	-0.65560913	-0.637812	-0.8676853	-0.556128	-1.070287	-1.1345019	-0.82248914	-2.3753426	-1.2705784
-1.1946087	-1.6738043	-0.6127535	-1.1854475	-1.4531391	-1.6704482	-1.953155	-1.4253291	-1.4500146	-1.476087
-0.03525867	-0.4195531	0.4051352	-0.21093468	-2.2681034	-1.0002837	-0.952401	-0.6773338	-0.5562805	-2.734605
-1.867643	-1.9944069	-1.2340207	-1.8115089	-1.2519666	-1.2556301	-2.1234283	-0.67317235	-1.1207637	-0.820325
-2.3995929	-2.2381845	-1.4575437	-2.3689804	-0.7969533	-2.0571048	-2.9988139	-0.89674217	-3.7992692	-0.6969701
-1.4529917	-0.81757617	-1.0639384	-1.4025613	0.090985805	-1.9914755	-1.3961122	-0.022434514	-0.28469598	-0.3846086
-0.37322697	-0.092795014	-0.35967204	-0.38591737	2.134831	-0.2989789	0.33221918	-0.5281374	-0.406921	1.9557279
-2.2744534	-2.1695583	-1.4775735	-2.2063367	-1.0138075	-2.1944044	-2.3944192	-1.3017063	-2.1216853	-1.1435692
-0.17350814	0.6576632	-0.0072801113	-0.26763946	0.15754291	0.12575404	0.47541443	-0.1401229	-0.25228086	0.5344974
-0.66676146	0.32256898	-0.26611474	-0.9211569	-1.2021855	-0.89045733	-0.9526044	-0.65614575	-1.1786608	-1.5467558
-1.4838876	-1.6963199	-0.99095535	-1.5213344	-1.8176566	-2.2434547	-1.610694	-0.07758979	-0.99518937	-0.36010617
-2.0784507	-2.0234404	-1.4161385	-1.9626212	-1.7340114	-2.5690336	-2.424574	-1.8636657	-1.8484273	-1.5840932
-0.21944958	-0.8849839	0.25702003	-0.30702555	-1.3050073	-0.11689426	-0.8726746	0.22549474	-0.41497794	-1.4043378
0.19348726	-0.72090256	0.6388643	0.1321991	-1.3190649	0.14100611	-0.9154319	0.5833159	0.20506448	-1.3812116
-1.6159228	-1.8116992	-0.9575298	-1.4468192	0.052846223	-0.6080247	-0.74422866	-0.0983591	-1.3600339	1.2543185
-1.1768665	-1.5441747	-0.59098446	-1.2172663	-0.889413	-1.0321802	-1.531513	-0.4911861	-0.4313767	-1.0143963
-0.9108593	-0.7830924	-0.53041947	-0.94752187	-1.1927052	-1.572928	-1.9116573	-0.91249186	-1.1556144	-1.7080065
-0.37849745	-0.64343727	0.014981896	-0.47654402	-0.6988243	-0.46759418	-0.91429853	-0.045369793	-0.75439525	-1.9993799
0.9785667	-0.15042526	1.0067402	0.80029726	-0.7039751	-0.10384539	-1.3219513	0.102384776	-0.28054988	-1.2071093
-2.3600023	-2.2714689	-1.5013753	-2.251365	-0.4555108	-2.3560972	-2.2391016	-1.6089079	-2.5762193	-0.03582638
-0.5213538	-0.85573316	0.04519579	-0.5965161	-0.85977185	-0.34039918	-0.6181609	0.78511316	0.018003326	-0.918615
0.3232354	0.69158304	0.51184547	0.0942	-0.4452882	-0.88579154	-1.2417762	-1.660792	-2.390343	-1.892565
0.8265752	-0.11007357	1.0600573	0.68137497	0.047647864	2.1404066	0.6731582	2.051234	1.7683765	0.918475
-0.98064667	-0.8954786	-0.8921852	-0.95726466	-0.116260394	-1.0503875	-1.4571148	-1.3252041	-0.52115065	-0.19608858
0.12242893	1.9554892	0.41047865	-0.04015258	0.911378	0.20135854	2.348479	1.2958506	-0.50353104	1.1068677
-0.31719556	-0.9039943	0.04701659	-0.35609674	-1.8345131	1.0203055	-0.47740766	1.2555848	1.1190634	-1.9285239
-0.9031284	-1.3150313	-0.3303978	-0.9449614	-1.8725687	-0.4453606	-1.7259624	0.03728686	-0.6471915	-2.2610366
-0.61021703	-1.1197982	-0.46398118	-0.70969343	-1.5972365	-1.1960512	-0.20413408	-0.020384932	-1.5815526	-2.9526079
0.14448825	-0.52871597	0.4716857	-0.0875243	-2.2777636	-0.11199263	-0.91002464	0.51849043	0.13955012	-2.509844
2.3592038	-0.9564719	2.2837212	2.0617146	-1.5946505	1.1225328	-1.8400302	1.8009607	0.7691487	-3.108908
0.31360254	-0.4174775	0.49675697	0.08376025	-1.2140988	0.19188093	-0.43666968	0.55368453	0.040406376	-1.3560196
-1.2046477	-1.6350851	-0.8411006	-1.1397108	-1.6673588	-0.9935416	-2.145023	-1.4750868	-0.94153666	-1.593906
-2.3958223	-2.3089275	-1.6027621	-2.256957	-1.6354448	-2.6163483	-2.330491	-2.1039772	-3.0216615	-1.3118513
1.1683376	1.0610254	1.2245928	0.9004507	-1.6628685	0.66814077	0.9822597	0.9741973	1.1145899	-1.9247125
0.111503996	0.5361235	0.39832643	-0.13597009	-1.8405054	0.27537283	0.5083476	0.69705915	0.79435104	-2.436656
-0.720275	-0.8653033	-0.2658328	-0.9351407	-2.4758408	-2.1902187	-2.528817	-2.1233552	-2.5795493	-3.803375
0.2524928	0.79348004	0.8403485	0.17788918	1.1136013	0.83342934	1.0067226	1.3161623	1.0622119	1.2843078
-0.94518715	-1.0008994	-0.547233	-0.9028644	1.3894689	-1.3920867	-1.4851377	-1.0032173	-1.1505617	0.46084312
-1.466559	-1.4837654	-0.8328819	-1.540966	-2.2435951	-1.4541206	-1.5879743	-0.7412801	-1.2360071	-1.8840235
1.2843585	0.55966973	1.6219409	1.0734732	-1.1239877	1.5057482	1.8370402	1.9176884	1.4695064	-0.4531127
1.3657633	-0.56200063	1.7837074	1.215076	-2.194345	0.22827578	-0.9282865	1.2363167	-1.1673183	-1.956987
-2.449292	-2.2699537	-1.6049812	-2.3697035	-1.2964801	-1.87878	-2.195485	-1.5430071	-2.9179502	-1.6868553
-1.5707979	-1.675302	-1.0568264	-1.5068147	0.5602696	-2.2642841	-1.8222443	-1.4124117	-2.0744705	-0.88220155
-0.55636954	-1.1635	-0.2279965	-0.5996974	-1.0141755	-0.8756872	-1.8281878	-0.7732726	-0.838588	-1.70776
-1.7457952	-1.8776153	-1.1387986	-1.6693976	-1.9547608	-2.0527885	-2.0739405	-0.8895639	-2.2275996	-2.3510873
-1.7679851	-1.9628001	-1.183432	-1.7189413	-1.2027692	-1.4411132	-1.5597472	-1.4820427	-1.5548687	-2.6057303
-0.33846635	-0.80984855	0.08948687	-0.5119221	-1.7315469	-0.7581457	-1.6786414	-0.88084686	-0.9012275	-3.191659
-0.028582554	1.4271227	-0.36086044	-0.06861472	1.7866181	-0.7208121	0.70028055	-1.250851	-0.4730899	0.26044032
-2.153408	-2.1695278	-1.4183292	-2.1283925	-1.2916293	-1.8261096	-1.7727121	-1.431892	-2.338279	-2.1937163
-0.495472	-1.0121187	0.1561302	-0.5334728	-0.94108665	0.43730295	0.4324362	0.5912688	0.5519299	-0.23675118
-1.121101	-1.2409804	-0.67457473	-1.0960815	-0.92715085	-1.7910861	-2.402891	-1.3459352	-1.5347085	-1.2487326
-1.1174875	-1.3457401	-0.6020007	-1.0508647	-1.2809588	-0.44318876	-1.50955	0.006747002	-0.034673296	-1.4522958
-0.762504	-1.1849316	-0.25594178	-0.79720163	-1.5319332	-0.9151505	-1.5681295	-0.2931846	-1.4731562	-1.1217493
-1.04531	-1.5500367	-0.39466307	-1.157666	-1.6018783	-0.40838754	-1.4147203	-0.2746399	-0.70251304	-1.3929567
-1.9291663	-2.5547595	-1.2153612	-1.8415015	-2.397715	-2.0934932	-1.8086334	-0.7969383	-2.4328594	-2.4360437
-0.8060828	0.9967458	0.107838735	-1.0219979	0.18632516	-1.9047098	-0.098135255	0.2669706	-1.4006507	0.14542265
-0.38036674	-0.8164731	0.06741908	-0.5753032	-2.1151443	0.25686044	-1.4907541	-0.0043156245	-0.12922035	-0.6523786
0.26382905	-0.43114573	0.5288432	0.046275064	-1.7209303	0.4686181	-0.2874533	0.6684984	0.23946919	-2.2620099
3.5187616	2.5776658	3.3508015	3.1161695	-0.05001533	3.475145	0.8059601	3.0265281	1.1951717	-0.538812
0.41895065	0.66790295	1.068369	0.33862275	0.114002496	2.8760698	0.6105085	3.0722475	3.435486	0.50566685
-1.1838455	-1.3012611	-0.638281	-1.1723181	-0.8077232	-1.2114716	-1.7969291	-0.70767766	-1.4050069	-2.4038017
-2.3792274	-2.3289514	-1.5622419	-2.2539084	-1.9293574	-0.9147274	-0.9081725	-0.8236394	-0.87977123	-0.65205795
-0.5467098	-0.58208054	-0.22664535	-0.7593622	-1.5083749	0.91862833	2.674898	0.6060702	0.3498789	1.0064323
-0.17171335	-0.6238419	0.38470548	-0.26822305	-1.6794707	-0.3839181	-1.0672294	-0.7829495	-1.0003977	-1.7664372
-0.7957266	-1.4204767	-0.44701037	-0.73280793	-1.3625084	-1.0149937	-1.776176	-0.6442233	-0.971074	-1.4792743
-0.29978412	-1.142048	0.32706097	-0.49814236	-3.1100974	-0.051472608	-0.93001425	0.54637414	0.268865	-2.826799
-2.348927	-2.1869326	-1.4440879	-2.2101965	1.1048259	-2.3793187	-2.709848	-1.8042222	-2.4858654	-0.5542902
0.462221	-0.084376484	0.8763211	0.32144833	-1.1910044	-0.72455835	-1.9787966	0.28904927	0.2899859	-0.8106653
0.4270853	2.9514158	1.0155836	0.15109561	0.9261229	0.2764372	1.8614541	0.5136061	-0.22734886	1.3562074
0.43429807	0.3047305	0.7057631	0.19213416	-1.0548904	0.2457531	-0.6193392	1.1074576	0.40608767	-1.8234165
0.2259691	-0.6270883	0.667758	0.11404495	-1.7677516	0.4047975	-0.7819288	0.664911	-0.49130452	-1.8506975
-2.5513148	-2.593447	-1.6793175	-2.4398425	-1.901342	-2.6331751	-2.7942195	-1.5122755	-2.8648846	-1.3580438
-1.7453284	-1.9826324	-1.1541367	-1.629251	-1.2049856	-1.5474353	-1.7441341	-1.1482983	-1.5999835	-1.8331546
0.92858094	1.1645827	1.423694	0.5628786	-0.22098276	1.0003514	1.059603	1.4785575	0.40199366	0.054125108
-1.6893877	-1.284635	-1.2171226	-1.6388502	0.092871755	-1.1785886	-0.7495401	-0.6356728	-1.8068023	-0.09732775
-1.7375591	-1.7220923	-1.140119	-1.7126507	-1.2390169	-0.72154295	0.16733748	-0.25255194	-1.1246022	-0.7352139
0.73557645	0.3362334	0.65757334	0.5688228	-2.669401	0.8650662	0.86968863	0.51263416	1.0669738	-0.30513626
-0.1992642	-0.8745345	0.14726809	-0.16899346	-1.8559014	0.9746152	0.06654354	1.5391076	1.6063118	-1.9106903
-2.0939424	-2.2638776	-1.3704525	-2.0342615	-1.6317425	-2.7217755	-2.7505443	-1.5633885	-2.7264645	-1.6619269
-0.51029897	-0.93224764	-0.030875117	-0.6825581	-2.2571166	-0.056027323	-1.3068656	0.26455846	-0.058891784	-2.7441769
-1.7998784	-1.0007218	-0.95296526	-1.9070394	-0.94712687	-0.9520166	-0.16954227	-0.09328836	-0.09205091	-0.734259
1.0331831	-0.030126184	1.5881096	0.9397514	-0.14857784	2.9030778	-0.07726512	3.2384536	2.6986992	-0.0419601
0.22553936	0.17624351	0.8723874	0.12484734	-1.0857894	-0.108198814	-0.27613574	0.17543046	-0.6774927	-1.2652452
0.8321732	0.6869718	1.39419	0.6028983	-1.3155429	0.43277872	0.1824711	1.4605916	0.06969959	-1.4183052
0.9788117	1.2404381	1.2224009	0.71484375	-0.025184184	-0.29495963	0.13007402	-0.31554213	-0.41640347	-0.7534741
0.65721345	-0.08428681	1.1646311	0.5145485	-1.0872583	1.0696286	-0.3620314	1.5362542	1.138399	0.019902099
-1.8472462	-1.8968868	-1.3064324	-1.8020855	-1.1935254	-1.6380767	-2.0718243	-1.2887912	-2.5784047	-1.666346
0.9724763	-0.021306664	1.2637898	0.7520741	-1.4561455	0.82435524	-0.8227147	0.94733435	0.4242428	-2.2989686
0.034459077	-1.1585153	0.53738785	-0.118428916	-2.4544675	-0.2655953	-0.7295628	1.2660909	-0.37136072	-1.326928
0.45318118	-0.40140316	0.60723484	0.24005474	-1.770511	0.589187	0.07838058	1.2352489	0.45820615	-2.7966099
2.0904124	1.6887417	2.2243469	1.9266276	2.3386521	2.4899313	1.1918403	2.3819911	2.6312053	1.1235651
-1.3957591	-1.517064	-0.87821305	-1.3714207	-1.1689472	-1.5259086	-1.3040429	-0.9742587	-1.5122745	-1.3312819
-2.062974	-2.0747304	-1.3836766	-1.9981709	-1.2919617	-1.8129878	-2.0465062	-1.1468816	-3.5514932	-1.6278411
-1.1054059	-1.1463418	-0.6447457	-1.0931146	0.14775106	-1.3359444	-1.6021048	-1.0693734	-1.2241467	-0.07462577
0.11480231	-0.4863307	0.557251	-0.05689375	-1.9688767	0.023117019	-0.6171859	0.65916723	-0.007838454	-1.6047668
-2.3907936	-2.1082685	-1.6441809	-2.275715	-1.7626901	-1.4834584	-1.3012505	-0.99761796	-1.7823198	-1.8570622
-1.368717	-1.2923903	-1.012444	-1.3580903	0.5607891	-2.133817	-0.51634717	-0.76832145	-2.2198658	-2.1422045
-1.0846788	-0.9413848	-0.7366469	-1.2081192	-1.1582905	-0.7228348	-1.5966172	-1.1419902	-1.0958112	-1.7413567
0.038198747	0.6276963	0.58090997	-0.09332877	-0.97743165	-0.4918317	1.3458999	-0.391818	-0.5539125	-0.2868513
-2.3441699	-1.1634511	-1.5972242	-2.3644278	-0.6054698	-0.6455128	-0.019105677	-0.4883621	-0.6059771	-1.0276362
-2.142711	-2.1303325	-1.4302229	-1.9963624	-1.5824549	-2.3638966	-2.0514941	-1.5015805	-2.6068888	-0.8309525
-1.9142925	-2.0629148	-1.282064	-1.8070064	-1.4981332	-2.0861735	-2.2598655	-1.5577159	-3.2986593	-1.4857398
0.41568625	0.39217976	0.56500345	0.32171947	-0.0508987	-0.7547839	-0.95355606	0.42931652	-1.1411501	-0.4915148
-2.1305299	-2.1105795	-1.3221763	-2.0470486	-1.8771458	-2.0883782	-2.4129682	-1.3700092	-2.065284	-1.6621011
-2.4670815	-2.3375087	-1.5902947	-2.2888973	-1.575598	-2.7213237	-2.3773441	-1.6921648	-3.189492	-1.2593397
-1.7939922	-1.9660547	-1.2400796	-1.6868166	-1.65247	-0.9449136	-1.6441274	-1.7964655	-0.9203055	-1.7156898
-0.30810872	-0.07930595	-0.12175846	-0.38874555	-1.1763359	0.7468229	0.12814088	0.14929946	0.04316866	-1.0073879
-0.39837417	-0.8512298	0.021592021	-0.5299233	-1.0678675	-0.30494502	-0.8544116	-0.012233598	-0.14289862	-1.4397273
-0.074538276	-0.57272375	0.64874744	-0.17893425	-1.7811729	0.41091713	0.41125256	-0.23061009	0.100347504	-2.0648475
-1.2415879	-1.4181358	-0.7570734	-1.1917824	-0.75036085	-1.6644677	-1.8379441	-1.269514	-2.2115202	-1.2629746
0.21120563	-0.48658472	0.71348405	0.04217346	-1.9705745	0.3088121	-1.0749265	0.9183416	0.50092685	-1.5267547
-1.5396752	-1.8378716	-0.8685827	-1.4923726	0.6249964	-2.6500254	-2.358635	-1.8134737	-3.3448164	0.23484343
-2.3331892	-2.2329414	-1.4737906	-2.2483237	-1.5398128	-0.8032133	-2.5269835	-1.2550358	-0.6254085	-1.0796008
-2.5057104	-2.366739	-1.6000049	-2.4416285	-1.8207569	-3.4346428	-3.2779994	-2.4333506	-0.75038046	-1.0932513
-0.49211016	-0.70837355	-0.02711305	-0.47111076	-0.57818043	-0.28127062	-0.58990204	-0.26988855	0.20131226	-0.8667549
-0.0886294	0.052741826	0.2608747	-0.13187592	0.31147823	0.947924	1.871279	0.44510213	0.9815231	1.222693
-1.7313422	-1.8461688	-1.0833292	-1.7449149	-1.5954055	-1.0170667	-1.8126174	-0.78912634	-1.0619715	-1.5902262
0.45080242	1.0138413	0.868549	0.2994759	0.18299487	0.46701115	1.2025766	1.2568986	0.40065926	0.22335254
-1.6131399	-2.0939078	-1.1901264	-1.390158	-2.2390661	1.4435008	-2.0088086	0.08545131	1.6351763	-2.6743672
-0.055443875	-0.0593096	-0.026324064	-0.20704313	-0.6476594	0.060439985	-0.13758858	-0.30154622	0.05357281	-0.7636679
0.14243942	0.56458104	0.46154848	-0.088731006	-1.2029482	-0.14601284	1.1800094	0.50111777	-0.054042913	0.8025762
-0.31459773	-0.88456225	0.3352534	-0.5316772	-2.3998253	0.04143565	-1.0631539	0.29197568	0.26012802	-2.5154374
-1.7788625	-2.3175812	-1.0419269	-1.8109279	-0.912714	-2.2657804	-2.7084205	-1.807352	-1.7453214	-0.17374407
-1.7066113	-2.1790287	-1.3428899	-1.5388399	-1.5325831	-2.2982202	-2.3851697	-1.6060158	-2.2002466	-2.4296808
0.50748265	-0.4142889	0.65974516	0.3072567	-1.338522	-0.9061223	-0.602211	-0.27259323	-1.2200605	-1.7049547
-1.2852436	-1.6549419	-0.5592526	-1.2839237	-2.3346508	-1.0474585	-0.7370079	-0.26810732	-0.4746733	-1.6945257
-1.5003663	-1.8360187	-0.85289645	-1.3644569	-0.7331939	-1.4160914	-1.4693671	-1.0568829	-0.21986574	-0.54880714
-1.7506801	-1.9273095	-1.1777002	-1.6351156	-0.8077594	-1.9713453	-2.1030905	-1.1685506	-1.5596358	0.12226971
0.17497104	-0.7050016	0.950083	0.05114734	-2.2673788	0.024816217	-0.5771201	0.57341534	-0.2732088	-1.6727103
1.0749187	3.1334279	1.3493243	0.71685046	0.10513267	1.4166812	4.0016794	1.7173418	0.8944027	-0.68257755
1.656705	1.4994522	1.7986841	1.4519637	0.32067344	0.56824213	0.8100493	0.43329763	-0.25577408	0.13356164
-1.8057758	-1.8149685	-1.1775316	-1.7609799	-1.0245563	-1.2910299	-1.810626	-0.74858814	-0.45697632	-1.433693
-0.07046617	-0.77406955	0.21957053	-0.29098466	-2.1514533	-0.7913584	-1.3609403	-0.28518945	-0.88963354	-2.125884
-2.7986732	-2.4953861	-1.752771	-2.7213266	-0.88202107	-3.1199813	-2.7134893	-1.7161816	-3.098812	1.3746383
1.9522356	1.1845024	1.9304192	1.6420913	0.17868564	1.0347921	1.5774566	0.72261906	0.57297754	0.07871087
0.08898925	-0.55109316	0.37178278	0.073707595	-1.299002	1.3836278	-0.4358815	1.4066552	1.3427967	-1.6078347
-0.060290493	-0.92261875	0.3049023	-0.3301115	-2.7105556	0.034521557	-0.6879634	0.64912146	-0.3345366	-2.983507
-2.0817714	-1.8488898	-1.3407515	-2.106994	-2.1769712	-2.0788724	-2.3886547	-1.7309778	-1.9087694	-2.763963
-1.7765586	-1.4648226	-1.1497293	-1.8024743	-1.3363703	-0.6474862	-1.3316897	0.031003714	-1.2392832	-1.1348646
-2.3041964	-2.1706653	-1.57197	-2.2430375	-1.9319948	-2.6416962	-1.6359546	-1.6829381	-2.1110375	-1.6123546
0.2833093	-0.5328411	0.80641615	0.10062091	-1.645233	-0.06772782	-0.63062936	0.11008728	0.29261747	-2.411847
-1.2432568	-1.43893	-0.74677944	-1.2225635	-1.0712448	-0.93102866	-1.8304012	-0.3736633	-0.5423486	-1.2069539
0.25662458	0.41416505	0.25256518	0.073950335	-0.84359777	-0.79661995	-0.16478136	-0.9555564	-1.5160623	-1.590342
-1.0130068	-0.934209	-0.5904778	-1.0602068	-1.1598418	-0.65338606	-1.2194121	-0.30793926	-1.0005783	-1.5281713
0.33471674	0.0029643774	0.87052953	0.19648574	-0.9951292	-0.38383025	-0.62768507	0.518295	-0.8100195	-0.9175184
-1.7596124	-1.7222863	-1.1810257	-1.6781845	-1.7205676	-0.91014576	-2.0289981	-1.3677828	-0.90851474	-2.0852575
0.09998021	0.14199254	0.45089474	-0.07759176	-1.0974898	0.17333576	0.9352787	0.71006405	-0.2817277	-1.1355755
-1.1771762	-1.3372343	-0.63575435	-1.1583691	-1.061574	-2.2983384	-2.0054193	-1.4794757	-2.1895452	-1.869791
-0.40288332	0.41928414	0.09348038	-0.38721657	-0.060016006	-0.43519688	0.074109636	0.016940447	-0.52602476	0.39780825
-1.7153983	-1.9347724	-1.0812578	-1.5949787	-1.0736529	-1.3529902	-2.0639288	-0.75096303	-1.5970892	-0.73552084
-1.7245467	-1.8934635	-1.1170192	-1.6933582	-2.151472	-1.4259616	-2.546948	-0.8439652	-0.86087376	-2.0791926
-1.4201603	-1.7816628	-0.84824073	-1.2361777	-1.0691247	-1.0900768	-1.3071496	-0.9174343	-0.53973526	-0.36477873
-0.4368078	-0.7910098	-0.034947067	-0.63443303	-2.0202928	-0.79916227	-1.2629627	-0.6216321	-1.0552012	-2.534061
-2.9208403	-2.4553328	-2.0994186	-2.8109813	-1.4713675	-3.488198	-2.7836394	-2.5876775	-4.3099327	-0.6716019
-0.18612888	-0.49599147	0.15755412	-0.32256687	-1.4872084	-0.22609577	-0.21466137	-0.05166745	-0.34320003	-0.9961011
1.1115987	2.8461485	1.5298576	0.9556278	1.9499587	2.4455912	1.3383313	2.0620244	2.1143467	0.3179338
-1.8947221	-2.0405965	-1.3211333	-1.90375	-2.3925552	-0.936521	-1.1651016	-0.40266648	-1.1184188	-0.87373227
-0.69409883	-0.015081197	-0.42942032	-0.7379685	0.2800053	-1.2986099	-1.1438272	-1.1102321	-1.2056413	0.34667858
-1.1376576	-1.3471441	-0.82904446	-1.161772	-1.3104906	-0.90656126	-2.4803748	-1.0367028	-0.73928326	-1.5875015
-2.2313354	-2.1717808	-1.5485563	-2.1407206	-2.5636435	-1.8084977	-1.8523283	-1.1313751	-1.544128	-2.5065231
0.0065198764	-1.0910668	0.1660608	-0.08682658	-0.14712793	-0.5508177	-1.4067308	-0.53403807	-1.262253	-0.17238778
-1.5685686	-1.823069	-1.1200125	-1.6266243	-1.4095272	-2.143072	-2.158677	-1.396575	-1.563025	-1.1478068
-1.88272	-1.7415215	-1.2910964	-1.8796448	-1.3172083	-1.9685525	-1.7957534	-0.80311584	-2.2997067	-1.0279422
-1.0382464	-1.171938	-0.6381439	-1.0261619	-0.788682	-1.5600896	-1.7734436	-0.9815486	-1.6815447	0.042186957
-2.1867518	-2.0747945	-1.3581313	-2.0311856	1.0412377	-2.7247746	-3.2636747	-0.47659674	-2.6832454	0.24794671
-1.9557092	-2.1482918	-1.2795669	-1.8826566	-1.5102688	-1.3529013	-2.0416684	-0.6910563	-0.8757781	-0.84130275
-0.4077836	-0.7791257	-0.018180758	-0.42300367	-0.8578249	-0.12102747	-0.88399243	0.3195727	-0.26863542	-1.2094029
-1.6982796	-1.8867629	-1.1715912	-1.6894507	-1.6300403	-1.7740853	-1.343208	-2.406347	-1.8696585	-1.4808233
3.8172462	3.2761428	3.7625885	3.4340634	2.6049364	4.699399	5.525637	4.8651114	4.6110234	1.5917901
0.14263362	-0.51289994	0.62198687	0.02524127	-2.4307113	0.3668336	-0.5164989	0.9026943	0.14841788	-2.2631776
0.52496177	-0.35460842	0.9092264	0.36620927	-1.7803365	0.8261194	-0.41622356	0.9255655	0.91152745	-2.1088064
-2.0579147	-2.1611097	-1.2776601	-1.9994477	-0.20061044	-2.337695	-2.5816789	-1.4038267	-2.4310985	-0.1421257
-2.4077933	-2.2903976	-1.5918608	-2.329676	-2.0873952	-2.9405105	-3.1206653	-2.596687	-3.7063587	-2.6511712
-0.2791847	-0.89693034	0.24107546	-0.390692	-2.4537008	0.22783294	-0.89624447	0.58546096	0.2574486	-2.5321176
-1.5324833	-1.2178566	-0.58173835	-1.3785491	2.1344812	-1.9961922	-1.6707695	-1.5251384	-2.2699835	2.037853
-0.79771876	-1.2520514	-0.40332946	-0.8144002	-0.38091505	-0.25174814	-1.1034597	-0.057703596	-0.93026644	-0.9513961
-2.3406045	-2.3801565	-1.4311253	-2.2097473	-1.549991	-2.070026	-1.9874871	-0.99103487	-2.4921305	-1.3817761
-2.0649223	-2.0942523	-1.3724707	-2.0556154	-2.3332994	-2.3667297	-2.2995808	-1.5224893	-2.281922	-2.2863452
-1.6518776	-1.8212862	-1.1030813	-1.6894025	-0.9098427	-1.7905203	-2.2841144	-1.9895359	-1.9824158	-0.6227754
-2.636444	-2.4100475	-1.8779707	-2.5833852	-2.676948	-3.0097327	-3.161234	-2.334052	-0.99029493	-3.1578653
-1.1811411	-1.0724771	-0.44630012	-1.1850905	-2.3583314	-0.6907304	-0.71301275	-0.11083591	-0.6389932	-1.3648322
-1.1386925	-1.3063574	-0.7511991	-1.146095	-1.206005	-1.210417	-1.4387296	-0.8461554	-0.919773	-1.1263705
-2.1950905	-2.14452	-1.4549221	-2.10514	-1.3408865	-2.325629	-2.1259964	-1.9837108	-0.51899695	-0.80764675
-1.5194006	-1.7551128	-0.9380114	-1.4813936	-1.176649	-2.1393623	-2.638888	-1.685227	-2.5985246	-2.7097976
-1.9041656	-1.8340422	-1.2813421	-1.9384737	-1.0916756	-1.7501118	-0.738511	-1.0993942	-1.6442297	-0.008627455
-1.9894431	-1.7901063	-1.3299193	-1.8820034	0.018859655	-2.367288	-1.7547252	-1.558962	-1.2874756	-0.20338406
-2.6603093	-0.29131922	-1.9950299	-2.6709805	0.0030635297	-2.1632793	0.99929523	-1.1146321	-0.454621	0.817696
-1.1991483	-1.0885216	-0.72499406	-1.1612593	-1.0677217	-2.8525739	-2.0420473	-1.7710121	-1.9746733	-2.118498
-2.6445873	-2.4832897	-1.6749487	-2.5530162	-2.6143186	-2.383389	-2.8524888	-1.4814053	-3.7871773	-3.3128612
-1.4589969	-1.5423853	-0.90121055	-1.3183393	1.1360457	-1.8800352	-1.7709742	-1.332123	-2.2110498	0.965657
-2.211529	-2.1571074	-1.4162877	-2.1703098	-1.6787791	-2.1783087	-2.5068514	-1.6460313	-2.1625004	-0.9152046
0.16927174	-0.66519463	0.5683159	0.01865451	-1.7070974	0.75086904	0.2568281	1.2175483	0.472771	-2.289835
-0.5174595	-1.0667464	0.020764142	-0.565278	-1.0153666	-2.0218723	-2.5845149	-0.831067	-1.818825	-1.8479023
-2.627881	-2.4822853	-1.6788716	-2.5989661	-2.3386073	-1.9492341	-1.877676	-0.8606288	-3.5173566	-1.5287462
-1.94589	-1.957935	-1.3262054	-1.8512281	-0.8657479	-2.4200878	-2.0829227	-1.5912333	-2.8991466	-0.73243195
-2.013388	-2.114825	-1.2681764	-1.9986221	-2.6935384	-0.83695763	-1.6399814	0.010853734	-1.3634771	-1.3055369
0.5128273	2.0000713	0.83229244	0.19940604	0.7498499	1.6617159	1.4450053	0.46731344	1.6825029	-0.83202916
-0.8328945	-1.6355475	-0.6070365	-0.7342838	-1.7980072	-0.76529926	-1.9234482	-0.6820148	-0.92571974	-1.4290866
-2.2781663	-2.061787	-1.6005939	-2.1583176	-1.2820429	-2.072505	-1.7931612	-1.1491879	-1.7187704	-0.18529747
-0.11096851	-0.95524645	0.07445511	-0.124485984	-1.2499719	-1.0919539	-1.6403106	-1.4831712	-0.62352633	-1.2348572
1.1850249	0.18255588	1.5210968	0.9938173	-0.68607855	-0.96080124	-0.90206385	0.04712326	-1.4549745	-0.9728639
-0.6694093	-1.1296076	-0.294964	-0.7613004	-0.4318378	-1.3560523	-2.275306	-1.0846711	-1.330406	-0.3977084
-2.1097295	-2.4974878	-1.3782429	-2.1338048	-3.478911	-1.6960517	-1.7495766	-1.0962428	-1.0017755	-2.7668917
-0.99192417	-1.2389222	-0.7098583	-1.0127649	-1.0776695	-0.978085	-1.6750767	-1.4248337	-1.4043117	1.3385434
0.05411633	-0.6095439	0.47133696	-0.07346515	-2.4363642	-0.46877807	-0.5623767	0.6512262	-0.887196	-1.4165988
-1.7802619	-1.9142712	-1.2048078	-1.6762242	-0.15542194	-1.1987892	0.47944286	-0.34659922	-1.6349032	-0.23630431
0.31473723	-0.60578084	0.49782428	0.15148877	-1.3349221	1.1110569	-1.1654629	1.1849403	0.5954331	-1.2262098
-0.03779801	-0.4192528	0.59722376	-0.23630859	-2.1654677	-0.05404156	-0.29026642	0.0053822757	-0.5028226	-2.040227
-0.37389055	-0.78024113	0.2688786	-0.4558183	-0.25832754	-0.98890513	-0.68386817	0.14328346	0.10206235	0.50953144
-1.9494781	-1.9237334	-1.1989145	-1.8996208	-0.500044	-1.8116528	-1.7572596	-1.2531857	-2.0106633	-1.0019654
-0.44624314	-0.47015172	0.28824273	-0.5325735	-0.76962316	2.413055	0.721077	1.9641274	2.4828186	-0.6158119
-1.4185838	-1.691929	-0.917827	-1.2977856	-0.67076445	-0.9997062	-2.0268304	-0.7115329	-1.4151764	-0.53534454
-2.4303265	-2.1840112	-1.5253634	-2.3475893	-1.1096226	-1.9166873	-0.6930369	0.2508402	-0.9061844	-0.75818616
-1.9582479	-2.1187189	-1.4100174	-1.8371865	-1.0923281	-1.9673684	-2.7517896	-1.4180158	-2.434356	-1.2301114
-2.5445435	-2.3533676	-1.6863924	-2.4056408	-1.3889241	-2.306998	-3.051262	-1.2146577	-2.0622327	-0.85376006
-0.563023	-0.101573706	-0.3242413	-0.58707684	0.19670233	-0.940176	-0.7871374	-1.300127	-0.89543295	0.109050944
-1.1383849	-2.3475895	-0.7352208	-1.1536456	-1.8741143	2.0263112	-2.8310833	2.3502514	1.8478215	-2.0589967
-1.1445674	-1.545076	-0.6412276	-1.2381579	-1.5323627	-2.2307289	-2.6900082	-1.5290701	-2.2200794	-1.0530114
-1.4976298	-1.5475773	-1.1453755	-1.44147	-1.3013082	-1.8122023	-1.8263062	-1.0094813	-1.5574642	-0.3765187
-2.347129	-2.1826136	-1.523281	-2.2972188	-2.0487385	-3.0096097	-2.9006495	-1.9108999	-2.1036322	-2.983276
-1.4726864	-1.9595962	-1.0948299	-1.3713945	-2.0155206	-1.146584	-1.4854523	-0.7773623	-1.1029191	0.7740761
-1.3726434	-0.99636245	-1.0235643	-1.304889	-0.0074130595	-0.8383542	-0.72847366	-0.58727586	-0.441059	0.87955856
-0.5399097	-1.0692493	-0.36026844	-0.5777623	-1.5310273	-1.1224899	-1.5441539	-0.31726977	-0.8647305	-1.8675802
-2.2135553	-2.1772802	-1.4062407	-2.0556107	-0.6222818	-2.2063925	-2.3491015	-1.5741861	-1.9739302	-1.0010244
-1.1588871	-0.8673122	-0.6394832	-1.2301502	-0.8330257	-1.3253243	-1.1785696	-1.2124053	-1.7441276	-2.332287
-2.1869733	-2.1200075	-1.384402	-2.1658866	-1.0270351	-2.1163032	-2.4674828	-1.311995	-2.6925118	-1.633391
-1.3073964	-1.1960064	-1.000515	-1.2508111	-1.1783965	-2.2904894	-2.0770042	-1.9099725	-2.5573077	-1.2526549
-1.4504061	-1.4639384	-1.0707395	-1.3461027	-1.032974	-2.457195	-2.5846052	-1.4877892	-2.0525186	-1.4607377
-0.8092585	-1.1704179	-0.38016602	-0.819361	-0.38589948	-0.6328644	-1.1590506	-0.40250605	-0.40760207	0.01604399
-0.6854746	-0.54611015	-0.17246908	-0.7575045	-1.3586738	-1.4616349	-1.3820014	-0.50838375	-0.9963918	0.8690156
0.0855793	0.07393855	0.18873537	-0.19722597	-1.610731	-0.09865592	-1.7370195	-0.80278224	-0.7187238	-1.4335006
-1.9992132	-2.1283083	-1.3430947	-1.8377795	-1.5968348	-1.7329088	-1.8512459	-1.0277313	-1.3974518	-1.3401626
-1.4676591	-1.4320835	-1.2420119	-1.4243441	-1.6386071	0.3619833	-1.718657	-1.0748868	-0.35630736	-1.5151916
-0.7828742	-0.99420464	-0.36793986	-0.79801595	-0.064801216	-1.3448308	-1.2313112	-0.881791	-1.1639038	0.43547344
0.44321463	-0.30554736	0.8309201	0.24977161	-2.1528108	1.9121214	-0.3873014	2.454624	2.3090827	-1.9951715
-2.2364259	-2.078874	-1.4364439	-2.1649287	-0.6396241	-2.4839046	-2.1002123	-2.0603426	-2.434956	-1.4555686
-1.4102719	-1.7711322	-0.9844098	-1.3063333	-1.1546111	-1.6642679	-1.8084769	-1.0375216	-1.5948355	-2.117009
0.3615252	0.2185337	1.0337671	0.270796	-1.5275786	0.65194386	0.4634257	0.75899875	0.5400514	-1.0481845
0.05208098	-0.64240056	0.41979712	-0.06028931	-1.4830141	0.6316215	-0.2938454	0.82547253	0.6457925	-0.42164832
-0.88083315	-1.2621434	-0.54333496	-0.85313857	-0.043435276	-0.28611475	-0.9405345	0.27019796	-0.36372837	-0.23512062
-2.4126997	-2.4203725	-1.6157428	-2.347941	-2.6029344	-2.0324438	-2.6426024	-1.2138658	-2.1588151	-2.7926533
-2.0689104	-2.0738218	-1.367245	-1.893015	-0.970888	-2.9823096	-2.1866455	-0.47686368	-1.8345962	0.46746767
-2.0136697	-1.804324	-1.3777387	-1.9242243	0.022895187	-1.6128099	-1.5956444	-1.188347	-1.8321877	-0.36890742
-1.8792982	-1.8694288	-1.2416145	-1.7661242	-1.0432914	-1.6593605	-1.7414478	-0.9304068	-1.3788513	-1.0623966
1.1272467	0.50431144	1.2857654	0.93555295	-1.0966792	1.5433826	2.225519	1.6160681	1.7555022	-0.21402441
-1.0324421	-0.693662	-0.67823124	-1.1027344	-1.261418	-1.5620332	-1.4884642	-1.6120831	-1.9115785	-1.0373725
-1.4477932	-1.3483901	-1.0055574	-1.4660603	-0.33856532	-1.4563549	-1.6947812	-0.574021	-1.4659208	-0.30971175
0.230328	-0.45099762	0.7453445	0.019032821	-1.9198555	0.404207	1.0066572	0.23459417	0.7117318	-0.6606467
-0.0023157373	-0.48891386	0.14031902	-0.14291139	-1.1051397	-0.7267774	-1.1587902	-0.43974027	-1.3923862	-0.98357433
-1.5399722	-1.9330242	-1.0293299	-1.4726882	-1.8193893	-1.3399554	-1.7510818	-1.0391951	-2.645579	-1.8786973
-0.3905714	-0.9968021	0.17268011	-0.4269941	-1.5831459	-2.0847683	-2.141378	-2.0596752	-2.3479528	-2.5133276
0.18348339	0.23802128	0.2878097	0.076329485	1.1904522	-0.80747443	-2.054608	-1.16257	-0.63357633	-0.40424973
-1.7721819	-1.8403375	-1.149811	-1.739934	-0.9760407	-1.6512021	-1.8423501	-1.1160988	-2.041101	-0.9053913
-0.2693415	-0.6631216	0.26450893	-0.30458844	-0.23217162	-0.43589604	-1.3072736	-1.1811463	-1.1326929	0.9727118
-1.420047	-1.6318381	-0.8774996	-1.4209757	-1.084774	-1.3375579	-1.5576204	-0.7217463	-1.1712525	-0.6960268
-0.7334605	-1.3604603	-0.51929355	-0.6668214	-1.7426392	-0.88135034	-1.0770769	-0.6021883	-1.1063595	-1.3492328
-1.1144222	-1.4386084	-0.6665093	-1.0699883	-0.74554694	-0.8962073	-2.0443277	-0.75356877	-1.3509127	0.45405266
-1.3334814	-1.4462616	-0.85890067	-1.3349361	-1.231003	-1.8660104	-1.1528634	-0.62210226	-1.1642666	-1.959053
0.97146934	0.65847325	1.479384	0.68185246	-1.414321	1.1898963	0.7221481	1.8726414	1.0931888	-1.2534895
-1.6396558	-1.8238295	-1.0360973	-1.5770366	-0.9838934	-1.4793404	-1.8411818	-0.66040397	-1.7516644	-1.1338545
-1.8872393	-1.8954229	-1.2604891	-1.7989483	-0.8455732	-1.930964	-2.7389464	-1.0337932	-1.7201571	-1.0457424
-0.01131421	-0.46665695	0.45067543	-0.15794802	-1.679173	-0.51122355	-1.1167653	-0.20256421	-0.8737722	-1.756014
0.047307514	-1.1315309	0.43649012	-0.18388017	-1.9542398	0.16138121	-0.9636193	0.09190167	-0.6552373	-2.3412883
-0.7441707	-1.2078043	-0.27579895	-0.8060024	-0.19627035	-1.974903	-2.627729	-2.0994751	-1.6179404	-0.5359634
-2.4886317	-2.3327262	-1.7734263	-2.2778044	-0.71000767	-2.4786134	-2.187854	-0.57644767	-1.9747533	-0.9029948
-2.6053088	-1.7619821	-1.96597	-2.5600808	-1.2189596	-3.2575274	-2.8113546	-2.238182	-4.056367	-0.26444283
-2.2439127	-2.1655736	-1.5785927	-2.1171954	-1.4203297	-2.4028196	-0.572407	-1.7876489	-1.3020487	-0.5358993
-2.3719046	-2.2822034	-1.4980974	-2.205192	0.49078813	-1.9441699	-1.7134739	-0.8969059	-1.6999322	1.5007356
-1.3190308	-1.6528974	-0.783028	-1.3896003	-2.084977	-1.0465938	-1.7300998	-0.27212644	-0.48809138	-1.6778153
-0.7712094	-1.1731917	-0.30990234	-0.9099799	-2.1475186	-0.5465201	-0.9512941	0.04984866	-0.82712597	-1.9192276
-1.9515163	-1.9812773	-1.2062931	-1.8053906	-0.2623708	-1.8029946	-1.9070328	-1.1042142	-1.9834448	0.38288307
-0.66147494	-1.2080563	-0.15948507	-0.78168404	-1.2686359	-0.81575793	-0.9964681	-0.38690928	-1.5164703	-1.1554663
-1.3265187	-1.5596504	-0.80914664	-1.3465513	-1.5787748	-2.1445916	-2.1347978	-1.8299657	-1.9773424	-1.094846
-2.0329676	-2.2022817	-1.3243182	-1.8358903	-1.2516861	-1.5258733	-1.9660197	-1.0280358	-0.9974733	-1.1979579
-1.685681	-1.9096876	-1.0920739	-1.6084597	-0.6309241	-2.7052367	-3.4058743	-0.88240564	-1.514909	-0.85554284
-1.6353579	-1.8182279	-1.0650753	-1.5566508	-1.6202378	-2.3563197	-2.7400537	-1.3943398	-2.1588967	-1.4002057
-1.4345567	-1.7603011	-0.85433817	-1.3818765	-0.3184494	-1.5673724	-1.4885389	-1.0965097	-1.3033764	-0.5556712
-1.9135647	-1.9939569	-1.2970027	-1.8589557	-2.1471994	-2.3230379	-2.4650145	-1.5833037	-1.965821	-2.1629972
1.1298836	0.9604107	1.7117362	1.0551186	0.14768204	-0.17396893	-0.62650436	1.3484591	0.24771914	-0.4801947
-1.366462	-1.3054224	-0.7152413	-1.369576	-0.47815344	-1.5313139	-1.9830626	-1.3572441	-1.6876922	-0.27234757
-1.6552788	-1.9260644	-1.1366998	-1.63298	-1.3176632	-1.8198041	-1.7839483	-0.6757471	-2.0263002	-1.4883124
-1.3089293	-1.5526181	-0.7871882	-1.3713381	-1.6101536	-1.8035063	-1.8240616	-1.446901	-1.8814368	-2.4735084
-0.934723	-1.2069014	-0.56865156	-0.78078496	-0.014126807	-1.2348564	-0.93375325	-0.98814523	0.17896737	-0.99948335
-0.3866751	-0.8440521	0.14525512	-0.48037863	-1.9596418	0.22742607	0.08451716	0.57299477	-0.3555063	-2.07375
-1.3402904	-1.4581252	-0.9696498	-1.2358348	0.8941518	-1.5292015	-1.8020906	-0.90458393	-0.44522643	0.27654102
-2.2287774	-2.1071327	-1.3084769	-2.1056397	-1.200158	-2.7841163	-2.5320978	-1.2612834	-2.7085495	-1.4882848
-1.5225301	-1.797134	-1.0424597	-1.3684694	-0.57006985	-1.5437205	-1.9235342	-0.9937462	-1.8310311	-1.6019074
-1.0321507	-1.309775	-0.4644095	-1.0411634	-0.24056664	-0.58994144	-1.071349	-0.3555713	-0.24895023	0.031357598
-2.0186682	-1.8768306	-1.233897	-1.946636	-0.6120625	-1.5490241	-1.4714936	-1.1213897	-1.4682862	-1.1279668
-1.662242	-1.7912534	-1.1246519	-1.5871106	-1.2555311	-1.09586	-1.4451419	-1.0268176	-1.4196659	-0.90187466
-0.13565318	-0.03443539	0.118265286	-0.2865063	-0.35025966	-1.1221566	-1.1777256	-0.20640866	-1.0111595	-1.5677421
0.19216433	1.4913683	0.46124002	-0.17314081	1.7322046	0.37628695	0.23966584	0.3875977	0.06504395	-1.2511597
-0.7085934	-1.1255774	-0.22133186	-0.6577939	-0.59519196	-1.3005348	-1.6385744	-0.64080065	-1.5830396	-1.5073439
-1.6900773	-1.8840086	-1.1313252	-1.6084634	-1.1649238	-1.4376565	-1.6703783	-0.5535759	-1.1326929	-1.4145155
-2.0422773	-2.0298514	-1.364654	-1.9538615	-1.0608375	-1.9744679	-1.8540606	-0.7728328	-1.7344389	-1.3369042
-1.1811969	-0.995535	-0.7163123	-1.2464234	-0.5371697	-1.0550423	-0.92486274	-0.9785572	-1.9983648	0.02756943
-1.8352382	-2.005557	-1.2472976	-1.7535461	-1.6373512	-2.7787578	-3.8439567	-2.2303197	-2.4607008	-1.727411
-1.2306756	-1.44882	-0.68614066	-1.1279949	-1.0114722	-1.3569512	-1.9084117	-0.61890763	-0.33403024	-1.3220278
0.028485797	-0.6398368	0.5523553	-0.119566545	-1.8540176	0.07905285	-1.1230338	0.486376	-0.6050848	-1.7037054
0.024721362	-0.4041233	0.44368604	-0.20292278	-2.153027	0.048930064	-0.63060206	0.69960135	-0.057375394	-2.3981817
-0.961425	-1.4055732	-0.35148093	-0.9807402	-0.99653745	-0.8926955	-1.3745058	-0.455991	-1.0285513	-1.8165987
-2.098231	-2.051484	-1.3407742	-2.077088	-1.5668734	-2.1376457	-2.4659786	-1.82742	-2.6843321	-2.1947632
-1.406238	-1.1176908	-1.0294228	-1.4345402	-0.437411	-1.3587668	-1.3946394	-0.9945052	-1.2522808	0.33935705
-2.319141	-1.8150268	-1.5720633	-2.276128	-1.126399	-2.3587856	-0.4851632	-0.85531646	-2.7634647	-1.0991251
-2.7084	-2.3919706	-1.6717156	-2.6109877	-1.3087682	-2.3817956	0.39584875	-0.7737405	-3.9612072	-2.1467214
-0.9326866	-0.97316694	-0.39555106	-0.9641523	0.23224267	-1.4480249	-1.4757878	-0.97467816	-1.1078033	1.1398339
-1.7103436	-2.2652626	-1.0845357	-1.6501676	-1.336215	-2.6494982	-0.49723604	-1.4657679	-3.0365756	-0.16816518
-1.145406	-1.3061267	-0.6008948	-1.1714602	-0.7822192	-1.4557996	-2.2591221	-0.9713803	-0.21986574	-1.4627091
-2.8045433	-2.5776608	-1.8060462	-2.6788893	-1.802554	-2.044274	-0.98969615	-1.0220752	-1.6161323	-1.5975986
-2.054521	-1.6854616	-1.5678008	-2.0494356	-0.89086604	-0.78742087	0.36343053	-0.6750727	-0.4610866	0.81448305
-0.24179515	-1.0081433	0.14588867	-0.3710512	-1.1744175	-0.047518212	-0.93243307	0.3989746	-0.17083248	-0.4959062
-2.7609875	-2.5323174	-1.8164823	-2.6915956	-1.6755307	-2.4605598	-2.4946854	-1.931688	-2.5305338	-2.0843222
-0.4552761	-0.89233494	-0.062226266	-0.49518812	-0.82573116	-0.8505879	-1.8126688	-0.5477632	-1.3258739	-0.61830926
-1.6201153	-1.91347	-1.0731032	-1.5744401	-2.1676955	-1.9689144	-1.905358	-1.3575256	-1.7017419	-1.9430442
-1.6901468	-1.7716237	-1.1042076	-1.6653943	-1.2518175	-1.4344993	-1.4050119	-0.6549499	-2.133531	0.15928751
-1.3942674	-1.4765013	-0.9274093	-1.2281207	-1.157351	-1.2848343	-1.4787322	-1.3040074	-1.1208991	-2.6229272
-1.4615066	-1.8632674	-0.9626274	-1.4527307	-1.1714461	-1.374851	-1.4963193	-0.8321096	-2.0171177	0.43747473
-1.3114841	-1.6697872	-0.8986472	-1.3120885	-1.730995	-1.1794981	-1.2431875	-1.3523662	-1.2365357	-1.0743583
-0.60473466	-1.0969161	-0.44225124	-0.68128526	-1.6039577	-1.3217621	-1.2369038	-1.1396474	-1.3100195	-1.1101148
-2.0704117	-2.1046536	-1.347386	-1.9494381	-1.251046	-1.5131233	-2.3616352	-0.81869763	-1.1479876	-1.857238
-1.5979859	-1.6247525	-0.9612745	-1.5663376	-0.07202643	-2.051705	-1.818963	-1.271559	-2.0793352	-0.6616544
0.31996998	-0.12264481	0.59439206	-0.0061439127	-2.298717	-0.4227766	-0.3903527	-0.09671152	0.13458121	-2.1405938
0.5121999	-0.66724277	0.964229	0.35985267	-2.1758726	0.39358744	-0.7929028	0.90752393	0.13418138	-2.2888079
-0.8904601	-1.1012126	-0.4727507	-0.9346381	-0.8341727	-1.2941561	-1.1610491	-1.109299	-1.215268	-0.912718
-0.06820688	-0.48400924	0.28808776	-0.2658947	-1.8752468	-0.785149	-0.9151919	-0.63377327	-0.97389805	-2.7813463
-0.396219	-0.6376016	-0.011311442	-0.4325205	-0.99781656	-0.3305918	0.020353671	0.25056848	-0.035862163	-1.4767247
0.6540595	1.3327979	1.2546438	0.46218562	0.15267232	1.3312117	2.1542702	1.4365156	0.59512585	0.9133362
0.22451219	-0.16804942	0.6272181	0.076566175	-0.79011214	0.4525932	-0.82927257	0.87091476	0.45219633	0.21503206
-0.4493704	-1.3545539	-0.017197907	-0.493949	-0.6251445	-1.1655898	-2.0479145	-0.24097097	-1.5844359	-0.7128022
-0.17775837	-0.8277478	0.23811829	-0.34631038	-2.3715394	-0.6814463	-1.1877167	0.08968374	-0.8321848	-1.7198489
-1.9518323	-2.0398533	-1.2923777	-1.8105817	-1.2790822	-2.0588868	-2.3038406	-1.6651478	-1.9800093	0.25237727
-0.9036738	-1.151583	-0.5783235	-0.98669046	-0.8383784	-1.190885	-2.2045493	-1.0922953	-1.6354742	-1.3180411
-0.8520908	-1.164956	-0.43292966	-0.845043	-1.4262639	0.9525863	0.611377	0.39081934	0.6675414	-1.4145156
-1.8739587	-1.8534429	-1.2607512	-1.7744961	-0.23738036	-1.6950704	-0.45214817	-1.0550255	-0.02166158	-1.3736486
-0.69132006	0.1151461	-0.740523	-0.7522843	0.49406824	0.7749115	1.8602064	0.12665865	0.37079126	1.1556756
-1.4273269	-1.8734257	-0.8373798	-1.3111912	-1.3923357	-1.7094479	-2.0667136	-1.6972079	-0.9627679	-0.25403953
0.3086814	0.54516673	0.8522512	0.12852095	-0.97760046	0.9457966	0.5458607	1.1513188	0.43699697	-1.2263995
-1.9948937	-1.8774011	-1.3408612	-1.8815856	-0.37715137	-2.1884353	-1.9575828	-1.9215523	-2.9566731	0.5869328
-1.948304	-2.0492992	-1.3196708	-1.8084835	-1.4401569	-1.3342029	-2.3387873	-1.3252858	-1.4121002	-1.376117
0.3387697	-0.5141828	0.7439972	0.11026566	-2.1559026	0.7134733	-0.49121404	1.2602903	0.8967699	-1.317993
-1.6429818	-1.979656	-1.1311408	-1.5510439	-0.78646827	-2.1000779	-2.301004	-1.6180184	-2.0706816	-0.44360062
-1.8684946	-2.1458113	-1.2509415	-1.8238058	-1.4321191	-1.7506528	-3.1719737	-1.3635762	-2.0068731	-1.6196574
-0.58251834	-0.8528929	-0.080237	-0.6773133	-2.0293734	-0.2060663	-0.68335295	0.66627467	0.10135289	-1.9753369
-0.11991668	-1.0391487	0.1759842	-0.25959364	-1.7424382	-0.9208553	-0.49881396	0.5721006	0.47743493	-1.3456736
-1.0003194	-1.2559829	-0.3973402	-0.9220048	0.5770376	-0.9527805	-0.98803204	-0.82369095	-1.4570848	1.4094094
-2.2331965	-2.1639123	-1.3594913	-2.1502306	-0.84497714	-1.9681989	-1.8970656	-0.8829581	-2.2509916	-1.5621147
0.7832677	0.45081595	1.1261125	0.5525863	-0.82194364	-0.37438285	-1.2413222	-0.13248622	-1.2152805	-1.5597062
-2.534408	-2.2968404	-1.5562027	-2.4358156	-1.1810563	-2.765381	-2.2114668	-2.1198394	-2.9883106	-0.9133225
-2.9958475	-2.5934384	-1.8659074	-2.8681157	-1.6257826	-2.496365	-2.914276	-1.6023543	-3.089059	-2.157885
-2.0203004	-1.997227	-1.3172243	-1.9058732	-1.1370023	-2.3178096	-2.1641366	-1.1079193	-2.5496569	-1.2434851
-1.0102198	-1.4879402	-0.553478	-1.0143673	-1.6519037	-0.9348338	-0.61663634	-0.086917885	-0.84256697	-1.7224581
-2.750307	-2.2460496	-1.8226779	-2.6942217	-1.1934518	-2.254988	-2.00418	-2.095654	-2.4936712	-1.673668
-2.3475559	-2.2261975	-1.5151333	-2.2578669	-1.4764838	-1.9678658	-1.861494	-1.4670879	-2.3529	-0.8826806
-2.4037175	-2.3205745	-1.6599295	-2.2437234	-1.3803538	-2.8482914	-2.2050552	-1.2950417	-0.38379806	-0.73947835
-2.2712517	-2.144999	-1.5543796	-2.17249	-0.48714593	-2.3648868	-2.3395908	-1.7955576	-2.3284285	-1.1071732
-1.9583683	-1.4406698	-1.2968087	-1.9041096	0.9916285	-2.3838265	-1.8253185	-1.5843762	-2.330372	0.25149864
-1.1391547	-1.7472378	-0.67217374	-1.0780389	-1.8910563	-1.5774684	-2.3782628	-1.907217	-1.8061357	-1.1064891
-2.0384195	-2.058431	-1.3312737	-1.9945604	-1.1178147	-1.9190573	-2.0432546	-0.8791083	-0.7639158	-0.6921893
-0.4634041	-0.8912928	0.104313344	-0.5610962	-1.7871072	-1.2410334	-0.7710394	-0.93815947	-0.58243585	-3.0596442
-2.0417569	-2.1564116	-1.3407886	-1.9348159	-0.8112156	-2.4585054	-2.8831513	-2.2191691	-2.0939376	-1.1998229
0.12839118	-0.5665504	0.5376569	-0.06954675	-2.3374157	-0.21059269	-0.858684	0.5300352	-0.3391595	-2.8758764
-1.9691458	-1.9024856	-1.3015045	-1.9200456	-1.662369	-3.075685	-2.8715274	-1.412201	-2.1737702	-1.8986462
-1.662834	-1.8323339	-1.1708202	-1.6130356	-1.5595876	-3.0011125	-2.34412	-1.7657825	-1.6747935	-2.8477113
-0.20976469	1.174718	0.09605959	-0.45472145	0.055157453	-1.3059384	0.49988446	-0.54066426	-1.0480694	0.06146446
-0.80177176	-0.07264733	-0.27889988	-0.92505556	0.37914702	-1.257454	-0.97966874	-0.9081511	-1.0055914	-0.016398776
-1.6913408	-2.018432	-1.2128502	-1.602046	-1.9203924	-1.6954807	-1.9855869	-1.3796667	-0.8958622	-1.8560953
-0.44257814	-0.5709646	-0.22771826	-0.4246239	0.7800782	-1.4346519	-1.4069599	-1.0546488	-1.3106625	1.3115724
-1.3104393	-1.1997942	-0.8407923	-1.3846463	-1.4899341	3.050404	-1.3415781	3.5811453	2.376514	-1.615161
-0.14547694	-0.7720233	0.23817904	-0.30399626	-2.2817647	1.1011028	-1.0774627	1.2375726	1.0890338	-2.1828108
-1.4510262	-1.4947779	-0.97797537	-1.34947	0.35244516	-1.5668867	-1.1102849	-2.4113805	-1.2656695	1.0740726
-1.346915	-1.8742276	-0.87850106	-1.3336389	-1.3368227	-0.74882543	-2.1022582	-0.475241	-0.82645977	-0.7758599
-2.1162698	-1.906874	-1.3632725	-1.9668673	-0.92590463	-0.3557712	-0.6073385	-0.1470113	-0.5638351	-0.052235648
0.74056506	3.3172328	0.91176045	0.3187498	-0.8886837	-1.1135405	1.0194405	-0.85571206	-0.49499428	-1.3098401
-1.0064309	-1.4974109	-0.4161915	-1.0620589	-2.0254967	-1.0736601	-1.5763872	-0.45761454	-1.1491194	-1.8152676
-0.80076295	-0.98938775	-0.41387638	-0.897561	-1.3857299	-0.6949393	-1.5876034	-0.36158147	-0.8485772	-1.2800403
0.15430683	-0.49948582	0.75683165	-0.034592003	-2.1106772	0.06363842	-0.020069541	0.7903743	-0.16215967	-2.0980477
-1.0847803	-0.97429585	-0.6883061	-1.0611368	-1.014885	-0.2741352	-0.9926607	0.39748606	0.60478395	-0.7835638
2.181138	4.1027646	2.0322273	1.974083	3.7653189	2.8096015	4.5349517	2.6070044	2.7229571	2.4590948
-0.460127	-0.9159801	-0.07465652	-0.539789	-1.3159896	0.093149774	-0.49191105	0.06901705	-0.86954486	-1.8565309
-2.168247	-2.145779	-1.4155664	-2.0799387	-1.1121387	-2.6948507	-2.4347723	-1.6900561	-1.2409208	-1.0568917
0.5160461	0.16800386	0.8039603	0.34786856	-0.8838861	0.74220437	0.19654839	1.064399	0.4238752	-0.97990483
-0.91402155	-1.5056901	-0.74667037	-1.0126182	-2.043985	-0.97042036	-1.5527033	-1.0529253	-0.9801206	-2.2141607
-0.07069395	0.0047225654	0.3733019	-0.20723666	-2.0078156	-0.74930525	-1.2305375	0.36543453	-0.5543165	-0.06714003
-0.87732774	-1.175896	-0.3235878	-0.87587553	-0.47097945	-0.29928306	-2.1882899	-0.82398814	-1.3646781	-0.97701716
-1.4757687	-1.2692026	-1.1311923	-1.441161	-0.39611673	-2.1946685	-2.2343354	-1.3691163	-2.5078852	-0.80958754
-1.9532398	-1.9536647	-1.2691057	-1.8766917	-0.8582511	-1.8859742	-1.9333361	-0.6117731	-1.5511636	-1.8143209
-0.5436524	0.60347545	-0.26173043	-0.6708439	-1.1859775	-0.8876388	-0.6241224	-0.8110848	-1.6042435	-1.4363021
-1.4906434	-1.2919179	-1.0874128	-1.4283715	-1.0323776	-0.63374025	-1.2906141	-0.2909753	-0.60425746	-1.2941717
-2.3736997	-2.2666805	-1.5409528	-2.2771864	-1.3898966	-2.1551597	-2.8850558	-1.1755382	-2.3886094	-2.028736
-1.415759	-1.6553512	-0.91968155	-1.2951639	-0.43198285	-1.4378225	-1.7785063	-1.0697926	-1.3199307	-2.1092794
-0.08505342	-0.23722604	0.24596179	-0.23120596	-1.0415862	-0.8440056	-0.7718713	-1.4024948	0.22053932	-1.2466022
-2.5041199	-2.5419948	-1.6601	-2.4024577	-2.129548	-2.758074	-2.721745	-1.6330181	-2.868003	-2.4546025
-1.5492619	-1.5999973	-1.028689	-1.4981186	-0.52497643	-1.3692462	-1.954478	-1.3665287	-1.6135138	-0.61468804
-0.67788196	-1.1064786	-0.19828495	-0.70297855	-1.6489636	-1.5038898	-2.0753572	-0.69553035	-1.5118923	-1.6295993
0.38234687	-0.47708812	0.84852886	0.16532905	-2.5024016	0.04002241	-0.93891144	0.7056027	-0.07067112	-2.0041401
-0.07051692	-1.4963661	0.15688726	-0.18445255	-1.149049	-1.0035462	-1.0548354	-0.21732166	-0.22345456	-1.2948142
-1.0596323	-1.0795885	-0.56720626	-1.1146556	-0.6196774	-1.2310059	-1.3676416	-1.1205531	-0.7418641	-1.0860852
0.2970517	-0.48270017	0.75956154	0.19108708	-1.9736897	-0.10312474	-0.49944055	0.78064173	-0.09426083	-2.6672726
-1.5394583	-1.8145826	-1.0444728	-1.4659166	-1.6574212	-2.116337	-2.2261145	-1.2246032	-1.9006246	-2.6838453
-0.8622244	-1.0335219	-0.46576896	-0.913581	-0.85354185	-2.1639216	-1.4074256	-2.2839034	-1.434155	0.06612977
-0.28291196	-0.16036263	0.109956086	-0.32315364	-0.67036355	-1.03621	-0.3109462	-0.2729894	-0.8374589	-0.83702064
0.1806989	1.0690894	0.5416019	0.043760806	0.5496465	-0.043201502	1.4922191	0.01623112	-0.9838811	-0.29292855
-1.3913509	-1.232993	-0.7690885	-1.3459148	0.4804484	-1.185936	-1.2407563	-0.39583576	-0.96876055	0.48810014
-2.4354026	-2.3095732	-1.5174367	-2.3219016	-0.6917627	-3.21837	-2.2138078	-1.8437154	-3.1300213	-1.1744199
-1.5121275	-1.1957777	-1.0599679	-1.5342709	-0.21411529	-2.5873456	-2.2629023	-1.489934	-2.5133128	1.9110296
-0.69003093	-1.254072	-0.28727052	-0.6750609	-1.5252861	-0.22450142	-0.6813915	0.12699185	-0.15694949	-1.2378426
-0.104379475	-0.08147165	0.1644112	-0.31050533	-0.301689	1.9138497	2.4205735	2.0858846	1.8860147	1.3168676
-1.0834625	-1.3501508	-0.61868525	-1.0866911	-0.27893943	-0.14560807	-0.72126293	-0.15952575	-0.23582356	1.4972137
-0.48476133	-0.6816757	0.06924185	-0.5096102	-2.0626411	-0.7147023	-0.3704432	-0.5664784	-0.4835638	-2.120407
-0.012769669	0.71556056	0.5018879	-0.25023073	-1.2794305	0.50499755	1.8763032	1.1747066	0.5114606	-2.093008
0.17549697	-1.364347	0.10933694	0.059080407	-3.2107027	-0.63259023	-1.4981043	-0.9206328	-0.6060688	-2.6599958
-0.49004906	-0.1476182	-0.20296514	-0.51583326	0.96535313	-2.1894155	-1.6025953	-1.5746132	-1.2562171	1.8952858
-1.4001722	-0.8779143	-0.975652	-1.3909912	-1.2489951	-1.3840245	-1.7063327	-1.5538185	-1.2215806	-2.3995857
-1.8655508	-2.1088257	-1.2729845	-1.7284603	-0.41695973	-1.8269187	-2.4783523	-1.6338342	-1.1350228	-1.8306897
-1.6220546	-1.9250079	-1.0458841	-1.5385313	-1.6694595	-1.21883	-1.1385051	-2.0153582	-1.0447621	-1.5513626
-2.0800261	-2.1008754	-1.3325715	-1.9911251	-0.6283798	-1.961373	-2.070352	-1.1671004	-2.2428849	0.33064443
0.57344204	0.29361418	1.0149094	0.41645837	-0.8635113	0.79111624	-0.6972996	1.1276386	1.0887126	-1.91041
-1.5672345	-1.8160999	-0.98917246	-1.4201132	0.8286202	-2.0207465	-1.4625164	-1.3811916	-1.7522808	1.6430161
-0.67679715	-0.4349516	-0.20190838	-0.7650878	0.58626807	-1.7433407	-1.268384	-0.3293889	-1.9503607	0.6515542
0.14912891	-0.06823143	0.4498618	0.11741386	-0.4820213	-0.5006935	-0.599969	0.17918211	-0.27308133	-0.45035768
-0.48065415	-0.6251409	-0.083307564	-0.5530154	-1.3389155	-1.0203153	-1.7951018	-0.85239893	-1.0785493	-1.3539876
-1.7918693	-1.9442216	-1.1628817	-1.7233659	-0.24017861	-1.6665688	-2.0696344	-0.30462137	-1.1774927	-1.1032768
0.33896545	-0.37116218	0.7721598	0.14175086	-1.5742617	0.6606334	-0.51537836	1.4944483	0.6438406	-0.9336707
-1.0745711	-1.3332093	-0.78409886	-1.0976201	-0.6278117	-1.4766139	-1.5743546	-0.30555132	-1.6500449	-0.75586134
0.1614033	-0.42803174	0.5865576	-0.050486907	-1.8005569	0.1129993	-1.1384276	0.89744735	0.020834442	-1.8161867
-0.1148021	-0.5037241	0.3395615	-0.18020411	-1.0600793	-0.3422083	-0.3977402	-0.041129295	-0.89104784	-0.6419132
-0.7021129	-1.0809982	-0.2583245	-0.83176565	-2.0111058	-0.4997289	-1.301406	-0.30841544	-0.7577153	-1.8201903
-1.8831018	-1.9418552	-1.2784845	-1.7517612	-1.131014	-2.0140207	-2.1095126	-1.2790791	-1.9285375	-0.20573337
-0.11740843	-0.8942399	0.18942401	-0.19791825	-0.44814608	-1.5575466	-1.0252998	-0.6848172	-0.8100195	-0.68777287
-1.6465997	-1.8586468	-1.1249179	-1.5849599	-1.1131622	-2.3010786	-1.4266517	-0.9029478	-1.1584651	-1.1956807
0.15823957	0.6862438	0.38168833	0.020137891	-0.26961637	-0.2676739	0.0504091	0.06142751	-0.34102175	0.19870229
-1.1660373	-1.2677097	-0.68270504	-1.2140847	0.006641239	-0.8277167	-1.1593918	-0.30427745	-0.8854646	-0.8737688
-2.039807	-2.0354972	-1.3109353	-2.0073214	-1.6920838	-2.8636947	-1.9894168	-1.1133523	-1.8696585	-2.4175262
0.15466264	-0.8792398	0.73266095	-0.035451904	-2.3830423	0.15653335	-0.6213702	1.1914959	0.543666	-2.3141303
-0.17643788	-0.31950426	0.22400968	-0.31471717	-1.1500269	-1.8379376	-0.41963902	-0.6842581	-1.284346	-2.5054474
-1.3606477	-1.7646552	-0.86614966	-1.3030646	-0.33225125	-1.5361264	-1.7227999	-0.9385073	-1.501089	0.26690036
0.7257013	0.43894616	0.86443293	0.43559575	-2.1331642	0.63270694	0.23655096	0.6132267	0.15448919	-1.6384358
-1.3242073	-1.2364378	-1.1533682	-1.3435913	-0.6862768	-2.0734737	-1.7402176	-0.901653	-2.008384	-1.7201946
0.19128367	-0.8549676	0.59754777	0.0336017	-2.5534952	0.7285573	-0.0621468	1.213365	-0.024507094	-2.212723
-0.5012697	-0.9219059	-0.071477294	-0.49599957	-0.31166723	-1.5024495	-1.7067561	-1.0098817	-1.202875	0.29645544
-1.3642559	-1.5808388	-0.88235915	-1.33827	-0.97619545	-1.0611935	-1.7211345	-0.8785152	-1.4578837	-2.26732
0.8032734	0.49150708	0.98201644	0.51158047	-0.88973486	0.1566022	0.39443135	0.97423476	-0.3849104	-1.9698038
-1.7646846	-1.7590673	-0.9665241	-1.6547115	1.58682	-1.4191988	-1.3114924	-1.1641103	-1.2202157	1.1872816
-2.1080985	-2.1627011	-1.3686186	-2.080579	-2.2752197	-2.2433376	-2.6898606	-1.433704	-2.9646835	-1.8939984
-2.4035823	-2.3100271	-1.5549357	-2.316767	-1.2837105	-2.4088259	-1.784585	-1.5185357	-2.2984834	-1.6955789
-0.50154847	-0.898039	-0.09135899	-0.56559944	-0.6985761	-0.56641287	-1.1213702	-0.23448859	-0.96583605	-1.1798154
0.19873634	-0.35828483	0.82018197	0.0434487	-1.3523496	-1.3019984	-0.9043653	-0.8569131	-1.0709958	-4.4203916
-1.5811917	-1.8320642	-0.9603621	-1.4680372	-1.3431765	-0.9617955	-1.673003	-0.58199257	-1.0022928	-2.3369179
-1.6432434	-1.558898	-1.0917733	-1.5763383	-0.1351259	-1.8808508	-1.8084317	-1.0576586	-2.1113245	-0.6578156
-1.5593109	-1.5531647	-1.0646731	-1.5479078	-0.8246169	-1.740479	-1.2494442	-0.7301141	-1.899438	-0.9384209
0.42496923	-0.40860546	0.8499608	0.24306016	-1.8522762	0.4981664	-0.29698044	1.3288068	0.656804	-1.8113393
0.60804445	-0.23840587	1.112933	0.3771457	-1.898906	2.2237482	0.17475143	2.182638	2.0830653	-1.8852708
-1.6373062	-1.8148409	-1.0597769	-1.6104513	-1.5364578	-1.7268943	-2.710827	-0.980031	-1.3100195	-1.8693388
0.42985535	-0.5374093	0.92626095	0.25749695	-1.793243	0.46503732	-0.2406505	0.91965175	0.2477542	-1.9982942
-1.7440115	-1.4332118	-1.3520547	-1.6440686	-0.727974	-1.8000019	-1.4663365	-0.8505909	-1.4533068	-0.691758
-0.8920695	-1.3611741	-0.3789784	-1.0226593	-2.795631	-0.65388244	-0.756282	0.4283506	-0.16604726	-2.5849133
-1.0559868	-1.3532987	-0.5895072	-1.0671257	-0.66417164	-1.395045	-2.1141868	-0.5427706	-1.4963771	-0.48408467
-0.6207205	-1.0295844	0.14042802	-0.7656585	-2.6971464	-0.23170231	-1.0564537	0.6682015	-0.18399434	-2.7059615
-0.4212729	-0.70921206	-0.17439166	-0.49452192	-1.2233875	-1.1464568	0.7666842	-0.8345208	-1.4450649	-0.20830911
-1.930568	-1.5115033	-1.4180125	-1.8840735	-1.3100235	-1.5698905	-1.7645618	-1.0724308	-1.7408494	-1.9136697
-2.257542	-2.1789827	-1.4932475	-2.1926684	-1.5248662	-2.167549	-1.6860117	-1.3897679	-2.08629	-1.4775313
-1.4610926	-1.6267201	-0.93827057	-1.4240283	-1.5331812	-1.2069254	-1.223671	-1.5357573	-0.8048282	-2.0305886
-1.2716138	-1.4844576	-0.79889894	-1.3381937	-1.4822277	-0.91023093	-1.998814	-0.28846815	-1.1542977	-0.83325434
-2.1770983	-2.0827954	-1.4481045	-2.1218789	-1.4606255	-2.6705654	-2.271955	-1.4230801	-3.0904198	-1.5081376
-0.7021393	-1.3397269	-0.25850886	-0.6983703	-1.1362071	-0.6849181	-1.4162519	-1.1262081	0.01075354	-1.3042519
-1.4711535	-1.3866564	-0.9671494	-1.4044673	-0.510361	-1.7413813	-1.5230286	-1.493692	-1.5439196	-1.2224326
-0.40589473	-0.97966456	-0.1152277	-0.42158788	-1.2088757	-0.23728426	-2.1507912	-0.21298052	0.06643409	-1.3282908
-1.5927134	-1.8610283	-1.0100791	-1.5412148	-0.52441007	-1.9476783	-2.827029	-1.2637821	-2.2410867	-2.3283494
-1.987385	-1.9885702	-1.2262361	-1.8387539	0.33241126	-1.9524708	-2.6060684	-1.3674318	-2.1860168	0.3941726
-1.067748	-1.4678546	-0.62013924	-1.1117039	-1.3139417	-0.5225876	-1.5417855	-0.6126982	-0.61030227	-1.6278934
-1.2570649	-1.76133	-0.8497834	-1.2198755	-0.93874204	-1.401595	-1.8370165	-1.087052	-1.4918519	-1.2086085
-2.0378735	-2.0728235	-1.2643944	-1.9392033	-0.6412779	-1.691105	-2.808514	-1.2423692	-2.5217352	0.49539655
-1.2889725	-0.31690714	-1.1192725	-1.323273	0.23944053	-1.7187196	-1.136781	-0.8893249	-1.8273392	-1.2138822
-0.16598421	0.2161035	0.19388846	-0.3023323	-0.097100824	0.07111659	-0.11288508	0.6110797	-1.1437567	0.15446272
-0.8906868	-1.2394711	-0.53524303	-0.8415203	-1.0321506	-0.95663196	-1.1876061	-1.2567936	-0.748413	-1.3877722
-0.92458445	-1.4359741	-0.4488319	-0.9425392	-2.0878553	-1.1306336	-1.4766905	-0.8800481	-1.3793037	-1.7261108
-2.0447276	-1.941711	-1.425048	-1.8502145	0.9432224	-2.34902	-1.779843	-1.6710184	-2.712976	1.3344498
0.9159222	0.64695144	1.2108855	0.6494411	-0.76224875	1.0693119	0.18532445	1.6210037	1.2857585	-0.5927879
-2.0806732	-1.9315236	-1.3230116	-2.0749273	-2.0595434	-2.7809265	-1.3977004	-1.2014439	-2.1385756	-3.1711872
-0.52299327	0.15131435	-0.48063853	-0.6352388	0.89679813	0.4422625	2.6522043	0.35528165	0.25587004	2.2709463
1.0975579	1.771605	0.9622139	0.85891175	0.1508635	0.14500494	-0.5027332	-0.038911745	1.0300124	-0.13867031
1.2014139	1.2643559	1.296288	0.8431628	-1.5715256	1.3376461	1.7027285	1.8314133	0.84946245	-1.7136706
-1.4606746	-1.6072668	-0.933378	-1.5398004	-1.6497236	-1.4144145	-1.0473893	-1.7389865	-0.8275483	-2.1276796
-1.6633636	-1.8900058	-1.1565186	-1.5442607	-1.091775	-1.5365821	-2.012648	-1.2618504	-2.048672	-1.1706145
-0.9116624	-0.26867983	-0.5293914	-0.89817137	0.29914698	-0.1334442	-0.35244575	0.5678827	0.07406357	1.1323776
-2.0033283	-1.8805213	-1.2340397	-1.9164121	-0.9252322	-1.9778374	-2.839956	-0.9087424	-1.5513378	-1.970641
-2.3697414	-2.1765888	-1.6279473	-2.2372415	-1.4823289	-2.5300112	-1.614535	-0.58776367	-1.573384	-1.397175
-0.9080259	-1.0549845	-0.45550802	-0.98857427	-0.95278454	-0.5745353	-0.9809598	-0.25855938	-0.5076601	-0.39476374
0.47076115	-0.025688633	0.76879954	0.2512985	0.88383067	1.2484066	1.0987909	1.883148	0.7877956	0.7292124
0.59090334	-0.23640272	1.0468013	0.46993965	0.152419	-0.058159314	-0.77360725	0.5832271	0.30443358	-1.2740109
2.0728428	2.0200512	1.6777016	1.7447278	0.45038328	-0.4530836	-1.6333753	-0.8329554	0.44200858	-1.855151
-0.47015283	-0.9068334	-0.10285199	-0.56090605	-1.3945543	-1.3038293	-1.8481503	-0.57822114	-1.6767479	-1.5407166
-1.9862767	-2.1011505	-1.4065111	-1.8911011	-1.8581879	-1.4921247	-1.3743515	-1.4599274	-1.413245	-1.7979136
-1.4991554	-1.6197518	-1.0356855	-1.4217162	-1.2681056	-1.9050492	-1.8507886	-1.1339756	-1.6572953	0.3179995
-2.4549465	-2.112513	-1.5695773	-2.3189445	0.17986152	-2.4380245	-1.2050554	-1.7446316	-0.41022688	1.4989051
3.8871353	3.0667968	3.493903	3.3063908	1.6405711	3.4342434	2.215219	3.6458502	3.1391802	1.2415732
-2.1076262	-2.1261601	-1.380965	-2.0403736	-1.413348	-3.1518667	-1.6200927	-1.4188737	-2.863477	-2.0874155
1.329174	0.84998524	1.7467142	0.988763	-1.5726926	3.2621713	1.6603659	2.8378406	3.1778424	-1.2122303
0.1632669	-0.013160557	0.4956177	0.019730434	-1.2136015	0.5708117	-0.25823733	0.025830824	-1.0779305	-1.1376525
-0.089292504	-0.24221626	0.387884	-0.11369409	-0.9367956	-0.23872536	-0.34490806	0.07453364	-0.0870525	-1.6641209
-0.63588697	-1.6537519	-0.31217238	-0.7292359	-1.523348	-0.27136827	-1.4944919	-0.56008565	-0.08640131	-1.4434282
-1.8673239	-1.7972773	-1.1073465	-1.7968562	-0.50855225	-2.2632127	-1.3508893	-1.3732696	-0.6337613	-0.6274941
-1.2002051	-1.6102015	-0.7177882	-1.1306394	-1.2320275	-1.2549349	-1.6001714	-0.8283797	-1.1994799	-2.1423466
-0.18639368	-0.7713394	0.18127869	-0.37607363	-2.5736609	-1.0362289	-1.0989187	-0.7244977	-1.2215527	-2.5136902
-2.122653	-2.1573029	-1.3790617	-2.0348513	-1.550834	-2.3020794	-2.6173506	-1.4156802	-1.7966878	-1.4054582
-1.4833742	-1.64289	-1.0057306	-1.4596958	-1.3257301	-1.7713144	-2.0893319	-1.4357219	-1.0606165	-0.84406626
1.5149229	1.5127882	0.9586724	1.2765765	-0.8503441	3.5414715	3.5601885	3.1800935	3.065478	1.4478554
-0.54634565	-0.52167916	-0.09028378	-0.6474283	-1.6250303	-0.4175068	0.25314033	-0.22004068	-0.56444925	-1.8639644
-1.9675586	-1.9990542	-1.2391275	-1.8816252	-0.8418789	-2.037282	-3.0758238	-0.6413132	-2.1525924	-0.24794807
1.0837388	0.890954	1.1457133	0.8313689	0.7357801	0.79743356	0.73847723	0.05672169	0.75583506	0.2759254
-1.8744979	-1.9843177	-1.1775446	-1.8831528	-1.6006006	-1.1392331	-1.1541599	-1.0189557	-1.2033176	-1.0192828
-0.094018795	-0.81429756	0.29082415	-0.11549817	-1.6181564	-0.500501	-0.66951436	-1.0422583	-0.43270355	-1.1704406
-1.9722643	-1.9778564	-1.3249375	-1.9057322	-0.6511885	-1.481398	-0.6153338	-0.5604615	-1.5326235	0.2539987
-2.1463182	-1.8909342	-1.3233398	-2.0186086	-0.33639687	-1.6202776	-2.1920223	-1.1471509	-1.6535816	-0.76898926
2.0766244	0.97400904	1.7738835	1.9652941	-1.4863405	3.2846704	2.0947769	2.8144872	3.0328138	-2.366319
-2.1244524	-2.1178699	-1.4482664	-2.0618908	-1.3054934	-2.522864	-2.2752552	-1.2760719	-2.7294488	-0.5876757
1.6054605	0.7324445	1.7118284	1.403724	1.9950324	0.70854396	0.81492925	0.8142708	0.34872162	0.7197164
-0.28162512	0.040127307	0.19566959	-0.4666258	-1.050216	0.05579024	0.01363506	0.050908804	-0.07512541	-0.39976567
-1.8668363	-1.8567181	-1.2931889	-1.6900015	-0.91551447	-2.1025622	-2.0661483	-1.1189768	-1.5312786	-1.4494449
-1.8335377	-1.8472083	-1.2288908	-1.7626985	-1.2689719	-1.486634	-2.1337447	-0.6271537	-0.5760096	0.11350604
0.132319	0.47531775	0.22336435	0.008129284	0.7621691	-0.8157044	-0.30688825	-0.7724663	-0.6600686	0.8968232
-1.7993802	-1.7291939	-1.159705	-1.6911038	0.23762754	-3.1750982	-2.4400399	-2.1190302	-3.0766466	1.3747041
-0.8509949	-1.0227679	-0.36947337	-0.80654293	0.08923358	-1.0939678	-0.8244568	-0.6281043	-1.2777078	0.89680177
-2.1042132	-2.0975885	-1.4584514	-2.0695941	-1.9421276	-1.8554186	-1.5272803	-1.4497011	-1.4208149	-1.2116014
-2.1289277	-2.0347254	-1.3156372	-2.0661461	-0.5167438	-2.6862154	-2.19827	-1.5080467	-2.9793882	-0.83445895
1.3401966	1.9332025	1.7545574	1.0994997	-0.18723601	0.9882085	1.3183686	1.5052974	0.30438164	-0.2039291
-0.85974693	-1.3346901	-0.63695383	-0.9194022	-1.8984722	-1.7613783	-1.7352866	-1.4690696	-1.7915157	-2.8771062
-1.1961397	-1.3801891	-0.7420902	-1.1956357	-1.6884181	-0.9346494	-1.1809458	-0.4706911	-0.99260354	-2.866403
-2.1907306	-1.6717311	-1.4994519	-2.074732	-0.10286006	-2.3826272	-2.5025446	-1.1697271	-0.9203055	0.2133403
0.34553465	-0.002952963	0.45474032	0.30335677	-0.36263964	-1.192847	-1.0821972	-1.8822355	-1.6737438	-1.6979369
-1.0220377	-0.8739028	-0.7734225	-1.0671922	0.3503283	-1.5138351	-1.4633967	-1.2905283	-1.2853228	-0.77866226
0.074482106	-0.14414257	0.3986067	-0.09700687	-1.4448436	1.1261331	-0.20886967	0.76663435	0.28993353	-1.7057302
-1.0837795	-1.5002108	-0.5687382	-1.0567354	-1.4513224	-0.9693085	-1.8072151	-0.61441875	-1.549545	-0.59594345
-0.13754213	0.71240354	0.02504009	-0.2511588	1.2237669	-1.0466595	-1.1949692	-1.2898968	-0.98695403	-1.7918231
0.049536265	1.9116871	0.43543243	-0.20537162	0.42447087	0.33309618	3.9913769	0.8423118	0.018092552	2.776385
-0.5559646	-0.74486053	-0.077682406	-0.61115086	-1.730428	-0.033317465	-1.2412277	0.63309026	-0.2408807	-0.9346725
-1.8620268	-2.0521758	-1.1998513	-1.8297994	-0.4810973	-1.9522626	-2.6415615	-1.167177	-2.784146	-1.2449352
-2.2391813	-2.3077464	-1.5576785	-2.0790586	-1.0274823	-2.4197447	-2.3767872	-1.6463203	-1.6856476	0.4919986
-0.540958	-0.72019875	-0.020216674	-0.5063932	-0.8676921	-0.18636155	-0.55093426	0.16011183	-0.26162955	-0.20866498
-1.4847757	-1.7967873	-1.1869926	-1.3819159	-1.2581823	-1.3492186	-1.5679926	-0.92237663	-1.1022873	-0.03255353
-2.3949242	-2.2555342	-1.5436578	-2.3174849	-1.3288256	-2.8765507	-2.7667363	-1.3648628	-3.1785188	-2.1197035
-0.70986027	-0.83428526	-0.020529002	-0.694133	0.47986743	-1.3000712	-1.4104179	-0.13953047	-1.1585958	-0.60071844
-1.2859914	-1.2605423	-0.765744	-1.223718	-0.4599764	-0.88083375	-0.13105531	-0.39757514	-0.6994149	-0.58847135
-2.0420685	-1.5268712	-1.3094164	-1.9576474	1.0737498	-1.8069249	-1.422703	-1.2918785	-1.5902535	2.1001735
0.0065864697	-1.1165427	0.49354133	-0.16990876	-2.3642983	0.6703452	-1.3566308	0.95778745	0.5487794	-2.4646237
0.1284889	1.7539316	0.57599247	-0.11823633	0.666052	1.1407025	3.9894977	1.4789279	1.1385239	-0.29312158
-1.7044692	-1.8708487	-1.188442	-1.6517706	-0.77782226	-1.4413139	-2.2285297	-0.63676244	-1.0502307	1.4445158
0.34339613	0.7590587	0.13345817	0.020754144	-0.052792728	-1.2759886	-1.3836454	-0.87534	-1.9693234	-2.1951694
-2.7725935	-2.483991	-1.7877347	-2.647708	-1.4239529	-2.466525	-2.1470428	-1.3669156	-2.589802	-1.0909753
-0.9792018	-1.3369232	-0.5940592	-0.8989894	-1.1143187	-0.5797543	-2.0788844	-0.22404481	-0.8668268	-0.8599787
-2.3180044	-2.2394009	-1.509708	-2.2286642	-1.7136332	-2.217467	-2.009896	-1.3846207	-2.4881203	-1.8892558
-1.8295457	-2.333581	-1.1717545	-1.8400031	-1.6227974	-2.5953372	-3.0505826	-1.3396685	-2.3392444	-1.2354742
-0.32464275	-0.8067217	-0.00048959255	-0.5400264	-1.9580564	0.01937965	-1.04997	0.51967365	-0.23537026	-1.507502
-0.84446615	-1.0251379	-0.25927213	-0.90045106	-1.6189396	-0.6854928	-1.3321733	-0.25053394	-1.259481	-1.2581826
-0.4155978	-0.94083107	-0.034776658	-0.58106655	-1.981079	-0.74004036	-1.0019435	-0.21609923	-2.0675836	-0.7990427
-0.3327109	-0.59726405	0.13096473	-0.2759909	-0.67052174	-0.37533635	-1.6338648	0.08073841	-1.0353537	-0.6046876
-1.9581077	-1.7441419	-1.2944201	-1.93184	-1.9619015	2.6176229	-0.6930369	0.9036326	1.5170999	-2.7294955
-0.09476446	-0.974077	0.44825852	-0.1935275	-2.6903293	-0.39545992	-1.3661776	0.28424037	-0.50602275	-1.8517513
-0.55393726	-0.75561357	-0.3097019	-0.50006235	0.7969459	-0.30361164	-0.4037345	0.19369048	-0.3152345	1.482617
-1.8757558	-1.7726994	-1.2164483	-1.8578135	-1.3508888	-1.741846	-1.5675657	-0.9346835	0.15783669	-1.0253807
-0.4417512	-0.3572628	-0.30728146	-0.5506109	-1.393125	-0.6189433	0.5538178	-0.50767535	-0.8375002	-1.6731176
-1.7302533	-1.9828906	-1.2073911	-1.6396844	-1.5833716	-0.889401	-2.134199	-1.4632559	-1.2514774	-1.4524069
1.2958914	2.486977	1.3368685	1.031033	-0.53602695	1.5620145	2.0750093	1.3988441	0.76493907	-0.55074406
-0.32679284	0.47686765	-0.06629914	-0.39641443	3.1902425	1.0351846	2.2393315	1.7575772	1.1058227	2.5881486
-1.4409304	-1.3646184	-1.007827	-1.4229773	-1.0177397	-1.9188602	-2.1685333	-1.3927321	-2.7460744	-0.8641258
0.061465226	-0.43777007	0.44038492	0.014305159	-0.48221087	-0.00994484	-0.39277348	0.38992864	-0.6073349	-0.27030885
0.26059747	1.5730788	-0.07025787	-0.03983091	0.3793657	1.5069463	3.2314985	0.6162209	0.9591685	0.7879874
-0.6976986	-1.3036685	-0.26651505	-0.8197456	-2.4458642	-1.0286146	-1.797578	-0.6698575	-1.0851805	-0.77074695
-0.24871275	-0.6526452	0.13288014	-0.3691913	-1.2513505	-0.69104517	-1.2530291	-0.16734424	-0.3238342	-1.3098967
-0.7689623	-0.38537493	-0.23175392	-0.8206477	-0.8458284	-0.62688565	-1.037486	0.22163254	-1.121256	-0.026019169
-1.5280124	-1.6394578	-0.9775747	-1.460789	-1.3727518	-0.8708101	-0.62243855	-1.0544413	-0.52221817	-0.9992865
-0.34275162	-0.5963155	-0.022629589	-0.4302312	-0.9238744	-0.9856352	-0.9573134	-0.24746807	-0.1593476	-1.3459368
-1.8544694	-2.060539	-1.29186	-1.6953602	-1.9633366	-2.6836882	-2.5776095	-0.46990663	-1.9699869	-1.7109228
4.178567	1.6474801	4.1971745	3.7397864	-0.21375477	3.2799268	0.34642988	3.1880493	3.8019814	-1.3133214
-2.203976	-2.2116911	-1.4124283	-2.1722667	-1.217264	-2.191356	-2.5542088	-1.1402891	-2.2163801	-0.7544855
-0.053973712	0.25893882	0.48307842	-0.19560242	-1.2566046	-0.9927849	-0.65808356	-1.6536382	-1.52248	-1.9180318
-1.1785623	-0.9753336	-0.7508961	-1.2460849	-1.034435	1.4226416	2.0165632	-0.23394947	1.3219817	-1.5790322
-1.3159596	-1.6162851	-0.79234064	-1.3448662	-1.0370377	-0.9111088	-1.3775067	-0.8391664	-1.0869945	-0.70753825
-1.6167514	-1.6538333	-1.0510913	-1.5161583	-1.1217577	-1.427706	-1.7229466	-0.87669533	-1.2145816	-1.117454
-1.7825269	-1.4924486	-1.2785842	-1.7353106	-0.15373912	-2.5182254	-2.3114638	-2.2248437	-1.7494376	-0.47491837
-1.8210582	-1.6697006	-1.2917757	-1.7349275	-1.5079591	0.21839276	1.6197104	1.166643	-1.159106	-1.0777688
-0.4031265	-0.9804735	-0.03882143	-0.5683905	-2.6254299	-0.94442624	-1.5023319	-0.2810339	-0.63441193	-2.7376308
-1.7270008	-1.8718336	-1.1143022	-1.6666505	-1.3788625	-1.4519306	-2.0420938	-0.85183764	-1.3804832	-1.1635803
-2.3124309	-2.0646036	-1.4264014	-2.1463385	0.6670958	-1.6864905	-1.7356545	-1.0225222	-1.6143371	2.2181919
-0.35244712	-0.7115417	0.34441593	-0.36408997	-1.0667975	-0.04466433	-1.3531109	1.1296971	0.7760109	-0.4972992
-1.9668503	-2.2553697	-1.2929932	-1.9212636	0.139303	-2.5471303	-1.869006	-1.657896	-2.166293	-0.055064328
0.3273872	-0.35123223	0.7342504	0.13021816	-1.8037931	0.6732198	-0.5411301	1.1105728	0.69058067	-0.549439
-1.1847259	-1.4473364	-0.8820131	-1.2439208	-1.3852829	-1.338618	-1.4098731	-0.52187675	-1.7057261	-1.0138738
-2.0584514	-2.2000902	-1.3814701	-2.0214329	-1.36761	-1.6586434	-2.4916465	-0.7802003	-1.6222049	-0.99234664
0.5122341	-0.06040828	0.90593946	0.2931878	-1.3438675	1.0876147	0.08081086	1.3323369	0.5895997	-0.25413388
-2.0274305	-1.9387641	-1.2085135	-1.9022868	1.6082894	-2.9498618	-3.131888	-1.7844567	-3.1144013	0.3943927
-2.2008862	-2.0920877	-1.5044746	-2.11189	-0.4809019	-1.7968992	-2.5665174	-1.0005964	-2.6640527	0.58000493
-1.4298286	-1.7365674	-0.9450991	-1.4267691	-1.5311865	-1.3960931	-2.1459377	-1.0088893	-1.2804362	-1.492533
-0.8124538	-0.8800765	-0.37786546	-0.8646475	-2.006376	-0.81357205	-0.7228339	-0.590108	-0.9913899	-1.6178628
-0.51126814	0.09945804	-0.31836364	-0.6859058	-0.6543283	-0.9143488	-1.2191939	-1.0280864	-1.2397354	-0.9396622
-1.2633803	-1.4798276	-0.68119824	-1.2980155	-1.766378	-1.8692296	-1.650079	-1.2973143	-1.3477706	-1.7152133
-1.5507562	-1.5277984	-0.9190463	-1.4778504	-1.2498608	-1.0687361	-0.89501804	-0.4173653	-1.5867784	1.3485366
0.880997	0.07006526	0.6061696	0.76602906	-1.3258514	1.3390721	1.5266113	0.71530926	0.62385714	0.20059083
-0.57832754	-1.0212665	-0.3721902	-0.58283716	-1.2724888	-1.0151697	-1.3681138	-0.07873931	-1.0512675	-1.5595782
0.29990062	-0.26540846	0.56048083	0.16889657	-0.68821204	0.18806507	-0.7295976	0.8811643	-0.60128206	-0.7544345
-1.7491648	-1.7671515	-1.1982228	-1.6909429	-0.27629614	-2.2657084	-2.9301393	-1.7186435	-2.3762445	0.07742191
-1.3668483	-1.8075485	-0.9401469	-1.4097172	-1.0473562	-2.4452744	-1.6164836	-1.1307676	-2.7891095	-1.3943127
-1.3515707	-1.5704739	-0.8586621	-1.3543574	-1.1818594	-1.9419308	-1.5414257	-0.94751126	-1.7574188	-1.6659105
-0.9218975	-0.99187505	-0.49027464	-0.9207636	-0.30962154	-0.9418722	-1.6253043	-0.3723174	-1.4372556	-0.44037932
-0.73817366	-0.96997964	-0.50901365	-0.7232763	-0.34289494	-0.89396703	-0.919497	0.68791413	0.5820375	-0.28320205
1.3369342	0.8503765	1.4694957	1.0694219	-1.2904885	0.8262508	0.13727358	1.2242345	1.5873557	-1.0697931
-0.23449269	-0.3051203	-0.021025747	-0.2865049	0.23673698	-0.49951136	-0.7530264	-0.09339651	-0.8372216	0.7126504
-1.7764806	-1.8117619	-1.1370707	-1.6668514	-0.8768327	-1.9362938	-1.9855438	-1.8333477	-2.3070648	-0.82529724
0.44779667	-0.059533507	0.848259	0.3486631	-0.6251281	0.35964012	-0.32817093	0.6361523	0.35799015	-0.9921454
-0.1750002	1.3566965	0.17407256	-0.41252422	-1.258896	-0.19301246	0.87822634	0.18842313	0.71827227	-0.7596993
-0.92859674	-0.3895943	-0.5231657	-1.0845623	-0.60741097	-1.0708947	-0.47337142	-0.88931704	-0.76023406	-1.129146
-1.3350828	-1.639018	-1.012115	-1.2636179	-0.25855792	-1.5775265	-1.8235955	-0.7611073	-2.4053323	-0.57820827
-1.5247837	-1.663481	-0.99119437	-1.4962991	-0.49611786	-0.9549823	-1.0951071	-1.1007109	-0.6430703	0.10960638
0.1111606	0.07073346	0.5756941	0.005345717	0.028930277	-0.1996023	-0.04961438	0.34253886	-0.46647346	1.0671064
-2.1962333	-2.3300476	-1.4878309	-2.1198585	-2.1014812	-1.9257219	-1.065125	-1.3727034	-2.853454	-2.376197
-1.0700556	-1.4240266	-0.590299	-1.0298147	-2.7771387	0.08556509	0.8401338	0.35327837	0.22996034	-0.9804779
-0.34784612	-0.68112814	-0.06528857	-0.39315617	-0.1211312	-0.0016115332	-0.27006605	-0.29659626	-0.32330385	-0.366396
-1.1644069	-1.6148834	-0.5172322	-1.2564138	-2.4404426	-0.7014835	-1.1524856	-0.09230239	-0.22505698	-2.7413487
-1.7680532	-1.899607	-1.185646	-1.6494913	-1.1781312	-2.026791	-2.2917168	-1.8792588	-2.2671545	-1.897461
0.66762435	-0.10839364	1.0120472	0.45052856	-1.8708034	0.4576627	-0.466947	1.0844936	0.5162104	-1.9175357
-0.84980345	-0.72017646	-0.5218537	-0.9160992	-0.19653699	-1.4520732	-1.5665807	-1.1962925	-2.118227	0.6487805
-2.1626627	-2.0735886	-1.5066053	-2.0648174	-1.4300103	-1.9871905	-1.7837803	-1.6054317	-2.468963	-2.0096202
0.115195744	-0.5586519	0.45674407	-0.095086575	-1.8959776	0.3948606	-0.44285783	0.7445681	-0.10088986	-1.8814617
-0.46736482	-0.3427424	-0.4127839	-0.4678837	-0.33033043	0.9317986	-0.8513094	0.861915	0.70634466	-1.4998045
-1.8178345	-1.9701037	-1.2635647	-1.7315187	-1.2014333	-1.7682085	-1.7753761	-1.1175481	-1.1330311	-1.5903597
-0.73565066	-1.0082408	-0.3713096	-0.79721034	-1.2546216	-1.1319767	-1.6508545	-0.5210537	-1.2957487	-0.72594386
-0.36095503	-0.46172553	0.12400911	-0.47193688	-0.95288324	-0.28074232	-0.41175807	-0.054441012	0.18182342	0.03514196
-0.85686463	-0.3538626	-0.14890864	-1.0148599	-1.0606494	-1.2697403	-1.533628	-0.52324414	-0.6338349	-0.38026068
-0.8802233	-0.97745824	-0.45560303	-0.8527028	-1.1277093	-2.117079	-1.9987317	-0.8723854	-2.6208265	0.7703692
-0.73099905	-1.0438355	-0.23155588	-0.769922	-0.70529735	-1.40315	-1.5061855	-1.2759353	-1.3997995	-0.009360007
-1.2944071	-2.0233788	-0.5192249	-1.411138	-3.4407463	-1.5421406	-1.6295674	-0.70385844	-1.2507796	-3.9412494
-1.3928388	-1.5854162	-0.87013566	-1.3701429	-1.125688	-1.6402532	-1.7070673	-0.95890427	-1.4649338	-1.8773229
0.93387145	2.023838	0.96796227	0.73314685	0.67702365	0.058065034	-0.12582874	-0.2627985	-0.78658277	-1.0474664
-0.8607035	-1.3398719	-0.42971513	-0.87365127	-0.08626267	-1.5612444	0.2005303	-0.16589089	-1.0447621	0.843485
-0.97422296	-1.0374781	-0.5804738	-0.84992	-0.4591165	-0.3765327	-0.5966261	-0.45467904	-0.4650953	0.75904506
-2.0849528	-1.8465841	-1.4352546	-1.9671837	-1.1662204	-2.2894206	-1.3498719	-0.65478766	-2.834773	-1.8335001
-1.0167122	-1.0265785	-0.56068325	-1.0949138	-1.5305495	-1.1508367	-1.0549757	-1.201157	-1.5544841	-2.4626386
0.052048914	-0.7004193	0.46293914	-0.16047661	-2.3227086	0.3616785	-0.6943755	0.8319236	0.23924407	-1.8154533
1.6782541	1.6401172	1.8532621	1.3242345	-1.5671448	1.2613494	0.98395216	0.87677455	0.37905163	-2.2563374
-0.49969792	-1.1088464	-0.05281946	-0.69758594	-2.8014758	-0.88453317	-1.4241583	-0.22531237	-0.75081515	-1.7511327
0.9212416	0.24010995	1.0134156	0.6267653	-0.9923972	0.94785225	2.2858038	1.895525	-0.4366991	-0.0766506
-1.1828123	-1.555419	-0.7457162	-1.1174644	0.4270369	-1.254147	-1.8403765	0.07574414	0.04316866	0.48158154
-0.8876927	-1.2298205	-0.51033294	-0.9060752	-1.6136423	-1.3990004	-1.992584	0.08831144	-1.3786136	-1.3605503
-0.29644138	-0.11332328	-0.0067917407	-0.4827538	-0.3815508	0.7019829	0.803212	0.35924312	0.29870254	0.2920683
-0.17319128	-1.0760604	0.14710507	-0.1825958	-0.25665662	-1.4188273	-2.1984541	-1.0404509	-2.252281	-2.3662837
-2.3793802	-2.1781836	-1.4710531	-2.2345347	-0.45843372	-2.6828399	-2.26954	-1.5339081	-2.4620502	-1.1863364
0.26159933	-0.4945432	0.7274765	0.08839403	-1.8971025	0.11082369	-0.6947708	0.70163196	-0.22375439	-1.9262141
-0.6876601	-1.1245828	-0.21285829	-0.7780751	-2.07913	-0.57538545	-1.3209907	-0.22320111	-0.46301275	-1.7445863
0.011700526	-0.46399903	0.44119978	-0.1945234	-2.0199528	-0.7923985	-1.1894519	0.23066492	-0.87832457	-2.3996024
-0.011533309	-0.6020584	0.356834	-0.17718942	-2.111585	-0.005742676	-0.40314624	0.4048608	0.3276548	-1.6517428
0.40576726	1.2493851	0.41701466	0.22699763	2.1319063	-0.7873741	-0.24066778	-0.69786954	-0.8032371	-0.4884624
-2.18337	-2.1421473	-1.3928994	-2.0427008	-1.2531992	-2.281615	-2.2896714	-0.86026967	-0.6528288	-0.80211544
1.6817037	0.25368628	1.8726057	1.4888017	-0.5169261	1.5954589	-0.24818318	1.6985788	1.1994774	-1.6106265
-2.3496985	-2.2946777	-1.5643791	-2.1993709	-1.7404826	-1.5103191	-0.9770424	-0.31756648	-1.4130425	-2.019314
-0.73682016	-1.1764684	-0.29025087	-0.8663325	-1.9251564	-1.6818727	-2.0170302	-0.9042093	-2.2505767	-2.6499207
-1.5975834	-1.7877654	-1.0575894	-1.5399376	-0.6027992	-1.2508185	-1.1565648	-0.8244451	-1.4058673	-0.8971703
-0.5801671	-0.9087869	-0.22192064	-0.67399293	-0.8450165	0.13024057	-0.2908115	-0.043973807	0.09205568	-0.37054718
-1.2706335	-1.2095969	-0.95726895	-1.264033	-0.8178297	-0.93163687	0.20161013	0.2974564	-1.6887945	-1.0206321
-1.8727348	-1.8685985	-1.3201001	-1.8418137	-1.1970785	-0.14472246	-0.76633805	-0.48080757	-0.6691662	-1.0995944
-1.199337	-1.2039037	-0.7261584	-1.2779894	-1.3914838	-1.5747981	-1.260338	-0.827963	-1.0582073	-1.15075
-2.195974	-2.1191728	-1.3835425	-2.0838444	-1.4557925	-2.1773057	-1.8934888	-1.0893654	-1.9502453	-1.0537012
1.745662	-0.5513489	1.5311489	1.4841639	-0.47689638	-0.75030214	-0.57649076	-0.76832575	-0.96329474	-0.5490101
-1.5638397	-2.0646486	-1.0331608	-1.4139696	-2.8007522	-0.99289817	-0.95370585	-1.1095669	-0.5477304	-3.9507098
-1.6517093	-1.7427657	-1.114702	-1.5992122	-0.20486006	-2.0454464	-1.2779994	-1.4397281	-1.0510621	-0.48446128
-1.8815919	-1.8025817	-1.3066107	-1.783724	-1.2378284	-2.31347	-2.297011	-1.6589705	-2.0448713	-0.236825
-1.805393	-1.9153597	-1.2458901	-1.757191	-0.63417405	-1.88089	-2.1230247	-1.274943	-0.5244411	-0.34372646
-1.4416898	-1.5414907	-0.94911695	-1.3973038	-1.0466882	-1.6694142	-2.2398832	-1.7046553	-1.4017555	-0.26355988
-0.7173142	-0.82860434	-0.5070505	-0.75821424	-1.497875	-0.40594578	-0.75340545	-0.84302384	-0.08989263	-1.1284591
-1.785639	-1.8669538	-1.2078183	-1.7451651	-1.7091798	-1.797565	-2.0661185	-1.0911349	-1.1334144	-1.5729588
1.9986418	2.287687	2.2238858	1.7112935	0.5006517	0.7243851	1.65028	1.4332112	0.93349856	0.7832507
-0.023003392	-0.91446567	0.77614343	-0.017322332	-0.33420092	-0.055232376	-1.9267435	1.1321429	-0.76584023	-3.0481727
-0.7152162	-0.9705788	-0.23839697	-0.69409454	0.92359614	-0.7272358	-1.1085849	-0.47475573	-0.58227146	0.19052173
-1.2442648	-1.5856458	-0.74762976	-1.2339628	-1.3328443	-1.2817743	-1.599352	-0.47868627	-1.1061904	-1.1828727
-0.8078429	-1.2971023	-0.29152635	-0.9121958	-1.7031659	-1.2269114	-2.0356247	-0.6873489	-1.5509692	-2.0640626
-1.5180435	-1.2868799	-0.9938884	-1.462805	-0.29195943	-2.0834954	-1.0660148	-0.830531	-3.2767751	-0.80180824
-1.9712511	-1.7981682	-1.6736337	-1.865809	-1.177282	-0.973642	-2.4095414	-0.8904681	-1.2677944	-2.4039505
-1.9450004	-2.1098661	-1.338776	-1.8292147	-1.2203624	-1.536279	-2.5971475	-1.485152	-1.9729913	1.2908098
-0.9275778	-1.4659661	-0.41445133	-1.0675371	-1.7713591	-1.2577509	-1.4901078	-0.5229429	-1.5262916	-0.41665846
0.39972636	0.28445068	0.5875746	0.259645	-1.7623273	-0.93917096	-1.5174252	-0.62632304	-1.538852	-2.2727575
0.5767947	-0.3215704	0.91756916	0.41638482	-1.43667	-0.20123622	-0.34423506	1.1747901	0.2540887	-1.2243725
-1.8263578	-1.800034	-1.1681556	-1.7137424	-0.2910597	-1.804518	-1.8048965	-1.2085761	-0.27161166	-0.59891313
-2.006838	-2.0303373	-1.3338423	-1.8976144	-1.5863124	-1.5933663	-2.1980886	-1.153874	-2.2081265	-1.7700619
-0.14570296	0.9553412	0.7822114	-0.2479917	-0.30770537	0.45986208	-0.070270084	1.2397001	-0.010396111	-0.45933327
-1.9714983	-2.1380346	-1.3346429	-1.8418632	-1.5736316	-1.7666833	-1.0166103	-1.5751656	-1.4402143	-1.7793987
0.6574271	0.5031221	1.1907018	0.472871	-0.7724811	1.0226271	0.8174383	1.5585634	1.597939	-0.21239652
-0.6192784	-1.3259939	-0.3811954	-0.672302	-1.8090641	-0.5787385	-1.2593642	-0.9002078	-0.60752755	-2.2556474
-2.2000859	-2.070676	-1.3821211	-2.1283967	-0.8547585	-2.4335496	-2.2439477	-1.8241397	-2.0854363	-0.7812159
-1.6193734	-1.7877243	-1.0101131	-1.5591888	-1.0862162	-2.0732996	-1.2171803	-0.8212773	-1.4221995	0.86431557
-2.2246811	-2.252044	-1.4395376	-2.1467469	-2.1380057	-1.6062341	-1.235541	-1.3017536	-0.21986574	-2.0773325
-0.32248837	0.07899073	-0.14258191	-0.39149672	-0.2649604	-0.12977076	-0.2791211	0.22445789	-0.27206674	-0.39828452
-1.5743041	-1.8086696	-1.0734105	-1.5396465	-0.94863236	-1.6165531	-1.4893358	-1.3667599	-1.0251768	-1.9623734
-0.6616465	-1.1480634	-0.23193574	-0.7292336	-1.6269672	-1.0536343	-1.8802943	-0.34779724	-1.0032674	-0.91463214
-0.77304846	-1.2985009	-0.3392999	-0.7681086	-0.88293195	-0.41785818	0.7249671	0.2410448	-0.86965847	-1.1397831
-0.5255163	-1.0251433	-0.12157658	-0.69445	-2.2126577	-1.0034597	-1.2369595	-0.50822127	0.54537904	-1.8085835
0.2893766	-0.21273376	0.6672684	0.06125489	-1.3434525	-0.32464185	-0.44717005	0.48820433	-0.38379806	-2.0057273
-1.180439	-2.0642505	-0.6288372	-1.1291811	-1.2117347	-1.8620162	-2.2245767	-1.3153597	-1.6566647	-1.6069229
0.30246553	-0.2600085	0.78905237	0.16991492	-1.9628098	0.6012844	0.15980683	0.73411626	-0.030862156	-1.8849583
-0.05693472	0.8041979	0.13658744	-0.25511163	0.8254037	0.41813192	0.44909126	0.77237624	0.5282204	0.45502222
-0.7918848	-0.24505886	-0.5181439	-0.881321	-0.81825876	-2.2894204	-0.93758184	-2.13764	-2.3455443	-0.74054545
-0.6831757	-1.1786897	-0.3411053	-0.71151197	-1.7138561	-0.44761363	-0.9823443	-0.9940264	-0.6679811	-1.6743186
-1.4230977	-1.4441956	-0.91869843	-1.4131151	-0.32749715	-1.7388572	-1.6668134	-1.1300365	-2.0230508	-1.406023
-1.514911	-1.2267976	-1.0819116	-1.479697	-0.43546522	-1.1489667	-0.90932655	-0.69981164	-1.5681938	-1.5139574
-1.9637164	-2.0094264	-1.3081275	-1.9133885	-2.0975182	-1.5502697	-1.4994255	-1.2353352	-1.7488347	-1.8409115
-1.0245123	-1.397003	-0.5576283	-0.91779214	-1.578546	-0.91874534	-1.378531	-0.49607068	-0.24268807	-1.7715803
-1.6352952	-1.9362234	-1.1832381	-1.556832	-0.8753916	-1.4415131	-1.829185	-1.1178215	-2.0119762	0.06565765
-0.94412386	-0.7509848	-0.611827	-1.0060945	-0.4122125	-1.7271976	-0.9864194	-0.79843074	-1.9185606	-0.64577967
-1.3169876	-1.6162357	-0.85496867	-1.1612643	-0.8236029	-1.8616484	-1.3352393	-1.0387304	-1.4537632	-1.1424356
-2.1175518	-2.17372	-1.4621772	-2.0731924	-1.4971945	-2.0738275	-2.231184	-1.4401516	-2.1565313	0.64785796
-2.27047	-2.5008922	-1.3505096	-2.303449	-2.3610983	-2.5075712	-3.3360443	-1.9947298	-2.1691945	-2.113037
-0.9656145	-1.2286196	-0.5931972	-0.9292783	-0.8730483	0.006130197	-0.7449248	-0.06352924	-0.09986787	-1.0121968
-0.44860956	-1.0414122	-0.039555937	-0.5401833	1.8455895	0.47535276	-0.5147576	0.72851986	0.7197899	1.3676642
-1.9894953	-2.1239088	-1.3476677	-1.9338026	-0.3781297	-2.3560429	-2.6991987	-1.7059361	-2.56237	-0.42805946
-0.16429117	-0.055819154	0.31463477	-0.30248487	-1.3375254	-0.49943146	0.75013435	0.33589986	-1.2305697	-1.7618021
-2.5109973	-2.2308743	-1.700529	-2.3820713	-1.1299608	-2.1388514	-2.3660638	-1.7703594	-2.4058154	-1.413452
-1.1987939	-1.0387166	-0.9023129	-1.2163641	-1.7923261	0.72501546	-0.9343796	-0.35357067	1.3495295	-1.0167581
0.3424448	-0.87741494	0.64365983	0.23810814	-1.3374197	-0.25837436	-1.4780887	-0.44867662	0.016355244	-0.99841905
-1.4364278	-1.5220865	-0.99949074	-1.4487536	-1.1225488	-0.5798766	-0.58320594	-0.29826722	-0.8464763	-1.172902
0.8136694	-0.5765455	1.2469842	0.5712124	-2.1981094	-0.294065	-1.509442	0.8060447	-0.5114872	-2.6652138
-2.6914613	-2.536473	-1.7149774	-2.4986274	-2.0673347	-2.5612922	-1.3196951	-1.6616987	-1.8213795	-2.0099447
-1.9677334	-2.067605	-1.207639	-1.8284376	-0.60897636	-1.6338236	-0.4361745	-1.2752286	-2.0272207	-2.0465455
3.2231066	3.1029937	2.793468	2.8163953	0.7687715	4.8965545	3.0311882	5.016963	4.3384233	1.1607463
-0.57608676	-0.78221714	-0.18591765	-0.65212107	-0.87705076	-0.6815769	-0.928212	-0.6653636	-0.61580276	-1.9081391
-1.116641	-1.3136119	-0.57452655	-1.0778639	-1.230049	-0.20872311	-0.5834634	0.18844403	-0.038964868	-1.0942755
-0.47419226	-1.0266436	-0.094421506	-0.6352418	-2.15415	-1.5470418	-1.7108432	-1.3250594	-1.5089943	-1.7472546
-0.5127	-0.6814772	-0.039531082	-0.6865585	-1.7177011	-0.8161627	-1.4869488	-0.7739724	-0.6855293	-1.028075
-0.13954377	-0.90983427	0.3829986	-0.22619916	-2.243103	0.34761128	0.030208949	-0.44919434	-0.25578043	-2.931389
-1.1422442	-0.9566798	-0.67883575	-1.0856774	-0.122476965	-0.7472745	-1.480057	-0.4283571	-0.74272645	0.3259604
-1.4846562	-1.5863862	-0.99068403	-1.3292477	1.0355803	-1.0332303	-0.76015115	-0.4893394	-1.2198658	2.6998966
-1.586151	-1.7529862	-1.0531033	-1.5137584	-1.039252	-1.0542161	-1.7179416	-1.2100272	-1.1514003	-2.308001
-0.35551777	-0.9179728	0.10134831	-0.52863204	-2.4492311	0.031121789	-0.7506982	0.5645459	0.18473691	-2.4374914
0.14898193	-0.77158916	0.6410346	0.029993147	-2.284013	0.49103636	-1.312546	1.0082756	0.72375417	-2.1342976
0.17857572	-0.6241305	0.62407553	0.033816323	-2.1543345	-0.43801233	-1.3261489	0.37690264	-0.47816768	-3.0949888
-1.9438465	-2.0769343	-1.2710369	-1.8056982	0.17442933	-2.3767722	-2.3519483	-1.5774591	-2.4395897	0.52263236
-1.0750452	-1.3688549	-0.63293445	-0.9982058	-1.0109081	-0.71947885	1.2666757	-0.27592427	-1.8048283	1.7251399
-0.8341036	-1.150207	-0.33892772	-0.8372023	-0.5322331	-0.9288955	-1.3682224	0.11334013	-0.6103844	-0.7588137
-1.808503	-1.8596622	-1.2325673	-1.7386438	-1.3922759	-2.27082	-2.1655939	-1.5375863	-1.6636238	-1.3336371
-0.2749534	-0.067287	0.089595765	-0.43261737	-1.1203938	-0.21253261	0.37345985	0.33371803	-0.60930645	-0.64010245
-1.7283112	-1.9462668	-1.2072732	-1.6281055	-1.958953	-1.8270557	-2.1981864	-1.4961636	-2.311878	0.08664943
-0.7301788	-1.1794605	-0.2762123	-0.84265566	-1.3326756	-0.12891902	-0.14893149	-0.21317948	-1.1493857	-1.6505965
-1.6590614	-1.7297606	-1.084009	-1.6419774	-1.564294	-2.2488856	-2.0561085	-1.8260627	-1.7817277	-0.99289477
-1.2429584	-1.4778702	-0.7258289	-1.2304853	-1.4698606	-1.3677204	-1.5938228	-0.6269873	-0.62991405	-1.2087417
-1.0987543	-1.1650413	-0.58237565	-1.1130753	-1.2686514	-0.940457	-1.3337592	-0.7777766	-0.9422664	-0.8642732
0.4943628	-0.40454948	0.9969394	0.3196628	-1.7435299	0.1806116	-0.68098694	0.61558926	-0.28291485	-1.723153
-0.12682065	0.2580199	-0.10236561	-0.24679907	-0.51178604	-0.9893167	-0.40568516	-1.7249072	-2.1631823	-0.88040507
-2.138749	-2.2956293	-1.4788918	-2.0543556	-1.6774255	-1.9204489	-1.5937995	-2.0447	-3.0406518	-1.0444113
-0.0541583	-0.6828654	0.425322	-0.21238057	-2.5064995	0.1256011	-1.3352027	0.6134024	-0.47576857	-3.353495
-1.8187459	-1.9558371	-1.270539	-1.7994635	-1.5675286	-2.2775774	-2.1238616	-1.539626	-2.5337489	-1.1758851
-1.8138124	-1.8382006	-1.2290603	-1.7806716	-1.6622068	-1.75774	-1.6844422	-1.5771711	-1.401125	-1.7793698
-0.96376264	-1.3094466	-0.49468455	-1.0773023	-1.11618	-1.9672632	-1.3837694	-1.449784	-1.4669014	-1.6774203
-1.311361	-1.5695678	-0.834435	-1.3676345	-0.91273916	-1.2966309	-1.3462852	-1.0981135	-1.3210326	-0.77601725
0.6586029	1.4367263	1.025973	0.39797026	-0.6505939	-0.73097134	0.1032647	-0.009185911	-1.7650484	-0.7650068
0.62052023	-0.10254958	0.9690242	0.43624115	-1.2744597	0.6512898	-0.79427004	0.49875906	0.54516816	-0.7739555
-0.49653533	-0.6885524	-0.15705135	-0.5329048	-0.061115205	0.04707873	-0.21734837	0.07861619	-0.15993668	0.007697735
-1.5628885	-1.770328	-0.85365224	-1.5949392	-1.8696063	-1.6572	-2.511663	-1.8728204	-2.034636	-2.1339788
-2.139234	-1.9544635	-1.1896732	-1.9837906	0.9454353	-2.085046	-2.1361547	-1.4363626	-2.4131012	0.96068203
-1.7958895	-1.8166248	-1.1697826	-1.6639256	-1.1813723	-1.744318	-2.0837536	-0.9894002	-1.5849488	-1.1580024
-0.26838753	-0.7630346	0.21173574	-0.4208649	-2.0911975	-0.5053364	-1.2676016	-0.00935544	-0.9608022	-1.4450872
-1.0168837	-1.2651324	-0.3038194	-0.9367781	0.3174028	-0.9367884	-1.5754398	1.0286031	-0.8621878	1.0740414
-1.9664499	-1.7652451	-1.3627373	-1.9427745	-1.2757096	-1.8965092	-2.4653773	-1.8983389	-2.270303	-1.4878796
-1.871765	-2.1563826	-1.3134681	-1.6986747	-1.6258203	-1.6276181	-2.4088247	-1.9342269	-1.0095675	-0.8178955
-1.5264217	-1.9462461	-0.96479356	-1.4534887	-1.392192	-1.6935478	-0.9612108	0.6927039	-1.1458652	-1.2035631
-1.1979512	-1.4010913	-0.7456331	-1.1726265	-0.9562465	-1.107106	-1.5028108	-0.6528362	-1.5030004	-1.1880943
-1.9992273	-2.1021519	-1.3151675	-1.9475751	-0.6231268	-1.7623415	-1.5349894	-1.857509	-1.4829001	-0.693863
-1.7584335	-1.9338164	-1.1892254	-1.6536242	-1.2575692	-1.7675006	-1.3960855	-0.56648517	-0.83447427	-1.7722206
0.8798839	-0.084146336	1.1292921	0.5864952	-1.9706815	1.2745924	-0.066652544	1.2428362	0.6556123	-1.6221161
-0.1202252	0.06451759	-0.14033982	-0.2628858	-1.4025365	0.45635316	-0.8269164	-0.7724214	0.89510596	-2.1153202
1.9808861	0.7991724	1.8613974	1.6791438	-0.6429132	2.661247	0.11049131	3.0177462	2.9855585	-0.94509214
-1.766174	-1.8396698	-1.1491575	-1.7164423	-0.3245487	-2.306117	-3.43516	-1.6714814	-2.364495	-0.198192
-2.2464552	-2.3176875	-1.3218422	-2.1866672	-1.2834314	-2.2845101	-2.7357194	-1.4437191	-1.2401571	-0.69755954
-0.859665	-1.6889431	-0.57198536	-0.7473595	-2.04936	-1.5119938	-1.9476098	-0.79430634	-1.7563311	-1.779558
-0.20166409	-0.55441535	0.3992642	-0.29011077	-1.3432273	0.038297877	-0.64502305	-0.50679404	-0.957273	-2.0517743
-0.17755565	-0.6680027	-0.05064556	-0.19261707	-0.6350274	-2.0400517	-1.6598067	-1.2853168	-1.5434046	-1.7273375
-0.9524481	-0.8797538	-0.5890826	-0.9124865	-0.085629374	-2.3962355	-1.3133951	-2.0805728	-2.2095327	0.97497
-2.5703244	-2.2903328	-1.6812205	-2.4685123	-0.83288217	-2.7712374	-1.9612117	-2.0528183	-2.0737648	1.6293954
0.30103827	-0.2897686	0.6729044	0.09424846	-0.8893026	-0.36273497	-1.2042422	-1.1356335	-1.0418358	-1.9351214
-0.55486685	-1.4096411	-0.3258491	-0.624307	-0.9425627	-0.50711226	-1.2521268	-0.49352315	-0.89428574	-0.676831
-1.8582953	-1.7170362	-1.2152106	-1.8285137	-1.3314857	-2.2571383	-2.8153048	-1.94263	-3.1420972	-2.2950227
-1.6340042	-2.0288987	-0.9869312	-1.5915773	-2.2693932	-1.405483	-1.7504692	-0.5474853	-1.5510097	-1.3908774
-1.9935437	-1.8786529	-1.3426617	-1.9084969	-0.56920815	-2.1146739	-1.6176804	-1.2019027	-2.0386674	-0.9782724
0.00026433915	-0.45840317	0.4960771	-0.11723058	-1.2334871	-0.8670954	-0.7765403	-0.7635706	-0.98199666	-1.3109485
-1.9582391	-2.084326	-1.4094622	-1.9183533	-0.823668	-1.8918277	-1.5238124	-1.4777681	-2.1707585	-0.15852237
-1.7675468	-1.7596998	-1.1397262	-1.6800936	0.21812639	-2.1316078	-2.3223207	-1.6085944	-2.8369887	0.22789767
-2.3448179	-2.2799175	-1.5082263	-2.2296028	-0.9556447	-2.6907227	-3.3217351	-1.2905132	-2.7726307	-1.2316297
-1.5988204	-1.7743676	-1.0646325	-1.6069736	-1.9919386	-1.7497241	-1.976931	-1.2092037	-1.7028457	-1.5547296
-1.3323545	-1.8088841	-0.8789637	-1.315738	-1.6950561	-1.370891	-2.543785	-1.11539	-1.5396745	-1.3680922
-2.0828104	-2.1206398	-1.3502084	-1.8878874	-0.80974793	-1.6407672	-1.8752675	-1.5891367	-2.9415367	1.6950037
-1.7287147	-1.8154024	-1.1438265	-1.6886386	-1.367927	-1.6403214	-2.3743157	-0.8449887	-1.5177883	-1.9861977
-2.3964703	-2.346736	-1.51183	-2.2462673	-2.5710993	-2.6947026	-2.9298444	-1.641283	-2.7770963	-3.1116145
0.030182518	-0.7218745	0.36295807	-0.15201615	-0.89126194	-0.42643252	-0.8456263	0.078471966	-0.6124316	-0.80267745
-1.6804245	-1.8389643	-1.0266767	-1.6433152	-0.79937553	-1.0234512	-0.9233163	-0.87129676	-0.5180425	-0.67826515
-2.0740972	-2.0358102	-1.3625829	-1.9919728	-1.0481365	-0.95362514	-1.9526628	-0.18889366	-1.3522894	-1.2903795
-0.44025686	0.1421409	-0.085843444	-0.5308666	0.77741504	0.29821965	1.5100042	0.5507331	0.17100169	2.6587965
-1.484789	-1.6994318	-0.8384136	-1.5540985	-1.1174644	-0.9730218	-1.8603939	-0.907412	-1.1293005	-0.9427982
1.1138455	-0.2882653	1.129193	1.0123202	-1.611677	1.8902398	-0.56204736	1.6210773	1.9153718	-2.059051
-1.8555716	-1.968605	-1.2623934	-1.8329389	-0.7117377	-1.7020222	-0.86046225	-0.45849437	-1.385181	-1.0521439
-1.8426813	-1.8768636	-1.211743	-1.7702942	0.19535479	-1.4749429	-2.301611	-1.413225	-1.7794925	-0.6493913
-1.918383	-1.9351473	-1.2187953	-1.7714365	-0.9318001	-1.2160692	-2.0800002	-1.239743	-1.6399963	-1.3010972
-0.3589517	0.025615156	-0.028869867	-0.4824708	-0.46763656	0.5415798	0.45212755	0.6818804	0.6380606	0.44311804
-0.9426672	-1.2732188	-0.57282937	-0.96977305	-0.8174424	-1.2167449	-1.7093157	-1.2979922	-0.69941235	-0.94633603
-2.1971061	-2.2457104	-1.4368467	-2.0516894	-1.4564711	-2.7176325	-2.2510324	-2.2038665	-1.7425547	-1.6321176
-2.4221714	-2.2619123	-1.4738034	-2.261716	-1.194658	-1.8735327	-2.0553162	-1.20018	-2.0277884	-0.58182037
0.29782066	-0.565058	0.7170769	0.12498392	-1.9137739	-0.03707325	-1.0692874	0.4982207	-0.5694772	-2.2851238
-1.9163237	-2.1859608	-1.4453202	-1.8641027	-1.0680279	-1.8761038	-2.1539342	-2.6363063	-1.7960123	-1.29901
-2.0369608	-2.1581104	-1.296762	-1.8828942	-1.3109844	-1.9088264	-2.5019433	-1.2917345	-2.0092251	-0.9906485
-0.85375434	-0.62290466	-0.42996034	-0.89188653	0.26587537	-1.6579369	-1.378987	-0.7871288	-1.3997287	-1.7734987
-2.0538933	-2.1160731	-1.3442076	-2.0220125	-1.7130558	-2.3027072	-2.270974	-1.3132982	-2.0837634	-2.0973568
-1.6427714	-1.8975126	-0.98726165	-1.6082383	-1.6033057	-1.9723794	-2.0896313	-1.5173179	-1.7946404	-3.2828164
-1.0390925	-1.0594739	-0.56466854	-1.1399765	-1.247338	-0.19932091	0.86627513	0.88458794	-0.5783192	-0.804863
0.9193179	0.596316	0.9250549	0.691439	0.095431715	3.449293	0.0058294125	2.4977438	2.7627385	-1.092026
0.060083322	0.8071568	0.14996344	-0.111151055	0.3883697	-0.68583846	-1.1586735	-0.1016399	-0.23941807	-0.4986786
-0.71163046	-1.1140081	-0.37064818	-0.72733855	-0.7664591	0.15015717	-0.8922231	0.4595417	0.12430404	0.34563324
1.1491761	0.8398856	1.640915	1.0837116	-0.3974638	0.83710814	0.8673701	1.7189296	1.6027074	-1.3043464
-1.0917737	-1.4410024	-0.4917567	-1.2060083	-2.447992	-1.7599202	-2.3277886	-1.7711649	-3.2402844	-2.0350168
2.1605575	1.5868956	2.5038664	1.8233984	-0.9357699	0.4182677	0.74730307	1.347535	0.57125384	-0.085414715
-1.6509272	-2.1509914	-1.0512004	-1.5548608	-1.5319318	-1.0735334	-0.26125214	-0.7607734	-1.1666087	1.3038204
-1.8951904	-2.1147962	-1.2280004	-1.9217889	-2.3844068	-1.0889612	-1.43476	-0.8343437	-0.84808403	-1.2733238
-1.9734375	-2.1866474	-1.4198878	-1.899877	-2.4044416	-1.5643904	-1.9093735	-1.1110897	-1.9023359	-1.7612956
-2.6418056	-2.3842814	-1.6086345	-2.4967196	0.14054671	-2.507407	-3.067624	-1.4872928	-3.2800426	1.3282937
-1.3617179	-1.6954396	-0.8300445	-1.352119	-1.433028	-1.836341	-1.6823074	-1.0063744	-1.9615443	-2.4419112
-1.7797757	-1.906113	-1.1912036	-1.7060442	-1.3794886	-1.4651209	-2.0467737	-0.9680396	-1.4347687	-1.8456783
0.7157435	0.11837223	1.1910056	0.59236974	-1.2875577	-0.40202248	-1.0877733	-0.11093377	-0.30482984	-2.1991394
-0.8480977	-1.5382012	-0.2801511	-0.9705157	-2.080382	-1.6413565	-1.6658971	-0.6368366	-1.459103	-2.067578
-0.6922871	-1.1362247	-0.29591653	-0.71412003	-0.519037	-0.7210149	-1.2324336	0.34210256	-0.5956759	-0.1969103
-2.4328046	-2.6302114	-1.5827892	-2.3403509	-1.7196137	-2.7432966	-2.4691627	-1.7155323	-1.5606165	-1.1416005
-0.62443644	-1.1793996	-0.23108065	-0.63858265	-1.2175666	-0.96791655	-1.5839871	-0.69376844	-1.0182359	-1.578915
-0.29736236	-0.48749924	0.64335346	-0.41610324	1.7283431	-0.27779388	-1.1762217	1.0955796	-0.78419125	3.837372
-1.4186865	-0.1914731	-0.9073241	-1.5308232	0.87787735	-1.7539043	-0.76302177	-0.85833097	-2.1862872	-0.366464
-1.7611666	-1.8274552	-1.1085972	-1.6422833	-1.0395347	-1.7241634	-2.5826507	-0.7855381	-1.8726223	-0.5250349
-1.8350402	-2.0188591	-1.2078009	-1.7805151	-1.7905654	-1.565055	-2.4195993	-1.4377007	-0.84256697	-1.8759029
-1.2950577	-1.543127	-0.66635835	-1.2175972	1.7696651	-1.2865604	-2.3977003	0.5414319	-1.3077965	2.7335906
-2.5213199	-2.6026936	-1.6704543	-2.439194	-1.29416	-2.2753744	-2.8816128	-0.98966056	-2.3846815	-1.8831103
-1.3632432	-1.6016583	-0.8801702	-1.2591814	0.08258474	-1.5535545	-0.77265155	0.32818687	-1.431336	0.08857566
0.48168406	-0.5338234	0.80085826	0.32181853	1.8589305	1.2556474	0.46069887	0.8980769	1.1439981	1.79849
0.6120032	0.07930988	1.0932169	0.46059966	-2.1498187	2.7503612	1.2025642	2.909887	2.7629402	-1.977128
-1.4944416	-1.6413666	-0.92838156	-1.3912044	-0.43398228	-1.0568585	-1.5255138	-1.4662225	-1.5105854	0.6342816
0.015192829	-0.48177546	0.50217247	-0.08956235	-1.1777871	-0.04896825	-0.94297266	0.11481528	0.42536685	-2.0343966
-1.4640417	-1.7129633	-0.894016	-1.4054029	-0.71609855	-1.6952738	-2.5745552	-0.8932957	-1.8538268	-0.2811722
-0.19600299	-0.41217035	0.33176756	-0.36969137	-2.0369277	-0.5189978	-0.60371214	0.016703565	-0.62628233	-2.663315
-0.78273594	-1.352694	-0.44126078	-0.7317052	-1.3631262	-0.99679554	-2.3836641	-0.76385885	-1.348751	-1.2659899
-1.4408882	-1.5797706	-0.7341856	-1.5304301	-1.3094878	-0.71124226	-1.0324482	-0.1272851	-1.1045388	-2.1220553
-1.5570183	-1.6779071	-0.9639267	-1.5859629	-1.9181573	-0.3094158	-0.6143936	-0.18843655	-0.04765679	-1.3971375
-1.1052052	-1.3220807	-0.67635584	-1.1853002	-0.234732	-1.8111552	-2.73264	-0.89651823	-0.7586272	0.540405
-1.0140378	-1.0873461	-0.6794728	-1.055096	-1.9512355	-1.2355831	-1.1845648	-0.41974112	-1.3460944	-2.1782727
-1.6675302	-1.8413862	-1.1869259	-1.6496634	-1.0475636	-0.5833504	-1.6341377	-0.4903807	-0.06304139	-0.59417415
-1.3997031	-1.2174653	-1.0225844	-1.2730973	1.2833663	-1.8752587	-1.1038909	-1.2057593	-2.0058732	3.4813592
-2.1973097	-1.8301221	-1.4737	-2.1716306	0.12863609	-2.8093085	-2.7079463	-0.96130013	-2.9203055	0.2199195
-1.5668732	-1.7854003	-1.078418	-1.516309	-1.7665695	-1.8666906	-2.300666	-1.2448654	-1.5927837	-2.2257922
-0.16546227	-0.491175	0.20458136	-0.38071644	-1.6040561	-1.207607	-1.6026014	-0.5026391	-1.7634648	-0.67637306
0.2479895	-0.43530262	0.71835935	0.19991602	-0.4598284	0.37926832	-0.9395666	0.6083116	0.13821751	-0.477219
-2.3349648	-2.177166	-1.5848603	-2.2037845	-0.68271697	-1.9341383	-2.4100296	-1.5087458	-2.2667549	-1.003667
-2.515684	-2.333573	-1.5338478	-2.3683982	-0.061638087	-2.2374966	-2.232356	-1.3996553	-2.2603686	0.013203114
-1.2654526	-2.0117073	-0.9192467	-1.2563374	-0.92199576	-2.3634748	-2.319831	-1.5604762	-1.9773201	-1.880546
-0.93815285	-1.228112	-0.515079	-0.9588627	0.15488955	-0.61527514	-0.5781984	-0.5886878	-0.6051745	1.1924025
-1.355212	-1.5836047	-0.92748284	-1.2804407	0.15654716	-1.2152158	-1.4547912	-0.773797	-0.5456549	1.3822917
-1.8638889	-2.0684853	-1.2679374	-1.8319436	-1.9951864	-2.4676208	-1.543858	-1.4080298	-2.3297837	-1.4268376
0.764801	-0.25364593	0.8505745	0.58311856	-0.9813943	2.6150966	0.06582756	3.6995196	2.3628776	-1.3039572
-1.3750323	-1.4331459	-1.1168394	-1.3133754	-0.70531404	-2.1301386	-2.327761	-1.485992	0.010759898	-1.8906487
-2.1565921	-2.2327921	-1.4270253	-2.0281813	-0.88448477	-1.6019437	-1.917804	-1.7391517	-2.22827	-1.3826439
0.44538507	-0.37151366	0.93046975	0.2602446	-2.2156782	0.33767036	-0.9958074	0.9566825	0.23719604	-2.751702
-1.3347268	-1.2374877	-0.94210637	-1.261915	-0.4815392	-2.0446134	-1.5250177	-1.1744163	-1.8806685	0.44733214
-0.3579279	0.19740081	0.19679254	-0.45836192	-0.45522416	-1.004071	-0.16323513	0.9853421	0.48879498	0.56808543
1.0616691	0.43211517	1.3844932	0.81019443	-1.3186169	0.4485906	-0.5631834	0.574132	0.40607223	-1.3542337
-1.9486713	-2.017486	-1.2308372	-1.8113903	-0.12441954	-1.420482	-1.614762	-1.1943312	-1.8965986	-0.6554078
-1.9477166	-2.0126433	-1.1583552	-1.9049549	-1.0534829	-2.0472987	-2.8985853	-1.5076894	-2.479608	-0.7451582
-0.9864584	-1.2994938	-0.55300486	-1.0430707	-0.45416743	-1.4573689	-1.827035	-1.366183	-1.9253678	-0.39273247
-1.1330091	-1.3731142	-0.672529	-1.2012067	-1.527291	-0.7220614	-0.86552	0.1578992	-1.0045172	-0.87063056
0.45800892	-0.5468901	0.61304486	0.38190317	-0.16346075	-1.8951381	-1.9074845	-1.6699046	-1.4966545	-0.80428934
-0.36981702	0.13704476	0.117008254	-0.46483976	-0.50224394	0.48610336	-0.3993005	0.16084543	0.0034774418	-0.75832987
-1.6944889	-1.8350258	-1.1524065	-1.6251167	-0.99860656	-1.4098263	-1.4257748	-1.0738109	-0.9000088	-0.6809957
-0.8856788	-1.1729759	-0.38599852	-0.8581034	-0.32220894	-0.6080904	-0.90802145	-0.40173632	-0.80124146	0.48593318
-2.004559	-1.9388376	-1.2832178	-1.931263	-1.5774962	-1.8502177	-1.878704	-1.2449906	-1.6454104	-1.3788887
-1.0906343	-0.6794853	-0.9366573	-1.1011676	-0.019086868	-0.36444193	-0.9100533	-0.7853895	-0.84149575	-1.1023347
-1.5372791	-1.8049201	-1.0208036	-1.4519913	-1.6049523	-1.5638262	-1.7647365	-1.2579699	-1.8032384	-1.902766
-1.2411633	-1.5626546	-0.7674067	-1.2308087	-1.3149779	-0.8791727	-1.8437089	-0.42805976	-0.7064003	-1.0975384
-0.25854802	-1.212316	0.37723416	-0.32364804	-2.4793625	0.47255024	-0.3728356	1.3471842	0.52865857	-2.700634
-1.6371267	-1.6349075	-1.159022	-1.5618606	-0.8588213	-2.6154258	-1.8181806	-1.7625997	-3.1848161	-1.4967226
0.18892601	-0.7241472	0.616451	0.019700304	-2.6447647	-0.15503423	-1.3713255	0.10831171	-0.4506973	-3.7159405
-1.7500271	-1.9081092	-1.1276026	-1.6320136	-1.6696734	-1.3445076	-0.6998526	0.20418102	-0.9900475	-0.39048925
-0.7491266	-1.2680824	-0.4933525	-0.6983672	-1.48373	-1.4114898	-1.8528461	-1.191443	-1.273191	-0.8583107
-1.537912	-1.5736413	-0.7859565	-1.4728014	0.22709057	-1.642161	-1.6421678	-0.70504427	-1.7215806	0.5634869
-0.5771988	-0.97643816	-0.5155839	-0.6215674	-0.6062575	-0.9339836	-1.6928022	-0.58757406	-1.4073842	-1.5908853
-0.24011001	-0.85916114	0.24481523	-0.4274375	-2.5042257	-0.0013730081	-0.30549705	0.79685473	0.12516288	-1.7518234
-0.72613865	-0.17660925	-0.4444928	-0.76155245	0.27798602	-0.34947407	-0.47417375	-0.31473863	-0.39157358	0.04404462
-1.6687126	-1.8551922	-1.1223124	-1.607713	-2.1708739	-1.3298978	-1.0318851	-1.5719923	-0.7988356	-1.822605
-1.5175132	-1.4579711	-0.96066093	-1.3343577	0.41932568	-1.4779034	-1.7316993	-1.3340663	-1.4426234	0.815524
-1.1059351	-1.2879269	-0.42762235	-1.0804381	-1.068219	-2.7375002	-2.2916422	-1.8762388	-1.7052926	-1.3168926
-1.4106431	-1.8852494	-0.7951697	-1.4431304	-2.4372554	-0.6602779	-1.6327033	-1.0415958	-0.35585982	-2.2504365
-2.5070071	-1.91205	-1.7548087	-2.2810197	0.071840316	-1.2342165	-1.484764	-1.0784767	-0.6502604	0.4156927
-2.3881614	-2.03146	-1.449125	-2.3197193	0.47247133	-3.0739923	-2.237124	-1.7711592	-2.863477	0.01934442
-0.970434	-1.3612516	-0.5499624	-0.9124097	0.5408453	-0.7252665	-1.7767639	-1.0183545	-1.0469469	-0.62002677
-2.6008408	-2.3203948	-1.6095288	-2.443663	-0.2838612	-2.0962226	-2.2711267	-1.5863054	-2.2840323	0.098697
-2.0133858	-1.9414835	-1.2698581	-1.9631408	-0.7850479	-2.3257108	-2.0411246	-1.6157322	-2.311367	0.20162389
-2.4313235	-2.4891806	-1.5878255	-2.3581045	-2.9438167	-2.0201006	-2.1969266	-1.3575951	-2.00324	-2.642414
0.6140349	0.68159986	1.0259376	0.44593066	0.15129533	-0.1922379	-0.12410178	0.6743668	-0.22318482	-0.7875234
1.8257793	1.3789884	1.988213	1.5354621	-0.59077656	1.0312958	1.9772059	1.1095486	0.70133567	-0.77425545
-0.68643683	3.759249	-0.016953737	-1.0725391	2.0475166	0.008294602	2.9603343	-0.22031647	-0.6533112	-0.083748184
-1.1303856	-1.3494622	-0.69055116	-1.1342217	-1.2429858	-1.3202664	-1.693834	-0.90375787	-1.0650831	-0.99604404
-0.40595734	-0.9064981	-0.022435218	-0.55022323	-1.8336716	-0.28884637	-1.2800677	0.22959793	-0.7939662	-1.3046312
-1.2545744	-1.4017684	-0.783422	-1.1676183	-0.3375094	-1.0927767	-0.5453687	0.016416634	-1.7214442	-0.6100758
-1.740831	-1.8745384	-1.1331735	-1.6822823	-1.1273456	-1.5547543	-1.7304194	-1.7438018	-2.5566854	-2.5291927
-1.6960291	-1.8408488	-1.1009855	-1.685917	-0.7376246	-2.0440047	-1.4736024	-1.3853271	-0.55708206	-0.5670619
-1.0972853	-1.2811388	-0.6562457	-1.0925771	-0.11102936	-1.1693345	-0.39298064	-0.728159	-1.7655984	-0.5903654
-2.007884	-2.086012	-1.3959502	-1.9289421	-1.9994737	-1.9381161	-2.702854	-2.045726	-2.2082527	-1.153048
-1.3277214	-1.6084412	-0.85743463	-1.2431464	-1.0504299	-1.6563154	-2.10934	-0.8218772	-1.368205	-0.7830519
-0.4707872	-1.0217195	-0.06705424	-0.64604974	-1.7908567	-1.1421864	-0.61998165	-1.2629485	-0.9260534	-1.7107271
-0.11755616	0.15196174	0.48388636	-0.21209039	-0.0052065253	0.90965354	1.5225437	1.8695228	0.8009138	-0.48871502
-0.34864447	-0.7915448	0.07127388	-0.36583275	-0.07148218	0.055996478	0.04831295	0.8104364	-0.18127136	0.042960804
-2.1703322	-2.1667216	-1.3863822	-2.1343498	-1.331839	-2.1781404	-2.7630363	-1.8685895	-2.44578	-2.2568903
-1.1136098	0.06605992	-0.94994295	-1.0834363	2.2923012	-1.543875	0.48928088	-0.9173492	-0.9330091	2.8233619
-2.2477434	-2.371207	-1.5861522	-2.1037958	-2.6089172	-1.9003503	-3.4633307	-0.79337806	-3.618958	-1.6174229
-1.2011975	-1.9125444	-0.7647717	-1.085426	-1.1175679	1.3319607	-0.91144294	1.0868529	2.134956	-1.6468136
-2.1271982	-2.0736644	-1.3284752	-2.013094	-1.3456478	-2.5973864	-2.7247458	-2.5159507	-1.4829001	-0.8458719
-0.45879003	0.3471801	-0.0027265847	-0.70694214	-0.6174711	-0.088180885	2.50822	-0.16110751	-0.45155555	-0.16991952
-1.6732211	-1.7071676	-1.1110238	-1.6154435	0.058072805	-1.7589321	-1.8556672	-0.8893776	-2.005358	1.4804149
0.3746487	-0.024371803	0.60169566	0.34465116	-0.5322542	0.20614246	0.1589464	0.13949825	-0.28928116	-0.30871502
-0.29763618	-0.52360857	-0.12356681	-0.32206887	-0.57046056	0.7517522	-0.40220547	0.55907226	-0.0062567783	-0.8667791
-1.2553934	-1.6971241	-0.66455495	-1.2497146	-1.1692283	-0.9586032	-1.80772	-0.991937	-1.178364	-0.92791873
-0.6849656	-1.0108795	-0.31303975	-0.79874694	-1.9649969	-0.93941915	-1.7549381	-0.71440876	-1.3450185	-0.4321717
-1.278982	-1.5366447	-0.8374481	-1.2223071	-0.6847608	-0.88208115	-1.7664798	-1.366714	-1.0284575	-0.41129708
-0.86419064	-0.5255301	-0.6130036	-1.0691768	-1.4958936	-0.9326965	-1.0981401	0.16341303	-0.27851456	-1.9221406
-0.9372336	-0.3325908	-0.76033974	-1.0179166	-0.3820563	-0.65188146	0.08632296	-0.60973865	-1.1135138	1.0787523
-0.4500674	-0.7250489	-0.08077845	-0.43040097	0.47339568	-0.14653237	-0.7842926	0.3086695	-0.25908595	-0.09537482
-1.1887758	-1.4240192	-0.68459535	-1.1888926	-0.28303534	-1.825695	-2.21971	-0.85709006	-2.4056115	-0.4573207
1.1167891	1.4169354	1.5132413	1.0009772	0.93884957	-0.8000777	-1.5197854	0.05301911	-0.4386429	-0.9931758
-0.6052366	-1.3050827	-0.26083735	-0.5947424	-2.7164288	-1.2725663	-2.2524524	-1.1261693	-2.3128612	-2.4681213
0.5690084	0.15105453	0.9364779	0.3971616	-0.888165	-0.7999472	-1.1502279	-0.69089496	-0.4373725	-1.5145102
0.18494928	0.14697364	0.58524984	-0.047904834	-1.8352487	0.014878269	-0.1699123	0.4220289	0.9079491	-1.8412206
-2.473385	-2.3207273	-1.6161565	-2.3845248	-1.2590307	-2.820359	-3.7970228	-2.2105296	-2.8828309	-1.3907851
-1.7164999	-1.9915068	-1.1975827	-1.7072802	-1.3341633	-1.5636525	-1.5484447	-0.19881447	-1.6997335	-0.5922772
-0.16797224	-1.0848393	0.41133058	-0.24027881	-2.4984918	-0.20476858	-0.3908183	0.47582048	-0.37162632	-1.858737
-2.5905354	-2.3316653	-1.7474747	-2.425848	-0.7011252	-2.2532322	-2.1493034	-1.931874	-2.4190135	0.8021113
-2.5434809	-2.4155204	-1.6617467	-2.388344	-1.6369635	-2.816786	-3.5468123	-3.4409642	-2.7980063	-2.203428
-1.315227	-1.6305875	-0.8137919	-1.3417006	-1.6082225	-1.3712543	-1.1250253	-0.45709592	-1.7476742	-0.86459106
-2.1632316	-1.9923781	-1.3857336	-2.1200383	-0.79741395	-2.233087	-2.1104133	-0.9495732	-1.5384526	-0.93935585
-1.2085143	-1.3298808	-0.7941339	-1.1817826	-1.0830505	-0.6675067	-1.0248325	-0.5353108	-0.9904584	-1.3760812
-1.116654	-1.7519581	-0.53439415	-1.2286036	-2.4417396	-1.596558	-2.3038783	-1.2335317	-1.9072057	-1.8257205
-2.3313105	-2.1664195	-1.4764174	-2.21344	-1.5556579	-2.7323396	-3.6015728	-2.3967528	-1.8956667	-1.6745135
-1.9286765	-2.0137331	-1.2201729	-1.7568883	-1.1500515	-2.0573788	-2.460426	-1.182598	-1.9968182	-0.2801815
1.1048207	1.3136122	1.2889158	0.9288428	0.34366366	1.2816474	1.1890345	2.0201917	0.9686875	-0.3706344
-1.5536686	-1.7591364	-1.0312641	-1.4921249	-0.76697993	-1.1934297	-1.4821588	-0.61875147	-1.9275295	-0.8108397
-1.9581062	-1.9527119	-1.2993258	-1.8641957	-0.17693606	-2.30444	-2.3031225	-1.480059	-0.71369696	0.36897513
-0.49664417	-0.5077933	0.04141149	-0.59222233	-0.16046332	0.011775298	-0.26520282	0.24786392	0.07758918	-1.773503
-2.0594616	-1.9554188	-1.2339733	-2.0535083	-1.1640394	-1.1754588	-1.9190059	-0.8532663	-1.3067789	-1.1168995
-1.4650606	-1.7074832	-0.8222718	-1.4496179	-1.3566788	-1.4896321	-1.660602	-0.5968916	-1.2678175	-1.0101258
0.08318981	-0.36774808	0.28102973	-0.013786688	-0.86832535	-0.60957825	-0.63305825	-0.039303053	-1.0853132	-0.5893335
-2.1925738	-2.0817473	-1.3953688	-2.148998	-1.1942557	-2.3262079	-3.0900218	-1.5739468	-2.454621	-0.24050955
-2.2116666	-2.2182286	-1.5430971	-2.127135	-2.0868583	-1.7984929	-1.5414615	-1.5001367	-2.0347178	-2.0847685
-0.77771956	-0.92791355	-0.31795827	-0.8566123	-0.23300418	-1.9440798	-1.4128561	-0.8632052	-1.8417377	0.053648666
-1.9522685	-2.21432	-1.36033	-1.9336243	-2.1641915	-2.170551	-2.014496	-1.4747956	-1.9729456	-1.3276042
-1.1578783	-1.4271239	-0.6439127	-1.2631482	-1.8983634	-1.4511843	-1.6574823	-1.354487	-1.7756913	-1.5096529
-1.0287472	-0.71903825	-0.73454475	-0.9087113	0.5813588	-1.1633644	-1.3935094	-0.5226704	-0.5709958	0.66948557
-1.8626941	-1.844716	-1.2931511	-1.8143835	-1.7868745	-2.1297193	-2.0805748	-1.409855	-2.033444	-1.649132
-1.7707947	-1.9202783	-1.1954606	-1.7297504	-0.9827837	1.0835024	-1.7930797	0.5281822	0.89054906	-0.9653271
-2.3366723	-2.4060574	-1.7142229	-2.2809014	-1.9384044	-2.841931	-1.6153338	-1.7470055	-2.7622252	-1.6739312
-0.26997113	-0.95039403	0.1624741	-0.3966481	-2.4538128	-0.03279949	-1.1713911	-0.11262153	-0.570235	-2.7255223
-1.7393568	-1.7478497	-1.1211547	-1.62571	0.42450628	-2.4585133	-2.715142	-1.2341279	-1.6862291	0.65126514
-0.99770015	-1.3101987	-0.67001605	-0.95842004	-0.55107224	-2.163193	-1.723762	-1.6446306	-1.6350483	-0.05274989
1.3131709	2.69032	1.8710599	0.99956155	0.033255756	1.3589343	3.6876094	2.1185725	1.053857	-0.06172031
-0.2968678	0.34738484	-0.16670498	-0.43013293	-0.48778886	-0.25815088	-0.18836385	-0.37338465	-0.6632863	-1.1700282
-0.5466519	2.2126813	-0.44383726	-0.5081898	2.4432242	-2.088877	2.5345147	-1.1529377	-2.19249	1.9187284
-1.4258668	-1.5533438	-0.84614193	-1.3701806	-1.4796734	-1.3855008	-1.0359391	-1.5565664	-0.86965847	-1.743388
-0.36089346	-0.31243843	-0.23962015	-0.29002964	1.2105373	-1.2177022	-0.89113	-0.148134	-1.6818728	2.3591957
-1.8360626	-1.6316996	-1.3387642	-1.9003402	-1.5444255	-1.4821498	-0.7506662	-0.92327374	-1.599721	-1.1972675
-2.410954	-2.308819	-1.5055765	-2.3254101	-1.6040467	-1.8693397	-0.2953947	-1.5940493	-2.8696585	-0.9283802
-2.112184	-1.5766231	-1.6218482	-2.1675975	-1.483817	-2.6153655	-2.0149314	-1.2105253	-3.0397353	0.32345626
-1.1716343	-1.473986	-0.8349451	-1.1452268	-0.89023995	-2.2308757	-2.4533148	-1.9596229	-1.9885248	-0.6492333
0.07549069	-0.8244642	0.5578487	-0.07665297	-2.2738678	0.26294202	-0.5891433	0.6668629	-0.20634755	-2.283458
3.4388695	3.1577384	2.852196	2.9897342	-0.0035029352	2.5646248	2.2747648	2.7521737	1.7169336	-0.13398528
-1.6182922	-1.9878824	-1.1254894	-1.5266947	-1.7927314	-1.0646106	-1.5963647	-0.41677237	-1.5695775	-2.0112653
0.23856059	0.23024175	0.42945108	0.15370433	0.33655056	-1.0681893	-1.0753216	0.7199204	-0.29630896	-0.30031037
-2.210799	-2.191313	-1.3988839	-2.0999203	-0.6879188	-2.056028	-2.1042554	-1.5521086	-1.9368719	-1.305463
0.3935324	-0.4287185	0.83515644	0.2675289	-1.3909892	0.35620174	-0.21524772	0.9709399	0.23468098	-1.593503
-1.5143679	-1.7595594	-0.92843175	-1.5991507	-2.2553813	-2.3211095	-2.2585087	-1.7893205	-2.4315374	-2.2252655
-1.4208322	-1.3182482	-0.74779534	-1.3424251	0.6804559	-1.934822	-2.8345025	-1.2665708	-1.8550154	-1.169748
-1.3108988	-1.6970197	-0.9084692	-1.3012962	-0.49591526	-1.0031588	-0.8086818	-1.3507473	-0.99101645	-0.13391706
-0.10734812	-0.27695873	0.35912776	-0.3256775	-2.018015	-0.29129294	-0.33800316	0.23474024	-0.5610371	-1.9882969
-2.7179515	-2.6884255	-1.763727	-2.663131	-3.0822973	-2.6228988	-1.2162008	-1.4260758	-2.5577145	-1.2454146
-0.49621454	-0.7993102	-0.15792689	-0.486234	-1.2933422	-1.232932	-0.72732747	-1.2053665	-1.324806	-1.4975593
-1.97345	-1.8619827	-1.3269169	-1.8671612	-0.4378843	-1.8197509	-2.2010674	-0.1682653	-1.6121832	-1.0144334
-1.7840767	-1.981003	-1.1616037	-1.6808597	-1.6575307	-1.6951612	-1.9517773	-1.2559536	-1.7600007	-0.7126683
-2.2759748	-2.2939065	-1.4967148	-2.21529	-1.3446945	-2.0623195	-1.603792	-0.8882137	-1.7189369	-1.6961836
-1.6073414	-1.8390034	-1.06841	-1.5169201	-1.4992216	0.20274374	-1.1449383	0.91781586	-0.024091719	-1.3644186
0.020652048	-0.6693857	0.3879556	-0.21321556	-2.3057275	-0.19585195	-0.85639143	0.24418211	-0.26466483	-2.6552489
-0.22985294	-0.67435247	0.32094315	-0.3157665	0.10300526	-0.039239436	-0.53634274	0.48785466	-0.61490697	1.1334649
1.1597261	1.9711194	1.1079159	0.887622	-0.6685884	-0.8157743	0.02940987	0.010931813	-0.6448397	-2.0221019
-1.287253	-1.7189009	-0.8393439	-1.2636415	-1.3026886	-1.6382394	-2.4407914	-1.2447813	-0.91654766	-1.4935473
-1.0816338	-1.1973734	-0.636685	-1.0634804	-0.62699246	-0.71916384	-0.75770175	-0.5151938	-1.1608489	0.16595133
-2.4224007	-2.2892525	-1.665106	-2.3253503	-2.2264717	-2.7125237	-2.4760764	-1.5133293	-2.34735	-2.3096151
-0.74861974	-1.2319913	-0.21709138	-0.8699233	-1.2810873	-1.0273466	-1.7438668	-0.6256539	-1.0590467	-1.0828239
-0.2487185	-0.14467356	0.109742194	-0.43601805	-1.128594	-0.08447342	-0.055600703	1.0716634	-0.5178653	-1.5176314
-1.6401156	-1.6294974	-1.0906286	-1.5949564	-0.64459527	-1.2306865	-1.4808004	-0.8113708	-0.9963837	-0.8539203
-1.4718076	-1.6127584	-0.9275229	-1.435236	-0.17763078	-1.367999	-1.7187347	-0.57464963	-1.3092685	0.7845722
-1.4213037	-1.7234201	-0.7973645	-1.3521771	-0.45966727	-2.0123982	-1.5002698	-0.3156857	-2.7576709	-0.46988052
-1.5271025	-1.489746	-1.0489292	-1.4800478	-0.86803067	-1.03188	-1.3922002	-0.56472963	-0.8847275	-1.5938241
-0.4724632	0.2719327	-0.2889373	-0.5951083	-2.02555	-1.4826406	-0.7908093	-1.041772	-2.0678627	-2.5605571
0.029384635	-0.011047274	0.696346	-0.045527354	-0.87960744	0.18375036	0.21811411	0.2735332	0.22885285	-1.0039421
-1.7189316	-1.815181	-0.85529065	-1.7851956	-2.2614794	-2.3223078	-1.5487006	-1.4340546	-1.8262302	-2.6194057
-1.9306314	-1.9369662	-1.2383661	-1.7908797	0.42684576	-1.8763648	-2.3328633	-0.9597344	-1.5326235	-0.16743907
1.462365	2.259053	1.8346868	1.1567153	-0.6440469	2.0950534	1.484016	2.2369454	1.9857756	-1.92071
-2.1749473	-2.1728876	-1.4389422	-2.0060225	-1.3700571	-2.041939	-2.0703588	-1.4866813	-1.9979608	-0.83280885
-0.5026978	-0.8140327	-0.07140705	-0.64382076	-1.813713	-0.15670429	-1.0632904	0.064124204	-0.1763159	-1.2493314
0.97477955	1.4477901	0.7685207	0.752634	0.82759774	-0.6581686	-0.29105207	-0.5545515	-0.88510185	-0.51868296
-1.8016369	-2.3029993	-1.0802917	-1.7916616	-0.5457012	-2.0674062	-1.9121151	-1.1544356	-2.072146	-0.24132611
-0.78889567	-0.47099832	-0.32136545	-0.86410105	-1.2710865	-0.8401543	-1.4812506	-0.48180974	-1.0163567	-1.1156347
-2.3975608	-2.2500784	-1.5384843	-2.2977948	-1.5725534	-2.6089544	-2.9492712	-1.8888689	-2.4780464	-1.6366504
0.08218945	-0.781314	0.43189597	-0.08588318	-1.7496463	0.28960586	-0.46459317	0.89165086	0.33870015	-0.751039
0.75894386	1.082725	0.96640325	0.32652318	-0.17913157	1.3024931	-0.5060502	0.047541935	0.09185169	-1.0668602
-1.9793009	-1.9606891	-1.3002137	-1.8679684	-0.20258284	-2.1350143	-2.3131251	-1.087037	-2.3093336	-0.73905617
-1.080122	-1.2213407	-0.4595588	-0.9883307	0.7859882	-0.31006852	-1.1455828	0.033899885	-0.47782996	-0.5308433
-1.4071016	-1.7256991	-0.86633253	-1.3264521	-0.2499144	-1.3991684	-1.9944713	-1.1867522	-1.1017255	-0.43441254
-0.3370105	-0.991652	0.22035466	-0.48632872	-2.348407	-0.24319345	-0.69665	0.39114675	1.1410173	-1.814629
-1.602154	-1.7097765	-1.036198	-1.4909769	-1.4670225	-1.3879716	-1.486519	-1.00862	-1.2055101	-1.0595669
-1.7326249	-1.7711564	-1.2483523	-1.7322048	-0.9643477	-1.2715776	-1.5935844	-1.1354713	-1.5766095	-1.533354
-0.6766755	-0.10039607	-0.58276856	-0.76310223	-1.5289084	-1.5817102	-0.9805213	-0.8877197	-1.6904426	-2.1770284
-2.0028672	-2.1409693	-1.3346257	-1.8661749	-0.340997	-2.347498	-2.2188	-1.1864184	-1.4677932	-0.12619185
-1.729287	-1.7351568	-1.2831442	-1.6781222	-0.8202056	-1.643142	-2.066345	-0.7056341	-1.0617532	-1.2679634
-1.9234765	-1.2982018	-1.3373479	-1.8309315	-0.6656319	-1.7296501	-1.092888	-2.0225866	-2.2106955	-1.2318102
-0.39558172	-0.21810415	-0.12046197	-0.5563305	-1.0379217	-0.6739976	-0.092675105	-0.3576655	-0.8380351	-1.6665667
-0.87153393	-0.86725163	-0.4242479	-1.0611206	-1.6579819	-1.8678199	-2.5232868	-1.4599957	-2.4885247	-1.9717442
-1.2638437	-1.2879555	-0.6905935	-1.2664876	-0.5309822	-0.14477548	-0.46234542	0.60561115	0.18626241	-0.4070804
-0.092687465	0.49954072	0.1730667	-0.28384638	0.35573325	-0.2487531	-0.28086886	-0.47753897	-1.4273034	1.4017341
-2.3222027	-2.3665617	-1.5880173	-2.183866	-2.385109	-1.8226229	-0.7767018	-0.56982404	-0.21986574	-0.66493934
0.12028966	-0.279161	0.42863452	-0.08165359	-1.5947933	0.13456196	0.5404218	0.881834	-0.66526616	-2.2083714
0.017108686	-0.5835768	0.4589567	-0.11978674	-2.181027	-0.4140871	-0.95345867	-0.24765976	-0.80900234	-1.7368777
-1.5838907	-1.8494567	-1.0436962	-1.4753468	-1.5391752	-1.9871912	-2.5182188	-1.571868	-1.8155228	-1.5687549
-1.8691875	-2.3243248	-1.231677	-1.8131877	-2.0924394	-2.0502925	-2.4856884	-1.5001017	-2.0245416	-1.7627444
-2.0403585	-1.4236754	-1.4909303	-2.098614	-0.91392326	-0.63928986	-1.761298	-0.7393808	-0.6762793	-1.5472571
-0.3195627	-0.46334398	0.16668625	-0.4962654	-2.4248161	-0.30402216	-0.70702475	0.48984554	-0.8535801	-1.1615722
-1.7019193	-1.8143439	-1.1509551	-1.6853747	-1.4588324	-2.2868745	-2.0281808	-2.4389226	-2.8200073	-1.853399
0.13966	-0.8844764	0.53109074	-0.01463899	-2.4613905	0.69924027	-0.23900956	0.27379867	0.018583886	-2.1026824
-0.159338	-0.9218352	0.3133848	-0.26516762	-2.552513	-0.3618002	-1.1212363	0.58046424	-0.31242797	-2.2118733
-0.46901217	-1.1403351	0.11544189	-0.5105222	-0.9893091	-0.7477067	-0.95886314	-0.54183805	-0.9573604	0.25921804
0.038451813	-0.047480345	0.3129818	-0.1251852	-1.042668	0.30934462	-1.3092973	0.2772862	-0.33724338	-1.0214009
0.222718	-0.16531667	0.7771894	0.06936814	-1.4623219	0.13301526	-0.25654075	1.0663005	0.28513676	-1.3397048
1.1717988	1.6519231	1.4697539	0.9018334	-0.6143379	0.37976614	-0.29468954	0.91040915	0.33001658	-1.3787631
-2.1305692	-1.9942049	-1.3724642	-2.0653696	-0.9245441	-2.1976783	-2.5115402	-1.6476232	-2.3700576	-1.2623886
-0.80714333	-1.1671841	-0.3414379	-0.93294454	-1.6115502	0.45487776	-1.7907292	0.02186405	0.14101732	-1.8669682
-0.21557325	0.21097374	-0.17348811	-0.39345324	1.0691899	-0.9567917	-0.17421749	-1.2386482	-1.1207637	-0.7279784
-2.0129755	-1.9337543	-1.3845816	-1.977733	-1.333929	-2.273835	-2.05243	-1.3993511	-1.4760103	-1.3946887
-0.3105346	0.046910644	0.09163073	-0.277807	1.2270722	-0.5830623	-0.32413855	-0.57438254	-0.7835391	0.94266164
-2.0287647	-2.0544693	-1.3077801	-1.9170259	-1.2205738	-1.9385334	-3.190442	-1.163108	-1.9431934	-0.9650433
-1.745175	-0.79148924	-1.2548394	-1.7675201	-1.3070351	-0.6833668	0.4081789	1.0806174	-0.66384196	-0.37580794
0.19803315	0.04487601	0.56765515	0.0013341606	-1.2178646	0.4637421	0.3886626	1.2427255	0.85625243	-0.2644758
0.121803574	-0.74164236	0.5455607	-0.008389294	-2.3102105	-0.08951915	-0.8939343	0.48185837	-0.30951148	-2.1164918
0.032098137	0.007957935	-0.037645966	0.04792799	0.22885618	-1.2744861	-1.0977116	-1.7010776	-1.8948113	-1.444623
0.20944273	0.88396704	0.5482452	-0.06320539	-1.1208984	-0.36326793	0.1846412	0.6832734	-0.531531	-0.3204339
-2.744543	-2.3420222	-1.7852588	-2.5390067	0.2675853	-2.7828083	-3.2622657	-1.3766491	-3.8708005	-0.07612266
-1.8467772	-1.8622866	-1.1671997	-1.7957908	-0.49443865	-1.947809	-1.8643095	-1.0606142	-0.47734106	-0.5342192
-0.6926353	-0.930102	-0.15358749	-0.59572506	-0.16411105	-0.21889418	-0.97312105	-0.19323866	-0.1129468	0.40245008
-2.809428	-0.41913256	-2.313197	-2.8450968	1.3000019	-2.8999863	-1.0249108	-1.82744	-2.2671545	1.7261394
-1.1625015	-1.2140673	-0.8771069	-1.2643726	-1.3645866	0.031697277	-0.34783843	-0.43106824	0.08332021	-1.2605379
-2.1947982	-2.0033524	-1.3583345	-2.1176689	-0.29919764	-2.620576	-2.6564271	-1.3928648	-3.0185285	-0.676351
-1.6659805	-1.8271935	-1.1688082	-1.6048902	-1.1328694	-1.3892933	-2.2150943	-0.7464218	-1.1138607	2.337166
-0.9627836	-1.5653015	-0.46268687	-0.97839826	-1.3052366	-1.1236236	-1.8447866	-0.81119716	-1.2685244	-0.24089673
0.08248093	-0.8436117	0.525412	0.0061653703	-0.8297447	-0.7035811	-1.888748	0.2257296	-0.87767196	-2.3048034
-0.82340616	-0.5738933	-0.3870553	-0.89172286	0.9683515	-1.5362775	-1.7160461	-0.9537749	-0.8591342	0.5006161
-2.1954277	-2.1642904	-1.419609	-2.1301453	-1.0691259	-2.3912077	-1.7987977	-1.7743423	-1.998454	-0.7777224
0.3545333	0.46740255	0.44728956	0.24285589	-0.1425083	-0.84439826	-0.66226643	-0.08345619	-1.1366881	-2.0645373
-1.8796417	-1.9651444	-1.2957233	-1.7607216	-0.67260695	-2.1204534	-1.9025022	-1.2147546	-1.6985828	-0.16394295
-2.220733	-1.9493763	-1.3093345	-2.139139	0.3241963	-2.8093023	-2.4988317	-1.4969617	-2.4928842	-1.240003
-1.0026354	-1.5735902	-0.6736847	-0.8932589	-2.116982	-1.7375686	-1.9645293	-1.4003248	-1.8109678	-1.5253679
-0.48468637	-0.95101357	-0.2667471	-0.49730033	-1.308005	-1.7602832	-1.7021507	-1.0110103	-1.8318907	-1.4171857
-1.7573613	-1.6375371	-1.0644504	-1.772234	0.6112155	-1.5710188	-2.3512585	-0.95500207	-1.772764	0.6928106
-1.778212	-1.8654556	-1.1533216	-1.650544	-1.0233511	-2.380506	-2.567452	-1.2765224	-1.947661	-1.0560843
-1.7626745	-1.8116525	-1.2252505	-1.7201853	-1.4802866	-1.9454443	-1.7534056	-1.298292	-2.0931928	-1.8398806
-2.2190905	-1.7944124	-1.3450865	-2.2014608	-0.79283583	-2.6408958	-1.7810215	-1.7022719	-2.3200958	-1.2757592
0.21874943	-0.6258426	0.5085863	0.12810059	-2.2267585	0.112388685	-0.5904676	-0.21834223	0.51297647	-1.6390079
0.7465506	0.33067158	0.69816446	0.6387223	-0.6556437	0.93680865	0.20482323	0.20992757	1.2689056	-1.4815663
1.5633802	2.4632647	1.5730746	1.2133	-1.2702986	2.040979	1.1481026	1.903841	2.1195025	-1.8925855
-1.7697164	-1.7900181	-0.97952306	-1.6601821	-0.7858548	-1.3431084	-1.6578518	-1.2184355	-1.3882122	0.30631316
-0.6080232	-0.7957009	-0.09567511	-0.6339364	-1.2570829	-0.5414291	-1.0811112	-0.62606406	-0.47179508	-1.1280327
-0.014927544	-0.36142656	0.35576168	-0.25071067	-1.8076606	-0.3045597	-0.6526505	0.74463594	-0.19765002	-1.6825223
-0.17530558	-1.0387578	0.22587022	-0.34255114	-2.1006098	-0.70879245	-0.8831512	0.6553624	-0.96805716	-3.426251
-1.4127604	-1.0994687	-0.88462734	-1.4773382	-2.305599	-1.4157776	-1.5049087	-0.94808686	-1.5579982	-0.7301623
-1.1582738	-1.3506315	-0.87337196	-1.1087351	-0.27594313	-1.6160089	-1.7173437	-1.2969885	-0.8314119	-1.9151235
-1.8102418	-1.8232371	-1.15422	-1.7922549	-1.6690192	-1.6977229	-2.0380852	-1.2565365	-2.0194776	-1.9971544
-1.9643188	-2.004431	-1.2312369	-1.8885607	-1.5565908	-2.5190427	-2.1273527	-1.8717563	-2.9535737	-1.9807544
-2.0151417	-1.9460781	-1.2725211	-1.9422741	-1.3120781	-1.8871129	-2.013933	-1.178734	0.8528075	-1.6357219
-0.18212202	0.48039815	-0.005045891	-0.377518	0.11537701	-0.49007252	-0.40946636	-0.11738806	-0.5664339	-0.4758083
-1.8693287	-2.052598	-1.2934351	-1.9008468	-2.4351516	-1.6593437	-0.5238343	-1.5871166	-1.8251535	-1.9931337
0.13941967	0.26743856	-0.053303093	-0.025606185	-0.39874506	0.22820547	0.46483073	-0.2741376	-0.1909632	0.338824
0.24689016	-0.027887896	0.77299607	0.05512719	-2.134727	-0.030266	-0.5054144	0.6277392	0.15374516	-2.4688141
-1.9321043	-1.9726546	-1.2912832	-1.8046422	-1.0654037	-2.1706986	-2.2781942	-1.034879	-1.8439703	-2.030682
-1.628344	-1.9094006	-1.181998	-1.5024318	-1.8926151	-1.8568051	-1.9716108	-1.371638	-1.7206622	-3.3309693
-1.9231616	-1.9556744	-1.2193415	-1.8157904	-0.25000528	-1.4336061	-0.35925508	-1.4193027	-1.4605528	-0.53123313
0.717435	0.63703585	0.94917226	0.550006	-0.63586676	2.0895557	1.3440658	1.7350576	1.5667441	-1.0614494
1.0724747	2.3930247	1.3547779	0.75247765	-0.27372926	1.2539104	3.4946036	0.9896661	1.2857841	0.15904255
0.0065471083	-0.5266993	0.58293307	-0.1513247	-1.196511	-1.0862988	-1.509037	-0.44795212	-1.1575695	-0.2865332
-1.7925098	-1.8506101	-1.2120187	-1.7356211	-1.5900127	-2.548555	-2.1366644	-1.7268404	-2.898181	-1.7674867
-1.46435	-1.9086515	-1.0201869	-1.4648212	-1.8290714	-1.5520853	-2.0889904	-0.952995	-1.7993326	-1.3871694
-0.33359504	0.6294509	0.16415289	-0.31942073	0.03267902	-0.3973822	0.8533253	0.5941908	-0.28307718	1.5956715
-1.580696	-1.5417366	-1.1008658	-1.5183916	-0.4768067	-1.3707645	-1.3955885	-0.82683945	-1.5466871	1.0603664
0.47893128	0.56931996	0.9682499	0.23077025	-1.5801862	-0.62483585	-0.97667104	0.30311453	-0.9555433	-1.7387547
2.1350038	2.1656706	2.0003698	1.9079313	0.30934063	2.3404427	3.2049978	1.1179467	2.3367698	-0.29200548
-1.9153506	-1.8339403	-1.3794177	-1.8258356	-1.9298362	-2.2251697	-1.5977628	-1.4076394	-2.0849488	-0.6214994
-2.0848885	-2.131804	-1.3617601	-1.9458936	-1.2735118	-2.254304	-2.5286398	-1.3439593	-2.2133794	-1.4650588
-0.13416508	-0.22653964	0.14932194	-0.1341662	-0.61384284	-0.715427	-1.5210593	-0.02986686	-1.4654132	-1.1166955
-0.81204045	-1.4797704	-0.45229647	-0.85665977	-2.682789	-0.4996293	-1.4309944	-0.6293226	-0.76557386	-2.1321623
-1.2163604	-1.4757252	-0.7059462	-1.235723	-1.0373186	-0.5921756	-1.2440077	-0.6532055	-1.1366918	0.5810137
0.15203735	-0.033003002	0.7929783	0.0103711635	0.89506936	0.5863247	0.328734	1.3458126	-0.38379806	2.1741097
-0.41296408	-0.69993985	0.20302072	-0.4957881	-1.7721002	-1.3563303	-1.6030997	-0.5837079	-0.7643159	-1.7742386
-0.88815963	-0.19298065	-0.34773752	-0.99932706	1.4043686	0.1865419	1.1835983	0.32409382	0.12080645	3.4455142
-2.7476428	-2.412417	-1.7448853	-2.644102	-1.1788001	-2.8509371	-2.3908126	-2.123209	-2.5756328	-1.8123841
-1.945515	-2.0233557	-1.2984207	-1.8874736	-1.4231976	-1.8739853	-2.1328337	-0.8337446	-1.8296039	-1.5253811
0.91715455	0.7673645	1.2718713	0.7183102	0.0035859942	-0.5084843	0.24158627	0.43105012	0.4067437	-0.78867793
-0.20740882	-0.7754979	0.1580787	-0.36818698	-1.8343601	-0.426664	-0.61950284	-0.26170278	0.08743273	-1.6396824
-2.184178	-2.134124	-1.4373549	-2.1000834	-1.6716048	-1.9607986	-1.991707	-0.4459309	-2.1849446	-0.9128447
-1.8197564	-1.9911226	-1.1427536	-1.8153383	-2.6126363	-1.9307084	-1.4723525	-1.2287811	-1.5226678	-2.1685913
-1.8576611	-1.9452617	-1.2334659	-1.794479	-0.6692946	-1.8434634	-1.2941185	-1.3379518	-2.3023279	-1.2500528
-1.8923461	-2.049373	-1.2057678	-1.8227512	-1.1593918	-2.018005	-2.684609	-1.5126139	-2.0183914	-2.6631386
-1.8281606	-1.9113405	-1.1280078	-1.740866	-1.5536511	-2.6626759	-2.6157126	-0.59262663	-3.3762445	-1.1731199
-1.8135217	-1.9672644	-1.1856332	-1.7420022	-1.0377057	-2.2371733	-3.243234	-1.3083011	-2.128884	-1.9866699
-1.2802931	-1.1936779	-0.9015527	-1.3549125	0.5627606	-1.855746	-2.0953403	-1.057976	-2.3975441	0.26019996
-1.5609785	-1.7120624	-1.0828028	-1.4394039	0.30396137	-0.02836372	0.1709944	-0.17574595	-0.20244241	1.7636563
-0.42687517	-0.27947783	-0.0520989	-0.488132	-0.5169073	-0.29659507	-0.40201503	0.06704535	-0.6008001	-0.78745025
-1.7334427	-1.898699	-1.1263033	-1.7102937	-1.3962067	-2.1824815	-2.3584805	-1.8383269	-2.3711157	-3.3246844
-2.1092978	-2.1285205	-1.37565	-1.9655368	-1.1077102	-1.9992393	-2.9457269	-1.5977464	-2.023788	-1.4300956
-1.082545	-0.9686147	-0.6183764	-1.0060997	0.40581474	-1.9566491	-2.0251205	-1.3829869	-2.0895329	-0.65213203
0.1378884	-0.46362203	0.7316795	0.0073755085	-2.022329	0.06293052	-0.67425156	0.66937125	-0.6514952	-2.2966812
-0.4381946	-0.5827392	0.02816549	-0.5722807	-1.4047714	0.8554018	1.2995896	0.780155	0.45022783	-0.308316
1.6599523	2.52051	1.9632014	1.3773601	1.2875545	1.0104601	2.3441267	1.440467	0.50635976	0.94024235
-2.4122455	-2.1840746	-1.5656918	-2.307997	-1.1961229	-2.60383	-2.3366654	-1.758942	-2.5899904	-1.4340293
-0.63316286	-1.0768148	-0.14987847	-0.65413755	0.26247427	-0.5235857	-1.2807692	-0.4200742	-0.45584023	0.43519682
-1.9040333	-1.9422169	-1.287313	-1.7390255	-1.2095785	-1.9569811	-2.829177	-1.1132168	-1.6212381	-1.1286193
1.4245111	0.66381526	1.6882654	1.179429	-1.4067273	0.1975726	-0.396512	0.76569855	0.24282862	-1.2590679
0.1754075	-0.60041225	0.7528944	0.033567682	-2.2833765	0.040091325	-0.46463695	0.60709333	-0.59564346	-2.2218547
2.692188	2.0704181	3.0695379	2.3529744	-0.5226121	2.3389375	1.6846415	2.80472	2.3218877	-0.7594984
-1.7089226	-1.7282832	-1.1556478	-1.6126709	-0.43572465	-1.1606498	-0.4742314	-0.3902368	-0.21546337	1.3468511
-1.5260205	-1.6708587	-0.9366584	-1.4188173	-1.5926031	-1.3499275	-2.055973	-0.90737027	-1.724115	-1.8273467
-1.2774365	-0.6638775	-0.8699837	-1.3050718	0.86496866	-1.5346729	-0.03938714	-1.4372325	-1.0551414	2.2476115
-1.4197589	-1.355678	-0.9475173	-1.4005451	-1.004582	-0.9777218	-0.77330995	-0.47501525	-0.9061844	0.19661902
-1.2346009	-1.4112649	-0.786639	-1.1798788	0.3611568	-0.98970175	-1.7394593	-0.73027974	-0.7893629	-0.95755684
-0.14863132	-0.18263116	0.16036469	-0.28747234	-1.060057	-0.63460773	-0.057112828	0.35429034	-0.49820742	-0.6719547
-2.1407623	-2.1933074	-1.3767848	-2.040631	-1.6389736	-1.8936226	-1.2721695	-0.5776452	-1.6457081	-0.84194446
-2.1606898	-1.8719504	-1.4738687	-2.0950043	-0.97926617	-2.0934794	-1.9184699	-1.5894724	-1.413245	-0.79014456
-2.0650742	-1.9073154	-1.458345	-2.0288882	-1.7128191	-3.1754367	-2.6361942	-2.3835843	-2.6564786	-2.5935352
-1.197929	-1.4233496	-0.818926	-1.1251565	-1.5571854	-2.0472097	-2.0591648	-1.3825183	-1.5996814	-2.1083326
-3.1067204	-2.4331186	-2.1482818	-2.947904	-0.6852356	-2.8650014	-2.3683167	-1.419536	-2.9451683	-0.26781866
-1.6595674	-1.8250717	-1.1149837	-1.5594753	-1.0324368	-1.8962194	-1.8699151	-1.0485003	-1.8426901	-0.7418184
-1.3189621	-1.6811104	-0.8188437	-1.2643776	-1.681922	-2.3009853	-2.8857481	-2.708863	-2.692787	-1.8364921
0.77230614	0.2228494	1.2085428	0.5112806	-2.188172	0.6118717	-0.8077551	1.4796963	0.49364567	-2.099596
-1.8274182	-1.8566494	-1.2816578	-1.7294619	-1.4804882	-1.4093361	-1.9655675	-0.93685573	-1.5229079	-1.1542599
-1.3930775	-1.5894303	-0.93875253	-1.4051075	-1.8324511	-1.8080139	-1.6132399	-1.1758436	-1.5739475	-1.4334054
1.7056528	1.9500825	1.5700068	1.428147	-1.0164024	2.3112829	-0.31990555	1.2909921	2.248462	-2.651423
-0.4248076	-0.7887217	-0.50167525	-0.4196921	-0.97113204	0.77866083	0.82613254	-0.34334353	0.9892903	-2.3470116
-1.2468351	-1.6384588	-0.7244823	-1.1440338	0.8058946	-1.7161062	-2.2372394	-0.6700197	-1.8155636	-2.6337388
-1.778205	-1.8556949	-1.1488624	-1.768793	-1.0744672	-1.7040455	-1.6785557	-1.0314325	-1.6038672	-0.73259157
0.42827097	-0.2713432	0.9183469	0.21198972	-2.1198072	1.3393537	0.35830212	1.4229919	1.1809517	-2.1680095
-1.8502191	-1.9631791	-1.3186727	-1.819438	-0.9455087	-2.6847928	-1.9835194	-2.1516292	-1.9076747	-1.9955984
-2.0535157	-1.9334531	-1.339333	-1.9542745	0.03338915	-1.9691645	-1.5984087	-2.930861	-2.2828367	1.510309
-0.6758011	-1.2230195	-0.22307539	-0.8373271	-2.3578625	-1.431658	-1.7741923	-0.9945246	-1.7042029	-2.2371616
-2.333973	-2.5456738	-1.6463281	-2.2421052	-2.4658926	-2.2613282	-2.2752726	-1.5233893	-2.5482554	-3.3902638
-2.2186267	-2.0010207	-1.517933	-2.1250746	-1.8558438	-2.548886	-2.022986	-2.5993328	-2.687397	-2.0009997
0.053432368	-0.17543474	-0.045093924	-0.0057705194	-1.323135	0.6065622	-0.23584096	0.15182556	0.61829615	-1.0752844
0.21094462	-0.6079684	0.6706816	0.066287056	-2.5208166	0.7890882	-0.90183395	0.13178584	0.083962224	-3.3754122
-1.2550725	-1.5090797	-0.7859204	-1.306226	-2.52324	-1.3599014	-1.4208046	-1.1848242	-1.380822	-2.1980197
-1.452381	-1.7467641	-0.9196782	-1.4464086	-1.6920654	-0.9349	-1.4991182	-0.90199083	-0.9812744	-1.3769481
-1.51072	-1.4741694	-1.0405022	-1.3867127	-0.50333935	-1.6028924	-1.4335313	-1.033075	-1.1481135	-0.27571025
-0.97548646	-1.2271339	-0.5968878	-1.0208799	-1.2190379	-1.4577848	-1.4697794	-1.9772612	-1.1704949	-1.414504
-0.1627622	-0.9365319	0.21849987	-0.295197	-2.3656	-0.20742862	-0.9756911	0.46827358	-0.43180478	-2.4509706
-1.5291444	-1.7288874	-0.91620827	-1.5087059	-0.84903336	-1.5134301	-1.8730446	-1.0096912	-1.5775563	-0.46760994
-0.91864735	-0.019477218	-0.6552733	-1.0683612	1.1204758	-0.8845942	-1.0137237	-0.54214793	-0.8748371	1.1938716
0.34706366	-0.23880872	0.81228435	0.15106411	-1.3528668	0.37592888	-0.23753373	1.1401706	0.8076024	-1.4016296
-2.2174807	-2.2336855	-1.4522407	-2.1563601	-2.3060524	-2.6383526	-2.488375	-2.1617503	-3.1621099	-2.833806
-1.5642363	-1.3193116	-1.1215707	-1.4005823	0.86740756	-2.0435042	-0.507058	-0.9658339	-1.9041549	1.861168
-0.28261444	-0.9212117	0.10751629	-0.47506505	-2.5243416	-0.3731389	-1.2032359	0.36031926	-0.68707556	-2.263309
-0.86164474	-1.1461152	-0.36629805	-0.9312789	-2.1674037	-0.24258554	-1.0423517	0.51730984	-0.027858939	-2.421082
-2.0919106	-2.1365988	-1.410645	-1.9712478	-1.2951388	-2.1732697	-2.0519044	-1.0218362	-1.5879695	0.221939
-2.20161	-2.2250621	-1.4059759	-2.0790093	-1.1625429	-1.5743015	-2.330947	-0.68050563	-2.3842316	-1.2210733
0.2670322	-1.0909309	0.9852457	0.17845206	-2.1259544	0.037861243	-1.7513576	0.6488377	0.37140512	-2.4700553
-1.6992824	-1.6816298	-1.0197264	-1.7212929	-1.8273103	-2.2870982	-2.1528702	-2.4489996	-2.4630127	-1.1145781
-0.41276368	-0.35468927	0.11153415	-0.47543526	-0.71700877	0.02395792	0.45757496	0.7281987	-0.32085586	0.6355641
-2.006194	-0.6967182	-1.5950838	-2.1103218	0.9414152	-2.1031249	-0.8116477	-0.7771644	-1.1980697	1.6601236
-2.1382253	-2.097266	-1.4187118	-2.0678973	-1.3549991	-2.5781047	-1.9228812	-1.6672702	-2.4018848	-2.4453423
-2.1886625	-1.6545047	-1.5828612	-2.1477766	-0.09264919	-2.375078	-2.1487474	-1.4355611	-2.3309295	-0.5894268
-1.4589468	-1.6458642	-0.93359935	-1.5329168	-2.5033467	-3.5178056	-2.783247	-2.1371248	-2.1359317	-1.876205
-0.90267706	-0.8374094	-0.5079094	-1.013339	-0.9820845	-1.8242592	-1.2143035	-0.80551106	-1.3436862	-1.2661533
-1.1600095	-1.2032645	-0.7310988	-1.2344664	-1.3956628	-1.725551	-2.1518943	-0.75387657	-1.3484002	-1.9980068
-1.1251855	-1.5195645	-0.6611743	-1.1083931	-1.4763657	-1.2614644	-1.9942958	-0.6873774	-1.1732246	-1.4941272
-1.362408	-1.5702369	-0.887534	-1.2956896	-1.6302034	-0.112375885	-0.60248	-0.1518312	-0.3157673	-0.8214264
-1.8298401	-1.9114623	-1.1031083	-1.6676612	-0.69088477	-1.766381	-1.5488961	-0.90755177	-1.4067912	0.29177877
-1.411513	-1.778383	-0.9342941	-1.4605153	-2.1187959	-0.90730894	-0.10807443	-0.50309676	-0.67171913	-2.0343177
-2.045784	-2.1869226	-1.2729725	-2.029711	-2.4721575	-2.1469269	-2.2676296	-1.8300611	-2.2888126	-1.6902101
-2.3288548	-2.3122928	-1.4815995	-2.249693	-1.0254248	-1.8185375	-2.1850803	-0.9080068	-2.1699696	-0.3106514
-0.99576634	-0.91540086	-0.6084435	-1.0699964	-0.48295102	-1.7940665	-1.7339902	-1.1555014	-1.7231216	-0.54245204
-2.380263	-2.264833	-1.6450845	-2.2673635	-1.8633665	-2.3552172	-2.7002459	-1.6983614	-3.1458652	-1.3774086
-2.153687	-2.0827324	-1.401922	-2.0656307	-0.60085344	-2.2826407	-2.8842573	-1.4161816	-2.4632654	-0.11655347
-1.3805926	-1.4940175	-0.8577024	-1.3644402	-0.37022707	-1.3724037	-1.2868049	-0.8094351	-0.85070956	0.93857455
1.2537396	0.31491306	1.3428833	1.0152715	-0.9928081	1.3624907	0.63835275	0.8918395	0.91006315	-1.7360597
-0.83710057	-0.79291666	-0.31699392	-0.8580334	-0.8847449	-0.8736314	-0.9835198	-0.7138927	-1.300432	-1.3619537
0.6045602	1.3775299	0.91710186	0.4026729	0.9867649	1.6674434	2.1379602	2.6160874	1.4418504	1.4901662
-1.6082054	-1.8379232	-1.1029257	-1.5032246	-1.692187	-1.4005815	-1.2346245	-0.8614016	-1.0553703	-1.6555487
-2.8349783	-2.5228345	-1.7715025	-2.7268648	-1.2081916	-3.9228728	-3.1635845	-2.246174	-4.092051	-1.2990663
0.3028468	-0.23934297	0.8173907	0.13216217	-2.394805	-0.090027064	-0.34265518	0.1142761	-0.7101407	-2.1315043
0.023393504	-0.49215898	0.41745508	-0.13013814	-1.1822445	-0.22963426	-0.6890586	0.08684622	-0.5920037	-0.39868915
-0.9043348	-1.073644	-0.5006515	-0.93101823	-0.6533347	-1.2596912	-1.562615	-1.1971275	-1.4515556	-0.2917404
-1.9355079	-1.8636981	-1.3043633	-1.8834884	-1.3747668	-2.6411302	-1.6128834	-1.5733595	-2.7623827	-3.2343674
-1.055898	-0.7231635	-0.5529858	-1.1604303	0.7363279	-0.7813278	-0.5378708	-0.38783735	-0.9809713	-0.56693393
-1.0686232	-1.6181875	-0.6100575	-0.94800615	-0.8188592	-1.5226289	-2.0390756	-0.9729796	-1.701783	-0.5945096
-0.89200026	-1.9383022	-0.37304994	-0.85049653	-3.1325712	-0.63401604	-1.433882	-0.6152663	-1.383209	-3.0848982
-1.096177	-1.1131417	-0.56632495	-1.1250362	-1.1297773	-1.0116897	-1.1762065	-0.6627977	-1.0616455	-1.0244182
-1.9424897	-1.9835643	-1.2488312	-1.8680649	-0.5200895	-1.9558625	-2.4109132	-1.0847373	-1.6477782	-1.9036722
-2.1119301	-2.2135875	-1.2910141	-2.0408523	-1.35802	-2.2490392	-2.27928	-1.5138918	-2.156939	-0.015644781
-0.55334973	-0.93780303	-0.23153949	-0.6347815	-1.455826	-0.35401666	-1.0289114	-0.14305402	-0.45699966	-1.1241943
0.8625247	0.65539086	0.7370031	0.55197865	-1.226283	2.0137086	1.0912956	1.138926	1.6356872	-1.5463126
-2.310248	-2.0073524	-1.3874407	-2.264941	-0.8354633	-2.1849287	-1.7908897	-1.0770994	-2.4928842	-0.16719232
-0.53864264	-0.730492	-0.17926511	-0.54045326	-0.8007038	-1.2386994	-1.1213702	-0.5964645	-1.0000645	-1.1420243
-1.9951708	-1.9347131	-1.2917581	-1.935146	-0.21490723	-1.9249889	-2.5746844	-0.6054251	-2.8180063	-0.319916
-1.3949221	-1.3620551	-0.9698403	-1.4150412	-1.4219581	-0.7225276	-0.93996507	-0.73172605	-0.9967894	-0.06023364
0.07752203	0.21439728	0.3616424	-0.07424104	-0.9918288	-0.56308633	-0.6614554	-0.17003493	-0.21986574	-0.526212
-0.95443565	-1.3487778	-0.26545158	-0.9820243	-1.3367302	-0.82602626	-1.2331992	0.215049	-0.83162975	-0.7277756
-1.1700433	-2.0187116	-0.87549245	-1.1340219	-0.19553033	-1.0242709	-1.6138647	-0.71223235	-1.6246978	0.04219753
-1.4581767	-1.7345378	-0.8784585	-1.3297801	-0.05817303	-0.8517627	-1.5761608	-0.6007291	-1.1918638	-0.6438509
-2.3902233	-2.2102087	-1.5836778	-2.3087084	-2.158748	-3.3634224	-2.229373	-0.7475032	-2.099522	-1.7695589
0.18009576	-0.17433214	0.46115634	0.06199421	-1.0393354	-0.5907604	-0.8936131	0.24810538	-0.9357782	-2.7013779
-0.17457283	-0.33797342	0.24265161	-0.26422572	-0.22616413	0.28295103	0.39446804	0.7023284	0.2310666	-0.9397189
-2.3017218	-2.07865	-1.4089525	-2.178983	0.715654	-2.573606	-2.3976583	-1.3396581	-1.4221995	-0.017867584
-2.167513	-2.102292	-1.4067287	-2.1161344	-0.41943604	-2.2395723	-2.584563	-2.2153666	-2.2764623	-0.317834
0.1356208	-0.62766284	0.5562312	-0.1068052	-2.1347055	0.3608651	-0.028065344	1.0044875	-0.23490621	-1.1558461
-2.8588643	-2.5799758	-1.821187	-2.8014956	-1.7837183	-2.4985225	-2.3326054	-1.6538591	-2.1777809	-0.82694936
-2.191259	-2.1280258	-1.4238901	-2.1366704	-1.3089726	-2.1249673	-1.7045838	-1.3036551	-3.8152137	-2.5354667
-1.6246825	-2.070803	-1.4060186	-1.5207725	-2.7169385	-1.1082443	-1.553042	-0.86304414	-1.1246109	-4.0319486
-1.8917282	-1.9277945	-1.2305249	-1.7676193	0.110132486	-2.3263292	-2.9793885	-1.4573408	-2.2343702	-1.3076247
-1.9342108	-2.1097002	-1.3593202	-1.9344875	-2.3137207	-1.7027168	-1.6316056	-0.7402011	-1.7223661	-1.6338338
-1.1165285	-1.6373577	-0.6272851	-1.1777531	-1.2707919	-1.0774908	-1.7619936	-0.8127886	-1.5774398	-1.6883714
0.24933201	-0.54001164	0.5966588	0.016653031	-2.3633094	-0.2799117	-0.9331333	0.51808137	-0.6831039	-2.8662014
-1.9237151	-1.9573908	-1.3079726	-1.825538	-0.23723713	-2.4751258	-3.0304828	-1.8152009	-2.6250699	0.32319763
-1.4791615	-1.2451205	-1.1261702	-1.4819502	-0.040711343	-1.6781818	-1.725831	-1.3696699	-1.9560069	-0.5707509
-1.7033371	-1.6140797	-1.1802758	-1.6713119	-1.1291748	-1.4794184	-1.1467799	-0.8788402	-1.3321917	-2.3387532
-1.9270085	-2.0138223	-1.2760862	-1.855318	-1.7709793	-2.2289808	-2.0669925	-2.0805619	-2.318715	-1.4251683
0.7463201	0.68664634	1.256608	0.6093886	-0.8894118	0.0039226273	0.46012408	0.546426	-0.47853696	-1.4129021
-1.9706534	-2.0477436	-1.2749263	-1.9681524	-1.994645	-2.3886518	-2.9565718	-1.6630212	-2.2110498	-2.0929852
-1.5564452	-1.5316533	-1.1385342	-1.5292418	-1.1230199	-1.6620264	-2.1444297	-1.4622179	-1.6984411	-1.1236843
-1.9631058	-1.9562137	-1.2855237	-1.8649911	-0.87758934	-2.3211389	-2.2560682	-1.2928976	-1.7710183	-1.3192996
-1.6908143	-1.7496169	-1.0035448	-1.6833686	-2.1956866	-1.4542798	-2.837492	-0.84746736	-1.3179032	-1.18008
-1.7145993	-1.8628058	-1.1388046	-1.7179496	-1.9050686	-2.0409214	-1.5046698	-1.2373797	-2.5125983	-2.7310872
-0.62152404	-0.44730106	0.040652126	-0.7096145	-1.2007722	0.26818427	-1.1798826	0.9188527	1.7486999	-1.933453
-1.4188306	-1.6340753	-0.91043425	-1.4352313	-1.159922	-1.5827271	-2.4648466	-0.9629435	-2.0529304	-2.3732
-1.9539856	-1.6950641	-1.1725029	-1.9676788	-2.7404182	-1.3105953	-2.1811159	-0.90116787	-0.96119934	-2.0789545
-1.6474091	-1.6768614	-1.0544126	-1.5666643	-0.26360193	-2.3208268	-2.188368	-2.618274	-2.8719425	-0.044008896
-1.4501221	-1.7099652	-0.98885286	-1.3223423	-0.9438164	-0.98391896	-1.4845852	-1.1580496	-0.9725054	-0.4850386
1.022679	1.5393362	0.98371863	0.8708147	0.28090212	0.1639867	0.26891848	0.69794863	0.16202915	0.61161774
-0.73454183	-1.115941	-0.3663613	-0.7442057	-1.3454323	-0.6133658	-1.2988045	0.009361956	-0.34536794	-1.3266051
-1.0347179	-1.61638	-0.5743134	-1.0556748	-1.7435724	-1.30775	-1.96028	-0.56013334	-1.5442275	-2.4067686
-0.33334464	-0.39814177	0.5281539	-0.5104625	-2.2547586	-0.77523655	-0.22645327	0.5253997	-0.66487706	-2.7189896
0.081461065	-0.21473685	0.20528749	-0.086584955	-0.751271	-1.2940739	-1.5335104	-1.3359098	-1.9429787	-1.6694784
-1.7244703	-1.6668715	-1.1620821	-1.6495702	-0.7379991	-1.6728784	-2.5064073	-0.6289326	-2.10397	-2.553338
-0.81625175	-1.156564	-0.42719612	-0.7575847	-0.5084998	-0.06480541	-1.2333021	-0.57122356	0.4257974	0.29485443
-0.87031054	-1.4397609	-0.4748349	-0.8879248	-1.3368006	-0.692147	-1.1074069	-0.48224548	1.1248065	-1.441427
-1.2151008	-1.5318732	-0.7650509	-1.1765171	-0.43231043	-0.94739836	-1.395686	-0.82705015	-0.68617624	0.07485005
-1.3293133	-1.656108	-0.86522067	-1.2060362	-1.3795232	-0.8518771	-1.3651221	-0.32713592	-0.69570726	-1.6554374
-2.2141209	-2.1420052	-1.4131335	-2.1531968	-1.7398254	-0.92231363	-1.7979232	-0.43873417	-2.1362772	-1.5939598
-1.7008036	-2.043701	-1.1056671	-1.6514521	-1.3649895	-2.3084238	-2.4609504	-1.6939732	-2.1942716	-1.6586306
-0.5259439	0.61152256	-0.49009892	-0.64842033	0.8914838	0.44109747	0.78056026	0.79758227	-0.2879732	-0.28793204
0.39695746	0.089482516	0.71508694	0.23992951	0.51347685	0.47924238	0.37625563	0.85043395	-0.06205223	0.43442482
-2.5077221	-2.3006456	-1.5624083	-2.439247	-0.37981313	-2.5485399	-2.0151174	-1.6287067	-2.5405884	-1.0479585
-1.7010994	-1.8496196	-1.1456437	-1.5998417	-0.52510333	-1.1302581	-2.0367205	-0.97474015	-0.9720159	-0.49604997
0.4892371	0.052602857	0.8798938	0.22170223	-1.8819263	-0.17469898	-1.1768333	0.22360696	0.16716766	-2.2532568
-1.1519786	-1.4731643	-0.76453257	-1.2351385	-2.7934053	-0.38430098	0.23972954	-0.34659922	-1.1687258	-2.521529
0.08780118	-0.5450782	0.4339928	-0.09575914	-1.7470857	-0.4682647	-0.8082755	-0.2807381	0.050579663	-0.69274807
0.50161225	-0.21578258	0.838506	0.2166486	-1.7663684	0.4261511	-0.5063522	0.72951454	-0.43126383	-2.2797296
-1.6689634	-1.7799425	-0.9380127	-1.6824361	-1.1805468	-0.030420015	-1.5004246	0.09664373	0.65744096	-0.34021848
0.5966609	-0.13882637	1.0209316	0.40410244	-1.808079	0.8439613	-0.71980786	1.1018165	0.6261801	-1.451505
0.08886502	-1.1321841	0.6550406	-0.020620361	-2.4143155	-0.11193606	-1.4293649	0.28485253	-0.12374946	-3.517619
-1.6917015	-1.7889559	-1.0892489	-1.5435072	-0.39197132	-1.6617137	-1.4674414	-1.5850668	-1.0300735	-0.5821965
-1.7211553	-1.6472912	-1.0728141	-1.6764991	0.19879833	-1.7475402	-2.3992782	-1.4743255	-1.1376954	-0.082515694
0.6308515	0.35958537	0.9439658	0.39758086	-0.7233839	0.94932127	-0.28643528	0.642651	0.12785952	-0.9688913
0.18692943	-0.5594995	0.4915583	0.029342934	-0.5751452	-0.39209023	-1.2055899	0.12238747	-0.2383667	-0.75906485
-1.5470827	-1.6792423	-1.017067	-1.4618113	-0.6968086	-1.3299108	-1.3685755	-1.1994364	-1.2793587	-1.14512
-2.0077505	-1.8071616	-1.317053	-1.9295846	-0.9527049	-1.9114313	-1.3236998	-2.355588	0.17473564	-0.9013725
-0.11984138	-0.4495849	0.23228247	-0.3603982	-2.0744684	-0.5904603	-0.70179737	0.15017968	-0.9142511	-1.7392364
-0.6986775	-1.288965	-0.14784503	-0.7428187	-1.3118325	-1.3152044	-2.2137167	-0.83148164	-1.3083293	-1.5512656
-0.9880488	-0.29551786	-0.14389157	-0.9683496	0.18001577	0.21382459	0.7120199	0.20199619	0.29237643	0.23072085
-1.0554354	-1.636152	-0.36553356	-1.038729	-0.45599347	-1.482714	-1.6354836	-0.79865634	-0.9932362	1.0002922
0.78571254	0.87844574	1.2005944	0.45698798	-1.5584712	0.43801117	0.94441766	0.892233	0.562053	-1.4461206
-1.4866841	-1.6359172	-0.9327365	-1.4241735	-0.2637804	-1.9803079	-2.0271087	-1.6180352	-2.2385023	-0.3722953
2.4372795	1.8040361	2.9159381	2.0996473	0.35355517	2.2119021	1.1424295	3.177363	1.8552231	0.6838222
-0.5198816	-0.76904666	-0.042101234	-0.6101533	-0.5087193	-1.6304884	-2.010124	-0.70686185	-1.4726284	0.5895266
-1.0544399	-1.1790833	-0.6189678	-1.1068621	-1.2618135	-0.8304021	-1.3410778	-0.29259354	-1.380001	-0.85730314
-0.023136146	-0.7384944	0.36220676	-0.23048182	-2.4366412	0.23234011	-0.7706143	1.5376047	0.561827	-2.0934596
-1.8064073	-1.8413789	-1.0780191	-1.739634	0.11369315	-1.7132663	-1.992612	-1.3572611	-2.0422845	0.60106176
-0.66639394	-0.8642893	-0.30904993	-0.73282707	0.42851797	-0.36202434	-1.4444976	-1.206113	0.36509675	-0.6520048
-2.2531536	-2.0174396	-1.3639318	-2.1058722	0.48883656	-1.9817686	-2.8380885	-1.079742	-1.859477	-0.5619672
-2.1427171	-2.1603808	-1.3212496	-2.0462828	-1.1027778	-1.8679248	-2.3993618	-0.8297641	-1.0734288	1.8515439
-1.7551894	-1.5347358	-1.0532464	-1.7398466	0.16254458	-2.1841068	-2.975971	-1.0351592	-2.2215805	-0.8275317
0.73969454	1.7631323	0.91295314	0.3674755	-1.4369812	0.5966034	1.6547359	1.0554032	0.064449646	-0.6077644
1.2584057	0.6380583	1.3487977	1.1021684	1.5351417	-0.19479041	-0.43374294	-0.07312398	-0.058555033	2.3330917
-1.0374396	-1.4059733	-0.5326365	-1.0072252	-0.32429093	-0.62871945	-1.2173382	-0.2784211	-0.30803502	0.10935347
-0.80603456	-0.8007541	-0.4852732	-0.81468064	0.13386166	-0.8316894	-1.1026485	-1.0336717	-0.88054144	1.358938
0.80392534	-0.8376132	1.6655487	0.6473633	-0.844538	1.0502223	-0.05842507	1.8587343	0.8451737	-0.8137893
-2.218828	-2.2450316	-1.4707716	-2.152047	-0.9976783	-2.8323686	-3.6687894	0.021950262	-1.564804	-1.896969
-1.3298296	-1.6913537	-0.89159214	-1.2432243	-1.0928669	-1.4646766	-1.6369017	-0.8566832	-1.8292148	-0.7902321
-1.046231	-1.4188715	-0.5876001	-1.0106689	-0.43658146	-1.5391682	-1.8791327	-1.0587274	-1.4064889	-0.7230769
-2.173898	-2.186227	-1.3217708	-2.1201098	-0.4287314	-2.2662196	-2.1199818	-1.3050869	-0.7821956	-0.5962883
-1.7039777	-1.9371322	-1.1261806	-1.5471328	-1.9548796	-1.5767069	-1.5883839	-2.2731676	-1.8169224	-1.7986578
2.2882593	3.2941153	1.7720709	1.8728294	0.98001707	3.1193793	2.7131033	0.57538617	2.1020625	1.1958183
-1.11118	-1.6119641	-0.60503924	-1.1188658	-1.6321042	-1.0819976	-1.4677333	-0.46529332	-2.129081	-2.421525
0.52416456	-0.25373316	1.0786111	0.3749004	-2.09409	-0.05312427	-1.1574814	0.52812445	-0.5642874	-2.7855883
-1.9011527	-1.5784632	-1.1804991	-1.7350113	2.224925	-2.0587833	-1.5080788	-1.2773225	-1.8108214	2.893213
-0.24321797	-0.3542527	0.11897121	-0.3008764	-0.6857921	-0.48272002	-0.75367266	-0.22848411	-0.47381607	-0.8672599
-1.2567225	-1.5023298	-0.68283117	-1.2524574	-0.37972316	-1.0551524	-0.567506	-0.83795226	-3.0920508	2.439815
-0.6956937	-0.7873064	-0.29185	-0.7452483	-0.6010323	-0.7066845	-0.8772189	-0.067022175	-0.3664002	-0.2656946
0.43555698	-1.0129642	0.6045362	0.36928445	-1.3924742	1.2533108	-0.579832	1.1410928	1.1231413	-1.9651153
0.06274458	-0.6555778	0.28000614	-0.12578602	-1.7631897	0.17178237	0.82768863	0.7344093	-0.36303338	-1.1001081
-2.0414057	-2.1150842	-1.3706461	-1.9946319	-1.1805454	-1.4831659	-1.8641212	-0.8170351	-1.8263519	-1.4475765
-2.3818595	-2.2966757	-1.6135687	-2.3371568	-2.0480268	-2.2923324	-2.0793498	-1.7347686	-2.7903523	-1.8077112
-2.4979765	-2.4931977	-1.6860502	-2.3641815	-1.9866973	-2.4842384	-1.2677611	-0.97613025	-1.505268	-1.6099523
0.8527376	0.14084783	0.9754994	0.55454177	-1.7820013	0.11361647	-0.4343613	0.6086225	-0.09534696	-1.7094585
-1.6121147	-1.6675464	-1.1666439	-1.5043896	-1.5580329	-1.2735739	-1.7674427	-0.5669009	-0.6763609	-1.7241818
-0.7962623	-1.1684841	-0.545279	-0.8393004	-0.6877532	-0.24223089	-0.22305417	-0.1710676	-0.7703984	-1.0406145
-1.5522035	-1.7227085	-0.90346944	-1.4699216	-0.9539499	-1.7371299	-1.8193252	-1.6783178	-1.9266261	-0.6552
-1.9569398	-2.0599437	-1.2846223	-1.8900092	-1.8212563	-2.3838768	-2.7434895	-1.8423089	-1.8696585	-2.1676126
-0.12160847	-0.6034241	0.24800017	-0.21752952	-0.87017894	0.5193534	0.33225545	0.75440603	0.29427382	-0.12366786
-0.8364851	-1.2574588	-0.31934354	-0.9287398	-1.5252832	-0.90272486	-1.5373291	-0.5132261	-0.97965765	-1.8469092
0.20863649	-0.58473253	0.6657787	0.057749137	-2.378281	-0.10517088	-1.0008662	0.8165006	-0.22505698	-2.6678078
-2.0119486	-2.1094275	-1.2309377	-1.849966	-1.1640875	-2.8762329	-2.9577937	-1.7002692	-2.555491	-1.120684
0.2862339	-0.2841029	0.57857645	0.10305287	-2.2273378	-1.0860829	-1.4157674	-0.24892402	-1.4597996	-2.1742296
-1.2173406	-1.5556535	-0.8683523	-1.2929643	-1.509303	-0.22491999	0.2827312	-0.32502487	0.715304	-1.3245782
0.9098144	-0.35544032	1.1228504	0.61293674	-1.3070638	0.39258993	-0.13547243	0.44521025	0.01834287	-1.2198516
-0.6868423	-1.3728817	-0.20687184	-0.7469693	-1.9789562	-2.344687	-2.6608458	-1.82093	-2.1466506	-1.0106404
0.31081927	-0.3796289	0.98323536	0.2143142	-2.3826745	0.25636217	-0.8325869	1.145623	0.51557285	-2.4995785
-0.25539812	-0.47903788	0.050274223	-0.349764	-0.98365414	-2.2784688	-1.9458699	-0.704026	-2.0368783	-1.5339708
-0.66055185	-1.4554669	-0.3376982	-0.65172213	-0.7936442	-1.4770757	-1.7977984	-0.9169427	-1.32145	-1.6590104
-1.343147	-1.2581705	-0.9794116	-1.2817249	0.11728716	-0.74322003	-0.6486428	0.48879796	-1.706794	1.4671363
-1.1083591	-1.0821433	-0.66374815	-1.2109126	-1.5465437	-0.31712922	0.29983196	-0.17740686	-0.069924384	-1.8351283
-0.2092751	-0.62681043	0.27647427	-0.26028508	-1.0481699	-1.3685818	-1.7360353	-0.9223059	-1.6471434	-1.5137135
0.5923564	0.31061283	0.94576836	0.46102118	-1.07221	0.72166294	1.478117	1.3770064	0.7840135	-0.91227144
-2.0703607	-2.0255282	-1.4167682	-2.004872	-1.7468996	-2.1684475	-2.156565	-1.6648059	-2.1289608	-1.1694227
-1.3919414	-1.4784521	-0.9913745	-1.3431139	-1.3937103	-2.6836865	-2.57356	-2.5540323	-2.8310447	-1.8488894
1.2492784	-0.31232733	0.9364984	0.983709	-2.43	2.4899795	0.49478886	2.4379454	1.8617289	0.09070424
0.600395	1.2883861	0.7707579	0.48714805	0.99253976	0.81238765	1.223627	1.462025	0.98549426	0.37406507
-2.0248723	-2.203264	-1.3770683	-1.9385136	-2.3548272	-1.7303808	-2.4467742	-1.727749	-2.4118361	-2.4099977
-2.2793818	-2.2240984	-1.4954435	-2.1360636	-1.8879552	-1.8370904	-1.1046909	-1.9052529	-1.1238931	-2.7709694
0.22904903	-0.3460791	0.7246993	0.16683154	-0.91362	1.7977781	-0.10973494	1.7859946	2.0504134	-1.4550166
0.9934735	0.39472756	1.6404642	0.7997579	-0.8099822	1.0887687	1.1021312	1.856822	0.7913317	0.11246038
-1.6684972	-1.850111	-1.0466481	-1.5620787	-0.5574558	-1.2944564	0.4158865	0.3007439	-2.3897908	-1.2559806
-0.40330163	-0.9902239	0.111064106	-0.42132378	-1.1266296	-0.6540896	-2.1182392	0.11488881	-0.6040776	0.09279202
-2.0879178	-2.0268908	-1.353176	-2.0274324	-1.5194873	-2.6849637	-2.482763	-2.5570807	-2.1584651	-1.5520005
-0.3608204	-0.99303925	0.08604112	-0.53797704	-2.5557334	-0.5098956	-0.66490936	0.044114582	-0.8601063	-2.678215
-1.5193735	-1.4850788	-1.0034868	-1.5186844	-1.4066505	-2.2935739	-2.7128608	-1.942722	-2.0391917	-1.9316715
-1.1630566	-1.5701048	-0.47890547	-1.1422727	-1.2283258	-1.2372987	-1.3792259	-0.8840389	-1.445666	-0.7376951
-1.8611673	-1.949401	-1.3124698	-1.7835369	-1.5009929	-1.4183496	-1.1191918	-0.90515804	-1.7206748	-1.6690364
-1.312727	-0.9897822	-0.82296205	-1.3473741	-1.3254648	-1.3730382	-1.0044051	-0.83842415	-2.23203	-2.1581502
-0.9891093	-0.6919404	-0.75398993	-1.072891	-1.0243958	-0.5531207	0.14892817	-0.021800686	-1.4204226	-0.7517153
-1.2164917	-1.2822514	-0.78121626	-1.226209	-1.2571429	-0.75885355	-0.78934824	-1.5217636	-0.528191	-0.7679349
-0.5166791	-0.97000027	-0.13007668	-0.5254483	-0.9101008	-0.922945	-0.88160336	-0.2584289	-0.71829486	-1.5963086
-2.145144	-2.0475235	-1.3744358	-2.0082138	-0.47905672	-1.9567217	-1.6230078	-0.52998596	-1.9687606	-0.6466455
-0.7694242	-0.5057105	-0.3295944	-0.8345009	-1.003503	-0.3154131	-0.9859355	1.0613885	-0.8265475	-1.5088525
0.14470395	-1.2332482	0.27416256	0.039121613	-0.86300147	-1.7199532	-1.285932	-1.6156431	0.7692535	-0.5628084
-0.072078384	-0.6358303	0.2378709	-0.08094753	-0.78256166	-1.4485549	-0.8076996	-0.84852415	-1.4395337	-0.38871747
-1.8413588	-1.51482	-1.2761432	-1.844325	-1.2464672	-1.1716264	-0.79236305	-0.6852534	-1.4874469	-1.6984675
-1.9051951	-1.8953756	-1.2209203	-1.8615633	-1.4259456	-2.3298235	-2.232514	-1.1390028	-2.8354988	-2.9126263
0.287372	0.11338684	0.88792646	0.054088637	-1.5384847	0.5180932	0.14625457	1.0273522	0.073805414	-1.4010628
-1.2538635	-1.2992657	-0.83412004	-1.247153	-1.3177922	0.4794488	1.5406225	-0.06636775	0.02605858	1.3155532
-2.4360507	-2.289427	-1.5314848	-2.2685204	-1.1879742	-2.5256767	-2.2873774	-2.3250666	-3.006462	-0.8461713
-2.2119415	-2.0953026	-1.4144515	-2.1528022	-0.6794741	-2.5296488	-3.0972283	-1.457923	-2.2383208	-0.48396295
-1.5438833	-1.1729828	-1.0647743	-1.5874051	-1.2323121	-1.3800045	-0.44639897	-2.0439363	0.21280368	-0.6139257
-2.1095695	-0.67234385	-1.5283962	-2.1326497	-0.51127875	-2.815462	-0.4733617	-1.9328066	-2.9772272	-0.17728226
0.01927524	1.3233855	0.2719958	-0.24866647	0.72894526	-1.634108	-1.0334682	-1.1381686	-2.2170863	-0.4016812
-2.1501238	-2.1931405	-1.4202179	-1.9977664	-1.8181942	-1.9840267	-2.3529615	-0.95576346	-1.9936638	-2.051008
-1.4799073	-1.407326	-1.0013703	-1.4069271	-0.41854247	-1.5197155	-1.4709585	-1.4295121	-1.3236405	-0.95772606
-0.11731904	1.0977855	0.9856311	-0.25020057	0.26182052	-0.7814101	2.4720037	-0.33378878	0.22971152	0.2050086
-1.3767053	-1.3652911	-0.89270437	-1.3196574	-1.0440792	-1.6606143	-1.4383471	-1.0544548	-2.2069175	-1.6792564
-2.202437	-1.8778337	-1.5099423	-2.1447375	-0.8321823	-2.2700713	-2.3959074	-0.53573376	-2.6752985	-1.4344053
-1.5130385	-1.108555	-1.1105081	-1.5050974	-0.03905499	-2.1916378	-1.8688867	-1.1532254	-2.400438	-0.7449641
-2.3609571	-2.3257282	-1.4810108	-2.201672	-1.7618614	-1.9939142	-2.8642118	-1.665714	-2.997027	-2.3274796
-2.0547342	-1.6908354	-1.4001987	-2.004779	-1.2925793	-2.6340616	-2.270309	-2.5920897	-2.9119556	-1.4036614
-0.8799926	-0.27740824	-0.8119422	-0.9318427	-0.019412845	-1.0169387	-0.5986742	-0.7724045	-1.4028791	-5.4546035e-06
-1.569662	-1.6670303	-1.0342282	-1.4814608	-0.7914405	-1.5064541	-1.8838351	-1.0760365	-2.222246	-1.5380949
0.36578616	-1.0570332	0.784425	0.2538724	-0.98211205	-0.9208413	-1.2775129	-0.4624502	-0.6335312	-0.4689073
-2.1142235	-2.0626516	-1.4764589	-2.0679078	-1.6264677	-1.9183141	-2.2864268	-1.9720447	-1.9465635	-1.5134857
-1.2110556	-0.9075862	-0.874192	-1.2531189	-1.2979023	-0.9453779	-0.9887381	-0.9340478	-1.3156928	-1.2256078
-2.0565403	-2.094017	-1.3067557	-1.9433897	-1.6117779	-2.1024942	-1.8116055	-1.4493517	-1.8235167	-1.5486798
-1.6582521	-1.104312	-1.1189471	-1.5846384	-1.1246061	-1.6591325	-1.04824	-1.6375847	-2.1786609	-1.0802493
-2.2998002	-2.2141633	-1.4936745	-2.2167208	-1.2479575	-2.9184632	-3.0222387	-1.4304267	-3.4214995	-0.7570463
-1.2716204	-1.4478587	-1.0011263	-1.2885429	-1.5892371	-1.6729426	-2.115006	-1.1618283	-1.5626718	-1.2053322
0.4534928	0.69399047	0.9864751	0.1873825	-1.6029826	1.0541903	0.6908167	1.8915797	2.2376664	-1.7463957
-1.8616635	-1.8631022	-1.2317176	-1.8288697	-1.951721	-2.1939986	-2.2748098	-1.5326637	-2.3545313	-1.8389627
-2.04073	-2.0692365	-1.3722657	-1.9539135	-1.4228078	-1.9014838	-2.2691753	-1.4603426	-2.4338295	-1.7266102
-0.658535	-0.7639692	-0.53989756	-0.73512805	-0.7322329	0.5105562	-1.0159295	0.86711675	-0.3061825	-2.2028213
-2.176926	-2.0040991	-1.4609319	-2.1110187	-1.7355832	-1.9503863	-1.7133878	-1.3580464	-2.220418	-1.744656
-2.3472197	-2.2788699	-1.5254177	-2.2484016	-0.42853627	-2.5433145	-1.7326461	-1.5256603	-2.7838748	-0.39257216
-1.2677048	-1.5528246	-0.7718084	-1.2673537	-1.5538521	-0.8895874	-1.1953303	0.20077746	-1.0257338	-1.9060671
-1.7573577	-1.0750403	-1.222966	-1.8136554	-1.362918	-1.7234516	-0.81483287	-0.8155754	-1.9035623	-0.90633804
-2.2573135	-2.118917	-1.3970606	-2.2149677	-1.78488	-2.2689414	-1.4483905	-1.0106422	-1.5640197	-1.9813893
2.3118496	2.62945	2.0452547	2.2051103	1.2474424	1.417608	2.9789243	0.7278957	2.0225954	2.0104344
-2.463015	-2.161154	-1.4762282	-2.351153	-1.1064931	-2.806748	-2.4355376	-1.6480377	-3.0837827	-0.80291563
-1.3949116	-1.2735261	-0.89418876	-1.3889753	-1.1467732	-2.1631289	-2.280092	-1.6610204	-1.9223915	-1.6067165
-1.7199727	-1.7023734	-1.1156756	-1.7392125	-0.90630627	-2.141493	-2.804293	-1.2240202	-2.050578	-0.73194706
-1.8957692	-1.9943973	-1.1062143	-1.8659838	-0.953081	-1.7751529	-1.5625036	-1.2584002	-2.752281	-1.7808883
-1.7118231	-1.5871072	-1.0635685	-1.6272109	1.0593771	-1.3619436	-1.6191828	-0.76772106	-1.09453	1.0165226
-1.318	-1.2244658	-0.9343145	-1.3169287	-0.08533442	-2.9645991	-2.1270528	-1.2647256	-2.7673767	-0.14126076
-2.1878738	-1.4742155	-1.6325729	-2.2065625	-2.1114879	-2.5680504	-0.55382276	-2.9884555	-2.697097	-1.6067402
0.43149552	0.48671296	0.43209094	0.21581115	0.2882336	-0.27125245	-0.30614638	0.06525834	-0.5773621	-0.66786045
-1.8211643	-1.8389877	-1.4064586	-1.6784687	-0.36248448	-2.1101608	-1.8836037	-1.6251568	-2.3648813	-0.93118083
-2.0976763	-2.1309357	-1.3637761	-1.9866421	-1.6245091	-2.2498012	-2.385116	-1.3534032	-1.7165885	-2.2053273
-2.0105853	-1.392281	-1.246039	-2.0699134	-1.1669537	-2.0754883	-2.1860118	-0.44208187	-1.5417938	-0.5414364
-1.863921	-1.5850176	-1.3204182	-1.792313	-0.81000054	-1.0349638	-0.9818772	-0.8407137	-1.4235898	-0.59052384
-1.3369915	-1.8170358	-0.80957043	-1.3400557	-1.6853143	-1.683932	-2.124064	-1.2278624	-1.3555063	-3.513501
0.13707009	1.4327991	0.34260973	-0.12514381	-0.65070474	0.1754515	0.07320359	-0.091061465	-0.22175173	-0.81354934
-1.9828961	-1.653075	-1.4378531	-1.8761826	-0.3591455	-2.161644	-2.8791838	-1.232866	-2.3801172	-0.8937516
-1.308422	-1.4807339	-0.8064023	-1.3702601	-0.9716662	-0.9847338	-1.349379	-0.1301034	-0.2449632	-0.59849095
-1.0789603	-0.8910557	-0.5739212	-1.119449	-1.435002	-0.6063095	-0.3400104	-0.26961127	-1.0726198	-1.0715055
-1.722591	-1.644828	-1.1746542	-1.7196012	-1.563405	-1.6532505	-2.064709	-1.64172	-1.6045529	-1.6368376
0.45468357	0.54724467	1.1201041	0.27541977	-1.1828654	0.4579067	1.7375016	0.99529475	-1.7258114	-2.1919417
-1.7325872	-1.026448	-1.2581778	-1.8203565	-1.7279664	-2.1078475	-0.23265122	-1.2782106	-1.3778934	-1.5507812
-0.48506263	0.6328851	-0.37322494	-0.6628704	-0.74429977	-0.6743822	0.25825188	-0.48419362	-1.1447212	-1.5279098
-0.4875264	-0.9104612	-0.046723515	-0.5182715	-0.32041863	-0.7495842	0.55437565	-0.06578676	-0.80851823	-0.8385403
-1.0960797	-1.2013938	-0.5881721	-1.109595	-1.6001967	-1.904362	-2.000668	-1.4428273	-2.0933194	-1.5305034
-1.3732857	-1.4980733	-0.8403857	-1.3956083	-1.4675348	-1.182634	-1.4482132	-1.013573	-1.7170135	-0.544753
0.45413044	0.23167136	1.0024267	0.3033901	-1.0780782	0.022749675	0.30570436	1.5450448	0.26354194	-1.2051486
-1.2116413	-1.238345	-0.9042884	-1.2233669	-0.8719523	-1.5319005	-1.6478552	-1.0130907	-2.5955312	-1.6257652
-1.7751904	-1.9710422	-1.269251	-1.7322718	-1.3518748	-2.6768668	-1.7664717	-0.95674294	-3.5340893	-1.7625903
-2.65188	-2.479245	-1.6565933	-2.4619658	-0.84122264	-2.3787718	-2.1283314	-1.2914896	-2.4645915	-1.4107628
0.2685511	0.20035073	0.38785383	0.078179255	-0.59286803	-0.5050049	-1.0307955	-0.019349845	-1.411022	-0.84089744
-0.58678263	-0.3601467	-0.49876186	-0.7356445	-1.3982747	-0.87584126	-1.3750968	-0.9846765	-2.1600971	-1.6940958
-0.48945266	1.096992	-0.17657477	-0.71505857	-1.0978942	-0.3903831	1.8721337	-0.3795763	-0.39046842	-0.9618944
-1.6431082	-2.085182	-1.168221	-1.6319251	-1.7639796	-1.6520002	-2.35893	-1.7594627	-2.1893125	-1.6465249
-1.3821012	-1.1433127	-0.8855313	-1.4862365	-1.4414369	-1.9118999	-1.0888793	-1.1293188	-0.12033007	-1.1102049
-1.9505472	-1.998477	-1.3325872	-1.8733633	-1.8172199	-1.2336053	-2.300816	-1.0670437	-1.6705315	-1.9806362
-1.6657759	-1.4616365	-1.1980917	-1.5901077	-1.055094	-1.9636387	-2.123296	-1.2061524	-1.6219602	-1.0355065
-0.14775434	-0.29310417	0.28974727	-0.23711954	-1.2803242	-0.8688714	-0.6429046	-0.55784756	-0.62250394	-0.832554
-0.11301688	-0.3629601	0.41276935	-0.20998175	-1.3149782	-0.27181423	-0.75934035	0.11360251	-0.15047598	-1.2897521
-0.8651179	-1.2062514	-0.46751705	-0.9023653	-1.5674758	-0.2776006	0.46648052	-0.00281122	-1.5281787	-0.9124396
-1.1096585	-1.2262157	-0.7457968	-1.1263291	-0.7462732	-1.8210926	-1.1371822	-1.0174103	-2.263701	-0.5870497
-0.11056221	-0.13315642	0.44506782	-0.2816329	-1.5388592	-0.61104226	0.2790626	0.7540486	-0.70286286	-1.1963483
0.44244328	0.5165616	0.898999	0.25508088	-1.0087643	-0.041068047	-0.13680871	0.38033086	-0.22862801	-0.6021439
-1.5154052	-1.6537528	-1.0058022	-1.5042925	-1.8426563	-1.599897	-1.5384657	-1.1862526	-1.5513889	-1.5097623
-2.1941023	-2.0772	-1.5301356	-2.1052504	-1.2550093	-2.0669775	-1.9350921	-1.6115243	-2.1414688	-0.8731025
-0.98843306	-0.7174232	-0.5473559	-1.0075053	-0.40808102	-2.3079898	-1.7140203	-0.8752375	-0.48290014	-0.76238465
0.29175308	0.96451414	0.8422712	0.080095544	-0.9360852	0.1755809	0.177652	0.91538185	0.11655411	-1.3302995
-0.23372906	-0.9909662	0.40498632	-0.34105724	-2.2815776	-0.61067665	-1.3418533	0.51038754	-0.6738029	-2.1704292
1.4948422	2.4214225	1.8249538	1.1581446	-0.8938451	1.9247314	3.5044065	1.7699656	1.2998953	-1.3923564
-0.7574599	-1.0046676	0.09614056	-0.90747106	-1.9874661	0.08240673	1.5308473	0.9655885	0.0060999156	-1.5965195
-0.8416628	-0.9916886	-0.4026036	-0.9223707	-1.2515037	-0.91397446	-1.4321806	-0.16747123	-0.6855473	-1.033218
-0.27189824	-0.30578634	0.20909515	-0.38943672	-1.2784675	-0.13160633	0.0035479527	0.19386342	0.09376805	-1.6710784
0.83426565	1.167146	1.1739608	0.57157266	-0.8271713	0.86138445	1.7268375	1.2276154	0.6638496	-1.210595
1.4253695	1.161208	1.5325273	1.1520349	-0.80295014	-0.9588573	-0.099539526	-0.22360045	-0.91693175	-0.7667422
0.9761687	1.9132285	1.3321779	0.6423026	-0.95739484	0.8318627	-0.28070474	1.2080439	0.096621245	-1.3329467
-0.15198967	-1.0428213	0.42721057	-0.24708396	-2.3905606	-0.0757339	-0.6123714	1.0685741	0.103204325	-2.3999074
1.6398233	3.1910691	1.6318785	1.1842669	-0.3175302	0.5352996	2.2604976	0.24701034	-0.21167062	-0.8860296
-0.118999906	0.4169635	0.3526399	-0.3076936	-1.3483729	-0.50642174	-1.1948506	-0.31891584	-1.3634771	-1.2081802
1.8924206	1.3390112	2.6700418	1.614299	-1.0064747	2.5650074	3.7195988	3.124587	1.8533914	-1.4935852
0.3731812	-0.09034577	0.8580049	0.1582274	-1.4781946	-0.22983772	-0.5893495	0.1340928	0.022010783	-2.0053935
1.7272855	3.2315536	1.8033953	1.3470014	-0.08606881	1.8003533	3.357524	1.4546804	1.0212365	0.88143367
0.6222864	0.41006175	0.9794476	0.3617291	-1.3206375	1.1216606	0.955341	1.5279536	0.2115747	-0.17636609
0.46755788	0.35721168	0.93713784	0.2541827	-1.1613262	0.5540138	-0.17775029	0.59638965	1.4841553	-1.5991253
1.4265438	2.582609	1.56618	1.0775824	-0.9593444	1.3568932	1.2371538	1.3820759	0.81159824	-1.6967709
-0.7478387	-0.397875	-0.4589168	-0.78615576	-0.4538221	-0.38074094	-0.781303	-0.6584619	-0.47041124	-1.134408
-1.8136547	-1.4427103	-1.2399999	-1.8327729	-1.8136966	-0.7033378	-1.8241773	-0.2951161	-0.8459885	-1.9966669
-0.24109855	0.1697644	-0.010545343	-0.37815696	-0.9697318	-1.327755	-1.4268584	-0.62787277	-1.1282659	-1.3301377
0.57607096	0.8299879	1.2395867	0.38469464	-1.2123713	-0.15740639	1.2444247	-0.15354271	-0.14108466	-1.0136125
1.1467291	0.20636943	1.4129913	0.8963181	-0.34881103	0.8258281	0.043295376	1.5448503	0.9125916	-0.75781065
1.3730196	1.9234779	1.5118228	1.0544324	-0.35192582	1.3388816	2.1288881	0.8409149	1.0618078	-0.83842367
1.3243763	1.7303747	1.5736774	1.0838166	-0.24613315	0.23521896	0.57943404	0.68817866	0.19076897	-0.6880707
1.2121096	2.083123	1.2398386	0.8902662	0.014754593	2.6248598	3.3359327	2.4811654	2.4095218	1.8324604
1.7018057	0.32275102	2.2633798	1.4037255	-1.4855711	1.7406626	0.33826503	2.1973464	1.8009377	-1.2318932
0.6486304	0.58323574	1.2625455	0.43672484	-1.0903784	0.4153577	0.82500905	1.6064754	0.31245926	-1.2288613
1.558085	2.28212	1.8803792	1.1910279	-0.06004548	0.20430553	1.9334934	0.8153633	-0.021109259	-0.09776715
0.4048734	0.26700792	0.9394859	0.23656689	-1.2148209	0.47519207	0.42841557	0.87047297	-0.33592823	-0.830973
0.19819489	-0.13993226	0.6305769	-0.0632588	-1.5969511	1.0525559	1.360935	1.5074984	0.18403369	-1.6997838
-0.26541233	0.6456981	0.026540592	-0.49764282	-0.739177	-1.5742953	0.12823014	-0.67220366	-1.2833893	-0.47331753
0.12555858	0.07598227	0.6186164	-0.020078838	-1.3351786	0.7898922	0.64608234	1.1907818	0.95523787	-1.6796979
0.29055077	1.0679193	0.9664092	0.12229712	-0.28712085	-0.20147955	-0.06646425	0.1153101	-0.38991386	-1.5331893
-1.1927574	-1.5755985	-0.7274283	-1.1963056	-1.5235347	-1.3891828	-1.7101136	-0.49665913	-0.56730604	-1.5117664
-0.5655572	-1.0956959	-0.1489307	-0.67093974	-1.9650086	-0.81249315	-1.499938	-0.23202786	-1.3863621	-2.3462896
-0.07423649	0.39407852	0.25022924	-0.25184935	-1.4189123	0.14525194	0.89712065	0.8753402	-0.20377445	-0.871086
-1.3395902	-1.515902	-0.7577015	-1.4168473	-1.6730198	-0.50441766	-1.3680571	-0.41363007	-0.74742436	-1.6700094
0.32244393	0.9550781	0.7241444	0.074318066	-1.1937605	0.41040072	0.35572797	1.4704521	-0.08236222	-1.3006523
0.5488573	0.85770833	1.1639518	0.32097673	-1.2344635	0.272065	0.90608203	1.2581534	0.10895215	-1.9335386
-0.3004854	-0.32921425	-0.03344196	-0.36341542	-1.0506974	-0.17481832	0.09185596	0.14192352	-0.08702887	-1.0590748
0.98417455	1.0914277	1.5494577	0.7580907	-0.9528409	-0.81674516	0.86625177	0.9395181	-0.24554974	-0.15090515
0.4044229	1.776752	0.7462188	0.059908435	-1.1405798	0.3127413	1.2111441	0.75016814	-0.12849215	-1.3333945
-0.50462747	-0.68141997	-0.13593578	-0.5973733	-1.2477206	-0.69872254	-1.065737	-0.51801986	-1.2368728	-1.2429924
0.010046415	0.67257464	0.17006895	-0.2429927	-1.1346835	0.2789475	1.6132791	0.3076538	0.23058161	-0.3964918
-0.42015964	-0.830104	0.111970216	-0.44498837	-0.92934275	-1.5298618	-1.3487229	-0.38058007	-1.0283746	-1.2729626
-1.1052277	-1.0144545	-0.77141476	-1.0472285	-0.25593597	-2.213082	-2.2898364	-1.8719939	-1.9339832	-0.869518
0.85714453	1.0316238	1.4938483	0.6685447	-0.88192487	1.7482446	1.2972556	2.4620352	0.6273927	0.61883485
-1.2823441	0.25318846	-0.86833405	-1.4042602	0.1062327	-1.6408737	0.6294471	-1.0489612	-1.6800859	-1.0693316
-1.141394	-1.2967947	-0.6601969	-1.1540982	-1.3292462	-1.3443667	-0.88267404	-0.47168282	-1.2522808	0.066776134
-0.4619604	-0.54526055	-0.08971974	-0.4487809	-0.18393332	-1.6017666	-2.049394	-1.4652818	-1.4765217	-0.14056076
-1.4792519	-1.3769989	-1.0298254	-1.4616842	-0.61627376	-2.3018613	-2.1477487	-1.3170003	-2.419676	-0.5978724
0.2691988	0.57584727	0.67353886	-0.029450044	-1.1689922	-0.8617784	-0.21390854	-0.195188	-0.28145337	-1.6753998
0.17420483	-0.31667203	0.6992315	0.07717784	-1.2305238	0.3438175	-0.8338654	0.89131343	0.14481601	-1.4577444
0.6936205	0.1675508	1.3354241	0.49302328	-1.4164037	0.05833085	-0.29451725	0.6737189	-0.38927323	-1.1339992
-0.7074106	-0.20787111	-0.021674007	-0.83784074	-1.3593684	-1.1170809	-0.72949785	-0.32730642	-1.2356974	-1.8019079
1.86082	1.0442604	2.2827451	1.6150416	-0.42139608	2.2278602	0.35751575	2.6203485	2.4435828	-0.59333605
2.5855772	2.0035794	2.5944912	2.0809577	0.3351923	1.6446441	2.3770258	1.7496966	0.9808192	0.63492644
-0.24413383	0.33835337	0.28699067	-0.5077615	-1.20247	-0.986589	-0.09366394	-0.33527648	-0.86476403	-0.9412915
0.7546624	-0.372045	1.170311	0.5152378	-1.269947	-0.027961355	0.059966147	-0.06883376	-0.01765559	-0.81538963
0.32377395	0.36303595	0.72546697	0.09786786	-1.2776588	0.18190001	0.100391515	0.4092909	0.710049	-1.4402394
0.7819904	0.6241466	1.3497623	0.5797754	-1.1058983	0.9836322	1.0843247	3.439383	0.4522696	-2.0449975
0.7980391	1.7897797	1.3444105	0.45980805	-0.46258265	0.7434597	1.5768908	1.4714959	0.60296583	-0.0015019701
1.1624458	1.2133201	1.6218458	0.8774464	-1.4674913	0.7479997	0.7442428	1.4883188	0.6001967	-1.5137832
0.55020255	0.6801622	1.0297549	0.2755121	-1.6065422	0.53954375	1.4479158	1.1547973	0.22432087	-1.6487828
0.019168936	0.4203011	0.16195092	-0.056160346	-0.16699746	-1.4000989	-1.278422	-1.2139503	-1.2879195	-1.1226088
-0.9589648	-0.38002965	-0.46355578	-1.1340587	-0.97197294	-1.9171859	-1.4637784	-1.0219078	-2.3524406	-1.7026308
-0.06877295	-0.13719127	0.25240773	-0.29310244	-0.96245396	-0.9132907	-0.91274005	-0.2463093	-1.1809108	-0.6014065
-0.39465386	-1.0257173	0.20126304	-0.47901255	-1.7755352	0.08416907	-0.301602	0.7764676	-0.216937	-1.5345029
1.6255369	2.6853335	1.731531	1.221457	-0.36600286	0.43996686	3.1820004	0.7407007	-0.051185556	-0.33330685
-0.39031628	-0.7681439	0.03311409	-0.50553745	-1.4395311	1.6460061	-0.067331746	1.0634625	1.5476756	-1.6606992
1.089479	1.2182443	1.7482725	0.8953078	-0.903543	1.0477915	1.6985512	1.7242109	1.0489542	-0.517056
2.0378263	4.14145	2.2331269	1.6268585	0.73768055	2.4810495	3.395855	2.3016973	2.290294	1.9313748
-0.71516144	-0.93050027	-0.1773254	-0.77031624	-1.5658785	-0.39951086	-0.72137207	-0.25897524	-0.27239984	-1.739539
1.2734243	-0.07709119	1.8714657	1.0237418	-1.4657377	1.7583508	0.0895882	2.607982	1.2857225	0.48788366
0.18611082	1.3265831	0.72346234	-0.19376211	-1.2354096	0.80372053	0.25263488	1.8373249	0.3339871	-0.88075763
0.47905347	0.41505703	0.90413356	0.28795022	-0.8243747	0.38157666	0.78630954	0.36574334	0.25809672	-1.1931223
-0.6441335	-0.016328007	-0.28394988	-0.87280333	-1.4874276	-0.3761258	0.73379505	0.25750896	-1.0649594	-1.3815612
0.59217703	1.4288247	1.1663947	0.3023879	-1.4217205	0.5024222	1.3221253	0.61235803	-0.25074118	-1.5019933
2.1321123	1.8233273	2.2120342	1.8209786	-1.1426015	1.2494949	1.246934	1.2377641	0.9441365	-1.1311883
-0.19088739	-0.5323934	0.18314868	-0.34678143	-1.5894067	-0.48434183	0.35200232	0.4924274	-0.30796143	0.07785936
-0.2735904	-0.6286187	0.2180295	-0.38242722	-1.4492307	-0.6862359	-0.48346716	-0.03802022	-1.026858	-0.97935766
-0.0020380989	0.17792538	0.40564474	-0.14160837	-1.0025983	1.5595706	3.6207213	1.6226125	1.1546382	-0.6858571
0.33832052	1.0362812	0.7447275	0.018348172	-1.45202	0.489157	1.2287587	1.2105412	0.280783	-2.021699
0.6551403	1.4799821	0.9266257	0.3183787	-0.8900262	0.8335124	1.5880005	1.4558389	0.470354	-0.7065659
0.60739124	0.497768	0.9933952	0.37721187	-1.2162542	-0.17060448	-0.39617607	0.80793464	-0.30097908	-1.4358821
-1.4176922	-1.3093914	-0.8332176	-1.3224052	-0.42930266	0.06231051	-0.47197708	0.096952096	-0.23326948	-0.79784423
-0.78449047	-0.924791	-0.38304022	-0.7795927	-0.67889816	-0.9372993	-0.3574496	-0.35228142	-1.5701399	-0.5905804
0.7827735	0.7361759	1.3163961	0.5522407	-1.3194809	-0.63660544	0.492942	-0.10569873	0.3673807	-1.4266816
0.15942743	-0.8789815	0.8295295	0.11101584	-1.8654641	0.11585022	-1.1664687	0.4567267	0.15920238	-2.0732384
1.0320648	0.8504194	1.4767773	0.8110317	-1.1948174	0.36173016	0.62695545	1.4615376	1.0150287	-1.4707863
-0.2770969	0.30991235	0.39172435	-0.5514775	-1.3144258	0.96287215	0.40648466	0.70770735	-0.005044882	-2.1249657
0.53234065	1.7200346	0.8981447	0.19875373	-0.9671258	0.36748132	1.5151265	0.52694416	-0.30287665	-1.3293692
0.5449783	1.3477788	1.0274003	0.2577266	-0.98033535	0.84162027	2.133995	0.6345069	-1.4003056	-0.88103664
-0.06885331	0.28486457	0.25376898	-0.27399287	-0.8105526	-0.78993076	-0.1447854	-0.57497865	-0.94535637	-0.6093657
0.2811403	-0.051806867	1.0671035	0.1701477	-1.0874825	-0.10999996	-0.47805133	0.34272158	-0.41052797	-0.8745379
-0.35180187	-0.39992884	-0.21047541	-0.4928174	-1.4151496	0.471293	-0.15223043	1.0136541	0.80914783	-2.2266288
-0.9857359	-0.99114966	-0.5418618	-1.032028	-1.5193845	-1.6228149	-2.3681188	-1.2884058	-1.2281125	-1.2649608
0.62509984	-0.6925259	1.2372578	0.470869	-1.1843573	0.9369965	-0.8836185	1.0336297	0.54409957	-1.004052
0.7582975	2.150776	0.9069356	0.41715753	0.47698292	1.0406545	0.77146095	1.2572113	0.95000666	-0.63603395
0.6496135	0.30594602	1.1030295	0.5191199	-1.0339177	0.21176569	0.36500064	0.51407444	-0.029608145	-1.0826988
0.72422296	0.5774609	1.2529081	0.5232491	-1.3470945	0.4428853	0.5902442	1.3549396	1.5923687	-0.78358483
1.2340946	1.7082864	1.7983476	0.98119116	-0.7450577	0.5881922	1.0660928	1.0593519	0.13920853	-1.2296436
0.409966	0.52077603	0.8703835	0.2581429	-0.6328099	0.2355263	1.5971932	0.67344815	1.1199772	0.7674934
0.69930345	1.881005	1.0282606	0.36598504	-1.3075343	1.501779	1.0868573	0.48783314	-0.0035310357	-1.6986673
-0.5459691	0.057907254	0.20495352	-0.7472461	-0.9936689	0.30948973	2.2797785	0.16171286	0.18079297	-0.8888835
0.07488685	-0.25345635	0.47814864	-0.07861596	-1.6054261	-0.14977968	-0.5776241	0.09185079	-0.8917106	-1.183398
3.4300764	2.6636324	3.6785378	3.1289673	-0.057709157	4.1443596	1.2330391	5.141732	3.3091671	-1.2112384
1.1084968	0.90040195	1.6305287	0.90216994	-0.4288879	0.75694567	0.90723324	1.1135217	0.8973749	-0.8833399
0.76645124	1.1731808	1.4601483	0.51620245	-1.1721696	0.719194	0.22087888	1.0843174	0.8796699	-1.388867
1.0392323	1.2119838	1.2439607	0.73419416	-0.9753238	1.1923478	-0.7030464	1.4388512	1.1403835	-2.146286
-1.378991	-1.4752762	-0.7753135	-1.3768687	-1.9252743	-1.6607282	-1.0412614	-0.52908677	-1.9351056	-1.5200225
1.6555346	1.4406329	2.2046669	1.3906395	-1.0274378	2.8179939	2.7211807	3.4065106	2.6560655	-0.054110542
0.13424602	-0.5922893	0.6529596	-0.013163969	-1.8342814	0.8611186	0.78191495	1.0359377	0.68631446	-1.8455194
0.59232694	0.7641257	0.82374537	0.34180725	-0.065779835	1.7234527	3.786332	2.0015817	0.9130682	2.2769582
1.7076253	2.7471113	1.8593029	1.310243	-0.55017596	2.0726447	3.9626396	2.415593	1.5912826	-1.2438734
0.7851948	-0.011196598	1.3441563	0.6005737	-1.4390384	0.8254337	0.2928161	1.6703126	-0.06863868	-1.8483015
1.8601283	2.163502	1.6251551	1.625924	-0.6498834	1.5060792	1.8163153	0.48968503	1.729916	-1.2583226
0.29060742	-0.5275531	0.8640443	0.15423433	-1.9576817	-0.44704717	-1.3061358	0.2698616	-0.4048685	-1.9013066
2.342009	0.079468876	2.6088903	2.0955756	-1.6127368	2.9480267	-0.31364632	2.7580373	2.6122718	-1.9496285
1.6824799	1.1363988	2.059813	1.4377583	-0.6790856	1.787742	2.166704	2.182834	1.7935758	-0.76385695
0.51175636	0.33303544	0.83266366	0.28158218	-0.993798	0.67378	0.11435997	1.0916191	0.70136845	-0.7788216
1.6653885	2.8896317	1.8095311	1.247031	-0.09159657	1.658486	3.3686483	2.3164048	0.7426923	-0.17491944
0.45516345	-0.21679714	0.9236641	0.2723301	-1.216937	0.044665832	-1.383061	0.59315836	0.46805054	-1.2942181
1.168618	0.5466244	1.2003814	0.82678545	-1.6755493	0.5659424	-0.48393333	-0.05434708	-0.12759016	-1.7759991
-0.1662817	-0.36241263	0.16646165	-0.25970584	-1.8061341	-0.73555046	-1.2985549	-0.2658228	-0.6524263	-2.3294976
0.38944557	0.8631151	0.943804	0.16892315	-1.0927514	-0.025580857	0.7081092	0.52630377	0.20882095	-1.4655788
-0.3567998	-1.076529	0.12448165	-0.45930767	-1.3509964	0.0040717283	-0.23721893	0.31281906	0.20604888	-1.4296446
1.7361418	2.4444249	2.1718106	1.5136335	-0.49095201	0.96383995	1.7642426	1.0955337	0.20363396	-0.56735593
-0.9458902	-1.7274914	-0.37561765	-0.9742467	-1.4437336	-0.3322537	-1.3356495	-0.018919583	-0.5686245	1.1955956
1.6645207	1.9211869	1.9938278	1.4310154	-0.21739526	1.9948088	1.3250383	2.6169465	1.5322992	-0.63891184
1.0070345	1.0737903	1.5899804	0.78780633	-0.76948124	0.47284928	0.97232085	1.6805489	0.28174183	-0.83128107
0.18680027	2.6190314	0.51970255	-0.06681505	0.007300973	1.3958175	1.8833958	1.8395274	0.45415702	0.0570597
0.43162403	0.38657168	0.9473523	0.2742495	-1.1499891	-0.033817858	0.471744	0.3460717	-0.24974407	-0.6713713
-0.4639829	-0.5217942	0.0032971948	-0.55220336	-1.2242556	-0.62232155	-0.49520186	-0.13127564	-1.7409208	-0.66715884
1.2656801	1.339673	1.4223559	0.915712	-0.63351285	1.092015	2.0244308	1.477105	0.95771456	-0.150607
-1.5179583	-1.4566967	-0.79846966	-1.5060313	-1.1342498	-1.2696768	-2.127775	-0.7776768	-1.6312108	-1.1870092
0.534267	3.3711104	1.0748104	0.23589437	1.9466854	1.8400471	4.18416	2.208351	1.6930858	2.2434285
0.49420634	-0.48988995	0.75901353	0.24691091	-1.0073444	-0.38250524	-1.8602686	-0.43346098	-0.67387336	-1.2519938
1.2510052	0.29032043	1.9362692	1.015217	-1.1914978	-0.8397574	-1.2359124	0.8195367	-0.5211697	-1.5984961
1.1399082	1.1813682	1.7051136	0.96617293	-0.84788597	0.3873715	0.41578233	0.5261489	0.46130925	-1.2559286
0.5147545	1.0444674	0.91348004	0.24359171	-1.1420834	0.44861364	1.0671004	1.2886829	-0.06629647	-0.97180206
0.5781683	0.8708906	0.919634	0.36731523	-1.1119248	0.40631947	-0.35584024	0.36560437	-0.07130898	-0.72606045
0.30800995	1.0764453	0.8218188	0.012035593	-1.2873522	0.30142492	1.1307462	1.0038055	-0.40731484	-0.63106656
0.107462905	-0.93198395	0.6402354	-0.0629085	-2.4791965	-0.09770874	-0.7746819	0.42212045	-0.23065941	-3.6053782
2.5037458	1.5183817	3.0592437	2.2253935	-0.400851	2.3316944	2.0905323	2.6543005	1.6319288	0.30768222
0.96753174	1.4528136	1.3684074	0.7179536	-0.9999393	1.8592956	2.2250862	1.4348075	0.93634224	-1.2530115
0.7356358	0.6789392	1.2834756	0.61348104	-0.8974384	0.5273911	1.2279541	0.5279395	0.43039674	-1.1424987
-0.44741365	0.47026363	-0.098327845	-0.67299193	-1.5417598	-0.7075663	1.058127	-0.16779026	-1.9522462	-1.5231884
0.1226679	-0.45853442	0.6982002	-0.039792493	-2.106475	0.030205682	-0.16820501	0.39136788	-0.10146552	-2.5597403
-0.9756345	-1.2558732	-0.45240036	-0.9943899	-1.4657764	-0.7252987	-1.2755146	-0.3894798	-1.2736031	-1.3188837
1.0872461	2.0819316	1.5762984	0.7737172	-0.5288939	0.80778354	2.3802164	1.2288473	0.45632005	-1.3719517
1.8221549	2.6125853	2.0620992	1.423819	-0.96401346	1.0540521	3.0013819	1.6672342	0.9705863	-0.36332
-0.36275128	0.5270132	-0.004435748	-0.5356872	0.0019696057	-1.3293002	-0.46996188	-0.7690714	-1.8352698	-0.47157186
0.7842854	1.2494013	1.3593051	0.48444676	-1.141979	0.42449895	1.6148794	1.0467906	0.23952638	-1.0748827
-0.15386875	-0.55291724	0.23543419	-0.3365217	-1.9947865	-0.62073994	-0.3273812	-0.09454892	-1.1416265	-1.7048945
-0.32237342	-0.90616035	0.13049777	-0.44959855	-2.03051	-0.75585747	-0.94821835	-0.5512707	-0.6781724	-2.0438526
-1.0437921	-0.3700429	-0.6043049	-1.176841	-1.4656887	-1.4405954	-0.746157	-0.81940734	-1.9954352	-1.2629025
-0.7137262	-0.8351449	0.12757728	-0.81455207	-1.3408364	-0.035809	-0.9571366	0.87279505	-0.48175818	-2.18755
0.8781213	1.0192859	1.1993365	0.5757215	-1.0766007	1.316584	1.3335241	1.2793705	1.010534	-0.9266247
0.5502814	-0.80201066	0.73873365	0.5323173	-1.2175997	-1.2599419	-1.4835545	-0.9918115	-1.3430842	-1.3626155
0.27662027	-0.09272866	0.7176069	0.14203443	-1.2202178	1.0306214	0.037690055	2.2019966	0.7979841	-1.5176002
-0.016895019	0.19588932	0.48714253	-0.19609308	-1.2663258	-0.62848884	-0.4573108	0.20681147	-1.1238593	-1.6533054
-0.08750257	-0.58039737	0.47046196	-0.24135998	-2.3913467	-0.061418906	-1.0206746	0.30780363	-0.24061461	-3.134549
0.7892048	1.2268726	1.2782899	0.46646225	-0.80660915	1.158819	1.4366101	1.8861824	1.4601681	-1.5098119
0.53141725	0.58439744	1.2001153	0.3169256	-1.2952553	0.5020484	0.6140792	1.2212042	0.517203	-1.5947205
-0.07825697	-0.5309795	0.30365998	-0.19142406	-1.4098436	-0.37346113	0.005017843	0.20274003	-0.35841706	-1.6107305
-0.83306074	-0.87798846	-0.4036071	-0.95231897	-1.5432665	-1.0239058	-1.2718475	-0.56908	-1.1296077	-1.1595619
0.4261495	0.60487294	0.9132409	0.20166795	-1.1907457	-0.3678206	0.5183326	0.76743233	-0.2215806	-1.3841487
1.0615596	-0.039040387	1.3476938	0.7995745	-1.5682718	2.5323045	3.132334	2.7743406	1.9968176	-0.114539415
-0.1675018	0.6977811	0.18440619	-0.5510404	-0.89848804	-0.4548527	-1.8407067	-0.03284957	-0.88379806	-1.0582757
-0.36439407	0.08885217	0.0988196	-0.5810712	-1.4092008	-0.8595865	-1.2916113	0.06778223	-0.8877994	-1.3553348
0.33391255	2.1565611	0.5339242	0.07151838	-0.053382665	1.1451231	2.2773569	0.9839055	0.4056339	0.043904465
0.66803044	1.2878095	0.5957153	0.46175998	-0.82814443	2.0913901	3.0056067	0.2379069	1.4528251	-0.54847085
-0.21060169	-0.5182946	0.23424801	-0.3502162	-1.3436613	-0.86341065	-0.8700699	-0.64657503	-0.60206693	-1.6368532
0.32885242	-0.13881138	0.9895133	0.24455358	-1.4215719	-1.0232337	-0.6000205	-1.5252075	-2.9981303	-3.2401896
0.30821455	0.018559128	0.87536323	0.13017203	-1.4914017	0.40048277	-0.23624004	0.6460472	-0.0016134355	-1.5725744
1.7252097	0.6223321	2.3664348	1.4963583	-1.2683119	0.6328133	0.45646378	1.3058127	0.3300345	-1.360109
1.0188254	1.6605229	1.3147795	0.75410575	-0.98892725	0.4702745	1.8392799	0.80604804	0.4424597	-1.2057214
-0.43401816	-0.4865668	-0.0075410604	-0.55162925	-1.3663566	-0.93436795	-0.62097377	-0.2823762	-1.0892178	-1.3369383
0.33507657	0.95643663	0.79580545	0.066400126	-1.1810753	0.41967294	1.5156928	1.4135889	0.518666	-0.8701295
-1.0190045	-1.1565628	-0.5241729	-1.0559738	-1.5320865	-1.179307	-1.4404321	-0.4226276	-0.44441086	-1.5770324
0.88957614	0.5515474	1.546974	0.64964503	-1.4342284	0.09378903	-0.33181348	0.94535184	-0.71498036	-1.6826748
0.38071847	-0.0061494857	1.0098535	0.18151401	-1.1708757	0.31731498	-0.033156913	1.1228404	0.0074766963	-1.2309623
0.13019443	-0.036166638	0.584986	-0.06615853	-1.220307	0.82129854	0.69675237	1.5840381	1.4027162	-1.0072439
1.458725	0.61573493	1.6097819	1.1728927	-1.0682144	1.8133692	0.19701557	1.9837871	1.8139579	-0.9121033
1.9203986	1.9128935	2.2110515	1.5772856	-0.84634256	1.087865	1.2459667	1.3427026	1.0050057	-1.6971406
0.51797074	-0.14342004	0.9897231	0.4399439	-0.96627045	1.1027437	0.02013051	1.7574946	0.47857565	-0.79539233
-0.18643937	-0.23912644	0.21965113	-0.27427876	-0.9436095	-1.0529846	-0.41379955	-1.1926241	-0.6111261	-1.4382683
-0.5062814	0.16787827	-0.23076358	-0.64553833	-0.96937513	-0.7330675	0.20309767	-0.14529641	-1.8816216	-0.9321704
4.086153	2.9020247	4.2277846	3.6571794	-0.43102488	2.3875604	1.0428623	3.202091	1.8549361	-0.9499868
-1.704046	-1.7384497	-1.0257937	-1.7058166	-0.87986064	-2.259889	-2.4593163	-1.158975	-2.6739066	-1.8111479
1.8060765	1.2760178	1.8024018	1.573689	-0.20642763	1.9297014	1.9527466	1.938671	1.3719505	0.55821186
1.0009325	2.1223626	1.2486181	0.6927433	0.38603398	1.8050277	2.011444	1.1180933	1.3734885	-0.19658165
0.3604087	1.5859253	0.73778164	0.04541616	-1.3555123	-0.15708028	1.2312002	-0.06344593	-0.7319599	-1.2503933
0.024664573	-0.65897685	0.83869493	-0.12702872	-1.5854017	1.027222	0.122037865	1.6826564	1.1081196	-1.5047867
-0.07885382	-0.42035785	0.64005315	-0.21385421	-1.4893929	1.0491614	0.8076063	1.5193386	0.9169272	-1.2174852
-0.0026534274	-0.64709556	0.5855794	-0.052952632	-1.0104752	1.0596191	1.0322409	1.5557851	0.9067804	-1.8624732
0.86780286	0.7140869	1.4048136	0.64040315	-1.4040657	0.9147212	1.2013847	1.5563972	0.38526887	-1.2822231
0.05601562	-0.1298401	0.48198134	-0.08615358	-1.4662514	-0.05586782	1.2851397	0.5743503	-0.22422417	-1.3542682
-0.6360121	-0.98463786	-0.109974116	-0.68448395	-1.444338	-0.9839035	-2.4510748	-1.1752084	-0.9485794	-1.2732974
-1.0898972	-0.6286017	-0.63573074	-1.2633293	-1.7651812	-0.9828829	-1.119418	-0.606875	-0.7751708	-1.8208469
-0.7507092	-0.26296744	-0.3023652	-0.8927831	-1.0484858	-0.71786356	-0.09172108	-0.4724471	-1.7496742	-0.5963915
-2.0362723	-2.133936	-1.2669399	-1.9499084	-0.45919493	-2.1246123	-1.8459764	-1.4562517	-2.0185478	-1.207804
-0.3466874	1.8792241	-0.009417504	-0.61835486	0.068908095	-0.28272143	2.2120426	-0.24916425	-0.719372	-1.7175094
1.105867	2.605402	1.4567082	0.75438637	-0.28842393	0.9386061	2.857075	1.4252306	-0.17360124	-0.9736567
0.14421418	-0.13233429	0.88622606	-0.0651335	-1.2461327	0.06264445	-0.6611082	0.7338624	-0.017265135	-1.4719781
1.5543932	1.2475933	1.7937734	1.2528584	-0.59756696	2.6337595	2.3833442	2.9468508	1.9691824	-0.7834244
0.273732	0.45459095	0.8467822	0.039850965	-1.4336321	-0.025719209	0.73919725	0.92370945	-0.36716685	-1.9534322
-0.0054636374	-0.2330442	0.4442496	-0.120139405	-1.3169047	-0.16187653	-0.7483575	0.6973853	-0.09863052	-1.3712096
-0.40178582	-0.016562045	0.12133542	-0.51750517	-1.2096841	-0.43451402	-0.18930748	-0.11647793	-0.906961	-1.3902347
1.9335817	1.5556128	2.203487	1.6133518	-0.7801064	2.3101258	2.249583	2.5555105	2.271046	-0.7675098
0.5987674	0.1400542	1.1537064	0.39146614	-1.3973352	0.23448803	-0.13509868	0.5879161	0.3046136	-1.727141
-0.41481984	-0.8299643	-0.0014767647	-0.4978727	-1.5594848	-0.7234928	-1.0145717	-0.58021796	-0.29561666	-1.5424632
0.3539849	0.8427732	0.8791126	0.116521075	-1.2854472	-0.42072025	0.8029763	-0.1540105	-1.7343928	-0.7799687
0.30321923	1.2663792	0.78780055	0.05309248	-0.8304275	-0.26887208	1.0338885	0.09652629	-0.032124758	-0.26031923
1.6233802	0.7151767	2.4054203	1.337849	-1.1008177	1.4563165	0.39919734	2.5022247	0.93954384	-1.3705536
0.5545221	0.8540702	0.73658246	0.30766672	-1.0369302	0.4724215	1.6960224	0.8608199	0.5333693	-0.22090746
0.10919129	-0.5770699	0.630978	-0.04361853	-1.7380068	0.060367398	-0.7544271	-0.15077616	0.09305511	-1.5203657
-0.011989832	-0.85451126	0.5722932	-0.12038132	-2.201789	0.25104687	-0.4312247	0.8905308	0.16007622	-2.1249635
1.0224015	0.033657074	1.7977619	0.854151	-1.1645395	1.4376285	0.4912755	2.3547814	-0.020307316	-0.7087096
-0.15863666	0.288402	0.19888565	-0.312558	-1.1720153	-0.62300426	0.48962414	-0.21937644	-0.397591	-1.2646974
1.2246023	0.49587956	1.8020794	0.9509108	-1.5464951	1.0186812	-0.54899305	1.2867308	0.58775234	-0.9497344
0.69174474	0.85272443	1.1590027	0.47006774	-1.7989998	-0.05983585	1.8076526	0.4640627	-0.08871644	-1.295271
0.47133514	-0.06668046	0.8235959	0.18507762	-1.3500886	-0.24105434	-0.49398082	0.52386	-0.23714437	-1.6045604
0.32275003	0.10963613	0.65314305	0.15210523	-0.934378	0.3141461	0.3441184	0.32541448	0.6821469	-0.6568915
0.68465376	0.41251168	1.1301837	0.52432495	-1.1781394	0.70099074	-0.31469265	1.1281216	0.041225754	-0.24653798
0.09575369	-0.4190674	0.42981175	-0.038078412	-1.5038887	-0.53380495	-0.7779238	0.52931345	-0.8235082	-2.2113566
2.7382586	4.3337502	2.2218044	2.1761546	-0.26617205	1.1894159	3.9027076	1.5120032	0.74945945	0.51264685
0.8938367	0.9023963	1.1128621	0.6393273	-1.5826201	-0.088581845	-0.7725347	0.5338788	-0.68410796	-2.3873947
4.190007	1.3786741	4.459624	3.7395887	-1.0726618	3.1416965	3.0458953	3.374399	3.3987947	-0.45696524
1.7537729	1.0569866	2.5217118	1.486596	-0.7550057	1.9222838	1.1173675	2.7277856	2.0800285	-0.556144
-0.6298204	-0.33533186	-0.47655436	-0.6637554	-0.59820426	-1.1608424	-0.8235992	-0.79262877	-1.265517	-0.52088374
-0.53387976	0.09619585	-0.11081308	-0.7495182	-1.4293123	-0.7179735	-0.91594887	-0.030051328	-0.57365674	-1.6091677
1.8174337	0.8916676	2.383739	1.6673018	-1.4245665	0.40964	-0.26294956	1.6685116	0.6529407	-1.3532113
2.6329038	1.7456273	2.8747065	2.1045022	0.6158116	2.188344	2.0609918	2.0010397	1.7409885	-0.22495283
1.6563691	0.9574816	1.9018681	1.3355854	-1.5962023	3.7855089	2.04095	3.3369417	3.6502724	-2.000028
0.17836249	0.24303377	0.66553926	-0.05836664	-1.4135039	-0.26281708	-0.7057399	0.28861284	-0.022314267	-1.3972772
-1.5537449	-1.7107795	-1.0593503	-1.3926778	-1.3324368	-0.7834408	-1.4891756	-0.59041345	-0.8860492	-1.0394422
-0.31776762	-0.98623633	0.1939553	-0.47703695	-2.2591445	-0.42842922	-1.05233	0.1894944	-0.52051526	-2.7830524
-0.66517395	0.8028444	-0.35217354	-0.9455237	-0.9640616	-0.9036626	0.77731943	-0.14151412	-0.64725846	0.5801903
-0.5200225	-1.0322201	0.10443385	-0.6503565	-1.957022	-1.3205302	-1.7685541	0.41054118	-0.55431485	-3.0930138
-0.45162687	-0.7188998	0.04296142	-0.57910824	-1.504922	0.07452272	-0.89343244	0.82272846	0.07789129	-1.4354514
0.53875023	1.6113304	1.0539367	0.24869989	-0.36985877	0.05852121	-0.24573623	-0.0917498	-0.56985986	-1.133831
0.7766233	1.7172968	1.2148954	0.5248539	-0.6186344	1.1673307	1.5867622	1.3204554	0.67845273	-1.5944391
0.09317704	-0.27032983	0.49552897	-0.1320021	-2.0314977	-0.23734398	-0.8009638	0.29323933	-0.55203795	-1.8335625
0.735966	0.34649864	1.1540445	0.53619874	-1.1577091	1.0556699	1.4523264	1.3972591	1.0506582	-0.9572553
0.05265283	-0.5078325	0.52995	-0.12848397	-1.2189233	-0.74449193	-1.6031628	0.027211245	-0.7865898	-1.4390812
-0.5679271	-0.21108446	-0.12197426	-0.6353572	-1.2518103	-0.02881279	0.64951104	0.6476381	-0.34548742	-1.2582458
0.8146843	1.4652826	0.4555257	0.5677116	-0.17274924	0.44126615	1.4589449	-0.0013008622	-0.026741097	-1.0795557
1.1464754	0.16258577	1.8493814	1.0107414	-1.0035845	0.8164102	-0.96085423	2.0656023	0.7098092	-1.3498112
0.54536927	1.1732336	0.7746576	0.22831403	-1.365469	-0.41095164	0.68406266	0.12828928	-0.6107463	-0.86317575
0.018778406	-0.15625578	0.17631474	-0.11681332	-0.771262	-0.4078151	-0.118365586	-0.4003383	-1.2202157	-1.181514
1.3076885	2.1861808	1.3286633	1.0230601	-0.18419948	1.3257608	1.9236169	0.60841286	1.0926102	-0.32402757
0.47031227	0.68757415	1.0148289	0.26306492	-1.1976813	0.99580616	1.3278468	1.5174823	0.35402185	-1.6777219
1.3148687	0.53148913	1.8339405	1.0237266	-1.3712885	0.64154595	-0.27214354	1.3770111	0.42930466	-1.3835793
0.5971063	0.7567874	0.8503604	0.31412113	-0.82735837	0.06629881	0.842915	0.4178823	0.13773629	-0.63688904
-0.36088893	-0.54917526	-0.122207135	-0.4850707	-1.3161917	-0.505809	-0.34119216	-0.2654107	-1.3460944	-0.8453166
0.62884194	0.8196769	1.1162173	0.41689825	-0.70436215	1.1678618	1.0949959	2.0382822	0.6781197	0.4040327
-0.11642609	0.7890941	0.25953197	-0.4072556	-0.9014857	-1.147411	0.06862444	0.12642808	-1.4296561	-1.6392382
0.14201283	-0.76478565	0.7128353	0.019319266	-2.156071	0.2753205	-0.7399976	0.65775985	-0.12415746	-2.1483626
0.6183613	0.80090237	1.1536305	0.43881464	-1.1381471	1.022393	0.7788693	1.3278507	0.97997046	-0.6443543
0.77200764	1.6479855	1.2519777	0.5715233	-0.8042636	0.7186499	2.6105623	1.4421568	-0.26688728	-0.76108426
-0.2102387	0.11411968	0.50974226	-0.44985777	-1.3928058	0.72667235	-0.15622659	1.9559065	0.63805085	-1.4563911
3.0567253	3.052209	3.1766033	2.6167784	0.037727416	-0.25553277	2.0035796	0.66072065	-0.17716351	-1.2795875
0.7230299	0.3864577	1.0684203	0.5232334	-0.9750235	0.6956239	1.730682	0.6447284	-0.41076177	-1.0899374
2.3622177	1.9145648	2.8246472	1.9779477	-0.32601255	3.1305113	2.1575806	3.6385186	2.9575052	-1.060658
0.16112912	0.2711701	0.52165604	-0.097779185	-1.495601	-0.61187863	-0.76131076	-0.18573974	-0.5797131	-1.4233328
-0.789585	0.3534219	-0.5232742	-0.8982436	-1.4289417	-1.1754014	0.037622184	-0.68683434	-0.41702884	-0.7140449
-0.057980902	-0.64895284	0.3543178	-0.24423926	-1.9239506	-0.69773525	-1.4570048	-0.19172814	-0.86675435	-2.3082383
0.2991025	1.3574742	1.2258338	0.07727991	-0.047412068	-0.4940564	1.205612	1.2452351	-0.6745682	-0.10705799
-2.0109496	-1.823072	-1.24985	-1.9472439	0.5797199	-2.2841275	-1.1405236	-1.3348447	-1.1972332	-0.17048347
3.260281	2.6482995	2.8661237	2.793693	-0.9453776	1.5431693	2.109993	2.034424	0.46642178	-1.5584898
0.8455343	-0.1771918	1.0458257	0.6554688	-1.7441005	-1.1434965	-1.337355	-0.05350454	-1.2547812	-1.5980557
1.0620756	4.0711746	1.6582197	0.7033881	2.1763217	-0.45788756	1.8189871	-0.2944884	-1.1277671	0.69021267
1.1002195	2.3388138	1.7552716	0.7149366	-0.28676447	0.66735524	3.005409	0.9770143	0.2281213	-1.1882159
-0.08118798	-0.873688	0.47544986	-0.2493648	-2.5461764	-0.23959681	-1.1702974	0.78427035	-0.21663521	-2.7112439
1.3274685	0.3803412	1.5916812	1.1115096	-1.3510162	1.3036379	0.74766505	1.4771492	0.72987646	-1.4254074
-0.51406085	-0.20667663	-0.18026808	-0.694821	-1.586157	-1.1583657	-1.2946069	-0.5227728	-1.267575	-1.978071
-0.46259633	-0.4690485	0.19860631	-0.60093105	-1.6796051	-0.701338	-0.97246915	0.33980742	-0.5281207	-2.1699083
-1.494526	-1.5734048	-0.92109156	-1.5145891	-1.5688287	-2.0067928	-2.1748745	-1.1921484	-1.6420398	-1.8229071
-0.10059709	0.8665626	0.12291768	-0.3571338	-0.90113115	-0.6479083	1.1884128	-0.7023453	-0.7302096	-1.0334971
1.1201204	1.5976021	1.5419676	0.90319765	-0.5993496	1.6009467	1.8701084	1.9256353	1.5510002	-0.60595214
0.026853852	-0.10326165	0.60548574	-0.07366435	-1.0264724	0.95041645	0.70468676	1.1149172	0.5870635	-0.2296751
-0.3984206	-0.8210702	-0.00709334	-0.49747586	-1.3807867	0.11407915	-0.50844234	1.0341115	0.006368495	-2.1924305
2.1543272	3.9803007	2.1484432	1.760126	0.5489508	0.6230472	3.271229	0.7339855	0.07403259	-0.5235762
2.086911	2.154001	2.2163954	1.7452457	-0.3940804	2.2552197	3.0683832	2.3597567	1.9605571	-0.13302429
0.5838438	1.6446	1.2570109	0.32057673	-0.69409335	0.29726535	1.0658408	0.9117285	-0.1297345	-0.9194764
0.8380039	1.0967487	1.3058481	0.58123267	-1.273907	1.0667112	0.39271992	1.3245618	1.0818394	-1.3220934
-1.2049285	-1.4520986	-0.7372724	-1.1660534	-0.64537036	-1.5570226	-1.7060059	-0.68967307	-1.5321937	-2.5203593
-1.4730115	-1.6082692	-0.9334115	-1.4937607	-1.6885238	-0.15926155	-0.67193586	-0.107718654	-0.18769318	-1.389184
0.6453295	0.14718375	1.1470822	0.48361862	-1.2352244	0.5214995	0.50460887	1.0830436	0.4595901	-0.74233097
0.49884948	1.4985423	1.019787	0.15488864	-0.672405	-0.062083293	1.324919	0.0031903193	-1.1965189	-1.362383
0.66013235	0.22198862	1.1887956	0.565124	-1.079019	1.3735048	0.33870265	0.9763155	1.2012761	-0.97240865
-1.6105524	-1.4453425	-0.90040445	-1.6369755	-1.4021746	-2.7063336	-1.9689959	-1.3013508	-2.852134	-1.8873805
0.03278438	-0.98463917	0.9020331	-0.0018558055	-2.2179217	0.35452497	-0.4778474	0.5508146	0.69426155	-2.6446066
-0.8443857	-0.818382	-0.45282957	-0.88920003	-0.9900594	-1.0563821	-0.953159	-0.91472286	-1.2313708	-0.35387918
-1.3380651	-1.4992009	-0.85872686	-1.3358438	-1.6094002	-2.1553411	-2.0944722	-1.1442531	-2.2379463	-1.92931
1.5393307	2.5769126	1.7517246	1.2579764	0.6724931	2.250008	2.017703	2.4299972	1.6085067	0.08311962
1.5831077	2.9411204	1.5994549	1.1440592	-1.0505743	0.032701243	1.7734914	0.5371716	0.3232278	-1.3002722
1.234114	1.9646237	1.5080667	0.8673825	-0.3260799	1.6053262	3.083458	1.7543776	1.3597896	0.7494161
-0.03212405	-0.08826408	0.31707937	-0.15413557	-1.0292054	2.1248212	0.23632406	1.7793337	1.9401325	-1.5238358
0.24806988	-0.50713027	0.80300856	0.10305087	-1.9285226	0.4553777	0.86991733	0.955504	0.19651857	-1.9904149
1.6435336	2.677459	1.685797	1.220389	-0.7267202	1.8989161	2.3297493	2.2522957	1.5628282	-1.00494
0.09788705	-0.20889935	0.5651841	-0.015413761	-0.90610206	0.20883544	0.077792816	1.4851645	0.56651723	-1.0061876
-1.2593684	-1.3494856	-0.8079908	-1.2813752	-1.6091481	-1.5709139	-1.080307	-1.0841897	-0.72827816	-1.7583536
0.1013856	0.9822066	0.29340652	-0.11872111	-0.47097594	0.7392343	0.04779473	0.6619936	0.11479741	-3.2129948
1.4301981	3.2251022	1.3221308	0.8784658	1.2402643	1.1406238	2.6523952	1.3438059	0.34964868	0.96176046
1.2329185	-0.1274398	1.6474123	1.0459079	-1.2832319	0.69908655	-1.1514665	1.5506295	0.66695786	-2.1403964
1.3976971	2.1596425	1.7720731	1.048608	-1.1546898	1.5847664	3.7069073	2.0179002	0.545524	-0.6432976
-0.027681142	0.39413652	0.46654022	-0.282458	-1.7839905	-0.22957265	0.50540733	0.85600835	-0.2920111	-1.24588
0.8638938	1.5530691	1.1483233	0.5303215	-1.7470111	3.9798427	3.1815917	3.4192672	3.6043694	-3.9787242
0.8740397	1.7462685	1.3256149	0.5709119	-1.0853666	0.44513184	1.2558881	1.4599663	0.23548494	-0.8513684
1.2352803	1.6812347	1.3617013	0.9363544	-1.0572592	1.0936713	1.1839032	1.8823721	0.99514973	-1.0641757
0.5531359	-0.007655278	0.9320409	0.30006075	-1.4256548	0.3952809	0.046431318	1.1259333	-0.24948229	-1.0115122
2.444162	2.4794984	2.3095083	2.0930548	0.22351274	2.9381607	2.215125	1.831747	2.4317887	0.75174034
2.1322048	0.62096155	2.329157	1.8004429	-0.8348338	2.7103755	0.46515632	2.153451	1.6776009	-0.929106
0.33146548	0.75612617	0.813449	0.09861009	-1.2972828	-0.036986	1.2555759	0.35759696	-0.19387403	-1.5746534
2.1359265	3.7495499	2.2534187	1.8717952	1.2583779	2.384394	3.6068563	2.6417618	2.6898377	0.6604822
0.49996647	0.8194742	0.944965	0.27214795	-1.1048201	0.12229493	0.78898203	0.23689702	-0.47279721	-0.8771189
-0.19127679	-0.16020584	0.15005878	-0.30168185	-1.0692527	-0.14071512	1.0763893	0.16204312	-0.26037532	-0.6001488
0.5595625	0.23526064	0.64022374	0.29800296	-0.44721153	0.82545847	-1.5977827	0.72077924	0.10681559	-1.3732089
0.7198535	1.0242826	0.85692656	0.42045128	-0.62165725	1.2673559	1.4231415	0.6764793	0.35399145	0.22010532
-0.45702192	-0.8593503	0.035549194	-0.5752591	-1.29361	-0.38702717	-0.98266286	0.4758963	-0.54232925	-0.32868618
3.4397967	3.8424847	3.1851928	2.9647274	-0.6175245	3.198847	2.701017	2.8108087	2.7617185	-1.822538
0.47538742	-0.2592477	1.0517666	0.30929828	-1.6845276	0.3199032	-1.4081036	0.44253638	-0.5822735	-2.0614536
0.561933	1.3044873	0.9355546	0.2793972	-1.0492704	0.7990203	0.7861723	1.6215998	0.40785104	-1.3729355
-0.6515959	-0.06517023	-0.25298867	-0.83346975	-0.4211406	-1.2300977	-0.02499829	-0.79671717	-0.7153887	-0.9287133
0.23184815	1.9709783	0.28924736	-0.030796066	-0.7269527	-1.1975142	0.4927643	-0.63281065	-1.38616	-1.2558631
0.2990658	0.7437289	0.7039425	0.136703	-1.3017415	0.55005753	0.52345765	0.58437514	-0.12076366	-1.3852248
2.9585772	1.8250206	3.006618	2.680078	-0.25748476	2.9682462	2.8968894	2.8511841	3.0316024	0.1209606
-0.53880054	-0.296235	-0.23815411	-0.72022855	-1.6752074	-0.5516643	-1.3108062	-0.054063674	-0.7739652	-2.0845268
-0.47284546	-0.7908114	-0.15587035	-0.5783395	-1.511696	1.1150181	2.171134	0.46448383	1.0722845	-0.6507027
-0.047107346	0.7317301	0.6889115	-0.28518045	-1.1575224	-0.62621886	-0.1954529	-0.13808681	-0.09205091	-1.1024355
0.41805452	-0.30271927	0.9741713	0.18223123	-1.7137071	0.34055766	0.36690032	0.47110566	-0.021109259	-0.7231588
-1.8654182	-1.9921553	-1.2540567	-1.8025854	-1.9308316	-2.0450366	-2.0510461	-0.9346121	-1.6754024	-1.6309619
2.235576	3.648297	2.842036	1.9544678	1.5004824	3.523396	4.7076	4.3907313	3.035464	1.7307719
0.42374942	-0.34737307	0.80900836	0.24021058	-1.3868595	-0.2869611	-0.7760002	-0.33960438	-0.36385864	-1.3460443
1.2489754	1.9655423	1.7544682	1.0136979	0.65966666	0.4553516	1.0366286	1.0508733	0.49462643	-0.2661568
-1.4952303	-1.5013697	-0.9955636	-1.5265157	-1.661974	-1.6099951	-1.1141204	-0.36435187	-1.4001732	-1.0782357
0.7657417	0.748546	0.9280175	0.45076168	-1.2966286	1.1758317	-0.7070163	0.935194	0.62300235	-1.4434226
0.7308991	0.50394917	1.0575716	0.55010444	-1.0142117	1.951608	-0.15680063	1.8565007	1.9851007	-1.4498808
-0.66452765	-0.67179596	-0.20422068	-0.75003636	-0.99401283	-1.3945981	-1.2593819	-0.6562532	-2.0629523	-1.2167603
1.5875326	1.3717082	1.9901549	1.3847811	-0.77597106	2.1318023	2.9725318	1.4886959	1.4837497	0.18864763
-0.40340564	0.07842541	-0.04377821	-0.51298255	-1.2423236	0.017081238	-1.6851656	0.23633349	-0.018122075	-2.3204904
-0.032467403	-0.6491115	0.48789272	-0.25954193	-1.722195	-0.85739887	0.0011860521	0.41663858	-0.9212157	-1.5562954
0.08622726	-0.26406133	0.59820926	-0.043342367	-1.2414851	-0.679039	-0.9305307	0.10495915	-0.711474	-1.7292993
1.458838	1.2785056	2.0949595	1.2028867	-1.114452	1.4977545	1.5272226	2.0289812	1.4524521	-1.0239555
-0.39043304	0.30454698	-0.051768214	-0.47317386	-0.644902	0.3774693	0.7506895	0.20416033	0.35206875	-1.1647246
1.8483218	1.946902	2.2087135	1.5029747	-1.1413795	0.8250682	1.7549819	1.1815288	1.1425593	-0.5833448
-0.091071695	0.37312743	0.29189178	-0.3426774	-1.3751677	-0.46525824	0.7297425	0.04534429	-1.6020834	-1.1815181
2.1259725	1.4386427	2.4165378	1.8703098	-0.11504215	2.9816306	2.281553	3.1213174	2.5756204	0.3839952
-0.22929749	-0.34551936	0.2636538	-0.31065786	-1.3208362	0.6523584	-1.034548	0.06330407	0.83492184	-1.7586007
-2.0198936	-1.6773858	-1.3165509	-2.0283191	-1.3228694	-1.649357	-0.5472871	-0.94455373	-2.0329778	0.52283454
1.1852695	1.0671791	1.6859031	1.018933	-0.24061461	1.015337	0.7094004	1.2679558	1.1874565	-1.630397
0.08236847	0.9602896	0.5485128	-0.19986156	-0.8890555	1.000089	2.0717423	1.5153514	1.1601778	-1.3029114
4.7140617	3.8307002	4.1160126	4.326702	0.12521496	3.6270735	3.984056	3.053391	3.4506433	-1.1293985
-0.06500647	-0.07149601	0.4290402	-0.25074583	-1.4856215	-0.8061326	-0.16803257	-0.31717375	-0.15642446	-1.0872494
0.053906165	-0.043250054	0.5967658	-0.10342012	-1.1543196	0.55511165	0.58003885	1.2259865	0.36803314	-1.497648
1.0165304	2.2402875	1.4026462	0.68993586	-1.1421924	0.5087656	2.0925841	-0.21189643	-0.037859216	-1.5664285
-0.6938818	-1.4002082	-0.22093326	-0.74708605	-1.6187502	-0.5875854	-1.8197011	-0.10227738	0.046996314	-1.1021434
-1.3267876	-1.5142741	-0.7965685	-1.3400109	-1.7515621	-1.8163432	-2.1775439	-1.3244867	-1.6168965	-0.83505696
-0.9197714	-1.3435209	-0.37292156	-0.94790107	-1.940868	-1.4648392	-1.5318851	-1.548107	-0.94153666	-2.7367766
0.5452197	2.0832486	0.79605675	0.19834207	-1.3049215	1.0806916	1.9662832	2.1128414	0.79325986	-1.0405105
1.2555476	2.325762	1.7278873	0.92636144	-0.6916069	2.5304267	1.2084979	3.1877012	2.106242	-2.0593688
0.2676297	0.35701594	0.79581356	0.14253582	-0.9083371	0.07604089	-0.20961966	0.5863352	-4.9936923e-05	-1.0977142
0.30877092	0.82129467	0.81385076	0.020240858	-1.5087823	2.0217156	2.1978717	2.373964	1.9099083	-0.53275585
-0.24640921	-0.24616933	-0.15962872	-0.26710975	0.25847986	-0.91905844	-1.1776668	-0.8416976	-1.0678626	-0.6218195
0.39660022	0.68546164	1.1097274	0.14045395	-0.91269016	3.992596	4.086468	3.0231144	3.4937086	-0.99455243
-0.3309513	-0.54419076	0.100082144	-0.50706303	-1.6383673	-1.7013794	-1.3422736	-1.3442297	-1.6147395	-2.0375538
0.37841251	-0.26637685	0.82977045	0.1355126	-1.6699418	0.40352005	-0.37162128	0.92452353	-0.5362033	-1.2990888
0.15350369	-0.69607	0.6795646	-0.02294378	-2.3848658	-0.3599463	-0.042155515	0.08559999	-0.8463129	-1.9809829
1.8499411	4.2634683	2.2384806	1.4060423	0.3674772	0.72235197	3.8516705	1.0830712	-0.007065635	-0.50107163
0.28910232	-0.46917647	0.64552546	0.1516308	-1.2383375	-0.42201975	-0.65376824	-0.10283904	-0.48036575	-1.8074772
-2.1423082	-1.9505892	-1.4185854	-2.092084	-1.4796916	-1.9895349	-1.6048263	-1.3701295	-2.5203073	-1.4933913
-1.1085083	-1.3794823	-0.4783145	-1.0028231	-0.7427345	-2.0218458	-2.163379	-1.7258363	-2.0864701	-1.2331579
0.5393261	0.5582868	0.9696474	0.31442994	-1.134064	-0.15868327	-0.79486454	0.05749911	-0.50262284	-1.4827329
0.3168998	3.2506816	0.118201375	-0.010555178	-0.6143298	-0.1543431	4.861801	-0.24087022	-1.1148822	-0.35403404
0.41435835	0.8454895	0.7960794	0.19636713	-1.1707171	-0.048666377	0.9618304	1.0556253	-0.046395972	-1.7091614
-0.05635319	0.45893076	0.23522231	-0.25703204	-0.91289926	-1.376436	-0.63002616	-0.5597558	-0.14010389	-1.3992211
0.79171836	0.26350278	1.2441974	0.6304642	-0.773791	-0.2600482	0.19510695	0.0068388446	-0.59965616	-0.5902551
0.9273233	0.06388855	1.5610884	0.688827	-1.250995	1.1086204	-0.3029772	1.3520939	0.9170969	-1.1961163
-0.048149716	0.036646187	-0.053569913	-0.14396809	0.4825271	-0.50089735	-1.2845721	-0.26915208	-0.8353492	-1.1314459
0.38717234	-0.1314744	0.939522	0.29917353	-1.3007919	-0.44763198	-0.35340738	-0.16359495	-0.41375095	-1.0093122
1.795979	3.3445456	1.9281573	1.4543087	-0.12128955	1.3093653	3.4877417	1.4441905	1.5443646	0.012263494
0.055789493	-0.91602707	0.6835246	-0.039771125	-2.1873093	0.10306527	-0.5697037	0.57827353	0.22983478	-2.5058525
-0.82744074	-0.578266	-0.7916099	-0.94275767	-0.5620339	0.08553402	-0.55339116	-0.40913686	-0.09955678	-0.8271305
2.5766914	3.9020712	2.365784	1.887991	-0.37583935	2.4066844	4.6287203	1.8541543	1.1102414	-1.2337435
0.09117199	0.70414305	0.48002487	-0.13186291	-1.0923507	0.50237006	1.1630235	1.0695752	0.10920245	-1.9775381
1.5678303	1.362117	1.4680698	1.2300526	-0.97342014	1.3962669	2.7531314	1.2670112	0.69664013	-0.4869846
0.2498157	-1.2798619	0.8964937	0.081532106	-2.5305715	0.19470872	-0.9861525	0.76526046	0.09111135	-2.992441
-0.005127527	0.25348875	0.56985795	-0.14916527	-1.1387098	-0.28891945	0.9452631	1.2668178	-0.09476001	-0.8645849
1.4790632	3.1426108	1.1960924	1.0473648	0.051074773	0.9094749	1.174026	0.3775402	0.28414112	-1.5872939
0.22144303	-0.07697198	0.84439254	0.073026076	-1.7218255	0.34798828	0.21790102	0.15381937	-0.7152806	-1.4692447
1.0872176	0.23203424	1.1213565	0.93267024	-0.9766898	0.95269454	0.033557434	0.34418765	0.17096224	-1.5230883
-0.6624958	-0.9218768	-0.27409324	-0.75933075	-1.627149	0.20754997	-0.594654	0.7123219	-0.26086304	-1.0781
-0.8344822	-0.9361391	-0.3671113	-0.84416866	-0.8147799	-1.9728097	-3.0409603	-1.6326514	-2.3582954	-1.7552763
1.4964839	1.7624834	1.9972936	1.2656468	-0.9884778	0.6157093	0.040658347	1.2403742	0.48866627	-0.7336344
0.9020398	0.4792594	1.3086402	0.6366273	-1.8567227	0.7485905	-0.2708865	1.147916	0.59335464	-1.42815
0.8224698	1.9927683	1.334179	0.5725925	-0.91458213	-0.4492182	-0.35363898	0.6295522	-0.64680606	-1.5868012
-0.21876836	0.11735681	0.10802242	-0.3788953	-1.1414027	-0.42236006	-0.89211214	-0.0018734729	-0.54200745	-1.5440825
1.0058758	0.6647198	1.6800063	0.81503654	-0.9640558	0.6470028	0.3709132	1.1896204	0.6293776	-0.99287754
0.2857631	-0.12267579	0.65068984	0.11065163	-1.0600816	-0.4093227	-0.4565506	0.011176485	-1.0042644	-2.2692797
4.678921	3.0944993	4.2087765	4.1913466	0.51133883	5.875662	5.0492067	5.920086	5.227812	1.7277712
0.6026303	1.2833805	1.0957472	0.34285945	-1.1816119	1.2002517	1.1522299	1.0431197	0.099991195	-0.8517513
0.6159706	1.8356943	0.81919	0.2068881	-0.22198431	1.2209798	1.2273601	1.612334	1.0170301	-0.8695033
-0.20104751	-0.4847828	0.34287107	-0.3606224	-1.626211	0.09650281	-0.52731353	0.5411258	0.32530433	-1.6387037
1.0969023	2.1304781	1.0747712	0.7521881	-1.2073058	1.7470624	2.071239	1.3786715	1.1118169	-1.4936208
-0.9473051	-0.9425595	-0.56821513	-0.9758915	-1.4001878	-1.0484301	-0.36310798	-0.31987938	-1.3501229	-1.5836163
0.39703766	1.055963	0.79969335	0.15827404	-0.54084396	1.3529373	0.9438053	1.7018771	0.72606885	-0.66336715
0.20057145	0.44978347	0.47538814	0.058700964	0.28409895	0.09463551	1.4137267	-0.14926766	-0.0077096038	0.32964474
-0.24775848	-0.3410583	0.3329292	-0.42456	-1.813372	-0.048547927	-0.1526252	0.48463032	-0.1644481	-2.2499006
-1.5281512	-0.9463557	-1.0873225	-1.5742512	-0.9995016	-1.7766356	-0.75439364	-0.25040323	-1.230181	-1.6049174
2.9200602	2.3571455	3.0511138	2.6244218	-0.31252778	1.6506729	2.708653	2.1856897	1.6447242	-0.26939586
-0.12884858	0.07058084	0.25296462	-0.2942189	-1.0956794	-0.21607134	-0.11528934	0.1007628	-0.46411872	-1.8101335
0.33178902	0.23090264	0.9028175	0.126123	-1.5899503	0.5590502	1.0129781	1.7283288	0.81072307	-1.1510541
-0.41912505	0.24161991	-0.03174624	-0.6392045	-1.4754465	0.0617635	0.10447383	0.7576279	0.3831646	-0.82138777
0.16576043	-0.37845063	0.7877017	0.034268066	-1.7472883	0.7299313	-0.35656643	1.4953384	0.1316925	-1.7952839
-0.8004008	-0.942116	-0.40233395	-0.87630165	-1.0881453	-1.2006745	-1.3284465	-1.3049524	-1.3882246	-0.5183036
0.03715486	-0.38112625	0.50746477	-0.12691443	-1.8340794	-0.7999174	-0.85603356	0.22199048	-0.81903166	-1.4743453
-1.1806258	-1.2759632	-0.7551389	-1.2365093	-1.5538082	-2.3129551	-1.7996182	-0.86629623	-2.3279254	-1.8926377
-1.5091656	-1.3221557	-1.0298371	-1.5313491	-1.2514365	-1.9851441	-1.0568484	-1.1476991	-2.1431413	-1.4984397
0.65669054	1.5611528	1.162603	0.345365	-1.056413	1.2343073	1.5131508	1.1501461	0.698995	-0.9667006
1.0011295	1.1411788	1.4033365	0.7063129	-1.0932674	0.40765253	2.0682611	1.1211067	1.0169814	1.0419829
-0.6432587	-0.662622	-0.22407612	-0.6641096	-1.1565683	-1.0884439	-1.2277479	-0.39851442	-1.2453216	-1.0841784
0.3415527	-0.028731063	0.65410745	0.1365643	-1.3775989	1.1449478	-0.9997504	1.4414525	0.19325195	-1.8935676
1.0270495	0.6039156	1.2857981	0.74564797	-1.7403761	1.0192479	-0.4368849	1.0269382	0.055493	-1.930466
-1.3767204	-1.4460678	-0.7287408	-1.4167647	-1.8872339	-1.5878415	-1.9730561	-1.358804	-1.5132573	-2.086368
0.18369585	-0.59131	0.56237555	0.13270675	-1.7937192	-0.5328525	-1.0704159	0.5203942	-0.1660643	-1.8963073
1.4013988	1.3361278	1.8523574	1.1219347	-1.100921	0.9717887	1.1199536	1.8608207	0.5415416	-1.4486653
1.3386035	0.7086884	1.7400659	1.1146089	-1.0210416	1.4115995	0.6387069	1.0436014	1.3969959	-0.9380283
-0.39639857	-0.45625988	-0.21028742	-0.38036615	-0.23047385	0.42468363	-0.15456389	-0.568493	1.0280617	-0.3546521
-0.46742147	-0.6742418	-0.012281001	-0.61866224	-1.3994569	0.3341495	0.10598664	0.50257945	0.045371357	-0.94634825
0.63909775	-0.2636236	0.9940833	0.40530068	-2.023446	0.24890499	-0.6925099	0.6059086	-0.22333972	-1.6110175
-0.84621686	0.1028581	-0.5187154	-1.0196764	-1.3692456	-1.4907172	0.3646455	-1.1948639	-1.2601933	-1.9871846
2.614916	1.1442075	2.8754747	2.3642685	-0.96287346	1.6186786	0.10302417	2.0402412	0.99781936	-0.82941407
-0.334727	-0.4377858	0.03325069	-0.484407	-1.470194	-0.6088168	-1.3139168	-0.79741675	0.20073085	-1.6019497
0.75561976	0.30880955	1.474498	0.6211596	-0.6392958	0.72570115	0.33219567	1.6951585	0.33809188	0.26145306
-0.3229691	-0.4238853	0.14769879	-0.47977495	-1.4426304	-0.9721136	-0.78836167	-0.23660977	-1.6637866	-1.837909
0.47498932	-0.4136555	0.97186065	0.33437532	-2.1580782	0.042624786	-0.5971561	0.8424663	0.33193967	-2.1826046
1.8675791	3.5470946	1.6823668	1.4150636	0.55231	2.5471876	4.3444285	2.1899512	2.159563	1.5568378
2.1491134	1.5966159	2.7584972	1.8763082	-0.3566008	1.5306337	1.8441035	2.7159562	1.5076159	-1.3081092
-0.0350087	-0.7326181	0.40249732	-0.2122657	-2.599911	-0.058282785	-1.0033771	0.40544134	0.9086832	-2.1202862
0.016875736	1.1591103	0.34565115	-0.26461136	-1.1628149	-0.3845439	0.96599036	0.524394	-0.25999588	-1.3611836
1.1771097	0.28064373	2.0178487	0.97997785	-1.109355	0.9491415	-0.46855283	1.4633876	0.70046717	-1.359819
-1.0479317	-1.1840303	-0.6456635	-1.0237367	-0.8351964	-1.4572612	-3.0565526	-1.67157	0.03723211	-0.9388228
-0.79919696	-0.051276892	-0.5187553	-0.8793742	0.30560747	-0.8796058	1.0261365	-0.9035165	-1.237323	-0.27595735
-1.6505316	-1.8079433	-1.1038184	-1.5591719	-1.7002589	-1.6391106	-2.1594853	-0.9594053	-1.3005418	-1.6686382
-0.18235788	0.46887967	0.52461976	-0.4226372	-1.2238054	-0.89770335	2.0564582	0.13888493	-0.9244	-0.37824553
0.31857	0.5984237	0.801605	0.078409806	-1.2277952	-0.37065825	0.7433146	1.320582	0.051560424	-2.094093
1.8361856	0.9120027	2.1197376	1.4725087	-0.8850286	2.1017988	0.4837955	2.3361466	1.783904	-0.86094373
-0.66157794	-0.6771078	-0.18732828	-0.7595498	-0.80296874	-1.0167593	-0.9073772	-0.52855426	-1.3842317	-0.7683197
0.39359614	0.3106182	0.9489237	0.23736195	-1.0212038	0.6470448	1.1690389	1.0780277	0.4664708	-0.9122401
-0.39918116	-0.23403236	-0.06182298	-0.58232796	-1.4725507	-0.14223047	-0.2067565	0.014212678	-0.1429973	-1.7631221
1.2480634	-0.005374819	1.4192617	1.0383955	-1.3146973	0.43178228	-0.13994612	0.9804931	0.42004323	-1.3591963
-0.23073334	-0.5188365	0.079832345	-0.3027606	-0.7796005	-1.0016478	-1.2693235	-0.71780217	-1.0295753	-1.2592545
0.874621	2.1672008	1.5112094	0.61798537	1.0522743	-0.037331592	0.94053525	2.0922446	-0.9080648	1.1892655
2.0349145	2.2284024	1.9770128	1.710731	0.26637802	2.619966	2.0013497	3.0098586	2.234381	-0.4582669
-0.77562064	-0.9433502	-0.39086416	-0.8624616	-1.3908472	-1.6557673	-1.3069655	-1.0666802	-1.1977041	-1.3391547
0.36399066	-0.095641345	0.986732	0.1659313	-1.9258977	0.900289	0.9629038	1.5874672	0.62586296	-0.6841525
0.73927784	0.5136057	1.0790931	0.4820655	-1.4724467	0.55631304	0.4042627	0.630868	0.8102226	-2.180693
-0.50469786	0.37941566	-0.085208416	-0.7701428	-1.4445735	-0.26444882	1.2087492	-0.19828685	-0.4193389	-1.4159869
-1.3296427	-1.5732651	-0.73477995	-1.3629663	-2.0382981	-0.80544734	-2.0186093	-0.6692154	-1.4515264	-2.0849311
1.4983426	3.0378659	1.7633655	1.02592	-0.5453576	1.8094239	3.1320446	2.605096	0.34415096	-1.1933179
-0.7962033	-0.5538137	-0.32455954	-0.90094185	-1.252707	-0.7902542	-0.24110052	-0.6511482	-1.1402242	-1.1159436
0.18679717	-0.31791425	0.66985035	0.03432916	-1.6220189	0.35590383	0.039646693	0.84974366	0.32171246	-1.0332937
-0.110047616	-0.6558322	0.32049307	-0.22642668	-1.2015101	-0.9059091	-0.87152165	-0.2925329	-1.356861	-2.1380632
0.67357105	0.8818643	1.2427444	0.42564958	-1.2246832	1.0328751	0.8631339	1.1710914	0.7488362	-1.264101
0.81621456	1.0062184	1.2115884	0.43623197	-1.2782425	1.9247422	0.27736452	2.0354178	0.8616238	-1.5331618
2.0743387	2.195734	2.419262	1.6096821	0.39938197	2.6985083	2.9125466	3.6810737	2.14318	1.0335895
0.22022864	-0.28008276	0.67391145	0.04980029	-1.6053706	0.081000015	-0.78670484	0.90765285	-0.48448002	-1.8877875
1.2862488	1.6399004	1.8253956	1.0181289	-0.5058434	0.9378682	0.67703253	1.7846513	0.5349239	0.8171675
1.1896898	1.438696	1.6277823	0.9397001	-0.9195529	1.3053579	1.3900951	1.9283057	0.95135856	-1.2006918
2.2131195	2.7994418	2.404288	1.9451985	0.24203351	0.7812474	2.0935733	0.9040544	0.8997418	0.32462344
-2.1706119	-2.038461	-1.3600487	-2.0753033	-1.2907103	-2.7735984	-2.8959987	-1.0560006	-1.921711	-1.0584587
0.1266821	-0.506526	0.7022598	-0.0021902025	-1.8820713	0.3679262	-0.80822104	0.9877525	0.30225867	-1.8080343
-0.08020053	-0.41937542	0.41580996	-0.21566428	-1.2759085	-0.7345079	0.022740893	-0.71650434	-1.2342787	-1.1479082
-0.39273039	0.21620709	0.06992802	-0.6126389	-1.4563817	0.42741016	1.1310726	0.73932	0.35094458	-1.1003237
0.72869325	0.62721515	1.4278368	0.48319548	-1.1874831	0.15419328	0.58929574	1.1446141	0.16443667	-0.9683302
0.53616506	0.24025172	0.8732244	0.2813573	-1.2474678	0.11515826	0.6991075	0.5081053	-0.5151121	-0.79057425
-0.81438124	-0.88446	-0.37411234	-0.9463709	-1.6082107	-1.5795856	-1.0780371	-0.975812	-1.7593099	-2.1823597
3.5142167	3.5306523	3.7235434	3.055533	1.2436161	2.4924543	2.5856142	2.2146513	2.132623	0.22554967
0.2352303	1.8360198	0.89965403	-0.021859989	-0.23928678	2.3876092	0.5544385	2.8244028	2.2047653	0.45048243
1.086189	1.5973456	1.5596212	0.82063437	-1.0517316	1.8981496	1.911298	1.471295	2.1369402	-0.6877205
-0.25428382	0.88841856	0.3892346	-0.54930264	-0.9648386	0.03208257	1.7286012	-0.17348127	-0.71716815	-1.0389259
0.6080487	0.600633	1.2536207	0.39860785	-1.3218135	0.556069	-0.05448805	1.422344	0.9815866	-1.5421836
-1.7306414	-1.7833339	-1.1982212	-1.6739634	-1.1915554	-2.0416226	-2.2084832	-1.2693228	-2.0033538	-1.3300861
0.06849413	3.2529101	0.5235077	-0.27113736	0.4262162	-0.76451355	1.8640975	0.047515545	-1.1748929	-0.79923886
0.1777704	-0.85888076	0.781476	0.08113192	-2.2054937	0.2086704	-0.72886133	0.6076693	-0.307262	-2.1243558
0.48321882	0.13586509	1.1605171	0.23686178	-1.3760707	-0.4168171	-0.7593824	0.8935336	-0.31991556	-1.0671084
-0.992536	-0.3028277	-0.21228957	-1.0656865	-1.4637133	-0.071061395	0.6646455	0.25590748	-0.058522645	-1.0416415
0.14294705	-0.3884349	0.6508844	0.041185305	-2.205364	0.78348464	-0.5254403	1.179369	0.38171926	-2.578216
0.37288755	-0.28425634	0.889621	0.18711062	-1.8061451	1.0273805	-0.14185907	1.7909234	0.81406695	-1.6666054
0.33513176	-0.40949368	0.8804176	0.2035019	-1.3370847	0.20049617	-0.26565495	1.0307019	-0.52456367	-2.2093148
0.90713036	1.0010803	1.533319	0.7306683	-1.0803057	1.510828	1.1489009	2.0757117	1.1984372	-0.7425663
0.3409644	0.11978039	0.6842667	0.16142665	-1.3357357	0.31329557	-0.80861574	0.8049579	-0.11836733	-1.72148
0.21455279	0.5671524	0.61105883	0.09363718	-0.57888323	-0.7960842	-0.7991333	-0.4877591	-1.1948453	-2.1422157
-0.18331143	3.030337	0.24977115	-0.61966914	-0.42898682	-0.7956824	0.3306676	-0.25504985	-0.7522809	-1.8131434
2.5614016	2.3183413	3.2991524	2.2150104	0.48763236	1.894628	1.7895734	2.9524713	1.5104431	0.7142432
-0.38577422	-0.33317468	0.13604817	-0.52650523	-1.4067886	-0.13997605	1.0059637	1.0301472	-0.41169196	-1.514624
-1.1520371	-0.47324798	-0.8142288	-1.2895637	-1.1681018	0.5376829	1.6589348	0.2994404	-0.03569115	0.4974545
0.7560795	0.5504242	1.2264153	0.5070548	-1.473319	0.38616008	-0.01251313	0.92924446	0.54351914	-1.8854566
0.06558814	0.28935763	0.6026285	-0.10816383	-1.212152	-0.44389778	0.29514927	-0.07856994	-0.6761905	-1.6754965
-1.1200532	-1.0012509	-0.6792586	-1.1675246	-1.7055918	-0.33429587	-0.6153823	-0.3056721	-0.46129802	-1.5184101
2.8866625	3.8708622	3.294139	2.4558117	-0.34521186	2.538334	5.2780776	2.773051	2.418347	0.32552543
2.5312536	3.1864498	2.4890497	2.1695614	-0.3648447	1.2608596	2.0231063	1.7991167	1.4811273	-1.2823733
1.2972349	2.352395	1.41413	0.93011963	-0.71356094	0.9651989	1.7508081	0.5228658	0.8776766	-1.6428033
0.30049783	-0.6226965	0.6436454	0.20641272	-1.0729519	-1.2902868	-1.3943036	-0.6341487	-1.0487008	-2.4920714
0.07789949	0.60586274	0.4139923	-0.18551627	-1.6387297	-0.50462776	1.104328	0.45730913	-1.0651189	-2.3599815
-0.42051166	-0.13598153	0.091343075	-0.66767055	-1.7966665	-0.25082076	-0.48013085	1.1578319	-0.4796463	-1.2515955
0.3020569	0.7241967	0.8147756	0.0348922	-1.334465	-0.1949698	0.38765904	0.64329195	-1.0783192	-0.99237084
1.8519477	3.2072675	1.7862499	1.4706376	-0.032384068	2.8468678	2.634876	2.9993286	2.4810984	1.6652837
-1.2930642	-0.83575296	-0.85438526	-1.357952	-0.64699745	-1.3191699	-2.0011954	-1.1870652	-0.96910745	-1.0416076
0.032105915	0.45018438	0.7292511	-0.1742035	-1.283663	1.5630653	1.4347672	2.1251702	1.3264222	-0.8127934
0.6950899	0.40558842	1.1213987	0.42402428	-1.0791153	1.3651391	0.4717417	2.0286152	1.0361781	-1.3763365
0.46393546	0.8002558	0.5055125	0.22592486	-1.0949417	1.9362019	2.1659567	1.8646841	2.2475495	0.16436583
1.4014992	2.7405043	1.3310318	0.9140699	-0.82623935	0.85002494	2.3206291	-0.008936284	0.46008682	-0.99730617
-0.26404524	0.20997146	0.28251842	-0.47012502	-1.4106846	-0.5801252	-0.42163953	0.3683207	-0.8040533	-0.82773226
0.91284317	0.39183477	1.4112177	0.7039918	-0.4285012	-0.38300246	-0.809154	-0.00814706	-0.5953464	0.0618265
1.3152449	0.7984892	1.7032526	1.0500413	-0.9120904	1.5828683	1.5973749	2.2908127	1.3445193	-0.31607875
-0.13767627	0.6593609	0.3984558	-0.403715	-1.3204559	0.85994095	1.1325226	0.39766574	0.61373156	-0.6848429
3.9269788	3.9917548	3.6169417	3.3978136	-0.5194988	3.0281627	3.5581443	2.700508	2.861197	-1.1373137
0.18255672	2.0983186	1.139659	-0.06154424	-0.4208978	-0.19741495	1.9232203	0.9457543	-0.2684984	0.06225758
0.93875843	1.0674281	1.2618108	0.71561265	-0.9747164	1.7709413	1.6641215	2.08153	1.5046515	-1.1582989
0.42724514	1.9841151	0.7570226	-0.011658445	-1.1773958	-1.3181664	-0.064971015	-1.0579298	-2.0622542	-2.0119715
0.15518591	0.15439987	0.5953826	-0.07452038	-1.5831251	0.13925879	0.68978983	0.20322534	-0.20572616	-1.7889254
2.6364982	4.2257166	2.452905	2.1274695	1.4987024	3.3290057	4.579067	3.4383187	3.315532	1.2615004
0.7613517	0.727365	1.2500134	0.5471134	-1.2002258	-0.16779996	0.09791386	-0.20408739	-0.19454226	-1.917921
-0.028868057	0.6163404	0.2640231	-0.28048807	-1.1309427	-0.883757	-0.44026616	-0.19348057	-0.39867175	-1.5130454
0.8120313	2.1895278	0.9693197	0.501212	0.4503686	-0.58302355	0.52879304	0.80941725	-1.3187001	1.2385172
0.38591185	2.4254887	0.80197203	0.17223217	-0.056390494	0.031002477	2.3994315	0.48557955	-0.26358157	-0.08997009
-0.48634747	0.3071802	0.1261639	-0.60657233	-1.3119467	0.19848794	3.2030122	0.5312738	0.40742782	0.74559474
0.74113315	0.08245936	1.3995101	0.45377743	-1.2513791	3.4513733	1.1455035	3.726839	2.9266732	-1.6616452
0.30812967	0.020699352	0.8547393	0.17205368	-1.2678704	0.013642144	-1.1527433	0.845324	-0.11606431	-1.7673185
0.31101534	-0.021019578	0.45154124	0.11977081	-1.3410584	-0.46946198	-0.23956338	0.010361627	-0.6143552	-1.698693
0.06161154	0.12554732	0.7417667	-0.1615262	-1.4224912	0.0030828195	0.38774043	1.2309693	0.07404782	-1.6944647
1.1423138	1.7780898	1.6628892	0.75981903	-1.0415114	-0.5902413	0.90134615	-0.2554256	-0.5345907	-2.1731062
0.75721765	1.3104633	0.985378	0.43127906	-1.4102927	2.1337469	2.6925282	1.3659344	1.8571553	-2.7319682
1.4732558	0.61300325	2.3147576	1.2139243	-1.2482934	3.1054685	1.6937363	3.3133023	3.0715683	-0.45573315
-0.06318251	-1.0156416	0.6409584	-0.17474498	-1.5816871	-0.9842229	-1.5881857	-0.2032569	-0.773598	-2.07473
-0.47550273	-0.0026346147	0.045039624	-0.63572496	-1.2793304	-0.57675505	-0.5037036	-0.26990056	-0.93411916	-1.7008091
-0.44825006	-1.2078825	0.1486286	-0.5127977	-2.1854684	-0.54765826	-1.3251643	0.3434189	-0.5751284	-2.7903426
-0.10441873	0.45097426	0.28131446	-0.2842903	-0.73334014	0.25916865	0.71639466	0.16097179	-0.09474588	-1.2346925
0.5932787	0.46291366	1.0963911	0.38773483	-1.4110823	0.400899	1.358715	1.0768594	0.35094458	-0.8798089
0.19794944	0.6602051	0.6820103	-0.026844934	-1.219312	0.29045427	2.2842338	0.8609796	-0.045468863	-1.2393894
1.4885142	1.3491846	1.9513143	1.2123554	-1.4983382	2.2898602	1.0622785	2.4556596	1.4226904	-1.0704389
-0.83494943	-1.1111071	-0.39284077	-0.82881814	-1.2057475	-1.898132	-2.0845394	-1.5462654	-2.59188	-1.5468749
0.31028524	-0.19889446	0.8029791	0.16020702	-0.96232903	0.48579502	-0.039369937	0.8618296	0.36429474	-0.70692945
-0.64273286	-0.89903235	-0.11710033	-0.7208257	-1.2881827	-0.6903828	-1.0241663	0.21361782	-0.8497123	-1.6116259
0.0015352517	0.80754614	0.83248603	-0.21507953	-1.0115452	1.1087031	1.4096719	1.4850262	0.8171343	-1.4782438
0.65402806	-0.11436498	1.1593571	0.51186925	-1.0015318	0.59527063	-0.40462828	0.88238037	0.56731445	-1.8615128
1.3567959	2.1145642	1.5454491	0.98730314	-0.17774713	2.2305431	2.2132523	2.3041768	2.0904267	0.0491253
2.9969075	2.8529837	3.053252	2.4863923	-0.77124786	5.277451	4.360738	5.5580444	4.6359797	-2.0279984
3.014269	4.310056	2.6234958	2.5926802	0.02910158	1.4750974	2.4747534	0.8151489	1.312933	-1.0237024
-0.037603036	-0.57115257	0.5391811	-0.16875349	-1.6798555	-0.44554126	-1.5942327	0.30609903	-0.4032567	-1.4484373
-0.43052998	-0.917897	0.026816279	-0.5281758	-1.754313	-0.07803359	-0.057522465	0.6544252	-0.9446128	-1.2027237
0.31548667	1.8008924	0.81147885	0.12530239	-0.15624289	0.2648094	1.1995498	0.9131962	0.1572932	0.0068108006
0.7741224	0.9835646	1.3131002	0.58266956	-0.7122328	0.4349208	0.00141872	0.91128856	0.08227202	-1.1437316
-0.3689872	0.036283284	0.07928133	-0.49439704	-0.9814997	-2.8933434	-0.4055265	-1.1146469	-2.0821798	-1.0024884
0.7762723	0.9637171	1.3211851	0.50373465	-1.1163255	0.057300884	0.60130024	1.1239929	-0.45084453	-1.0792782
-1.9670147	-1.9521691	-1.4771078	-1.8736707	-1.3833271	-1.909374	-1.8179034	-1.5890372	-1.4480153	-0.55289143
-1.7792789	-1.9190072	-1.2282594	-1.6999773	-1.5576031	-2.0779376	-2.0293736	-0.8324532	-2.2790132	-1.6122571
-2.1338675	-1.4647301	-1.4589286	-2.049157	-1.0040147	-2.0602338	-0.93525535	-1.4491583	-1.7694694	0.8606775
-1.0766383	0.027443439	-0.7568835	-1.0658839	-1.2222943	-2.2646205	-0.9752597	-0.720299	-1.9223554	-1.3155004
-1.8598547	-1.6087908	-1.0095364	-1.826403	-0.6696451	-1.7221713	-2.3534596	-1.6746259	-2.1849418	-0.5378864
-0.26562944	-0.41916916	0.12801905	-0.40516412	-1.0134457	-0.010879578	-0.7622118	0.37450054	-0.055265017	-1.2905797
-1.5224355	-1.7261698	-0.9641998	-1.5000857	-1.2327737	-1.2017578	-1.0467144	-1.5173581	-1.4932835	-1.0358529
-1.4421203	-1.5326849	-0.9544016	-1.4102274	-0.79319793	-1.5436959	-1.8805456	-0.98316526	-2.8493545	-1.2636824
1.6165599	2.1132777	1.798102	1.2930665	-0.040337086	0.24291863	0.6148317	0.6739485	0.080996595	-0.9096778
0.8843222	1.2198617	1.4656482	0.61649364	-0.9048177	0.8550296	0.46423614	1.8762351	1.0024172	-1.4298515
2.2699988	2.1868787	2.3441315	2.3490815	-1.1617132	1.4331498	0.91610754	1.6080434	0.21780436	0.14262961
0.106239356	-0.2637334	0.5748638	-0.124232635	-2.145898	-0.100124076	-0.9171023	0.004402427	0.5867551	-1.0284861
0.12179827	-0.22466692	0.76262903	-0.0077313334	-1.2782044	-0.59369487	-1.1050096	0.048542418	-0.50007135	-0.19335908
0.25417402	0.65629077	0.7816665	0.025967687	-1.1123122	-0.338174	0.1402896	0.5070965	-0.36855647	-0.6591591
-0.6754063	1.044837	-0.5314785	-0.9067073	-0.807902	0.97401094	0.26762828	0.82162344	0.050722774	-1.3239743
0.66265655	-0.05591789	1.3151493	0.43607986	-1.1399701	-0.89938486	-1.3106838	0.8142178	-1.0167438	-1.6447253
-0.96891	-0.95042264	-0.17500615	-1.0330614	-1.3052808	-1.5157914	-1.2052966	-0.39506108	-1.6608157	-1.7970777
0.1379405	1.0162774	0.20957473	-0.14758998	-1.3248456	-0.59168077	1.9855574	-0.5935415	-0.9957053	-1.8292192
-0.30476776	-0.29048026	0.004914105	-0.4697035	-1.2727228	0.09296712	-0.46697885	0.45909566	0.19158174	-0.70180565
0.44039747	0.15529093	0.897596	0.252918	-1.6276826	0.46697888	-0.31409577	1.3772849	0.10085353	-1.7687998
0.38239375	1.0649756	0.7427629	0.09230982	-0.96294546	-0.31509134	0.30460966	0.32648656	-0.6082366	-1.2322407
1.201026	0.3486792	1.3896883	0.99814093	-0.76303446	0.83999324	0.51773065	1.4556067	0.9598797	-0.5938745
0.6941335	0.3369752	1.2912575	0.44479692	-1.0117098	-0.3488661	-0.3432767	0.042079546	-0.8270113	-0.93083394
-0.07850174	0.6150178	0.21239671	-0.19706081	-0.9735223	-0.6935936	0.10767364	-0.48555705	-0.9685025	-0.9752865
0.711066	0.7081772	1.2347457	0.48281682	-1.1997775	0.89228	0.65212494	1.4732857	0.3401106	-0.8083555
1.8034512	2.2937658	2.3376253	1.5969982	-0.5445019	-0.11929213	1.1035786	0.6328305	-0.47894543	-0.9633757
0.7090654	1.311975	1.1860762	0.48203683	-1.1574576	0.2954556	1.3494825	1.1194519	0.45820615	-1.298184
2.16889	2.3854542	1.6457207	1.8991103	-0.35716236	0.20660108	3.2941363	0.5728062	-0.66062725	-0.39657074
0.38248968	0.6483649	0.9245173	0.24224903	-1.0950428	-0.014022671	0.33034948	0.530081	0.13027522	-1.2019988
0.24931538	-0.12745464	0.6603569	0.0840864	-1.8093598	-0.27245802	-0.64206725	0.7481749	-0.22481303	-2.6450868
-1.256388	-1.1216413	-0.69228125	-1.2770867	-1.2702868	-1.3436052	-1.1206996	-1.6731943	-2.4630127	-1.6430496
0.40867415	0.5357424	0.961867	0.24194358	-0.4141205	-0.45118	0.5312691	0.9190222	-1.1283876	0.27807534
1.6882545	3.800822	1.634647	1.1466923	-0.99714184	0.69950664	1.6494861	1.1181778	-0.2341897	-1.6734486
-0.35617658	-0.9867078	0.16682556	-0.5382102	-2.2284667	-0.38768646	-1.1216922	0.063885055	-1.4104172	-1.9219381
0.3675659	-0.1377637	0.85529804	0.20765646	-1.0557141	0.37552395	-0.76636857	0.7472658	0.016983569	-1.0839589
2.467466	2.1622066	2.8947449	2.2099888	-0.08913633	2.9511273	2.7316947	2.8655317	2.8311677	0.8220189
0.8564648	-0.48638836	1.4077529	0.75275415	-0.9327136	0.9532108	-0.21627718	1.8821312	1.0034783	0.021310417
2.5345016	1.3474933	2.7639198	2.2282746	-0.7535076	2.7933917	1.291344	2.4856067	2.41587	-0.12643148
0.72475785	0.6586633	1.1875607	0.491782	-0.856333	1.4076111	1.1667291	1.4826677	1.4163165	-1.2719737
-0.03887348	-0.53599524	0.22432896	-0.21897686	-1.4830949	0.98947066	-0.34715608	0.6187871	0.58061594	-1.265023
2.616056	3.398793	2.4999182	2.2436256	0.11929628	3.339463	3.9205797	3.034167	3.153212	1.8895606
-0.18988717	-0.19254312	0.043594122	-0.39187503	-1.8557295	-0.95470077	-1.737796	-0.45366102	-1.1785527	-1.8079792
-0.4407317	-0.16677102	-0.11822799	-0.54557306	-0.8635298	-0.4248787	-0.15429237	-0.31205884	-0.72169894	-1.077228
-0.6640878	-0.675827	-0.4015366	-0.60988456	-0.95644534	-0.9287329	-1.1023027	-0.39963928	-0.4005671	-1.2404785
0.2362394	0.6958965	0.44630286	0.003369972	-1.2947708	0.36629677	2.6363893	0.23760091	-0.13322347	-1.0098125
-0.21722579	-0.29138088	-0.16772097	-0.2369015	-1.0282336	-0.313268	-0.62674046	0.04786715	-0.5436306	-0.79815847
1.0739582	3.1476529	1.1501822	0.6284896	-0.3223019	-0.5515257	1.5620089	0.17319363	0.5011526	-0.7242646
2.4589431	4.6372995	2.7358007	1.9122665	-0.39681378	1.3895257	5.1864414	2.1308775	1.3759743	-0.5567647
1.1990275	0.78060627	1.8083524	0.94465554	-1.1720383	2.3482456	2.9704688	2.8240633	1.8097817	0.61523455
0.9584145	3.8774197	1.068775	0.49249196	0.18692395	1.64155	3.6600652	1.3805323	0.8891599	0.35534337
2.0448399	2.0872195	2.0766482	1.6898099	0.06332055	0.42364597	0.7471348	0.45894718	0.07395541	-0.9210882
1.0638849	0.8184333	1.6216727	0.7726087	-0.9549452	-0.09626605	-0.4007658	0.8514184	-0.06249171	-1.0108913
0.7102932	0.36841556	1.2133054	0.5267395	-1.3359256	-0.47168472	-0.24144275	0.13308768	-0.5397451	-0.50017005
-0.5774397	-0.38515335	-0.2739456	-0.6764348	-0.9102669	-0.638428	-0.44708163	-0.008532552	-0.90705305	-1.1713871
1.12916	1.5867593	1.3311739	0.8710761	0.17569998	0.4235046	0.8691698	0.49951297	0.61766183	-0.036400396
0.041165605	0.3299993	0.33598703	-0.19619468	-1.2988259	-0.3023546	0.29700693	0.6058374	-0.5978539	-1.0215026
-1.012785	-0.5850785	-0.6930809	-1.1415197	-1.4719151	-1.7487261	-1.4855119	-1.2480838	-1.7760103	-1.5679964
-0.84306633	-0.8501297	-0.18290856	-0.95141006	-1.3005877	-1.4704609	-1.1773219	-0.8763778	-2.0244412	-1.5429515
1.1495804	0.28340843	1.4300265	0.9483893	-1.1832979	0.86122334	-0.89054507	1.3772682	1.544153	-1.5236446
0.7826456	1.0016117	1.2278924	0.5889687	-0.7547366	1.9893353	1.6285808	1.5959926	1.2513881	-1.1221383
0.3550668	-0.38038126	0.7338088	0.18517695	-0.7922911	-0.9110595	-1.1808841	-0.5794548	-1.2112013	-1.5077736
0.09969177	-0.22167677	0.67207026	-0.08363676	-1.831664	0.21553844	-0.53499323	0.56745476	0.41603175	-1.9327343
-0.7218773	-1.0243667	-0.32988903	-0.78159875	-1.7599467	-1.7288127	-1.7578795	-0.45594388	-2.0900633	-1.3545696
-0.9494053	-0.3400419	-0.5340874	-1.1253372	-1.7352513	-1.4162252	-1.0677594	-0.9668375	-1.5844096	-1.6846827
3.4003298	1.559737	3.3402793	2.921751	-1.1945788	6.075626	2.4328415	5.888437	5.490411	-0.5919069
-1.266363	-1.6378278	-0.83813107	-1.2985303	-1.4749796	-1.6383494	-1.5480145	-0.859754	-1.663842	-1.4012009
-0.58106387	-0.3890333	0.0075497925	-0.86416805	-1.7867364	-0.3730267	-0.20728032	0.99088717	-0.2398571	-1.9074256
0.83367264	1.1599592	1.0476981	0.56381893	-0.5605019	0.86825705	1.1623508	1.7584704	0.49983168	-0.78839016
0.70620793	2.5921838	1.1016538	0.33126044	-0.36060616	1.0128688	3.6247458	1.185578	0.34301582	0.46133265
0.018256478	0.011814073	0.27753353	-0.13332354	-1.4357989	0.35366666	0.48982894	0.36891365	0.31458881	-1.2784078
0.4737765	0.69519067	0.8427367	0.25051022	-1.233493	0.12759489	-0.4563695	0.54076153	0.38422838	-1.6571094
2.4610198	4.820122	2.3072422	2.0393443	2.171999	1.632378	3.6241276	1.2700194	0.9279019	0.36075938
0.019207262	0.47684816	0.42175862	-0.14386916	-0.96978486	0.6498091	1.0994039	1.5928441	0.33457923	-0.86058295
-0.97361434	-1.1471632	-0.4241089	-0.9882127	-0.82084274	-1.8363461	-1.6634481	-1.2966231	-1.688519	-1.0588908
-0.6038268	-0.81290865	-0.056991816	-0.6956985	-1.5788724	-0.67498195	-1.0505627	-0.31573328	-0.9941957	-1.8671974
0.26647714	-0.21732596	0.7097803	0.10837041	-1.5774	-0.13177201	-0.23120922	0.4744791	-0.016221095	-2.1680896
0.006974444	1.0408247	0.4187529	-0.18589364	-0.54837763	0.51679	1.2882583	1.3272315	0.41655642	-0.79290575
-0.5744722	-0.47181663	-0.17802864	-0.6713837	-1.6127981	-1.4041123	-0.91003823	-0.9713722	-1.23411	-1.4206825
0.6886061	1.209714	1.4483143	0.42523932	-0.56546843	1.1151862	3.0418046	1.8519455	0.4030663	-0.37205434
1.561821	1.4349784	2.0804338	1.3605905	-1.3586646	0.06397216	0.57211137	0.79522055	0.5590356	-1.5972782
0.85048854	0.51014733	1.356283	0.62420887	-1.1810559	0.5199385	1.5636775	1.3266103	-0.22488463	-1.7424085
0.6980036	1.3963971	1.3634558	0.433177	-1.1543102	-0.32828876	0.4725474	1.6990267	0.6897072	-1.5476887
-0.4612613	-0.39924428	-0.01529637	-0.55843955	-0.7977457	0.4911293	1.0539122	0.771371	0.31657857	-0.66159856
1.598782	0.9238137	2.042751	1.3949053	-1.201097	0.8361109	0.81144476	0.9983376	0.9354737	-1.2174903
1.1254795	1.9547169	1.576695	0.83714485	-1.189418	0.45700186	1.4822398	1.5579181	1.0332975	-0.97129446
0.81233585	0.6963662	1.4280666	0.6415739	-0.95327973	0.8716778	0.81799203	1.6272045	0.6321037	-1.4374295
-0.22175688	0.79105496	0.1985381	-0.45525002	-1.8883317	-0.10232113	0.18262266	0.50186616	-0.5087872	-1.9420189
-0.8583483	-0.9170797	-0.38004658	-0.9600524	-2.0598042	-2.3416388	-2.3803477	-1.2301997	-2.519126	-1.3739325
0.55523133	0.55231655	1.0954924	0.35833967	-1.2204788	2.234976	0.923707	2.6657722	1.4808388	-3.1445332
1.6480097	1.7861516	1.7396826	1.2398012	-0.96734524	1.1140414	-0.6363447	1.1944506	0.8319273	-1.4484986
1.562103	1.7690086	1.8210989	1.1776503	-0.8803785	0.9905946	0.55075395	1.8931104	0.65271896	-1.3183542
1.5676953	1.7710187	1.8266906	1.295335	-1.0777587	3.4741626	2.3975296	2.5396714	2.7272234	-0.70539635
0.09013068	-0.52472806	0.72731423	-0.12740181	-1.5499249	-0.531192	0.16231112	0.34744307	-0.40356225	-1.6867815
1.8705318	0.5798733	2.5056744	1.6182183	-0.9688424	0.58577645	-1.6401552	1.7697365	0.9354744	-1.6462313
-0.7695274	-0.92019844	-0.35778138	-0.808553	-1.0341028	-1.8411444	-1.872924	-1.070885	-2.1294472	-1.7317623
1.97694	2.4444113	2.3826163	1.5225525	-1.0376617	1.0864002	3.2966342	1.6639007	1.6758513	-0.93743724
1.1014073	1.2747108	1.7601846	0.9067409	-0.86230433	0.78409374	1.1656637	1.3456004	0.5586275	-1.220942
1.48907	2.0984716	1.8272053	1.1531922	-1.0983006	1.65589	1.2678128	1.3371791	0.7187337	-0.57412016
1.0037252	2.2123773	1.0386235	0.73336923	1.069833	1.1961676	3.438896	1.2835757	0.63224536	1.8682678
-0.26906812	-0.6482445	0.2196025	-0.4001699	-1.2977452	-0.55168396	-1.4842545	0.41416025	-0.10438853	-1.5774738
0.7555783	1.1039975	1.244241	0.56000566	-1.3162489	0.70523447	1.3932699	1.0919787	-0.09296561	-1.7706541
1.2314235	2.4379268	1.7381094	0.8855157	-1.3102741	1.2167968	2.477863	1.7871178	0.7839824	-1.2569547
0.32734045	0.5685333	0.7923763	0.11183159	-1.3569117	0.29899085	0.495723	1.3911029	0.15542978	-2.5031307
-0.41488552	-0.5811607	-0.016297072	-0.47663343	-0.7496778	-1.1915625	-1.8227473	-0.9547909	-0.90844816	-1.0931827
3.2120345	1.3522546	3.2631207	2.8134663	-1.1382573	3.7364988	2.1853266	4.200064	3.2561002	-0.37395015
-0.09240741	0.29334483	0.20138516	-0.2902013	-1.3392118	-0.19096586	0.6927151	0.115474835	-0.4285156	-1.256891
1.1890922	1.5507665	1.70443	0.91843295	-1.3218346	1.4320979	1.5501919	1.8865825	-0.25228086	-0.71570283
0.64804196	3.4923387	1.0567288	0.23470528	0.16062519	1.8972344	5.6770444	2.0010579	1.2198318	0.6067379
0.63875693	0.8899715	1.1671933	0.4234271	-1.3200637	0.6286904	0.21245486	0.99805784	0.062428538	-1.2905787
0.6231415	1.8556368	0.75659657	0.26165456	-1.2066472	0.033171855	1.6438878	0.95462275	0.16062003	-1.7975973
0.5268971	-0.38266033	1.1690788	0.43437445	-1.2725095	0.34597898	-0.8565612	0.6994292	0.15989305	-0.59157497
2.177814	0.8930185	1.9913965	1.8968749	-0.7164793	2.0615745	3.0315824	1.0640627	1.638089	1.4975063
-0.9414044	-1.0526812	-0.48544815	-1.0184034	-1.4622008	-1.3622224	-0.80049664	-1.1675146	-1.5249097	-1.4456186
0.15802813	2.7980335	0.5011283	-0.26730737	-0.92051363	0.5009417	2.007813	0.85794514	0.13407093	-1.2308099
2.0399444	2.9129927	2.1950696	1.6714365	0.06003356	3.528459	3.3076065	3.2506173	3.052411	-0.03370821
-1.8014241	-1.8459029	-1.2068998	-1.733458	-0.81062376	-2.2056928	-2.3156	-1.3021071	-2.3005567	-0.583851
1.0055205	2.7399704	1.4576437	0.6979854	-0.62541115	2.592674	3.7899976	3.0740895	1.9650202	-0.5957409
0.91204566	3.0037084	1.1566944	0.63190174	-0.1243016	0.19264863	3.2772033	0.5483574	0.1643942	0.5510652
0.51887435	0.8558173	1.0087787	0.28321123	-1.1329057	2.0486646	2.7110286	1.140096	1.5569917	-0.45223734
3.3256528	1.5277067	3.3967447	2.957737	-0.79947776	3.1786668	1.7193393	3.8071277	3.1114533	-1.3459394
1.1312186	2.076477	1.3161558	0.8719816	-0.35918227	-0.29711947	1.4852294	-0.18288587	-0.820484	-0.7223953
0.52527434	1.7253221	1.2918715	0.16303428	0.5738059	1.5020881	3.2502089	1.9406914	1.0064132	0.76726115
0.44939694	0.5517968	0.94552135	0.18378086	-1.4102311	-0.16075762	0.2814408	1.1347232	-0.49499428	-0.6643429
-0.35766906	-0.28137445	-0.11082104	-0.4752649	-1.0780655	0.7307946	-0.6086681	0.61889684	0.4102002	-1.2218504
1.9987515	1.3518424	2.0931928	1.7460513	-0.5718358	2.6525111	1.061506	2.3114798	3.2910259	-0.59135234
0.40137643	0.54360986	0.87773037	0.14950328	-1.2205167	0.29833844	0.54624987	0.12266377	0.0064773266	-1.2426313
2.097857	2.5436032	2.0311816	1.5132774	-1.1823362	1.6383126	2.1808498	1.9305651	1.5965033	-1.5499508
0.86533093	0.6273222	0.95900047	0.62926817	-0.71554637	-0.29641888	-0.04272342	-0.09642633	-0.23390388	-1.3071779
-0.35046864	-0.5305437	-0.09126106	-0.37781274	-0.16414058	-0.4283257	-0.16360787	-0.28015852	-0.25686675	0.63251084
-0.6113588	-0.7068137	-0.27284876	-0.7162583	-1.5248951	-1.0633041	-1.4444234	0.1464737	-0.72604716	-0.9539727
1.197599	1.399282	1.6835886	0.9130573	-0.6769087	1.5182866	1.0432303	1.7657249	0.84307617	-1.0884068
1.1463834	0.32956353	1.7846574	0.9837012	-1.0877584	0.4455701	-0.382736	1.1473627	0.34954536	-1.8312014
-0.41776347	-0.28484198	-0.07028377	-0.5899305	-1.2794696	-0.6783898	-0.6750236	-0.57952285	-0.49213746	-1.113421
1.1212536	0.78404796	1.6925948	0.9653559	-1.0850364	-0.59362733	0.4748772	0.0777696	-0.6312282	-0.71414924
1.1342398	0.7720486	1.3033235	0.9437883	-1.520748	0.501152	-0.4246249	0.9667724	0.027432838	-1.9252603
1.1020197	3.3335462	1.2058926	0.8208525	1.1051555	-0.7925107	4.8609333	0.9493666	-0.58720654	2.7534919
0.8045926	1.1926155	1.2110708	0.52690387	-1.3277944	0.6711162	1.4231262	1.2604958	0.33774686	-0.9237236
-2.083347	-2.0071187	-1.3885558	-1.9994609	-1.5192819	-1.9448127	-1.8491291	-1.2551236	-2.1997476	-1.2469841
1.8563224	0.42757997	1.9549698	1.6204636	-0.8744043	3.2214088	1.0820667	4.155522	3.0956666	-1.1742765
-1.1686761	-0.8485619	-0.825994	-1.2651241	-0.9825777	0.7215136	-0.68953884	1.6708292	0.48161498	-1.7073976
-2.262438	-2.1857066	-1.4091833	-2.2860415	-2.758369	-1.1307143	-1.5646073	-0.5198862	-1.3573048	-2.1274269
1.7826803	1.4794782	2.1369672	1.5790042	-0.48193973	1.608132	0.922873	1.8297827	1.4264011	-0.60282105
-0.06399478	-0.6628632	0.6307311	-0.20251001	-1.2012006	-0.119007595	-1.6824185	0.7079949	-0.12954563	-1.7723064
0.27027673	0.31228212	0.87289476	0.10206781	-1.3184149	-0.1629315	0.34133515	-0.12505354	-0.58243585	-1.6002126
0.735084	0.85201025	1.0907116	0.547053	-1.0853851	0.049074642	0.1733849	1.1301582	-0.21927819	-1.7484846
1.0597463	1.3081056	1.4552139	0.82454205	-0.68150294	1.6582307	0.14342307	1.8827997	1.3072027	-1.1488311
1.1084822	1.7227664	1.5376184	0.84932685	-1.248687	1.8010919	1.9454204	1.7693348	1.5676584	-1.5765965
0.11352759	0.64795446	0.62365365	-0.10855079	-0.90953386	0.55033785	0.7871056	1.1134558	0.5692724	-1.140958
1.968515	3.0361903	1.9100692	1.632231	0.47874698	2.382707	3.2147515	2.2149663	1.7547467	1.1332557
0.8567799	1.0586785	1.3301514	0.6345639	-1.3907368	2.051645	0.1324283	2.4907749	0.99640036	-1.214995
-0.10367257	-0.6351956	0.32071257	-0.2463764	-2.0101678	-0.38435745	-0.4008325	0.46911582	-0.40439445	-2.0540996
0.90748304	1.2928364	1.4577981	0.5453819	-0.4468711	2.357912	-0.7025027	2.6692119	2.0983336	-1.0346419
1.1885482	-0.27287418	1.5078256	1.006086	-0.5952738	0.3143542	-0.3697524	1.403766	0.01645952	-0.45073488
3.1092215	2.3135514	3.1693242	2.7028115	0.07460466	0.111646466	1.6100742	1.1165631	1.1291344	-0.7992099
-0.25051445	1.3433698	0.41394484	-0.52018124	-0.7228274	-1.021908	1.8504459	-0.53515273	-1.8391268	-0.13129072
0.23376843	2.153063	0.72785485	-0.04299192	-0.08444014	0.29933167	2.71173	0.7094185	-0.16821949	-1.5825846
2.21898	2.7282782	2.284928	1.8976951	0.33151874	1.7727486	3.3079305	1.8131121	1.8525599	0.14163992
0.9880299	0.61031926	1.3648467	0.622975	-1.2880174	2.7372372	2.4458394	3.146782	3.2697144	-1.127811
-1.0790287	-0.9919889	-0.97144806	-1.0917743	0.038479984	-2.156417	-2.1147249	-1.0412737	-2.294511	0.3001683
-0.78675884	-0.5405612	-0.24305633	-0.97613555	-1.3018982	-0.24656191	-0.09972178	0.42429835	-0.9868379	-1.7133018
0.12502241	2.3154187	0.35176829	-0.37067062	-0.79443836	1.4773	2.5493774	1.0875267	0.5709425	-0.8318399
-0.180074	0.262745	0.21318677	-0.35854012	-1.9330107	0.12819538	0.5763553	1.1099879	0.3783832	-1.5573546
0.43083248	1.7565093	1.1822327	0.15817337	-0.00073865056	2.2301815	2.9551032	2.8680704	1.8006287	-0.9787548
1.7440374	2.2224967	1.8239819	1.3923854	-0.7254793	2.4390373	3.4107802	2.616199	2.3153512	-0.77280134
-0.5642132	1.345799	-0.21533641	-0.76929164	-0.12692237	0.038756814	0.19786367	0.6899198	0.18933764	-0.90691876
1.8101784	0.21501538	2.6730566	1.6616131	-0.6258012	1.7337254	0.3214579	2.4106557	1.4110311	-0.9848597
1.0490919	0.88604164	1.4241211	0.66287374	-1.435155	1.5996125	2.268305	1.3678876	1.3121998	-0.694319
0.061183713	1.2315959	0.6461683	-0.25845355	-1.2583654	0.51661825	0.2477221	0.4745733	0.5056652	-1.6887758
-0.44412866	-0.21986741	0.30998254	-0.6756485	-1.7284869	-0.23058206	-0.85845315	0.046783835	0.43114176	-2.5683498
0.61831874	-0.121291354	1.3040216	0.47160673	-1.8378128	0.4755311	-0.16057156	0.83515793	-0.03199457	-2.4160473
2.3743668	1.359814	2.498027	1.9996338	-1.3585482	1.8195368	4.5492635	2.155119	2.4521801	1.3496666
-0.8790464	-0.94851005	-0.33617082	-0.9329648	-1.2437106	-0.5266349	-0.83694655	-0.19210303	-0.3997489	-0.9127828
-1.0014832	-0.6275367	-0.5703405	-1.1353563	-1.7032021	-1.7271535	-2.4610097	-0.87429196	-1.6762793	-2.0513194
0.74322194	0.192866	1.0415246	0.5309416	-1.349394	0.53210944	-0.063280866	0.8139959	0.08759926	-1.5007533
0.57433414	0.20426658	1.1860803	0.47391975	-1.3366445	0.28865203	-0.16942614	1.3227301	-0.6644951	-1.2288591
-0.53313935	-0.95877504	-0.1373662	-0.6788103	-1.7692653	-0.1391381	-0.061793275	0.41382882	-0.019772515	-1.1237861
0.44413778	0.83454204	1.1523898	0.24788545	-0.42814124	-0.0384688	-0.08216284	0.24787988	-0.5581829	0.500366
-0.57628876	-1.1510351	-0.09137744	-0.57838804	-1.5467204	-0.6629228	-1.0075775	0.07281676	-0.2675969	-1.7700974
0.7120395	0.0362857	1.1663269	0.50570947	-1.6696756	-0.080551244	-0.6560189	1.1361147	-0.30328763	-1.975436
-1.9683899	-1.9269254	-1.3206614	-1.8941997	-0.93613935	-2.3150947	-2.820921	-1.7512062	-2.8841224	-1.4711556
-0.9420142	-1.1686882	-0.44389287	-0.9516385	-1.3597009	-0.9738683	-1.5211297	-0.53309005	-1.6187202	-0.298434
0.12787881	0.50039804	0.68717825	0.023058876	-0.5062463	-0.7997996	-0.2266681	-0.41632226	-0.69868135	-1.3225224
1.2682546	1.2994368	1.686757	1.0203416	-0.77206206	0.7235152	1.4769045	1.1784155	0.9253476	-0.32961297
1.6544899	2.5367606	1.9657892	1.3190714	0.047770888	1.9777089	2.7383223	1.9137716	2.070847	0.08798165
-0.4049141	-0.90252364	0.28814656	-0.53881645	-2.3023827	-0.652612	-1.3051562	-0.0030247532	-0.8255858	-2.9665349
0.79763824	0.93581176	1.4419829	0.6078018	-1.0143132	0.22087592	2.292329	1.0372648	0.1314062	-0.89968336
1.5189604	1.7747633	1.8951975	1.3024265	-0.34733713	0.39400092	0.92684233	0.7858895	-0.20983642	-0.8191605
1.5765638	-0.09671438	1.706082	1.30855	-1.1926496	0.5760634	-0.9761285	1.1161542	1.6127427	0.100642405
0.19627342	-0.42795378	0.7891083	0.056727603	-1.4305667	-1.0353706	-0.83520275	-0.18348822	-0.7960123	-1.4455173
-0.8630983	-1.2434781	-0.27937087	-0.9413735	-1.5555524	-0.5617937	-1.990824	-0.56690824	-1.1071876	-2.8533425
0.30869383	-0.66843843	0.8439356	0.103046045	-2.0794878	0.7078793	-0.28323364	1.3472675	0.8235085	-2.429144
-1.0404961	-1.2008255	-0.5518261	-1.0660238	-1.6992995	-1.2114127	-1.1437693	-0.4651598	-0.68164074	-1.8698994
1.241423	1.1159492	1.5687469	0.9314301	-1.2095747	1.0567528	1.1429374	1.3656852	0.746191	-1.3527917
-0.29152453	0.2423085	0.12131901	-0.5102771	-1.3955245	0.028008016	-0.04587468	-0.44970152	-0.585569	-2.0288815
0.29089886	0.20426157	0.7551198	0.13210635	-1.0817274	1.0136416	0.83489543	1.0266999	0.7376009	-1.2119536
0.22389305	0.48444983	0.6302844	-0.004942417	-1.3243744	0.4918425	0.72396576	0.8194065	0.35273394	-0.86396444
0.71091515	1.4090695	0.7389617	0.44863796	-0.7377454	1.0904189	0.9714164	1.2613169	0.6207922	-1.2036874
1.0508668	1.0434642	1.6348802	0.7877151	-0.899879	1.1937658	0.29456472	1.6941577	1.2989283	-1.6743399
0.2422638	-0.05414568	0.64680743	0.045902178	-1.5039667	-0.37409636	-0.9338106	0.25592452	-0.5905811	-1.8915685
4.2562575	1.5829558	4.2688613	3.7402139	-1.2788993	4.591782	3.3282626	5.1483893	3.4140916	0.41623256
3.9578555	2.7649734	3.8880148	3.5568795	-0.29993665	4.378282	1.6612133	3.9885504	3.95217	-0.9111669
0.8058988	0.7531531	1.3554078	0.6419661	-0.7717878	-0.09783575	-0.015135413	0.29037318	-0.2401273	-1.7055507
-0.1689119	0.40610513	0.7079701	-0.3171298	-0.52659476	0.13860987	-0.10413409	0.70575076	0.14556627	-1.6661832
-0.58371073	-0.14454266	-0.26835307	-0.68995446	0.073926926	-1.5540118	-1.3852171	-0.76979554	-1.240318	-1.2323014
-1.3528385	-1.5956079	-0.86730087	-1.3398935	-1.8041148	-1.295685	-1.4029822	-0.7214044	-1.0939521	-1.6060597
0.7526256	2.1104608	1.2271353	0.45690084	-0.8381567	-0.15705429	1.8215042	0.063942924	-2.0675194	-0.16379373
1.9672776	2.0547087	2.0059092	1.6306244	-0.59939015	1.5438731	2.4750996	2.0737379	1.1204588	0.03920473
0.42966494	-0.18839985	0.9417497	0.24955525	-1.3004428	0.6771704	0.28794065	1.3829638	0.59649825	-0.71471596
2.2297127	2.232552	2.2990398	1.8888171	-0.72527397	0.6874055	1.0023082	1.5312167	0.8674521	-1.1337696
-1.5121641	-1.2475053	-0.9998903	-1.5191344	-0.6267699	-1.9365096	-1.29337	-1.4216815	-1.8598149	-0.6714261
0.98170906	2.361959	1.2814779	0.7437922	-0.01759091	0.04245171	1.2030332	0.87745357	0.29970992	-0.38477567
-1.374564	-1.157297	-0.76146984	-1.3907729	-1.601571	-1.3921101	-0.7151423	-0.5101787	-0.6257329	-2.1830795
0.33837414	2.7249513	0.8038368	-0.0792138	-1.1604714	0.64618653	3.0361483	1.3166554	0.029959895	-1.5347109
-1.4239668	-1.595303	-0.97395897	-1.3897004	-1.4509981	-1.5483552	-1.8864381	-1.3966943	-0.9895123	-2.2394753
2.165592	2.1026766	2.1512344	1.7852107	-0.064905316	0.92051864	0.64274675	0.63493174	0.2294844	-1.4657532
0.72132677	1.763917	1.2154174	0.37411726	-1.208423	1.1279055	1.5854652	0.91581357	0.9583803	-1.2711388
-0.08992078	0.5237137	0.3311304	-0.31600976	-1.2902622	-0.57916397	0.587589	-0.3997431	-1.0799568	-1.8257542
-1.038713	-1.0473645	-1.02851	-1.0463959	-0.90723133	-2.2560916	-1.7728374	-1.2350234	-2.0802495	-0.56149554
0.7231615	3.4007678	0.95391774	0.27142298	-1.0607953	0.6134303	3.7396657	0.6417628	0.17823093	-1.2241067
1.8631494	2.4082694	1.8113072	1.3947953	-0.95359457	-0.6752517	0.77093536	-0.27904055	-1.0062811	-1.1531879
-0.0102304295	-0.2317482	0.52222836	-0.19503586	-1.6999658	0.27304342	-0.03317134	1.0448124	-0.4570026	-1.8306055
1.2624289	1.1660353	1.6040918	1.1199614	-0.5773099	0.90193886	0.9409356	0.9425083	0.84532493	-0.407306
0.54065275	0.28363702	1.0706294	0.33522737	-1.1982639	1.8290697	0.38454252	2.5192833	1.7189764	-0.8244277
1.9747001	1.4239879	2.2640662	1.7200661	-0.4640382	3.1811948	0.08437263	3.529031	2.5792415	-0.7229378
0.8368115	0.5429034	1.4251982	0.6373529	-1.1115484	-0.034694925	-1.3020984	-0.16644399	-0.4643095	-1.2507328
-0.32402596	-0.33301154	0.40302122	-0.4229442	-1.2057122	-1.4504871	-1.191719	-0.2510631	-0.9851357	-1.4226799
1.4034559	1.3659	1.7943397	1.1783653	-0.09969357	2.101321	2.0100152	2.268773	2.1605265	0.13092475
0.77478164	0.5178306	1.2528439	0.6577611	-0.7844405	0.027587011	-0.33701316	0.5368538	0.30302727	-0.5458625
2.8866248	3.5744917	2.7616823	2.3755205	-0.43167046	3.7001402	2.699426	3.7832437	2.868227	-0.56790876
0.83999354	0.7060212	1.5832156	0.6447417	-1.0678716	0.8718577	0.9985096	1.3458982	-0.95683134	-0.518424
2.5936232	2.5790856	2.8694448	2.1894941	0.1971319	3.3466191	3.5307431	3.5963202	3.3104963	-0.29260522
-1.2378854	0.11922374	-0.9868629	-1.460239	-1.357644	-1.4253389	0.4678923	-1.028075	-1.9494203	-1.5569519
-0.26592857	-0.41441256	0.21316132	-0.24146421	-1.2361783	-1.5503951	-1.3645037	-1.3763363	-1.6341981	-0.76618165
0.63893074	0.5566716	1.2752886	0.484769	-1.1904944	1.149337	1.561867	0.8941542	0.82847553	-1.5764055
0.31545323	0.46111694	0.897807	0.14895861	-1.1414027	0.41644174	0.40804112	1.3320847	0.6018916	-1.629325
1.8288407	3.099943	1.5076172	1.5138342	0.21290109	1.6570458	4.0788255	1.0071551	1.5577935	-1.0234324
0.66010886	0.69095886	0.889761	0.50543976	-0.7941506	-1.46773	-0.76423174	-1.0637838	-1.6845803	-0.94409776
1.1105739	1.5060813	1.4016012	0.7153239	-1.8138906	-0.8518172	1.0087813	-0.84727556	-1.1560931	-2.1139367
0.9919649	1.193928	1.5143827	0.7902353	-0.01167652	0.40475658	1.701866	0.62249905	-0.10250072	0.4191355
0.23603085	-0.385885	0.83640754	0.08833034	-2.125583	-0.2697485	-0.93940043	-0.088334925	-0.4264767	-2.5353642
-1.9365159	-1.9151529	-1.3058933	-1.9029634	-1.6624633	-2.294582	-2.1409864	-1.4738061	-2.4218347	-1.4186578
-0.1219481	-0.5654398	0.311282	-0.31208605	-1.0597436	-0.5271839	-0.46106884	-0.5979058	-0.80751044	-1.4484074
-0.106284834	-0.7006091	0.2183545	-0.26230347	-1.7428465	0.011897188	-0.8237801	0.15431671	-0.26745772	-1.8831195
-1.02853	-1.4619474	-0.60736644	-1.018165	-1.5175536	-1.2885737	-1.554493	-0.7982106	-0.9584885	-1.7615972
-0.44237396	-0.62103856	0.08783218	-0.5453093	-1.2535664	-0.1694702	-0.6742387	-0.0992	-0.59072876	-1.4102324
0.64968944	0.4854612	1.0924574	0.4062577	-1.6479508	1.1661187	1.0302638	1.9351312	1.0572277	-1.4356403
0.33574378	-0.5553602	1.1298946	0.20871533	-1.2814094	1.3686711	-0.22239605	2.0831246	1.3715919	-0.99970645
1.0884316	2.034412	1.358199	0.63724077	-1.1496415	2.0382404	2.2742054	2.408497	1.9554087	-2.065738
0.19167483	1.3804938	0.61689687	-0.14722821	-1.5425152	0.40434507	4.0197573	0.6747306	0.08820763	-1.6149931
0.031511374	0.79773533	0.14282835	-0.121562675	-0.37187517	-0.45651713	0.5853713	-0.64263886	-0.49225044	-0.18331502
0.6367475	0.28868267	1.194809	0.45512807	-1.3499506	0.3372691	-0.170345	0.8132378	0.23197399	-0.5052699
-0.13610801	-0.023118764	0.33290684	-0.32302248	-1.4927819	-0.25840607	0.8488793	1.2665201	0.03723211	-0.23097874
0.61187893	0.75216675	1.2426245	0.37000573	-1.1922619	0.32047427	0.8025557	0.80192184	-0.068761855	-1.976579
1.3275533	1.3689337	1.639628	1.0593141	-1.0137725	0.3380369	1.429458	-0.62166584	0.99991804	-0.9711225
1.6175922	1.6210428	2.114797	1.2756903	-1.0904629	1.8680757	2.479811	1.457727	1.2594869	-1.3241287
-1.5457081	0.36331907	-0.987072	-1.7343528	-1.1506705	-1.6533376	-0.22895521	-1.6422192	-2.5780458	-1.3085179
0.23470327	0.58959544	0.7508315	0.0027803928	-1.2608935	3.0586722	0.7628475	3.7388089	2.7577925	-0.9536615
-0.27530307	-0.27279326	0.13783005	-0.42898872	-1.6869721	-0.59529907	-0.38849783	-0.039026953	-0.9297022	-1.333935
0.86927634	0.8939934	1.3144809	0.60611683	-0.6104075	1.0682867	0.7131691	1.6359038	0.90568197	-0.69570714
0.40158784	0.027769774	0.6585599	0.17371427	-1.3793677	0.24797863	-0.1028086	0.30592772	0.5033114	-1.5510584
0.3217843	0.48689017	0.61531544	0.13061206	-1.0014168	0.24266247	1.0782127	0.67158866	0.26271424	-0.64547914
-1.7772272	-1.8294595	-1.1435908	-1.7442147	-1.5912768	-1.7625941	-1.45234	-1.6472001	-2.024791	-1.0660002
-0.40597257	-0.78665304	-0.0028549135	-0.529561	-1.4391109	-0.21677934	-0.57160234	0.79489064	-0.06786265	-0.5576045
1.641856	0.7026454	1.7221453	1.4380395	-1.3885254	0.5552123	0.33786985	0.8408509	0.9028024	-0.66677535
0.36531797	0.41477332	0.6347718	0.12660031	-0.9106804	-0.017484518	0.76282525	0.5129886	0.036243048	0.35634345
0.14746705	-0.0072380006	0.4946029	-0.07189079	-1.4446583	-0.18661563	-1.4392626	0.04257026	-0.4584132	-1.2667816
-0.920828	-0.38150883	-0.8361795	-1.0161242	-0.386529	-1.2593102	0.11887838	-1.2031887	-1.8052788	-0.86064726
-0.13299587	-0.0032570362	0.19812968	-0.3219034	-1.5389928	-0.796322	-0.42102116	-0.3854504	-0.54019177	-1.3400027
-0.45315772	0.010429025	0.18520346	-0.56132925	-0.98869944	-1.5472932	-2.7241447	-0.9232123	-1.7107466	-1.8620038
-0.26619	0.55489063	0.16459872	-0.5223552	-0.92276525	-0.5177104	0.071784906	0.32555988	-1.003531	-0.6308548
1.6424557	3.037601	1.7004688	1.2736503	0.20068875	2.8916318	3.1663375	3.1441426	2.1428142	1.9257884
1.1357813	1.3673568	1.768227	0.90847075	-1.1913857	1.4475466	1.6631188	2.2613575	1.5109153	-0.68183297
1.5858839	2.067333	1.8786719	1.2056053	-1.0418955	1.2659773	1.8154135	1.6154343	1.3575983	-1.7399888
-2.218179	-2.209681	-1.5736578	-2.1439483	-1.5496223	-2.8067822	-2.1797857	-1.1563332	-0.6997335	-1.1979901
0.57879364	0.16518095	1.1769902	0.3769784	-1.2810543	0.5961347	0.17807701	1.4392859	0.2656696	-1.1001265
0.01579018	0.062205613	0.32172906	-0.08005807	-0.5946389	1.4621572	2.1216886	1.4943255	0.94128025	0.18134336
-0.5903944	1.9365356	-0.42442468	-1.0056401	-0.6745351	-0.9900464	0.92250484	-0.7533327	-1.4175259	-1.2579974
0.6325396	0.8548465	1.7559413	0.6292982	0.45926014	0.016931985	-0.48244968	1.5152767	0.6935571	-0.27302954
1.5033376	-0.6266507	1.988106	1.19312	-2.1900768	0.7391068	-1.6649042	2.0050611	0.17344424	-1.8269337
0.9057973	2.0513976	1.501821	0.64711547	-1.0100951	-0.19374773	1.1417818	0.55590063	-0.25381178	-0.9452684
2.3306508	0.89215946	2.4360933	1.9012818	-0.8721857	1.1638005	-0.28171432	1.4989263	0.6873559	-1.2114989
2.083439	1.9346685	2.080087	1.7682858	-0.0034546256	4.01142	1.4501088	2.3963943	3.297065	0.31862673
-0.6690788	-0.74368215	-0.19408315	-0.8050044	-1.3955835	-0.48323777	-0.8451919	-0.05166843	-0.785075	-1.478863
-0.761495	0.32595387	-0.48248193	-0.9759713	-0.5223483	0.24127352	1.7044995	0.25012422	0.02658965	-1.1003555
0.8977845	-0.7187418	1.2049017	0.7517139	-1.4829617	0.37056288	-1.9850225	0.8267643	-0.59122944	-1.2694262
-0.3148903	-1.1326091	0.24023522	-0.36694622	-2.0557418	-0.4040257	-1.230523	0.06292204	-0.42316973	-2.1891365
-0.314622	-1.1423516	0.2652068	-0.44114614	-2.5746384	-0.439215	-1.5001836	0.0043630805	-0.4031383	-2.4443223
0.2694342	0.5186049	0.63051844	0.05934216	-1.0629661	0.32864684	1.3964002	0.9420246	-0.15331118	-0.5911029
1.1318043	0.6143949	1.5772619	0.87494946	-1.4034141	0.8981204	0.29989636	1.2711933	0.039362095	-2.1181996
0.16603136	-0.5045838	0.73615396	0.03270562	-1.8335471	0.20519447	-0.8898043	0.9539164	-0.095450625	-2.2586305
-0.49928114	-0.6870378	-0.10281071	-0.6516284	-1.6916455	-1.1310269	-1.2452323	-0.204335	-1.8889456	-2.3237236
0.7611936	1.1683996	1.394123	0.53540206	-0.72135365	0.9835081	1.3831973	1.9062315	0.629369	-0.12160816
2.1654024	2.48067	1.8133942	1.7440023	-0.5506794	0.1506663	0.90834934	-0.3486563	0.80100495	-1.3692448
2.1172607	1.4794011	2.566058	1.7543412	-1.2982786	3.6263964	1.6280036	3.875867	3.6403499	-1.2226288
-0.05580444	-0.2678426	0.041317165	-0.1487347	-1.3734207	-1.0092793	-0.28856212	-0.011293142	-0.6969689	-1.728868
2.0856378	3.4010108	2.1725302	1.7350049	-0.8172636	1.5577561	2.6229331	1.7829721	1.2646263	-0.82864374
-0.4936786	-0.41435608	-0.01532793	-0.6210583	-1.571393	-0.24045731	-0.25913528	-0.22103432	-0.4937292	-1.6213849
0.3263373	0.40429756	0.7126589	0.17390193	-1.1819917	0.056619033	0.4331027	0.70439535	-0.60752755	-1.9332072
0.7030445	1.6865371	1.1169403	0.3950013	-1.0848817	-2.137066	0.58596474	-0.7706394	-1.6943567	-1.9875346
1.9652227	0.74051964	2.2760303	1.6778574	-0.7100118	-0.48128152	1.7927125	0.33598244	-0.8939213	0.3378717
0.20695269	0.16194329	0.5267961	0.104092255	0.11525437	0.20776251	1.2667649	0.05048597	-1.4630127	1.3975924
0.33512548	0.94808125	0.72331685	0.06011875	-1.209414	-0.37414876	0.24889052	0.016128436	-1.4870235	-1.4855537
0.59768903	0.33824226	1.0288868	0.3320415	-1.6008017	2.5004652	2.5460386	2.6290781	2.2847292	0.21594955
0.24869165	0.54392886	0.43834445	-0.003961295	-1.0660074	-0.18528898	0.7179721	0.5381717	0.11636755	-0.82110375
0.4043017	0.3381553	0.8058909	0.21494947	-1.3539532	0.078617096	-0.2643343	0.46629077	0.0673817	-1.2915705
-0.6671048	-0.7153874	-0.14437011	-0.8111061	-1.9750279	0.32821473	-0.65794605	1.2684084	0.12282998	-1.2855155
-0.8153098	-0.8885951	-0.47900584	-0.88587	-2.0532575	1.1159879	-0.36580214	0.78451407	1.0834557	-0.8692673
-0.33876172	-0.6232767	0.3692649	-0.5908823	-2.0095298	-0.16869734	-0.2280776	0.24714346	-0.6243679	-1.6714727
0.6843948	0.8561132	1.032172	0.53050596	-0.3745975	0.58317715	0.64631826	1.4749203	0.6710142	-0.21112207
0.26827496	0.42398795	0.65143013	0.089595184	-1.1015886	0.37536114	1.381521	0.64818996	0.152322	-1.0580646
0.09430789	-0.50542724	0.43672472	-0.12448166	-1.7524358	-0.4535767	-0.49158493	-0.5938637	-1.0263102	-2.2689908
0.22388396	-0.30770153	0.77266526	0.12199618	-1.6154972	0.95716155	-0.05308367	1.6095599	0.83915114	-1.4519532
-0.26946205	-0.72665596	0.22459078	-0.32058614	-1.2211561	-2.0791166	-1.257745	-1.4810082	-2.3384566	-2.5867412
-2.5537033	-2.2635758	-1.6832105	-2.4758449	-1.5805492	-2.577816	-2.0309067	-1.522978	-3.4070065	-2.395935
-0.095007695	0.64932775	0.13049516	-0.34982866	-1.4925753	-1.5712032	0.78573626	-1.2487801	-1.656789	-2.2383094
0.58308834	-0.6179595	0.9742775	0.46113813	-0.9593878	-0.6605315	-0.29787055	0.2601321	-0.7698858	-0.92234814
0.42432404	0.18051597	0.79465175	0.15436043	-1.6848215	-1.070557	-1.986722	0.2287331	-0.8656756	-1.5754845
-0.8335369	-0.6049163	-0.43428054	-0.94614565	-1.4333918	-1.5674082	-1.7156492	-1.1832736	-1.899452	-1.73502
1.4620689	2.398912	1.7327534	1.0832472	-0.48080412	1.3187745	1.5891699	2.1175969	0.96833265	-1.4846375
-1.8383394	-1.8068177	-1.2522706	-1.8291506	-1.671635	-1.538128	-1.8733109	-1.0470356	-0.97172296	-1.1624374
-1.2698143	-1.2788483	-0.7873856	-1.2860941	-1.2820225	-1.2659218	-2.5664737	-0.90703136	-1.283668	-1.3204241
0.83262545	0.653921	1.1502742	0.627738	-1.0578041	0.51718885	0.7428332	0.92416114	-0.06252498	-1.4701587
0.6579804	2.374212	1.1567852	0.21440808	-0.59420013	0.6903764	1.5104266	0.9459728	-0.08818732	-0.6798186
0.73427266	2.4016135	0.9339155	0.38786525	-0.47895855	0.70696795	1.6866617	0.82181364	0.32013878	-1.091732
0.08707478	-0.10942888	0.4591834	-0.08725156	-1.5182412	-0.8271853	0.82830393	0.07278702	-0.9115684	-1.3492529
0.7143101	1.6801152	1.1562973	0.44943738	-0.1586986	0.76833504	1.4817399	1.0377896	-0.27319095	-0.5436138
0.65883845	0.7053009	0.948773	0.3818122	-0.69171274	0.0007909574	0.058752317	0.9028162	0.33648822	-0.45403045
0.85984623	0.8369503	1.3307613	0.64624316	-1.2305996	2.47192	1.5729079	3.125127	2.4022748	-0.9520678
-0.029654637	-0.4673756	0.43455672	-0.21734992	-1.5004268	-0.9356617	-1.122973	-0.15578368	-1.1711862	-1.0665151
-1.713353	-1.5324732	-1.122676	-1.7324673	-0.6424011	-2.4244356	-1.9800766	-1.4060769	-2.219281	-2.1790116
1.065474	1.4963633	1.4961172	0.8207729	-0.5710394	1.2185907	2.018768	2.2107065	0.603285	-1.1016728
0.9532705	0.890278	1.3536355	0.76241773	-1.1139205	0.54498005	0.4649544	0.6356732	0.3717271	-1.2445606
-1.2528875	-1.2666266	-0.76261544	-1.3244053	-1.0976496	-1.740961	-2.4949367	-0.70147884	-2.1541426	-1.0211937
0.3055655	1.4084278	0.9434953	0.009006858	-1.3672678	0.4996396	1.0574669	0.88729084	0.3854503	-1.1987201
0.21755472	-0.22292548	0.84594333	0.10391928	-1.5874362	0.3790958	0.28420138	0.82541543	1.1544073	-1.2182956
1.0037831	4.5094304	1.0958368	0.4998803	-0.22903937	0.29713103	3.2854242	0.4716101	-0.59439296	-0.06536695
-0.10424266	-0.4403356	0.35829222	-0.22360498	-1.5673221	-1.1214353	-1.0241739	-1.2148252	-0.6252586	-2.6148407
-0.746949	-0.80556655	-0.3093755	-0.81499296	-1.2600298	-1.6428248	-1.8346219	-1.1375923	-1.2306336	-1.4842147
1.1539388	2.8560646	1.4304378	0.75702286	-0.28152466	0.2061568	2.6713266	0.3235143	-0.34135363	-0.57537395
0.9407359	1.0258528	1.6925596	0.6801939	-0.9469272	1.4992658	2.4996583	2.2427995	0.85225445	0.13035657
2.0227034	1.631031	1.8839594	1.6748922	-0.52017456	3.271332	0.60251534	3.206071	2.7731283	-0.97459245
1.3872102	2.2453432	1.5678135	1.0172807	-0.59940225	0.6503139	1.9409113	1.2395246	-0.5417938	-0.73571724
-0.27657327	2.8947577	-0.10789576	-0.6377085	-0.18357348	-1.3372618	0.10999756	-0.6747325	-0.98276776	-1.6082683
-0.009717561	-0.27974108	0.28774393	-0.104894176	-1.0422828	-0.53249335	-0.6646331	0.18043	-1.0484637	-1.1131748
0.8893573	3.8648503	1.1362175	0.44960237	-0.13050678	-0.49126258	3.6524708	-0.60340667	-1.0298924	0.13704719
1.2629168	0.86103094	1.2940532	1.0356201	-0.6295868	-1.0702299	0.66462535	-0.13449146	-0.9882758	0.72982943
-1.5095978	-1.4278569	-1.0394366	-1.5242985	-1.3359766	-1.4325608	-0.52124643	-0.98929304	-1.7430749	-2.244222
-1.1502622	-1.3350118	-0.69323826	-1.1311433	-1.476189	-1.8541287	-1.4664081	-1.7525201	-2.889985	-1.6888734
0.029449753	0.35557953	0.5856625	-0.17538492	-1.5021179	-0.35881326	-1.2684366	0.6418546	-0.5544348	-1.8565294
1.2098987	1.1510231	1.7423669	0.94735146	-0.9805156	1.3094525	0.8018914	1.2027642	0.8248296	-1.0895535
0.09005957	-0.2789778	0.6201493	-0.07183885	-1.5207325	-0.41516685	-1.0264074	0.18684134	-0.7612717	-1.7721616
-0.31650537	-0.11338818	0.10130149	-0.4536807	-1.7091318	1.2502575	1.5029466	1.7803512	1.2404987	-1.6841846
0.2588294	-0.39102218	0.66803265	0.044073984	-1.6515957	0.19203642	-0.63824165	0.6117829	0.3090555	-2.0164225
-0.59034204	-0.24611548	-0.34939668	-0.754135	-0.9161254	-0.2644575	0.098173015	-0.5735283	-0.41299993	-0.49184462
0.013114996	0.48745343	0.5601933	-0.19068842	-1.2516131	-0.50034386	0.9139367	0.6124208	-0.47185284	-1.3350999
0.29508007	1.1985216	0.8827312	0.012381837	-1.1092279	-0.08574854	0.14417976	0.84638625	-0.2645176	-1.2854271
0.82138216	1.0668322	1.8944495	0.5911324	-0.5625596	0.3628579	2.120801	0.51985496	0.14577433	-0.23128445
2.461205	2.2973635	2.765576	2.2332103	-0.97137856	1.5190115	2.0438092	2.0356514	1.6774606	-0.7825213
1.3190236	1.4365141	1.8912212	0.91221833	-1.0544933	1.6618307	1.7278589	2.1084204	1.5677493	-0.75168514
-0.042753376	0.15394148	0.42114246	-0.14718951	-1.001794	0.9786313	0.6206222	1.1948056	1.0555254	-1.6152374
1.3329737	-0.03870605	1.418858	1.0991857	-1.3681631	0.08461923	-0.5084094	0.26028657	-0.380264	-1.507215
0.428505	0.17787099	0.6732061	0.093947515	-0.78377354	-1.5646383	-1.9871639	-0.48666137	-1.9841089	-1.648972
-1.4694061	-1.5467143	-0.78665626	-1.4691036	-1.7433399	-2.2267725	-2.1592238	-1.5460346	-1.0350795	-1.9990658
2.05141	3.3177578	2.0650084	1.6266092	-0.9182037	1.0630893	3.1885674	2.3734338	0.6739208	0.06795333
1.0438701	0.4414657	1.4540215	0.80514264	-1.0514395	1.247754	1.8383008	1.7743472	0.8855638	-0.08535165
3.0986912	2.4235146	3.1993387	2.760978	-1.0201029	3.6225975	2.1829796	3.7731695	2.6413035	-0.6520326
-0.07609832	-1.1702876	0.5609896	-0.20715502	-1.8916664	0.081243515	-1.1606247	0.6646518	-0.13424718	-1.5836439
-0.19700265	-0.73400885	0.23429865	-0.35279524	-1.1548616	-0.94606733	-1.2756103	0.43581164	-1.028757	-0.6826833
-0.5637653	0.003513664	0.030804366	-0.67767805	-1.1697177	-0.08368363	0.20716774	0.39961317	0.07000325	-0.80147827
1.1480625	0.47819903	1.9150034	0.94342315	-1.1825298	2.1287997	1.0717769	2.2589862	2.164264	-0.04321154
0.23709077	0.8940544	0.68174875	-0.023629889	-1.2749423	0.13188542	1.3121428	0.7225224	-0.23472896	-0.3850536
1.0105107	1.5356364	1.4956348	0.7243447	-0.68584085	1.6971772	0.7505517	1.8388779	1.1908666	-1.7413863
1.1236511	0.5332378	1.6341105	0.9262384	-1.1419858	0.4942267	-0.3861923	0.9837671	0.4399743	-1.3244269
-0.15384516	-0.028373033	0.46993008	-0.25472647	-1.2175336	-0.4949872	-0.60310423	0.38949665	-0.6630992	-1.7494097
1.2910539	3.2379637	1.1490575	1.0098844	1.7095686	1.7897274	4.53556	1.4838618	1.3680855	0.7825505
-0.02498687	0.15185338	0.52805364	-0.31092566	-1.7461082	-0.47853678	-0.78618526	-0.113397114	-0.25228086	-1.7797018
-0.25067076	-0.7161869	0.22630456	-0.24580012	-1.0317798	1.1656846	0.97816545	1.7863356	0.77536035	-0.6813547
-0.31478053	1.0644644	0.023433104	-0.60349584	-1.0284256	-0.2087068	1.094766	0.12220227	-1.4715291	-1.8596815
1.6682935	2.3189225	1.7317044	1.3275113	0.94127274	2.2786124	2.8510134	1.5834528	1.9660604	1.4141927
0.49220052	2.196299	0.9615021	0.17910974	-0.89586294	1.4094998	3.6163378	2.1170526	1.4314153	-0.45698714
4.330085	2.3686996	4.64241	4.0526643	0.003154546	4.4141517	4.048652	4.342454	3.4727404	-0.23981811
1.7244532	1.6047503	2.1575053	1.4392403	-0.5591079	1.265214	0.79448366	1.9766824	0.92797	-2.2012267
1.0004029	1.0667465	1.3652793	0.8333384	-0.25865287	-0.15574375	-0.116371766	0.18770497	-0.9563232	-0.39266086
0.1900321	0.6125634	0.6986922	-0.10237591	-1.4803051	0.26391208	0.32476494	0.7859405	0.17199242	-1.5965176
0.49778154	0.66433203	1.1477975	0.261347	-1.2377188	0.59244287	0.40504032	1.0678872	0.16733173	-1.4783771
-0.5217393	-1.8048258	-0.07108644	-0.57338667	-1.567157	-1.7358835	-1.583739	-0.3991872	-0.3500129	-1.2633688
1.0547242	1.1408132	1.6867398	0.82808363	-0.99496543	0.7040586	1.136035	1.1147665	0.113793425	-1.074506
-1.3347329	-1.376041	-0.74829173	-1.4073141	-1.930579	-1.4202279	-0.59999955	-0.75328153	-1.8498263	-1.9837165
1.3297971	0.79285574	1.8647337	1.0524334	-1.4694109	2.034871	1.9983746	2.313293	1.9164475	-1.2214115
0.511718	0.15919134	1.3327411	0.30748588	-1.4557365	0.5729224	0.5424692	1.2974626	0.20287254	-1.101022
1.5193605	2.330964	1.9655814	1.255767	0.17749849	1.6403679	2.4823391	2.3363605	1.3539296	-0.6652706
0.35388112	0.65085876	0.69339895	0.13705291	-0.6946747	2.1432583	0.6087499	1.387414	2.1924877	-1.2713506
0.112913184	-0.018121064	0.4054686	-0.035697326	-1.3308592	0.3046149	0.7781446	0.49955717	-0.0049404474	-1.1699748
-0.28506982	-0.29371136	0.64779973	-0.48394567	-1.4604045	-1.6085134	-1.006963	-0.5499561	-0.5313724	-0.25694886
0.4452745	1.4256116	1.0919907	0.20563029	-0.35635105	1.8607552	1.9633632	2.226125	1.60035	0.07133132
0.41690058	0.3560275	0.8585397	0.19757764	-1.2137567	0.36931032	0.7352918	0.99352545	-0.20257694	-0.93758124
1.7387632	2.0384345	2.3526845	1.4627118	-0.64680606	1.120525	0.1033212	2.027553	0.17602032	-1.5581357
0.10100184	-0.6898469	0.6011022	-0.0064508915	-2.4121156	0.38986477	-0.80947053	0.895848	-0.0024886974	-2.086488
1.4391388	0.97597027	1.9636776	1.2468905	-1.1945491	1.0752934	0.7117734	2.036973	1.385471	-0.791633
1.9888736	3.1166384	1.8955371	1.6782354	-0.25852254	2.5810423	2.962201	2.187328	2.2658134	-0.6030147
0.9153348	0.7405859	1.2384613	0.67650086	-0.80807567	1.5072621	0.81079614	1.7688618	1.8771999	-1.7315496
1.3363378	2.947951	1.4540168	0.8353591	-0.69138396	2.0039964	3.3559766	2.2770178	1.4191097	-0.302138
0.19669247	0.23116803	0.9225706	0.03757797	-0.85862386	0.12919414	-0.14033453	1.1681751	0.30138615	-1.5963705
0.5443223	0.8235705	0.986405	0.3198049	-0.94413614	0.5436713	1.2437742	1.1229706	0.614462	0.044207133
0.0970149	0.56916	0.45631173	-0.13107741	-1.1370991	0.19972989	0.94278014	0.06496082	-0.16087052	-1.4765733
0.13476378	-0.79435265	0.71442246	-0.040975466	-1.8029933	0.12589988	-0.38646945	0.6494158	0.18734874	-1.9116687
-0.14494461	-0.29167613	0.17810556	-0.33084366	-0.9106022	-0.8249455	-1.5436159	-0.21027802	-0.9109646	-1.5993043
0.14205477	-0.00032240152	0.5804814	-0.07195066	-1.4353744	-0.016439281	-0.37914565	0.6991717	-0.0645263	-1.3219391
0.9075698	0.36517248	1.4468342	0.701845	-1.5044864	1.0356294	0.89917564	0.87614393	0.95438546	-1.8959913
-0.12572828	-0.8890958	0.4375209	-0.28025115	-2.6164923	-0.35041162	-1.4045436	-0.11473072	-0.49946085	-2.5341184
-0.4307436	-0.6220218	-0.114555895	-0.6404899	-1.9451357	-0.09168945	-0.77153105	0.5304158	-0.04593	-2.0378854
0.4270403	1.2640628	0.6618196	0.09701376	-1.2274327	0.25917405	-0.16899408	0.11221609	-0.25228086	-1.3247168
-0.24964002	-0.7041726	0.4658712	-0.46706122	-2.3646483	-0.67497426	-1.0168431	0.72045684	-0.42112857	-2.739218
0.37146738	0.27177194	0.87610304	0.21337865	-1.0831774	0.5482963	0.26126504	1.1585835	0.44769442	-0.9630179
0.9253487	0.64036477	1.3397894	0.844445	-1.6166314	0.8240016	-0.04246973	1.1722659	0.2587323	-0.7968545
2.2341948	2.0787165	2.5331929	1.9498162	-1.2341272	3.2658265	2.0393019	3.3789701	2.8902683	-1.1819892
-0.016120054	0.1270267	0.45903692	-0.16996594	-1.02179	0.9607514	-0.05832898	1.1345694	0.17010522	-0.9472317
1.0697745	1.3725722	1.5342591	0.8382665	-0.58938783	-0.2857884	-0.6307142	0.0358341	0.05319799	-0.16994706
0.23502493	1.1979549	0.5850582	0.048686877	0.70431364	0.2396038	2.0490515	0.43088174	0.032183893	0.3649135
-0.5526747	-0.10275066	-0.022853643	-0.71590084	-1.0863724	-0.24804693	-0.046838198	0.24514587	-0.28306478	-1.2375466
0.14437595	-0.19334245	0.7909441	-0.009386569	-1.0700759	0.92777014	0.2249452	0.93986636	0.548524	-0.87813103
-1.6867158	-1.8956344	-1.1435885	-1.601876	-1.5773165	-0.21784607	-0.5104745	-1.612915	-0.6094036	-2.055876
4.4390287	2.274934	4.4966536	4.105258	-0.12174371	4.237746	4.0145636	4.484065	4.2751746	1.6597079
0.038912088	1.773849	0.3614698	-0.36946037	-1.0763617	1.6151543	3.5836356	1.2313378	1.3383482	-0.014829108
0.6057208	1.21985	1.0628109	0.42589927	-0.86410236	0.31749701	0.62289095	1.5186706	0.042252585	-1.509114
2.234623	2.6044402	2.5119517	1.8296502	-0.33655414	2.2239046	3.3388379	1.6688558	1.6897755	-0.6806877
0.066831194	2.5595975	0.04406905	-0.2889858	-0.65983474	-0.34663767	2.3176725	-0.335576	-0.4095855	-0.41295183
1.5376062	1.2865732	1.8772244	1.1790097	-0.9174669	0.95816576	0.6022673	2.0660543	0.68398213	-1.218836
4.0753465	1.4156326	4.3711333	3.7124887	-0.50553304	3.802151	0.7166736	3.9950325	3.3372362	-1.4417585
-0.2220236	-0.18327965	0.2701977	-0.41429645	-1.4713324	-0.6705865	-2.0132413	0.14543681	-0.028393723	-2.5916662
0.91700834	1.6576196	1.4127294	0.5785172	-1.1757885	0.233718	1.8429358	-0.2540377	-0.8372434	-0.30005732
1.554923	1.3140273	1.8602176	1.3169432	-1.1385523	1.5229312	1.3410556	2.1785872	1.2235488	-2.1320133
0.87078696	1.5284816	0.9505193	0.5912643	-0.8619975	1.0179356	1.6558293	1.6532891	1.1132716	-0.716057
1.3983088	1.1785057	2.038817	1.1483126	-1.1423945	0.5945055	0.16061771	1.0868326	-0.3473168	-0.09571697
0.72836334	0.47352055	1.4719414	0.50076324	-1.1083909	1.9741539	1.0837775	2.856323	1.3779284	-0.72011596
-0.060676582	0.43056968	0.2841412	-0.26101962	-0.9682299	0.18585803	1.0033226	1.0725067	-0.49200115	-2.784834
2.1658473	1.9917233	2.5116997	1.9455228	0.7867478	1.4813803	1.7847077	1.1042937	1.097299	0.36027297
0.4558662	-0.20276886	0.8925289	0.27274954	-1.2170403	-0.022001421	-1.0559022	0.2861477	-0.35048753	-2.0831125
-0.085856035	-0.23329642	0.3448375	-0.29519376	-1.582315	-1.3574653	-0.3837681	-0.7416101	-1.3848519	-0.83080727
0.096113406	-0.6463553	0.73624444	-0.020836353	-2.459314	-0.113405325	-0.715623	0.45595822	-0.38139313	-2.0853114
0.05929678	1.4915738	0.65827626	-0.20391944	-0.6389555	-0.5841171	1.4050581	0.649715	-1.1852722	0.026860286
1.4281601	0.9052129	2.0880344	1.1308203	-1.227331	0.23431258	0.443977	1.5329101	0.97271365	-1.4953051
0.23481691	0.40775308	0.8597733	0.04219146	-1.5970978	0.15298676	0.35830882	-0.0913036	-0.29472533	-2.4489095
0.16467142	-0.27030215	0.44521248	0.049376264	-0.76171684	0.24819896	0.3960012	0.4474542	0.49159604	-0.3271843
0.7761151	0.94453156	1.4892966	0.6231732	-0.9275284	0.68119884	1.1698465	1.7434369	0.6609777	-1.1678227
3.5422432	1.6694896	3.6437132	3.178852	-1.4401163	6.485979	2.7331402	6.672355	5.5293446	-0.9734125
0.23651749	1.4424925	0.60355073	-0.10236359	-1.0999568	-0.02285496	0.81222045	0.20733954	-0.11900927	-1.6696291
-0.4142957	0.09740898	0.36495253	-0.59974664	-1.3435504	-1.3845108	0.5822896	-0.23393124	-1.5295753	-1.6632614
0.7394885	0.9104023	1.4538295	0.51922476	-1.0679736	-0.6522457	-0.22776592	-0.24036089	-1.3366218	-1.0941975
0.42958233	0.41431776	0.9836042	0.23515876	-1.2879778	0.18545096	0.88514316	0.5782085	-0.052028887	-1.2731441
-1.6822692	-1.6396654	-1.2034451	-1.6392612	-1.4444183	-2.413486	-2.2248404	-1.0447562	-3.071628	-0.8749209
-0.46245715	-0.2503538	-0.057334185	-0.5200844	-1.2260929	-1.1011605	-1.1848454	-0.63186973	-0.9975984	-1.4930638
-0.2700127	0.30323735	0.13939297	-0.48858476	-1.2072601	0.061007857	-0.079547174	1.1344628	0.2955535	-1.6059921
-0.82805586	-0.57699347	-0.21382967	-0.931195	-0.6971637	-0.8433646	-0.33978266	-0.40353465	-1.192281	-0.6095868
0.2738793	0.56217504	1.0707105	0.016241178	-1.5894134	0.17069933	1.2356871	1.3380326	-0.48874882	-1.1103423
2.8854997	3.5247157	2.979006	2.478948	1.2551254	2.816767	3.7255318	3.0314093	0.8958763	1.0085967
0.20457003	1.3756746	0.3777967	-0.09536989	-0.75751746	-1.05292	1.3190744	-0.599641	-1.1530497	-0.46139237
0.4666585	1.3025422	1.0278966	0.14922188	-0.9794258	0.6795524	1.395372	0.7275424	0.2028039	-0.84545374
-0.35669792	0.31439164	-0.04817438	-0.51216286	-0.9730507	-0.24645208	0.8811927	0.36997914	-0.87391645	-1.2278813
0.42170063	0.5190643	1.0481948	0.26990545	-1.6064284	0.6533533	0.25076872	0.89291435	0.47078374	-1.7301663
1.6246425	0.49827316	2.1055202	1.3249781	-1.0678669	2.1849935	-0.084724635	2.789451	1.7738608	-0.8488833
1.1701884	1.7100286	1.3293587	0.82388496	-0.45369995	0.746121	1.8313363	1.3020455	0.16233118	-0.5545965
0.3963514	1.0458627	0.876984	0.13031273	-1.1764548	0.30961812	1.80196	1.036675	0.06506803	-1.3136009
1.2926797	0.71832466	1.4491524	1.0442121	-1.0221578	1.225495	-0.14342873	0.37176645	1.3273221	-1.5334775
-1.037691	1.5068245	0.2188007	-1.2048917	0.58937204	-0.9050791	1.0835431	-0.112892546	-0.68390393	-0.15195996
0.4481258	0.30930755	1.0038519	0.26691097	-1.3969507	0.58899784	1.1307095	0.8899	0.3002665	-0.8722921
-0.3059475	-0.35593092	0.02580887	-0.418671	-1.356893	-0.5538064	-0.74873513	-0.13712488	-0.99510455	-1.7156553
0.031170733	-0.05011502	0.48783338	-0.15041827	-1.4686546	0.30213624	-0.083281524	1.5293481	0.77155375	-0.8997728
0.83534425	1.3380286	1.432429	0.55256975	-1.3708894	0.6456775	1.366562	0.9770769	-0.03720931	-1.3505954
-0.8252292	-0.8780923	-0.39788076	-0.8888264	-1.3888801	-1.6343116	-1.8130938	-0.6364581	-1.6174042	-1.2509117
-0.5436163	-0.45674044	-0.42417684	-0.60680556	-1.398861	-0.71988606	-1.3416743	-0.71227753	-0.79319936	-1.2185744
-0.90554553	-0.8822262	-0.48983547	-0.965776	-1.5062741	-0.8406708	-1.8482566	-0.6172707	-0.8519044	-1.512558
-0.12674642	-0.019471765	0.25551668	-0.22762354	-0.9864092	-0.28146258	0.12587605	-2.8137708	-1.2077783	-1.7518219
-0.31251	0.22904274	0.054504037	-0.5487289	-1.2256176	-0.8807325	-1.0559357	-0.49491113	-0.7344757	-0.5688183
-0.3008558	-0.30185038	0.042912737	-0.50146604	-1.2736211	0.08502821	-0.5029242	0.69118583	0.60296583	-1.4834737
-0.8035164	0.1961813	-0.2055138	-1.0314254	-1.173378	-0.8743329	-0.2303035	-0.39176327	-0.70723766	-1.3464664
-0.21278867	-0.5508051	0.25136194	-0.32045618	-1.4273444	-0.72215265	-0.45829055	0.56691873	0.1979513	-0.55678916
-0.45238632	-0.78288436	-0.019541234	-0.51896226	-1.6883245	-0.910277	-1.2578297	-0.4180214	-1.0213288	-1.7992187
-0.61929655	-0.6145004	-0.18689808	-0.7499355	-0.6050724	-0.96835625	-1.577758	-0.43657085	-1.4085606	-0.7132924
0.2093975	0.9408785	0.6452528	-0.031765357	-1.241098	-0.5555291	0.19148585	-0.11429359	0.24961954	-0.44037932
1.4433167	-0.058739156	1.845351	1.2162712	-1.1880897	3.0470877	0.030688869	3.5814304	2.7332706	-2.349352
-0.0193538	0.44533625	0.49927402	-0.2366213	-1.2461896	-0.1780563	0.32399356	0.14596243	-0.61963123	-1.0724938
0.21218199	1.4753768	0.53197086	-0.023603812	0.29383108	-1.1352843	-1.0589927	-0.37506455	-1.1164078	-1.1607524
0.85073245	2.0260913	1.1793958	0.4939757	-0.80433035	-0.18663827	1.9618529	0.10828993	-1.1608489	-1.9919425
0.11696834	0.48252264	0.5402585	-0.08174287	-1.144723	0.25523826	1.0996815	0.97538286	1.0373833	-1.2500359
0.11321247	-0.6232292	0.65535533	-0.043868676	-2.2006764	-0.07731575	-0.8771043	0.39337668	0.025100118	-2.723403
-0.57358414	0.31664196	-0.31984487	-0.7223201	-0.64433163	-1.6019713	-0.6177325	-1.3216162	-1.8943288	-0.91923875
-0.8108625	0.0077068508	-0.39165702	-0.9451118	-0.79749334	-0.2538855	1.0699737	-0.012983968	-0.51477784	0.124205664
-0.9230623	-0.94319713	-0.12911776	-0.94353604	-1.5225965	-1.4049914	-1.5791433	-0.4999092	-1.2625713	-0.10719279
2.2111473	2.677999	1.3890582	1.729768	-0.76563644	-0.2846022	0.50639236	0.24609397	-1.4021279	-1.2634512
-0.32427868	-0.76004577	-0.062111586	-0.3979249	-1.2348255	-1.1175675	-1.9413593	-0.63117373	-1.7084689	-1.2994146
0.24699089	1.3108385	0.9327879	0.016903564	-0.72464275	-0.33642957	0.5240286	1.3067263	-0.97004986	-0.13378175
-0.2665397	0.8426057	0.60585046	-0.41412365	-0.35786682	-0.058286637	0.1990727	0.55506265	-0.46405536	-0.9210414
-0.309833	0.18587074	0.08817533	-0.49188006	-1.45458	0.103915766	0.32932255	-0.13184193	-1.0882162	-1.5087379
-0.09386561	-0.07988745	0.3081425	-0.2262698	-1.3564754	-0.92286396	-1.3138827	-0.35026315	-0.78434604	-1.0279056
0.18879792	1.1819549	0.7048434	-0.08245234	0.0026303828	-0.68036604	1.0122535	-0.42616224	-0.4957572	-1.4112691
-0.60006744	-0.3920538	-0.18937024	-0.67324305	-2.0690513	-1.155371	-1.6290665	-1.1179975	-1.4408861	-3.1635587
1.3327394	1.4776032	1.5532212	1.086226	-0.6903891	1.8244169	1.2057825	2.1279376	1.214988	-0.3620393
1.2004112	0.87008774	1.8476341	0.9948684	-0.9221146	1.5863596	0.9700045	2.1610243	1.6197289	-0.6415499
0.57658136	-0.07520938	1.2399676	0.3928691	-1.8457707	0.17039861	-0.0035364279	0.966451	0.25692904	-1.7643067
-0.037324525	0.7261659	0.4207093	-0.32688075	-1.0661288	0.06337281	0.6302581	0.72699594	-0.09873817	-0.98457515
0.5538885	0.8043132	0.914896	0.28859073	-1.6277333	0.041211404	-0.02807841	0.07875073	-0.30964878	-1.5482523
-0.30159715	1.9566562	0.021959811	-0.6375629	-0.61195576	-0.5953245	2.4014728	0.23211217	-1.0174875	-1.4614549
-0.71863586	-0.599615	-0.3219233	-0.86298496	-1.4905028	-1.4133382	-0.26315433	-0.7117719	-1.2764301	-0.86372036
1.3588619	0.51698387	1.6658053	1.1445725	-0.984882	0.87822986	0.7578431	1.4444429	1.2874364	-0.48139396
-0.89133286	-0.9164969	-0.4632093	-0.9271123	-0.9178697	-0.7320359	-0.13628781	-0.24284703	-0.716306	-0.5125993
0.02024009	0.44938543	0.3766675	-0.17301194	-1.3055161	0.20104152	0.81554586	0.8393081	-0.2563911	-0.6034596
-0.17447591	-1.1465292	0.21447647	-0.25636977	-1.5934967	-0.14860766	-0.27894875	-0.36123523	1.0431687	-0.27828446
0.14284489	0.7345787	0.39655733	-0.093696296	-1.064429	0.58183175	0.16236258	1.3034229	1.3424885	-1.1111237
-0.61438054	-1.5831537	-0.066286534	-0.62675995	-1.8388363	-1.0767488	-1.6553235	-0.90605503	-0.99601513	-1.9718069
0.06661143	0.3126795	0.28112876	-0.022481546	-0.78811264	0.1557894	0.39794046	0.5875454	-0.18382025	-0.9693315
1.3244305	2.4658196	1.5270886	1.0156898	0.4324148	0.9867978	2.6693766	1.3325518	0.33072698	0.11721074
0.050246604	-0.18877617	0.5723226	-0.08617589	-1.091181	-0.1846785	-0.5063224	0.3728446	-0.3709891	-0.8305424
-0.8713811	-0.16782126	-0.48267385	-1.0908929	-1.2347394	-1.0955902	1.4915118	-0.885443	-0.9670222	-1.1095437
0.46620235	0.35596702	1.0062327	0.2374322	-1.2828043	0.0764681	0.59036535	0.90517664	-0.18154465	-1.62353
-1.3131092	-0.8356476	-0.84837973	-1.3561958	-0.4906205	-0.77350175	-0.5548418	-0.6609622	-1.1332723	0.5663148
1.4181265	5.809835	1.5467877	0.8975992	0.1044496	-0.008082896	5.3384466	0.42358223	-0.44109964	-0.10735232
-1.1268072	-0.7350312	-0.30482528	-1.2583916	-1.7780932	-0.9534776	-0.73964536	-0.83151627	-1.2779982	-2.28456
1.1157321	0.025653869	1.3902265	0.85880566	-1.7003438	1.1170955	-0.097612485	1.0875684	0.8057709	-1.7367873
-0.27179742	1.943754	0.12872764	-0.57334876	-1.0133529	-0.9073884	2.739921	-0.13281156	-0.9663712	-0.8138841
-0.044503294	0.60003066	0.3964531	-0.280347	-1.0161471	0.83634794	0.7190313	1.2323953	0.31740242	-1.5530453
0.71451086	1.2191153	1.0181453	0.3802067	-1.3038644	-0.047318432	-0.17141572	1.2046801	0.5663728	-1.8151077
-0.07638616	-0.6640149	0.3328065	-0.2374038	-1.9189501	-0.19798167	-1.2009114	0.3883857	-0.38030693	-2.2026825
-0.6489979	-1.2154553	-0.14140084	-0.69697845	-2.3142862	0.3723681	-0.3774406	1.0692	0.62734723	-1.947836
-0.3297188	-0.9878888	-0.33568308	-0.38975084	-0.8766748	-0.7142877	-1.1139126	-0.5343031	-0.6585221	-1.0574305
-2.2643015	-1.5960712	-1.4791684	-2.1536114	0.35930476	-2.8923419	-2.5270286	-1.0088533	-3.0105078	0.03237627
-0.32326964	-0.22672865	-0.04905823	-0.5170796	-1.2468373	-0.9517375	-1.1574068	-0.037128232	-1.3172803	-1.4477937
0.6882069	0.55142725	1.0481709	0.41457337	-1.1830477	0.91802925	0.56347334	1.3123155	0.2716539	-0.94478667
-0.15931764	0.48676243	0.40752712	-0.40253448	-1.4122688	-1.0374175	0.35406038	0.4003074	-1.1250447	-1.7589282
-0.91834354	0.52251077	-0.03884855	-1.19387	-1.0187085	0.3482783	1.583624	0.7024639	-0.24646449	-1.748103
1.7799119	1.3129377	2.3257282	1.5306158	-0.541664	1.7931876	1.9488255	1.789668	1.0620964	-1.3545673
2.517995	0.50658906	2.963485	2.226236	-1.1020644	1.5986923	1.3564727	1.836127	1.0761865	-1.2358874
-0.09939303	0.18747428	0.19108234	-0.27290443	-0.3865755	0.23666479	-0.5529383	0.4593532	0.80105907	0.032473598
0.62509596	0.44418165	0.633289	0.45444328	0.34195754	-0.17349768	-1.0196884	-0.32909295	-0.41300586	-0.61684275
0.27331838	0.9120108	0.57541907	0.06114997	-0.8334935	-0.04455724	-0.14473337	0.05424407	0.18378173	-0.5010697
-0.17285731	0.57782316	0.3550588	-0.42354986	-1.177755	0.8176486	0.7149521	1.5853479	1.3751261	-2.4718704
1.5377835	2.1539018	1.4878356	1.1438202	-0.49016806	-0.33394182	0.056164257	-0.18764433	-0.36269683	-1.4497027
1.3830557	1.8206139	2.0722759	1.1556515	-0.77255905	0.9231397	1.4972582	1.4470373	0.30361217	-1.1989812
0.47835764	0.93242085	0.9648205	0.24337111	-0.88055253	0.10777271	2.1700652	0.94212526	0.6819138	0.49016365
3.1601994	2.0047746	3.2962186	2.7575688	-0.53997564	3.796462	3.2894015	3.9388533	3.0394447	0.2879233
-0.8449408	-0.598088	-0.36689886	-0.99553406	-1.5818584	0.045684114	-0.012543568	0.6586388	-0.16199474	-1.5535094
0.0044901893	0.83795345	0.63874984	-0.12452236	-0.11131039	0.13178682	1.6258433	-0.011474453	0.5801732	-0.10125484
0.38776115	1.0108292	0.6572126	0.21223812	-0.6345439	0.9670411	0.72413784	0.84463656	0.25977468	-1.3772968
1.4178538	1.5117514	1.7166938	1.1414611	-0.8444904	1.3270304	1.0947831	1.2962922	0.91295105	-1.3782506
2.6365492	1.8907485	2.7563462	2.354122	0.48509	3.2600462	3.2018752	2.3704174	1.9246883	0.112344645
-0.29985413	-1.0452119	0.11522573	-0.39649034	-1.6641117	-0.8965771	-1.2081381	-0.28867933	-0.6152642	-1.6266861
-1.2956362	-1.2017502	-0.81431913	-1.3565222	-1.4692684	-1.5717378	-1.0910317	-0.7469568	-1.5407932	-1.8577361
0.063021965	-0.45613658	0.6391746	-0.104013585	-2.0113704	-0.20817256	-0.6970863	0.19242246	-0.7102206	-2.9641476
0.22466388	0.91105354	0.5438043	-0.08901581	-1.3289144	-0.86171865	0.8631065	-0.23350109	-0.9351685	-1.2553041
0.31587094	1.0081931	0.74379015	0.05118969	-0.85116136	0.16953506	0.3873	0.2069611	-0.0009217032	-0.8579712
0.8465604	0.5449172	1.3600488	0.6476794	-1.1743476	0.4577369	-0.1645223	0.8879694	0.1513966	-1.2071272
-1.8454753	-2.026293	-1.310092	-1.7410581	-2.008541	-2.0449412	-1.9311967	-0.9807923	-1.0014888	-2.6936495
-0.33395857	-0.54581505	-0.07982993	-0.50738704	-1.0090537	-0.8333191	-0.51337534	-0.809215	-0.86968774	-1.8167206
-0.14670745	-0.093061656	0.38863096	-0.2574588	-1.4746212	-1.7497422	-1.6818882	-0.9435841	-1.4163079	-1.5132785
1.1498688	0.050394833	1.50572	0.99251413	-1.2921231	0.81435984	-1.1204156	0.96558356	0.43154392	-1.5299792
0.34746447	-0.8140353	1.1866509	0.2515561	-2.2285638	0.48694158	-0.24099042	1.1197454	0.26064396	-1.7516899
0.5701058	0.43361667	0.8164313	0.35639673	-1.1471851	1.5685732	1.5304636	1.1765277	1.7079885	-0.7348744
0.5445297	0.42513302	1.3368646	0.40002763	-0.7116773	0.15312658	-0.6332492	0.85922414	0.584685	-0.6753711
-1.4858946	-0.58668137	-0.82373834	-1.5841525	0.3942478	-1.6855181	-1.3647964	-0.8572303	-1.7469573	-1.2250786
-0.46673968	-0.032479078	-0.21743253	-0.5893675	-1.0469271	0.1100793	0.56668377	0.86518586	0.31672525	-1.5105934
0.57042176	1.3515774	0.95366204	0.34205782	-1.0536437	1.1984911	1.6579411	1.3798056	1.1906116	-0.8438747
-0.22607553	-0.49319747	0.4941494	-0.38276935	-1.674194	-0.24450937	-0.6531718	0.27930686	-0.46787983	-1.3507822
2.1534812	1.4531095	2.4642057	1.8643768	-0.8742665	0.22624634	0.35339355	1.0710702	0.2901362	-1.0381439
-0.41375047	-1.1161364	0.28504992	-0.5813589	-2.3731475	-0.9425117	-1.027678	-0.07059199	-0.88060325	-2.8102014
1.0436655	1.7870448	1.5312767	0.7303624	-0.88714194	0.9954361	2.4114926	1.1919683	1.274943	-0.44515854
1.2437268	1.3448218	1.8165469	0.98901534	-1.1339482	0.08407834	0.4796517	0.3561957	0.18970723	-1.8746346
1.8099308	2.0591657	2.2590604	1.5196959	-0.8920456	1.289449	1.4364064	1.661461	1.3195145	-0.5150991
-0.22765571	-0.22329322	0.3342166	-0.46479303	-1.0779916	-0.04627639	-0.3966966	0.35460886	-0.43944234	-1.5663266
-0.55544394	-1.3167595	-0.03763196	-0.62294185	-1.4510878	-1.0803348	-2.0780284	-0.50578314	-0.69165355	-1.9020219
2.2985442	2.567005	2.4762764	1.9816334	-0.154979	2.691121	3.5229301	2.450203	2.0604377	-0.11554442
0.9051901	0.5099585	1.3070062	0.64963615	-1.0314885	1.2197225	0.16272119	1.8362311	1.0432765	-0.6733403
1.7590766	0.7313869	2.4178097	1.5624228	-1.3082179	-0.061483163	-0.30336627	0.6068811	1.2207068	-0.9627826
-0.37646547	2.708312	-0.38294807	-0.81752765	-0.20046389	1.7372197	5.2889876	1.3759857	1.1688688	0.9966753
2.4046595	3.2658007	2.0326426	1.9976001	-0.7854158	2.4358773	2.4523609	2.7254317	2.03994	-1.3515689
1.2190709	1.380921	1.4427739	0.8687805	-1.194149	3.1727982	1.3244134	2.8884795	3.3391402	-0.7896987
0.49920604	0.6423812	1.2425032	0.3347364	-1.1356875	0.624196	1.0929474	1.1159722	1.404573	-1.496216
-1.6826568	-1.2752774	-0.8947574	-1.6448505	-0.39404967	-1.332586	-1.5735904	-0.42803517	-1.8696585	-1.1534437
-0.68762237	-1.2173278	-0.2207317	-0.71382695	-1.4197444	-1.0841757	-0.8193345	0.787824	-1.381289	-1.3576474
0.5570033	0.32085928	1.2027309	0.38770205	-0.9739697	0.57244813	0.43373078	0.8827925	0.13857108	-0.52468294
-0.7664578	-0.27129236	0.029884577	-0.87167096	-0.8647735	-0.94711375	-0.46769276	-0.4626546	-0.9232976	-0.79837
2.1008985	1.6391642	2.2116046	1.7769272	-0.19767277	1.3218126	1.1761379	1.6902564	0.63170856	-0.3021289
0.5983185	1.1852995	0.82863855	0.32731056	-1.0047555	0.60166395	1.4599705	0.72588676	0.26368245	-1.2016661
-0.33550784	-0.22666161	0.066219	-0.55885595	-2.295996	-0.408197	-1.2698158	0.38246542	-0.77310425	-1.7928019
-0.21322286	-0.6861725	0.42298162	-0.24521503	-0.72406185	0.06989808	-0.15176098	0.607339	-0.37401158	-1.4284787
1.5177146	4.228971	1.5612118	1.1245806	1.0946628	-0.17729989	4.1554747	0.4424011	-0.42495325	0.004351064
0.19650474	-0.24782667	0.77035856	0.072970405	-0.93953025	0.02773272	-0.5195095	0.8172739	-0.19142906	-0.54792255
-1.6133888	-1.1013331	-1.080741	-1.6628196	-1.4315256	-1.8648894	-1.8368951	-0.84972554	-0.89703417	-2.2256432
0.1283235	0.15071312	0.66560817	-0.090958625	-1.429948	-0.32200253	-0.3137153	0.66706973	-0.5008244	-1.223272
0.7671015	1.4385504	1.1779737	0.4454351	-0.9940201	1.1695458	2.5529945	0.63553995	0.8216939	-0.9544056
0.5400732	0.054454654	1.3843896	0.405254	-1.3529501	-0.3744575	-1.22279	0.032040317	0.014541827	-1.3205659
0.6059386	0.36338052	1.0927428	0.3787943	-1.0154598	4.4251847	0.6292118	2.8924189	4.0018525	-1.1188402
1.7241701	2.3730142	2.1004083	1.3380502	-0.40385026	1.0536011	2.1918478	1.5423952	0.2046408	-0.52672666
0.061888747	-0.5891874	0.7253697	-0.12406972	-1.586072	-0.121532165	0.028987348	1.148269	-0.5779774	-0.8953428
1.139556	2.4900925	1.0455587	0.69734573	-0.7833544	2.146168	3.6827917	1.7056059	1.0159802	-0.13182688
0.9646813	0.42007485	1.5823375	0.7490716	-1.3810652	1.459859	0.6622633	1.3077236	0.52981496	-1.5500461
-0.2849551	-0.14613736	0.17838728	-0.33245218	0.03654006	-0.3333751	-0.62555707	1.0218613	0.05579557	-0.4991536
0.19887355	1.0864129	0.6932043	0.036884204	-1.1897212	-0.33727136	0.173079	0.2472025	-0.34906113	-1.3979881
0.19828072	0.75969434	0.51344466	0.016133532	-0.7700962	-0.39492062	0.82026285	0.21064164	-1.3377934	-0.8575504
0.4030347	-0.02286148	0.9096148	0.22652467	-1.8109646	0.58537066	0.63153064	1.0333868	0.07431775	-1.7402222
1.9223634	3.135207	1.9592137	1.4802285	-0.9568062	1.951765	2.3112283	1.6018248	1.331551	-0.7678377
2.864925	3.3171895	2.6970108	2.5808082	-0.09752488	3.0611825	2.780649	2.132301	2.3337624	0.038007926
0.81655174	1.8048499	1.1368436	0.5394763	-0.8981464	0.38956618	1.7345034	0.8057898	0.28334036	-1.3724581
1.4885274	1.1165367	1.8186775	1.2840037	-0.4601937	1.2435579	0.48077488	1.2436987	1.6827645	-0.7030798
0.74569684	1.9863529	1.0255852	0.36982226	-0.9423933	0.6320741	1.6168447	1.829083	0.18478927	-0.6908972
1.073367	1.1299189	1.5173483	0.84763336	-0.55614316	0.15909882	0.42435828	0.77501523	-0.21104978	-0.58886343
0.8750904	1.5079986	1.320898	0.60621834	-0.57448566	0.50454134	0.6032949	1.1047274	0.10725445	-1.005686
2.3782253	2.2658045	2.9218485	2.025375	-1.1846585	2.2483993	2.9401863	2.5791483	1.7607975	-1.1559762
-0.9896253	-0.62946767	-0.54255307	-1.0443984	-0.71778536	0.7119384	0.90806305	0.9145973	0.6903886	-1.0327861
0.4318299	-0.20020166	1.0366845	0.27097732	-1.3982168	0.6641496	-0.50309247	1.2886924	0.5484535	-1.5843573
-0.21575639	-0.94872	0.24983062	-0.33773857	-1.8864917	-0.9355496	-1.5033143	-0.6646688	-1.0508214	-1.4801326
0.66863126	1.2602524	1.5368313	0.38738018	-0.603037	0.8491879	1.1161458	1.4806569	-0.22349384	-0.9090708
-0.57869995	-0.8967906	0.37982193	-0.716673	-1.6120514	-1.1903048	-2.0445666	0.6292859	-1.1764408	-1.4549638
0.09549027	0.073694855	0.59033024	-0.07693534	-1.4153575	0.7352273	0.48518792	1.225946	0.28084236	-1.2481084
0.10987189	-0.42300522	0.5134525	-0.12064816	-2.043936	-0.2741792	-0.6426365	-0.010856817	-0.29027873	-1.8068908
0.26889512	-0.72674286	0.8021326	0.1078891	-1.4524101	0.7110873	-0.78094405	1.0308642	0.44044462	-1.5219384
1.0620638	2.0550945	1.468488	0.74742687	-0.67890775	1.4439249	2.7055345	1.6671733	0.9516022	0.059637114
-0.12996379	1.0160903	0.8119575	-0.5060722	-0.7200469	-1.0978577	0.1786659	0.00903249	-1.5331272	-0.50704414
-0.09174875	0.9686576	0.6698612	-0.35205284	-1.1217575	0.3633877	3.1491225	1.0260999	-0.352907	-0.2503233
1.2382504	1.4436609	1.7531346	0.98275304	-0.9348242	1.2920591	1.195226	2.0976825	1.3270493	-1.2195936
0.21315119	0.8049648	0.71326184	-0.061903134	-1.0647079	0.53020096	1.3116621	1.17542	0.7215192	-1.2964207
0.8953713	0.71389484	1.6154147	0.70320755	-1.1807667	0.48886195	-0.13914669	0.9510344	0.17989159	-1.2920228
1.5384684	2.50232	2.0348258	1.2187581	-0.31582755	1.6966273	2.2018201	1.7974828	0.9309643	-1.0961645
0.21225175	0.14550075	0.73619795	0.048309222	-1.3924788	-0.2565681	-0.45121542	0.7184031	-1.1988232	-0.9581247
3.2260673	2.9759746	2.2631383	2.6952991	-2.5427713	2.3154702	1.7366294	2.2061381	1.8810917	-2.8936589
0.98814875	2.0944574	1.1506382	0.7292366	0.130925	1.2817194	2.7775893	0.35332045	1.0983698	0.5999738
0.3271928	-0.5297066	0.6075753	0.12765758	-1.7368941	0.90016335	-0.5709291	0.8512839	-0.23057474	-2.1971033
0.6794705	0.36371425	1.1647526	0.491189	-1.3128321	0.681253	0.23691632	1.5493232	0.37104222	-1.1958141
0.2865993	0.472257	0.7326541	0.053567618	-1.3391699	0.1325994	0.39401174	0.30135015	-0.87190413	-0.42361143
-0.5463216	0.17600611	-0.07535228	-0.628106	-1.3741413	-1.5477157	0.558858	-0.3727182	-0.049940743	-0.6363722
1.6524662	3.9255936	1.8109868	1.2489935	0.5110744	-0.43641403	4.066536	-0.5501052	-0.54080105	0.061880555
0.23319432	0.11287436	0.7873956	0.08141787	-1.3790218	0.61643016	0.73953027	1.1473219	0.7101576	-1.3968382
0.40686074	0.1393291	1.023358	0.21739544	-1.465196	0.09825398	0.44555733	1.310201	-0.13191874	-1.2551813
-0.87196344	-1.0314093	-0.24739271	-1.0063043	-1.9653132	-1.5072404	-1.5928128	-0.78892577	-1.6750997	-2.0457237
-0.60477704	-0.7827393	-0.13873035	-0.72201025	-1.3983095	-0.40083176	-0.15328145	-0.20594673	-1.0720723	-1.3562695
0.115235515	-0.8885969	0.7289672	0.079391465	-1.9418571	0.10636171	-1.0276755	0.87144256	-0.005749667	-2.1239474
0.59844273	1.3229102	1.0795852	0.32851255	-1.1378254	0.84649205	2.8708537	1.4561802	0.4594368	-0.24059364
1.7738258	1.9380267	1.882	1.5195394	0.39424422	1.1386192	2.6549923	1.3401942	0.6945714	1.1298294
0.09948779	0.5325928	0.5693315	-0.12279375	-1.4660645	0.026820028	0.18669555	0.64368683	-0.2104519	-1.7892843
3.4756405	3.064226	3.2704568	3.0011218	-1.4175066	2.3634658	2.365738	2.1298594	1.5590993	-1.9507061
0.6124787	1.639909	0.95321643	0.2600094	-1.461726	1.4296029	2.258086	1.9146663	0.80047655	-1.2942232
0.7261283	0.4817361	1.3123262	0.4982735	-1.2164814	0.8945132	-0.4130068	1.4769516	0.9817334	-1.4059075
-0.9473015	-1.2834513	-0.42528632	-1.0116451	-1.7958456	-0.5685082	-0.6245566	-1.0058565	-1.2627405	-1.4960291
-0.68337363	1.1090633	-0.101670235	-1.0518521	-1.314394	-0.19738275	0.9002782	0.07690613	-0.56635505	-1.2203435
0.44235197	-0.09001264	0.7931391	0.2819031	-1.2732219	0.0802496	-0.68655664	0.98067266	0.18432286	-1.294185
-0.9937313	-1.123722	-0.7189754	-1.0625774	-1.0447087	-1.205552	-0.8949099	-0.82069194	-1.8466729	-0.78424084
0.41478816	0.114051044	0.97080946	0.2745955	-1.2597933	0.47647214	0.13116667	1.1983426	-0.04023863	-1.6183457
0.86102444	1.2929392	1.3762281	0.61187994	-0.7864959	0.63582474	1.3643517	1.3998014	0.71910965	-1.0284685
2.457504	5.989015	2.1256404	1.7176279	0.81192994	3.1305885	5.4749575	2.4514756	2.7253528	1.7843906
0.5411716	0.2763202	0.9203857	0.27334565	-1.4042294	1.165496	0.0260786	1.0667272	-0.03716091	-2.1797302
0.77450365	-0.9627955	1.6258985	0.6713048	-1.0425048	0.29068857	-1.807813	0.26339749	0.076334916	-1.116804
1.6090719	2.7377577	1.5308819	1.229414	-0.1519526	1.7042595	2.7347012	1.3106527	0.67726964	-1.280837
1.6650013	3.1323967	1.8509634	1.2244439	-0.24716783	0.47468314	2.6848927	1.0343261	0.32834387	-1.4690328
0.19177935	2.1295054	0.838853	-0.17798094	-0.9337702	0.628459	2.1475186	0.8569905	-0.58376336	-1.2676373
-0.56316817	-0.3016263	-0.15892437	-0.6549264	-1.0368929	-0.9010292	-0.9379884	-0.7254735	-0.7461635	-1.9634737
1.5080522	0.96835697	2.5846074	1.2723541	-0.061287403	0.17479247	0.6765299	1.635165	0.3644778	0.01531049
0.87919986	1.389043	1.4412264	0.6079513	-0.5588273	1.082718	2.1011097	1.6262767	0.29742163	-0.50176215
0.97565633	0.4917883	1.6063347	0.78574	-1.6914625	0.8125719	0.74753356	1.8426781	0.5648468	-1.1407598
-0.8188536	-1.046907	-0.34928915	-0.84950376	-1.2703639	0.12741333	-0.8095534	0.8692793	0.015414636	-1.2568012
0.14527494	0.37492612	0.6563537	-0.108636305	-0.8783369	0.11218486	0.59632987	1.060046	-0.016455932	-0.832383
-0.9918446	-1.0154263	-0.40069988	-1.0210823	-1.2216886	-1.9093387	-2.358254	-1.0142574	-2.2632911	-1.2734604
1.5770074	1.9932806	1.9785775	1.1755672	-0.7368182	0.43436658	-0.3456756	0.5559635	0.22232056	-0.65444946
0.6150764	0.62709117	0.56544954	0.40944648	-0.7317034	0.2908451	-0.8846029	0.028183952	0.50896263	-1.8301568
0.06598028	-0.70488626	0.57615757	-0.11681484	-2.225208	-0.52496296	-1.1419868	0.3155919	-0.6211583	-2.425196
0.33886287	0.62037456	0.40128338	0.10803215	-0.5019407	-0.5141337	0.6654389	0.06391242	-0.7419702	0.7325539
0.72023916	2.827074	1.1469538	0.41462147	-0.41477585	-0.17239165	4.080092	0.8399426	-0.33965188	1.0624895
-0.7277073	-0.8782513	-0.3090147	-0.71147585	-0.9105481	0.38128093	-0.32072148	0.8538489	0.8692802	-0.033138834
1.2837541	0.56850195	2.1114488	1.0959333	-1.3712444	2.0764995	0.3837283	2.740419	1.710493	-1.5117961
-0.32565728	0.04521954	0.19389254	-0.49642086	-1.2790762	-0.8030392	-0.40622145	-0.3109962	-0.91549	-0.7695092
1.9693655	4.5532503	2.1663914	1.5834911	0.5437256	1.929039	4.708283	2.557873	2.4847562	2.8681743
0.432335	-0.14886096	1.2756889	0.17525683	-0.93341184	1.4170269	-0.091890134	2.1860197	1.205527	-1.676778
2.3199518	4.9722314	2.178388	1.7718408	-0.77772737	0.27554163	5.1709456	-0.43900394	-0.67020476	-1.1162513
-0.6069514	-0.71574163	-0.049422026	-0.6778151	-1.2878928	-0.9706587	-0.6921141	-0.53429985	-0.36941412	-1.1357349
0.47124293	-0.30921644	0.6817581	0.29155666	-1.705844	1.8293444	-0.547437	1.4865333	1.5602823	-1.8084975
0.4295072	0.6915041	0.71704006	0.2084883	-1.2947162	0.5602405	0.82308114	0.6656537	-0.021557165	-1.1226285
0.5145494	0.4964899	0.7722814	0.28621775	-0.12703171	-1.3249049	-1.481197	-1.4443291	-1.0415303	-0.9359402
0.30132395	-0.20487621	0.86153793	0.19481255	-1.3718474	0.7672503	-0.14160304	0.403005	1.010325	-1.8518081
-0.09221585	-0.6394931	0.22947231	-0.30630046	-2.1481116	0.066679575	-0.64110255	0.42999437	-0.074238315	-2.7663531
0.7356479	0.16349179	0.98303676	0.46486992	-0.9510492	0.5278148	0.0033698916	0.78031653	0.3953773	-1.393585
0.7375737	1.0957278	1.218084	0.5289733	-1.2707294	0.23016167	1.1120371	1.0040647	0.689833	-1.342816
1.28506	2.1951234	1.5681672	0.9262705	-0.63856363	0.42072958	2.158589	0.7146009	0.06368993	-0.7129161
-1.0216775	-1.4536607	-0.4663572	-1.055503	-0.26222658	0.20024274	-0.4534196	0.09641989	-0.51354104	-0.5710644
0.6130552	1.220274	1.2046542	0.39605552	-0.8786999	-0.025455112	0.10347615	0.7232169	0.14695361	-1.8273277
1.4511988	1.6489917	1.5245421	1.0166723	-0.1412847	0.1847233	1.4268011	0.09247925	-0.4132449	0.21473174
0.5640829	0.32344916	1.1530613	0.35258	-1.2705712	0.7427833	0.21742098	1.3556414	1.2420528	-1.3653549
0.55113536	0.8183123	0.95704615	0.28367382	-1.0096704	-0.2699173	0.69251484	0.36749783	-0.04975416	-1.0700209
0.9154569	3.4516103	1.4315335	0.6087939	-0.3378325	0.79988974	3.87978	1.5095233	0.12623076	0.102109574
-0.50300545	-0.3457988	-0.09604624	-0.63629675	-1.2948539	-0.68962044	0.09292978	-0.79321957	-0.5692169	-1.7121212
0.18368456	0.05000785	0.6185732	0.04651849	-1.3961827	0.37136972	-0.28370455	0.86587995	-0.21986574	-2.5330985
1.1355933	2.4023647	1.5022916	0.80093956	-1.2928114	0.61964756	1.5205247	1.4448472	0.707127	-1.1426083
1.0882343	0.9514415	1.3213599	0.8405764	-0.33364594	1.4826472	1.9401418	0.1737331	0.43506843	-0.39730352
-0.93473727	-1.0559735	-0.5851009	-0.9623617	-1.3937198	-0.4699842	-0.51066566	0.8775692	-1.1488162	-1.2839202
0.16498488	1.024832	0.7807845	-0.08084971	-1.0448996	-0.28421828	0.030040298	0.54415363	-0.2922713	-1.1330305
0.4497994	0.44450167	0.87232184	0.25671488	-1.2343242	0.2998187	0.8642534	0.9880309	-0.21872377	-1.3919954
1.0437087	1.5896841	1.4631038	0.8016924	-0.7478719	0.54317665	1.7371243	1.905338	1.1211442	-0.5342799
0.8650363	1.2450536	0.91410744	0.53683317	-0.8651941	0.1735297	1.6279265	0.72388446	0.11107156	-0.58542085
-0.3410857	0.22095937	-0.0043796897	-0.500221	-0.9147141	-0.7463177	-0.25479087	0.10013899	-0.59417367	-0.815875
2.602469	0.73512137	3.081844	2.307569	-1.1362627	4.3295746	3.152314	4.3591633	3.788239	-0.6643429
1.0255532	0.81474423	1.6477308	0.8512441	-0.9157338	0.7407886	0.8956215	1.1873553	0.13074586	-1.8512257
0.76949936	0.6990739	1.2052147	0.53699195	-1.1367136	0.9331021	1.0546508	1.1925895	0.7347885	-0.748434
0.6304664	0.44483307	1.2375364	0.43231994	-1.275028	1.0358639	0.35029542	1.1472013	0.7629751	-0.84114385
0.43660447	-0.17854702	1.2011791	0.25928062	-1.5692132	0.24625446	0.085060515	1.0663093	-0.07577596	-1.7644769
0.24959251	1.3114432	0.56469905	0.06112002	-0.84049153	-0.5569594	-0.6968735	-0.5047821	-1.2022574	-1.5413474
0.34127736	3.0059395	0.7585186	0.1184655	0.57505345	0.49138626	3.7298472	0.88909715	-0.11077404	0.53848475
4.1617193	3.23831	4.0997505	3.7486072	-0.294009	6.0180902	5.8591733	6.5132933	5.857508	0.8053135
2.5166411	0.49274543	2.898235	2.2129388	-1.3718495	2.566474	-0.15924491	3.6744585	2.3408306	-1.8802897
0.29762086	1.1763065	0.7430576	0.018639266	-1.0600168	-0.13488768	0.41212538	0.33255807	-0.023227755	-0.91057026
0.557778	0.53684497	1.036903	0.32425845	-1.3659428	-0.300528	-0.1587619	0.30706096	0.14372261	-1.6791962
0.3376998	0.20825294	0.97889113	0.16550909	-1.134574	0.6871228	0.41996807	1.3817215	0.53419644	-1.213096
0.30793753	0.23458216	0.9286829	0.08449708	-1.8402028	0.008708283	-0.8191119	0.6103468	0.1663954	-2.1157713
-1.4063216	-1.2308488	-0.8410902	-1.4665849	-1.5852753	-2.0139697	-1.7983972	-1.1198263	-2.3797164	-1.8673873
1.482411	2.7647817	1.8341562	1.0909004	-0.75135565	1.9381573	3.2783701	2.1882691	1.731144	-0.82878596
2.1411023	0.86622906	2.473131	1.8281364	-1.3612565	1.5692707	0.3762911	1.5805358	1.4648302	-1.2022069
-0.15299478	0.64757943	0.1390973	-0.40585047	-1.0648658	-0.7185965	-0.07477512	-0.0039342875	-0.86909497	-1.5592101
1.4219252	4.0426846	1.3812653	0.8880366	-0.27391377	1.607539	3.666093	1.567718	1.402267	-0.063143335
-0.2324622	3.3035858	0.050445914	-0.8309698	-1.3529884	0.34012404	2.9687002	0.13330406	-0.043895632	-1.1858442
-0.3514778	-0.08182767	0.11276451	-0.4837134	-1.2840449	-0.8088007	-0.44469127	-0.38429046	-0.7896577	-1.5976136
-0.21437901	-0.13712624	0.27658477	-0.43887502	-1.4814239	-0.283769	-0.54204446	0.32039705	-0.29906997	-1.7205979
0.037212424	-0.43828407	0.47468525	-0.08368099	-1.038666	-0.40178385	0.12471318	-0.1377811	0.5998268	-0.6726174
-0.8633153	-1.189649	-0.75376105	-0.89498883	-1.1133873	-1.7034672	-2.0962079	-1.3983605	-1.356541	-0.9447398
0.9540619	2.032297	1.204208	0.54093426	-1.4146563	1.5476173	0.64174885	-0.27536887	0.14916183	-2.7740476
2.7920134	3.3412936	2.705221	2.3816855	-0.12922308	3.1191986	3.5944505	2.8750384	2.394214	-0.34102193
1.8576272	1.6174419	2.0560637	1.6329213	-0.550819	2.5207222	1.9061785	2.8578115	1.9873592	-0.680921
0.4624506	0.79669213	0.9043946	0.22988747	-0.9590132	0.08722727	1.4801778	0.21595262	0.32405102	-0.7029613
1.1811543	0.6970763	1.5266224	0.8583803	-1.3607788	1.0842907	0.8499025	1.3720628	0.81335723	-1.4549624
0.37908834	1.4464086	0.519699	0.16719578	0.2194064	-0.4138789	0.45082718	0.088870324	-0.61755055	0.17573287
-0.034698762	-0.28912795	0.63467205	-0.14682443	-0.7983564	1.2832845	0.68365705	1.8552538	1.5789158	-1.2172711
-0.25530863	0.5907191	0.20189816	-0.47767365	-1.295507	0.116684474	2.0430114	0.64693063	-0.47490746	-1.0298561
0.2061449	0.9650545	0.99454224	0.046589628	-0.6391406	-0.53199893	-0.6127911	0.27558154	-0.7627533	-1.0148885
-0.86826056	-1.2637388	-0.3452966	-0.8791061	-1.093331	-1.2804748	-1.6064546	-1.3906002	-1.0532988	-0.22958498
3.839946	2.7155695	3.9253168	3.2742503	-0.257267	4.016855	1.4400865	4.339883	3.5917268	0.9391424
-0.105984844	-0.4583457	0.46799088	-0.30392885	-1.4336101	-0.4942532	0.009558391	0.19653815	-0.7252566	-1.4243228
-1.4331089	-1.3909506	-0.8871769	-1.4723933	-1.6141974	-1.6618699	-1.6342304	-1.2546846	-1.1992203	-1.5372518
1.0667975	1.3879327	1.7651356	0.8311057	-1.1060143	0.6909772	0.7480201	1.158129	0.24983764	-0.69241095
0.04701244	-0.2865594	0.36568236	-0.05495985	-0.95048606	-0.34597734	-0.8345726	0.24684945	-0.8557567	-1.1922486
0.13312057	-0.040941387	0.43031842	-0.13655023	-1.6730748	-0.4969715	-0.6243302	0.04302729	-0.85193527	-1.5501463
-0.10954879	-0.062808365	0.25436357	-0.3015719	-1.4583565	-0.88134557	-0.38635898	0.16190554	-1.2157701	-2.1175802
0.2744484	0.32783952	0.7793642	0.09823249	-1.1646293	0.2500475	-0.04254507	0.7131648	0.17096813	-1.714264
0.0806875	0.8990177	0.48515722	-0.2602009	-1.3519062	0.853013	2.2667549	0.6379838	0.023297485	-1.2253047
1.6328248	0.828053	2.180038	1.3059274	-1.443336	0.8136311	0.44699335	1.3133615	0.7230052	-2.15402
0.0077547207	-0.18251777	0.49405804	-0.15551499	-1.3091862	0.2811632	1.0985916	0.84627545	-0.17627932	-0.38195333
2.5816379	1.7356114	2.633507	2.2501228	-1.2185032	0.8447432	1.3310201	1.0366648	0.96088535	-1.1558789
-2.315891	-2.1964984	-1.5113769	-2.2388525	-0.8419315	-2.7893639	-2.4118996	-1.9056878	-2.4252264	-1.1065285
2.2420743	3.1564467	2.3571362	1.8075552	-0.39360076	2.3542018	2.4643352	2.1340907	1.9418021	0.2783823
-0.08585348	1.2276982	0.01376161	-0.22909258	-0.95625687	-1.6551864	0.16583937	-0.55109894	-1.1946716	-1.1867512
0.30399376	1.0860122	0.84508216	0.09169634	0.048083395	-0.222738	0.47027886	0.79484934	-0.22919577	-1.0990703
-0.0785733	-1.0521896	0.5463555	-0.12891039	-2.2401543	-0.07934424	-1.1828884	0.5044934	-0.326528	-2.1245553
1.104876	1.32185	1.5134583	0.81938386	-0.96133745	1.2265366	1.2600958	1.4852105	1.2577838	-2.1297374
0.5844984	0.30220237	1.3437542	0.44416612	-1.0203295	-0.57820064	-0.34097633	0.3181616	-0.4910164	-1.6774457
-0.1705565	2.0474799	0.6970761	-0.45790982	0.14376292	-0.9857928	1.5650858	0.09612824	-1.8970342	1.1543399
1.4130292	2.5006673	1.6140862	1.0462765	-0.9328269	1.5583843	2.1249492	1.7650131	1.7232643	-1.870933
-0.75821203	-0.5631282	-0.35818234	-0.8042316	-1.0733819	0.6424925	0.42095143	0.8139439	0.60841703	-0.6886729
0.5356398	0.47002468	1.0202405	0.31886554	-1.4385667	0.31001088	0.43071708	0.21924102	-0.04768848	-1.0895104
0.05986757	0.10571456	1.1526446	-0.13743342	-0.49180883	0.06518403	0.10852619	0.97281605	0.27183723	0.028989311
-1.1812022	-1.164259	-0.81641054	-1.1374869	-0.219558	-0.73732215	-1.2787855	-0.7209707	-0.72206295	-0.6330489
0.12157483	-0.33607364	0.598155	-0.06267825	-1.4558011	0.13205506	-0.5487553	0.6910407	-0.33745965	-1.2939907
-0.15290862	0.6992712	0.075987086	-0.42565107	-0.81920886	-0.76538837	-0.15281104	-1.0759717	-1.4630127	-1.5683131
-1.2215384	-1.4903601	-0.74929154	-1.1837604	-0.8282088	-1.7570338	-2.00574	-1.0243523	-1.4242243	-1.9389588
0.20313624	1.0082144	1.01504	0.014633447	-0.61196005	-0.18672436	0.98457927	0.9043833	0.3727288	-0.78907037
-1.3021823	-1.2816544	-0.7501552	-1.384668	-1.4582148	-2.2597802	-1.4562817	-1.3452753	-1.6289608	-1.8792342
1.0265422	1.2330116	1.6835561	0.8104767	-0.8685504	0.18914661	1.2178764	0.7152171	-0.4461552	-1.3675847
1.9913446	1.0567852	2.8420608	1.6284784	0.120643675	1.9046164	-0.79834163	2.0593987	1.4842337	-0.31001726
1.2210032	0.4861174	1.5404433	0.9992026	-1.402284	0.44590527	-0.0059425496	0.24138023	0.054854702	-1.534987
-0.5726918	1.0146904	0.050322786	-0.87917143	-1.5290235	-0.19596297	1.4148686	0.8666278	0.30794442	-1.6452826
0.16082829	0.5407659	0.15322173	0.039229974	-0.8260585	1.7915276	2.9525394	1.0249923	0.9438779	0.8877328
1.5275332	2.262168	1.8580577	1.2286137	-0.5679163	2.0226717	2.6036146	1.7630919	1.5522037	0.07257908
0.10261028	-0.046179354	1.0597522	-0.0631854	-1.3119142	-0.48856786	-0.49772137	1.016943	-0.6645689	0.32085097
0.35502902	0.74151826	0.7648077	0.1537665	-1.1321514	0.2944784	0.35154244	1.1636937	0.030158263	-1.3872694
-1.4983842	-1.649233	-1.0331541	-1.4304895	-1.4531997	-1.1739821	-1.7555918	-1.2123123	-1.1914427	-1.3311124
-0.15360922	-0.850533	0.33310732	-0.19734187	-1.4236027	1.8274884	0.3594664	2.0323448	1.0843922	-1.7517549
0.4158532	-0.2874177	0.78337276	0.32178086	-1.3747554	0.25246617	-1.241312	0.7047888	0.18591334	-1.5506197
1.1266568	0.7849045	1.1680046	0.74767447	-0.6331477	2.3665917	1.602672	1.7989191	1.6323335	-0.7189478
1.7436464	1.5402304	2.1439154	1.4910741	-0.90477955	3.837787	1.7674903	3.940518	3.690373	-0.602193
0.87120575	0.16774842	1.2351424	0.52915305	-1.2707722	-0.57526404	-1.3271449	0.047711182	-0.8530978	-1.8028035
-0.94782096	0.06320825	-0.24768886	-1.18735	-1.6185117	-0.39882678	0.20320132	0.11681274	-0.8923256	-1.9208649
1.6129562	2.5176232	1.7647939	1.1995983	-0.73879826	2.793834	2.5295577	2.5769255	2.3944495	-0.76923716
-0.87442243	-0.88576806	-0.4267623	-0.87272197	-0.91785264	-1.4272206	-1.0962518	-1.570916	-1.2816905	-0.86542296
-1.2897056	-1.1126803	-0.89774764	-1.2914411	-0.5693698	-1.0540602	-1.181068	-1.1154226	-1.1767938	-1.1630646
0.050127193	-0.27528036	0.4118021	-0.07456972	-1.2762129	-0.32993367	-0.95698684	0.09729731	-0.69992805	-1.311885
0.30095664	-0.25581223	0.6402377	0.10695468	-1.440852	-0.96236044	-1.1684699	-0.17686942	-0.9883151	-1.4868379
-0.4588111	1.0601574	-0.35034826	-0.64772797	-1.0224063	0.46269384	-0.5904355	-0.118345544	0.004066303	-1.387119
0.6944825	1.0127568	0.96246684	0.65931	0.63077676	0.929045	1.5067377	1.2045559	1.0360315	1.8195835
0.054369427	-1.2431859	0.8310287	0.08568986	-2.2974098	0.45257467	-0.27880687	1.1858268	0.94475806	-1.0613059
1.1122524	2.9494848	1.2264501	0.6250981	-0.349943	1.0568177	1.3755516	0.39585048	0.8448435	-1.8375301
0.2855674	2.5847137	0.4628942	-0.08558908	-0.82424116	-0.32080945	2.4247468	-0.18466629	-0.56224394	-1.3690087
-0.40502483	-1.0593988	0.0545561	-0.4048034	-1.534035	-1.1517786	-2.0606728	-0.8593683	-0.9100318	-1.3558615
-1.0199431	-1.1973568	-0.5965773	-1.0996648	-1.4722029	-0.99981964	-1.5007322	-1.082	-0.90136737	-1.8941958
0.7947754	1.5748074	1.0555832	0.58872	-0.2367605	-0.25053796	-0.15464808	0.038995627	-1.1749923	-0.8173705
-0.3140133	-1.1610293	0.20662221	-0.3445449	-1.143726	-0.9073803	-1.9456652	0.4670182	-0.6301935	-1.8084966
-1.00327	-0.24965945	-0.82720065	-1.0842294	-0.46442202	-1.8821139	-1.3431611	-1.4544787	-1.7847586	-0.99465483
-1.5641091	-1.5691816	-1.0437098	-1.5399073	-1.4797821	-2.8012962	-2.9673274	-2.7702713	-2.4841566	-1.3472925
0.11827014	1.2984853	0.5762093	-0.0685056	-0.234374	0.6546013	0.88425916	1.2777759	0.6480493	-0.7974283
-0.046190895	1.9764256	0.16300786	-0.5151871	-0.4522295	-1.6602242	-0.8623895	-1.1012561	-1.3786451	-1.5869921
-0.17956194	0.37690356	0.12611175	-0.3705811	-1.3450625	0.11684851	-0.20892778	0.26473805	0.33033168	-1.1906948
-0.11241952	0.7444819	0.18535183	-0.37805313	-1.2697613	-0.28247133	1.025242	-0.18822627	-0.89741206	-1.3418043
-0.83167493	-0.81782794	-0.36440453	-0.9024138	-1.6219501	-0.95508075	-1.316704	-0.31054652	-0.69540805	-1.2280052
0.615712	2.1257515	0.9817116	0.1995156	-1.1755143	0.4000685	0.5579915	1.083475	-0.45892707	-1.1250418
-0.16332221	0.20740637	-0.027124375	-0.26360726	-0.34901452	-0.9541593	-0.93193847	-1.1145107	-0.9913664	-1.6189787
-0.15383491	1.0612175	0.42821744	-0.40695968	-0.6052029	-0.64265203	0.2930367	0.42907497	-1.1480682	0.7799462
-0.0670766	-0.80787396	0.59133124	-0.18333317	-1.6366812	0.6149206	0.7648793	0.80611414	0.45970204	-1.5211331
-0.43858925	1.226939	-0.1385957	-0.7212485	-1.3899506	-0.32271686	1.3679904	-0.24075468	-0.8270113	-1.2348552
1.5546329	0.77429485	1.8898648	1.274204	-1.3778507	1.7632592	0.52194625	2.350977	1.2946434	-1.9795402
-0.10707454	-0.10862452	0.32785854	-0.28267556	-1.3695874	-0.47850135	-0.36179337	0.14236751	0.049015332	-1.3013848
1.4767362	0.3982896	1.906131	1.1384766	-1.496378	1.6031977	-0.34582067	2.4810534	1.8705822	-0.2394652
0.70584893	0.9409338	1.0993116	0.41806638	-1.276717	-0.3465088	-0.121438675	0.26752466	-0.050748438	-1.4891161
1.083184	1.0202177	1.677126	0.75866425	-1.2319385	2.6753297	1.3095284	2.0996444	2.748565	-0.98831445
-1.8141208	-1.8236724	-1.1657699	-1.7418661	-0.6994827	-1.9303623	-2.3166914	-1.1731173	-2.7288485	-0.8578016
2.420368	1.7167215	2.5757418	2.0153112	-0.8435825	3.1818027	2.5133903	3.1071303	2.720624	-0.16086504
0.97531134	0.7596334	1.5290116	0.73778737	-1.3821377	1.0531216	0.57718354	1.529674	1.0246257	-1.163469
0.86490184	1.7671111	1.0905759	0.5753505	-0.04282084	0.19713819	0.1724238	0.08367624	-0.8321838	-0.24882348
-0.5124235	0.39832094	-0.024911702	-0.68025213	-0.9784596	-1.7065912	-0.8906936	-0.99742204	-1.3710147	-1.1135707
1.0071526	1.3253895	1.4384806	0.70245814	-0.89125323	1.0110284	1.0254775	1.2441847	0.53678703	-1.1399081
0.2651899	-1.097323	0.85750127	0.13070022	-2.407394	-0.08617315	-0.88384384	0.5012896	0.13882796	-2.9454951
0.49832138	1.744414	1.4008349	0.28971696	-0.22371837	-0.021616103	2.5805006	0.3881894	-0.9597996	0.2735234
0.17943671	-0.31843507	0.7407714	-0.06518937	-1.5180384	-0.09273215	-0.7590294	0.7161513	-0.16146743	-1.9644232
0.2922354	1.2389269	0.52021986	0.06433119	-1.1435313	-0.75746477	2.105504	-0.47628418	-0.8248984	-0.8624423
-1.0081121	-1.0853056	-0.5584986	-1.0806803	-1.6470672	-0.019444404	0.29688042	0.7157814	-0.5477304	-1.4746816
-0.23453942	-0.63782954	0.20602626	-0.40066493	-1.1748117	0.106160924	-1.1896805	1.3271115	-0.12597442	-1.7276111
-1.9332592	-1.8451322	-1.2520747	-1.9206519	-0.638919	-2.094563	-1.534416	-1.7319726	-0.8048282	-0.50448
0.6490726	0.55668867	0.741804	0.49935502	-0.2755041	0.024073191	-0.11193419	-0.6458644	0.26185635	-0.74304956
-0.25275928	-0.29591575	0.21792829	-0.42476916	-1.230998	0.14140399	-0.95175284	0.3458078	0.8640495	-0.38011083
0.134033	0.43200508	0.5967971	-0.060408294	-0.8125175	0.009175572	-0.4396166	0.9750821	0.39337593	-0.8011176
-0.16331357	0.19031242	0.3397122	-0.33574814	-1.4641447	-0.1752832	-0.15226449	0.48637828	0.2558724	-3.2295692
-0.8960354	-1.2790163	-0.5259341	-0.94025975	-1.1211467	-1.2030686	-2.0691938	-0.37807402	-1.2816455	-1.2097384
0.020862393	-0.6507661	0.479173	-0.11352034	-1.333854	0.61056936	-0.405797	1.3098965	0.075180545	-1.7142056
0.9073363	2.3978207	1.2990552	0.7039641	0.23826668	1.5554854	2.7712004	1.6047525	1.9254448	-0.8220487
-0.5957934	-0.8453878	-0.099652916	-0.744276	-1.6992168	-1.188187	-1.3671005	-0.8004804	-0.49918818	-0.90526026
-0.6190057	-1.2974135	-0.3316531	-0.685236	-1.3457607	-1.6671562	-1.8413401	-1.4542391	-2.2652488	-1.9551203
-1.2525059	-1.0842328	-0.855222	-1.2684252	-1.0333797	-2.0847533	-1.7730502	-0.7363863	-1.7150944	-1.9331667
0.8935073	1.5902256	1.2521617	0.5999168	-1.1140182	1.1044347	0.49300227	1.1920093	0.3962613	-1.5142614
1.8282973	2.8734663	1.8175942	1.5173299	-0.07219547	1.14084	2.2825813	2.021277	1.0178155	-0.3384945
0.34497842	0.626356	0.93332887	0.1309097	-1.1037427	0.52383137	-0.2589279	0.31283483	-0.22696783	-1.127661
2.067631	2.8330433	2.2729893	1.6884933	-0.6829405	1.5192772	2.4649978	2.2289429	1.6017846	-1.8452018
-1.8838063	-1.9437929	-1.2719909	-1.8083467	-1.0235019	-1.6522958	-1.5166259	-1.2169286	-1.7439016	-1.6933
0.4007022	1.5945228	0.77335775	0.12277429	0.0171431	0.6085182	0.4774974	0.84812284	-0.02182413	-1.0067227
1.7241873	1.4552686	2.1060677	1.494307	-0.1492119	0.5089449	1.0196565	1.2012358	0.8008648	-0.90570456
0.46349272	-0.042592347	1.291465	0.22686	-1.650176	-1.8769689	-2.0444572	0.26114783	-1.3447186	-2.8004613
-0.21156445	-0.20762408	0.51175094	-0.35900533	-1.3977015	-0.8486018	-0.016853178	0.47431248	-0.75919396	-0.7085949
1.1581888	0.81201494	1.6428324	0.8896297	-0.6373117	-0.21285182	0.890534	0.62832993	-0.3229588	-0.901097
0.5143491	0.58135486	1.292575	0.3431154	-1.4117247	1.1796235	0.51373905	1.7203492	1.3115046	-0.9897034
-0.980816	-0.84988916	-0.6513089	-1.0579504	-1.2437315	1.6103448	1.7228985	1.4830109	1.1580433	-0.9761236
0.3746147	1.106137	0.7201983	0.2642709	-0.765319	0.397495	-0.110175006	0.8279047	0.03466162	-1.2880696
-0.11698568	1.063001	0.39251885	-0.3600949	-0.7526638	-0.16149639	2.112174	0.5645605	-0.4804526	-0.2524568
0.17778489	0.2568639	0.8509066	0.016139388	-1.1943325	0.051036302	0.4491562	0.5062636	0.24771914	-1.7985402
0.072426595	1.667218	0.62415516	-0.18198076	-0.48313183	0.9417474	2.986026	1.4346517	0.5880318	0.42747074
-0.034545742	1.0480655	0.3375992	-0.3357749	-1.162127	-0.13336007	0.36818555	0.09131224	-0.58052725	-1.0967394
1.1746035	2.2412736	1.3403097	0.8276038	-0.73708785	0.77753454	1.7660674	0.5602637	0.38282034	-1.3316022
1.4802065	0.895506	1.8524891	1.2105509	-1.1225364	0.39800465	0.51489764	0.9848694	0.45961738	-0.910897
1.1278964	1.9081118	1.5484387	0.82502913	-0.5246869	1.6188135	2.038391	1.5246946	0.8442382	-0.86378443
-0.1235447	-0.57218033	0.36512518	-0.26508704	-1.4803991	-0.8508393	-2.7562106	-0.49982604	-0.95986843	-2.5920026
-0.5830529	-0.99057794	-0.22698641	-0.65169877	-0.29527897	-0.2338693	0.4520059	0.012165828	-0.65950304	0.21789683
0.7531247	1.1633817	1.3003298	0.49688315	-0.6403152	0.6331465	2.1695604	1.130585	-0.12076366	0.8220258
0.8562579	0.75592065	1.2572048	0.59596276	-1.2348948	0.2502996	0.26450494	0.65944684	0.9235435	-1.3358027
0.01316651	-0.2776646	0.46987438	-0.18105096	-1.2085692	0.4386327	-0.44378465	0.43057135	-0.29611453	-1.3387519
-0.091719516	-0.2762519	0.41519946	-0.27278006	-1.4099422	0.021592617	-0.5813227	0.7665119	-0.080433704	-1.6679156
0.110058166	0.649168	0.6798599	-0.16548365	-1.3587452	-0.515645	1.264355	0.23680979	-1.2622745	-1.7929195
1.0739425	1.7115295	1.4022565	0.7695142	-1.1547743	1.7104926	3.6180034	2.143074	0.9551512	-0.29607636
-1.5361023	-1.2573091	-1.0394485	-1.5884202	-0.3482798	-0.3898387	-0.26285186	-0.5954209	-0.3897072	0.370988
0.4560742	0.81446123	0.86780727	0.20371304	-1.4364256	-0.43796667	0.24433284	-0.12265358	-0.65124464	-2.227703
0.41347647	0.54870415	1.000458	0.21780099	-1.3763496	0.36955595	0.6734564	1.6154438	0.7002923	-2.0711498
0.5495746	0.25168756	1.3588332	0.30355483	-1.8839875	0.6973599	-0.19330367	1.0102421	0.30137938	-1.3640817
0.1129112	0.34019157	0.83605814	-0.04461153	-1.0355922	-0.62610525	-0.35738468	0.9263206	-0.12465234	-2.252524
0.15041763	0.3107293	0.52952725	-0.04665929	-1.6219512	0.08564547	1.5313135	0.11634179	-0.9806292	-1.0318062
0.8032603	1.2323099	1.3192782	0.5318369	-1.0328065	0.31891504	0.29580852	0.61334366	-0.25228086	-1.1915083
0.1266078	-0.36923635	1.1788007	0.05310069	-0.28612322	0.5527909	0.17622562	2.8178563	-0.017538223	1.3605701
1.9187151	3.303821	1.5715977	1.5315173	-0.04123056	2.365554	3.7417853	2.6383722	1.600755	-0.034069903
-0.18688008	-0.7391125	0.3108601	-0.37664127	-1.4688305	-0.68834156	-0.752807	0.6526195	-1.6143157	-1.7872313
-0.7255931	-0.6345292	0.33441097	-0.8218404	-1.3375384	0.1142135	-0.08458551	0.9359945	-0.12733711	-1.1974493
-0.59827447	-0.8626834	-0.14420429	-0.69066006	-1.2630519	0.8007867	-0.034147125	1.6831002	0.31174728	-1.115277
0.35615203	0.28788665	0.42159078	0.070347205	0.019879669	0.3940339	2.28153	0.3252733	0.4003904	0.8245541
0.13461939	-0.73015994	0.4020342	-0.1414267	-1.1910111	-0.923991	-0.58374923	-0.64737886	-1.6466938	-1.376522
0.19973668	-0.68872786	0.51082075	0.107446566	-1.4749018	-0.51479155	-1.4426537	-0.14510445	-0.15250775	-1.5997623
0.12726587	-0.09268299	0.4960556	-0.034082502	-1.2164512	-0.19063945	-0.09171255	-0.18096684	-0.8822649	-0.32000098
1.2767984	4.11922	1.420554	0.87500834	0.61352193	0.43677178	2.2833798	1.5815723	0.4975504	-0.48651057
0.24963418	0.42954943	0.7012595	0.1908514	-0.8196883	0.5980815	0.32696912	1.0749509	0.41959876	-1.1854132
0.76748484	0.53527856	0.85449636	0.50386465	-1.2514353	0.061027583	-0.19312246	0.3864722	-0.37819067	-1.6744807
0.19536999	2.1332972	0.80059516	-0.12811951	0.1941767	-0.43395317	-1.1083188	1.1817441	-0.15595832	-0.87323105
1.5334076	-0.10966697	1.9766564	1.248314	-1.3568088	2.2982466	0.21718419	2.6710408	1.8049414	-1.4742737
0.32230005	0.88985765	0.88158786	0.0019769222	-1.3567641	0.81001854	0.4203779	0.9391307	0.435975	-1.4836243
-0.6048036	0.59529436	-0.3955398	-0.85087895	-1.0636154	-0.668673	0.45857936	0.089286804	-0.81450456	-0.80458593
1.4218584	1.7343848	1.5990331	1.1257803	-0.8245441	0.0048936456	0.26093924	0.57559645	0.15273367	-1.8643008
2.1066291	1.223618	2.5925195	1.8061469	-1.0094637	0.8371073	0.22052711	1.363417	0.57872045	-0.8101636
1.6839733	2.7639215	1.9036473	1.3405865	-0.72791934	1.4790052	3.0536938	2.1647928	1.2178043	0.30138373
-0.9536569	-1.088267	-0.5356033	-0.9650457	-1.353261	-0.8958562	-1.2331508	-0.59095025	-1.0418218	-1.5991071
1.1691986	0.48772004	1.6011293	0.8409891	-1.210078	1.7127268	0.85867524	1.6150905	1.5943536	-0.96505046
-0.270018	-0.813895	0.26769245	-0.3948807	-1.8767741	0.07451881	0.2824161	0.9006537	-0.044762116	-1.2920903
0.6144958	0.654968	1.2747035	0.42198408	-1.1023108	1.2682018	1.0247629	2.1718266	1.0729064	-0.97859776
0.6361919	0.67114425	1.0706652	0.38489372	-1.0476238	0.115042925	0.1485093	0.32423168	0.10895215	-0.0702094
-0.253727	-0.14617023	0.08267251	-0.49308437	-1.2215781	3.3319595	1.5695832	2.5053089	2.8946505	-2.3855689
1.1944985	0.34834793	1.6842706	1.0238447	-1.0099732	2.4389038	1.1716639	3.1288512	1.5518053	-1.7071278
0.37876296	-0.707362	1.1211536	0.18953599	-2.199139	0.8562848	-0.71440315	1.3811682	0.6074611	-1.2520568
-1.1397904	-1.5805222	-0.534811	-1.1769881	-1.9691616	0.17869036	0.8287879	0.30291396	-0.13020352	-2.0881157
-0.93276465	-1.0277091	-0.46452758	-0.99917156	-1.5140241	-0.7003648	-1.2878093	-0.17647961	-0.395328	-1.0999193
-0.557625	-0.1687082	-0.23877028	-0.7795607	-1.5891885	-0.7458897	0.33939302	-0.37464726	-0.70753986	-1.4422972
-2.1167455	-1.9861923	-1.4559522	-2.1075714	-1.4791318	-2.9924128	-2.4420426	-1.3660266	-3.0455084	-0.9332621
1.3147806	0.62181556	1.0904598	0.9863111	-1.3167912	0.31923428	2.4091837	0.8703249	-0.13350108	-0.09651074
0.7268141	2.292973	0.86679447	0.3067525	-1.230336	0.32985651	2.965293	0.80818343	-0.12022313	-1.7249403
0.99606305	0.9480778	1.580817	0.7867325	-1.1691293	1.491971	0.40635002	1.7046785	1.1426309	-1.3967364
-0.04334587	0.53407025	0.58871466	-0.27906236	-1.4198906	-0.35453826	0.099677786	0.38741612	-0.55322456	-0.56363004
1.2071356	1.851315	1.6473346	0.8780141	-1.1683648	1.4418373	1.7093675	2.2921202	1.3724769	-1.6259474
0.5224727	-0.59859157	0.95735586	0.31314653	-1.6447845	0.6290794	-0.9892414	2.1651175	0.12874742	-1.1725717
2.8145096	2.0831852	2.896911	2.433421	-0.45969683	3.1801426	2.6511796	2.6382039	2.910241	-0.947089
0.54128444	0.6343019	1.0631412	0.32798088	-1.1702954	-0.070417844	-0.01472509	0.9023599	0.43590707	-1.5629842
-0.24784034	-0.42540166	0.13166326	-0.39388233	-1.3487734	-0.412913	-0.6441607	0.21723053	-0.28850847	-1.6391646
0.2998345	-0.16842851	0.71783257	0.12481721	-1.3676821	0.020529425	0.06631348	0.89172894	0.284966	-1.3797028
0.26689306	-0.42250326	0.9139335	0.15733708	-1.7051996	-0.0318935	-0.64548624	0.38012516	-0.44817314	-1.6330485
-0.1608279	-0.24398275	0.45784533	-0.320023	-1.2810541	-0.06312951	-0.3710101	0.2596114	0.1536477	-0.9749928
1.2443777	2.2675493	1.5157946	0.95242095	0.10461289	1.1475717	2.212423	1.25854	0.9629712	-0.63747966
1.8323364	2.790513	1.8565371	1.3755035	-0.5420772	0.73368216	1.908601	0.3005957	0.30114672	-1.4296992
0.5841473	0.401787	1.0517094	0.35908258	-1.5807889	1.7249501	0.26972723	2.552269	1.859207	-1.0323972
0.5304143	0.25557816	1.215096	0.41279018	-1.1735532	0.5337455	0.66880465	1.4014102	0.5010878	-1.5947684
-0.43023878	0.34873703	-0.0036150664	-0.6272869	-1.2889165	-0.70037836	0.53816277	-0.14245346	-0.9136802	-0.63021827
0.8883154	0.3519378	1.4329975	0.6815109	-1.0515208	0.45145825	-0.0021513999	0.4713391	0.48995236	-1.3363699
0.6065754	3.4761412	0.34167767	0.09096424	0.23552933	0.6510377	2.3137836	0.02945521	0.25668615	-0.18461643
-2.0132446	-1.9289038	-1.3031856	-1.8694382	-0.5726669	-2.1779401	-2.146405	-1.5132816	-2.498544	-1.6392028
0.45797744	1.3525997	0.5663426	0.09854756	-1.3994344	-0.22424251	1.0906962	-0.02133355	-1.2780513	-1.6486094
0.9045651	1.2212523	1.3835889	0.6124449	-1.2319138	3.241838	3.9711072	3.2660582	3.130599	1.5490389
-0.1912941	-1.1662104	0.28391925	-0.31534356	-2.7234802	-0.35410893	-1.2462387	0.32167184	-0.70268756	-2.224235
-0.16620904	-1.2010086	0.42266357	-0.20743632	-2.7641435	-1.352662	-2.0437174	-0.11303575	-1.3857462	-3.1546662
-1.1871511	-1.3145124	-0.7242706	-1.2140384	-1.0959818	-1.4867781	-1.5780764	-1.6344242	-1.5189003	-0.96214694
-0.53306043	-0.8955401	-0.14886859	-0.64758104	-1.6063269	-0.3346551	-1.0568235	-0.16674799	-0.6061703	-1.3411951
0.4419081	2.144642	0.64408684	0.10935883	-0.953308	0.46343136	2.910415	0.8427622	0.28191262	-0.60880244
1.4819102	0.6249391	1.6259568	1.2693884	-0.9686247	2.2685857	1.0307716	3.212399	2.1646328	-0.88778913
2.1141741	2.0058372	2.5945446	1.783159	-0.78604424	1.3278077	0.20662557	2.2989125	0.664777	-0.9355791
0.76360875	2.980142	0.71593785	0.35753947	-0.32491258	-0.51364475	1.593325	-0.48926136	-0.75857294	-0.79182047
1.7114602	2.056342	2.1579335	1.3381726	-1.077834	3.0566123	3.3269491	3.0249388	2.6589067	0.06059795
-0.17063698	-0.72941244	0.3160343	-0.34911728	-1.4600054	-1.5477711	-1.3258401	-1.5028214	0.16715738	-1.3885365
2.2757938	2.0124075	2.531453	1.8718827	-0.29878458	0.91527104	0.76707274	1.2815735	0.41206473	-0.45274332
0.26246437	0.640113	0.787344	0.07076366	-0.9975784	-0.04762652	0.116508916	0.24331406	0.062350433	-1.3589808
-1.0330079	-0.40800557	-0.7682934	-1.1530817	-1.2668267	-0.39705166	-0.25734875	-0.32746068	-1.2930495	-1.4591756
-0.9801488	-0.7722497	-0.5318128	-1.1307155	-1.708794	-0.6155136	-1.3016117	0.19331726	-0.64115214	-1.9097328
-0.023535691	-0.20912236	0.36239988	-0.2346274	-1.1495832	0.48206183	-0.7388802	0.20037027	-0.21986574	-1.1673267
-0.37077597	-1.2407796	0.29880375	-0.39645445	-2.2862096	-0.12159176	-1.1635615	0.53250086	-0.55966556	-2.3795383
-0.082460865	-0.64121747	0.14539342	-0.15011612	-0.7471389	0.83282506	0.648604	0.35408157	0.014731903	-0.54145384
-0.43220362	-0.5294553	0.14425829	-0.6020223	-1.5286273	-0.87756103	-0.7131702	0.39478272	-0.33724338	-0.49584043
0.6503311	0.90023565	1.0752448	0.43253928	-1.0629531	-0.26605743	0.55525017	-0.11646606	-0.8682353	-1.0060328
-0.28441513	-1.4643774	0.2572089	-0.33376795	-2.2139623	-0.7302161	-1.6148518	-0.038353894	-0.046477944	-2.160057
0.047994904	-1.1307677	0.63347733	-0.026706472	-2.499611	0.08211811	-1.1021589	0.39111745	-0.510918	-2.4852464
2.8191884	3.1691852	3.0067728	2.484528	-0.15167284	3.7590468	2.7138414	4.0218215	3.5596364	-0.34498566
0.97239465	1.3171923	1.5541177	0.7658266	-0.59677184	1.8957117	2.1232204	1.7307248	1.387773	1.0693488
-0.817496	-1.253306	-0.40562448	-0.8424015	-1.03825	-1.7178915	-1.4563054	-0.57997936	-1.6832154	-1.1466018
-0.69461757	-0.5714651	-0.56058717	-0.74413466	-0.54408175	-1.0609137	-0.5293174	-1.3155237	-1.271448	0.17288516
-1.3612158	-1.2111769	-0.87054265	-1.4703896	-1.3621615	-1.4970586	-1.5608252	-0.72960484	-1.6623505	-1.9639796
0.45833912	0.48268285	0.76631224	0.27924132	-0.94369996	-0.863871	0.3961018	0.13505119	-0.8760909	-1.1191428
-0.030015685	0.31418338	0.3592574	-0.16515599	-1.1048198	-0.041943245	0.14238591	1.9657129	-0.6195503	-0.68147945
0.63195384	0.048311144	0.99250305	0.395598	-1.4622694	0.92766297	0.33393013	1.1880438	-0.062303565	-1.1221652
0.9354338	0.6992872	1.4663161	0.68877465	-1.3578486	1.2969501	1.5306752	1.3943202	0.5119617	-0.8897296
0.2524843	0.6782266	0.69027054	0.01620856	-1.2854382	-0.21837683	-0.13753456	-0.5141939	-0.67143077	-1.7361753
0.31952754	-0.45464772	0.97348976	0.08382331	-1.0380812	-0.45381317	-0.24523872	0.8558666	-1.143465	-0.10006026
0.023918293	-0.66455525	0.55267084	-0.13495389	-2.1673088	-0.32874805	-0.6505799	0.2058487	-0.52211297	-1.8451498
-0.4367151	-0.08703619	-0.04545313	-0.5335483	-0.42013425	0.59181315	3.0795574	1.1606541	1.2447605	2.1737642
1.0529249	0.9906235	1.4845033	0.81358606	-1.0996065	0.045411076	0.41646895	0.9032583	0.15107349	-0.8512297
-0.59915847	-1.6561294	-0.27404645	-0.61538774	-1.4367219	1.2261404	-1.169545	1.4169778	0.7331746	-1.0023203
0.5822816	-0.016741619	1.2529967	0.4174862	-0.579535	0.09308062	-0.21715316	0.860618	-0.20910282	-0.88400257
1.0701439	0.017878473	1.4291011	0.9913322	0.51527786	1.670107	0.2030252	0.7928752	1.2394505	-0.89062786
0.2969707	-0.16948307	0.82177186	0.13200901	-1.3908116	-0.15976475	-0.767172	0.4323622	-0.8310515	-1.2119942
-0.97023374	-1.1116436	-0.45167288	-1.0043142	-1.1247513	-1.3639381	-1.7519066	-0.29010937	-1.8784481	-1.463754
0.69387144	0.5144497	1.26214	0.43596554	-1.0397882	0.48328343	0.37487614	1.6273494	-0.10208702	-1.6020879
1.4442463	1.4046924	1.8263068	1.1685677	-0.84257233	1.617788	1.4204952	2.1018243	1.4532286	-0.81846416
0.4499553	1.7337654	0.90396917	0.12641846	-0.5243087	1.8350893	4.0568604	2.2006433	1.0948763	-0.13794796
1.062195	1.3332671	1.5299674	0.8150691	-1.0272835	0.8020087	1.3459476	1.3687754	0.72177577	-1.6016781
0.3379096	1.2102654	0.7185543	-0.06875621	-1.201248	1.7185953	1.1848444	1.6238048	0.6812863	-1.8215412
0.94118685	0.02789399	1.3715868	0.76221967	-1.838005	0.92814565	-0.40125075	0.92676926	1.1784842	-2.245276
-1.8161466	-1.9759823	-1.2347256	-1.7464032	-1.9592496	-1.8189961	-1.908899	-0.90822214	-1.8144449	-1.4746907
1.1582175	2.5505624	1.1972573	0.96311855	-0.5102624	2.7816164	3.944999	2.4084022	2.5635874	-0.6250754
-0.8789107	-0.13460186	-0.59013426	-1.0192162	-0.3842788	0.09793267	1.6663274	0.06578077	-1.1521405	-0.26605633
-0.18621382	0.35601595	0.03942783	-0.26737088	-0.63932407	-0.6863372	-0.4436859	-0.18165298	-0.6434851	-1.1973447
0.476827	-0.09515539	0.9887667	0.4319136	-0.9385855	-0.45393345	-1.0542061	0.07634563	-0.82495654	-0.90092725
1.8217056	1.6575121	2.0433772	1.5294902	-0.88394177	1.858642	2.1632845	1.9343864	1.8282702	-0.5742866
1.1015842	2.9106853	0.8324926	0.9254997	1.3099818	1.7290158	3.0054176	2.3035064	1.0456445	1.4493136
0.96623725	1.5932201	1.0099171	0.6769657	0.7246119	0.9851914	1.7341869	1.3048863	0.3503704	0.25225294
-0.41666093	-0.9312742	0.004648924	-0.5491504	-1.7534326	-0.65430194	-0.35432622	-0.3864034	-0.917741	-1.929376
-0.0464814	1.9260757	0.3361284	-0.3960184	-1.051749	0.8542122	2.1296544	0.4054744	-0.032280657	-1.2635874
-1.1456956	-1.517853	-0.7263564	-1.1818031	-1.432006	-0.045888137	-1.481342	0.38766253	-0.49697974	-1.1955528
0.49649468	0.7658349	1.0386144	0.23265909	-1.55972	0.2668194	-0.28369695	1.1112596	0.4535854	-2.3221388
-1.5193324	0.20871738	-1.1282257	-1.586634	-0.64910156	-1.3781492	-0.16362542	-0.9837735	-1.8402807	-0.82526577
1.837308	1.7388136	2.029696	1.5955962	-0.97471976	2.061304	1.7966912	2.8472672	1.6033651	-1.604253
1.17452	1.0780717	1.8568102	0.9511683	-1.0866523	0.39263147	1.1210514	1.309381	0.3221815	-1.368845
0.8968939	0.33086362	1.4575641	0.7115478	-1.1158736	0.62578994	0.12517375	1.0755675	1.0062762	-1.8326501
1.3935395	1.1883504	2.0812616	1.200421	-0.7393662	1.0489129	1.4374421	1.8169497	0.7558178	-0.72317123
-0.84670347	-0.7251923	-0.4504849	-0.97864324	-1.260271	-0.9720692	-0.7157426	-0.68726647	-1.5921929	-0.59657604
0.54487014	0.444101	1.0017998	0.28185427	-1.35053	-0.062057488	-0.623183	0.6896087	0.16265105	-1.7330892
-0.69857466	-1.0640084	-0.30570605	-0.73387754	-1.7097846	-0.38489613	-1.5354099	-0.3721902	0.18949819	-1.1645864
0.76084167	1.0283027	1.1906028	0.54159236	-0.98441064	-0.2824629	1.0139763	0.4304021	0.48799032	-2.4251676
0.6111113	2.1098464	0.4115128	0.31174397	1.6112347	-1.1983457	0.2903464	-0.6903758	-0.84609437	0.8424454
0.10255634	0.2748932	0.20833209	0.010656223	-0.49021256	0.20907545	-0.5929759	0.24722062	0.64855546	-0.60807484
1.3574557	1.7477576	1.0620896	1.1225793	0.029623717	1.2267388	1.8881408	0.75104016	0.7462228	1.0832835
1.4271134	3.177182	1.5241421	1.1119599	-0.017454594	0.73369795	0.9968714	0.7993418	-0.044218045	-1.199148
1.3521435	0.8414624	2.0256858	1.1754204	-0.40942144	3.5552752	0.69408345	3.4924986	3.3201804	-0.2363922
0.2719702	0.3852025	0.59980917	0.08262329	-1.1210427	0.44937775	-0.1387217	0.80210966	0.12424104	-1.3670009
-1.4918958	-1.6119636	-0.88852704	-1.4016353	-1.5822079	-1.7144992	-1.9094784	-1.8734567	-2.4692583	-2.1654062
0.06979657	1.3935707	1.0126964	-0.14118952	0.19250646	2.5556695	3.1570504	3.4893682	2.1131308	-0.48337364
0.4834169	1.38422	1.0357739	0.19591875	-1.1609157	0.08469506	0.9933398	0.1244788	-0.47098354	-0.63048905
0.25788507	1.0164491	0.7245183	0.0915101	-0.3170281	-0.6074268	-0.78500384	0.031036675	-0.92349124	-1.9373617
0.08368846	0.7091707	0.5404626	-0.17425014	-1.1977186	-0.95483667	-0.07218889	-0.63486135	-0.27447793	-1.0191652
-0.015593447	-0.4957799	0.29005352	-0.10023691	-1.0386547	0.24009947	-0.1679249	0.28675485	0.23065479	-1.214128
-0.28992093	-1.1534679	0.32289603	-0.38308436	-2.3614693	-0.4005654	-0.8376095	0.27591205	-0.58924794	-2.984363
-0.507998	-0.9406427	-0.06747216	-0.5925646	-1.2850432	0.08107064	-1.2922319	-0.23815027	0.0059746234	-1.8268567
0.86578584	4.392985	1.2434394	0.37051475	0.037640512	3.271459	6.6595016	2.568382	1.3889116	1.6685048
0.52173305	0.3868747	0.95757115	0.31932306	-1.7948778	-0.5974076	-1.0810065	0.5667566	-0.6575542	-1.5446854
1.7371169	2.5506775	1.9212091	1.4716153	0.7002194	1.3481652	2.1720002	1.5642202	1.1292491	0.20651497
-0.35224944	0.7124213	0.5731429	-0.6455479	-1.3341746	1.1562357	1.7345123	1.4295585	0.7332708	-0.8562601
2.2658455	1.4263904	2.4062228	1.976794	-0.7086457	2.0624223	1.6310929	2.2445235	1.7070208	-1.130529
0.69349796	1.0670617	1.023699	0.6251559	-0.76970935	-0.068729125	0.3453377	0.080638036	-0.22497046	-1.0675111
-0.69588435	-0.94073606	-0.24460804	-0.7593523	-1.773672	2.6667132	1.568877	2.8502014	2.8035583	-0.89861476
0.19616798	-0.9916978	0.82217836	0.12065233	-2.2244868	-0.2284074	-0.81987673	0.35346603	-0.454476	-2.4286
0.0030066296	-0.15497467	0.29940227	-0.1561758	-1.4443501	-0.16124889	-0.46336204	-1.0053029	-0.29112086	-1.7038934
1.8934989	0.6921179	2.3589697	1.6113279	-1.233281	2.540305	1.0447118	3.0675986	1.7855924	-1.6308892
-0.02442918	-0.49026552	0.41641167	-0.25535238	-2.382388	0.6555925	-0.10317932	1.3106564	-0.06302506	-2.6591063
0.058057897	0.021163702	0.802513	-0.15934786	-0.9383099	-0.53966904	0.4434533	0.7331867	-1.0763519	-1.038963
0.22501075	1.3718245	0.44185475	-0.07411156	-0.43211156	0.23060635	0.67180336	0.6083482	-0.2126632	-1.6147494
0.9929665	0.60847914	1.57845	0.8154026	-0.3452803	1.4667811	1.2351031	1.49789	1.6254723	-0.8337492
-0.088962615	-0.6439285	0.5080396	-0.20109376	-2.153421	-0.07996678	-1.0682366	0.47097638	-0.39648324	-2.5035155
0.95892054	1.3968482	1.4053763	0.83086574	0.12032133	0.35297522	0.84690887	0.6913131	0.08439388	-1.2702668
0.014994316	2.799733	0.24986354	-0.3808474	-0.83206946	1.3174756	3.2188773	1.4347624	0.9201915	-0.11239307
3.3625982	1.2872385	3.598949	3.024627	-0.56360745	1.5981963	0.74360263	2.1871946	1.6463544	-1.3807355
0.6387482	0.115225434	0.87403786	0.40614748	-1.2954232	-0.2174449	-0.9985065	-0.014183372	-0.38200313	-1.8225762
2.3847592	4.1369553	2.8380635	1.8343368	1.496388	2.920544	5.1671352	3.5576627	2.2819662	3.120861
-1.3300124	-1.3573675	-0.86497104	-1.2767754	-0.27682376	-1.6758679	-1.0271263	-1.3284668	-1.4031533	0.41240674
1.2928897	1.7092737	1.6105547	0.8915609	-1.3705192	1.3701384	1.4520494	1.4700441	0.875889	-1.7190541
0.4717748	-0.17912273	0.8784534	0.2634154	-1.6545645	0.77413523	0.9396187	1.0239329	0.48164314	-1.278673
-0.06727611	-0.9712455	0.5161191	-0.12424619	-2.344379	-0.7086899	-0.99384815	0.78837615	-0.42178166	-1.8369789
0.42601117	1.7157419	0.7387476	0.10559137	-0.16435468	0.58294123	0.17939325	0.95656353	0.13835384	-0.33111417
1.1954092	0.38115588	1.6248505	1.0315199	-1.1131971	2.357079	1.246368	2.8985078	2.2111142	-0.7782109
-1.2860138	-1.2413403	-0.8225236	-1.2914932	-0.66374356	-1.1551765	-1.5063889	-0.8292765	-0.98157346	-2.0980587
0.08966956	-0.9461092	0.6745466	0.034436584	-2.145588	-0.09353667	-0.85989934	0.14109299	-0.36106464	-2.6617618
-1.3381987	-1.4365469	-0.837903	-1.2810612	-1.4698867	-0.29896477	-0.8594299	0.24315387	-0.16089346	-1.1020368
-0.38617194	0.20429596	-0.009775788	-0.5535391	-0.64834535	0.020989291	-1.0403702	0.14286016	0.4204335	0.007978252
0.2114465	2.1799538	0.5143511	-0.26438275	-0.9339018	0.35510644	2.070718	0.5454621	-0.52602476	-0.5685871
0.7682935	0.57237506	1.6520556	0.65836036	0.6469625	1.3744216	0.5412064	3.015583	0.9431884	1.2627546
0.62352854	0.21733421	1.1644921	0.51966166	-0.7717655	0.5552872	0.23267935	0.9186137	-0.19643788	-0.96444684
0.4899073	0.35327044	0.9758668	0.34228575	-1.3123254	0.07185032	0.0489563	0.09620247	-0.09499851	-0.7325338
-0.4169565	-0.69809186	0.0015351772	-0.49333107	-1.2457471	-1.1177973	-1.1919494	-1.1387204	-0.8150463	-1.4197347
-0.227218	-0.12012994	0.06766483	-0.4647752	-1.146709	-1.2472407	-0.7226848	-0.3569964	-0.5830728	-1.8271421
-1.0717137	-1.4803221	-0.5527191	-1.0415102	-1.2468276	-0.8060049	-1.6520468	-0.37214512	-1.1553555	-1.5630333
0.41025665	-0.19101217	0.9144205	0.32173538	-0.7058064	1.5037491	-0.69521624	1.0865704	1.4101093	-1.4302264
-0.7220314	0.3070723	-0.21204439	-0.8787249	-1.1403147	-0.873405	-0.32497296	0.029980188	-1.1675243	-1.6596098
-1.4602392	-1.0244212	-0.963233	-1.4295633	-0.92054546	-1.9554896	-1.3340751	-1.0595721	-2.1518245	-1.8787527
0.574616	-1.2737038	0.72265184	0.5448737	-2.2300575	0.70647204	-1.3492782	0.3507014	0.74989593	-2.2302642
0.93379	1.2723802	1.6858408	0.7535503	-1.1216757	-0.013384448	0.55122143	1.167565	-0.6061905	-0.8820953
-1.0479952	-1.4161685	-0.7762239	-1.0795065	-1.1198834	-1.9498296	-2.5365238	-1.4516594	-1.7820202	-1.1420997
0.9091903	0.24982178	0.9926448	0.6263127	-0.8446809	0.9266872	1.5052907	0.7360608	-0.0722828	-0.51856875
0.06381675	1.3264546	0.39813942	-0.2414111	-1.4172846	0.6492506	1.4888831	1.6279382	0.44909832	-0.87187165
0.20824039	0.265627	0.50558424	0.09859596	-0.8352555	0.051430922	0.1444539	-0.36808488	-0.7954463	-1.7729865
1.2927699	2.6053543	1.5898204	0.88922584	0.25437334	0.6628291	1.5563911	-0.013725239	-0.22576956	-0.38077608
-1.4568546	-1.5812671	-0.899318	-1.4462043	-1.6763669	-2.1399333	-2.6799958	-1.5811799	-1.7604318	-1.6053264
-0.37466165	-0.689633	0.02433908	-0.45926082	-1.1868471	-0.6199878	-1.4240526	-0.7672316	-0.77017015	-1.6878461
2.7323859	0.3514081	3.2083154	2.3820837	-0.54356444	0.4977237	0.6908865	0.8515456	-0.33385026	-0.7195593
-1.2763877	-0.15520772	-0.96474504	-1.341053	-0.48514256	-1.5190378	-1.0899423	-0.94847524	-1.6509513	-1.6045864
-1.3454051	-0.88655317	-0.8663349	-1.3706858	-1.0636405	-1.7185004	-0.19962159	-0.98042023	-1.1978136	-1.3898956
-0.56976044	-0.9425981	0.01685381	-0.6527627	-1.3895211	-0.34743857	-1.2438983	0.8564421	0.12017084	-1.4933167
0.73724926	0.6948056	1.1182543	0.59566355	-0.9155861	0.16602612	0.10243189	0.6693364	0.31353614	-0.9686562
1.3849552	0.59972787	1.9130688	1.145297	-0.5689038	3.376721	1.16684	4.269523	2.8812714	-0.7271512
-0.101390965	0.8212309	0.489973	-0.33495238	-1.1614946	1.1768169	2.674599	1.7730441	0.57533383	-0.922559
-0.61243635	0.8867203	0.34629586	-0.86895955	-0.8303485	0.7169522	2.424249	0.5279932	0.0073103476	0.020212717
-0.94812465	-1.3919524	-0.5417533	-0.8888722	-1.6266024	-0.2516502	-0.8202977	-0.14196695	-0.6752421	-2.582479
-0.13689926	-0.50851405	0.4344515	-0.23538269	-0.9294125	0.24194139	1.4892343	0.51286787	0.39749926	-1.410356
-0.19109288	0.122764975	0.2990321	-0.34048158	-1.1887342	-0.98715913	-0.8334648	-0.27618173	-1.2243327	-2.44677
0.33688775	0.62879956	0.56478816	0.16294245	-0.57210904	-0.48661995	-0.11663675	-0.6386513	-0.92155606	-1.2844841
-1.4260107	-1.5300677	-0.8900887	-1.4195528	-1.0976737	-1.7662702	-1.743333	-1.4504268	-1.8671263	-1.3893387
-0.013651408	-0.60384375	0.5730208	-0.15340431	-1.4273168	-1.2341993	-2.2810924	-1.4791344	-1.6942507	-1.4451419
0.20941773	0.19475463	0.567855	0.009396121	-1.2613021	-0.07996831	0.6002185	0.32690677	-0.27913028	-0.73475534
2.5085566	4.193383	2.3683126	2.1524968	3.6101983	2.395823	2.9107785	2.5016303	2.4499607	2.1977766
0.19604507	0.18594971	0.62230444	0.023303732	-1.1276164	-0.23044793	-0.6371335	0.52383417	0.17006354	0.10176498
-0.10070276	1.1633961	0.4191206	-0.41303188	-0.7013864	-0.6182812	2.0186374	0.5090933	-0.15087242	-0.20229426
0.23530334	0.25699535	0.6998918	0.042516485	-1.2940055	-0.44950745	-0.51323986	0.4609186	0.17716175	-0.901469
-1.3157535	-1.2441244	-0.9249599	-1.4172643	-1.1764855	-0.8410872	-0.88432497	-1.0484958	-1.4557564	-1.3848847
1.4623054	3.7315123	1.5838586	1.1077167	-0.16903791	1.0610886	3.5114288	1.0318843	1.1743134	-0.32748127
-0.297973	-0.95387375	-0.047648937	-0.29950595	-0.6015029	-0.3501649	-1.017904	-0.289111	-0.60411215	-0.7526557
0.028339252	-0.9020858	0.5604304	-0.042597637	-2.3195424	-0.34097338	-1.459921	0.30332574	-0.30258283	-2.0720139
0.065663315	0.47665313	0.55301124	-0.19245759	-1.053134	-1.4722695	-1.5176263	-0.56284624	-3.3432481	-1.9885838
0.43438414	0.2717962	1.1594768	0.20808844	-0.95401883	-0.24218719	-0.39705235	0.41633797	-0.6582583	-0.6508099
0.032110862	-0.11355293	0.33602053	-0.1581346	-1.1170193	1.1706582	0.459202	1.7578181	0.68180156	-1.3097706
2.179055	1.103234	2.565198	1.9110105	-1.0001174	1.5346105	1.2723017	1.6628971	0.9035265	-0.99965423
-0.7010704	-0.29858014	-0.39086083	-0.8226195	-1.5303096	-0.9887392	-0.44846526	-0.65887487	-1.3865099	-1.678268
-0.38177684	0.65703857	-0.23262522	-0.59668773	-0.6476728	-0.5335673	-0.18101963	-0.16207731	-0.98081577	-1.0848145
-0.7460259	0.16085455	-0.23092666	-0.91034263	-1.0763749	0.66452926	1.746768	0.34718332	0.09558645	-0.7430841
0.68972284	1.9428265	0.72903883	0.24284847	-1.181803	-0.078221574	1.2658378	0.28381532	-0.1879086	-1.3729444
0.23888287	0.76032627	0.71204317	-0.0017974377	-1.1465153	0.89732414	1.4498568	1.7975584	1.1226398	0.2763967
0.6033676	2.0375261	0.59456927	0.23321484	-1.2443976	1.2084498	1.8815237	1.6489106	0.51150084	-1.9090459
0.113989644	0.3242139	0.75990236	-0.071299896	-1.5344429	0.8812917	1.0189017	1.0974654	0.9237168	-1.2435747
2.6398478	1.1606615	2.9854589	2.39312	-1.3211478	1.6550254	1.3706734	2.3248186	1.8311214	-0.7133134
0.7863669	1.5123382	1.4112699	0.52194744	-0.946542	1.2428588	1.6336699	1.9800165	2.1710017	-1.0557101
0.6088634	1.6427993	0.7633749	0.26174247	-0.5595228	-0.2777782	1.1883626	0.23748615	-0.3022334	-1.7014048
0.36084428	0.25441113	0.7523705	0.16394614	-1.0773231	-0.23244675	0.15334028	0.29753834	-0.15879732	-1.2072389
-0.081193484	0.51013815	0.35053545	-0.25376326	-1.1346495	0.7256443	1.0585095	0.26550362	0.48645702	-1.8623176
2.728984	1.6645101	2.7921176	2.3402195	-0.8337251	5.9792495	2.828816	6.4419813	5.415271	0.2660346
-0.34972242	-0.9498097	0.07780704	-0.3900411	-1.4503431	-0.21223503	-0.123991296	0.49940795	-0.020354157	-0.44858202
0.4367666	1.134784	0.9571879	0.18100165	-1.1771041	0.17031823	0.8691712	0.753995	-0.15997612	-0.54767555
0.17470714	2.747063	0.7720555	-0.21232499	0.07298079	0.039792567	3.2412574	0.51933724	-0.1555649	-0.17824149
1.8253871	2.706166	1.7921745	1.4705303	-0.6370678	2.1268275	2.6349387	2.38429	1.7761669	0.35799637
0.9690742	1.0568187	1.5452616	0.7953616	-1.0237651	0.7997075	1.2705998	1.2150911	0.7073223	-1.4993402
-1.3484457	-1.1663569	-0.8357848	-1.4095707	-1.3945054	-1.2462698	-0.7937382	-1.2527883	-0.8445344	-1.5173094
0.79943216	1.4381665	1.0265964	0.6110124	-0.87635815	1.1501331	2.3431826	0.44621807	0.62050045	-0.58214545
0.63370603	1.0543036	0.98977494	0.425039	0.50214875	0.71326447	1.3782223	1.0281405	0.47955504	0.31594238
1.440045	5.419394	1.4589686	0.79105204	0.09977305	1.828658	5.1732135	1.3920635	1.5748901	0.02098164
0.3915962	0.0015805364	0.9084387	0.18732657	-1.4637091	-0.024411542	-0.90353036	0.7229649	-0.33625445	-2.14789
0.06767718	-0.34099102	0.6160585	-0.069204465	-1.5223929	-0.5723705	-1.6500379	0.11731577	-0.37604588	-2.0661187
-1.1992111	0.44498512	0.61016953	-1.2639623	1.3458501	-0.0010052845	-0.66911036	0.25238207	-2.4221995	-0.24715659
0.39776847	0.66652584	0.8829998	0.24315296	-0.7048225	0.6476964	0.6776921	1.1132796	0.3036109	-0.8693553
-0.85522306	-1.6678953	-0.4136565	-0.8920795	-1.5513908	-0.051221002	-1.1955372	-1.3429791	-0.9851357	-1.3937616
-0.80323696	-0.5782174	-0.31501147	-0.94415295	-1.3427441	-0.7240663	-0.16543876	0.24704432	-0.42121568	-1.0937035
1.3617752	3.2933922	1.9124217	0.9415457	0.5265844	0.907342	5.2439766	1.813081	-0.033182837	2.0974133
0.24357373	-0.10973868	0.84571934	-0.0127326995	-1.7565536	0.63970655	1.6902266	1.3868178	0.32474813	-0.92622054
-1.1585051	-1.275913	-0.68283355	-1.1833359	-1.2310504	-1.3536432	-2.2937844	-1.2401212	-2.515181	-0.9920198
-0.75230753	1.18146	-0.19377169	-0.94557273	0.2439225	-0.94075745	1.1924367	0.14492108	-1.4250793	0.12851377
-0.16922781	-1.0612524	0.27646747	-0.29426014	-2.6447759	-0.8281527	-0.92457956	0.052271374	-0.7577309	-3.0236337
-2.1883976	-1.6228973	-1.3829663	-2.2004156	-0.7664043	-2.345835	-1.0916023	-1.6165769	-1.7285037	-0.60685354
0.106142424	-0.24510387	0.81670356	0.0044189245	-1.3373574	0.5194561	-0.68933845	0.39513385	-0.19545248	-0.5429679
0.3009564	-0.16266814	0.8433553	0.16409816	-1.4642042	0.5071983	-0.8660041	1.0356109	-0.36368975	-1.5601511
0.8554768	1.1558237	1.2558867	0.6569506	-0.28188133	0.40515688	-0.2528874	1.4215144	0.20793894	-1.074577
-0.830278	-0.9213015	-0.4006246	-0.8574934	-2.0918415	-0.8906665	-1.1766415	-0.46962762	-1.3249424	-1.814046
0.65456194	1.0374856	0.8871834	0.49629843	-1.7640616	3.1031096	1.1438665	2.186829	2.4758224	-1.057602
1.7065462	0.73965013	2.2530503	1.4344282	-1.1652476	0.8753035	0.17661755	1.3272578	0.3331364	-1.4003932
-1.2753688	-0.76255596	-0.7526835	-1.3640704	-1.4155754	-0.733831	-0.8169848	-0.38707876	-1.0948724	-1.4376389
0.865901	0.24071226	1.3609291	0.69784164	-1.461932	0.80027074	0.25257277	1.6035209	0.03723211	-1.9929446
2.5434985	2.1353245	3.021556	2.2950377	0.63338625	2.775897	2.3636768	3.0208504	2.4132166	1.0935495
0.42530853	1.2947937	0.9622315	0.14491586	-1.3973777	-0.7705178	1.007165	1.0283598	-0.55079854	-1.5535481
-0.54408467	-0.7643285	-0.11683944	-0.6196581	-1.3902711	-1.4172629	-2.0285645	-1.7820808	-1.7246718	-1.2589229
0.58781016	0.52159655	0.56514454	0.48650682	0.10006791	0.6422567	2.1483638	0.2543975	0.4188575	2.0168564
1.2900134	2.7939203	1.5963601	0.89382505	-0.25987646	4.3471737	3.5979373	4.646654	4.790993	-1.1485099
2.1319683	3.6548634	2.2341635	1.7281672	-0.27066386	1.9831822	2.3456573	2.5289516	1.7176275	-0.7118587
-0.60954845	-1.0324088	-0.09232533	-0.66904324	-1.2735896	-0.9245934	-1.5478724	-0.21058273	-1.3028146	-1.5353281
0.6808295	0.92497253	0.82890344	0.45265818	-0.8293769	0.23985597	-0.09766147	0.38715774	0.016988466	-1.6958193
0.5877822	0.62072265	1.1376269	0.40714872	-1.3047441	0.06351591	1.5966793	0.22893736	-0.53277963	-0.9714232
1.6684064	2.5156643	1.7407093	1.3207557	-0.72260725	1.2255093	2.4569771	0.64553684	1.0092961	-0.34272656
0.24202308	1.2346168	0.822135	0.07377894	-0.8133711	0.29517743	-0.34329405	0.11593404	-0.3502947	-0.7358286
0.6108274	2.1385436	0.84248495	0.26601464	-0.79837024	0.37544563	1.0614492	0.7942748	-0.16227213	-1.5661153
-0.06275594	-0.21657148	0.42334208	-0.30239195	-1.9716591	0.9594641	-0.057384096	1.255959	0.5050057	-1.8559526
-0.069733895	0.15557137	0.710217	-0.26946467	-1.4876373	0.2009184	0.6454753	1.2781959	0.0040659434	-0.7058682
0.16227227	0.6068002	0.607038	0.05168937	0.24005106	-0.76299536	-0.593055	-0.3324744	-1.294378	-0.73728955
0.67562526	0.6542015	1.0185888	0.554774	-0.91636217	1.7269256	-0.07103117	0.7531399	1.2917094	-0.6410747
-1.2256782	-1.5409769	-0.7155694	-1.2555693	-1.3424397	-0.78968155	-1.9172024	-0.9454436	-1.0648357	-0.7132296
2.645395	0.9819176	2.8121657	2.357418	-0.9460107	1.2618026	0.5003533	0.8031009	0.8621285	-1.2819117
0.20563596	-0.5377184	0.6113386	0.022965714	-1.9898974	0.17959717	-0.59950966	0.8165906	-0.38474315	-2.2733421
1.0814183	0.5977429	1.4636701	0.8014727	-1.2925607	1.3845246	0.81255424	1.3450078	0.92601997	-1.442178
0.21498322	-0.65320814	0.62729275	0.06640883	-1.44023	-1.1671038	-2.0340738	-0.13053387	-0.5783192	-1.5056629
-0.6090716	0.040842026	0.26095518	-0.79262805	-1.6146673	-0.7209052	-0.54845804	-0.035006966	0.13476518	-1.6150609
-0.35030442	-0.113447905	0.013008207	-0.48321474	-0.5560585	-0.30646238	0.025391657	0.5997132	-0.6583836	-1.0053775
-0.34082893	1.0916256	0.03126876	-0.63167983	-0.86446846	-0.26762298	1.1847422	-0.08826334	-0.70491064	-1.0296606
1.992241	3.0881932	1.790894	1.5952458	-0.14463468	-0.27390122	1.6760852	0.43113273	-0.33620542	-1.038371
0.40681586	-0.8143332	0.9032891	0.27130562	-1.7117015	-0.0111440765	-1.0116992	0.3773304	-0.11006636	-1.7952825
1.6489129	1.9546013	1.9471035	1.2279432	-0.48563427	1.9910042	3.6890888	2.4452324	1.6128236	2.350953
-0.38516113	-0.40485227	0.65870166	-0.46412653	-1.4851925	0.44015026	0.28169408	1.1778005	0.26379395	-1.3739976
1.3169353	-0.019087091	1.6258719	1.0643727	-1.2391418	1.2028022	0.3329936	1.232432	0.6659417	-1.4821998
1.255023	2.789417	1.3883125	0.91536057	0.22059861	1.3497516	3.781662	0.6153945	0.314038	-1.1875725
1.6656654	2.9912837	2.0249665	1.3012567	-0.40679476	1.6644866	3.1100929	1.935912	0.7919233	-0.087996185
0.806242	0.9789556	1.4253514	0.61084926	-1.2942199	0.8701024	0.8253134	1.369471	0.6003475	-1.6829278
-0.79029256	-0.91235113	-0.4946846	-0.79427433	-0.46067837	-1.4567442	-1.8830794	-1.156972	-0.61581826	-0.6557028
-0.27353618	-0.57551825	0.25821534	-0.38349074	-1.7518607	0.09337652	-0.38304538	0.09295969	0.048165664	-1.2498966
0.29054466	0.90948176	0.65375173	-0.0035387278	-1.29943	-0.39425078	-0.64944625	0.6791144	-0.014975394	-1.7527122
0.8082619	0.60483336	1.2321236	0.512022	-0.85797775	0.41133094	0.16114114	0.9581296	-0.20233625	-0.72292125
0.23299375	0.2151615	0.7392256	0.06663732	-1.3240414	0.52495843	0.63869613	0.61386174	0.85160434	-1.3707353
2.0917635	1.2094845	2.724538	1.7882476	-1.1678759	3.0713668	2.2884152	3.3674679	3.0780737	-1.0600675
2.810508	3.0315132	2.478935	2.3965895	0.8912244	2.4551952	3.5482597	1.8419913	2.4018059	-0.033443395
-0.24201623	1.5450588	0.64983225	-0.54314023	-0.8233563	-0.42436382	1.2906125	0.8971795	-0.36069915	-2.0613477
0.35977158	0.46284446	0.49136	0.19147687	-1.0617111	-0.015409342	0.020023141	0.0042621256	-0.65341765	-1.4718106
1.6267645	2.449911	1.820862	1.2894635	0.022001624	1.6550364	2.7385526	2.0461328	1.1067363	0.27345437
-0.1192827	0.21428457	0.56864095	-0.28425848	-1.157453	-0.7162664	0.11096924	-0.012234192	-0.7344389	-1.6607541
0.2953852	0.47452036	0.9790896	0.15029328	0.132985	-0.79277056	0.37622932	-0.45416275	-0.016290218	0.251176
1.0683517	1.8808873	1.4362322	0.7438165	-0.96829295	0.27781072	1.7211632	0.7351686	-0.26266015	-1.1903055
0.28115278	0.105210036	0.8944032	0.01843533	-1.5156727	-0.52691215	0.4344734	0.40325597	-0.8329213	-1.6656669
1.479989	2.4957845	1.5168595	1.166064	-0.74738693	2.5701196	3.6168427	2.3907924	1.8640395	0.46989906
-1.9406605	-1.951836	-1.3496864	-1.8396438	-1.2559707	-2.1501076	-2.4888425	-1.607194	-2.4325438	-1.1596429
5.1048903	3.8618767	4.928867	4.6477137	1.0966022	4.034499	2.8734775	3.2191415	3.1297696	-0.30508277
-0.951387	-1.6918288	-0.45939848	-0.9845413	-1.0764859	-1.1128938	-1.1588486	-0.32680666	-0.9446902	-1.283222
-0.9249243	-0.018535405	-0.62954414	-1.074718	-1.1820788	-1.2288524	1.0057958	-1.280704	-1.2098364	-0.5459626
1.5918611	0.87604773	2.1530118	1.3399453	-0.56032854	-0.16444129	0.20157486	0.7327363	-0.4865895	0.01853791
1.9993302	0.4889466	2.8347979	1.7774816	-0.8522345	1.5643636	0.49390116	2.1692843	1.6202984	-1.8263584
0.2577298	0.90474296	0.755749	0.03610441	-0.76997274	0.122859456	0.546911	0.8624879	0.2534161	-0.0017807086
-0.0051878616	0.8128489	0.5317652	-0.21810809	-0.8009112	-0.05564558	1.0387324	0.5602377	-0.2634051	-1.3722824
-0.0036386028	-0.26347476	0.34025115	-0.19785884	-1.3997867	1.0659859	1.1185883	0.8413638	0.41257185	-1.1486372
2.7813804	2.2315035	3.0094624	2.244488	-0.10131514	3.2205179	2.2601671	4.2643948	2.6481335	-0.073854
2.6921997	0.021282345	2.786677	2.4300137	-1.5451282	3.4857116	-0.7331864	3.5407343	3.3662653	-1.5264338
1.4750708	1.4726659	1.8517201	1.1414673	-1.0015713	1.8177054	2.4682565	2.303571	2.0431685	-0.09978356
2.2340767	2.2886193	2.3958788	1.8287315	-1.0405263	2.7334328	2.789279	2.7937312	2.2017956	-1.9524846
0.8635064	2.8615465	0.71210897	0.51681614	-0.21287286	1.0825788	4.1338644	0.52633333	0.44990495	-0.17197333
-0.6882662	-0.76270556	-0.226854	-0.75607514	-1.2049316	-1.2691609	-1.538796	0.8657466	-1.3967373	-2.0872483
1.47706	2.627309	1.5787318	1.1149483	-0.50780296	1.2012752	2.9990253	1.829773	2.017344	1.1227734
0.01879283	-0.3960745	0.47069877	-0.17211902	-1.8133683	-0.42423263	-1.0753375	0.5054932	-0.3381329	-1.8690209
0.4852259	2.5125732	0.7952361	0.011523977	-0.81908274	2.2542698	3.5890627	2.6312857	1.8345959	0.68627834
0.1950829	0.5521835	0.3815957	0.005295828	-1.305878	-0.057056617	-0.17251395	-0.05363702	-1.0476418	-1.1390136
1.2832489	3.0342572	1.8090426	1.0155416	0.39643553	1.6943488	0.9191304	1.9337403	1.5243227	-0.5150818
-0.9300802	-0.967561	-0.54315495	-0.9590847	-1.1245552	-0.7778608	-1.3837167	-0.2999289	-1.1241944	-1.2453543
-0.40527976	-0.8021593	0.031805247	-0.4385143	-1.4107624	-0.6956343	-1.5034488	-1.2394764	-0.55757827	-1.9791582
1.0445634	0.5325036	1.6659522	0.8434304	-1.0317909	0.74834204	0.9985011	0.9929184	-0.25500807	-0.79657626
0.7556811	0.4053751	1.3489199	0.5434485	-1.0130147	1.1353993	0.12704818	1.7274375	0.5549981	-0.8906671
-1.3817604	-0.8177155	-0.90607584	-1.4479325	-0.7867707	-1.0792083	-2.5820348	-0.8385508	-1.8852869	-1.6662723
-0.10147778	0.017401606	0.1442386	-0.18520713	-0.77044237	-0.4071071	0.11928964	0.16072872	-0.29883558	-1.1346165
-2.0745103	-2.1219294	-1.3717926	-2.0261116	-1.1666858	-1.2985281	-1.6375486	-0.76423484	-1.7121452	-1.1037177
1.3533462	0.037656724	1.738815	1.1317918	-0.6867603	3.9453833	0.12179955	4.428144	3.0629463	1.4304597
-0.08468297	-0.5002684	0.3489903	-0.07867905	-1.0409442	-0.29416975	-0.78538364	0.19705465	-0.13772094	-1.1285529
0.18139914	0.3515446	0.6836599	-0.028856024	-1.2660298	1.3892345	0.6968024	1.968391	0.90158045	-1.0779457
-0.14080301	-0.17247301	0.3255642	-0.3201741	-1.4108855	-0.45867407	-0.7899507	0.02127634	-0.5088425	-2.0888565
2.4524848	3.1143148	2.6253674	2.091495	-0.5272284	1.5635487	2.1798692	1.9098674	1.1164724	-0.5512729
-0.26062	-0.045871705	0.3808461	-0.4441319	-0.12899141	-1.3384421	-1.0082434	0.53664315	-1.512697	1.5409173
-0.17999399	0.22771642	0.21733195	-0.26870197	-1.1074429	-0.09118594	0.6456591	0.07346113	-0.15884013	-0.48281226
1.2280718	0.66303253	1.7372166	0.9808891	-1.4638598	1.4555285	0.40316698	1.7864809	0.9655347	-1.998874
1.1793971	1.0596552	1.7665199	0.94083405	-1.1163007	1.1383369	1.1341906	1.8838383	1.1695392	-1.3333279
1.0784557	0.53230214	1.4167159	0.7440348	-1.2898726	0.4359042	2.195924	-0.008615544	-0.32383263	-1.4384972
0.5061642	1.5328652	1.547515	0.3107074	-0.20973404	-0.07755203	0.29109266	1.4806428	-0.5959206	-0.2893174
0.25896525	0.51760745	1.4232397	0.074740395	-0.49776456	-0.8140518	-0.039778624	0.7976718	-0.9309862	-0.44121778
-0.23402578	0.09219521	0.28616497	-0.40619707	-1.3519174	0.0069441167	0.73986423	0.42950016	0.09223469	-1.0861431
1.1312128	0.89593625	2.149218	0.8847594	-0.40618145	0.4265943	0.4954529	2.1849551	0.20151898	-0.68095905
0.20198748	-0.68297005	0.8036084	-0.0020412058	-1.5716264	-0.031571764	-1.0802104	0.3219074	-0.2170862	-1.8415269
1.2043301	1.4418099	1.7890627	0.90977705	-1.3430288	0.7376622	1.5564415	1.6578867	0.7562214	-2.0094829
0.25528696	0.4663197	0.75483584	0.057965055	-1.1598581	0.10338074	-0.36645412	0.7350872	-0.4220241	-1.5708003
-0.85282	-0.81569827	-0.1297549	-0.98551714	-1.7447196	-0.44366294	-0.95508254	0.4560491	0.41574374	-0.62300545
0.5955328	0.06315234	1.0669633	0.45478678	-1.338427	0.3303985	0.039128244	1.3838054	0.44698483	-1.495199
1.0926464	3.4269383	1.1696658	0.69735885	-0.32309377	1.307955	5.1472883	0.71882427	0.45271128	-0.10819697
-0.26823685	0.06455213	0.06564167	-0.4701084	-1.4188095	0.053329285	0.24861895	-0.8378807	0.625571	-0.81850845
-0.06876991	1.9576516	0.23853499	-0.43786174	-0.5645531	1.3088833	3.7819848	2.0853286	0.4028892	0.30478418
0.6629363	0.41866603	1.1587187	0.42936593	-1.037589	0.12516141	-0.12650664	0.6357167	-0.22651571	-1.2880037
0.26205453	0.5057533	0.5976466	0.012164876	-1.4269824	-0.36851066	-0.33408323	0.7028637	-0.60674137	-1.5076851
2.3139808	0.7007421	3.0152876	2.1400027	-1.2895321	4.078006	1.9409612	4.4341683	4.0482626	0.11020423
-0.6760788	-1.1253622	-0.2553093	-0.7741725	-2.084271	-0.54033905	-1.3971463	-0.3306686	-1.1798667	-1.9400883
0.62674576	0.050413996	1.2357148	0.4257952	-1.415489	0.8793205	0.23550713	1.4022468	1.1200956	-0.7861765
-0.19748661	-0.6979197	0.49471647	-0.4093374	-1.66938	-0.6326577	-0.3965519	0.12982984	-0.97913986	-1.167173
0.030068256	-0.75316393	0.4281205	-0.17531312	-1.3649935	0.06906766	-0.6330384	0.58149964	-0.12141121	-0.5794503
-0.3135785	0.26299036	-0.07174721	-0.48697454	-1.2701569	-2.5984569	-1.8387502	-1.628269	-2.6539297	-3.0278418
0.68355477	0.6272725	1.0424979	0.43264663	-1.2861776	1.231628	1.3489485	0.926021	0.5883965	-0.802395
-0.061198235	-0.65473723	0.42957395	-0.28027898	-2.519942	-1.0146334	-1.3019263	-0.5311061	-0.5913168	-2.7191536
0.54161984	-0.19597018	1.3179847	0.3629104	-0.880162	0.28976816	-0.58302546	1.0791825	0.51460093	-1.4428568
-0.6091656	-1.2419443	-0.2630472	-0.7040527	-1.4171745	-0.5888796	-1.7727699	-0.5455436	-0.5707763	-1.7990834
0.4008431	-0.12657458	0.9480876	0.20411716	-2.0944042	0.07829508	0.12762855	1.0779672	-0.3631855	-2.1483867
0.7201418	0.6878681	1.3027714	0.46279955	-1.3138142	0.26384157	-1.1135294	-0.0163253	-0.26001954	-1.7946838
-1.7035635	-1.6588703	-1.2673571	-1.6098645	-1.4176776	-1.687157	-1.1963004	-0.88702285	-1.8825446	-1.0549409
0.30822974	0.31965098	0.82672036	0.07901685	-1.3579979	0.5804567	0.48919147	1.4513522	-0.06508311	-1.2681807
1.4052402	2.5983524	1.674393	1.0208173	-0.8653443	1.2607062	3.2334263	1.9045961	1.2693884	-0.29926565
0.20231912	0.35558	0.8725872	-0.0032422394	-1.2142234	0.3283569	-0.43658197	0.37807524	0.14164126	-0.82820344
0.92511183	0.44002655	1.4600307	0.7290149	-1.2872926	-0.11303701	-0.8849182	0.5084113	-0.11345602	-1.0823909
1.7286321	1.3519115	2.136329	1.4076297	-0.536786	1.8539736	2.0759618	2.9464629	1.0521238	-0.7033592
0.5027372	0.89120984	1.1529517	0.28023267	-1.0913652	0.23488007	0.3536494	0.6815873	-0.029317189	-1.0177795
-1.9571891	-1.9320016	-1.2701031	-1.8987725	-1.3338884	-1.4900726	-1.31083	-1.2429188	-0.6930835	-1.3281645
0.7546457	2.2183578	1.1058692	0.4982965	0.009037912	1.2281978	1.8989042	1.57824	1.1539706	-0.19187282
-0.4342631	-0.39466387	-0.08468774	-0.584904	-1.7098705	-0.6140566	-0.33566415	-0.50699955	-1.0586346	-1.7406595
2.3684006	2.0584161	2.42971	2.0977812	0.820374	2.1600995	1.7549734	2.6697445	1.9776416	0.67198634
-1.0041395	-0.77278376	-0.6062447	-1.0347836	-0.5089575	-1.3841974	-0.67524827	-0.39876616	-1.5675194	-0.53389716
0.57541114	1.0970137	0.8111446	0.29849416	-0.8281667	-0.720082	-0.06557897	-0.3099026	-1.229429	-1.3240103
-0.9982123	-1.230921	-0.48659417	-1.0463686	-1.4690917	-0.7024733	-0.66717714	0.72656745	0.33473384	-1.3223944
-0.558086	-1.1714554	-0.11463642	-0.6433281	-1.2013094	-1.423152	-2.356726	-1.3735247	-1.4342253	-1.37965
-0.047763385	-1.1812147	0.2712001	-0.1474768	-1.8646259	1.350032	0.5862211	1.6283374	0.6514543	-1.361824
1.2015202	0.56775856	1.8820965	0.96851826	-1.3218422	1.259467	0.2830786	1.7209144	1.1982758	-1.7432741
-0.3772273	0.36832222	-0.10759014	-0.5370554	-0.8819516	-0.07353695	0.7602359	0.14186344	-0.26436377	-1.1789356
-0.6147704	-1.2583598	-0.096375346	-0.6262405	-1.5672394	-1.133461	-1.7238013	-0.59304374	-1.2418829	-2.4538615
1.5706029	1.5376267	1.9996457	1.314542	-0.66735685	1.1300435	2.0834446	1.3574702	1.1513505	-1.33862
0.820252	0.1664139	1.2970402	0.56514984	-1.6367189	0.07785105	0.053129364	1.2617795	0.22070517	-3.021753
0.3514945	1.7708025	0.8074672	0.08633135	-0.5994776	0.06626757	1.7368214	0.9086828	-0.4992876	-0.96345675
1.6625088	1.8329659	2.0477257	1.4178393	-0.67897916	0.8513349	2.1559992	1.2383065	0.39722598	-1.6865724
-0.5201574	-0.6893519	0.052901	-0.5350235	-1.4747764	-2.0129738	-1.4965816	-1.8632268	-1.4805379	-1.4579823
-1.4571836	-1.5216944	-0.9509996	-1.4592134	-1.5539957	-1.9921545	-2.01265	-1.5467283	-2.106908	-1.5678633
-0.34005514	-0.600297	-0.13634998	-0.43325853	-1.249428	-0.4284446	0.05757924	-0.12433212	0.082644835	-1.2859126
1.8112829	1.2851748	1.964124	1.4379457	-1.5682961	3.2870417	1.2719891	3.6713085	3.3832145	-2.2358663
0.31431875	0.4658176	0.67638206	0.124785826	-0.91289175	0.41550657	-0.21007049	1.181241	0.23633151	-1.5262557
1.3405108	3.1108143	1.646186	1.003255	1.1726624	1.2817936	4.5528803	1.3113949	1.1627507	0.8290954
1.1297235	1.1125838	1.1320765	0.95740676	-0.79192674	2.0145433	1.2283984	1.7686623	1.8711616	-1.4176016
2.2430487	3.1431272	2.645756	1.9803765	0.30131993	3.1716747	3.0575776	3.2371557	2.8395283	0.8383696
1.26711	2.150457	1.2487999	0.947173	-0.388458	0.9127876	1.7330279	0.5317457	0.7754717	-0.1036697
-0.7524933	-1.0091534	-0.26985148	-0.8690022	-2.0452075	-0.17955475	-0.51849854	-0.1377029	-0.17211513	-2.3055449
0.519556	1.9577954	0.70498085	0.24495421	-0.11112434	1.0753373	2.416039	1.4144748	0.8675766	-0.7080953
0.5682305	1.6093343	0.92678547	0.25291276	-0.92795503	-0.20615923	1.5416383	0.73895437	-0.08507135	-1.2403315
-0.33530816	-0.68341625	0.10354407	-0.49554598	-1.491522	-1.335675	-1.4912722	-1.1308994	-0.96587557	-1.913931
0.48690864	1.3116299	0.8045796	0.20405363	-1.3025272	-0.21963318	-0.11140804	0.5754776	-0.85404754	-1.662379
1.1609762	1.3617322	1.2962623	0.8663753	-1.1801502	0.6372168	1.0184064	0.49629006	0.7794706	-1.1163869
0.972575	2.18237	1.0052031	0.63706064	-0.72151697	1.6705532	2.7593756	1.3742211	1.711158	-0.2773014
-0.24053702	0.060738266	0.1573002	-0.4228267	-1.4637976	-0.38956672	-0.40252337	0.22121072	0.7571242	-1.1307273
-0.6971579	-0.4957238	-0.12804347	-0.81022334	-1.2772439	-0.9891751	-1.1341707	-0.007724592	-1.5271839	-1.5850714
0.5312174	1.7679443	1.1452413	0.15578337	-1.5014572	0.84157497	1.1399016	1.3632658	0.06601677	-1.417546
2.051347	1.8695991	2.3735077	1.76042	-0.46946204	1.91024	2.2123325	2.3259485	1.1039754	-0.72093767
-0.043743767	-0.863287	0.5540886	-0.2301456	-1.9513687	-0.12072576	-0.97379714	0.3607087	-0.6470346	-1.6853001
0.98440105	1.3403106	1.3303657	0.68956345	-0.9447477	0.3325613	2.1892388	0.50059223	0.59708685	-0.21029043
2.8750796	2.3394206	3.2033403	2.4888847	-0.8914151	3.4195402	3.1965926	3.5547125	2.979852	-0.9160286
0.4700078	-0.10739279	0.39997557	0.29028422	-1.0225037	0.4532595	-0.20014633	-0.20147425	-0.22283402	-1.7024188
1.1463954	0.6178528	1.8479155	0.95346665	-1.2963408	1.1992111	0.07729755	2.2444174	0.8147218	-1.5204198
1.7939205	2.4592557	1.9916717	1.4489642	-0.6886611	3.0145385	3.3156083	2.5992987	2.1142948	0.017004434
0.13907918	-0.63123137	0.26615325	-0.06412311	-0.7879497	-1.3633155	-2.3476708	-1.2611648	-2.0208952	-1.6833504
0.30370247	0.57233	0.35699782	0.075913385	-1.1338998	0.6426392	1.0114597	1.4801557	-0.049940743	-1.202877
1.2030872	1.0946546	1.6021699	0.9479017	-1.101439	2.1289392	1.3272512	2.1213903	1.4091393	-1.5480655
-0.73847455	-0.7843807	-0.32813075	-0.742481	-0.7176162	-0.7200581	-0.84031945	-0.51107013	-0.71788645	-1.2428042
1.3133777	2.653826	1.2624542	1.0280483	-0.053770095	1.4809923	3.109199	2.1111147	1.1481735	0.68810844
0.9524215	3.0150247	1.1701169	0.5069787	-0.95355344	-1.4564284	2.23698	0.3178741	-2.0678627	-0.8703341
-0.97914904	-0.8334496	-0.5470545	-1.0405964	-1.0466241	-1.4625198	-1.8574585	-1.5479974	-1.0696386	-1.1266253
1.6856073	3.6534255	1.7787434	1.2147763	0.0662379	0.326835	2.580189	0.55691594	0.24665688	-0.45576638
0.90545607	2.0518725	0.9280946	0.5786105	-1.241584	0.24328601	0.93553334	0.010596835	0.027398199	-1.2138196
2.4076705	2.2916863	2.12661	2.1597319	-0.7132176	-0.8747329	-1.1024855	-0.5628953	-1.5322158	-2.2239876
-0.6325161	-0.99235415	-0.20447448	-0.75415915	-1.5581173	-0.9581294	-1.5394545	-0.43642294	-0.982133	-1.295602
-0.8950085	-1.1470662	-0.42074475	-0.93973255	-1.0748107	0.12290919	-0.12836683	0.96451986	0.26556107	-1.0193238
-0.13151397	0.27098086	0.31656122	-0.39175344	-1.5157568	-0.2265939	0.3132202	-0.08062641	-0.805629	-1.6960717
-0.065016545	-0.37734392	0.39251778	-0.17511754	-1.4604084	-0.32198772	-0.8583534	-0.119946435	-0.3618395	-1.0959077
0.45771083	-0.07382101	0.8768916	0.3079741	-1.4022862	1.0743197	1.4084345	-0.0448194	0.89110494	-0.7019464
1.3595569	0.046651155	1.8238989	1.1739941	-1.3135619	0.24796999	-2.3977003	0.9975845	0.39077815	-1.3261015
0.16701385	0.21392551	0.4716576	-0.047844917	-0.33529174	0.38179842	2.1245832	1.5052936	0.1001711	2.123687
0.7934512	0.3833743	1.0610785	0.6526233	-0.6392633	1.8079656	0.77992266	1.0017067	1.4007461	-2.1044316
0.330381	0.6446003	0.93250406	0.08448012	-1.4918526	0.39443797	0.20150289	1.3249378	-0.35047948	-0.99606377
0.60176855	1.5660982	1.1590719	0.3526336	-1.0381663	1.4669966	2.0173318	1.7163311	1.0220269	-0.9470642
-0.18830517	-0.8741418	0.16996804	-0.2783646	-1.3258673	-0.68996704	-1.2629775	-0.740573	-0.8980871	-1.1509938
0.82339233	0.7267151	1.2928053	0.62197256	-1.1802357	3.0463786	2.8042347	3.9364355	2.874674	-0.3962881
0.15746143	-0.34486878	0.7813225	-0.044548765	-2.0202293	0.48710507	-0.5130287	1.0391904	0.097801976	-2.4503577
-0.13550946	-0.85275066	0.2882566	-0.30159658	-2.002318	-1.0845888	-1.7626777	-0.5375016	-1.2641797	-2.1745691
0.23291835	0.1265282	0.78165936	0.068253145	-0.8388789	0.19623148	0.93188083	0.8732435	-0.37186095	-0.65428805
0.39912012	0.5248977	0.8836107	0.19637434	-1.154007	-0.33171988	0.20360027	0.51438344	-0.5486666	-1.2873217
-1.9316916	-2.1163185	-1.3027438	-1.8018069	-1.3303132	-1.6555591	-2.0594208	-1.5086527	-1.5040936	-1.3641067
0.66297084	0.49443892	0.5351692	0.56658244	-0.9171239	0.16798866	-0.6206782	-0.06107552	-0.36218488	-1.5780857
-0.22835732	-0.34159955	0.22317287	-0.37134498	-1.1756041	-0.24680689	-0.11518595	0.424729	0.021927936	-1.002024
0.6698899	0.83870006	1.2514817	0.4724704	-1.2752398	-0.34687677	0.024080403	0.82830054	-0.23143122	-1.654508
1.83274	1.6954988	2.3338146	1.6468261	-0.74126077	1.0547334	1.5700113	1.6604304	1.0020764	-0.21588638
1.5442309	2.5124135	1.8554939	1.1559978	-0.7261879	0.8989931	1.0145663	1.2354848	0.98100305	-1.2131895
0.19755086	1.2502868	0.49957797	-0.14282411	-0.6581298	1.7250444	3.3643034	1.3461012	1.5468956	0.05509196
-1.0765613	-1.2058644	-0.62550306	-1.1398114	-0.60707533	-1.167235	-1.0711693	-1.0358527	-1.2977076	-1.3776456
2.7927969	1.8335257	2.8315163	2.4466312	-0.087768584	2.410865	1.7981756	1.955329	1.5079844	-0.47195143
0.27041453	-0.0527924	0.7288443	0.06236987	-1.6857406	-0.37055755	-0.2651162	0.22554888	-0.12080244	-1.8859262
1.0713077	2.046262	1.5452789	0.80721873	-0.6088891	0.48701322	2.3835309	1.2731158	0.18972392	-0.37050703
-0.41126502	0.8682554	0.521254	-0.6214257	-0.4157679	-1.9266043	0.59960246	-1.125059	-1.9391644	0.41897255
0.12949413	-0.035057634	0.73059195	-0.07375203	-1.646371	0.4214197	0.8105515	1.3132675	0.05065952	-1.8440541
-0.5585848	-0.28430647	0.2202267	-0.72886765	-1.0663579	-1.3441434	-1.0758332	0.38726836	-1.4221995	-0.7443115
-0.77351034	-0.7283715	-0.24465752	-0.77690554	-0.97561824	-1.5286195	-0.45907173	-0.14338906	-0.78719634	-0.7654718
0.5081474	-0.17425619	1.0097245	0.3984577	-1.0552101	0.21142991	-0.3585733	0.6485472	0.20384265	-1.1160678
0.7451591	0.93647707	1.1779854	0.5395076	-0.9078189	0.88709366	1.6064113	1.3279316	0.7828152	-0.6444776
0.97186524	1.2677882	1.2073739	0.6035773	-1.3414644	0.52523273	2.7241025	0.72455895	-1.413245	0.33613902
0.16774455	-0.19187334	0.63135844	-0.040225253	-1.1882277	-0.2972742	-0.6469328	0.07270585	-0.39488837	-1.2114887
-0.15516232	0.33191738	0.09443347	-0.2889448	-0.6013722	-0.64115053	-0.7682783	-1.3865732	-0.39814043	-0.5722008
-0.5349713	-0.63908607	-0.121478826	-0.69357514	-1.4435654	0.33053774	0.34347603	-0.08499808	-0.33720133	-0.6980026
-0.1455172	-0.9818934	0.18463662	-0.22235419	-1.2988725	-0.74767405	-0.71038055	-0.7065612	-0.8009295	-1.9003384
0.9139173	0.25500748	1.2511078	0.76807344	-1.139151	0.18560678	0.08717979	0.8329519	-0.1233329	-1.1996498
-1.0968426	-1.0690575	-0.74095523	-1.0760872	-0.43316492	-1.5380343	-1.4203256	-1.1478143	-1.1243614	-0.820802
0.43055132	-0.67304116	0.8870051	0.22345026	-1.9912446	-0.25796205	-1.4472264	-0.42557663	-0.9344324	-2.511408
-0.15574268	0.059971362	0.20862588	-0.36258566	-1.2901784	0.35738418	-0.21901752	0.97267437	0.29016358	-1.9610214
0.10516273	-0.9168236	0.7071309	-0.014795274	-1.9002074	-0.34358236	-1.0089774	0.6275	-0.6145881	-1.4937304
0.030530743	1.9294741	0.8803967	-0.08952515	0.9314363	-0.07034395	2.316354	-0.39727288	-0.14305101	0.21441934
0.8029758	0.64888287	1.1847153	0.5452664	-1.3315716	1.177772	0.68790305	1.7194167	1.1552719	-0.59804964
0.65460277	1.2883202	1.2576562	0.40845025	-1.1807117	0.47656673	1.5294875	1.3659248	0.9908005	-1.4844495
-0.97722656	-0.6055922	-0.57342875	-1.107278	-0.7295859	-0.9152995	-0.9216255	-1.3807185	-1.0134149	-0.5892737
1.0824746	0.9860306	1.2022997	0.9107307	-0.06618515	0.48583135	0.23934096	0.6745561	0.20959459	-0.5155027
0.077501096	0.9845933	0.32486236	-0.17317426	-1.1118554	0.06675437	0.5666405	0.28227195	0.19517176	-0.8631635
2.5381205	3.7773225	1.9089798	2.1453252	-0.7705705	1.8141916	4.4705367	1.1013525	0.78720486	-1.519695
0.23588604	0.9656563	0.6132455	0.00094921887	-1.1366931	0.9967028	-0.0049616075	1.1881958	1.5399911	-1.5949303
1.7930199	1.380675	2.0889926	1.5197837	-0.566679	0.8880045	0.9968898	0.48713362	0.93226004	-1.1219472
0.52058065	-0.032051668	0.92300224	0.34525806	-0.68210644	0.27845502	-0.2413456	0.4813344	0.6206825	-0.98646915
0.36819234	0.8573369	0.8142563	0.12371184	-1.3229456	0.19888438	1.598355	0.47421905	0.043265086	-1.2460202
0.30167565	0.032393068	0.808898	0.12873386	-1.5329093	0.20335302	0.33052817	0.9572325	0.5389976	-0.49809593
2.2619836	2.0360448	2.4684517	1.9673014	-0.8999437	0.013727407	3.573889	0.30244896	0.8424924	-1.4497588
0.6811848	1.2973574	1.0032477	0.4162736	-0.9137281	1.9912425	0.7808863	1.9431095	1.4383126	-2.7344182
0.7463891	2.431378	1.0684937	0.3663677	-0.35282096	0.8947335	3.8313828	1.1858237	0.754941	0.28468108
1.1454688	2.4592795	1.5516849	0.7985147	-0.38215834	1.3118731	1.5782291	1.9137472	0.8266452	-0.48444048
-0.9797953	0.6814953	-0.5754639	-1.0297124	-0.0033606887	-1.731748	0.49241316	-0.8694001	-1.9424032	-0.15052377
1.1356958	1.9134247	1.8170109	0.9212122	-0.46014562	1.6608859	2.6159468	2.248927	1.6088103	-0.16802351
0.016789876	0.9288027	0.37381282	-0.082187906	-0.36374816	0.4544824	1.3986354	0.97973114	0.08208615	0.14994192
2.1511767	3.756213	2.123448	1.6635408	0.99964535	2.7861059	3.2626789	2.7920992	2.4899082	1.7491397
-0.4082487	0.52424276	0.034954965	-0.6164578	0.02353692	-0.14411393	0.48005113	0.49238262	-0.051411465	-0.35513258
0.8801855	0.3658512	1.6633922	0.6512506	-0.97432697	0.53059334	0.16843675	1.0435684	0.1177534	-1.9405332
1.1150349	0.67104614	1.6304955	0.8325546	-0.81882966	0.4083661	-0.29693305	0.84744006	0.8250251	-0.8078588
0.024722151	0.38305578	0.5402988	-0.0953231	-0.87629235	0.7008967	0.34998137	1.2808628	0.50633246	-0.6108125
0.43044135	1.0161747	0.8827648	0.14703904	-1.3303223	0.31835008	0.2816245	0.608442	-0.22049351	-0.08071947
0.6612893	1.4254444	0.7207675	0.4632331	0.15171382	0.22511773	0.7056238	0.90644836	0.29275498	0.96289873
0.032063864	0.05867347	0.44882777	-0.15203005	-1.3263482	0.032292128	0.38190266	0.53291285	-0.355233	-1.6889546
0.8287725	-0.28766084	1.073238	0.75600183	-1.6464444	0.75598586	0.31579164	1.1959907	0.42694613	-1.4035501
0.7349041	0.35207406	1.289768	0.4263171	-0.83385944	-1.7487894	-0.39666665	-0.13322173	-1.0092942	-1.0015014
0.30675593	1.3007226	0.7133826	-0.0037718117	-1.1525067	0.31498012	0.8991836	0.46450585	-0.5927855	-1.7486345
-0.24404004	-0.1915173	0.112645335	-0.3064612	-0.68745863	-0.23340526	-0.70611936	-0.015824316	-0.29551739	-0.4969639
-1.7201514	-1.4024643	-0.9125993	-1.8426435	0.109917134	-1.964001	-2.1323447	-0.9937167	-1.809623	-0.22899544
-0.15207624	0.833966	0.28855684	-0.36070997	-1.3916517	-0.6123639	-0.9364122	-0.47266442	-1.0192177	-1.9113141
2.264394	0.19644865	2.4994352	2.1498742	-0.8559475	1.5985738	-0.31485355	1.7837954	1.394731	-1.3995063
2.5919921	2.2316053	2.7579846	2.3424945	-0.41064695	4.3259416	3.7159038	4.0388227	3.9812503	-0.13180077
-0.5352404	0.038285106	-0.00572896	-0.72448677	-1.2776031	-0.87946135	-0.48829687	-0.5293063	-1.1436656	-0.8388824
-0.20945314	-0.69481075	0.37025467	-0.30945712	-1.7780584	0.9236768	1.3667755	1.3639134	0.20214519	-0.87473935
0.9757387	0.81557834	1.5644786	0.74641687	-1.0138801	-0.13239753	0.90106946	0.61473244	-0.5578223	-0.934644
0.44771996	0.38410136	1.0916367	0.29004413	-1.23899	0.059458066	0.24530284	0.6449189	-0.10092952	-1.8106974
-0.11667613	-0.17844802	0.52826023	-0.25890392	-1.5049753	-0.4371439	-0.613479	0.40070552	-0.57517785	-2.1080856
0.81147313	2.3820848	1.0073314	0.54987335	-0.11642715	0.012064358	0.99916625	0.05782258	-0.26233605	-0.74022746
2.0913675	2.0314324	2.5268698	1.7390289	-0.40656605	3.616775	1.436432	4.4119034	3.1843865	-0.7037787
0.047286324	0.41493973	0.58627987	-0.22406471	-1.4505374	0.5823355	0.53054905	1.6790445	0.07839497	-1.2696255
1.147806	1.2241855	1.6284713	0.945024	0.1724424	0.38987672	0.527852	1.1928337	-0.07200617	-0.4030013
0.503012	-0.5917344	0.92418647	0.33063644	-2.1935356	1.6193782	-0.14328507	1.2931877	0.8825892	-2.212321
-1.0630301	-0.76042855	-0.6340525	-1.1446936	-1.4215554	-1.462219	-1.4545456	-0.36269462	-1.7467855	-1.9621049
0.5495841	1.545553	0.5895635	0.35514235	-0.032980233	-0.8330833	0.42274123	-0.87974507	-1.1376083	-0.91028786
1.1299857	1.4594376	1.1726753	0.87924945	-0.4682924	-0.043642893	0.7102966	0.1942673	-0.8492464	-1.0153377
1.1344559	0.78343284	1.8599082	0.9289012	-1.2230078	0.9811575	0.6811487	1.5937852	1.0605932	-0.9580029
-0.51129	-0.75456524	-0.068139225	-0.5517771	-1.3007755	-0.8610037	-0.33857355	0.08958771	-0.8048282	-1.147591
0.77858627	0.67969227	1.2880905	0.58363676	-0.9819249	1.4515905	1.4358021	2.0777397	1.0940322	-1.0504092
1.9393522	2.5650346	2.619685	1.7505755	1.4815195	0.7837342	1.3782077	2.6182148	0.5444851	1.5766878
0.06304733	-0.74112177	0.5773239	-0.06175573	-2.0830438	-0.39720893	-0.68836176	0.19024538	-0.7794364	-3.0850258
0.7315941	1.1441319	1.3926501	0.5088736	-1.2330416	0.65639657	1.230444	1.4592522	0.8490766	-1.3795786
2.4550798	3.467047	2.1509125	2.0839233	0.08097574	1.9701073	2.7425096	1.3024077	0.6979513	-0.31480256
-0.2566617	-0.99578583	0.1324058	-0.39600933	-2.0719564	0.22332913	-1.075783	0.9408919	-0.3136836	-2.6083481
-0.8962175	0.5565915	-0.6357901	-1.1524434	-1.2620627	-1.5945516	0.5194907	-0.79241884	-1.3574159	-0.65170693
1.2675658	0.22834286	1.9029135	0.9596306	-1.0105542	0.89046246	0.051882863	1.6528698	0.6985882	-1.0973724
-1.3215743	-1.6466761	-0.9110917	-1.3275659	-1.7776663	-1.132368	-1.6031072	-0.49705106	-1.1137623	-2.1804109
0.83423483	0.124798924	1.1764344	0.58152336	-1.3620236	-0.34587044	-0.67084944	0.2772293	-0.44843957	-1.4411665
0.3787538	0.8264235	0.7405057	0.14844497	-1.3561789	-0.12198196	0.24583137	0.9329224	-0.49077585	-1.575584
0.6851591	0.4806091	0.9877869	0.5426581	-0.6892359	0.53672034	0.3995551	0.82654846	0.12721509	-0.3950894
1.5319756	0.41159168	2.0943592	1.344032	-0.9445244	0.6162301	0.6794015	1.7483552	0.31680885	-0.79131347
0.419802	0.33442405	0.9770373	0.19316335	-1.4489397	0.067358814	0.32374802	1.3775446	0.12774374	-1.6781722
4.3895764	5.069675	4.3542657	3.7415557	0.7334931	2.8810675	3.5989277	2.5668745	2.6436882	-1.1380913
-0.24469331	-0.9543967	0.06420505	-0.24782263	-1.1130952	-0.28591323	-0.20401295	0.16441897	-0.36812186	-1.1828411
0.10270908	0.19567826	0.40175778	-0.072884105	-1.2725422	-0.05456679	-0.1391651	0.52830166	0.08318041	-1.2245226
-0.91246736	-1.1185149	-0.4154813	-0.981937	-1.3062161	-0.53039944	-1.1749365	-0.37112898	-0.13269289	-1.5316812
2.6424263	0.19438365	2.7976754	2.4350886	-1.7554445	1.459079	-0.6411185	1.862911	1.8805524	-2.21483
0.328012	-0.04784003	0.76300466	0.14019404	-1.7106868	0.16517968	-0.5244391	0.63719743	-0.09167803	-0.8510325
0.0694625	-0.8713312	0.59507316	0.003864631	-1.678934	-0.2002613	-0.9763306	0.24749371	-0.45880443	-1.8395346
0.06897584	0.34576693	0.6510503	-0.1434722	-1.6826882	0.19928293	0.28580272	0.82308155	0.1868886	-1.697433
0.61845994	0.9553038	0.8638034	0.33824986	-1.0709633	1.2654568	1.0544646	0.58612686	0.9590159	-2.140866
-1.3671252	-1.0342724	-0.86398494	-1.4740403	-1.5137919	-1.393157	-1.4052973	-1.1442295	-1.5092765	-1.1061022
1.0922493	3.289011	1.3119127	0.6486823	-0.53643405	1.5403566	4.8160644	0.6751984	0.53187853	-0.54895294
-0.031314306	-0.18596204	0.40027326	-0.21487498	-1.1042562	-0.7374737	-0.35027957	-0.3268054	-1.0140618	-1.3145304
1.4381723	1.2073791	2.02265	1.2110262	-0.99218416	0.7393352	0.37547126	1.7331201	0.2474807	-1.0315332
1.3091111	2.1692245	1.395324	0.96967554	-0.70521224	-0.5474971	-0.94465905	0.038834237	-0.64819777	-0.60006124
2.1270738	1.8076253	2.1315005	1.916157	0.7096211	-0.6342153	-1.0323234	-0.3076806	-0.5168476	-1.1973108
0.63479716	1.0218561	1.2331043	0.40654194	-1.0393183	0.43057594	0.75797164	0.4500515	0.13667178	-1.3134906
-1.1827147	-1.1841053	-0.7654841	-1.1188046	-1.036254	-1.9144169	-2.2178793	-0.4982474	-0.48642063	-1.1594784
0.05647566	0.1710572	0.57500046	-0.16619477	-1.3911531	0.22302517	0.4692829	0.87654334	-0.055477206	-1.2593046
1.5827955	2.6655269	1.896347	1.2611833	-0.24946229	-0.034419097	0.67853314	0.99195427	-0.017997418	-0.5445547
0.5085115	1.8767836	0.6131904	0.25489795	1.2259132	0.8049394	1.8715755	0.32068044	0.16485538	-0.089805886
1.2587548	1.3497976	1.7393576	0.9882457	-0.67280304	0.9272615	1.4511211	1.5059019	0.2345954	-0.7387755
2.0613892	1.464908	2.2694652	1.6539094	-1.3934216	1.8599986	1.2402903	2.3042688	1.0154407	-1.2236198
2.5984516	1.3061911	2.5625699	2.340991	-0.6331773	1.6425372	1.6772064	2.168933	1.3134421	-0.6986831
-0.29021195	0.419264	0.99939394	-0.41864026	-0.26971442	-0.08383657	0.58418185	0.8851701	-0.37590167	0.7785414
-0.24093425	1.2148831	0.014406145	-0.5356918	-1.210711	-0.3082854	3.4362772	0.3244591	-0.45512047	1.2806234
0.09941479	0.27252945	0.25349072	-0.11949764	-1.1830361	-0.21957211	-0.21326816	0.40013844	-0.42818657	-1.8751494
0.45277962	-0.19144368	1.0738598	0.32900465	-1.3600507	1.0936096	-0.16181588	1.0392259	0.8039841	-1.4468386
0.6655171	1.1223491	1.2749931	0.45361745	-1.1915483	0.489595	1.1714804	1.3737621	0.04520057	-1.6097791
0.13780206	-0.3701362	0.7920641	-0.079536036	-1.5905927	1.2296537	-0.24392645	1.5381514	1.5831456	-1.0458556
0.06017361	-0.0076955557	0.50032985	-0.08058174	-0.06881067	0.52799356	0.56810635	1.6774904	1.0034221	0.31165376
0.21483818	0.51122355	0.30404413	-0.04718335	-0.76903653	0.7466611	-0.07896757	-0.1727285	-0.016628006	-0.9917979
-0.6908744	-1.0997455	-0.24537209	-0.7293253	-1.6613258	-1.4397281	-1.2951018	-0.91355485	-1.4798075	-1.8157771
1.7272938	2.3672652	1.8853588	1.2379887	0.7631459	1.0910349	2.2304764	0.64704084	0.1949647	-0.3728627
0.42815372	0.8249744	0.87478566	0.22031884	-1.1408242	0.32669136	0.1190772	0.9806903	0.25615606	-1.1158077
0.96125	0.18329567	1.1604321	0.7082425	-0.3450779	-0.100358665	0.36753967	-0.18730803	-0.4193725	-0.5225501
0.036377624	0.34180787	0.44273543	-0.21278504	-1.3047988	-0.7662869	-0.04746255	-0.10028478	-0.90714896	-1.0822512
0.9958878	1.8500841	1.2669576	0.6038165	-1.057571	-0.48993847	2.3197005	0.14186694	-0.7981071	-2.2284484
0.05597996	0.04750535	0.56276065	-0.15906687	-1.3092088	0.4246779	1.3669999	0.95752597	0.07293149	-0.47607562
0.41895345	0.01739961	0.9333681	0.24010454	-1.3607377	0.16713668	-0.12998074	0.40463248	-0.2600793	-1.1151332
1.2755157	0.0053433776	1.5476031	0.9349928	-1.5944121	2.2594483	0.1765923	2.4210515	1.999024	-1.7527663
-0.39691308	-0.6973536	-0.030544281	-0.51191443	-1.2110581	-0.18109061	-0.75915945	-0.16689132	-0.63481885	-0.9244431
-1.0906742	-0.99207973	-0.7656113	-1.1032631	-1.4556806	-1.8843815	-1.7246411	-1.4984472	-2.236423	-1.481578
1.0708493	1.5430329	1.5521655	0.8001879	-0.9522135	0.73751444	1.3092065	1.5667455	0.7913261	-0.3355885
-0.05317515	0.290306	0.6824573	-0.26907054	-1.2940894	-0.3640339	1.3392606	0.39015666	-0.5311458	-1.0501864
1.9259602	3.1053681	2.219363	1.5199265	0.14834306	0.566035	3.638921	0.99038166	0.20139691	-0.751859
0.10865428	1.152575	0.5249264	-0.13012224	-0.5473963	-0.5461574	0.17986429	0.57235813	-0.6680888	-1.2993761
-0.68793565	-0.12681642	-0.080203	-0.801728	-0.8422297	-1.567493	-1.7960676	-0.6459869	-1.643072	-1.4290314
1.150824	2.2966294	1.4168465	0.7179839	-0.23412482	2.4958177	3.845677	2.0489538	1.6143594	-1.022298
0.23455659	1.0989056	0.60977334	0.003686294	-0.9079499	-0.30455744	0.41075042	-0.19208448	-0.6007963	-0.6798779
-2.0532782	-1.920237	-1.3197985	-1.9980044	-0.75268865	-2.5790224	-2.8239188	-1.4073272	-2.7111704	-1.1921959
0.5261362	0.25609356	0.81404686	0.37005317	-1.0466074	0.12939268	0.9421661	0.39630854	-0.011252784	-0.58568585
1.6995248	1.1392971	2.104551	1.433249	-0.6040596	1.21387	1.46599	2.4354582	1.7966287	-1.6251993
-1.2444876	-1.0432127	-0.7257265	-1.3331647	-1.599807	0.5791289	0.1422722	0.5066733	0.63348055	-1.0021973
0.044094063	-0.72463435	0.46679538	-0.095335886	-2.0857043	-0.20193805	-1.080789	0.32569024	-0.41268525	-2.0630956
-0.7821238	-0.5796671	-0.36023298	-0.8632965	-1.027173	0.25937018	0.45600554	0.43231422	-0.27457896	0.5854924
0.62371427	-0.71557474	0.93223417	0.5406095	-2.285494	0.6949375	-0.15548009	0.56433266	0.6304865	-1.7641883
-0.57996815	-0.029421806	-0.112345845	-0.7934028	-1.4520649	-1.7758088	-1.6684395	-0.89233756	-1.5492179	-1.7332402
0.6862589	0.62051487	1.296739	0.49913776	-1.1575313	0.76425517	0.42561173	1.2812401	1.0068818	-1.2839268
4.056992	1.5755262	3.5490134	3.5660071	-0.48631617	3.8034317	0.33505443	2.5782042	2.9138248	-0.9020805
-0.061190344	-0.83876085	0.4484238	-0.1431012	-1.6728946	-0.03448553	-0.308744	-0.09909686	0.08737667	-1.2434393
2.4230103	1.6098096	2.422931	2.1185	0.087964624	2.2235215	1.1575581	2.3347297	1.9087812	-0.48482987
0.87489086	1.3459551	1.4970112	0.6036637	-1.1157731	1.0273323	2.2446313	1.3990043	0.8433883	-1.4258052
-0.5537078	-0.5397818	0.050270855	-0.6470472	-1.1196728	-1.2479421	-1.2199893	-0.22525792	-1.2126364	-0.6825148
0.30965278	0.44828972	0.9055332	0.14667578	-1.3801376	0.46414465	0.041163705	0.89059794	0.031861015	-1.1327965
-1.083007	-1.1562909	-0.5906304	-1.0982077	-1.3726143	-1.963306	-2.0055661	-1.1889852	-1.8421589	-1.517183
-1.0187021	-0.75393784	-0.5888591	-1.1216862	-1.401953	-1.739252	-1.8407358	-1.031788	-2.1565504	-1.1386459
0.3459304	-0.90882003	0.77186024	0.22857274	-2.2753084	1.3221543	0.88600445	1.7069876	1.447391	-1.1574686
-1.9041159	-2.1914773	-1.2599572	-1.7675837	-1.285456	-2.1465828	-1.8114415	-1.4049023	-1.9125476	-1.7668914
-0.9847806	-0.16428891	-0.6706126	-1.0688725	-0.7074792	-1.5137919	-1.9128618	-0.6127719	-1.7130481	-1.2368389
-0.5349847	-0.70853	-0.24742058	-0.5811302	-0.12327476	0.10422712	0.038381636	0.2452675	-0.055515643	-0.31051823
0.77487975	-0.15379491	1.0955236	0.64618766	-1.7295288	0.11441765	-1.7669349	0.56208485	-0.111712545	-1.6547345
1.8744404	1.9006593	2.2311382	1.5852678	-0.5957875	2.4502032	0.4363684	2.663255	1.65872	-0.84797794
0.2580532	0.039622992	0.55640304	0.03999214	-1.2126659	-0.5431363	-0.17408524	-0.2534433	-0.7610727	-1.1181108
0.57045645	-0.01101163	1.14363	0.3883062	-1.3344778	0.0330485	-0.20391512	0.46122777	-0.037105586	-1.1424631
1.136265	2.528289	1.6211517	0.85115933	-0.22889334	1.0176767	3.5405288	1.6818061	1.4160011	-0.40908596
-0.23819765	-0.04507923	0.22403605	-0.4579053	-1.7100273	0.055955287	-0.10926647	0.37038252	-0.8704496	-1.423416
0.042683862	0.46519652	0.2867312	-0.12523855	-0.35885355	0.107692465	-0.6498601	0.104285546	-0.6045684	-0.8512474
0.3293939	0.73024666	0.7219058	0.08808629	-1.3719383	0.077138156	0.23411499	-0.43197277	0.3591602	-0.7097712
1.0664393	0.80730414	1.7761072	0.73916245	-1.2471067	0.7124212	-0.054985397	1.6096612	-0.4335659	-0.85803956
-0.02441398	0.13838702	-0.15128592	-0.15854147	0.50900614	-1.7310182	-1.1046578	-1.7906603	-1.4948006	-0.8271763
0.06530037	-0.2522811	0.77812445	-0.13491161	-1.0709083	0.14833099	-0.3880552	1.8607888	0.6178395	-1.4723076
1.0913404	0.61342597	1.6163243	0.86048985	-1.1344455	0.9855956	0.4480375	1.6429344	0.58669794	-1.3589033
1.045255	0.3048081	1.4240645	0.8052425	-1.2735256	1.6837798	0.7184308	2.0738518	1.779224	-2.185175
-0.49774858	-0.564976	-0.047745734	-0.6558122	-1.2469356	-0.7822704	-1.2716372	-0.3859841	-1.2522808	-1.3836203
0.27663884	0.6969918	0.087373614	0.17853464	0.23487148	-0.2383413	0.4320967	0.0944366	-0.71693045	-0.43114728
-0.54432756	-0.7547816	-0.10766268	-0.6167852	-1.3958375	-0.27515984	0.26882586	-0.111925736	-0.6155264	-1.4492192
0.31887186	-0.0594728	0.65489185	0.08555059	-1.6064299	0.13420989	0.6142802	0.42489198	-0.049125906	-1.5729331
0.6081833	1.0505663	1.1900911	0.4175017	-0.8674184	-0.5892537	-0.48972616	0.15329376	0.20474006	-1.4005128
-1.1107367	-1.0865232	-0.57501256	-1.1800408	-1.5929573	-1.0074295	-0.57770866	-0.6577301	-1.3206109	-1.626703
-0.06645257	-0.37830102	0.40038398	-0.21897246	-1.295976	-1.1996025	-0.86439025	0.68134904	-0.8597873	-0.8500698
-0.6767363	-1.1396309	-0.255335	-0.7064022	-1.0026051	-0.60072297	-0.987448	-0.01203632	-0.69788533	-0.47861844
0.3364599	1.2256123	0.89937437	0.037723243	-1.2238597	-0.13678265	1.1110872	0.25823534	-0.44984984	-1.7126169
0.9257544	1.2708917	1.3209443	0.6602425	-1.1378822	0.2169869	0.8009544	0.55280256	-0.1337855	-1.8260932
0.6879613	-0.3180913	1.2315153	0.48758948	-1.495802	1.7667582	-0.06027206	1.8366185	1.7287172	-1.2167094
0.6246573	0.9460499	0.46865967	0.36135876	-1.0954685	-0.07059868	1.1488798	0.16529892	-0.37834895	-0.9207472
-0.28022915	-0.42398575	0.18218186	-0.403279	-1.2679334	-0.9452856	-0.23305875	-1.0646636	-0.5153153	-1.2647622
-1.6387357	-1.1973886	-0.58972454	-1.6658819	-0.5275644	-1.2419479	-0.8333923	-0.90495855	-0.991392	-0.29853398
0.27490875	2.5543513	0.89268434	-0.09404823	-0.47206664	-0.032923464	2.8545754	0.5314733	-0.25116247	-1.4085732
-0.15402746	-0.8184997	0.39801577	-0.25458848	-1.3789474	-0.30778718	-0.48970184	0.47297993	-1.5556993	-1.4978055
0.42127034	0.90048575	0.5300993	0.14248534	-1.2009853	-0.55771416	0.30248004	0.0288892	0.13034151	-0.9899434
1.9982511	3.1383507	2.0470498	1.5239507	-0.71458745	0.4679637	2.04932	1.3849301	0.5437538	-1.4812549
-0.48841232	-0.42033982	-0.14262474	-0.5224538	-0.81510794	-1.126966	-0.47876623	-1.4061826	-0.9913664	-2.055305
0.87045115	1.7284425	1.1888765	0.6127838	-0.82051826	0.12860014	0.24206008	0.3781593	0.85608953	-1.8033044
0.57976955	0.7197592	0.7360382	0.28605878	-1.3793902	0.8609241	1.2936316	1.2993373	0.8432627	-1.4744629
0.16939512	0.03175649	0.5205475	-0.032208517	-0.5680795	-0.25096482	-0.28630137	0.52616847	-1.3257977	-1.053723
-1.7437161	-1.3738775	-1.1992913	-1.7850057	-1.7974555	-1.8179098	-0.8681207	-1.3136541	-1.4913045	-1.6943169
1.6044703	2.49083	1.7900608	1.1563573	-0.6758977	1.4944712	1.9416188	1.3581669	0.6688765	-1.1482322
0.98621243	-0.03061986	1.5618596	0.84590244	-2.2192545	0.57856345	-0.5370879	1.1806763	0.38719815	-3.8252323
0.1653131	-0.62194735	0.8221772	0.06086138	-2.056709	0.46398613	-0.5952113	0.9764598	0.5076083	-2.703088
0.14284396	-0.790344	0.91286147	-0.048287526	-1.7506746	-0.07582767	-0.4204795	0.5200982	-0.49114686	-1.9556932
0.23161748	2.09312	0.28131285	-0.12390045	-0.42404386	-1.0808353	0.5998609	-0.47436443	-1.202513	-1.1325357
0.6002967	0.3679538	1.2617618	0.36712062	-0.77307975	0.80370504	0.62433225	0.951505	0.49922618	-0.55671877
-0.6909169	-0.23536643	-0.31477597	-0.86046183	-1.2694571	-0.42234802	-0.256597	-0.12169243	-0.6394182	-1.1778108
-0.7110875	-0.7651137	-0.3307536	-0.81196535	-1.2717669	-0.3079744	-0.42643148	0.016406747	-0.20406598	-0.8738199
0.18318278	0.33166936	0.74251354	0.049939618	-0.69284356	0.0903843	0.4861614	0.6597747	-0.038518105	-1.1595664
-0.603852	-0.07486972	-0.057320535	-0.77468264	-1.0877527	-0.9201529	0.052591454	0.31904897	-1.0623035	-1.2196692
-1.6827941	-1.876397	-1.0003911	-1.6561484	-1.7281541	-0.9443664	-0.6657748	-0.91284937	0.91763777	-1.6322021
-0.47176412	-0.903527	-0.18430454	-0.51910746	-0.9315101	-1.0644163	-1.3428003	-0.75498027	-0.72303766	0.17791747
-0.27990216	-1.1328847	0.37116373	-0.42807877	-2.5291674	0.35124436	-0.6477259	1.168491	0.33504504	-1.9910291
1.0133938	0.64564466	1.8419172	0.7874606	-0.53419936	0.8612417	0.18316522	1.8504175	0.61352247	-0.7644132
0.72690505	1.1278099	1.2397159	0.48689556	-1.210424	0.4306026	0.8136636	1.1790212	0.11252024	-1.1124395
0.9166618	1.7772403	1.2024337	0.6586528	-0.17192274	1.2989233	3.2143798	1.7252938	0.53123945	0.14511462
0.8102942	1.8013737	1.3154091	0.50208473	-0.68496335	1.3684548	0.19143204	1.8388101	1.3070953	-0.79105794
0.2298086	-0.80747557	0.6523508	0.07531424	-2.3175147	0.17327058	-0.81099766	0.82576424	-0.040495068	-2.3842232
0.4844434	1.3025943	0.6993443	0.2370999	-1.0810461	1.0259361	2.578849	0.055903222	-0.18810241	-0.58550894
1.2698511	0.86590075	1.3871562	0.97828126	-0.82509685	2.2474358	0.5336975	2.1075099	2.3211257	-1.2048236
-1.6976337	-1.6812655	-1.1431625	-1.6010559	-0.9956049	-1.889739	-2.1628304	-1.2906582	-1.83762	-1.8137196
-1.1848484	-1.6719525	-0.805956	-1.1748933	-2.323023	-0.8753388	-1.0947164	-0.6616366	-0.92444813	-1.7168198
-0.27661964	0.4092799	0.21575576	-0.4416626	-0.7784004	-0.7493481	-0.099428244	-0.054390788	-0.6554505	-0.34331876
0.76507336	0.44839677	1.2050673	0.53430164	-1.3427074	0.38173163	0.3962843	0.8971451	0.7264093	-1.7545153
0.032150872	0.8245001	0.13833264	-0.21604818	-1.2580265	0.5262929	0.03050173	0.7151096	0.19728266	-1.8500195
0.63976085	2.4671254	1.0170465	0.28224194	-0.48600864	-0.0069993576	1.5263727	0.2672833	-0.9792251	-1.3009777
0.57539797	0.6093414	1.2943805	0.36103398	-1.3259628	1.4127749	0.7261881	1.402473	1.678445	-1.1735315
-0.3800155	-0.10764751	0.2817653	-0.4566754	-0.6225695	0.40976962	0.59188265	1.489023	0.17552418	-1.2096974
0.35889748	0.94446385	0.84654737	0.077415094	-0.64856344	-0.16303307	0.23994462	0.5133524	0.16076955	-0.88194865
1.6128645	0.5496373	2.0262384	1.2442968	-1.0816988	1.4121982	-0.59165	2.2142105	0.7272139	-1.1706407
0.43135872	0.793674	1.3370368	0.24494152	-1.2698929	-2.0852253	-1.3079826	0.40614516	-2.2281532	-1.683765
-1.8767987	-1.8363642	-1.1998537	-1.853746	-1.6444308	-1.6584151	-1.3434722	-1.0068005	-2.2948508	-1.5524894
-0.366573	-0.5281986	-0.18250716	-0.40245873	-0.74631655	-0.65708184	-0.8985938	-0.13045041	-0.90164554	-0.22930631
2.3371632	1.7667668	2.8465874	2.0874534	-1.0792538	2.6134267	1.4810989	2.6484444	2.0857744	-0.3299174
-0.20670968	-0.46555966	0.23488249	-0.32875597	-1.45429	-0.23539785	-0.29401448	-0.014854223	-0.18425009	-1.0843784
0.6197456	1.2731358	1.0114799	0.31340563	-1.1692562	0.62549067	1.794801	1.3745941	0.40071782	-1.0877199
0.13027859	-0.072797745	0.6670939	-0.08887659	-1.4718236	-0.092137404	-0.39708877	0.84982026	0.1678908	-1.2121842
0.49385694	0.29056236	0.9240973	0.3369397	-0.88293684	0.26169488	-0.62221956	0.69257677	0.017773267	-0.9712341
1.2637088	0.7393681	1.4493893	1.0019894	-1.7007091	1.2572019	1.1043507	1.6834134	1.3073004	-1.8146698
0.30502078	0.62098265	0.70280063	0.056903616	-2.0183735	0.29189247	-0.52648354	0.8613786	0.41958693	-1.8474097
0.31252596	0.32001278	0.8188218	0.10625176	-1.6711637	1.2792357	0.53023076	1.6012515	0.23570935	-0.8582448
1.6666942	1.1986903	2.1669037	1.3790528	-1.3524439	1.9327114	1.2887491	2.1929889	2.0043929	-1.1734573
-0.36062792	-0.600144	0.24112627	-0.42656255	-1.2681328	-0.42847818	-0.9091712	0.42211738	-0.35697097	-0.9776802
0.72361475	1.6528227	1.0090324	0.455855	0.12442836	1.2434052	1.7936175	1.2002423	1.2640289	-0.25536677
-1.2832152	-1.0931418	-0.67929673	-1.3369321	-1.0265583	-1.0226591	-1.4519892	-0.49596196	-1.0775018	-1.133621
-0.55023664	0.19721362	0.2661288	-0.73260534	-1.6570513	-0.5875689	0.49983588	-0.32458836	-0.7333392	-1.6031377
0.0064127967	0.9270351	0.4507249	-0.23362398	-1.102154	-0.083373666	1.9343344	0.22559628	0.7358764	-1.2664565
-0.43793827	-1.0193305	-0.07793191	-0.4786756	-0.9933933	-0.064749755	-1.1988845	0.013471487	-0.2239891	-0.7083055
-0.37275085	0.96389914	-0.36255375	-0.56065285	-0.15118182	-0.49262834	3.3458557	-0.21358761	-0.70267284	0.95333594
1.2527078	0.36783966	1.9210737	1.0635949	-0.09445843	0.9189946	1.3679086	1.8788823	1.5046041	0.8563016
1.2999454	2.5367072	1.4723822	0.9424323	-0.9100311	2.0050223	2.8524532	1.4951904	1.6394916	-1.0910904
-0.06777821	-0.83837426	0.42158917	-0.15367375	-1.8821982	-0.047623407	-0.88056785	0.31059217	-0.46667665	-2.1276572
0.30320027	1.1415427	0.8747741	0.023695663	-1.3247921	0.23463541	-0.35029548	0.5817328	0.42145073	-1.6032743
0.034946166	0.43352845	0.40066957	-0.15130515	-1.3030941	0.6152636	-0.72679806	0.85151833	0.6968964	-1.855819
-0.7000076	0.780347	-0.3479294	-0.8530066	-0.78901017	-1.4925567	-0.89489776	-1.3582072	-1.6734836	-1.3127975
-1.1435097	-1.2476563	-0.4439853	-1.1570222	-1.2998643	-1.5454648	-1.7195883	-1.1193781	-1.4952829	-1.6309507
-0.109498315	1.0871309	0.74206054	-0.38205975	-1.2632413	2.6674442	1.6069834	2.086956	2.4029353	-1.2331595
0.3628447	-0.17244841	0.85195434	0.085793	-1.6427599	0.57902235	0.29714906	1.6985377	0.44722253	-0.92038757
0.807821	0.7807447	1.2226794	0.5631753	-0.85464823	1.5381023	1.4823581	2.3193898	1.3222867	-0.26267987
0.5446019	1.2987764	0.9080038	0.25979877	-0.7227527	0.2558526	1.5344772	1.0568901	0.3104846	-0.53058046
1.5191075	2.0417206	1.8045062	1.1423556	-0.8729445	-0.096244074	0.8144771	0.69846064	-0.4714764	-1.4115305
1.2896409	1.5030571	1.6352768	1.0856588	-0.66876364	1.4993316	1.5061781	1.1385189	0.48070636	-0.47172168
0.79065764	0.021101803	1.4733694	0.64438385	-1.6780807	0.833949	0.15890183	1.2047868	0.81015563	-1.6252818
3.0736725	2.1269152	3.17876	2.7252812	-1.2400022	1.5262569	1.4824312	2.974302	0.8508735	-1.1489918
-0.14622864	-1.1402782	0.43075418	-0.21720727	-2.4405172	-0.37292424	-1.0278871	0.25693515	-0.6854438	-2.8864396
-1.2368975	-0.6275524	-0.8350891	-1.3158162	-1.3289552	-1.3549981	-0.8269059	-1.2715476	-1.0866779	-1.639611
0.2526734	1.0016207	0.6431995	-0.058328167	-0.9513993	2.1833787	3.0186403	2.3000507	2.2372057	0.7842078
1.1445111	1.7513888	1.1933403	0.9219037	-0.17485678	1.2138165	1.9096087	1.105817	0.363067	-0.45276642
-0.8504749	-0.0659021	-0.7605182	-0.90623176	1.5505948	-1.506556	0.49153632	-1.3347478	-1.9017966	2.128638
1.4352831	0.88711715	1.9118462	1.196219	-0.06661257	0.8508961	1.4885367	1.1717	1.6018683	-0.61830926
1.2626282	1.0016488	1.66343	0.99836874	-1.3238672	0.6748205	-0.03542087	1.2189403	1.0782027	-0.75932086
2.1719415	2.979396	2.571218	1.850992	-0.5703643	0.8446512	1.7418401	1.8022121	0.60059184	-1.1771176
-1.0963163	-1.3919375	-0.43310592	-1.1387477	-1.621252	0.46508738	0.28496122	1.0768713	0.283604	-1.0185999
-1.1229622	-1.3144072	-0.6488209	-1.2059404	-1.1848441	-1.4023364	-0.7358115	-0.65625	-1.6237261	-0.47615412
0.705982	1.8582065	0.71809924	0.445769	0.68951833	0.7463925	1.3796139	1.1171935	0.010463318	-0.2987799
0.046022944	0.39161053	0.6307949	-0.19355254	-1.6240246	0.13972871	-0.07968444	1.2836422	0.08591626	-1.41931
0.084622525	0.23999313	0.5152309	-0.08042787	-0.86505437	-0.4050024	0.13058014	0.05754963	-0.30468994	-1.4330938
-0.74342316	-0.6791041	-0.2676681	-0.91332585	-1.6683246	-1.4435337	-1.210864	-1.0645472	-2.106513	-1.9554404
0.80510116	1.3712496	1.2696109	0.5505236	-1.1561259	0.4913233	1.4425328	0.71408284	0.0071098465	-0.93228126
-0.11791194	-0.4941508	0.55162525	-0.290767	-1.6562048	-1.0551323	-0.7762355	-0.32704154	-0.92568225	-1.8951662
0.102383055	0.5323497	0.13169894	-0.14331882	-0.6582613	-0.15426171	-0.099560514	-0.090129875	-0.31001946	-0.8790739
0.29141793	0.086622804	0.7547568	0.14113377	-0.36382312	0.008977122	-0.3527928	0.33461463	-0.28737277	-0.85244566
3.8852289	3.3847437	4.067689	3.4425416	0.11473587	3.9984772	3.2780619	3.8548217	4.232674	0.33501375
0.07822009	0.06711361	0.14854208	-0.14496194	-1.5270028	-0.1603166	-0.6639679	-0.006407674	-0.476951	0.67029196
0.48411813	1.1954067	0.56343853	0.13931434	-1.0656776	-0.25618163	0.45071292	0.22920923	-0.86441696	-1.0435164
1.0735592	0.9495213	1.5411298	0.8989495	-0.6845825	0.54280746	0.06598373	1.094352	0.63435274	-0.82287824
0.98926383	0.72106683	1.3640552	0.7487873	-0.9598738	1.0445888	0.22244376	1.4516343	1.350121	-1.4296247
-0.19665477	0.3232328	0.17027932	-0.40431735	-0.85478735	0.05522478	1.0604169	0.49107596	-0.22816603	-0.3111062
-0.6787906	-0.74832296	-0.2683281	-0.75186896	-1.2953231	-0.72942865	-1.2020911	-0.6830882	-1.1042796	-1.7855836
1.4843205	0.66055274	2.0918489	1.3075581	-1.2868793	0.54635644	0.3066427	0.9414569	0.11290611	-1.6131278
1.4877069	1.6156989	1.58083	1.2274412	0.6939777	0.3758516	2.0589845	-0.38127962	0.27661353	1.3179092
0.6327626	0.7771107	1.0495254	0.46705955	-0.91989386	0.6261376	0.7822248	0.8272931	0.79348296	-0.86382127
-1.3128532	-1.2367263	-0.76156473	-1.3940202	-1.5951815	-1.2427834	-1.6785727	-0.8573314	-1.064964	-2.3881364
0.57375944	-0.9788408	0.9373661	0.6133718	-1.8660353	-0.33960775	-1.4486858	0.20809525	0.4522696	-1.7377161
1.0259529	1.2545005	1.513491	0.72109556	-1.2168437	-0.7610663	-0.826545	0.51481956	-2.2754276	-2.0091004
1.8702146	1.6964533	2.610478	1.7189722	-0.8793256	1.5748546	0.17751758	2.5170774	1.5543507	-1.393025
-0.63738626	-0.7794819	-0.18775257	-0.6915582	-1.1888584	-0.3505383	-1.1068269	0.17169279	-0.7756913	-1.6267263
0.6950739	1.3551528	0.67949736	0.5334164	-0.094261855	0.30994558	-0.7987765	-0.7391836	-0.26469383	-2.9162989
-0.3470458	0.04685521	0.27900022	-0.512587	-1.067832	-1.1626408	0.048821922	0.7283889	-1.2502965	-0.6676214
0.20303571	0.837106	1.050533	0.04382831	-0.13084722	-1.3051229	-0.62164533	-0.5297442	-1.3083371	-1.1370975
-1.1360314	-0.9589211	-0.7331253	-1.1778228	-1.5579911	-0.26142216	-0.72089636	0.31387493	-0.6641807	-1.8493294
0.633488	1.8400853	1.087036	0.35389853	-0.42199826	0.5756658	1.4329904	1.2327611	0.19112144	-0.6812398
2.4028127	2.2835588	2.3210552	2.036478	-0.48805165	3.0354779	1.7228656	2.9245293	2.8963027	0.8055688
-1.00336	-0.61850107	-0.5891566	-1.14881	-1.3452796	-0.08263289	0.59699345	0.30676717	-0.40211684	-0.6348478
0.31402126	0.92308056	0.8983333	0.10464989	-1.1671883	-0.11719581	1.0224006	0.591388	0.12043272	-0.9430093
-0.2649231	-0.5218344	0.4087514	-0.39083833	-1.5877692	0.46156457	0.6929073	1.1280576	-0.5650831	-1.1563456
0.090153374	0.7653022	0.4215861	-0.17066379	-0.9880725	0.32377237	1.1444967	0.81724536	0.44309926	-1.1572378
0.0042495728	-0.7790886	0.5022656	-0.14887321	-2.1051438	0.055380065	-1.3649204	0.8824097	-0.46098962	-2.012069
3.5012565	2.6205409	3.2268374	3.0427864	-0.19082573	3.0980651	2.2355502	3.25677	2.8772888	-0.27487195
1.7308732	3.7165759	1.7390395	1.1132076	0.08698219	-3.0478654	0.37538	-1.4154847	-3.2966685	-3.0557237
-0.7568899	-0.8980025	-0.33045694	-0.8147474	-1.3280185	0.08912025	-0.45257047	0.99888295	-0.32219908	-1.5962644
0.76019293	0.83846676	1.4689505	0.5546131	-0.7290635	0.23388952	0.08627427	0.38893124	0.028319156	-0.99210143
0.13047013	0.11802545	0.2936265	0.16477756	-0.40869784	-0.89175516	-0.35969064	-0.37896347	-0.42867538	-1.1951162
0.46048054	0.15349725	1.2132013	0.23072602	-1.0999023	1.7077736	0.9000808	2.386917	1.390669	-0.6210173
0.6716809	2.3957639	1.0044392	0.35115266	-1.0021753	1.8227619	3.1716046	2.201005	1.6645957	-1.1486937
0.9360271	2.266939	1.462642	0.5898821	-0.66585875	0.34036726	1.2023088	1.0515745	-0.12988995	-2.3334796
0.26037294	-0.1579486	0.88753545	0.053298622	-1.4878777	-1.0993543	-1.7390339	-0.05183536	-1.79454	-4.0396285
-0.700966	0.06591782	-0.3735976	-0.8616097	-1.4196905	-0.46098602	1.238807	0.14685859	0.22935566	0.3344699
0.4392452	1.1299042	0.68106675	0.06528209	-0.8645668	2.1320355	1.9161	2.0961564	1.9356028	-0.29710206
1.6269273	1.8672628	2.023208	1.2973537	-0.95462716	1.7838202	2.7242007	1.8146493	1.1708354	-0.3853514
2.883236	3.3146408	2.6935031	2.4219728	-0.30787677	2.121659	2.9502723	2.5186276	1.5645006	-0.45602477
1.2144243	1.5478921	1.4901165	1.0051664	-0.851232	0.51489365	0.5500966	1.162062	0.36382306	-1.2465342
2.313164	0.54419124	2.7895968	1.9792836	-1.2082286	1.6220233	1.0083822	1.7766831	0.89405274	-1.7361968
0.7013007	2.2535987	1.1777519	0.27532834	-0.483644	-0.5141925	1.7259544	-0.09671036	-0.5818645	-0.87180924
-1.4608269	-1.5493374	-0.89807665	-1.4733801	-1.4117104	-1.7683988	-1.8960493	-0.87900406	-1.1767479	-1.5313044
-1.2649736	-0.8763937	-0.8118869	-1.2460145	-1.2218969	-1.6202163	-1.2750845	-1.0520859	-2.0623035	-1.39405
1.192132	1.727759	1.549867	0.90073884	-1.2723371	0.90538895	0.69375104	1.64031	1.016275	-1.472462
0.69277894	1.1791407	1.1289729	0.44296288	-1.0053344	1.3803427	1.8793321	1.3200914	0.22652267	-1.3252847
0.18275046	-0.92609465	0.7432895	0.066929474	-2.3656156	-0.018470569	-1.0207341	0.78984505	-0.47834608	-2.634641
2.9956982	5.414282	2.791219	2.520996	2.1240878	3.4537616	4.361058	3.0279365	3.0613692	1.4861295
-0.11317037	-0.2823848	0.3541329	-0.29626817	-1.6707906	-0.26862603	-0.24030866	0.43585435	-0.45621973	-1.4409524
-0.14392942	0.15683684	0.43517274	-0.3412891	-1.3130804	-0.14777619	1.2893063	0.53179866	-0.7805557	-1.1804727
-0.14966646	-0.3866235	0.30258873	-0.2355357	-0.70464194	-1.0339942	-0.915489	-1.4295127	-1.0861323	-0.90517557
0.59253424	0.7145885	0.97420037	0.33835548	-1.4694494	1.9156773	-0.8651154	2.011792	1.765924	-1.3497448
0.8213827	0.8839643	1.1550703	0.52819514	-0.9535631	1.8517121	0.4436303	2.3531215	1.3321183	-0.90186584
-0.044894636	-0.8553903	0.18484184	-0.2088261	-1.4284735	0.099775486	-1.9393098	0.036295857	-0.28773734	-1.6558043
1.8189715	0.9699755	2.1191924	1.4615488	-0.8848976	1.7242835	0.50054497	2.0106173	1.5551859	-1.3913332
0.39630172	0.24470738	1.0486459	0.19022654	-1.382857	1.1483866	0.40357634	2.1180449	0.34161484	-0.910724
0.072000034	-0.8964666	0.6771296	-0.036170498	-2.4097636	0.21560994	-0.89721173	0.741892	0.17573938	-2.0038414
1.0820401	1.3175261	1.3869898	0.77881974	-1.1105568	0.36087215	2.686289	0.82540065	-0.113752834	-1.0021807
-0.47418916	-0.0392493	-0.070592016	-0.7465179	-1.7204578	-0.12453539	-0.41982928	0.5926494	-0.13619715	-1.4931992
0.6574749	3.5691395	1.2975094	0.24519815	-0.043649405	2.3699458	5.4007134	3.1391287	1.2712907	0.8353436
-0.2723911	0.96785474	-0.12513623	-0.46309274	-0.4149528	3.018465	2.1570587	2.6450603	2.5277145	-0.501016
-0.5660513	-0.97086585	-0.08310935	-0.595407	-0.42609027	-0.34710407	-0.51592994	0.62999964	-0.20887756	-0.59354985
-1.0321454	-0.9400878	-0.43990174	-1.0828159	-1.5644944	-0.7634595	-1.0489966	0.040189136	-0.74141586	-1.5756848
0.6227362	1.3803797	1.119024	0.35607964	-0.8640145	1.0626957	1.487264	1.636985	0.36557603	-0.66964746
-0.32904005	-0.05157253	0.039973885	-0.47291595	-1.1542794	-0.35964546	-1.0072356	0.14796242	-0.56565404	-1.8835233
-0.19022974	0.67752635	0.100209445	-0.45228875	-1.3754411	-0.83180493	0.19210772	-0.8478667	-1.4015286	-1.2187972
-0.29035285	-0.5788249	0.29247406	-0.3665815	-1.5182307	-0.052674074	-0.55345154	0.29352105	0.5157958	-1.1023673
-0.2926392	-0.4787809	0.34202173	-0.37953156	-1.5196716	0.4457938	-0.45758286	0.38396153	-0.38423166	-1.4302876
-0.99120384	0.25322104	0.1208868	-1.1665868	-0.30948007	-0.5934802	1.0650412	0.93188614	-1.0377481	1.1596167
1.7664989	2.8140256	1.5998576	1.3733311	1.1016625	1.1851331	1.9143429	1.1461464	1.159434	-0.7911402
1.6895667	0.58618784	2.2419357	1.4880648	-1.4513744	2.020264	0.9177303	3.1471786	2.159723	-1.8311723
0.19695938	0.3916867	0.8671075	0.024149373	-1.289366	0.35860628	0.65955436	1.1130675	0.45532143	-1.0531908
0.37962103	-0.38057685	0.8507805	0.17888905	-1.295278	-0.15072103	-0.46557587	0.7122116	0.4813807	-1.5368876
-0.15400517	0.5224885	0.9736099	-0.2721013	0.064487964	0.14936057	0.57162464	0.7747088	0.1947737	-0.4446638
0.14023972	-0.58869267	0.6017282	-0.021690935	-1.7858399	-0.0074997772	0.14923711	0.775093	-0.38921884	-1.6010331
1.449581	1.7785966	2.0644	1.2560165	0.7780998	0.6425587	1.0700152	1.0068543	0.5267169	-0.14128481
4.434419	4.641914	3.5849676	3.7532313	-0.21229121	3.6680155	3.3206224	2.898984	2.6595001	-0.69256616
-0.8792351	-0.96036243	-0.40044573	-0.91229784	-1.30528	-0.54616874	-1.2883449	-0.1886603	-0.724387	-1.8057235
0.6850562	1.0286481	1.2171808	0.4733659	-0.8650824	0.2803265	-0.21792142	0.11868368	-0.58720654	-1.1206706
0.56388956	0.11281577	0.805774	0.4654464	-0.56731033	-0.054635163	0.032764107	0.25398415	0.035044197	-0.22356671
1.0947512	2.01923	1.549843	0.80522573	-0.7823532	0.92021316	2.1659977	1.292246	0.20021096	-0.8467317
0.7612925	0.0020597577	1.3611754	0.55121243	-1.3426244	-0.015173839	0.010807581	0.5449511	0.61239535	-1.7136184
0.56719434	0.96435916	1.2212539	0.3232596	-1.1800286	-1.5627577	-0.17069744	-0.06494958	-1.7538645	-1.2234912
-0.74383056	-0.91487515	-0.18293527	-0.7708179	-1.548845	0.37890354	0.6406583	0.72409034	0.34316054	-1.4744856
-1.0250728	-1.2210479	-0.59226334	-1.0391119	-0.88466	-0.47883868	-1.0949513	-0.6540185	-0.57212645	-0.809817
-0.48865074	-0.6404755	-0.01509887	-0.55622923	-0.93623805	-0.24327004	-1.2966851	-0.24691157	0.26005015	-0.55893123
0.7512191	0.341432	1.3939117	0.6170646	-1.1737391	0.34555352	-0.18399534	1.1615584	0.43491688	-1.4901794
0.488485	0.61611867	0.76369905	0.23646139	-1.0777729	-0.057030115	-0.34408295	0.4754577	-0.08920615	-1.3897471
-0.24116588	-0.65599394	0.2510712	-0.40345758	-2.0274527	-0.11333038	-0.32654506	0.7144945	-0.06963863	-1.2854085
0.6350257	0.7247846	0.84216106	0.42804056	-0.87667394	0.32025564	0.26965654	1.4061767	0.5402004	-0.53779817
0.16116008	0.33640572	0.6473747	-0.07367478	-1.4950755	-0.10915839	-0.15457436	0.5985157	-0.34497997	-1.4860991
1.9831213	0.7711489	2.6017268	1.6252953	-1.0077333	0.5729325	0.71000385	0.8539974	0.2738816	-1.3815469
0.8256663	1.9612958	1.1536229	0.5916643	-0.4745329	0.21477729	2.214956	0.6165667	0.49298298	-0.46888977
1.4009644	1.2887815	1.5818002	1.1023729	-0.019894809	0.5606022	1.2106688	0.72993374	0.49894032	0.8360177
-0.12170189	-0.44764102	0.40672565	-0.2524318	-1.5232766	0.5910146	0.64895844	0.6351908	0.3730856	-1.9205089
4.427244	2.6718395	4.2684894	4.056973	-0.3240201	1.6876073	2.081857	2.0436084	1.6531582	-0.6222844
1.211017	0.9555595	2.0910833	0.9547378	-0.90049267	1.3076118	0.5785951	2.2886155	0.22078973	-1.252401
1.1226261	3.509547	1.1176155	0.79382956	1.5357696	1.7256289	6.050618	1.5535165	1.25549	3.6246567
1.0051655	1.1837375	1.3757282	0.69656247	-0.7386865	1.1359472	0.9569194	1.1780319	1.3046249	-0.83882284
1.5195426	1.8985586	2.0358102	1.309161	0.30977908	1.2543935	1.8588262	1.4257243	1.146772	-0.4232955
-0.87379724	-1.2701586	-0.519747	-0.8951458	-1.7659777	-1.550159	-2.1586745	-0.8360847	-1.7470415	-1.6916288
-0.19220924	0.44921896	0.11618698	-0.40965962	-0.7651669	0.09969425	2.3218753	1.1158638	0.13815285	-1.2647575
0.5819733	0.6514746	1.177493	0.27732277	-1.6135241	0.8085017	0.9210914	1.3802557	0.7225666	-1.1310443
-1.3012736	-1.2736528	-0.8591459	-1.2808731	-1.2478615	-1.0902715	-1.3535943	-0.92193687	-1.7648034	-1.6604666
-0.9602546	-0.554929	-0.5478312	-1.1013631	-1.4097794	-1.4506983	-1.7210388	-0.68272924	-1.8923348	-1.8898634
1.0051924	1.1123866	1.0938423	0.7347384	-0.38594455	-0.99340594	-0.15758127	-0.85835475	-1.408244	-1.9209825
0.3834517	0.45142844	0.7358958	0.16591923	-0.88469005	1.2813308	0.05112336	0.25003645	0.7847194	-0.25284776
2.2740307	2.3934848	1.996961	2.0377069	-0.5032197	2.9230847	2.1640356	1.4605435	2.056254	-1.1785082
-0.9855949	-0.7800598	-0.47049686	-1.0558282	-1.0604225	-1.0908431	-0.76004994	0.14013118	-1.1519396	-0.10612558
0.22066003	0.9383824	0.7030752	-0.027202591	-1.262033	-0.18764785	0.36743024	0.3813396	0.7620037	-1.9621673
-0.51851654	-0.4684911	-0.21247452	-0.6151565	-1.2790567	-0.7920617	-0.61610144	-0.39455378	-1.094274	-1.0452094
2.695613	1.9653175	2.8809075	2.3565726	-0.17355074	3.5139165	1.2601008	2.6582644	3.5441172	-1.1982112
0.7028186	1.2416158	1.2704052	0.43061048	-0.91229784	0.23706321	0.86528236	0.013761694	-1.4667025	-0.753964
-0.38936764	-0.62441766	-0.007560864	-0.47783667	-1.2513491	-0.8768998	-1.3594217	0.048933744	0.20073085	-1.230263
0.07750373	-0.18287653	0.50666505	-0.04826823	-1.0674574	-0.9892742	-1.3301759	-0.13647686	-0.8231114	-1.5887754
1.5700238	2.6828716	1.864099	1.2700895	-0.51472056	1.6074201	2.3985968	2.06545	1.1849537	-0.34982514
0.011248432	-0.2527778	0.3652284	-0.1602756	-1.5657972	-0.62990606	-0.6118531	-0.121699005	-0.90971756	-1.5300758
1.1408283	2.261782	1.1237859	0.69702077	-0.124895185	0.42226186	2.173949	0.97997046	0.47743493	0.21438438
1.6871753	0.90939856	1.6790009	1.4460665	-0.6059114	0.9460621	0.52205473	0.8080486	0.7517661	-1.2717841
-1.0152417	-1.2629793	-0.77243376	-1.064472	-1.0004066	-1.7887493	-1.4926248	-1.3934172	-1.367635	-1.4244812
-0.2075479	-0.7031579	0.36455792	-0.24361508	-0.38449144	-0.242138	0.1977932	-0.48773894	-0.6859296	-0.07995133
1.5768617	1.0102513	1.9255123	1.3087468	-1.4542646	0.40874267	0.15749888	1.1910613	0.51190865	-1.2646688
1.0141736	1.9114048	1.5227572	0.7230077	-0.7505685	1.4255495	2.4137108	2.067483	1.1518265	0.21511705
-1.0396857	-1.1758437	-0.6226728	-1.1329794	-1.4970483	-1.7196735	-1.7816402	-0.8816602	-1.9301261	-1.1944385
-0.91180235	-0.9436468	-0.27348706	-0.9813404	-1.5057899	-0.6168414	-1.2637646	-0.353722	-0.6486281	-1.7470951
1.319574	2.4800787	1.7382965	0.9667995	-0.38411415	1.4634343	2.9108496	1.7020038	1.2360064	0.57188827
-0.4309994	0.08325973	-0.07123995	-0.61005545	-0.6445719	-0.89138323	-0.14386398	-0.4989554	-0.9760632	-1.013023
0.34891674	1.4737073	0.6318214	0.07217075	-0.5212358	1.4580411	2.7209227	1.5136715	1.1395158	0.0822229
-0.22293133	-0.91331804	0.33544636	-0.40876877	-2.2465951	-0.43582448	-0.9735111	0.017116072	-0.98750085	-2.6577015
0.68356985	1.4368085	1.0375851	0.37921345	-1.2742976	1.2469287	2.1829972	1.7971029	1.0985888	-1.2006646
-0.7839708	-1.1924617	-0.1411621	-0.9391399	-2.39053	-0.60337937	-1.2759347	0.03936248	-0.28728318	-2.5977516
1.6432897	1.3536203	1.8795996	1.3470502	-0.11411376	1.4524819	2.3542652	1.6778696	0.76765364	0.42311227
0.08126711	0.35681584	0.48022258	-0.14069569	-1.2639161	-0.25357124	-0.47276357	0.5037658	0.102544814	-1.5666691
1.5374464	1.6143643	1.4543406	1.259845	-0.7331892	0.79685074	1.0042424	1.2954662	0.85726905	0.33180457
-0.5512355	-0.50805926	-0.060129374	-0.6854842	-1.4561511	0.069171466	-0.06886478	0.5081481	-0.39838332	-1.6586325
3.027718	2.3950598	2.9095902	2.6356938	-0.6909181	2.9981868	1.8511677	2.337867	2.7273488	-1.476875
2.330232	2.2805934	2.523638	1.9418755	-1.2636862	3.865119	2.6943069	4.541946	3.2010584	-0.39552107
-1.1059306	-1.1103786	-0.6818595	-1.0880191	-1.2407575	-1.0593351	-0.620179	-0.49084762	-0.621816	-0.5655953
0.35403293	0.03818181	0.7995318	0.2052442	-1.0621259	-0.3827081	0.5522653	0.16757661	-1.1635118	-0.9432189
-0.16785946	0.14272624	0.34803066	-0.3495921	-1.3632513	0.5097394	-0.68627757	0.6177953	1.0135794	-2.0330286
0.8506957	0.85664785	0.8839458	0.63251334	-0.47700715	-0.2117687	-0.32171923	0.33160907	-0.5964189	-0.18378432
-0.3500245	-0.0933508	-0.0024249852	-0.3980403	-0.647173	0.49732402	0.18987101	0.9523485	0.30545774	-0.10846123
-1.2769052	-1.432455	-0.62021625	-1.3159564	-1.8387443	-1.6290241	-2.2239053	-1.2485197	-1.1688536	-1.9579265
0.3071973	1.1414677	0.9308127	0.011091545	-1.0781305	0.9637371	1.9314914	1.115213	0.87459743	-2.1337698
0.0049373135	-0.010220706	0.46727884	-0.16152479	-1.1701883	-0.866638	-0.55524886	-0.47076797	-1.599721	0.36577952
0.29375347	1.1224006	0.66034055	0.057254747	-0.5282175	0.1899908	0.7237609	0.8240203	-0.37976396	0.3162204
-0.7320407	-1.1343032	-0.13011009	-0.7930688	-1.9437853	-0.86917067	-1.5244585	-0.51337373	-0.8480909	-1.963223
0.6551625	-0.07912272	1.3652539	0.4806239	-1.4616363	1.1600515	0.78562814	1.8280698	0.9015072	-1.7100612
-1.9633058	-2.0940754	-1.1302273	-1.9379785	-0.7819928	-2.192281	-2.3529525	-0.7692431	-1.8852069	-0.92101336
0.007367097	-1.0316375	0.49115786	-0.1407394	-1.6214191	2.0535786	-1.0283685	2.4063904	1.3984646	-1.0173668
-0.85188	0.60825	-0.5995828	-1.0069491	-0.38489795	-1.3702768	-0.17871122	-0.779961	-1.4927976	-1.1734309
-1.9083879	-1.9682319	-1.2195379	-1.7714356	-1.3735732	-2.5089478	-2.432998	-1.7624117	-2.1763883	-1.719329
0.62007	0.6222645	1.1777349	0.47006184	-0.9123583	0.83624953	0.8818997	1.3940804	-0.2618272	-2.0637236
1.1828206	2.0310547	1.6144565	0.7814897	-1.2079222	2.1724823	2.599445	2.9439473	1.920897	-1.5722715
3.1099353	1.2926757	3.1258292	2.8286111	-0.5213563	2.1176598	-0.5218688	2.5858145	1.581189	-0.565059
0.42554474	1.666263	0.72010577	0.06374796	-0.61222744	0.31008166	0.6176476	0.9177822	0.3002665	-1.0856394
0.6289992	1.4531521	1.3217809	0.3746097	-0.6478212	1.2702689	1.6874032	1.3437533	1.125113	-1.0195165
1.0620462	2.0736182	1.3147733	0.72140014	-0.48936975	0.63344544	2.574545	1.0580195	0.6157846	-0.15825331
-0.09458209	-1.0046806	0.28931248	-0.154559	-1.662981	-1.4026732	-1.201867	-0.79946405	-0.9506288	-2.1816747
0.31661844	1.0639546	0.48467863	0.10986458	-1.068969	1.3780683	2.7420573	0.5541165	1.0224471	-0.3459677
-0.13694581	0.9057857	0.4405939	-0.41058847	-1.1367007	0.3753945	0.16389203	0.7088501	-0.13328622	-1.0162001
0.07658068	1.6385627	0.050846875	-0.23278947	-0.45345378	-0.620088	0.56158984	-0.38618746	-0.6486332	-0.06008179
-0.8509266	-0.401094	-0.5532836	-0.99196696	-0.97258687	-1.6793482	-0.85881156	-1.3080863	-2.0629041	-1.1114111
-0.787443	-1.0328538	-0.39589617	-0.8067963	-1.4170052	-1.2292597	-1.4765602	-0.61756235	-1.2791266	-1.1394532
-0.6191434	-1.181669	-0.058553785	-0.6813106	-1.203032	-1.125527	-1.0769296	-0.40130115	-0.71610546	-1.7464031
-1.5753446	-1.774181	-1.1201583	-1.5169561	-1.5611951	-2.4236014	-2.3182194	-1.4608449	-2.5180318	-1.5935715
1.3671566	1.307107	1.5856426	1.0705507	-0.67449	1.0839165	1.143533	1.4353776	0.3071988	-0.79439676
0.6669356	-0.054048702	1.318498	0.44840193	-1.2176586	0.9254035	-0.043496605	1.881987	0.39601934	-1.66454
0.6273906	0.5154451	0.69808835	0.4556818	-0.9935765	-0.530799	0.43198824	-0.45537072	-0.30576682	-1.4642266
0.903855	1.5946945	1.4052894	0.6537062	-0.46847266	0.46946824	1.0311073	0.9818901	0.027432838	-0.73742044
-1.4275017	-0.4433199	-0.9854201	-1.4712304	0.42996624	-1.8314712	-0.5458575	-0.9067429	-1.9282736	1.6733841
1.2586107	2.2131078	1.3952866	0.8395603	0.054906964	0.08206197	1.0493804	0.59486014	-0.14490476	-1.6346678
-2.2277179	-2.07021	-1.4806937	-2.1786718	-1.3311244	-2.0746279	-2.4618993	-1.7089677	-2.5981848	-1.2724193
0.27576044	1.9085901	0.617211	-0.060624644	-1.3285139	-0.025457812	1.7543609	0.6211855	-0.14588836	-1.4709774
-1.9068046	-1.9008958	-1.3422295	-1.7870617	-1.490811	-2.4490278	-2.7244852	-1.6946483	-1.5859932	-1.8053092
-0.110988446	-0.7646661	0.25457636	-0.2201051	-1.9491471	-1.2788568	-1.3039114	-0.71638566	-0.5649961	-1.6152375
-2.0380387	-2.1786618	-1.365188	-1.9681888	-1.8105171	-2.391083	-2.7821515	-1.8126057	-2.6393082	-1.7642398
0.072341196	0.03673467	0.5172246	-0.119558	-1.4286582	-0.35093513	-0.26065573	-0.081355356	-0.8845091	-1.6414676
-1.6334018	-1.6771864	-0.99690855	-1.6222543	-1.6052368	-1.5070812	-1.3378499	-1.7157307	-1.9484396	-1.7907416
-1.3344496	-1.3796062	-0.8709955	-1.3577286	-2.0182233	-0.88200635	0.046775084	-0.4271953	-0.9253096	-1.4777716
-0.98575383	-0.57119346	-0.6244807	-1.0575478	-1.0047426	-0.1436496	-0.17106731	-0.055827547	-0.8923348	-1.7507894
-1.3583574	-1.4539226	-1.0953463	-1.2523586	-1.6852536	-0.797344	1.1769171	-1.4017204	-1.5515586	-1.4602345
-0.28555673	1.1812514	-0.02781275	-0.5537317	-0.8619579	-0.19178592	1.7375418	0.41947737	0.33490458	-0.8702007
0.69130987	2.3118277	1.1197109	0.43167782	-0.741863	0.14134815	1.3008571	1.1695806	-0.24937806	-0.9538753
-1.4132835	-1.1152213	-0.9162353	-1.4676584	-0.8121093	-2.112994	-1.4933244	-1.5792559	-2.5879111	0.23918591
0.8785022	0.6377939	1.3080574	0.62348324	-1.007694	-0.7673705	0.9043679	-0.70493776	-1.3344743	-1.2576084
1.2467757	4.8285017	1.0648916	0.72550404	0.24839571	0.35223728	3.2278945	0.7041958	0.51709986	-1.4196403
-1.0765495	-0.6767457	-0.6021627	-1.1015143	-0.2860545	-0.8054145	-0.013484439	-0.9226395	-0.8841544	0.06567979
-0.80312604	-0.67593837	-0.36353692	-0.861376	-1.2243692	-1.3134034	-1.2063327	-1.1153715	-1.0034672	-1.3964378
0.4831362	0.48300377	1.0586821	0.27094483	-1.3128701	0.3817736	1.1465685	0.7337449	0.18831408	-1.6784855
0.7151596	0.2601491	1.359561	0.5250151	-1.3726054	-0.25745815	0.32517222	0.043419927	-0.5767898	-0.44666567
-0.86890966	-1.0416622	-0.47760448	-0.9639096	-1.1262435	-1.3847597	-1.5525417	-1.2279295	-1.672932	-0.99155253
-1.5622672	-1.4558398	-1.018537	-1.5846623	-1.1918395	-2.1132329	-2.1814892	-1.596027	-1.3573693	-1.7083664
0.4156831	0.25242606	0.9597964	0.22357886	-1.3269622	1.6875464	0.33131367	2.8619046	0.9231822	-1.3442248
-0.68859386	0.124050826	-0.32382587	-0.8511382	-1.3459768	-1.6642004	-0.8511076	-0.57525736	-1.9921818	-1.5085661
0.34856	0.39751884	0.90588367	0.20903884	-1.2153738	-0.31841257	0.28498182	0.049817834	-0.942285	-1.3365129
-0.9957137	-1.1423075	-0.73586845	-1.000095	-1.1069152	-0.6893404	-1.3395959	0.2567176	-0.6847454	-2.193567
-0.45182455	-0.71650827	-0.023198277	-0.5433884	-1.2615702	-0.042336624	-0.39276528	0.15335332	-0.50956744	-0.5343688
-0.7795993	-1.3171782	-0.2787399	-0.7929731	-1.1454493	-0.6602805	-1.2807887	-0.47950998	-0.89264905	-0.61016625
-2.0155466	-1.6162721	-1.4432465	-1.9414545	-0.8674511	-2.0852456	-1.8355025	-1.2592851	-2.3046958	0.039601203
-0.38332292	1.2417715	-0.1832839	-0.6105231	-0.94927716	-0.99337375	-0.34577605	-0.47598195	-0.89703417	-0.99176574
-0.068099506	0.8925183	0.124731004	-0.30715322	-0.6930374	-0.4536596	0.9623003	-0.34923595	-0.35563573	-0.80730456
0.51705587	0.5814034	0.7711705	0.28304225	-0.8336148	0.20802918	0.18883756	0.19687138	-0.024716375	-0.6516878
-1.1710792	-1.4770387	-0.6764071	-1.144864	-1.4057678	-1.171373	-1.6559812	-0.89974296	-0.7132796	-1.8804591
-2.3767421	-2.1324613	-1.5239809	-2.2997499	-1.3932704	-2.2141929	-1.6309886	-1.6248069	-2.5907352	-1.1053796
-1.9865364	-1.9308738	-1.2494528	-1.9414194	-1.3731419	-2.2412355	-1.597116	-2.0902376	-2.3353753	-1.3157923
0.5995685	0.76699436	1.0952146	0.2840798	-1.4067366	1.0228701	1.8048738	1.7380921	0.4048426	-1.091348
-1.8256358	-1.3798566	-1.3022815	-1.8417542	-0.5709064	-0.9033829	0.07345962	-0.9594746	-1.5910435	-1.1733633
-2.0401106	-2.0866554	-1.3973658	-1.9401256	-1.7508312	-1.2333981	-2.0769863	-0.44108543	-1.5638417	-1.9949352
0.2347329	0.2927722	0.69181037	0.013478532	-1.4840695	-0.31034306	0.53083754	0.39016697	-0.4632593	-1.8431988
-0.9090616	-1.1166801	-0.42712507	-0.9381449	-1.338633	-1.3689654	-1.7183653	-0.94404095	-1.4308294	-1.3204011
-1.0255458	-0.955215	-0.56829214	-1.0614746	-0.90467274	-1.7658607	-1.5510387	-0.8293622	-1.7817277	-1.4346168
-1.4359292	-1.4223274	-1.0120374	-1.3904653	-1.3119105	0.32270977	0.75284106	0.46199653	0.045887206	-0.7470388
0.5061566	0.21175215	0.7981545	0.3625933	-1.0804164	0.33535647	1.2586162	-0.028409136	0.092470735	-1.3225377
-1.9080166	-1.9275901	-1.2399783	-1.857662	-0.9600717	-2.004695	-1.7576828	-1.4233143	-1.9055092	-1.0476531
-1.7180251	-1.7812141	-1.1030391	-1.702635	-1.7523217	-2.4456336	-1.5873299	-1.8096998	-1.9668497	-1.3868049
-0.93096936	-1.2991657	-0.5634544	-0.9754381	-1.4293003	-1.3840642	-1.3849411	-0.6236909	-1.332826	-1.9824705
-1.3389037	-1.4495816	-0.77146316	-1.3379176	-1.8304294	-1.6660258	-1.4126803	-0.24497975	-1.9121169	-2.0399582
-1.1765056	-1.5164312	-0.65715504	-1.2086382	-1.7557888	-1.4951066	-2.099878	-0.6988028	-1.6582549	-0.9743262
-1.290417	-1.1531076	-0.92397904	-1.319347	-1.1912822	-1.4109889	-1.0245091	-1.1679573	-2.4232097	-1.009804
-0.760626	-0.9206989	-0.356914	-0.8383728	-1.3700203	-1.1709632	-0.82882077	-0.8260702	-1.2188429	-1.4885135
-1.6590134	-1.7169092	-1.1608309	-1.585482	-1.7084261	-1.8985044	-1.8611795	-1.6167865	-1.3048178	-1.2936065
-1.5550877	0.25239244	-1.1616079	-1.763274	-1.616299	-1.8485863	-0.45581654	-1.327261	-1.9365448	-1.3721756
-0.91527015	-0.40228316	-0.6364757	-1.0350264	-0.560542	-0.9051239	0.3292273	-0.08020565	-0.7738053	-0.5543692
-1.3761319	-1.5485682	-0.6744801	-1.2806549	0.5366216	-2.0685928	-2.98722	-1.1704506	-1.9416875	-0.24270704
-1.0374097	-1.3721893	-0.43213418	-1.2135233	-1.6390067	-1.2499197	-1.3826246	-0.4886904	-2.0138762	-1.4446665
-1.638614	-1.5048122	-1.143361	-1.6379849	-1.2014081	-1.4562126	-1.308375	-1.9421426	-1.4818331	-1.0642799
1.1602421	0.9502902	1.5764915	0.94258666	-1.7364014	0.5776564	0.7730488	1.3677367	0.34938183	-2.0223963
0.44495198	0.4387795	0.9061506	0.31693065	-1.0583652	0.11764434	0.026164897	0.80835193	0.55180526	-1.1185418
-0.5705704	0.27447656	-0.102743536	-0.76314324	-1.3190025	-0.94483024	-0.11768621	-0.79196906	-0.9760104	-0.59361726
-1.832665	-1.8725325	-1.155849	-1.8310012	-1.6819752	-1.2655056	-1.0046965	-1.3280671	-1.8400915	-1.365484
-0.56635344	0.0010302663	-0.3038421	-0.67984253	-1.3277422	0.014941115	-0.36755854	0.040654853	-0.65522265	-1.6048942
-0.79729795	-0.7867079	-0.40672037	-0.84218884	-0.92859674	-1.4068394	-1.194619	-0.23783089	-1.1960891	-0.94732285
0.36592048	5.0722284	0.54770255	-0.24590202	0.07853478	-0.4714567	2.5478923	-0.64328814	-0.9489521	-1.4317497
-1.9104227	-1.849159	-1.2159792	-1.845309	-0.81721294	-1.8032039	-1.9143791	-1.2897042	-1.8685154	-0.48968023
-1.8572782	-1.7842226	-1.2655252	-1.7985601	-1.2997103	-1.9203793	-1.8487872	-0.84140754	-1.8719424	-1.2260996
-1.7397996	-1.8457578	-1.1758437	-1.6744682	-1.5614687	-2.0194016	-2.0115004	-0.9908723	-1.849649	-1.7030853
0.12278088	-0.13243559	0.6854435	-0.09844308	-1.4773906	0.53491825	0.14629567	1.301117	0.32454222	-1.3541046
-0.57329065	-0.7276542	-0.28883877	-0.6173137	-1.3670326	-0.9777243	-0.07161457	-1.0334618	-0.56550044	-0.07685062
-1.1474673	-1.3089108	-0.68700826	-1.1461028	-0.18532118	-1.274589	-1.6509551	-0.58909166	-0.81016904	-0.24238329
0.08064375	-0.124161884	0.52901626	-0.10041797	-1.4147525	-0.25728408	-0.037516233	1.1361926	0.39011088	-1.6228586
-1.2468128	-1.5574769	-0.7361828	-1.2750074	-1.4270021	-1.60636	-1.7015243	-1.3907088	-1.5019828	-1.7633122
-1.5548348	-1.2216688	-1.0986072	-1.5695151	-0.8871819	-1.6037034	-1.448265	-1.1090257	-1.8048283	0.17270851
-2.2128353	-1.6972097	-1.4296284	-2.1874251	-0.3948733	-2.2419453	-1.3561556	-1.7996137	-1.8406731	-0.48028257
0.15509853	1.3997177	0.8155979	-0.1180253	-0.82065636	-0.0673907	1.7311946	1.4326681	0.885229	0.1252526
-0.69228727	-0.3047643	-0.2567391	-0.8290393	-1.3272333	-0.46695673	0.29958713	-0.2496626	-0.6394126	-0.5860153
-1.7811652	-1.8199079	-1.1800898	-1.7467031	-1.2443131	-1.5597357	-1.6024994	-1.003392	-1.8672837	-1.5606304
-1.8555521	-2.048224	-1.2039211	-1.8033888	-0.79632187	-2.2561991	-2.5016334	-1.1568187	-2.8990638	-1.4228255
0.40057144	2.1718025	0.67974806	0.011196166	-0.30626556	0.9047997	2.0405705	0.58791864	-0.39157042	-0.8051728
-1.7297308	-0.54330814	-1.4351145	-1.7264277	-1.5135852	-1.6454343	-1.1894219	-1.3008448	-2.5351415	-1.032078
-0.97448176	-1.0110005	-0.52359474	-1.0094243	-0.61118805	-2.0414183	-1.6903205	-1.1441201	-1.1937034	-1.4147713
0.56914884	-0.649361	0.98356545	0.34638095	-2.0485587	1.1826572	-0.19056003	1.8769702	0.8755067	-2.3260665
0.33643338	-0.11677307	0.73667264	0.11496951	-1.2955736	-0.18249491	-0.43807468	-0.6070028	-0.19087091	-1.1369442
-0.04023353	0.35921684	-0.033536255	-0.12932865	0.46157607	-1.3856333	-1.5097319	-1.5848627	-1.4819967	-2.5582154
-1.19066	-1.2453401	-0.69076467	-1.2504078	-1.3578789	-1.7046499	-1.4089903	-1.4438553	-1.8649215	-1.4756427
0.051322676	1.4614978	0.13433959	-0.24064977	-0.43775684	-1.1468842	0.84614706	-0.21061552	-1.8036863	-1.2005074
-1.3791801	-0.9265976	-0.9421071	-1.4254968	-1.56037	-1.4150509	-0.8344895	-1.2090043	-1.661717	-2.2046957
-0.57243615	-1.0755855	-0.21090034	-0.7177274	-1.5762873	-0.5497644	-0.6528188	-0.5555859	-0.26060954	-0.7031125
0.48545566	0.7521645	0.8040079	0.250534	-1.0821917	-0.08454197	0.016048495	1.0446807	0.7829138	-1.320527
-0.57513183	-0.52204436	-0.22303462	-0.6233336	-0.82154274	-0.19771488	6.385514e-05	0.30414432	0.015663758	-0.08373625
-1.7940239	-0.3778548	-1.4325498	-1.8037038	-0.9707657	-1.917331	-1.0894129	-1.7853003	-1.8693902	-0.60613716
-0.6671428	-1.642057	-0.34513983	-0.71212554	-1.4432483	-0.7767342	-1.7125665	-1.0135831	-0.92470646	-1.9427671
-0.22596937	-0.2514094	0.26437026	-0.4037948	-0.6829423	-1.46923	-1.4705108	-0.9860511	-1.4233339	-0.75118303
-1.4194143	-1.5111281	-0.8803537	-1.4236536	-1.3840966	-1.1407301	-1.737885	-1.1664283	-1.2960123	-0.7408073
-1.1075468	-1.4222926	-0.8332288	-1.1631166	-2.6792586	-0.04400315	-0.009972115	-0.091427974	-0.9341272	-2.4033778
0.42220768	1.7782476	0.30846643	0.14658703	-0.023892313	0.018802406	1.2481291	0.35701913	-0.4943283	-0.91297734
-0.8137431	-0.9807615	-0.37644663	-0.92010254	-1.5516647	-0.5493265	-1.4632884	-0.905971	-0.8694623	-1.3737144
-1.3963149	-0.5954721	-1.0188074	-1.4311221	-1.0584273	-1.0857971	-0.32154632	-1.025052	-0.73215497	-0.6774652
0.5155325	2.674454	0.8522229	0.17713617	-0.8348137	0.41278723	2.459208	0.56010187	-0.0434868	-1.0538892
-0.30093923	0.23236904	-0.008717418	-0.31817466	-0.46948636	-0.7352021	0.10035313	-1.0655208	-0.49220377	-0.9394504
-1.7478939	-1.9027781	-1.1201077	-1.7253872	-1.3701457	-2.3717685	-2.5545273	-1.4588412	-1.993774	-1.6371772
-1.2346005	-1.1319036	-0.7849468	-1.2513452	-0.7856345	-2.2777064	-1.7774438	-2.9036157	-2.145784	-0.025945853
-1.1608785	-1.3753589	-0.6953285	-1.1527319	-1.2726817	-1.2759541	-1.8157212	-0.8261424	-0.59183455	-1.6195992
-1.8651513	-1.9448591	-1.2255841	-1.8420172	-2.0039735	-1.5526336	-1.7333456	-1.1207457	-1.558993	-1.3946276
-1.6297555	-1.6122742	-1.103822	-1.5831568	-0.9928497	-1.8198893	-2.0186024	-2.1025193	-2.4174602	-1.1228627
-1.4339721	-1.7157886	-0.9181448	-1.3885641	-1.671584	-1.6649839	-2.8022475	-1.4031811	-2.2654614	-1.6899675
0.45549652	0.66306376	0.78097117	0.21298067	-0.78538984	0.04336138	-0.4248268	0.5655067	0.40602687	-1.2559851
-1.5384331	-1.4304857	-0.9746715	-1.546792	-1.4916743	-2.398174	-1.9971538	-2.696085	-2.4652052	-1.8768281
0.9632469	2.0053	1.38645	0.6452355	-0.8728194	0.5039662	2.4390705	0.6621166	0.2585329	-1.078801
-1.4669737	-1.5407662	-0.97911644	-1.4468445	-1.3508931	-1.7918357	-2.1255565	-1.0943584	-1.6732075	-1.6035225
-1.2966294	-1.4059004	-0.89870477	-1.2558324	-1.6968362	-2.726824	-2.023353	-2.0296085	-2.5160627	-1.7419182
-2.1635346	-2.2070084	-1.3813677	-2.1313639	-2.15517	-2.3060887	-2.0450964	-1.5686388	-2.6926458	-1.963464
-1.3684877	-0.50657153	-0.92605674	-1.4737941	-0.41961482	-1.0216776	-0.21788384	-1.1768855	-1.4634248	-0.5304254
-1.8911523	-1.9044951	-1.2417008	-1.8531073	-1.0046273	-1.4566168	-1.8196409	-1.0229373	3.0882828	-1.0806478
-1.2188886	-0.40463743	-0.6992289	-1.281042	-0.13024831	-1.2961439	-0.7357795	-0.6632751	-1.6606272	0.16413394
-0.67832154	-0.8946458	-0.37578788	-0.7740669	-1.2815436	-0.90045255	-0.8286991	-0.3116947	-1.521587	-1.0272802
-2.023356	-1.919271	-1.3080621	-1.9935927	-1.29133	-2.1624053	-2.0584588	-1.5194817	-2.0815215	-0.9883113
-1.4120022	-1.1322554	-0.98083174	-1.495486	-1.073805	-1.9624026	-1.910682	-2.2027345	-1.8856741	-0.4918021
0.4762952	0.28807685	1.1089002	0.24397121	-1.1745787	-0.53734976	-1.1564941	-0.23606642	-0.06676804	-1.0864928
1.3540549	1.2189082	1.6178812	1.0512534	-1.1244714	0.6164823	0.080078274	1.4664805	0.32154173	-1.113978
-0.42209378	-0.7201147	0.043253556	-0.5647196	-1.1869692	-1.0071446	-1.4960154	-0.6312571	-1.9627678	-1.5607878
-0.3986418	-0.7507976	-0.017981708	-0.47802353	-1.1888022	-0.41109192	0.07459489	0.32297903	-0.44046882	-0.47631925
-1.2062569	-1.2623723	-0.7177129	-1.2927593	-1.483912	-1.6809981	-1.0989145	-0.09977615	0.43656722	-2.0947669
-1.6079618	-1.7519294	-1.0480006	-1.6123762	-1.8745964	-1.9435724	-1.9725143	-1.4672846	-1.6472902	-1.5146807
0.047208093	-0.26763174	0.38670203	-0.061693087	-1.0026606	-0.8329127	-0.53979594	-0.25963867	-1.4294556	-0.6411616
0.47777054	0.34857228	1.1876448	0.22955601	-1.601175	0.8265083	1.4955416	1.514689	-0.17131995	-1.5491003
-1.7276984	-1.8242509	-1.1139091	-1.713966	-1.7833675	-2.2626762	-2.4301715	-1.314992	-2.4090528	-2.0277946
-0.16167405	-0.11708689	0.38699937	-0.3240047	-1.344113	0.04187685	-0.047980282	0.55921316	0.050413344	-1.1103811
-1.6575692	-1.4485613	-1.1590835	-1.6773959	-1.762657	-2.1612403	-2.1068778	-1.4457994	-2.4045315	-1.8649421
-0.73151165	-0.6560902	-0.2796794	-0.83282715	-1.1884716	-0.9685182	-0.8946014	-0.2931915	-0.9518775	-0.58359194
-1.1286757	-1.4057211	-0.62944925	-1.1915404	-1.6311544	-1.0786313	-1.3877105	-0.6532149	-1.1077297	-1.477431
-0.41083792	-0.5464269	0.035752922	-0.5418635	-1.3101192	-0.634086	-0.9623774	-0.119459115	-0.47181872	-1.0766586
-1.3761977	-1.3750226	-0.9148232	-1.3549416	-0.50769573	-0.3603355	0.5292999	-0.12560424	-0.7326198	-0.5816417
-0.0458759	0.17628834	0.37904555	-0.27212662	-1.2823892	0.1918385	0.25573823	0.74600023	-0.1633284	-1.3231443
-1.6071272	-1.5502275	-1.0702391	-1.5668721	-1.2337916	-0.27654874	-0.10519028	0.24307497	-0.66526616	-1.015387
-1.5065815	-1.4038669	-0.3853911	-1.4207225	0.4842908	-2.271489	-1.9502114	-0.9536857	-2.3842676	-0.26390934
0.32047245	0.38762507	0.6402954	0.15326194	-0.7805346	-0.48204347	0.36546832	0.15821879	-0.06989872	-1.2491047
-1.7564981	-1.6868936	-1.1567786	-1.7487978	-1.4867574	-2.1534111	-2.0097778	-1.2899672	-1.9897984	-1.4203223
-0.006510474	3.426436	0.10386184	-0.49553275	-0.6981007	-0.43953	3.6059215	-0.1291969	-0.5067662	-1.1775916
-1.4459989	-1.4126556	-1.0132704	-1.408449	-0.6559807	-1.9461917	-2.6122394	-1.3881942	-1.8428067	-1.0095792
-0.99946433	-0.5296923	-0.70325005	-1.0382698	-0.58148545	-1.5305669	-1.1268226	-0.90435797	-1.8547944	-1.1783683
-0.8797081	0.22249314	-0.75688136	-1.0258054	-1.1474651	-1.6133273	2.45464	-0.93599916	-1.0733341	-0.2511241
-0.14477572	-0.2484361	0.3945348	-0.26960438	-1.1585906	0.23381089	0.36374947	0.43446603	-0.251622	-1.1487507
-0.74517196	-0.4626617	-0.44492075	-0.81741756	-0.9872521	-0.9511303	-1.0297662	-0.9758218	-1.0326383	-0.7046772
-0.6873402	-1.3811585	-0.36502144	-0.74856395	-0.95420766	-1.5280836	-1.7955518	-0.75479066	-1.2634181	-0.80080926
0.07491275	-0.11007905	0.04832259	-0.097210184	-1.7445782	-0.8131238	-1.6341417	-0.5222316	-1.0781553	-3.8103747
-0.21271285	0.43853047	0.22481298	-0.39025724	-1.448413	-1.346465	-0.14809257	-0.43136823	-0.66538787	-1.6755543
1.1337024	1.2966342	1.8133789	0.92556083	-1.225946	1.33029	2.0383995	1.5619793	0.068017736	-1.072281
-1.3276185	-1.0962607	-0.8318651	-1.3886487	-0.95737636	-1.4793543	-0.92812026	-1.1255126	-2.2382736	-0.85789925
-0.038857616	-0.063379884	0.19585374	-0.14787717	-1.1265115	-0.32801756	1.0209857	-0.8837824	-0.81268865	-0.93546045
-0.53083044	0.095914155	-0.20763966	-0.73631006	-0.8806269	0.08314628	-0.024858853	0.08429523	0.11413118	-1.087723
-0.027627744	-0.80800486	0.45984998	-0.13637216	-1.2984549	0.5154195	-0.0051989914	0.7167752	0.11277349	-1.3070307
-0.11098013	-0.21205774	0.22280714	-0.19349821	-0.63390374	-0.8262028	-0.08616099	-0.48903495	-0.55544895	-0.6395839
0.70667785	0.78966844	1.1605731	0.4418229	-1.3452451	1.073205	0.85085183	1.5059276	0.9748417	-0.9679685
0.40113184	0.13583323	0.71028244	0.14564233	-1.2340395	-0.879816	-1.6423242	-0.18655394	-0.00920212	-1.3991792
0.9355729	0.8662251	1.4754621	0.6626559	-1.3432893	0.6304735	0.18650554	1.1303815	0.6834618	-1.5871358
-0.9321349	-0.6846709	-0.7642472	-0.97611207	-0.84924376	-2.0094323	-1.6829398	-1.2567046	-2.104461	-1.5022647
-1.180929	-1.2138022	-0.7341714	-1.1692455	-1.1680958	-1.466505	-1.6370715	-1.8551347	-1.4585862	-1.6646639
-0.11689431	-0.60741365	0.33112347	-0.30704346	-1.446802	-0.71079254	-0.89099497	0.006077894	-0.6888918	-1.399429
-1.7324628	-1.7445396	-1.1825174	-1.6752516	-1.3179145	-1.570421	-2.3098702	-1.1554005	-2.3960512	-1.6146429
0.053256966	0.45763376	0.38655815	-0.046902984	-0.0017437339	1.0153239	0.9656256	1.0954735	0.85707283	0.16577604
-0.7561814	-0.52486193	-0.36454883	-0.91980606	-1.3689998	-0.7499831	-1.2059381	0.08856552	-0.72922087	-2.321935
-0.35525766	-0.13776496	-0.031757683	-0.5210166	-1.4868642	-0.07110005	0.4633856	0.2889301	-0.58827317	-1.0396355
-1.0052786	-0.6940719	-0.65643275	-1.0873495	-0.899441	-1.6474375	-1.1246016	-1.2273465	-1.5502417	-0.8524083
-1.8268543	-1.954978	-1.1885577	-1.7414095	-0.91393757	-2.0923638	-2.263836	-1.7985585	-2.6032863	-1.4412876
-1.7181212	-1.5778623	-1.1661748	-1.6651152	-1.2161239	-2.697042	-2.9557471	-2.674901	-0.8310515	-1.1540841
0.66621935	0.6980661	1.2380804	0.3707897	-1.3745508	0.726394	0.7248533	1.684956	0.10306688	-1.3775662
-1.6990134	-1.7484701	-1.1409352	-1.6607463	-1.620545	-1.6800724	-2.249322	-1.4091828	-2.7235382	-1.1828259
-1.3363714	-1.4552306	-0.84028316	-1.3608475	-1.3370126	-2.0151253	-2.1175346	-0.9006875	-1.8827804	-1.2304206
-1.508035	-1.3954221	-1.0322573	-1.4877399	-1.1073024	-1.2181622	-0.71001005	-0.66365516	-1.3989265	-0.43632954
-2.1879349	-2.1619222	-1.5042912	-2.0807269	-1.6163213	-2.2553537	-2.6644118	-1.5109851	-2.1596587	-1.6249807
-0.15533885	0.39546743	0.18168399	-0.43024445	-1.4296461	-0.6421802	-1.1394545	-0.9725659	-0.6092219	-1.2548274
-0.6584093	-0.7343372	-0.30147466	-0.78462917	-1.1659621	-0.06962955	-0.47093695	0.4737913	0.26071674	-0.88633585
-1.5278713	-1.4977021	-1.0843598	-1.5069388	-2.4969823	-0.08430751	-0.31008855	-0.33444977	-0.38036212	-2.4729712
-1.8968047	-1.9586369	-1.2875384	-1.7825658	-1.3399724	-1.8872546	-2.0299685	-0.65076166	-2.3573692	0.004386176
-1.5461732	-1.50852	-0.95549417	-1.5379963	-0.83013713	-2.151161	-2.4261036	-1.6883423	-2.3851352	-0.7868309
-2.246431	-1.8581932	-1.420496	-2.228795	-1.4999148	-1.709419	-1.677216	-1.1121097	-1.246533	-1.1247498
-1.374211	-1.5718746	-0.8615763	-1.3466988	-1.1664313	-1.7471937	-1.8533599	-1.551212	-2.0409672	-1.1767007
-0.20384786	0.10590419	0.20425394	-0.3485025	-1.1799842	-0.82644695	-0.7786782	-0.29366693	-0.545128	-1.3948226
-0.72715014	-1.3456573	-0.33706412	-0.7374135	-1.6057974	-0.47479662	-1.2797982	-0.63559324	-0.42817315	-1.7050647
-0.93255234	-1.0184417	-0.4550282	-1.0102376	-1.6013542	-1.2728235	-1.0940294	-0.5143209	-0.8020487	-1.208763
0.65966755	-0.43282264	0.78650844	0.4574769	-1.7205585	-0.19743213	-1.2446142	0.6040841	-0.42651582	-1.7973273
-2.1259305	-1.836549	-1.4743938	-2.0616524	-1.0422294	-2.7176678	-2.362866	-1.3521929	-2.7951744	-1.3730745
0.43799356	0.44567057	1.0325269	0.25421715	-1.2728493	-0.47141793	-0.0019102246	0.4056099	-0.6189093	-1.2333628
0.009618364	-0.36442947	0.34291285	-0.1663595	-1.2696769	-1.1318622	-1.5248218	-0.74063534	-1.0374388	-1.5197912
-0.5221835	0.17228025	0.3562278	-0.9176434	-1.9938058	1.7008457	0.9136937	0.964728	1.340315	-2.4221416
-1.2345884	-1.4179355	-0.730976	-1.2519931	-1.1859854	-0.79297054	-1.4272846	-0.9466665	-1.1593475	-0.93523353
0.614351	0.7641125	1.2650951	0.37337416	-1.4553506	0.33156025	0.59981036	1.645082	0.8719236	-1.2615129
0.60444945	5.9336424e-05	0.6768315	0.30912107	-0.8462708	1.4617167	2.6613874	0.8194464	0.8800028	0.20065501
1.3297552	-0.19856194	1.2551059	1.0541955	-1.20547	-1.5250237	-1.812034	-0.93561053	-1.7246665	-1.5349563
-1.5562948	-1.5348152	-1.0343692	-1.5464516	-0.9921192	-1.7210482	-1.0926061	-0.86037385	-0.9411162	-0.97402805
-0.42149448	0.1309981	-0.05858633	-0.60343385	-1.3729738	-0.14579757	0.50316507	0.22370577	-0.13971896	-1.3162414
-1.1905032	-1.1647393	-0.7457166	-1.1862091	-0.8489697	-1.272118	-1.5647359	-1.134277	-1.2241588	-1.125567
0.19442278	1.9835031	0.1057401	-0.014681965	0.59652615	-0.2084667	1.5383469	0.5306558	-0.6132438	-0.69347286
-1.744098	-1.612157	-1.1539794	-1.8054116	-1.1509292	-2.2031448	-2.239175	-1.2543112	-1.7176554	-0.87280804
-1.8059497	-1.8672494	-1.2048943	-1.7745221	-1.6806314	-1.6152818	-1.6291215	-1.2043653	-1.5539929	-1.6468476
-0.92559105	-0.9232007	-0.52101314	-0.9821913	-1.0956802	-1.1319795	-0.54588467	-0.7216332	-0.93010837	-1.1903687
-1.2469275	-1.4328086	-0.7662878	-1.2471213	-1.6983055	-1.3449956	-1.8323458	-0.72352314	-1.6178063	-1.7346094
-0.34424105	-0.69938946	0.07017325	-0.46469128	-1.3210819	-0.6766654	-0.97068834	-0.3896122	-0.2579133	-0.9689795
-0.3784561	-0.7297429	0.06684418	-0.48407656	-1.5201807	-0.5804408	-0.9646205	0.4361497	-0.90533245	-1.3159283
-1.7707286	-2.025392	-1.1452318	-1.7326015	-2.37346	-1.4609123	-1.9389839	-0.475108	-0.8134742	-3.5619318
-1.5874697	-1.8818549	-1.0160959	-1.586184	-1.8440363	-1.5162894	-1.5694728	-1.0750202	-1.6798915	-1.4066873
0.079966925	0.6524749	0.530743	-0.14803025	-1.0934829	0.016365767	0.68968755	1.7786093	-1.0913168	-1.8897191
-0.9463245	-0.6950246	-0.4213386	-1.057568	-1.0962934	-0.6952385	-1.046481	-0.93630254	-1.2684916	-1.177428
0.32208142	-0.05006334	0.7966585	0.089325026	-1.5135235	0.7006286	0.030700536	1.182012	0.5798822	-1.3308767
-0.023555353	2.4965386	0.3447945	-0.46450478	-1.5373853	-0.31964716	2.2168114	0.16466802	-0.38379806	-1.5688857
-0.2839343	2.1204433	-0.051192135	-0.6932833	-0.9087411	-0.19162337	1.9701774	-0.1634054	-0.6035167	-0.83882505
1.8885422	2.9506745	2.0906148	1.4218044	-0.889603	2.1837003	2.105475	2.0006735	1.0256691	-1.4183742
-0.52608764	-0.8094553	-0.0509893	-0.6171442	-1.284235	-1.0488992	-0.7369109	-1.1104491	-2.3372433	-1.852306
2.147379	2.2571616	2.3658292	1.8267295	0.3876672	1.8246737	2.2119648	2.12979	0.97009933	0.33718476
-2.126564	-1.7054362	-1.4152534	-2.0915034	-1.3113794	-1.8703394	-1.684402	-1.3207296	-2.4398005	-1.6053963
-0.817053	-0.7620741	-0.412343	-0.94751203	-1.5504974	-1.5832291	-0.6335359	-0.9268848	-1.3986717	-1.9106361
0.29010004	0.63525856	0.4690287	0.14397655	-0.5852815	1.1519958	0.6978145	1.2943307	0.78951246	-0.7989337
0.28084677	1.3469733	0.6523787	0.028679073	-0.8833735	1.1996062	2.2536209	1.3164847	1.035379	-0.30833563
-0.40940616	0.46728852	-0.16041028	-0.718609	-1.4114568	-0.4293453	0.119889654	-0.20151088	-1.571986	-1.4190999
0.14054647	0.19784775	0.64614576	-0.09316392	-1.4967614	-0.07483856	-0.42966068	0.29613867	-0.062303565	-1.7649832
0.43687508	1.4907286	0.8665098	0.14041142	-1.0831207	0.009665326	1.4095365	0.92500615	0.15344442	-0.9838451
1.1017067	0.5274445	1.6188138	0.8314184	-1.5364271	0.8960822	0.5566957	1.4506567	0.41394418	-1.2466629
-0.7916357	-0.048012704	-0.45974275	-0.9436352	-0.8298279	-1.6462078	-1.4445697	-1.4774216	-2.9669366	-1.5347462
-0.15041208	-0.17058757	0.23606417	-0.292212	-1.2377694	-0.73322463	-0.5015499	-0.20661972	-0.8099612	-1.8064967
-0.25085992	-0.108839154	0.22287323	-0.4430017	-1.1653914	-0.5183698	-0.6604897	0.19141859	-0.6823157	-1.2668189
-1.4976239	-1.2817966	-1.0202562	-1.5059747	-1.21705	-2.136611	-2.2630033	-1.4253757	-2.1513195	-0.998943
-0.5063738	-0.4241116	-0.10884276	-0.6937684	-1.3913137	-0.73821485	-1.1147274	-0.6058828	-1.0563822	-1.5757601
0.15705928	0.22583434	0.7106652	-0.06247288	-1.3128086	0.12318183	0.07781242	0.7523023	-0.24024248	-1.1578581
0.119734935	-0.19057004	0.7278522	-0.13310531	-1.7294976	0.007223031	-0.28463587	1.0365083	0.18323882	-1.9696475
-1.5937722	-0.7900541	-0.9600388	-1.7341751	-2.0633724	-2.489904	-1.9068209	-1.5739208	-2.4214995	-2.3907516
0.7522153	2.3787673	1.2268339	0.49515945	-0.43128327	-0.078841284	1.1589054	0.74291575	0.78817916	-0.77692175
-2.1524296	-2.0603101	-1.3528775	-2.0924697	-0.8058455	-2.4547462	-2.02144	-2.0623345	-2.0478382	-0.85745794
-1.5034299	-1.6074097	-0.9051275	-1.4963863	-0.9872782	-1.7713178	-1.6121105	-1.1669015	-2.1686158	-1.3064516
1.0495294	1.6536543	1.3077458	0.8332825	-0.7793112	1.0156132	1.1028159	1.4946663	0.6907543	-0.84225523
1.4565525	1.4777365	2.161751	1.273854	-0.18957433	-0.11507767	0.8434966	0.8264381	0.47879043	-0.27054492
1.3904481	0.09329677	1.6085591	1.1188812	-1.4714059	1.8308977	-0.9612554	1.1094304	0.9596369	-1.2335427
-0.20594582	-1.0530726	0.33182925	-0.3205757	-1.4167302	-0.53855705	-1.2687963	-0.07932263	-0.7719009	-1.6721851
0.5593763	1.8112423	0.92837715	0.26004082	-0.9156805	-0.68537223	1.3199443	-0.8281244	-1.2423701	-1.5257212
0.7787172	0.84162366	0.9089494	0.50535375	-1.4053768	0.22733386	-0.63185894	0.34063214	0.020457488	-1.4608552
0.49039987	1.6377223	0.9802586	0.13030814	-1.1221305	0.025354045	2.8112867	0.24430594	-0.12282172	-2.106536
-0.3931205	0.008628219	-0.017920136	-0.50067866	-1.2072667	-0.71463954	0.39416587	-0.2806761	-0.67568934	-1.5067804
-1.8577497	-1.8649044	-1.2393914	-1.823117	-1.552801	-2.104957	-1.6851248	-1.4892828	-1.3991872	-1.3275762
-0.6345466	-0.29691553	-0.31720492	-0.7842069	-1.099614	-0.7961582	-0.7069689	-0.4341772	-1.1895155	-0.59788954
1.9157871	2.5851974	2.110505	1.484083	-0.7777742	1.2895839	1.8022857	1.8248377	1.067512	-0.9825452
0.24595681	0.30652085	0.84165084	-0.06690371	-1.3140354	0.2517927	-0.2025377	0.8931458	-0.26754183	-2.1992934
-1.4383658	-1.4723587	-0.89420545	-1.4557759	-1.5955557	-1.019832	-1.2100803	-1.0115209	-1.2042964	-1.8627241
1.6977952	2.0175288	1.7906001	1.3624349	-0.42430797	0.72862226	1.7129536	1.0284265	0.1352073	-1.1140342
0.5130573	0.21970516	0.9537662	0.3190443	-1.4047681	0.7914378	0.39305723	1.126812	0.7697556	-0.7357097
0.49722365	-0.0236274	0.92076933	0.2870776	-1.5763141	0.97173226	0.45752454	1.0644671	0.843892	-1.3986206
-1.7291958	-1.6505172	-1.2712827	-1.7196018	-1.6058203	-1.3998475	-0.18183199	-0.5671078	-1.4808651	-0.7911676
0.013805129	0.18226787	0.4932373	-0.19132842	-1.3660904	0.02134172	0.86101556	0.6630712	-0.56002456	-1.2653389
0.48493823	0.1375471	1.2210875	0.256652	-1.3878663	0.6324872	0.492909	1.2298486	0.42801398	-0.5520642
0.7792132	0.30204222	1.3504032	0.5612704	-1.0702478	0.13050959	-0.4312345	0.76471126	-0.20491862	-1.3927428
0.22107646	-0.0036150664	0.72223485	0.07023899	-1.4079759	0.3097078	0.07483046	-0.7724886	-0.47734106	-2.7952285
0.68763155	1.158673	1.1311005	0.43919563	-1.182553	0.5309342	0.9059881	0.91926205	0.12609673	-1.0890408
2.8824024	1.8578532	3.1320071	2.5985646	-1.1369033	2.3409352	1.3232932	3.0243554	1.702802	-1.1356081
0.86792123	1.0411538	1.2253524	0.5002738	-1.4580809	0.18948315	0.91230744	0.12845671	-0.6997335	-1.9577645
0.41993007	0.03834179	0.93970156	0.21662925	-0.8456185	0.016630363	0.47657165	0.66248345	-0.83875	-1.1516136
-0.19936594	-0.51755905	0.44551602	-0.4387421	-1.422392	-0.28613254	0.07632317	0.025394822	-0.69118845	-1.5440669
-0.34041026	-0.18211582	0.109063625	-0.51707953	-1.3425657	0.14626954	0.18314913	0.42837033	-0.59449756	-1.1838042
-0.2166076	-0.30116066	0.1370304	-0.36208522	-1.5298885	-0.80164766	-1.2966188	-1.0766048	-1.1142725	-1.7662935
-1.1933906	-1.3154835	-0.61267257	-1.2490952	-1.7721533	-1.4887781	-1.5122681	-1.0790226	-1.5912849	-2.365114
0.31852603	-0.4248668	0.47183573	0.24346517	-0.0069705546	0.45947084	-0.385203	1.2662855	-0.8664154	-0.50031424
0.867305	2.219963	1.1662152	0.5758167	-0.94721425	0.86476386	2.3911805	1.11111	0.251685	-1.4720339
0.5907203	0.08523318	0.8698878	0.38845807	-1.6653025	-0.19113968	-1.49394	0.6951125	-0.82768893	-2.9647017
-0.23513779	-0.21796629	0.06654096	-0.40484732	-1.4352064	-1.0436915	-0.35111266	-0.63721293	-1.3278966	-1.6006421
-0.4062371	-0.9689201	0.0037952662	-0.41990864	-0.9755591	-0.75520915	-1.5207759	-1.107413	-0.7175383	-1.4762526
-0.9576197	-0.99258554	-0.45319328	-1.0577006	-1.1491791	-1.5461949	-0.22787243	-0.8955092	-1.9870433	-1.5455648
-0.43403712	-0.63097405	-0.06962791	-0.47659427	-1.3960923	-0.43615994	-1.0314119	0.46178886	-1.643585	-2.00604
0.55334765	-0.69932795	0.8438908	0.38028777	-1.4960623	-0.44768125	-1.0167286	-0.49073052	-0.060280435	-1.3708311
-0.8397638	-1.1088715	-0.488749	-0.91065323	-1.4101087	-1.0742037	-0.02268398	-0.4148452	-1.3295776	-0.59360856
-1.1513081	-1.0373573	-0.6919416	-1.240438	-1.7492784	-0.5629448	-1.1506176	-0.22234951	-0.40118438	-1.8963923
0.038970165	-0.25109303	0.44517133	-0.13548934	-1.3262187	-0.60432655	-0.18542261	0.3084495	-0.8983445	-1.1135492
-1.3227623	-1.1042483	-0.857785	-1.3393656	-1.0637782	-2.048161	-1.6930507	-1.4976752	-2.5622616	-1.5264152
-0.019057658	-0.48963535	0.3916853	-0.27211437	-1.5853355	-0.26223385	-0.713969	0.20406756	-0.15030749	-1.5848267
-0.5318063	-0.7479787	-0.08703348	-0.63506156	-1.4516901	-0.55233896	-0.117521584	-0.031621903	-0.9759368	-1.3347448
-0.61769205	-0.54367244	0.06149736	-0.7683296	-1.3671103	-1.7011396	-1.5189002	-0.65235	-1.3486814	-2.0906677
0.32543945	-0.025742948	0.8123801	0.12778096	-1.4104995	-0.5077902	-0.85349095	0.3566533	-0.35245404	-1.7974131
-1.5673865	-1.7813566	-1.0473348	-1.540946	-1.4213594	-1.3594719	-1.6747535	-0.9324737	-1.7141123	-1.5065777
-2.20206	-2.0805664	-1.421605	-2.1495695	-1.4722553	-2.4253917	-1.8955885	-1.2391375	-2.6087298	-1.4076632
-2.0133421	-1.9565787	-1.3356252	-1.9622662	-1.6047173	-2.6538346	-2.3293529	-1.451873	-2.5601041	-1.5102217
-1.1839261	-0.43413964	-0.7613163	-1.376207	-1.7235624	-0.5110788	0.0019121688	-0.054482546	-0.7671668	-2.5501347
-1.1373508	-1.2817923	-0.6503024	-1.1764821	-1.3911107	-1.039948	-0.8551274	-0.4803816	-1.2903323	-0.84564567
-0.6870663	-0.5982141	-0.16083762	-0.83652824	-1.4969684	-0.7847392	-0.41798216	-0.09404314	-1.4163609	-2.2218924
-0.639738	-0.425948	-0.36878327	-0.8136198	-1.2217762	-1.5391121	-0.45647508	-1.496644	-2.2634647	-2.0124862
0.52553296	0.905337	0.64742136	0.25811458	-0.97343063	-0.5615595	-0.015229812	-0.6053537	-0.7078762	-1.2305255
0.28566667	0.8555969	0.66188836	0.021146253	-1.1410365	-0.20624149	1.0171365	0.2695045	-0.4740842	-1.0580624
-1.702139	-1.7212887	-1.090812	-1.6886162	-1.2723771	-1.7152164	-1.7861463	-0.9443129	-0.87005275	-1.1100422
0.15544912	-0.52971816	0.70981	-0.0065048486	-1.1917505	-0.11979524	-0.8754801	-0.39920256	-0.13480085	-0.8891621
0.42816037	0.11216414	0.9897288	0.22294347	-1.3803414	-0.17437623	0.93627053	-0.084534585	-0.9627679	-1.0151253
0.41574368	0.27082154	1.0396134	0.16688393	-1.4291116	0.25022873	0.657193	0.13151698	0.19961147	-1.2685884
-0.53305787	-0.5493196	0.08762792	-0.64138395	-1.5974993	-0.21377288	-0.6986847	0.1361414	-0.5435996	-1.5122507
1.5906612	2.7285876	1.7254719	1.3073789	0.48576525	1.2291808	2.8658495	1.3645421	1.1388458	0.18922812
1.6511277	0.84447646	2.2154222	1.4108588	-1.054775	1.1903148	1.1991725	1.6985118	0.6194404	-0.9056323
-0.26691216	-0.2938537	0.102906466	-0.4396069	-1.4947678	-0.8280897	-1.049975	-0.70988905	-0.70460695	-1.3352911
1.0382042	0.7808087	1.5386131	0.8023958	-1.2732247	1.7154356	2.5242577	2.4953117	1.7294562	-0.9684432
0.0972547	0.43102178	0.5974604	-0.13536811	-1.2777396	-0.23178363	0.38362184	0.077848725	-0.14052784	-0.909498
-1.7890908	-1.8959571	-1.2298682	-1.7394646	-1.3773692	-2.469125	-2.7194724	-1.4036286	-3.0214725	-1.6475765
-0.44992974	-0.5359603	0.0075003803	-0.5999799	-1.6476161	-0.6508794	-0.65699035	-0.28937143	-0.86955786	-1.4201277
-0.34829977	-0.4304796	0.0823078	-0.50228536	-1.1256992	-0.6450672	-1.1065712	-0.71591073	-0.5391686	-1.1939888
-0.03858354	1.0793805	0.159073	-0.32598445	-1.2119929	0.5019613	-0.04486475	0.5573492	0.0905639	-1.1221334
0.1521098	0.46484402	0.7115183	-0.06611304	-1.3452212	-0.4037866	-0.3732171	0.11343604	-0.39908856	-1.4143846
-0.496074	0.28867975	-0.23208436	-0.6769265	-0.860785	-1.2249726	-0.7437495	-0.5412817	-1.1747577	-1.3063565
-0.44923607	-0.30266148	0.017349362	-0.55876863	-0.9811127	-0.9657262	-0.105118476	-0.44790667	-1.282515	-1.2191113
-1.6642662	-1.7435195	-1.1023834	-1.64503	-1.5373634	-1.525964	-0.7850097	-1.1588941	-2.129478	-2.2863536
-0.6112138	-0.27453765	-0.2922763	-0.7607206	-1.2815114	-1.5046495	-0.85929734	-0.58321387	-1.678597	-1.7263178
0.15387481	1.5249145	0.17740989	-0.252914	-1.4614614	-0.803869	0.11818036	-0.35773665	-0.634837	-1.8650256
0.7134632	0.59680486	1.0728651	0.44769752	-0.83411044	-0.87020105	-0.32124493	-0.69832224	-1.8391956	-1.5725276
0.5086372	1.1353455	1.0371878	0.20646815	-1.2016037	2.9209964	2.6105807	2.7576356	2.877524	1.5081578
0.3574996	-0.24986814	0.7213419	0.19701748	-1.3559362	-0.27310368	-1.079239	-0.10040041	-0.18531515	-2.8009036
-1.2361541	-1.4377457	-0.68083394	-1.2637777	-1.4327503	-1.4279083	-2.2474148	-1.4949043	-1.5167375	-1.2266774
-0.6559121	-1.0232546	-0.33878258	-0.72422564	-0.57201874	0.08913496	-1.0394413	-0.03945993	-0.35966873	-0.883243
-1.4904233	-1.3292856	-0.98830307	-1.5441105	-1.4673984	-1.5127977	-1.0763193	-0.93851835	-1.7128507	-1.0638376
-0.24115881	-0.0039919913	0.05783075	-0.4520374	-1.1894773	-0.07621645	0.23774967	-0.0012000317	-0.30550712	-1.2090036
-1.6184157	-1.7808039	-1.0036087	-1.6502254	-1.2079122	-2.0242233	-2.341784	-1.3460554	-1.2278261	-0.3766504
-0.8398217	-0.04458025	-0.5156697	-0.98044455	-1.2004182	-0.55310404	0.70974714	-0.34450123	-1.2008319	-0.7687391
-0.17478651	1.7456069	-0.0134136975	-0.4453655	-0.54371715	-0.25674784	2.5090024	1.4397739	-0.7344389	0.5472268
0.4559066	1.2288064	0.29687837	0.2201777	-0.36392376	0.6158747	2.327853	0.26356962	0.115878515	0.18541536
-0.98694855	-0.65226257	-0.5916071	-1.118369	-1.5638844	-0.78460026	-0.25440475	-0.36574444	-1.1006438	-2.0482993
-0.26104322	-0.35253608	0.14031193	-0.40947503	-0.88836503	-0.014832769	-0.4386831	0.49242494	-0.2531611	-1.0108687
0.3893096	0.87256145	0.8266177	0.11729996	-1.2355375	0.7378921	1.7400638	1.2507002	0.5296033	-0.9431278
-1.175785	-1.0449616	-0.7696599	-1.1790258	-0.82809293	-1.7701769	-1.13198	-1.451591	-2.2064772	-1.5395892
-0.48562476	0.025088102	-0.0994055	-0.61748767	-1.1790396	-0.86815315	0.30275106	-0.4179725	-0.48290014	-2.0197515
1.0024002	1.3621944	1.3420358	0.6389075	-1.3202766	0.406826	-0.3842757	0.57107204	0.018176896	-1.9468955
1.2267723	0.7102759	1.815705	1.0259565	-1.4015534	0.38056988	0.9006015	0.72980124	0.63475275	-1.3315369
0.04271055	0.6770469	0.587433	-0.23752555	-1.3925822	-0.57502437	0.1940417	0.14982376	-0.649424	-1.6766905
0.30241957	0.6111505	0.77698815	0.13022496	-0.75627327	0.38619414	0.51796705	0.33051157	-0.20886911	-0.45054036
-2.5014145	-2.25483	-1.5399249	-2.4425797	-1.6907414	-1.6140887	-1.0630656	-0.7356788	-1.0216615	-2.0819917
1.0244495	0.706046	1.7201298	0.7649995	-1.3312598	1.6660849	0.8065631	1.9774312	1.7606394	-1.0409904
-0.38375807	2.331437	0.0060181916	-0.74461687	-0.96094537	-0.3354644	3.714088	0.8103713	-0.686366	-1.5297196
-0.9487347	-1.1259797	-0.34577784	-1.0025383	-1.747152	-1.093829	-1.9877515	-1.0274711	-1.0879695	-1.2231113
-0.4249788	-0.53358376	0.030563384	-0.54297477	-1.321159	-1.1542304	-0.3705801	-0.72396135	-0.8134792	-1.7494993
0.1059291	1.4991039	0.3966643	-0.18462181	-0.9006294	0.21484186	1.7165415	0.3733971	-0.25124085	-0.9176705
-0.29265404	0.39383778	0.104254216	-0.49600446	-1.1549871	-0.5556327	0.28205106	-0.6752705	-0.31001946	-1.1779886
0.12864628	-0.51857924	0.64056194	-0.03062959	-1.5659903	0.3391246	0.0028093413	0.8923763	0.50366867	-1.681928
-0.29807153	0.032569736	0.18275833	-0.4788515	-1.4478375	0.030785915	-0.11126359	0.61368525	-0.3624611	-2.17514
0.36122355	0.732478	0.7755219	0.15204148	-1.0027267	0.120689385	0.74785507	0.19022161	-0.22920457	-1.2050362
0.8299231	1.9111903	1.2175233	0.53823376	-0.95470035	0.77506036	0.47055918	1.0443054	0.5278445	-0.8343365
0.5471734	0.4470661	0.81607616	0.33516234	-1.2268149	0.9827965	1.3864769	1.3785079	0.905792	-1.8396412
0.40999022	2.9801106	0.8398644	-0.0053854585	0.2808636	-0.14537866	3.3176608	0.56516963	-0.81167394	0.30918807
0.052103214	-0.16834089	0.49266317	-0.092803136	-1.2995024	-0.28252277	-0.59207284	-0.13106982	-0.21279825	-1.3206015
0.71063465	1.1001341	0.9392444	0.48375618	-0.7712668	0.47633517	0.592089	0.99595934	-0.0046769413	-0.98838055
-0.267462	0.7476953	-0.0028825998	-0.51392186	-1.2208247	-0.0396498	0.01204972	0.22952129	-0.73583734	-1.5613567
-0.6925197	-0.3320957	-0.39482746	-0.8253199	-1.3126417	-1.1225992	-1.043891	-0.38736314	-1.247254	-1.3509341
1.0001343	0.42625287	1.3936304	0.85524535	-0.51715755	0.2529671	-0.22492105	0.8383377	0.088209376	-1.168135
-0.08131726	0.66807914	0.17512476	-0.36959434	-1.4133661	-0.48254293	-0.42473677	-0.29997024	0.24771914	-0.9740274
1.2356304	0.2883143	1.4975938	0.9043082	-1.4417225	0.60823774	0.881695	0.5498331	0.055022612	-2.020317
1.1790557	1.3782345	1.5548806	0.85458374	-0.50563717	1.2009119	1.8784002	1.3627279	0.51906455	-0.17581004
1.844627	3.0283868	2.028188	1.346626	-0.6786969	1.3758533	2.0849	1.5584935	1.437683	-0.66178066
0.4197308	0.10795453	0.92503345	0.21199541	-1.1356066	-0.48318163	-0.36581555	-0.61680126	-0.6899271	-1.5912294
-1.0878826	-1.417474	-0.54302526	-1.1306987	-1.6580552	-1.2939329	-1.7067976	-1.3067018	-1.1105261	-1.7201958
-0.50250745	-0.3218575	-0.0021744668	-0.62533104	-1.4068732	-0.47435346	-0.5646196	-0.19781488	-0.8305808	-1.3256716
0.53186566	1.2316401	0.9532237	0.27991796	-0.4430357	1.2896302	1.3489683	0.7206571	0.9556476	-0.95681703
1.2596308	2.1236522	1.2029411	0.9283323	-0.2933734	-0.44362506	1.2608023	-0.5050628	-0.43544197	-1.5002116
-0.22407565	-0.58153796	0.16203907	-0.3048827	-1.6721466	-0.3822541	-0.831952	0.05045647	-0.2995866	-1.7474221
0.26783907	0.5642228	0.4105621	0.043299213	-1.4345719	1.6445999	2.9168184	0.4263094	1.5289817	-0.60543984
-0.6354172	-0.6048913	-0.20004359	-0.67777056	-1.6731232	-1.0485284	-0.49708468	-0.13708408	-1.8163937	-1.6023047
-0.7755425	-0.959051	-0.48437914	-0.8434192	-1.1774238	-0.5491795	-0.61063045	-0.97547466	-1.0111883	-1.0681521
-2.298057	-2.2143974	-1.475569	-2.2548556	-1.6933862	-2.6264796	-2.5732522	-1.8794657	-2.1013439	-2.0270245
0.9378938	0.67471147	1.3471702	0.6964791	-1.2782332	1.0395044	0.68870354	1.408823	1.2982322	-1.2701132
-0.10371555	0.3638591	0.3744186	-0.2972475	-0.98773015	-0.46786255	0.2592469	-0.14020906	-0.622606	-1.816104
-1.6687582	-1.7626755	-1.1075795	-1.6755719	-1.5842916	-2.3612287	-2.396307	-1.6224364	-2.120023	-0.10983718
-0.7659879	-0.9651824	-0.27085677	-0.8357318	-1.4315149	-1.4922405	-1.7602705	-0.11864417	-0.5913168	-1.0642186
-1.4418944	-1.9894536	-1.0099223	-1.3845599	-2.2631056	-1.3658144	-1.5921912	-0.63130087	-1.4527981	-2.2551394
0.5142826	-0.564608	0.64580727	0.35289758	-1.5616591	-0.32611486	-1.2530898	-0.62685883	-1.2601981	-1.8787625
-0.1796017	-0.24458656	0.39674494	-0.29494137	-1.5376323	-0.6114869	-1.0336698	0.16764142	-1.0331775	-1.3132555
0.03866311	-0.020605356	0.53431547	-0.1247365	-1.219058	-0.059628505	0.21204193	0.73505706	-0.27567607	-1.2011518
-1.8244493	-1.8532561	-1.2127119	-1.8061011	-1.3128203	-1.6924831	-1.8033345	-1.1278595	-2.6518118	-1.1091666
-0.04340691	0.23984131	0.21536925	-0.25688624	-1.0828458	-0.03134334	0.19355336	0.31459743	-0.17318268	-1.0808647
0.69528806	1.0617434	1.0587319	0.4412979	-1.2559191	0.08384185	-0.33458644	0.25640976	0.35891536	-1.4473611
0.5522002	0.52077854	1.118343	0.3882215	-1.1939992	0.9139906	0.71964425	1.2781291	0.49004534	-1.5545981
0.1151065	0.30831066	0.5803001	-0.10701467	-1.206017	0.3570775	1.2584727	1.3609205	0.1839441	-0.2605423
-1.2001218	-0.07316384	-0.8601707	-1.291969	-1.4105161	-0.68416095	0.36829302	-1.1144618	-1.05407	-1.4028378
-0.8077377	-0.725521	-0.28136262	-0.86956644	-1.4354337	-0.8493046	-0.69507694	-0.28174546	-0.65914	-1.0550711
-1.2191287	-1.3314272	-0.8482331	-1.1859132	-1.1864166	-1.6164014	-2.2558258	-1.4922968	-0.6835291	-1.1890355
0.5003811	0.50068545	1.0285406	0.44458354	-0.3760786	1.8225296	2.8200905	1.576582	1.152431	1.1939272
0.7650068	1.0921326	1.294316	0.5479531	-1.1194307	0.8996127	1.2805645	0.9358974	0.8080969	-1.2717849
0.86976415	1.1020621	1.2173709	0.49548906	-0.8882481	0.011910088	0.7563272	0.6782497	0.12808715	-0.6463575
0.6137741	0.4213381	1.1506999	0.41398293	-1.1303252	0.51289743	0.28300795	1.227193	0.52337766	-1.111304
-0.699322	0.11413857	-0.38342854	-0.87081885	-1.1693404	0.22037947	0.54966474	1.0697099	-0.7496497	-1.5948496
-1.0694174	-0.12897864	-0.60285115	-1.186864	-1.0282062	-0.6613166	0.62938917	-0.107392974	-0.7231452	-0.49842674
-0.2932298	-0.7540668	-0.030624181	-0.37997288	-1.5338022	0.06191644	-0.79108965	-0.041675493	0.06892293	-1.3940741
0.09389337	-0.41634205	0.7534406	-0.02596803	-1.2973263	0.16506203	-0.48984474	1.0360016	0.070487544	-1.2038403
0.22466716	0.68352747	0.6888664	-0.04088822	-1.3533378	0.11540167	0.7445257	0.32384038	-0.93742645	-1.3129764
-1.232733	-0.8132943	-1.0141687	-1.3138176	-0.9500948	-1.0134302	-0.64217865	-0.46008104	-1.549744	-0.9183289
-0.44000217	-0.6377706	-0.083210915	-0.5554875	-1.1325735	-0.620467	-0.53459775	-0.7337736	-1.0635873	-1.1111699
0.62930673	0.89475477	1.2723718	0.39712745	-1.1705611	-0.15851104	0.612274	0.43093914	-0.4265821	-1.4902183
1.1040107	0.99649143	1.4616655	0.8316798	-1.3615557	0.16839907	0.2901707	0.54830647	-0.2045845	-1.8974326
0.6911456	0.26490143	1.2821578	0.52327	-1.2581259	0.7605984	-0.4624642	1.0947033	-0.21986574	-0.9296941
0.56752074	0.68065155	1.0999697	0.26187623	-1.5104784	-1.0537424	-0.6702358	0.6002108	-1.1943567	-1.2799383
0.36076465	0.24088514	0.74057364	0.122750685	-1.5078365	0.18018125	0.28890967	0.6323317	-0.030733451	-2.0076666
0.3281457	0.41406873	0.80239236	0.08670877	-1.5097439	0.08860143	0.31074312	1.200325	0.38201296	-1.0298176
0.06028896	0.04804519	0.5478073	-0.1690883	-1.6436876	0.30032134	0.27950358	0.91115624	-0.41466013	-1.8297732
-0.13971639	-0.027362287	0.40715265	-0.35680407	-1.5814708	-0.4546119	-0.542596	0.9426094	0.033297487	-1.8766382
-1.4023104	-1.3636875	-0.9305017	-1.3947747	-1.4175557	-1.5720872	-1.127463	-1.8788754	-0.52947783	-0.4955583
0.799861	0.93267477	1.2860683	0.54050875	-1.2216569	0.124223664	0.37824056	0.41566876	-0.22813594	-1.601374
-0.9870151	-1.1935598	-0.5010419	-1.0334685	-1.21618	-1.5880601	-2.179518	-0.91527486	-1.5086143	-1.6292871
0.2021319	0.65054846	0.43687865	-0.0782769	-1.3105327	-0.48452213	-0.111116484	-0.20260978	-0.3526245	-1.3613966
0.39796945	0.6867784	0.93431175	0.10859038	-1.3926812	-0.4372574	0.80600846	0.92758214	-0.9077653	-1.5620738
1.3419633	1.2857506	1.9441112	1.1205112	-1.2815768	2.1838245	1.3159702	2.7065706	1.7968743	-1.255792
-0.4613401	-0.38412836	0.10263795	-0.59469587	-1.4713036	-0.39417726	-0.22879957	0.7918285	0.019533118	-1.4375148
0.0860373	0.34902015	0.6571456	-0.16471903	-1.4085145	0.050892115	0.09167131	0.5767081	0.098929174	-0.926271
0.0860245	-0.18796788	0.61982286	-0.13689439	-1.2087618	-0.5593682	-0.69335234	0.0468561	-0.22973692	-1.4771447
0.22546837	0.20125705	0.8462808	0.0670978	-1.4237691	-0.0065534664	-0.27319106	0.38795075	-0.9722507	-1.1506104
-1.2447125	-1.2415524	-0.6945933	-1.3047938	-1.5110439	-1.2325183	-1.122113	-0.35622928	-1.5937662	-1.9774901
-0.83365285	-0.8684741	-0.3498629	-0.91027766	-1.4276118	-1.9401947	-1.6202213	-1.2308229	-2.4329262	-1.3280314
0.19168562	0.67376876	0.6715898	-0.0797688	-1.3484979	0.31472546	0.5937092	1.0269816	0.17512387	-1.4104158
0.16668022	0.82881165	0.5398663	-0.03465718	-1.1364172	0.2007419	1.0434562	0.43069968	-0.50510204	-1.3790458
-0.9703831	-0.73727393	-0.5715225	-1.087261	-1.3031795	-0.27029762	0.21901904	0.34504974	-1.208894	-1.6888773
-0.113556646	0.24440727	0.30914256	-0.32966784	-1.4237202	-0.3872929	-0.19367716	0.2073756	-0.45979962	-2.145601
-0.2487587	-0.008661091	0.152336	-0.4583041	-1.4729433	-0.30754447	0.52385473	-0.04580772	0.17320424	-1.7287967
0.5388366	0.44071165	0.8644633	0.3177526	-1.5161895	0.42224562	1.1117214	0.6133088	-0.0387257	-1.3232425
-0.1071871	-0.33065745	0.31134492	-0.25496304	-1.4616538	0.21610093	-1.3425492	0.3326043	-0.8138175	-1.5443788
-0.2175912	-0.4210695	0.18036655	-0.38147855	-1.4915411	-0.12184736	-0.22930084	0.325529	-0.6100865	-1.1254063
0.31346902	1.0173767	0.55803585	0.017638773	-1.3360904	0.48801318	0.42491287	0.6220809	0.23620073	-1.4864427
1.0850673	1.9646463	1.3980674	0.76622146	-1.1505517	1.0470579	2.5580952	0.7285348	0.47657332	-1.0841092
0.38557485	1.1150125	0.9779035	0.13916908	-1.2358923	-0.23091507	0.13372716	0.5467034	-0.34539664	-1.9892548
0.15906751	1.6367605	0.53705406	-0.12801284	-0.9086504	-0.82650894	-0.18507843	-0.3775203	-0.82103264	-0.89106303
0.9565384	1.1847451	1.2827165	0.6639083	-1.1988642	0.55116755	1.491269	1.9174355	0.91763777	-1.3551
0.17871535	0.7615005	0.80069315	-0.050393313	-1.4519185	-0.35918134	0.45404848	-0.08675998	-0.7352413	-1.9024314
1.4050263	1.8531337	1.7778121	1.0412014	-1.1149269	0.16218461	0.44246793	0.9408531	-0.03771521	-1.3523391
0.5865062	0.4300857	0.9498185	0.36842114	-1.2727876	-0.1348735	-0.1151381	0.21037117	-0.65917146	-1.5287861
-0.8001877	-0.2248281	-0.2859737	-0.99192923	-1.3155457	-0.96638536	-1.1080744	0.018678302	-0.26715454	-1.3503205
-0.44656953	-0.6885654	0.023774117	-0.5643961	-1.1387116	-0.41806608	-0.61707824	0.2881602	-0.4808112	-1.1032026
0.6320905	0.2794285	1.1101625	0.3789897	-1.5516092	0.32178476	0.25485685	0.7843184	0.07504284	-1.346002
0.04263719	1.5375961	0.5051193	-0.2909351	-1.0274246	-0.22230916	1.0143524	0.34613752	-0.8516708	-1.1653955
0.404249	0.4789088	0.91329515	0.20495228	-1.2761006	0.21056375	-0.17868674	0.70787245	0.36791605	-1.1345608
0.67596954	1.1695119	1.0743799	0.4141627	-1.2091783	-0.88720816	0.27165586	-0.19398522	0.017497616	-1.3925384
0.06937646	-0.36771926	0.48559916	-0.12871587	-1.6353693	-0.5717214	-1.2864445	-0.8129797	-1.3470198	-2.1457365
-0.8093044	-0.87870014	-0.3810874	-0.88855356	-1.2513001	-0.96920884	-0.9014059	-0.31672978	-1.1629425	-1.7199676
-0.65995437	-1.2080637	-0.12759429	-0.7790925	-2.5152845	-0.7279105	-1.6560799	-0.26371288	-0.8981639	-2.1097226
-1.1078622	-1.3321986	-0.6164937	-1.1003366	-0.8782928	-2.0523531	-1.8239865	-1.1160889	-2.4242089	-1.3030002
0.08103717	0.39132765	0.73054105	-0.1172488	-0.9131496	0.22502269	0.034248017	1.1764373	0.14036813	-1.5335594
-1.6888099	-1.7063956	-1.0840364	-1.70072	-1.631958	-2.12762	-2.3798227	-1.1235422	-2.1934574	-1.8799663
0.28122184	1.3157933	0.6398264	-0.044493377	-1.1848192	-0.2059177	0.70696545	0.2708682	-1.0992293	-1.7577635
1.0229975	2.279861	1.2397594	0.58612657	-1.0273646	0.6089205	1.5752125	0.7870462	0.22014835	-0.7866257
0.37390307	0.16503862	0.9575527	0.21109782	-1.3217958	0.4288968	-0.9074959	0.37348488	-0.36425567	-2.2882144
-0.4827621	0.046940297	-0.15669176	-0.66116357	-1.4249142	-0.6810482	-0.80342466	-0.5384692	-1.5617357	-1.4517771
-0.5467355	-0.6846535	-0.14177224	-0.6109392	-1.2407273	-1.0271441	-0.61338925	-1.0822724	-1.4922471	-0.82233214
0.6090603	2.6656313	0.7461543	0.07561533	-1.0965136	1.1740574	3.1235106	1.2195675	0.6926256	-1.2281634
0.5507204	0.36940172	1.1152451	0.36162448	-1.5941467	0.60127294	0.8989207	1.6791093	0.721625	-0.40716046
-0.2630352	0.16366717	0.2428475	-0.45716554	-1.529266	-0.43779898	-0.07745907	0.37260473	-0.7622101	-1.3749365
0.5823909	0.81707215	1.0385579	0.307437	-0.861017	0.34688073	0.182648	1.4417878	0.42659092	-1.2378067
1.0058769	1.6546552	1.5240744	0.6822512	-0.62983024	0.18610412	0.32740358	1.1307229	-0.08376337	-1.3602232
-0.65004116	-0.9161321	-0.1793339	-0.7545747	-1.2216967	-0.82271945	-1.0503955	-0.43590027	-0.7167393	-0.54125595
0.36318192	1.3576833	0.88766336	0.066917524	-1.358163	0.06582152	0.5888758	-0.80294895	-0.6712525	-1.3024262
-0.10712355	0.16962817	0.39632344	-0.29475182	-1.4410247	-0.093494855	0.44166854	-0.21766567	-0.6472661	-0.6975447
-0.16407204	0.4210345	0.22686748	-0.41233858	-1.4203838	-0.25927138	1.6320225	-0.4002651	-0.33724338	-1.1294338
-0.38429195	-0.20234612	-0.0136452615	-0.5769393	-1.4432557	-0.95380175	-0.6965336	-0.9456392	-1.617545	-1.6470385
-0.6365753	-0.101079434	-0.21668795	-0.8198807	-1.4872845	-0.4220896	-1.3082007	0.022954192	-0.19676521	-1.1657834
1.0294362	1.6511095	1.388024	0.74635243	-0.5515445	1.2565652	1.2306883	1.7273757	0.98342913	-1.6349779
0.95423955	1.4574873	1.2727176	0.6703053	-0.878001	0.24729256	0.4785712	0.3481012	-0.46876058	-1.3157758
0.13773257	0.39606962	0.6782304	-0.05376321	-1.4572792	0.4115378	0.50427073	1.2143124	-0.14603533	-1.5347146
-0.9576488	-1.0955917	-0.47439477	-1.0387459	-1.8741087	-0.89656043	-0.35966277	-0.35485318	-0.7963265	-1.4820092
0.087991424	1.1660856	0.86182356	-0.12624116	-1.0828334	0.24599575	0.15083794	1.2227306	-0.17986976	-1.7031374
-1.7137196	-1.4678805	-1.1073563	-1.7074329	-1.535428	-2.2358916	-0.67224693	-0.84973	-1.9288896	-1.5894581
-1.8325385	-1.9691228	-1.1733685	-1.8379809	-1.9775859	-2.4713106	0.06173124	-0.9420753	-2.8828309	-1.100964
0.6881845	1.1949146	1.0752558	0.42484123	-1.200441	-0.56229794	-0.019343782	0.39498317	0.45788503	-1.1115242
-0.52443135	-0.4299905	-0.3111405	-0.6240317	-1.0310285	-1.6531363	-1.2142794	-0.5101773	-1.3262302	-1.7928852
-1.1172252	-1.0845426	-0.6969842	-1.1784497	-1.6344872	-0.2784225	0.019999277	-0.17877293	-0.575232	-1.3494416
-0.40132606	-0.117660195	-0.010888994	-0.54899573	-1.2684842	-1.6336852	-1.318492	-0.28444168	-1.1514883	-1.205116
0.20303074	0.46920153	0.6164228	-0.058254138	-1.2191745	-0.6641275	-1.2437886	-0.6123308	-0.9801206	-1.1083595
0.119365	-0.16382045	0.55030555	-0.033842787	-0.8651941	0.10568096	-0.900504	-0.13010032	-0.568745	-1.0103655
1.2725706	1.6271272	1.9672318	1.0300387	-1.1815757	1.4213659	1.4979504	1.998923	-0.02166158	-0.5886755
0.18101689	0.3519602	0.6919154	-0.037999466	-1.068642	-0.01577017	0.72561944	0.9913247	0.6889343	-0.72418755
-1.0058024	-1.2112168	-0.5559615	-1.0930293	-1.6703669	-0.35057855	-1.3978002	0.64644057	0.10661201	-1.6845168
-0.07122189	-0.075923026	0.60820043	-0.26176387	-1.2568308	1.1625001	0.67574257	1.6012169	0.62799114	-1.1076586
0.9087505	1.2036479	1.5113509	0.6822924	-1.2528013	0.75131285	1.32632	1.160085	0.4123526	-1.2699784
0.19126388	0.5498302	0.70818794	-0.01839967	-1.1595814	0.4882049	1.0212235	1.2043278	-0.142065	-1.0601245
1.5580105	2.8333347	1.8932319	1.1827189	-1.0763812	2.5898466	4.5964637	2.2780523	1.5527024	-1.284417
0.30971393	-0.35267907	0.6377764	0.122960344	-1.5421112	-0.16940662	0.13431522	-0.032336786	-0.9689889	-1.5270262
1.0467452	0.99097	1.1935512	0.721106	-1.0078694	0.45113906	0.5460822	0.56284857	0.07668466	-1.7795628
1.5249025	0.83769464	1.7118357	1.1751868	-1.2704378	2.160826	1.2818611	2.0267766	1.6320106	-0.90562916
0.8630017	0.37170532	1.1996542	0.5842744	-1.6870319	0.88588804	0.49592912	1.0535388	0.23857331	-1.7257285
0.09757968	0.008120835	0.56106883	-0.016608402	-1.0868571	0.38569218	0.36969447	0.68537915	0.10792758	-0.80740076
-1.7019746	-1.8759004	-1.0806284	-1.6828228	-1.71283	-0.015495093	0.9150489	0.17606115	-1.2521679	-2.166658
1.0438428	0.34469184	1.6743582	0.8765905	-1.2806821	0.31420445	-0.6344289	1.1336755	0.5456445	-1.172812
0.32251993	0.61587846	0.80750394	0.12845917	-1.0328337	0.1413885	-0.1635065	0.764088	-0.46670252	-1.5331502
-0.3476127	-0.52888525	0.18721455	-0.4175747	-1.2027625	-0.67214197	-1.0305591	0.013241839	-0.90791005	-1.8403354
0.3241106	1.2286438	0.8004279	0.010192156	-1.3264325	-0.36981273	0.33182845	0.49471018	-0.27851456	-1.3190308
0.5601335	1.8025298	0.9909204	0.41105062	-0.2210615	0.47491693	1.6595008	0.55134434	0.0046798456	-0.5518185
1.5648768	0.9509498	2.2801032	1.2458501	-1.1602939	3.4414415	2.3616457	3.3936954	1.8307812	-0.09901841
0.3749929	0.7158005	0.9850458	0.11758645	-1.1381395	2.1914072	2.067821	2.3570015	2.1271255	-0.11691457
-1.7148842	-1.6900826	-1.1225936	-1.6859822	-0.9715121	-1.0891193	-1.6798445	-0.052229874	-1.0803037	-0.6505608
-2.4160502	-2.1966972	-1.571577	-2.307355	-1.8902981	-2.5760787	-2.443323	-1.498591	-2.8143225	-2.162912
-1.0818201	-1.150138	-0.6442286	-1.1052136	-0.11105323	-0.25526008	-1.2941929	0.18832332	-1.33991	0.09787243
-0.6721877	-0.6582297	-0.453778	-0.6794007	-1.1771667	-1.0085032	-1.7283411	-1.1459686	-1.4846575	-1.3825425
-0.42318535	-1.0911776	-0.3646421	-0.4932472	-2.837787	-0.9151835	-0.7437637	-0.64429325	-1.1479185	-2.3538086
-0.3249143	-0.67229396	0.04505764	-0.43368477	-1.2787737	-0.7192188	-0.8084181	-0.3665688	-0.65866363	-1.068757
-1.9878963	-2.2635827	-1.2359054	-1.9274461	-1.3024993	-1.0902454	-0.13553797	-0.14797014	-1.4242581	-2.5341663
-2.0818613	-2.1081228	-1.321167	-2.0357206	-1.0813909	-1.0477569	-2.345665	-0.5429117	-0.56672776	-1.2027069
-0.70241195	0.45473585	-0.3294749	-0.8837998	-0.7747525	-0.9058704	-0.6535454	-0.9044072	-1.5785829	-1.3619173
-1.0510988	-1.5229385	-0.5893718	-1.0613538	-0.99689114	-1.3212743	-1.8220923	-0.64199775	-1.1109759	-1.22113
-0.75083256	-1.0902497	-0.28254572	-0.81860906	-0.9355866	-0.8801353	-0.6739725	-0.25802517	-0.95814323	-0.48157087
-1.3805531	-1.5417283	-0.83979917	-1.4003906	-1.3265272	-0.73907584	-1.1997792	-0.48539907	0.08996822	-0.931527
-1.1619244	-1.0470043	-0.7373394	-1.2040749	-0.6770675	-0.5181622	0.13552763	0.21554966	0.16596977	-0.59935385
-1.5627812	-1.5703739	-0.9431827	-1.5789775	-1.4792385	-1.7678298	-2.5203955	-1.5710158	-2.0649726	-1.7792478
-0.68075603	-0.8263618	-0.17123556	-0.81492484	-1.9295236	-1.3295376	-1.9834855	-0.38405862	-0.27094626	-2.2384634
0.19775906	0.060250044	0.70467174	0.05628933	-1.2234763	0.50525373	1.5048246	1.2333945	0.52097225	-0.26761672
1.4059666	2.6232033	1.8833385	1.1643423	-0.6120309	0.9736115	3.6058888	1.3063251	0.6617218	-0.3744475
0.15347335	0.8493773	0.5224168	-0.066661224	-1.4004289	-0.47281238	0.23967206	-0.09230425	-0.6135139	-1.6078883
0.03834524	-0.17234959	0.5328989	-0.107040465	-1.267964	-0.30432615	-0.5404031	0.5419315	-0.587612	-2.0042322
-0.3316054	0.5112233	0.3397854	-0.49923998	-1.3064116	-0.41760936	0.1500347	0.03558621	-0.12935516	-1.0637115
-0.1956788	-0.13580129	0.26880416	-0.2714699	-1.3185209	-0.27783045	-0.72473544	0.5003686	-0.39276952	-1.4128671
0.16181564	1.1342031	0.40180266	-0.07476577	-1.0629151	-0.70421743	-0.36181802	-1.5235507	-1.193253	-2.004644
0.29975653	0.6243093	0.6921866	0.077760115	-1.0953952	-0.10563435	0.31648862	0.2155559	-0.5010902	-0.79233646
0.693944	1.005259	1.2710701	0.44522655	-0.994719	0.9051819	1.1860813	1.5163147	0.5069984	-1.4974327
-0.35620844	-0.7580873	0.06357008	-0.43202418	-0.848614	-0.079588495	-0.41844496	1.0915498	-0.41909227	0.085770525
-0.7162887	-1.0342215	-0.35503778	-0.76067716	-0.9417609	-0.012153663	-1.5773685	-0.061929468	-0.57268643	-1.184254
-0.8478218	-1.2277107	-0.4713507	-0.8748911	-1.4660711	-0.53071076	-1.284573	-0.19872716	-1.082531	-1.1665958
0.61363	1.2746013	0.9422008	0.42351604	-0.737022	0.021937609	-0.20471238	0.919266	0.47196448	-1.5734085
0.6623666	0.2449049	1.1795375	0.47174716	-1.3012592	-0.34703815	0.09613486	0.09776833	-1.0581162	-1.6083695
0.4782932	0.19806701	1.0617168	0.31377274	-1.2983731	0.24171132	-0.6467442	0.7740123	0.35215846	-1.6133745
0.76615095	0.47026888	1.3932958	0.60961753	-1.168438	-0.095387526	-0.0593255	0.5816574	-0.49384838	-1.664699
0.039531253	-1.3717245	0.7276006	-0.02388011	-2.5405796	-0.09934961	-1.2230728	0.32948366	0.19787674	-2.2744126
-0.114678875	-0.38776994	0.33587223	-0.2801776	-1.580562	0.73206735	1.4217107	1.0185502	0.3905964	-1.2518048
0.31286955	0.85058475	0.8583939	0.09226389	-1.0703758	-0.05477683	0.6606715	0.60121137	-0.117763884	-1.0664532
-0.98342335	-1.6318071	-0.5578135	-1.0561609	-1.6199781	-1.8108957	-2.214396	-1.3779068	-2.282697	-2.041642
-0.39721093	-0.9430795	-0.011273086	-0.5221952	-1.7416428	-0.64333797	-0.89721966	0.057767555	-0.8070931	-2.2447686
0.15731332	0.3627549	0.7682525	0.022072598	-1.5869731	-0.44535676	0.5699975	0.4345969	-1.5301889	-2.3111563
0.54182327	2.7343915	0.9232124	0.20998137	0.20510426	0.3066934	2.0957322	0.21661213	-0.29068866	0.27228594
-0.13055104	-0.5410073	0.42400306	-0.25672364	-1.6637512	-0.7399464	-0.53620803	-0.3523087	-0.7397636	-1.2961507
-0.19386229	-0.08525394	0.52019477	-0.3984035	-1.5297276	-0.08529989	-0.35592446	-0.004231291	-0.13009913	-1.3473216
-0.6386487	-0.63213354	0.0632948	-0.78490317	-1.4896221	-1.364139	-1.535072	-0.29064685	-1.1366122	-1.3894364
-0.25381064	-0.0067148507	0.23840788	-0.46652848	-1.3785926	-1.1225545	-0.73271596	-1.4032457	-0.37781176	-1.5516796
-0.85863096	-1.0331273	-0.36459735	-0.92565864	-1.4007715	-0.58358926	-0.4589053	-0.4715926	-1.01362	-1.4356192
-0.43682984	-0.47678876	-0.032147884	-0.5245927	-1.2836887	-0.6124805	-0.67285335	-0.39648747	-0.59656996	-1.1720301
0.19952747	0.62593615	0.70817244	-0.04457815	-1.3481581	-0.20348802	-0.31240785	0.17521717	-0.29651296	-1.7269676
0.038939945	0.9977256	0.4340849	-0.2322371	-1.3834487	0.36027524	0.78830904	-2.5420852	-0.62076366	-1.1448625
-0.24588078	-0.34414724	0.10602385	-0.3213941	-1.7842618	-0.58824015	-0.36935478	-0.41025186	-0.93607175	-1.9590678
0.18065596	-0.05949928	0.7202401	-0.04195994	-1.490888	0.24443138	0.1359164	0.6518391	0.22409128	-1.8615524
-0.49025163	-0.3837776	-0.12877807	-0.67863977	-1.559797	-0.62209547	-0.46760097	-0.27815902	-0.9431203	-1.6895474
-0.21838224	0.77153826	-0.0025540292	-0.4661141	-1.4536053	-0.33588707	0.3079832	-0.34437382	-0.4533301	-1.0966742
1.7362975	1.0621529	2.2549496	1.4367867	-1.4351236	1.0948998	0.63757515	1.7508202	0.89043623	-1.3050356
1.5027267	1.133971	1.8807551	1.2154545	-0.98238254	1.5308057	0.57998973	1.6987501	1.3834485	-1.843529
1.1675826	1.8725097	1.5392941	0.84188175	-1.2167772	2.005648	3.3263533	1.9150041	1.6496658	-0.6344163
-0.29612395	-0.2009424	0.10442741	-0.5267679	-1.5699593	-0.05190061	0.4957478	0.20422986	-0.14411066	-1.8971618
-1.3336073	-1.7369674	-0.8043603	-1.2997255	-1.982572	-1.0033779	-2.214324	-0.3329747	-1.3675641	-2.4383605
-1.7804468	-1.81055	-1.1486237	-1.7268003	-1.2077153	-1.9699888	-1.920643	-1.1156173	-1.2274373	-1.106728
-0.83329874	-1.0073	-0.36859867	-0.88242257	-1.2812876	-0.39104563	-0.1703254	-0.49807587	-0.5524771	-1.0410852
-0.19063422	-0.37397292	0.29934436	-0.31663227	-1.2846463	0.12861477	-0.6416912	0.38242695	-0.3447968	-1.7496635
-0.39823988	-1.4745167	0.28196755	-0.516058	-1.9568678	-1.3845054	-1.5404724	-0.38302124	-1.2114439	-1.9462963
0.42984697	0.5093063	1.0149359	0.25540262	-1.1619508	-0.19529288	0.35424435	0.5110369	-0.58310395	-1.7216443
-1.3288237	-0.8697233	-0.8039191	-1.4798625	-1.5153283	-0.57191443	0.2869066	-0.2937282	-1.2830102	-1.9188728
-1.2591432	-1.5205878	-0.6976658	-1.2828907	-1.6035045	-0.84312606	-1.0617702	-1.0144074	-0.693154	-1.4627607
1.3963377	1.2309283	1.9205451	1.1746075	-0.806417	0.97406065	1.6467047	1.7406199	0.72739816	-0.50925434
0.81272286	2.0859957	0.7400321	0.28986114	-0.6193763	-0.09259993	2.4987507	-0.46599185	-1.3170472	-0.95145136
0.088063054	-0.9053464	0.63668895	-0.049397215	-1.3836788	0.19896857	-0.45023152	-0.064807266	0.14597423	-1.2596209
0.6151471	0.50971913	1.2137172	0.37416232	-1.3487638	0.36266136	-0.22566168	1.0030351	0.6323697	-0.9169497
0.86541325	1.5977335	1.4405155	0.57469946	-1.0625	1.276633	1.3910339	2.1362247	1.5805486	-1.2016691
1.2622513	0.9381852	1.782362	1.0924523	-1.009509	1.2029839	0.9150034	1.6810799	0.6768551	-0.9642992
0.35636806	0.49309745	0.8719497	0.14429165	-1.4030626	0.6820492	0.3215818	1.3068135	0.3023622	-1.22567
0.55945444	1.0655607	0.9674525	0.25723594	-1.3965523	0.16148688	1.0433763	0.42654875	-0.043300603	-1.410935
0.5466671	0.79407287	1.1083996	0.34324563	-1.0210886	0.36167583	0.86670643	1.4664736	0.89934623	-1.2329853
0.75331414	1.6242038	1.4409251	0.43230295	-0.57325387	1.3395187	1.6010019	2.047835	0.8033776	0.018669374
0.9204971	1.5033085	1.4769197	0.6144892	-1.2895668	0.07101622	0.89860797	0.9401579	0.33282077	-1.6125469
-0.4696112	0.06997815	-0.015584618	-0.6385336	-1.1008447	-0.7481221	-0.59544456	0.037011232	-0.53011495	-0.6636705
1.1483241	1.8927732	1.4967704	0.8291453	-1.1914656	1.1708299	2.0845544	1.6326971	0.9642413	-1.2937276
0.2124801	1.8070102	0.41036716	-0.094541885	-0.31338322	-0.14565277	1.3280176	-0.42482454	-0.5944328	-1.2594842
-1.1210115	-0.94558775	-0.7227037	-1.1749642	-1.0043862	-0.8147558	-1.3582313	-1.382884	-0.70073414	-1.454667
-0.28417727	-0.7357608	0.03958869	-0.41917092	-1.2434237	-1.1932095	-1.5942252	-0.86883724	-1.27019	-1.4298425
0.40884176	0.24332535	0.9493644	0.18509726	-1.4498299	0.6810135	1.2193761	1.1480017	0.24004178	-1.5719619
2.3813446	3.5510826	2.4027498	1.8519626	-0.83515656	0.25657484	1.9411829	0.09827204	-0.23864402	-0.95936954
-0.24604654	-0.41365135	0.17178194	-0.4164214	-1.499042	-0.27100298	-0.28779268	0.191918	-0.25104734	-2.711285
1.0702713	0.67283833	1.5525784	0.8487916	-1.2415086	1.7152172	-0.6009545	1.9666601	1.3822892	-1.5717107
0.9935853	1.0934123	1.2860422	0.6459913	-1.1421254	0.40957975	0.25033355	0.89450973	0.48175916	-1.4016632
-0.05049143	-0.3722892	0.547073	-0.16384362	-1.282341	0.015032676	-1.0596801	0.89211184	0.29346833	-1.7222307
2.196962	2.6204104	2.017823	1.7343552	-0.9486015	1.9676918	2.892765	2.0801387	1.52993	-0.8195773
-1.7042805	-1.5975597	-1.0644358	-1.7250054	-1.0481968	-2.1721923	-1.7395965	-1.2580421	-2.1016703	-1.2925817
1.1382626	1.5252218	1.51155	0.8939557	-0.63216996	0.40695345	0.9127706	1.1391444	-0.13301645	-1.0454832
-0.6329365	-1.0156595	-0.19798431	-0.63972515	-1.369294	-0.12689844	-1.7256957	-0.026116459	-0.36278662	-1.5301399
-1.9877135	-1.950155	-1.3586667	-1.9446888	-1.5902703	-1.7040155	-1.950739	0.083676085	-1.5596358	-2.13119
-0.67009205	-1.2019628	-0.31926516	-0.67717683	-1.2649592	-0.7987827	-1.1530066	-0.5318486	-0.79711235	-1.1316688
2.9198616	0.22984609	3.1668403	2.6125908	-1.4654697	3.3658814	1.4990946	3.4788895	2.9731276	-1.2768112
-0.24225783	-0.1097056	0.10170126	-0.4402913	-1.1376139	0.35563675	0.29591575	0.4132435	0.009646095	-0.9813232
-1.5736086	-1.4723479	-1.0731571	-1.6000525	-1.5030365	-1.9191543	-2.070554	-1.3597945	-1.7430108	-1.8669745
-0.18307191	0.5345609	0.41977665	-0.39112842	-1.0856363	-0.60420644	0.0415802	0.51799154	-1.0002344	-2.2099907
0.38079587	1.4517554	0.7502502	0.14411412	-0.89135027	0.24548358	1.8921322	0.7785392	0.035762917	-1.2577516
0.058818467	0.83399975	0.3336783	-0.22473818	-1.1636882	0.3572642	0.9350443	0.61172646	0.20924631	-1.2972196
-1.5093628	-0.89433575	-0.9117769	-1.6099927	-1.8465987	-0.0015172663	1.0644798	-0.09354051	-0.34928098	-1.8760408
0.042263262	0.043372482	0.27641663	-0.17499061	-0.6249752	0.30803984	0.8363605	-0.14861947	0.32701716	-0.6468354
0.25787827	0.34960148	0.7863741	0.03816341	-1.3037127	-0.96677333	0.75430274	1.095256	-0.60662407	-0.9150859
-0.30699056	-0.37418127	0.12222445	-0.4910624	-1.601342	-1.0936172	-1.5023373	-0.9451547	-1.6832813	-1.5708847
-1.1721339	-1.05817	-0.67277956	-1.2016746	-1.1186901	-1.5321044	-1.4424136	-0.20931762	-1.2596042	-0.5843487
0.22900802	0.2956557	0.6474228	0.03377624	-1.3974621	-0.19027792	0.13593504	0.53922343	0.0061390246	-1.566656
0.6051647	2.3195581	0.6208787	0.25882816	-0.8503691	-0.15747789	0.9687534	-0.13649747	-0.676006	-1.1397563
0.44751456	0.6665298	0.97107506	0.31246746	-0.9919996	0.48745495	1.0672795	0.72125787	0.9136839	-0.70908
-0.9821118	-1.3544974	-0.41421518	-1.0475204	-1.4248455	-1.389061	-2.056194	-1.2330968	-1.1115295	-1.4055905
-0.58198524	-0.68558633	-0.1393047	-0.7057902	-1.8874527	-0.7330849	-0.9878008	-1.0308176	-0.954476	-1.1766975
0.3238987	0.1034548	0.9367639	0.21774097	-1.0423723	0.34377858	0.11298108	0.7430175	-0.4625687	-0.9690272
-0.3191546	0.6151116	-0.20218506	-0.54990095	-0.8905566	-0.89530087	-0.014495558	-0.48960182	-1.5257958	-1.1243154
-1.7702489	-1.7394191	-1.2127095	-1.7237858	-1.4280825	-1.9784786	-1.9113688	-1.2851297	-2.8397129	-1.2065488
-1.4283756	-1.2469187	-0.94305336	-1.4658322	-1.5192546	-1.0194253	-1.0983576	-0.5651257	-1.170293	-1.0353853
1.5901476	0.45341924	1.9818773	1.2697061	-1.580806	0.47357187	0.17889418	0.71155614	0.25305456	-1.034755
0.5854826	1.0313538	0.9632802	0.34569955	-1.0567694	0.13884167	0.8466483	0.7957889	-0.28583798	-0.9446515
1.2992688	1.198133	1.6946892	1.0136641	-0.7668628	1.8162901	2.1379085	2.2313585	2.0143998	-1.0012186
0.9731901	1.539691	1.6592143	0.7376424	-0.94747436	1.0569774	1.1292557	1.9465721	-0.84417945	-1.2243444
-0.20188186	0.49808505	0.17121296	-0.4546886	-1.250314	-0.092371225	1.6993954	-1.2595018	0.20946123	-1.9140245
0.58397675	1.1518437	1.1135253	0.35514414	-1.0762085	-0.3000118	0.4252074	0.50193626	-0.5028898	-1.4054985
0.37591934	-0.25331736	0.9311768	0.23931469	-2.1285577	0.30238038	-0.24454802	0.96424574	0.2943651	-2.321597
1.2261317	0.8786875	1.9412833	0.98901045	-1.0826054	1.67577	1.6899482	2.381412	1.1696151	-1.5030487
0.29744023	0.44201413	0.8501549	0.06595068	-1.3621459	0.34006736	0.2673517	1.2764941	0.7227687	-1.7877302
0.40233734	0.42150745	0.7971313	0.2709905	-1.1635534	0.6196762	0.10417767	1.1149113	0.2898942	-0.88832486
0.9461978	0.72551835	1.4339237	0.716102	-1.0786186	1.9134458	0.6897915	2.3661723	1.7945817	-1.4404559
-1.3719093	-1.4646834	-0.8769108	-1.3614753	-1.6090863	-1.1990113	-2.4956834	-1.1875432	-0.5110687	-1.4894601
0.93049806	1.236075	1.338157	0.79398525	0.28408155	2.0497804	0.5735692	2.5461614	1.608059	0.3561077
-1.4673256	-1.6175499	-1.0160416	-1.3747325	-0.86902404	-1.9240847	-1.9921559	-1.1784316	-2.3413303	-0.6703924
-0.04079113	-0.805454	0.3418027	-0.18343143	-1.4120042	-0.08947444	-0.5415851	0.29223654	-0.32180372	-1.538156
-0.26272002	-0.75545526	0.09962562	-0.38044214	-1.5349394	-0.5776958	-1.1003673	-0.27575532	-0.38300598	-1.6628618
-0.07233247	3.6402447	-0.10097438	-0.5052608	0.59812	-0.26250005	2.655143	0.102412514	-0.7150861	0.38944903
0.46535698	0.7203804	0.9433788	0.2707314	-0.8897182	0.074746795	0.6257063	0.5608793	-0.026343731	-0.89182097
-0.30289474	-0.53528345	0.33884117	-0.4176944	-1.137926	-0.9619348	-0.71134806	-0.08234529	-1.0134385	-1.3112161
-0.015503727	-0.2964712	0.4163167	-0.15031873	-1.4668051	-0.07046602	0.076484874	1.0074319	-0.009208483	-1.5555373
0.40536144	0.9471705	0.53172046	0.22101204	-0.5216547	0.69790477	2.028245	0.2791368	0.36985675	-1.3598104
-0.9626006	-1.0435046	-0.64803374	-0.97298306	-1.0128446	-1.2912458	-1.5824776	-1.3886988	-0.80036384	-0.72151256
0.26631543	1.9704871	0.59354913	-0.12787463	-1.3001558	-0.672925	0.66281796	0.28349984	-0.8905646	-1.5386136
0.36394945	-0.12951505	0.8926617	0.223783	-1.3866928	0.05249719	-0.36762288	0.3931877	-0.07465547	-1.405583
-1.0997779	-1.4023131	-0.57960415	-1.0729572	-1.7603629	-1.2359916	-1.5186166	-1.3676363	-1.7489933	-1.5722253
-1.9392577	-1.8900499	-1.1998084	-1.8864493	-1.5799725	-2.033387	-2.05892	-1.5881186	-2.5803022	-1.5043011
0.12527108	0.047307074	0.8041525	-0.06211622	-1.1700643	-0.63552797	-0.8327921	0.43682528	-0.979817	-0.8054187
0.21388742	0.18793711	0.8440666	0.035680905	-1.5819908	0.16378315	0.63566667	0.5878262	0.09331555	-1.5224919
0.16710687	-0.37122443	0.811425	-0.0053325742	-1.5154473	-0.39689136	-0.72691303	0.16817181	-1.0033143	-1.4972942
0.69245136	0.00030727684	1.4179075	0.46348357	-1.3760427	0.5527128	0.15286356	1.081976	0.13409482	-0.84338623
0.6093746	1.4157522	1.191334	0.3484252	-1.0540937	-0.75303423	1.443993	-0.16619273	-1.1313419	-0.7780706
-1.329675	-1.4541641	-0.9449557	-1.2756305	-1.3945063	-1.1419926	-1.0692255	-1.0206907	-1.4561099	-2.055172
-1.6833037	-1.8713335	-1.0966749	-1.6652449	-2.050182	-1.894548	-1.8972719	-1.1382478	-2.0165856	-2.1555696
-0.8779282	-0.83550465	-0.5098102	-0.9531556	-0.5638548	-1.1724426	-1.8014567	-0.97939634	-1.8331176	-0.7630007
-1.702999	-1.5178106	-1.1592298	-1.648546	-0.5516712	-1.3688194	-1.0233948	-1.1670454	-1.7944502	-0.120042376
-1.2812856	-1.534351	-0.83973944	-1.25886	-1.1294959	-1.6112688	-1.3180716	-1.2231554	-1.3166475	-0.36086905
-0.53733665	-0.7037128	-0.12062994	-0.5943082	-0.68160033	-1.4869838	-1.7945093	-1.1314822	-1.3904217	-0.64859515
0.39209715	1.2242512	0.8389226	0.0654463	-1.281059	1.164842	2.329406	1.7246939	1.0703506	-0.8341862
-0.6717976	-0.20229402	-0.29581907	-0.84220874	-1.2639985	-0.91917676	-0.7874848	0.11602748	-1.112227	-1.1241121
-0.964011	-1.1357474	-0.42040887	-1.0475236	-1.4633132	-1.5772289	-1.5884582	-0.48899192	-0.8334238	-1.4460163
-0.38167217	-0.23399588	0.09017451	-0.5913602	-1.3616062	-1.4799647	-1.0222111	-0.5401688	-0.6922167	-1.5906252
0.83703035	2.1792104	1.216315	0.48413706	-0.67762935	0.37496343	0.99575853	0.5371339	-0.19882326	-1.279161
-1.3876945	-1.5665021	-0.83196974	-1.4236968	-1.3753723	-0.89667946	-1.6391822	0.011237289	-0.42909935	-1.2328453
0.49350575	0.2250784	1.0504364	0.29508966	-1.7727373	0.13386844	-0.4674463	1.1961889	0.5924963	-2.094719
-0.37899008	-0.31132126	-0.058226317	-0.5071835	-1.0567176	-1.3902527	-0.7923148	-0.22751543	-1.7290317	-0.70789886
0.4115533	0.59995127	0.92662704	0.20733647	-1.0517585	1.4060096	1.8172537	2.0919647	1.2740128	-0.9665507
1.5535902	1.7570661	1.9650656	1.2137427	-0.9929874	-0.25221518	0.27894965	0.7707669	-0.6221007	-1.6102229
-1.389212	-1.496592	-0.8540108	-1.4401648	-1.6864524	-1.9115747	-0.76698583	-1.4366773	-0.09205091	-1.7874286
-0.31833842	0.21498701	0.019739702	-0.44422042	-0.9527986	-0.51322144	0.40807664	0.080248535	-0.82103264	-0.6876754
-0.2594638	0.11047143	0.108442515	-0.38578254	-1.1971868	-0.6318036	-0.22902459	0.36383313	-0.58659965	-1.576817
1.2516383	0.87243783	1.6547407	1.0229887	-0.9332018	1.4879022	0.57008696	1.511754	1.1551558	-1.0821054
0.2699681	0.383131	0.84578323	0.027464524	-1.5473454	-0.4045134	0.1305556	0.30212393	-0.85639274	-1.326481
0.48852786	-0.4138056	0.92957497	0.2585141	-1.6735356	0.009249531	-0.124547005	0.6406826	-0.37370113	-1.160507
-0.4116365	-0.15543267	-0.016869545	-0.5478542	-1.2514535	-0.3478464	-0.21588711	-0.039540388	-0.75176835	-1.338337
0.4419205	0.19858384	1.0393484	0.2685973	-1.263814	0.34780678	0.07228422	0.900373	0.1325988	-1.6218987
0.5270172	1.413425	0.99048984	0.20902662	-1.272898	0.30147305	0.6995942	0.6122829	0.16965954	-1.4831434
0.45733085	0.65784943	0.9395467	0.21499	-1.2737869	-0.014073625	0.586768	0.61370814	-0.061345547	-1.617406
0.3609453	0.597219	0.97892797	0.046058804	-1.4840941	0.10849741	0.030114857	0.7399663	-0.36049834	-2.384274
0.65823114	0.41261914	1.3335196	0.47077	-1.1931562	-0.12535752	0.2809849	0.6037661	0.35891536	-1.3788717
0.69204813	1.0442414	1.3169022	0.47962463	-1.2878054	0.56829876	1.0276389	1.1308781	0.27190065	-1.4372774
-0.29459473	-0.58753914	0.1342044	-0.3824368	-1.0995505	-0.6307972	-0.39243907	-0.010405858	-1.2851709	-1.8391142
0.13638619	-0.07966353	0.6495985	-0.06299323	-1.6072246	-0.37716767	-1.441112	0.6286986	-0.34152764	-1.887213
-0.1855022	-0.2513272	0.2543496	-0.3324311	-1.2679876	-0.7229348	-1.6594614	-1.0823648	-1.1619947	-1.246351
1.3134497	2.3767054	1.6293949	0.8968946	-0.8200623	0.6027761	0.98805887	0.09475449	-1.0878404	-1.7157012
1.667934	3.1019747	1.9764756	1.1988933	-0.84241784	2.1012034	3.1013973	2.0652797	1.7787431	-0.9336904
1.9111131	3.3265646	1.9228528	1.5778697	0.5832411	1.7696776	3.1940818	2.8061697	1.1778747	1.4545326
1.117254	1.356801	1.7574811	0.82137597	-0.7750597	1.0684804	1.0187547	1.7541174	1.0800639	-0.58857393
0.17044523	0.5841682	0.8328124	-0.040072486	-1.3992133	0.16643986	0.0010033961	0.42444164	0.008635508	-1.5588586
0.6775207	0.713794	1.2652931	0.524112	-1.0672348	0.7920658	1.0439204	1.2350171	0.29810855	-0.9669784
0.807405	1.7871063	1.3414736	0.5176507	-1.1315219	0.8568112	2.687454	1.1908232	0.3386187	-0.9630934
-0.3089648	-0.07866487	0.10335097	-0.48006815	-0.9390558	-0.41457033	-0.118338	0.35033476	0.13049957	-0.98883915
0.4627494	0.24566239	1.0824085	0.22792663	-1.2813095	0.89061505	1.3473716	1.3645713	1.0177394	-0.36691332
0.87318534	0.48982146	1.2858176	0.64989847	-1.1614885	0.9011406	0.6697857	1.4129336	0.69314915	-1.2115502
-0.39380154	-0.3587833	0.0572398	-0.4508242	-1.1428238	-0.9748654	-0.94746226	-1.047002	-0.23619066	-1.8620214
-1.368447	-1.485116	-0.8945112	-1.3612921	-1.5228198	-1.7749364	-1.8815304	-0.97982097	-1.9887908	-1.6692293
0.24158442	0.059741348	0.8201741	0.011755437	-1.5073736	-0.6850959	-0.253555	0.6577235	1.1558766	-0.77253664
-0.033780195	0.34535792	0.38752887	-0.16498013	-1.179314	-0.57974035	-0.8711337	-0.71355647	-1.2730192	-1.7588748
0.438884	0.72020864	0.96286213	0.23107328	-1.1952518	0.02390132	0.5547161	0.5062932	-0.44982356	-1.337914
0.4274256	0.6524184	1.0126431	0.2192036	-1.089403	0.36793992	0.9693794	0.6118092	0.01729854	-1.7409354
0.4846625	-1.0863781	0.8962641	0.4013316	-1.5337309	0.56237286	-0.66059476	0.43278813	0.44607198	-1.1571687
-0.48177302	-1.0042878	-0.1455962	-0.6060218	-1.637118	-1.2896553	-1.8249615	-1.2068553	-2.0447621	-2.3511326
-0.32314408	1.3641502	-0.09515867	-0.71592104	-1.0854857	-0.3454812	2.7877328	-0.14986962	-0.82364017	-1.0522573
0.1256206	0.5804888	0.5207212	-0.15408508	-1.4397433	-0.5398641	-0.02600483	-0.32240972	-1.1342686	-1.8313924
0.17376253	0.18931383	0.67779195	-0.014584288	-1.4151771	-0.23924695	-0.78829956	-0.27959472	-0.38128027	-1.0468887
-1.5376351	-1.8396975	-1.0133462	-1.4363967	-1.5080162	-1.520727	-1.1788111	-1.1967313	-1.2726377	-1.9665612
0.6677113	2.4356668	1.1373777	0.32343507	-0.82287824	0.19602992	1.5848778	0.8168126	0.17662281	-1.0983137
-0.7882447	-0.47287253	-0.44006583	-0.8653697	-1.194187	-0.813216	-1.1036732	-0.25655198	-1.6476412	-1.6577411
-1.6234512	-1.6344316	-1.0863606	-1.586498	-1.0955182	-1.6550698	-2.4138515	-1.7090279	-1.8638088	-1.1264769
0.1663999	0.29915085	0.8195716	-0.02175279	-1.2848808	0.6396194	0.37964937	1.5268614	1.3135505	-1.4284351
0.31679583	0.36359397	0.8855897	0.14240767	-1.1497822	0.14702407	0.3095019	0.94077045	0.21050401	-1.3861593
0.20831752	0.80367374	0.83921313	-0.004387453	-1.0097821	0.21235435	0.58743656	0.9952426	0.49020585	-0.8547689
-0.13922618	1.2167127	0.46518695	-0.4166826	-0.6804881	-0.2335033	0.6172845	0.36764112	-0.44230115	-0.9014857
-0.87150085	-0.5249975	-0.46582553	-1.0025524	-0.71967864	-1.5676526	-1.2709644	-0.96161526	-1.5915554	-0.9106244
0.4331961	0.27214488	1.3214134	0.2509529	-1.1976753	0.40184858	0.30186453	1.4558489	0.19511369	-0.32782307
-0.31781474	-0.3471884	0.12802011	-0.48818165	-1.2423654	-0.6586063	-0.870572	-0.7845712	-1.2267761	-1.6425147
-0.29611295	0.7146826	0.17041531	-0.48679107	-0.8971423	-0.693315	0.6857461	-0.4863743	-1.3044795	-2.028197
-0.074834324	-0.09983137	0.44542953	-0.18810965	-1.1774417	-0.53007025	0.2471126	0.64118475	0.012976493	-1.2782844
0.45003793	0.42774972	0.9993303	0.25320673	-1.4037766	0.70203346	0.8488793	0.6024614	-0.20251302	-1.9610977
-0.37740678	0.5668876	-0.047543526	-0.5250248	-0.3192302	-0.7367953	0.4516603	0.0064551	-0.46339735	-1.4710907
0.88380307	1.2744402	1.5732342	0.6616671	-1.1901163	0.7168991	1.3590386	1.3543932	0.5193539	-1.1140642
-0.127619	-0.60101795	0.2448886	-0.22566982	-1.4151236	-0.8693937	-1.4793168	-0.14809506	-0.7052926	-1.7701375
-0.19547871	0.87858033	0.007533282	-0.3706277	-0.7313349	-0.7156199	0.0878173	-0.16001514	-0.84735	-1.19464
-1.1500571	-1.2135653	-0.7451652	-1.1393445	-1.2534173	-1.6796023	-2.2308264	-1.0757854	-1.4816477	-0.84856313
-1.1799641	-1.3918842	-0.66973734	-1.2439753	-1.57296	-2.0450702	-2.54293	-1.8431777	-1.8372433	-1.6186188
-1.0182344	-1.1254379	-0.547261	-1.0508085	-1.4818555	-0.7523393	-1.0161175	-0.22873326	-0.8678108	-1.0544158
-1.9760207	-1.8966252	-1.2643405	-1.9435133	-1.6296017	-2.1026309	-1.7630411	-0.9491968	-2.224208	-1.7326765
-0.40208748	-0.5996208	0.019281179	-0.57318866	-1.4667512	-0.7814353	-1.5814646	-0.6642216	-1.157764	-1.5029229
0.3866491	-0.2177614	0.8806281	0.13949223	-1.1539105	-0.13852464	-0.2917089	0.246421	-0.009567452	-0.97466886
1.0247554	0.8706852	1.4113407	0.7966592	-0.9537566	1.1278958	0.94587547	1.7476805	1.1299207	-0.9725665
1.6848344	2.614982	1.9432414	1.0843496	-0.9507934	1.3174546	1.946932	0.5626194	0.7474983	-1.4031668
0.20181048	-0.6416465	0.81706667	0.018673673	-1.0921478	-0.52886426	-0.10807443	-0.6875584	-1.2107182	-0.69744647
-0.51885456	-0.22925666	0.0072861314	-0.72796893	-1.462282	-0.062960155	-0.3096448	0.011104977	-0.19053935	-0.55240905
1.2437694	1.1182896	1.5429214	1.0164629	-0.42057467	0.84100205	1.2305794	0.81570196	0.708041	-0.48426557
-0.6101755	-0.7301066	-0.15107927	-0.7433878	-1.3416404	-0.47794697	0.04542331	0.018684158	-0.3391483	-0.97689813
-0.05284851	0.06355956	0.3619295	-0.259396	-1.3426806	-1.0455539	-0.28453568	-0.082570545	-1.1874429	-1.4801491
-0.5638363	-0.39127916	-0.12926832	-0.72849584	-1.5893198	-0.79904884	-0.99274504	-0.97736067	-1.413245	-1.3732522
0.44489953	1.6717734	0.4788027	0.10853852	-1.1418822	-0.2351591	1.0407928	0.068524145	-0.8393613	-0.95839596
-0.27692464	1.1768876	-0.22026348	-0.52335775	-0.93805873	-0.43247965	0.6366975	-0.110302456	-0.58030367	-1.3598537
-1.02597	0.14589393	-0.8680161	-1.155151	1.2875237	0.022184832	0.32958168	1.43666	-0.6472661	2.5308313
0.34660792	0.4803224	0.82248724	0.13855155	-1.3559265	0.12775967	0.41824815	0.7381222	0.27806944	-1.7733665
0.23907062	0.015690655	0.84725904	0.033759743	-1.5736951	-0.84214133	-0.5139711	0.3454165	-1.8837981	-1.4482094
0.07336103	-0.07978994	0.54135156	-0.103780195	-1.2830876	-0.43361107	-1.5365591	-0.49574435	-0.3596523	-1.2265863
0.70179695	2.068073	1.0687459	0.4132898	-0.58967596	-0.06220596	0.43895307	0.36056414	-0.26572162	-2.0410092
0.7943693	0.75591946	1.3397843	0.5906638	-0.76430154	0.847798	0.39527437	0.99839795	0.79912937	-0.7118024
1.355049	2.0293756	1.882172	1.0487162	-0.5738065	1.9667519	1.3638126	2.2715743	1.8098246	-0.36192617
0.19494614	1.2726856	0.6758705	-0.105702706	-1.223089	0.08895667	1.4270302	0.2771341	0.4929116	-1.5330983
0.42521045	0.8477571	0.83396816	0.1942849	-1.0537797	-0.16549748	-0.15922503	0.2740094	-0.42172667	-1.0760286
-2.1047897	-1.351778	-1.5336962	-2.0519605	-0.2905219	-2.2848752	-1.2044429	-1.375045	-2.3150463	-0.6460217
0.7377388	2.4062073	0.9233583	0.37412828	-1.3444482	0.9808038	0.9639654	1.2511758	0.7749092	-1.985177
0.7330629	1.4278592	1.1764642	0.4402445	-1.1753322	0.5445376	1.0352829	1.1232799	0.44629428	-1.7558609
-1.1297983	-0.78384125	-0.7157049	-1.2095758	-0.6410234	-1.6116042	-1.8792055	-1.8718671	-1.7957349	-1.1265329
0.05163654	0.6324657	0.61642	-0.17638315	-1.1178615	-0.6061336	-1.0872416	0.50535345	0.2656352	-1.1528121
0.47082397	0.9245583	0.8665211	0.19456254	-1.3838605	0.07801159	1.1529793	-0.08844517	-0.25717136	-1.4556285
0.33548775	0.90114534	0.92631686	0.06254588	-0.4848215	0.08134822	0.14260896	0.33113417	0.044352192	-0.8261711
1.1791545	1.2555493	1.7848648	0.9999995	-0.9207356	1.243358	1.553239	1.7378768	1.2487845	-1.7109151
0.88651735	2.1324303	1.2434512	0.5577359	-0.74837387	0.61687213	1.859967	0.73546994	0.35109243	-1.2209032
-0.025847182	0.24749506	0.42226097	-0.27313024	-1.5144163	-1.0513504	0.48641393	0.43229088	-2.1939328	-1.4265902
-0.34877867	-0.40041703	0.111964405	-0.44406068	-1.1777127	-0.5740207	-1.0171559	-0.25074387	-0.54003197	-1.1605059
0.76657873	1.0908133	1.3341768	0.48224974	-1.2983382	0.48904285	2.0324397	0.965145	0.2958268	-0.9863547
-1.0586038	-0.6950377	-0.66548383	-1.1431282	-0.7979098	-1.7297627	-2.5953655	-1.6180593	-2.1401954	-1.4243319
0.6538986	1.6083654	1.1444294	0.33844036	-1.4291134	-0.059397437	2.6921167	0.8133181	-1.3440808	-1.2075561
0.44250426	1.9123187	0.73615694	0.17913215	-0.5509407	0.45166832	2.2318368	0.63118887	-0.073865764	-0.27304953
-0.4046462	-0.10759717	-0.02719903	-0.4787644	-0.7938161	-2.3395119	-1.7549822	-1.4713901	-2.527075	-1.4684548
-0.9469159	-1.4494836	-0.5442407	-0.99813604	-1.2797245	-0.5648982	-1.938033	-0.16641979	-0.9652763	-1.3948901
-1.3784062	-0.7551997	-1.0547901	-1.4058276	-0.5341198	-1.0639839	-1.7203076	-1.5465217	-1.6559583	-1.2203479
0.33420628	0.9372102	0.23450749	0.039771393	-0.3069498	-1.1038939	-1.4921131	-1.2369074	-1.215111	-1.7209339
0.104549505	0.9437256	0.025962174	-0.11768874	-0.048624605	-0.6424733	0.724907	-0.24442133	-0.95001185	-0.5025188
-1.1609354	-0.1814892	-0.88179886	-1.2532432	0.015423864	-0.4995662	0.8013693	-0.8245396	-1.2839855	-1.1261064
-2.3888187	-2.2387564	-1.5607331	-2.3246806	-1.7516711	-1.533232	-1.4512552	-1.5019742	-1.7701228	-1.8626754
-0.9613716	-0.6394994	-0.43524596	-1.0907383	-0.5805894	-1.5999019	-1.5584564	-1.21673	-0.6699655	-1.327235
1.2548988	1.4596132	1.6345589	0.9528476	-0.7933564	1.0122005	1.667627	1.458257	1.117771	-1.0193142
-0.8931293	-0.6287298	-0.4378409	-1.0076882	-1.2742386	-1.2498289	-2.1710727	-1.4970378	-1.1591651	-2.210434
1.9438158	3.020159	2.1211643	1.4859649	-1.1821538	0.30488306	1.6303508	0.6260945	-0.4456705	-0.97507304
-0.49698707	-0.07977173	-0.07707733	-0.65500253	-1.0535252	-0.55992645	-0.74316996	-0.11770801	-1.7060298	-0.9254381
-0.9584055	-1.0434878	-0.53543496	-1.0312064	-1.418917	0.3364149	-0.8255655	0.26560843	0.5928311	-1.6241981
-0.6393265	-0.95626783	-0.11230594	-0.70646566	-1.265194	-1.1573467	-1.5241367	-0.8398817	-1.2902256	-1.3242316
-0.45677105	-0.7234256	-0.26424316	-0.5153399	-1.4712516	-0.20839326	-0.9497238	-0.36184046	-0.80274534	-1.3136134
-1.055763	-1.1046854	-0.5967951	-1.0663213	-0.81750256	-0.67743766	-0.409333	-0.6588483	-0.34473974	-1.7230635
-0.43518403	0.5929105	-0.24355823	-0.62340474	-0.72837865	-0.6422115	-0.6413996	-0.44254112	-0.7978548	-1.7950301
-1.3029456	-0.84291923	-0.8665118	-1.3811202	-1.128612	-1.1830188	-1.5736476	-0.9302719	-1.1655262	-1.257795
-1.0036987	-0.98622656	-0.45658997	-1.0862695	-1.2157506	-1.4990945	-0.77162474	-0.5360279	-0.9627679	-1.5488071
-0.24423951	-0.46869528	0.25129703	-0.34040844	-1.4286562	-0.6357404	0.2857441	-0.36027995	-1.0700752	-1.5718149
-0.5800992	-0.15955052	-0.04453966	-0.7562965	-1.5762146	-0.5788602	0.6217291	-0.1665917	-0.41693467	-1.8610934
0.43673262	0.3957449	1.1391258	0.29710662	-1.2246869	0.1422072	0.2736932	0.9278572	0.41894746	-1.9371072
-0.6715663	-0.6977209	-0.21347314	-0.77832603	-1.35963	-1.2677393	-1.147865	0.1302262	-1.5500275	-1.4573584
-0.5958046	0.42732444	-0.31596377	-0.79328704	-1.3514447	-0.71241045	0.09551356	-0.38327634	-0.8674839	-0.94125235
0.37191498	3.1058555	0.50246537	-0.0846312	-0.82809615	-0.7850366	0.037842363	-0.61700565	-0.7465177	-1.4974247
0.04907488	0.17431787	0.5538441	-0.1416044	-1.2418796	-0.11566189	0.24540788	0.06857931	-0.2437441	-1.6964278
0.42858535	0.39617673	0.9086386	0.22963099	-1.2339952	0.3827117	0.662792	1.2016201	-0.19454226	-1.4148428
0.7298689	0.72808504	1.2847553	0.48479307	-1.3262869	0.72045743	0.7896856	0.9972197	0.30622876	-0.9972828
-0.46494523	0.029047698	-0.03897941	-0.58920807	-1.0397688	-0.20024979	0.27750242	-0.078942694	-0.34600046	-1.0918661
0.6059217	0.52659965	1.2361974	0.4458012	-1.0259287	0.6670737	0.9473057	1.9545497	1.5029709	-1.1054965
-0.7227032	-0.96062565	-0.26792046	-0.799736	-1.3967516	-0.59508455	-1.4489139	-0.2232389	-1.0963088	-1.5060306
-0.8849975	-0.7669518	-0.49651983	-0.9439986	-0.9952489	-0.5093487	-0.65207046	0.29485	-0.68620807	-1.8234929
-1.1801076	-1.2091846	-0.6403227	-1.2220141	-1.4040188	-1.6128573	-1.7244531	-1.1287118	-1.3830637	-1.2008902
0.40388566	0.73310816	0.89987755	0.18529017	-1.2221954	0.52615166	0.42532364	0.6957676	0.122409016	-1.8022506
0.6076167	0.67184865	1.1818854	0.36981946	-1.20872	0.8803976	1.119521	1.2915797	-0.17469569	-1.0369451
-0.07570756	-0.3217044	0.60339844	-0.19200043	-1.106988	-0.5978256	-0.27456245	0.4778851	0.1674868	-1.6605947
0.88475674	1.3287585	1.2988423	0.5663725	-0.60832095	0.46292174	0.629246	0.79003525	-0.23582208	-0.72627753
0.8732445	1.0018688	1.5229503	0.7102179	-0.87196827	0.30371264	0.7801572	0.95184463	0.24168272	-1.3380389
0.29865304	0.32677284	0.94223106	0.15255167	-0.9925127	0.5834984	0.80520207	1.552426	0.56515485	-0.9612167
-0.018474586	-0.1480557	0.56738555	-0.14589916	-1.002859	0.41341886	-0.35442686	1.2466061	1.086755	0.00027090023
1.036493	1.6073148	1.5825481	0.78307164	-1.0264361	1.2481933	1.3117774	1.5289276	0.69262767	-1.077349
0.22250023	1.9372103	0.524037	-0.14532018	-1.255287	-0.20196885	0.92740744	0.45679528	0.09776824	-0.878087
0.30866894	1.0014932	0.7339157	0.014292479	-1.2878158	0.03882977	1.1314261	0.6870332	-0.08885326	-0.5861159
0.49053976	0.6018561	1.0908514	0.23912777	-1.4566585	-0.13122883	0.58995515	-0.49546713	-0.9949943	-1.2285665
0.44368365	0.6782118	1.1289045	0.23739831	-1.102762	0.082593486	0.3017018	0.8407841	0.18119176	-1.2920252
-0.60611373	0.15351632	-0.28611252	-0.7989059	-1.2072314	-0.87752676	-0.43537638	0.032620072	-0.88238597	-1.579879
-0.70535725	-0.9461378	-0.21568605	-0.7569713	-0.47688895	-0.7693522	-0.9221397	0.06937654	-1.1941843	-0.12643236
-0.17136884	-0.4136074	0.29742625	-0.35573542	-1.4113809	-0.4586137	-0.3635601	0.8838937	-0.4401125	-0.9867257
-0.38755625	-0.283436	0.0028430223	-0.49109524	-1.24039	-0.08225088	1.0977309	0.31397113	-1.1350483	-0.6451065
-0.8132933	-0.1948593	-0.42853758	-0.94636583	-0.94849825	-1.5462255	-1.2914714	-1.1150953	-1.1663369	-0.79845494
0.88041925	1.5426161	1.5608224	0.5500083	-1.2322457	-0.046617854	0.6271091	0.48781636	-0.5987417	-1.8113589
-0.943047	-0.74660504	-0.47583166	-1.0219709	-1.2962735	-1.1822566	-0.8492621	-0.4375451	-0.3400404	-0.67846113
0.57492656	3.2172444	0.5458442	0.15802471	0.0013755262	0.2950921	3.1415832	-0.014583442	-0.028671913	-0.57858783
0.46260616	3.0732243	0.68846047	-0.006660953	0.116034836	0.60595906	3.5777302	0.85677785	0.5897213	-0.59954613
0.32186076	0.4545394	0.8893764	0.12239818	-1.2780702	0.04605881	0.06008906	0.84243435	-0.70572615	-1.247569
0.6574275	0.46978495	1.3747834	0.45647174	-1.2001891	0.3273977	0.22343233	0.8807533	0.4036984	-1.2700808
-0.5817185	-0.6237975	-0.21660084	-0.67664564	-1.3508835	-0.5491158	-0.44640738	-0.2798829	-0.25410086	-0.87419087
0.252669	0.42182437	0.7922572	0.01837644	-1.2898726	0.2385445	0.5081718	1.0109358	0.30031025	-0.7232076
-0.7633655	-0.59136665	-0.38900235	-0.8915565	-1.4906514	-1.1632283	-1.1161106	-1.1097176	-1.2895261	-1.8649385
0.86492175	3.4501865	1.193574	0.47829014	-0.47892538	0.19195358	0.4942223	0.64413196	-0.2759711	-0.97557634
0.52245206	0.3832762	1.0588725	0.27484524	-1.2237272	0.64475214	0.792544	0.6901598	0.41478083	-1.7928159
-0.6100709	-0.83795154	-0.39419654	-0.6625947	-0.34997314	-1.2482014	-1.0656488	-0.88326997	-1.7567337	-1.3235239
0.6255011	0.5751505	1.2066848	0.39275026	-1.1619567	0.60307294	0.3267813	1.2861943	0.48087814	-1.2166
0.19534561	0.45966074	0.68078655	-0.04354319	-1.2746727	0.03782125	-0.10807443	1.5844688	-0.35047948	-1.2675098
-0.43653545	-0.1315274	0.12649655	-0.65930665	-1.4492055	-0.25760004	0.3208912	-0.061980285	-0.5205806	-1.2962924
0.10125809	-0.07553615	0.57199883	-0.098017976	-0.95640886	-0.27522337	-0.34205902	0.59629035	-0.14088959	-0.68141603
0.065159164	-0.31013128	0.62587094	-0.1155598	-1.6065372	-1.3909222	-0.3976407	0.4657129	-0.4132449	-2.1027129
0.18524882	-0.55265975	0.5890029	0.04561609	-1.2129481	-0.5055916	-0.9388975	0.47706482	-0.36302456	-1.4809942
0.44689324	0.885658	0.93735206	0.20547335	-1.1450654	0.32357812	1.8952333	1.0368266	0.1728666	-0.8251482
1.0396719	1.3679061	1.3505203	0.7906674	-0.5234332	1.0784671	1.033547	1.0464725	0.93717206	-1.1571628
1.21598	1.3542423	1.7913059	0.92601705	-1.2468531	0.89359677	0.54339397	2.229704	1.5402004	-0.9538495
0.878331	2.2081988	1.3788595	0.56984824	-0.60700446	-0.048746645	0.46620712	0.85230875	-0.3207264	-1.2146865
-0.032460786	0.092592955	0.5025871	-0.23227167	-1.4101168	-0.16904524	0.07287237	0.11397739	-0.5320619	-1.202904
-0.07795502	-0.30748245	0.32064387	-0.25174963	-1.4176077	-1.1623111	-0.82562286	-0.59729654	-0.17575528	-1.7105758
-0.6617821	0.054849774	-0.30241677	-0.8239461	-1.203217	-1.2060821	-0.34966564	-0.21036465	-1.7752582	-1.6704904
-1.5734916	-1.514801	-0.9400673	-1.6117955	-1.1181122	-0.71866035	-1.1536235	0.21664345	-0.3293309	-0.821787
0.648066	0.7049813	1.2510604	0.44892824	-1.137312	0.68593884	0.64426976	1.2398936	0.49974555	-1.2106768
-0.2120513	0.23429558	0.040998235	-0.42253566	-1.5023369	0.15019378	-0.17939442	-0.41258022	0.055945527	-1.9465233
0.070266865	0.37092558	0.57846344	-0.103016034	-1.197749	-0.32676768	0.72685957	0.3318385	-0.21177712	-1.527152
-1.0578136	-1.5847204	-0.48141858	-1.0003428	-0.9496008	-1.7945948	-2.1403542	-1.6414088	-1.7800285	-1.7296355
0.6789844	0.7595165	1.1178268	0.44396198	-1.1706868	0.43144745	0.08092894	0.8663069	-0.26674446	-1.666848
0.3214903	0.8813751	0.9615798	0.09624632	-1.20958	-0.1339258	0.16717075	0.48686996	-0.09140671	-1.3733759
-0.12639728	0.067340106	0.03267327	-0.36515605	-1.6414516	1.6518846	0.08874613	2.109763	1.4341723	-2.558815
0.141375	0.37197092	0.860638	-0.05378586	-1.4061333	0.18051726	-0.74298316	1.3571908	0.59670824	-0.7470056
-0.71737784	-0.7772399	-0.3099011	-0.8175514	-1.565317	-1.3051467	-1.1347216	-1.2188648	-1.6870825	-1.5377889
1.5963384	0.8996451	1.9002646	1.2858174	-1.0785255	1.3473674	1.2161276	1.2214227	0.98789084	-0.6372537
-0.8041311	-0.9346242	-0.33465686	-0.84867984	-1.4785212	-1.3395826	-1.6624439	-1.1553588	-1.45123	-1.4599345
-0.87347203	0.44877782	-0.5401584	-1.0737381	-1.5150553	-0.45236126	-0.013819397	-0.65381145	-1.0694296	-1.5651151
-2.4614	-2.2609496	-1.7173234	-2.3874521	-1.6487762	-2.7853644	-2.8855777	-1.5534161	-2.9586627	-1.3427081
0.57481956	1.7619945	0.9983988	0.25451612	-0.92664003	0.7344561	2.2675133	0.8851268	-0.111952156	-1.3019987
0.42582145	0.91922426	0.99688494	0.20276742	-1.0560758	0.5852208	1.4982688	1.0679176	0.19662605	-0.8864291
-0.24782872	0.7463838	0.1255545	-0.5179049	-1.2013243	-0.051319003	1.1510566	0.49836898	-0.030754928	-1.1134102
0.053024583	-0.03597647	0.5452832	-0.09579219	-1.1337314	-0.42575586	-0.42354488	0.5228144	-0.21759401	-1.5983295
1.0330106	2.1555312	1.5359377	0.7047025	-0.7629914	0.7771909	2.0136704	1.0331658	0.13652292	-0.67171973
0.75412554	1.1436163	1.3972917	0.47859555	-1.2891548	2.7096906	1.7033052	3.1448767	2.2259157	-1.6141487
0.88475865	0.34946892	1.3616197	0.58561385	-1.5391372	0.8428099	0.5622475	1.1960218	0.8342928	-1.6600418
1.0395199	3.7608373	0.9434346	0.3639605	-0.7476201	-0.12824379	3.0264719	0.23951122	-0.27447793	-0.8853685
0.31201473	0.16464448	0.8845401	0.121099934	-1.398607	0.39037105	-0.22235663	0.9240761	-0.40815502	-1.6843575
0.52068895	0.990242	0.79069257	0.3466217	-0.72860146	1.179639	0.8011883	0.94411397	0.73995996	-0.9756345
0.44943014	-0.5948547	0.7552676	0.30431145	-1.2747716	-0.034002982	-0.88514966	0.03032903	-0.6438977	-1.1550856
1.202458	1.0532268	1.6769277	0.8897786	-1.5373809	0.7405089	0.0763311	0.9715561	0.24610274	-1.6492188
0.14584777	-1.3077815	0.43732318	0.022549137	-1.0562979	-0.95463175	-1.83529	-0.27616397	-1.0592283	-1.3551079
0.875996	-0.00014445186	1.565898	0.66664755	-1.2565155	0.7794819	0.20686764	1.719603	0.5042997	-0.78190356
-1.6524805	-1.668719	-1.1001447	-1.5895559	-1.3514112	-1.8389764	-1.5995867	-0.9189661	-1.5951365	-1.1572436
0.1771766	0.33875433	0.50520456	-0.039876357	-0.9525492	-0.7847696	-0.5593758	-0.026719494	0.109299034	-0.3498063
1.0777818	0.9587765	1.6107209	0.81647015	-1.1119709	1.1953182	0.2196495	1.8192055	0.9998243	-1.0255013
0.38020504	1.4912757	0.71012783	0.05639659	0.16283974	1.5908753	0.9006546	1.683896	0.6968515	0.4457647
2.5445354	2.654012	2.545963	1.9568326	-0.84665406	4.0184116	1.5454785	3.8416939	3.1607964	-0.8825297
-0.06890587	0.27700916	0.62069106	-0.28657195	-1.6865288	0.13814434	0.18553905	0.6242578	-0.6070136	-1.8046317
1.1708125	0.8337811	1.7736616	0.8982717	-1.048444	1.5019418	0.9316679	2.278633	0.9222391	-1.6858613
-0.073302366	0.01568833	0.4298064	-0.27517012	-1.5516982	-0.7220537	-1.0598543	-0.06709545	-0.5494615	-1.7037283
0.68531114	0.96007025	1.3319954	0.484648	-1.1449815	0.89343506	0.8703011	1.096801	1.4808388	-1.8997729
-0.1436663	-0.96166444	0.50346196	-0.31714538	-1.2794737	-0.46669438	-0.096137665	-0.098350234	-1.1263298	-1.951519
-0.3098226	0.26757804	-0.15275505	-0.53377205	-1.4307793	0.10770743	1.1225382	0.6914027	0.36185363	-0.759539
-0.93873644	-0.7253047	-0.53916967	-1.0129282	-1.3255364	-2.3600557	-2.8517923	-0.87872386	-2.613356	-1.6538455
-1.097859	-1.1206843	-0.5740721	-1.1181645	-1.0841509	-0.73357415	-0.42391613	-0.0361357	-1.1957073	-0.8866014
-1.5192385	-1.6563237	-0.9954064	-1.5192503	-1.1949798	-1.9311447	-2.5572526	-1.6619558	-2.010753	-1.78956
-0.1591424	0.04125911	0.14979975	-0.41479504	-1.3705062	-0.11742432	-0.11406465	-0.35640362	-0.46069652	-0.6644604
-1.4133779	-1.5659621	-0.91316247	-1.3980225	-1.490272	-1.7764947	-2.3905704	-1.2287593	-2.0180426	-1.5395677
-1.459969	-1.5631934	-0.92652416	-1.4501777	-1.4280521	-1.846461	-2.0263186	-1.642652	-2.2290077	-1.5643975
0.1259276	0.037863582	0.70202446	-0.07353254	-1.4688822	-0.08134053	-0.114335835	0.23012714	-0.7173149	-1.9048313
1.200554	0.4096304	1.7328537	0.9607247	-1.6577402	0.13582815	1.028274	1.0073191	0.61079395	-1.0697349
0.52466685	0.9275056	0.9117447	0.26965564	-1.3503416	-0.21479781	0.038942423	0.32938424	-0.113850094	-1.1981102
-0.10906743	-0.07014948	0.3869932	-0.2552439	-1.2450179	-0.45720577	0.13870691	0.41429222	-0.40606725	-1.9657805
0.13424176	0.5736406	0.6953536	-0.052834883	-1.1222914	-1.3073977	-1.4103416	-0.21687908	-1.306469	-1.4456223
0.26666075	2.3587496	0.73088133	-0.1263763	-0.8135035	-0.3176843	2.7353334	0.6605666	-0.8200574	-1.0560538
0.9895566	0.3204703	1.129704	0.7504552	-0.9255563	0.8811184	0.075389884	1.5806888	-0.12606122	-0.3066019
1.0718113	0.8010876	1.5908833	0.7588549	-1.0046787	0.7664371	-0.098849714	1.2603785	0.7133101	-1.298918
-1.18221	-1.2474599	-0.6691402	-1.2195337	-1.4289144	-1.5829796	-0.84658563	-0.9036076	-0.59281826	-1.5327045
-0.7290458	-0.95199573	-0.25058034	-0.8112991	-1.3934642	-0.6625085	-1.2232391	-0.6688654	-1.43901	-1.7818171
-0.40071508	0.31217685	0.04134257	-0.677555	-1.2501051	-0.8311962	-0.53846574	-1.5121309	-0.6949596	-1.8805255
0.1402488	0.5282134	0.5472983	-0.107468955	-1.1674643	-0.4574515	0.6645613	0.6141472	0.4552379	-0.6788253
0.22664744	-0.2656409	0.78668964	0.01449348	-1.5659761	-0.25503248	-0.717839	0.1486721	-0.51951724	-1.9906526
-0.119479366	-0.17324358	0.2768929	-0.27746513	-1.2510511	0.01069217	0.410842	-0.17226884	-0.13597618	-1.4276507
1.8052737	0.926486	2.1655157	1.5414991	-1.2810655	2.177514	1.0099723	2.048767	1.7898059	-0.86073536
0.29125306	0.39781186	0.7149275	0.08852275	-1.4956883	-0.044443578	0.20443378	0.2379917	-0.26663405	-1.740553
-0.89294	-1.0711569	-0.3885512	-0.96150887	-1.5781566	-1.2156898	-1.7367227	-1.3288149	-0.85760576	-1.8499033
-0.08893881	1.1264714	0.32036337	-0.34218454	-1.3243811	0.35166365	0.9142263	0.2626334	0.0068224818	-1.1476842
-0.84246826	-0.9588355	-0.4606757	-0.9103229	-1.5838784	-0.9696415	-0.19753566	-0.8223835	-0.95683134	-0.6374709
0.4815012	2.1256132	0.702108	0.10787402	-0.76427424	-0.15507288	1.0670764	-0.27661943	-0.6827633	-1.3662281
-0.051164635	1.0923092	0.5611385	-0.37741297	-1.5388001	-0.061862808	1.9004085	0.24123935	-0.7109878	-1.1002946
0.40971276	1.2279363	0.90898955	0.17443188	-0.95444274	-0.292979	0.9655194	-0.35075524	-0.8754462	-0.058297973
-1.3835627	-1.3425834	-0.8622496	-1.4496886	-1.854421	-1.910492	-2.097752	-2.2573118	-2.4581168	-1.7503381
-1.9490397	-1.9968361	-1.2812381	-1.9299484	-2.2941077	-1.6791682	-1.7152534	-1.1874409	-1.7841761	-1.8598878
-0.8352044	1.1134535	-0.7105417	-1.0406259	-0.6605754	0.04520953	-0.040671322	0.31672016	-0.36836025	-1.0053501
-0.9512918	-0.8103055	-0.5068258	-1.0325185	-1.2077106	-1.6701541	-0.87005085	-0.943878	-2.0538425	-1.4550697
0.77550477	0.5563916	1.21416	0.4413582	-1.7280792	-0.44931397	-0.8891515	0.5823543	-1.0215843	-1.855566
-0.9807009	-0.6812817	-0.7612419	-1.0535327	-1.3088093	-1.5906113	-1.3127285	0.32398665	-1.0348805	-1.2219323
-1.3181779	-1.6063474	-0.7114794	-1.3326924	-1.4932672	-1.6865281	-1.6380103	-1.230058	-2.093265	-1.358503
-0.55076635	-0.6750332	-0.17075923	-0.6938536	-1.2283387	-0.7859859	-0.8528919	-0.4984019	-0.95478326	-1.2622354
-0.6983295	-0.6177273	-0.1484814	-0.79338646	-0.6545979	-0.50284916	-1.1129347	-0.22136301	-0.748921	-0.59622943
-0.045135476	-0.37493986	0.32151583	-0.1907975	-1.2561171	-0.17280892	-0.7732046	0.4073558	-0.4823474	-0.9065625
0.029595979	-0.10209696	0.40875208	-0.18256658	-1.6018559	-0.1310199	-0.5737882	0.36334115	-0.23492472	-2.1365345
0.08614688	-0.33941087	0.47630173	-0.08792341	-1.6686234	-0.4908405	-0.6158309	-0.36341384	-0.4789045	-0.6718852
0.14236006	-0.23426783	0.62028927	-0.032900333	-1.4964877	-0.21363771	-0.49387008	0.4348302	-0.31330392	-1.8713616
0.23553309	-0.074563876	0.7001294	0.061573505	-1.4362973	-0.21871568	-0.11412041	0.22653425	0.2742378	-1.0359695
-0.090722315	-0.2615046	0.33093697	-0.24212378	-1.5038027	-0.119969726	0.19296798	0.033883438	0.30096334	-1.5107434
-1.2829087	-1.551261	-0.8423209	-1.2786174	-0.8632541	-0.5994019	-0.54626924	-2.2633626	-1.4106117	-0.61167943
0.19952461	-0.26988482	0.6726824	0.0443082	-1.5760478	-0.71488726	-0.8917905	0.24651001	0.17086443	-1.6335585
0.114662655	-0.4927641	0.5518131	-0.020412594	-1.7378452	-0.15023446	0.16828926	0.035781145	0.35273394	-2.3551002
0.52134454	3.4006197	0.49920955	0.032538757	0.0025940835	2.030002	5.8784285	1.5416434	1.3240178	2.9636395
-1.7342756	-1.7191671	-1.0610828	-1.7361525	-1.357761	-1.2929602	-1.5540448	-1.1597451	-0.7598343	-1.1920191
-1.1664482	-1.2695632	-0.6387602	-1.197925	-1.1601963	-1.4333426	-1.580834	-1.1753553	-0.90879214	0.71457815
-1.0667932	-1.0828879	-0.55336213	-1.0213951	-1.0271597	-1.8863084	-2.27626	-1.5007261	-1.6210103	-1.0605975
-1.1713396	-1.3141757	-0.66952646	-1.1868589	-1.3199722	-1.3641152	-1.8504896	-1.8264045	-2.0431244	-1.5475065
-1.5235053	-1.3901954	-1.0060192	-1.5120248	-1.2671242	-1.2227424	-0.95581007	-1.2109874	-1.3779105	-0.40414032
-0.18736199	1.7629611	0.08309254	-0.602485	-1.2409858	-1.1111373	0.4418821	0.292521	-0.99981487	-1.2062265
-0.23383188	-0.3556773	0.34494087	-0.42838806	-1.4567981	-0.45834008	-0.3676737	0.5921394	-1.1895155	-1.2513635
0.1743544	1.6812238	0.8023752	-0.12568808	-1.0595905	-0.45116487	0.56123024	0.63700175	-0.29391167	-1.5276021
-0.8641922	0.31064	-0.50061786	-1.0259333	-0.7540793	-0.7880219	0.31872728	-0.66119283	-0.8262322	-1.0042816
-1.5615792	-1.6927747	-1.033104	-1.5280677	-0.7903298	-1.5528275	-1.773793	-0.9144857	-1.8303072	-1.1525232
-0.05753351	-0.16889983	0.33812568	-0.28667986	-1.4473224	-0.2752341	-0.88554484	-0.0789192	-0.6482407	-1.7906426
0.40068775	0.52625847	0.98111475	0.19231685	-1.3300372	0.7480308	0.9129953	1.2786529	0.7163453	-1.2261577
-1.4636196	-1.5929418	-0.9526175	-1.4452535	-1.8508843	-1.4551172	-1.6813803	-1.2045501	-1.9192312	-2.117103
0.6925854	2.533169	0.8870294	0.34624982	-0.93966746	-0.21416369	3.6603131	0.20919819	-0.5397589	-1.2003682
-0.8764523	0.4400864	-0.3944868	-1.0160872	0.19694468	-0.62145424	1.398467	-0.25203636	-0.7876204	-0.6772428
1.0239784	1.9524922	1.4439721	0.7191814	-0.7616048	0.76662564	1.4223217	0.84285426	0.715304	0.2902288
0.85859966	0.47396752	1.3868897	0.64648235	-1.3927867	0.84385794	0.75014716	1.4062406	0.65616745	-1.071446
0.23125559	0.26415572	0.76739955	0.0008149594	-1.1914871	0.030372934	0.52191377	0.998594	0.00853015	-1.039112
-0.18928991	1.1358079	-0.046770275	-0.5191279	-1.3356534	-0.08558319	2.6782916	-0.10969727	-0.45084396	-0.98969495
0.3211486	0.05963525	0.7314491	0.1948158	-0.6070142	0.14865288	-0.26479757	-0.042100765	-0.13760443	-0.97520673
2.1027281	0.28758934	2.58991	1.865906	-1.1620584	1.7093678	-0.11587256	2.1795855	1.0852052	-1.2256068
-0.08147261	0.4343898	-0.031207263	-0.21119322	-0.92361915	1.1350602	0.8566271	0.52747375	0.33268163	-0.79848397
0.45906243	0.847265	0.9825696	0.19779478	-1.2500632	0.51018167	1.0352087	1.1703397	0.2811958	-1.4815507
0.0062088	0.5529065	0.5612985	-0.19968234	-1.2853833	0.16330782	-0.21076079	0.69274193	-0.21986574	-1.9987619
0.55074304	0.884781	1.1585016	0.3731174	-1.0720174	-0.2230632	-0.6001361	0.46809196	0.21219829	-1.2452755
0.269963	-0.082499266	0.7196139	0.10576104	-1.35132	1.0700349	0.92459035	1.4640299	0.830458	-1.2542061
-1.7679724	-1.1493392	-1.3417178	-1.7062501	-0.8289782	-1.7691777	-1.2916421	-0.89144444	-1.6483641	-0.8817272
0.27199373	0.358816	0.8539412	0.06594722	-1.1421901	-0.10955444	0.27241698	0.40511408	-0.63335294	-1.1394883
-0.0994947	0.042717963	0.49169734	-0.30109516	-1.3522677	-1.1835647	-1.5811276	-0.3637969	-0.9892465	-1.5502168
-0.39771256	-0.7407069	-0.015250981	-0.49962205	-1.560481	-2.2146108	-2.4878008	-3.0553327	-1.2582672	-1.8618448
-0.6992505	-1.0563388	-0.2737622	-0.8189089	-1.2177922	-0.8909088	-0.89169043	-0.43023378	-1.274478	-1.4818494
0.4818215	0.5451615	0.9891603	0.2642942	-1.3898257	0.3519965	0.44849935	0.70783645	0.2489895	-0.68256897
-0.79959327	-0.437552	-0.36515114	-0.8583063	-0.30501732	-1.3954793	-0.5790792	-1.2971936	-1.027516	-0.2751014
0.17924386	1.1333419	0.5423825	-0.1276722	-1.381622	-0.027573075	1.4579898	0.4096121	0.16370659	-1.4592743
0.77798396	0.5251764	1.4240977	0.5417584	-1.0105546	0.7479229	0.8143407	1.354876	0.588849	-0.5421327
0.38434184	0.3816637	0.9243468	0.23144908	-0.9451314	-0.16964072	-0.42460164	-0.048343573	0.028263407	-1.0118815
0.51156	2.1768658	0.76258516	0.15645866	-1.1917294	0.09888364	2.1140137	0.44858682	-0.040741988	-0.9414411
0.6137214	0.7974076	1.2090168	0.42149132	-1.1391968	-0.31951964	-0.520573	0.43643704	-0.62076366	-1.3808283
-0.6175692	-0.35310012	-0.23269832	-0.6599682	-0.97181964	-1.8920964	-1.6067413	-1.2317114	-1.9452587	-0.7641505
0.3722774	1.187314	0.88553596	0.08273433	-1.2806364	0.3563695	1.3036058	0.8072331	0.2867204	-1.3957708
-0.57177967	-0.76202035	-0.070397824	-0.63245773	-1.5713948	-0.8267885	-0.87679684	-0.748265	-0.95837706	-1.9090042
-0.059351005	-0.09762484	0.36257946	-0.23702724	-1.4764373	-1.3211926	-1.4660101	-0.7575876	-1.029371	-1.7868491
-0.04973734	-0.013796926	0.50540364	-0.21861905	-0.633921	0.16979416	0.052804954	0.31808642	-0.10217145	-1.3789704
-0.9146486	-0.924611	-0.49800035	-0.9963793	-1.134299	-1.6504287	-1.362464	-0.8865128	-1.0002596	-1.1965843
1.443793	2.1516235	1.7090768	1.0763922	-0.6388395	0.32441434	1.3485693	0.6053018	0.60076225	-0.43822294
-0.91728497	-0.8158808	-0.40754166	-1.0762144	-1.4143416	-0.09712429	-1.6911857	-0.7056137	0.30132392	-0.62525034
0.2507926	0.4380305	0.6533679	0.092825964	-1.2879848	-0.3988931	0.2352915	0.7407487	0.21741575	-0.71608496
1.2313185	0.95822954	1.7961507	0.98805785	-1.2876656	1.0294923	1.8852905	0.9220004	-0.070274115	-0.24478278
-0.7247123	-0.995381	-0.25398454	-0.8218496	-1.5488502	-1.420743	-1.4303663	-0.20472646	-1.6066241	-0.8383918
-0.48860604	-0.4595368	-0.043980986	-0.5997763	-1.1277872	-0.6462189	-1.0520798	-0.06625398	-0.869752	-1.0386572
0.50065315	-0.8280717	0.9990803	0.34831023	-1.1727029	-0.1113658	-0.9997132	0.6930014	-0.54476213	-0.90386415
0.40833262	0.7003913	1.0511521	0.22951941	-1.1888529	0.3068485	0.7163572	1.2411052	0.016743328	-1.352867
-1.3285308	-1.5529863	-0.7965361	-1.3538183	-0.19681078	-0.9941399	-1.3542284	-0.32714492	-0.67293197	-0.7021134
-0.6409034	-0.09678379	-0.2189726	-0.8123871	-1.0039978	-0.35923022	0.12587667	0.6984621	-0.42195514	-0.5903619
-0.75388443	-0.8193853	-0.26333818	-0.86405206	-1.47884	-1.1078186	-1.2848803	-0.64374864	-1.7871909	-1.6656142
0.024937533	-0.68284154	0.46011636	-0.11455317	-2.111518	-0.31609055	-1.3139439	-0.16296257	-0.67674786	-1.9513204
-0.27288404	-1.53157	-0.20180055	-0.30763668	-0.9814092	-0.42319766	-1.9959111	-0.53080636	-0.40948898	-1.6686165
1.0065436	0.8072541	1.7399025	0.7976229	-1.1163033	0.3435765	0.5790077	0.87972206	-0.14296073	-1.3451798
-0.87147146	0.8215157	-0.6811838	-0.91175866	-0.51772076	-0.76105934	-0.44205055	-0.54315203	-0.71624845	-0.9286456
-0.9580788	-1.0995542	-0.73642695	-0.9853423	-0.30159834	-1.2694608	-1.5207705	-0.93847567	-1.4542294	-1.0749896
0.13506895	-0.12476936	0.3531434	0.06614028	0.98324716	-1.2599999	-0.76670146	-0.67423946	-1.010616	0.4674458
-2.0221531	-1.7597747	-1.3404176	-1.9409198	-0.85946715	-2.1579607	-1.8295127	-1.4432406	-2.3629978	-0.4439034
-2.1057928	-2.157132	-1.4102477	-2.0706723	-1.1933987	-2.7559707	-3.258035	-1.26168	-1.7252686	-1.1684113
-1.6276758	-1.8839662	-1.1513873	-1.5507987	-1.8314935	-1.3756852	-1.5343386	-0.924272	-1.0544637	-1.7572656
1.8024514	1.3085375	2.5163608	1.4733106	-0.8693458	0.86720544	1.6820296	1.9274921	0.7419713	-1.5011897
-1.5612758	-1.5956311	-1.0094796	-1.5126116	-1.2606647	-1.3452101	-1.5219328	-0.33411005	-1.7076192	-1.4719056
-1.3939111	-1.4835749	-0.8804319	-1.3735125	-0.5212985	-1.2328867	-1.6744902	-1.079353	-1.5505031	-0.84781176
-1.6657953	-1.7831794	-1.0143434	-1.6607901	-1.0852911	-1.6765863	-2.129825	-1.2126776	-2.726047	-0.9191788
0.83662564	0.99200606	1.2457572	0.58614224	-0.61842847	0.6376392	0.98834807	0.7890184	-0.7202157	-0.50521487
0.22583541	0.6541593	0.6635531	0.004507944	-1.2481221	-0.017754633	1.0223541	0.38663635	-0.34811825	-1.4899597
0.8950574	0.7532972	1.1285847	0.67583877	-0.6839433	0.59077525	0.7954086	1.095075	0.38263893	-0.5839245
-0.86402	-0.7085762	-0.42050323	-1.004198	-1.3011374	-2.144095	-2.044718	-1.5684552	-1.8325634	-2.3362894
-0.6148504	-0.39978996	-0.18953896	-0.7280159	-0.9680227	-0.62734556	-0.7171349	-0.007295201	-0.32491693	-0.9623447
-0.24576631	-0.138405	0.24761945	-0.36148736	-1.2089484	-0.15383092	-0.39463913	-0.055425264	-0.26886293	-1.0211273
0.09016665	0.29281953	0.5016893	-0.112019815	-1.1375879	-0.52013177	-1.1936283	-0.20121717	-0.62312484	-1.194965
0.18093115	0.42088786	0.71270525	-0.04578714	-1.2495261	-0.18348303	0.07841272	0.31053305	-0.52334064	-1.5588394
1.0440274	1.2465785	1.6356796	0.7553107	-0.97633207	2.242431	1.7318294	1.8978776	1.606934	-1.0974405
0.05631555	0.18017837	0.3314585	-0.112195194	-0.539282	-0.57123137	0.7804018	-0.034923464	-0.27312735	-0.8391232
0.5692385	0.30425748	1.2257828	0.37426037	-1.4030749	0.6453349	0.33426923	1.0804169	0.045729347	-1.9831563
0.92998224	0.8835392	1.5197209	0.6630921	-1.3228939	1.0363755	1.2358689	1.2405092	0.73953265	-0.9963339
0.90230674	0.8022002	1.4022365	0.65616417	-1.1198279	-0.50819784	0.2471126	0.8006982	0.45820615	-1.543629
0.6658365	0.6118516	1.214365	0.38942647	-1.319967	0.79794306	1.6657401	1.643142	0.39653206	-1.8245276
0.5341101	0.2916855	1.082206	0.29880565	-1.4229774	0.37568882	-0.026173757	1.3447062	0.088682756	-1.6700639
0.096963964	-0.11268003	0.5588534	-0.058464035	-1.3681984	-0.028188221	0.022423983	0.3320118	-0.042235885	-1.1973133
0.011351638	0.9360627	0.432095	-0.26438195	-1.272885	0.2975757	0.74941987	0.37444234	0.32648978	-0.8105881
-0.3435908	-0.7006634	0.20992565	-0.4089622	-1.4968791	-0.95186645	-0.7242208	0.25251302	-0.062303565	-1.1228908
-0.08591656	0.22000867	0.37497905	-0.27676398	-1.3428597	-0.5862598	-0.4735712	0.14386427	-0.57674205	-1.6195853
0.5678511	0.7344513	1.211223	0.3380865	-1.1020972	0.89055806	0.94189554	1.5834746	0.38261136	-1.2137967
-0.36451808	-0.6369122	0.07408653	-0.4855004	-1.3602777	-0.7283885	-1.4448996	-0.14082909	-0.5327698	-1.296978
0.50741076	0.4240634	1.1861383	0.30042422	-1.2701308	0.63215816	0.7793053	1.0963787	0.30633798	-1.5967507
-1.0501603	-1.1207509	-0.52415717	-1.1643726	-1.0688584	-1.4792632	-1.780977	-1.4502501	-1.3132762	-1.075046
-0.8825673	-0.07900366	-0.24924007	-0.9800421	-0.68725526	-0.9673272	0.45765048	-0.36918977	-0.67588675	-0.73391396
-1.2069842	-1.1944709	-0.94899774	-1.1192254	-1.0710641	-1.4728754	-0.11394962	-0.057524033	-1.2110498	-0.6223124
0.26377192	0.039225668	0.71403813	0.0799555	-1.5032066	-0.17638642	-0.23770058	-1.0161605	-0.2310285	-1.8628275
-0.023671307	0.37956044	0.31469846	-0.24775529	-1.2168062	0.37398648	0.4969291	0.69872415	0.16110127	-1.2924981
-1.6372142	-2.051588	-1.0985146	-1.621486	-1.2310759	-1.3625233	-1.4015635	-0.9759529	-0.8754587	-1.906145
-1.0028204	-1.4557807	-0.4347147	-1.021321	-1.3631577	-0.45851874	-0.3170309	-0.7748156	-0.878943	-1.5475761
0.24303642	0.1814014	0.55526567	0.046025634	-1.0723867	-0.05285732	2.3348489	0.91746235	-0.15432076	-0.11190229
0.10220382	0.89229226	0.36968982	-0.15415397	-0.6820191	-0.3765724	0.36168402	-0.28545034	-1.6728362	-0.5046598
0.78603125	0.9612701	1.2594115	0.5429062	-1.2540199	0.5445493	0.57557917	0.25882736	0.19926198	-1.6498855
-0.6199852	-0.31588724	-0.09467161	-0.80314875	-1.1991988	-0.9332091	-0.23259042	-0.17912301	-1.1311804	-1.431405
0.2938543	0.19874868	0.8347335	0.10876487	-0.9918734	0.24318978	-0.12569225	0.78311706	0.13902326	-1.3026153
-0.5769586	-0.67964864	-0.15063748	-0.726724	-1.3373878	-0.34332004	-0.7815469	0.10302164	-0.80737233	-1.9503298
-0.45200235	-0.5469245	-0.14233896	-0.569584	-1.0802702	-0.18898216	1.1247166	0.018649815	-0.47256717	-0.43207297
-0.11905838	0.25531644	0.33716416	-0.33201802	-1.2159384	-1.5606164	-0.87562543	-1.45994	-1.4437402	-0.5603671
0.53297484	0.9563687	1.0871307	0.22744806	-1.4164977	0.22409597	0.37314522	0.93871397	0.05569423	-1.1365348
-0.27645808	1.4018316	-0.16186938	-0.5530596	-0.29120556	-1.0196021	0.30436373	-0.9788953	-1.1925591	0.21488398
-0.020911522	-0.17552385	0.3801428	-0.111898944	-0.7886332	-0.18530151	-0.5508128	-0.012767296	-0.36951348	-1.9249974
-1.4409506	-1.1952887	-0.87829494	-1.4374189	-1.639896	-2.0818202	-1.4624544	-0.78760266	-1.575496	-1.6057124
0.28745148	0.57464576	0.81338227	0.05075018	-1.2394476	0.20295796	0.7928074	0.7724022	-0.09520549	-1.7066176
-0.05556985	0.24829823	0.39851046	-0.28576607	-1.3905905	-0.09145269	0.29928094	0.09296876	0.13518585	-1.6157281
-0.006228335	-0.2961294	0.5891079	-0.15807833	-1.5507628	0.36410996	-1.140402	0.8027038	0.27303216	-1.009865
-0.058444656	-1.3344995	0.58411884	-0.15247525	-2.0418103	-0.9607168	-1.5810691	-0.56082684	-0.8277142	-1.7095579
0.7486952	-0.09482792	1.232358	0.39712417	-1.4642678	1.1422737	-0.25367874	1.1018434	0.15162304	-1.8230374
-0.532466	-0.6741477	-0.17515132	-0.578706	-0.8912864	-0.40113384	-0.9414335	-0.031079937	0.07352177	-1.4191225
-0.26230097	0.17571092	0.18867972	-0.41816002	-0.9922793	-0.51432264	0.49949992	0.55702275	-0.48318183	-1.2043595
0.47241184	-0.08622114	1.0008628	0.27842057	-1.4996623	0.12586872	-0.01783494	0.85129505	-0.29070586	-2.2998705
0.4578661	1.5040776	0.808779	0.1096334	-1.1556644	-0.51102644	1.9699179	-0.12727378	-0.64432263	-1.4201149
-0.3870251	-0.32419205	0.0969736	-0.51430637	-0.8679943	-1.0572532	-1.3511205	-0.4722133	-1.1280838	-1.1155853
-0.30109006	-0.20183906	0.09876822	-0.50184685	-1.4408847	-0.6438025	-0.49534008	-0.39372942	-1.192063	-1.2384914
0.3679428	-0.08361879	0.9032657	0.19324471	-1.271155	0.4074428	0.55868924	0.70026934	0.082034186	-0.9923587
0.1546377	-0.5785546	0.75086224	0.0643976	-1.6457236	-0.30124983	-0.96490055	-0.1193642	-0.47820383	-1.692858
0.45146748	0.7582505	0.89632034	0.18590976	-1.0967381	0.4935894	0.56459296	0.65877974	0.22525036	-1.4233288
0.75125116	2.0678377	0.87551403	0.4055928	-0.826254	0.23227686	2.5238216	-0.41322088	-0.18196797	-0.96572083
0.980746	1.338699	1.421056	0.73894495	-1.1767869	1.1610719	1.2281668	1.4710016	0.83411807	-1.5508915
0.92348963	0.43007216	1.1870722	0.7461302	-1.2917838	0.8609128	0.54260963	0.7912268	0.6324127	-0.80401474
0.3920624	0.6777346	0.72963154	0.19162296	-1.2864546	0.13395323	0.76741797	0.57081014	-0.3022334	-0.93990993
0.020960368	-0.05219315	0.5499399	-0.1764532	-1.4927099	0.22577098	0.008287862	-0.33588675	0.26845744	-1.1616377
0.098837845	0.70645833	0.50197446	-0.18903707	-1.4942442	0.24187918	0.24360485	0.51089275	-0.7119327	-1.0284742
0.08559399	0.35661784	0.5421549	-0.19304648	-1.632949	0.21615969	0.28538704	0.8165636	-0.20667963	-1.8800337
0.27544218	0.39248028	0.8576907	0.11166136	-1.2356738	0.5379539	0.1271375	1.0783076	0.09293309	-1.6880171
0.7098437	0.9629731	1.2789344	0.5171748	-1.2054279	0.69799715	0.64212245	1.2134005	1.0015072	-0.5061389
0.49236873	0.7257284	1.013173	0.27305073	-1.1796348	-0.06562341	0.38012174	0.90377915	0.26556107	-2.4746816
0.39204234	-0.36099142	0.70307875	0.2850213	-1.1865228	0.18678778	-0.7188782	0.44031438	0.5287756	-1.2601916
0.13938895	0.04269895	0.59837455	0.054001734	-1.1201426	-0.075829536	-0.121288106	0.12905687	-0.00024146671	-1.4032657
-0.96131444	-0.7982842	-0.45719346	-1.093905	-1.6167216	-0.22659536	-0.74959123	0.35341018	-0.98743165	-1.6203918
0.15427178	0.0017073452	0.5961131	-0.032135576	-1.351325	0.074266605	-0.42228836	0.21972416	0.07029778	-1.0535921
0.67235804	1.069473	1.2227393	0.45039898	-1.158352	0.4430472	1.2680889	1.0129243	0.6630718	-1.1890669
0.2738196	1.0717208	0.85549176	0.012660727	-1.0948805	0.40320617	0.78080404	0.7362235	0.5664341	-0.55722713
-0.5786585	0.11903864	-0.37535593	-0.733421	-1.0082083	-1.1253988	-0.21294329	-0.5110513	-1.0447621	-1.9230635
2.224594	1.0284263	2.5535386	1.8032804	-0.8528421	1.9469562	0.5627028	1.8574305	1.6603001	-1.4156691
0.22321504	0.52364945	0.5660039	-0.07532663	-1.4726564	-0.13299167	0.3291686	-0.007774148	-0.1519006	-1.416423
-0.9908758	-1.2106575	-0.50675106	-1.0378001	-0.72285724	-1.0618303	-1.6634104	-0.67796725	-1.3856741	-1.495903
0.2545321	0.28278497	0.79980505	0.08054562	-1.1500429	-0.0007758916	0.66631526	0.28176495	0.0022164062	-1.3464776
1.210335	1.2961746	1.7201629	0.91674685	-1.1159103	0.63860726	1.6132544	0.7462318	-0.20572616	-1.660884
0.7624033	0.91702425	1.3386335	0.5532819	-1.0202932	0.14399907	1.0248448	1.4911128	-0.024441123	-0.39371002
-1.3902302	-1.1248503	-0.89184093	-1.4385237	-1.1960077	-1.2313778	-1.3097932	-1.0039338	-1.7646934	-2.0688572
-0.39286137	1.8528371	0.5140283	-0.6164181	-0.103609115	0.19882128	2.793963	0.57091135	-0.06841497	-1.1309236
-0.07949531	-0.10222715	0.2733388	-0.27102932	-1.3592337	-0.75115347	-0.7627073	-0.4671734	-0.57282144	-1.5254314
0.5339701	1.9075983	1.0535816	0.19118915	-1.145271	0.69116795	2.860636	1.0304403	0.19938377	-1.1532223
0.5045511	0.5915483	0.9680238	0.28183746	-1.0832156	0.25086156	0.5074901	1.0909641	0.14947982	-1.9065658
0.61947817	1.0115288	1.2027142	0.36945462	-1.2390611	0.22083858	0.49409124	0.9345862	0.048695568	-1.8320216
-1.1123409	-1.1772144	-0.4459816	-1.2112358	-1.5772246	-0.3501968	-1.2472917	-0.17783993	-0.406342	-1.6686679
-1.8996943	-1.7636156	-1.220059	-1.8459123	-1.0932075	-2.2033858	-2.1850803	-1.8756973	-1.3657138	-1.5336913
-1.3498027	-1.5058948	-0.89577734	-1.3330437	-1.0763574	-1.614857	-1.7618483	-0.33929214	-1.926161	-1.4173566
-1.8961431	-1.86845	-1.2834705	-1.8065116	-0.98533	-2.4537122	-2.591159	-2.0837727	-2.207771	-0.6296985
0.0042748973	0.2732325	0.47314942	-0.07021825	-0.2164886	-0.030462747	-0.1972009	0.22759998	-0.17630911	-0.1980313
-0.39552152	-0.31246796	-0.06723955	-0.6068504	-0.28276387	-1.2162352	-1.0299633	-0.7572044	-1.6939242	-0.22323771
0.17239231	1.6089714	0.30300108	-0.15054156	-0.7911759	1.081996	3.689378	0.9181012	1.0085236	-0.89240634
-2.01693	-2.0802052	-1.4116558	-1.9169327	-1.639829	-2.1543105	-2.57301	-1.601182	-1.7227693	-1.4282607
-2.4199042	-2.2239122	-1.5059022	-2.321944	-1.7184502	-2.815481	-2.1193018	-2.405655	-1.4221995	-1.954225
-0.1621415	-0.10640636	0.17284414	-0.32104677	-1.2369692	0.2931409	0.24794129	0.32022542	0.3133414	-1.3528234
-1.9184448	-2.137443	-1.2736833	-1.8201667	-1.4446706	-1.0747362	-1.5283372	-0.84306556	-0.89382505	-1.7645514
-0.85517985	-1.1851832	-0.47320774	-0.8902663	-1.169274	1.019983	-1.1963125	1.0843606	0.41983825	-1.378138
-0.16543946	-0.42013398	0.3326278	-0.20712481	-1.3070334	-0.66987014	-0.60999584	-0.32689855	-1.0425323	-1.5355134
-0.3990096	-0.44306558	0.14200813	-0.4452396	-1.4860343	0.59359014	0.052745495	0.9397928	0.3656689	-1.279999
-1.6108836	-1.6744847	-1.0164076	-1.5210493	-0.9594493	-1.3275266	0.16894196	-0.47852117	-0.6525219	-0.94671285
-1.0244472	-1.4796929	-0.72707677	-1.0588256	-0.6578605	-1.1846664	-1.543785	-1.0214292	-0.9547728	-0.8392423
-0.6091076	-0.8474399	-0.30612233	-0.66389924	-0.85489434	-1.123807	-1.1952151	-0.49665242	0.077874094	-2.3434372
-1.054219	1.5694027	-1.0086162	-1.2770989	0.02388221	-1.6450964	2.0643692	-1.4943374	-1.8715341	-0.6161565
-0.8510858	-0.7729311	-0.4138393	-0.96423435	-1.2487526	-1.3571872	-1.0683498	-1.0854093	-1.0565894	-1.3531349
-0.5243972	-0.89309025	-0.01817879	-0.5799512	-1.3218716	0.12820454	-0.69799155	0.28953186	0.2188666	-0.9556251
-1.041084	-1.1870528	-0.66145456	-1.018644	-0.5920384	-0.81475276	-1.1183876	-0.59061915	-0.5098696	-0.9347531
-0.8579218	-0.64349043	-0.48213372	-0.94689494	-0.7881838	-1.2840335	-0.9584153	-1.0098964	-1.2201806	-1.0158105
-0.72951436	-1.1224332	-0.38463572	-0.85283923	-1.5380987	-0.40267915	-1.7717482	0.49385315	0.2164427	-1.5560448
0.08258066	-0.10111888	0.45619243	-0.07768684	-1.4351071	-0.16209723	-0.33713338	-0.108233474	-0.7132796	-1.1065458
0.35903046	0.18888178	0.8908241	0.2206472	-1.3170059	0.13813816	0.33126247	0.091454044	-1.2319598	-1.5557101
0.44296494	0.89220417	0.9196342	0.18312632	-1.1698782	0.37002254	1.096047	0.75408596	0.22733413	-1.5803434
0.23822877	0.7862294	0.48964712	-0.02950406	-0.8481505	-0.7635961	0.40113556	-0.26572448	-0.9214937	-0.72001326
0.31379408	1.7621224	0.7926904	-0.048108965	-0.80549645	1.4554385	3.8446686	1.2370076	0.98352504	-0.21829058
0.7795079	1.1861343	1.2346967	0.5276316	-1.302596	1.071944	1.1801891	1.3277191	0.75542796	-1.166657
-0.020606749	0.067101866	0.4064567	-0.14096051	-0.80255544	0.19922546	0.7312242	1.3371327	0.12668175	-0.68814826
0.65914446	0.6153327	0.9088088	0.40681076	-1.2614385	-0.42019877	-0.17677973	0.39493212	-0.08449351	-1.2541916
0.53980756	1.1759136	0.9056469	0.3125357	-0.7082765	-0.1793321	0.87658423	0.70437515	0.13613707	-0.64027816
0.3877462	0.47791925	0.738623	0.21016295	-0.94499576	2.3121624	2.0569522	2.6864357	1.9097818	-0.46429595
-0.8886441	-0.22964558	-0.40605673	-1.0376374	-1.4163781	-1.5342423	-0.64537203	-1.358077	-1.9144137	-1.768201
0.46951982	1.9577498	0.90256417	0.120231286	-0.7079112	0.5005124	1.8379743	0.7082504	-0.18822846	-0.59263617
-0.9597677	-1.2823812	-0.39005122	-1.0277436	-1.6055201	-2.0607717	-1.9131954	-1.2351443	-2.2041564	-2.1600904
0.34665522	0.16131786	0.86178815	0.2213891	-1.1881623	0.16183925	-0.67849797	0.30938536	0.29175	-1.0999278
-0.65004414	-0.7190558	-0.25031027	-0.76885337	-1.2780415	-1.2041034	-0.4474465	-0.7088955	-1.273352	-1.0561688
0.6830255	2.1437488	0.9796504	0.34452605	-0.58901453	0.87244034	2.365513	1.4708669	0.5675557	-0.35788873
-0.41782865	-0.33060795	0.24897815	-0.61457646	-1.5875783	0.14615388	-0.67520267	0.49110952	-0.07679264	-1.2666353
0.57610613	1.1760324	0.9498924	0.21711193	-1.0743337	0.4668748	1.1253041	-0.02596608	-0.30026186	-0.81066865
0.41415152	1.9428513	0.72749496	0.06529467	-1.3104534	0.47239363	1.8530676	0.8544193	-0.07347895	-1.5087398
1.0813943	0.66862214	1.277544	0.74358696	-0.7162157	0.15227605	1.3050926	0.61605275	-0.91980267	-1.5038533
1.0340163	1.8026206	1.7409209	0.7829654	-0.9859632	0.44287887	1.4967004	0.71240395	0.3231316	-1.7790877
-1.1995546	-0.87616503	-0.49898347	-1.2349834	-0.6750308	-0.8176776	-1.8470074	-0.37586263	-1.1830459	-1.3351368
-0.0035677329	0.37990275	0.36018336	-0.21882121	-1.1933805	-0.06816907	-0.24463652	0.5856728	0.17029203	-1.519993
1.1085472	0.7354132	1.6637002	0.79575646	-1.3831987	0.5567245	0.23473002	1.6068263	0.11316468	-1.9915367
0.7048765	0.059458345	1.3922375	0.37896943	-1.51274	-0.04349334	-0.66187227	0.9825818	-1.4874408	-2.0793483
0.029085822	-0.2397071	0.61261797	-0.16743629	-1.7002747	-0.7533661	-1.1246417	-0.3447407	-0.9874204	-2.1945333
0.23518723	0.78046405	0.5830413	-0.055716977	-1.2323316	-0.019271553	0.37896213	0.8306642	-0.010628395	-1.4674692
4.450704	2.138634	4.7331033	4.031125	0.5786488	3.305401	1.2865778	3.9179988	2.7446208	0.95533144
1.5676249	1.9721429	2.2406383	1.2676362	-0.557129	1.3942902	1.8058193	1.8189542	1.1427736	-0.8819838
-0.6642524	-0.60240483	-0.25801057	-0.77770555	-1.3808554	-0.7688777	-0.44875577	0.66276246	-1.0109994	-1.2142297
-0.4488615	-0.3986676	-0.04152313	-0.58620435	-1.2820418	-0.5848377	-0.29009575	-0.8413413	-1.9275295	-2.1061034
0.83256835	0.8776995	1.4917221	0.60757506	-1.1719564	0.55745864	1.1457608	1.2248503	0.35691437	-1.1987414
-1.0156398	-0.42248812	-0.39997193	-1.1932085	-1.3861493	-1.4589136	-1.4438987	-1.1450967	-1.7671546	-1.4829264
1.0871685	1.3390557	1.5702529	0.86245203	-1.8129193	-0.46867937	-0.48124984	-0.16240427	-0.57441133	-2.073893
0.08600163	0.81773186	0.54267216	-0.20752636	-1.2645011	-0.31145644	0.7447091	0.48235276	0.0727673	-1.5409727
-0.02509462	0.9592893	0.36299127	-0.28316754	-1.1247743	-0.59817725	0.8986768	-0.56296355	-0.24061461	-1.2626249
0.5380887	1.0989507	1.0376447	0.30653632	-1.1111957	0.23989551	1.8738836	0.9175856	-0.355233	-1.8190489
-0.05545731	1.1962614	0.2888668	-0.44876415	-1.7406714	0.9307767	1.7465395	0.7238312	0.56672704	-1.352138
0.73936623	0.36387673	1.3143568	0.45122212	-1.198789	0.6604465	0.34861475	1.4795958	1.0389435	-0.6649949
-0.3336984	-0.1306	0.082350746	-0.4991607	-1.2973162	-0.39788085	-0.72032183	-0.050050568	-0.54820335	-1.705447
0.3661181	-0.028972268	0.89251375	0.13484477	-1.1078155	-0.010109598	-0.4766169	0.36398062	-0.5554082	-1.7510316
0.43666527	-0.66127956	1.426346	0.2504456	-1.4108454	0.47077137	-1.1120019	1.9131677	0.62308216	-0.93149674
-0.3262492	-1.2986501	-0.058311135	-0.46811908	-1.6617113	-0.5669734	-1.661507	-1.0533172	-1.2847682	-2.653762
0.5170198	1.3245376	1.0143394	0.26576626	-1.0045105	0.48675877	1.7702224	1.5041571	-0.62076366	-0.18517505
1.0053207	0.548785	1.4835709	0.7495498	-1.5138118	0.23245242	0.91374373	0.65456396	0.04925874	-1.4182222
0.009123392	-0.012397602	0.4674977	-0.18190876	-1.2431831	-0.09675078	0.5613223	0.47202054	0.023989646	-1.4276452
0.023449413	-0.05700399	0.5572823	-0.09074165	-1.0600547	-0.19891414	-0.3867123	0.75673246	-0.40474918	-1.4064109
1.6725192	0.74418736	2.231541	1.3111986	-1.4031451	2.537495	0.3418515	3.2137167	2.4774349	-1.1799029
0.5810111	2.3978472	0.79192615	0.14022811	-0.8515774	0.002409839	0.9385622	0.43180346	-0.4756134	-1.7761548
-0.7445728	-0.7951764	-0.21232143	-0.8804195	-1.6541466	-1.0333055	-1.4347523	-0.83521	-1.1921192	-1.8109723
1.0696945	1.4032897	1.7375059	0.639134	-1.1601306	0.14440699	1.6058346	0.71583337	0.51099205	-0.8115499
-0.57483864	0.037320226	0.0065638125	-0.70982856	-1.1349782	-1.1671512	-0.6588016	-0.8575235	-1.3487564	-1.0872338
-1.4005806	-1.5001742	-0.8411838	-1.4475784	-0.6286119	-2.0861511	-1.9971087	-1.3120244	-2.413866	-1.0065721
1.391081	2.06883	1.803919	1.0296052	-1.1483039	0.59715456	1.2070274	1.2340546	0.8670932	-0.8030213
0.34713036	1.3883162	0.8070892	0.03936015	-1.098227	0.09053715	1.564738	0.2146417	0.30081883	-0.1687433
1.4253968	1.5554291	2.1500533	1.1413604	-0.8018427	0.9744724	0.90491486	2.0062814	0.9610498	-0.79309493
-0.14104044	-0.28365433	0.37362677	-0.34539402	-1.5837833	-0.19232331	-0.37936297	0.16912746	-0.7285788	-1.4456931
0.25226718	0.63908863	0.7119552	-0.009193987	-1.3745501	-0.20110759	0.9146047	0.92987806	0.13241267	-1.3311521
0.063195445	0.31992713	0.6670351	-0.20079136	-1.2225754	0.56433165	1.0237395	1.4002265	0.20073085	-1.0284861
0.6408685	1.39853	0.99050653	0.44564754	-0.71332526	1.1252747	2.3986285	1.0810169	0.106252156	-0.37887308
0.8093905	0.6361004	1.4204774	0.54643965	-1.2212551	1.791792	1.361896	2.8098018	1.5316637	-1.82501
-0.22996703	-0.61298716	0.32493567	-0.3747697	-1.5304627	0.08248548	-0.29960558	0.5884317	0.03273136	-1.3095742
-0.24192807	0.16345581	0.07994899	-0.36812758	-0.3437979	-0.62537265	-1.3566072	-0.61368906	-1.2313708	-0.8660084
-1.5301651	-1.7091234	-0.97241426	-1.5180916	-2.1067846	-1.699582	-1.7911932	-1.031983	-1.8654076	-1.7529368
-1.495474	-1.8734779	-0.996902	-1.4907017	-2.7599993	-1.8882327	-1.1590142	-0.7771921	-1.0931929	-2.4579842
-1.239657	-1.5263352	-0.7686403	-1.3020496	-1.308128	-1.1657549	-1.6037371	-1.4147853	-0.9891376	-1.1261986
-0.81825584	-0.6469358	-0.42122528	-0.9301938	-1.585653	-0.321411	0.24205235	0.06404881	-0.63114715	-1.466213
-1.534336	-1.4490259	-0.9860194	-1.5348771	-1.4355564	-1.2790904	-1.3099564	-0.39172995	-0.9465635	-1.5094914
-1.7197233	-1.7570627	-1.0551287	-1.7165275	-1.1347101	-1.2638141	-1.4829054	-0.9416835	-1.2834849	-1.2773219
-1.35908	-1.3365872	-0.80293274	-1.3004372	-0.85146505	-2.1749864	-2.767558	-1.4583194	-1.5436879	-1.1638845
-1.1258125	-1.2709771	-0.6208259	-1.1597391	-1.2060262	-0.9108975	-0.9496735	-0.78150535	-0.90021	-1.3989177
-1.463413	-1.6085786	-0.93655205	-1.466884	-1.4527044	-1.98164	-2.8347504	-1.8055964	-1.7995285	-1.5820084
-1.2924271	-1.5965173	-0.80658865	-1.2880747	-1.693162	-2.248032	-1.8425956	-1.0325372	-2.1894894	-2.0801723
-2.010562	-1.9450078	-1.3458025	-1.930589	-1.5018312	-2.202758	-1.9670701	-1.1016822	-2.335876	-1.43363
-1.8009392	-1.9184519	-1.3108901	-1.7311205	-2.3508584	-1.3950973	-1.6743057	-1.2145596	-1.5985165	-1.9309852
0.7849944	-0.6829964	0.80075216	0.625278	-2.3960361	-0.49574894	-1.8200866	-0.09095994	-0.70251304	-2.131852
-0.103941076	-0.82684076	0.32193142	-0.24823982	-2.4525487	-0.4133993	-2.1206331	0.27899712	-1.1940931	-3.9730368
-1.4364955	-1.5795746	-1.0426166	-1.4038341	-1.669685	-2.2093477	-2.478727	-0.8941912	-2.7568045	-0.8453626
-1.5551337	-1.6367085	-0.97735	-1.5473694	-1.4424876	-1.1151172	-1.6563183	-1.5287917	-1.5230346	-1.675624
-1.2278649	-1.1114042	-0.7246417	-1.2967048	-0.8408202	-2.063062	-1.931967	-1.3831203	-1.6985528	-1.6844475
-0.79362756	-0.6339102	-0.44251457	-0.92843497	-1.4108821	-0.76172966	-0.7813499	-1.9776461	-2.6832454	-1.3795972
-0.840218	0.083924204	-0.60126805	-0.98946494	-1.1461077	-1.4255998	-1.4653131	-0.6746497	-0.93607277	-1.5558839
-0.008978017	-0.51730585	0.5606528	-0.15865427	-1.642666	0.60568655	0.20310207	1.1122456	0.29940802	-1.3776462
1.0595442	0.48239765	1.7301539	0.8940089	-1.2631711	1.0014395	0.58948994	1.6378917	0.30545774	-1.3369768
0.41644925	0.7322267	0.87969995	0.24206407	-1.0594596	0.36411923	0.44405276	0.7679814	0.036066577	-1.1794902
0.61370456	0.99584544	1.0564259	0.39038682	-1.1144929	-0.109909534	0.7172196	0.56038773	-0.8695135	-2.0458717
0.7559445	1.6681538	1.2969507	0.47419173	-1.1961905	0.80216706	1.671496	1.757462	0.6808434	-2.1307273
-1.3601474	-1.336698	-0.6224462	-1.4538144	-1.39265	-1.3459399	-0.8767882	-1.5829201	-1.0278304	-1.1591631
-0.20756403	0.10320699	0.3012643	-0.359132	-0.94544816	1.2859274	1.1641797	1.9401765	0.60751116	-1.1228637
-0.30204326	-0.28435063	0.27467212	-0.48046488	-1.4648064	-1.599505	-1.9075118	0.7691655	-1.477341	-2.155746
-1.0665236	-0.86534977	-0.6516582	-1.1581566	-1.1506613	-1.6900289	-1.6616912	-1.292404	-1.5417938	-2.606388
-2.2428856	-2.2967863	-1.5073415	-2.1793454	-1.9976916	-2.0869622	-1.7289376	-1.0993353	-1.9335659	-1.8950813
1.0830488	1.4283415	1.6372269	0.86615	-0.7543855	0.43850452	1.6469696	0.9715313	-0.42462516	-0.79445773
1.2561816	1.998169	1.7864873	0.9078574	-1.1319952	1.1036714	1.5004977	2.3321629	0.55301327	-1.3953991
0.7878587	1.3470566	1.3040802	0.5015899	-1.3209496	0.77014947	2.2890651	0.5342495	0.8845556	-0.52907854
0.629988	1.3663838	1.0797843	0.28545797	-1.308121	0.7062114	2.2835908	1.5909861	0.5261932	-1.5119842
-0.21354994	-0.0060696304	0.14282341	-0.3879225	-1.4195738	-0.26341328	-0.48279712	0.16859476	-0.39205143	-1.3712355
0.29367918	0.1887343	0.6665405	0.11016671	-1.2905263	0.31595257	0.2851539	0.48494276	0.18032074	-1.4153329
-0.2158595	-0.26094353	0.17246774	-0.4160364	-1.1973041	0.32564098	-0.7073184	0.5197058	0.3629236	-0.96403944
-0.35082427	-0.019478977	0.1046406	-0.5433815	-1.3373327	-1.2367603	0.36361593	-0.67387736	-1.1469007	-1.8401107
0.039748885	0.6453308	0.46065325	-0.18457231	-1.1519158	-2.0185933	-1.6126034	-1.7753664	-2.0225651	-1.7981446
0.02004128	-0.6882942	0.5951822	-0.16318594	-1.556352	-0.82644033	-1.1925548	0.08986366	-1.3191854	-1.6934762
-1.6725413	-1.5657568	-1.0177618	-1.6516767	-1.1370196	-1.9974346	-2.5859706	-1.3249643	-2.0715399	-1.4656917
-1.3039994	-1.3981763	-0.8356532	-1.3054425	-1.3214858	-1.7001231	-1.6065925	-0.9850767	-1.5499417	-2.3496237
-1.6074461	-1.7473468	-1.050541	-1.574149	-1.8804058	-1.6566099	-2.394152	-1.469992	-1.4321202	-1.8583283
-1.3989697	-0.8148403	-0.81171155	-1.491687	-1.2136459	-1.1538558	-0.83046824	-0.7206523	-2.6154401	-0.18121918
-1.4715704	-0.61580145	-1.0085806	-1.5876068	-1.1255342	-1.3840706	-0.4292411	-0.8314731	-1.3978541	-0.21916969
0.37874848	1.6431108	0.72448003	0.08628149	-0.62021434	0.4945695	1.4427657	1.291205	-0.006354317	-0.38184395
-1.5274684	-1.5959113	-1.0060781	-1.4865919	-1.05117	-1.8315732	-1.924532	-1.0673746	-1.7472105	-1.5011126
0.77352446	1.2517593	1.2461364	0.46819496	-1.4342797	0.84420437	0.6131707	1.5809988	0.37158087	-0.90618825
-0.1732341	0.2788833	0.1755791	-0.4049764	-1.3404291	-1.3675009	-1.0288846	-0.24833216	-2.1217992	-1.5160708
-0.86267865	-0.6338537	-0.4226772	-0.9787546	-0.9665605	-0.59435433	-0.209337	0.019001625	-0.46935403	-1.8720073
-0.17171597	0.2291638	0.29596788	-0.38183507	-0.92291915	-0.76789844	-0.5814675	-0.46570238	-1.1150463	-1.2687006
0.2681313	-0.38701248	0.6555017	0.1113037	-2.3920891	-0.14581415	-0.20007999	0.29162195	-0.2690011	-2.378271
-0.29592732	-0.11202264	0.13176674	-0.47433537	-1.3438854	-0.49805248	-0.26776108	0.15688886	0.673219	-0.573262
-1.5088171	-1.6059531	-0.97645056	-1.4893053	-0.9361198	-1.7279862	-1.7981849	-1.4457048	-1.4817103	-1.0447255
0.026931785	-0.11241546	0.53354883	-0.040011242	-1.09107	-0.79814774	-0.63396513	-0.77613544	-0.2000299	-0.8302941
0.6589939	0.23196974	0.53989697	0.35065114	-1.18419	1.9122708	-0.32906598	1.4063418	2.0415068	-1.4636132
1.0238876	0.38066462	1.5275139	0.8118616	-1.3598623	1.3988649	1.1683683	1.3385657	1.6369402	-0.11478572
0.364594	1.1661179	0.77607155	0.12461151	-0.41529772	1.6312999	1.8814023	1.9435446	1.2837807	0.59940076
-0.6677437	-0.46009406	-0.35043702	-0.79647505	-1.0548562	-0.72630405	-0.13639052	-0.48790252	-0.87651694	-1.2772034
1.830589	1.599432	2.1996381	1.5210831	-0.27237803	1.5360321	0.46802726	2.1326542	1.7621754	-0.78136426
0.15124401	3.2152243	0.06671797	-0.41821063	-0.64471614	-0.90122193	3.833904	-1.00371	-1.6315795	-1.0136406
1.3910826	2.4364688	1.6104932	0.9931407	0.16607866	0.7766458	3.2514195	0.4979824	0.80276686	0.1747209
1.0984771	1.5666182	1.6039617	0.79329115	-1.1410402	1.3148522	2.0256097	1.4391661	0.8154636	-1.5050119
0.5824454	0.6206217	1.1436191	0.376055	-1.3505129	0.5884395	1.184468	1.4172312	0.40535352	-1.1608505
0.34798172	2.6236873	0.7800404	-0.019958943	-0.8966578	0.60387623	1.9469767	1.4103972	0.10273777	-1.1429803
1.1659342	1.4710058	1.7906519	0.93035066	-0.9617075	1.1558813	1.4607795	1.9322869	1.2418401	-1.2672684
0.24716467	0.1697172	0.708614	0.04062079	-1.3337032	0.7056441	0.31418094	0.5363192	0.31449625	-0.68802494
0.3833892	0.26698354	0.7318952	0.14447479	-1.4707695	-0.8428359	-1.182075	-0.34884158	-0.73215497	-0.89984256
0.89324737	1.2539871	1.3755906	0.5379918	-1.3146461	0.9187898	1.4222058	1.4825221	1.1303415	-0.951287
-0.33427188	1.8932998	-0.26584855	-0.6701382	-0.43736506	-0.36837855	2.017348	0.012572563	-0.8756116	0.21510373
-0.47032726	0.05933228	0.15318596	-0.64103633	-0.8614483	-0.59640723	-0.31416398	-0.20600836	-1.4067754	-1.7402164
-0.45823088	-0.26876256	-0.031555176	-0.6032841	-1.2577461	-1.2090857	-0.8667391	-0.98844385	-1.3362693	-1.3759383
-0.33998626	-0.42087072	0.09705761	-0.46690238	-1.2995191	-0.4686224	-0.19601455	-0.5930532	0.38522264	-0.9888454
-0.60961366	-0.8486073	-0.119303495	-0.71345377	-1.544603	0.41371906	-0.34643352	0.5105693	0.29764172	-1.0971777
0.2832692	0.021241486	0.790365	0.10988675	-1.403922	0.1218948	0.0040204274	0.1941465	0.24288866	-0.9632128
0.58462024	1.7285923	1.0112743	0.34135765	-0.7257792	0.28525284	1.0252099	1.0940745	0.4464587	-0.7588077
-1.078792	-1.2290475	-0.53725755	-1.1289624	-1.5300142	-1.0255232	-1.2783518	-0.7184759	-1.0866525	-1.6141012
0.9292229	2.0606885	1.3161703	0.64887094	-0.83643854	1.0594006	1.052037	1.7258947	0.6904676	-1.325992
0.5088375	0.55872643	1.0287346	0.32566822	-1.2889444	0.117246464	-0.2129941	1.5411744	0.601962	-1.2701056
1.5161964	1.1190339	1.8478177	1.2727112	-0.7854234	0.47430056	0.3486718	1.1881983	0.14270434	0.04430226
0.6113014	0.44275275	1.3817501	0.44543552	-1.1309795	0.6447137	0.9578814	0.9729161	0.46765855	-0.57285947
-0.910495	-1.0599955	-0.42272416	-1.0180482	-1.4432057	-0.9580766	-1.6424772	-0.45773384	-1.722024	-1.098939
-1.2638525	-1.2033589	-0.79832304	-1.3027117	-1.1760938	-0.8855574	-0.91872096	-0.6537137	-0.93438905	-1.5647049
-0.15770239	0.29829648	0.55699277	-0.34650797	-0.9878098	-0.35459206	0.19766678	0.37183708	-0.5009062	-0.74168247
-1.0217805	-1.0490083	-0.5599601	-1.1167554	-1.6948186	-1.6429288	-1.043563	-1.5327536	-1.4872577	-2.053829
-0.5052815	-0.33324474	-0.11529651	-0.64970964	-1.1913211	-0.89882183	-0.862932	-0.42085177	-1.1840512	-1.2822633
-0.35833025	-0.5674062	0.011025697	-0.5016717	-1.5670575	-0.30687347	-0.9495778	0.18280755	-0.29317632	-1.3319288
-1.425622	-0.9769149	-1.0235502	-1.4649557	-0.55495334	-1.8723823	-0.98779845	-1.3025221	-1.6546052	-0.44575068
0.18229315	0.5392022	0.7906065	-0.0025070608	-0.3140486	0.23199694	0.1616266	0.243667	0.1432903	-0.6372612
0.11468107	1.2649885	0.4739637	-0.20231429	-1.452521	-0.23127349	0.4981297	0.4534509	-0.21766472	-1.1251234
1.1609577	2.40659	1.1803828	0.7787471	-0.42202434	1.304319	2.1600978	0.32042235	0.97277933	-0.015250049
0.2098299	1.3687488	0.988641	-0.0899873	-1.0658413	-0.08800735	1.2048327	1.0654883	-0.69867605	-0.5691531
0.80979687	1.0222877	0.9101026	0.46835786	-1.3062754	0.63584286	1.3784305	0.22112602	0.3104345	-1.5653654
-0.55859023	-0.9264841	-0.12579194	-0.6836155	-1.625137	-1.2032889	-0.8781216	0.2449825	-1.2522808	-2.1973338
0.39153847	0.8471036	1.1124439	0.1140665	-0.9837308	0.30853745	0.7062707	0.669947	0.513629	-2.0849063
-0.35969764	-1.12397	0.024105698	-0.5012309	-1.8735968	-0.3535846	-0.8194982	0.0011427202	-0.430373	-1.4530063
-0.24993068	0.04901305	-0.06874046	-0.40975136	-0.5602235	-0.6223729	-0.7830031	-0.4465456	-0.8105018	-0.03667065
-0.75302553	-0.55611324	-0.36324015	-0.8485307	-1.2125778	-0.7217076	-0.48623443	-0.6279664	-0.6923777	-0.92283505
0.13960361	-0.43467242	0.79941523	0.013729349	-1.3640931	0.8492672	-0.3591681	1.4786983	0.053756308	-1.9509022
0.73893696	0.10673162	1.2345772	0.5620207	-1.3764713	0.2469843	-0.39122894	1.0957434	0.7503375	-1.6661547
0.10394921	0.28392342	0.5954094	-0.13972908	-1.4299146	-0.14259444	-0.42518374	-0.13928184	-0.35953712	-1.633211
1.2280058	0.51439977	1.5736003	0.9662607	-0.5709945	0.30331928	0.45448554	0.4651479	-0.20786548	-0.5965467
0.48960063	0.24510595	1.0390934	0.30706984	-0.9842206	0.09523108	0.15824261	0.6820053	0.030250607	-1.2797922
-0.07502052	0.38230434	0.646721	-0.27621907	-1.0101331	-0.006337713	0.41247067	1.0158505	-0.20711875	-1.4041035
-0.05942274	0.28059235	0.60963714	-0.29383597	-1.2333192	-0.27381307	0.48773727	0.6015496	-0.74998724	-1.2281364
-0.14959604	0.07906824	0.23438013	-0.34696147	-1.3625289	-0.3544192	-1.1338928	-0.5544607	-2.645579	-1.6396691
-1.4541148	-1.65834	-0.9921124	-1.3813233	-0.8873228	-1.5837014	-2.1232593	-0.99153936	-1.2289119	-1.2362062
-1.5553302	-1.2743258	-0.98735976	-1.4191704	0.4465156	-1.2175102	-1.2091533	-0.62450564	-0.99892914	-0.036669783
-0.64449733	-0.4292318	-0.3468115	-0.75558674	-0.8688978	-0.9721299	-0.16387871	-0.72513014	-1.4843496	-0.17086472
0.8992913	0.7766539	1.5431006	0.71290165	-1.0530722	-0.97877437	-0.44482172	0.22812888	-1.1528288	-1.8844422
0.9694149	1.7947159	1.4171128	0.68599975	0.14629874	2.0559359	1.2379795	1.3598851	1.0332975	-0.44263336
-0.4003823	0.36981174	0.06993145	-0.6578903	-2.0348566	-0.09719845	0.59110105	0.044729143	0.21363339	-2.5237205
-1.2620101	-1.3649484	-0.7177013	-1.2875049	-1.6009945	-1.6052287	-1.3741659	-0.9801863	-1.9996691	-1.0066239
-1.6477942	-1.8458354	-1.0069047	-1.6356905	-1.0026726	-1.887872	-2.4525888	-0.9575124	-1.6534791	-1.4229193
0.41362637	0.14966765	0.97577584	0.2445993	-1.5533389	0.12008082	0.17381321	0.77218205	-0.6553099	-1.8388623
0.8577043	0.42851594	1.3611202	0.65678775	-1.1806248	0.66598415	-0.2594307	1.2861148	0.55242693	-1.3313892
-0.31778073	0.53362155	0.077127814	-0.5561743	-1.2526805	-0.9073784	0.33854464	0.00080851116	0.27395284	-0.6110308
-1.3579205	-1.4411333	-0.80099237	-1.3683716	-1.3546277	-1.7204957	-2.2224371	-1.2094867	-1.5083629	-1.5650386
-1.3549486	-1.4541676	-0.88428354	-1.3447695	-1.6684065	-0.7987167	-0.6859595	-0.5471322	-0.9880331	-1.9251533
-1.5171279	-1.8116453	-0.8951571	-1.5464245	-2.0121112	-0.8543499	-0.9809299	0.27461722	0.26556107	-1.7396156
0.3158882	0.6488012	0.87433076	0.09422277	-1.2259277	0.36172962	0.97631943	0.7529154	0.7990882	-1.07406
-0.64967996	-0.9996991	-0.16992185	-0.71388006	-1.3183695	0.04221787	-0.603973	0.3262409	-0.42151687	-1.5588528
-1.0429505	-0.7716738	-0.6267774	-1.1510881	-1.463933	-1.4720519	-2.112482	-0.82946837	-1.8987861	-2.109762
-0.9085687	-0.6438116	-0.14035189	-1.0751294	-1.8047615	-0.6649248	-0.612591	0.08481731	-0.889363	-2.7071087
-0.008358009	-0.038185477	0.52649313	-0.21403734	-1.423055	-0.4846269	-0.047696833	0.6431263	-0.63488454	-1.494223
-0.24982601	-0.21957022	0.12737031	-0.4285885	-1.364981	-0.401922	-0.13516875	-0.48280215	-0.28552857	-0.7967427
0.7293509	0.78120005	1.2785236	0.50224936	-1.4010769	-0.07995164	-0.09445885	0.8507279	1.097939	-1.4206372
-0.35458067	-0.6265745	0.11837384	-0.45936966	-0.9969708	-0.025361838	-0.36730963	0.40129656	-0.32889608	-1.330702
-0.9512485	-1.1500733	-0.54757106	-1.0397755	-1.3360577	0.26509708	-0.12510562	-0.30413288	0.16773883	-0.985257
0.90443426	0.38650355	1.5920663	0.656386	-1.395138	0.64778775	-0.4262486	1.4086984	-0.15110762	-1.8275242
0.8326792	1.471638	1.3133518	0.50993454	-1.5213578	0.94584537	1.9236027	1.3598742	0.11669533	-1.7354934
-0.8491867	-0.9723586	-0.36686853	-0.8870182	-1.4217395	-0.7882596	-1.2360963	-0.3003253	-0.74865794	-1.5209057
-1.0658904	-0.89820945	-0.61790645	-1.178647	-1.3213192	-0.67492115	-0.25731346	-0.32620612	-0.4359664	-1.4810826
0.5595525	2.3663921	0.6926043	0.24102424	-0.6868626	0.7698088	1.5747913	1.1098354	0.24561913	-1.3299567
-0.63075817	1.1948794	-0.54887605	-0.9092188	-1.1568247	1.3018477	1.9253188	1.6045363	0.54223645	-1.1488192
0.24575737	0.4537435	0.8054639	0.053679526	-1.4128712	0.39912254	0.023572342	2.0229735	0.034946557	-1.0219327
1.5844399	1.716687	1.6173929	1.2962332	-0.3061054	3.9674346	4.15384	3.9331279	3.4372926	-0.65521294
-0.4456759	-0.9995502	-0.33328423	-0.51841646	-1.2743713	-1.5074654	-1.6507688	-0.79696935	-1.7036622	-1.4889662
0.07269051	0.46388468	0.6764418	-0.15536964	-1.4629604	0.031305324	-0.118789345	-0.07092078	-0.54476213	-1.1692028
-0.9406738	-0.8841933	-0.45266923	-0.9717829	-0.8771819	-1.0937076	-0.84981334	-0.2801553	-0.995265	-1.0598422
0.33433786	0.7669177	0.8636583	0.105061814	-1.2612075	0.51619977	0.73326635	0.6061908	-0.0062914575	-1.5725739
-0.91478586	-0.72403115	-0.5235822	-0.9666691	-1.1669369	-1.752066	-3.228768	-1.6913402	-1.8696585	-0.49117807
-0.54788303	-0.40384883	-0.06532478	-0.6089988	-0.83373284	-0.7529003	0.09906215	-0.6969519	-0.74167114	-0.37363732
2.948284	1.3794849	2.858162	2.6095629	-1.0364214	2.079928	0.67570716	2.7225022	2.2826343	-1.5521823
0.46516177	0.7225355	0.6917039	0.2556569	-1.3583068	0.11836529	0.3698613	0.26400462	-0.66466683	-1.2769095
-1.2100141	-1.043107	-0.9956856	-1.2933521	-1.1782955	-1.2061896	-2.0068412	-0.47438747	-0.8690321	-1.0489079
-2.0118892	-1.9274021	-1.3674519	-1.9316423	-1.1456659	-2.4651227	-2.0136898	-0.93734354	-3.1073456	-1.543414
0.09139701	2.9638162	0.39832574	-0.35982502	-0.9912771	0.33724782	1.697803	1.2142003	0.24297209	-1.1633708
-1.2756768	-1.6095719	-1.0148101	-1.1645625	-1.2567606	-0.9639168	-1.8591316	-1.1412958	-1.087919	-1.7622088
0.8703168	1.2829714	1.1964463	0.5926792	-1.2002758	3.678513	2.8908312	3.751468	3.2696185	-0.5345128
1.7050772	0.99117756	1.8071272	1.4480371	-1.2172265	0.9110291	0.08106991	1.2284676	0.5728321	-1.641374
-0.1457769	-0.032032177	0.27698153	-0.31632954	-1.2300267	0.006654306	1.0319198	0.7482213	-0.075475834	-1.3911936
-0.9081615	0.5346246	-0.7417306	-1.121154	-1.2534803	-0.8647184	-0.16637449	-1.4085389	-1.5746998	-1.2555095
0.52634436	0.016411334	1.2100053	0.32208616	-1.3604444	0.20685545	0.19470881	0.8429144	0.4954419	-1.6872616
-0.5434606	-1.087186	-0.25136033	-0.6264567	-1.0672935	-0.01331028	-0.52117205	-0.115372635	-0.9818673	-1.0237668
0.067035966	0.41063103	0.42356995	-0.14715065	-1.5265442	0.45883358	0.54384243	1.1021315	0.7804374	-1.5258793
-0.1374354	-0.38831028	0.31067556	-0.2862531	-1.3738124	-0.95268327	-0.46730906	0.25187358	0.5597503	-1.5855641
-0.35625228	-0.7192836	0.108923435	-0.4281737	-1.3216681	-0.22867608	-0.57610434	0.18163669	-0.7973097	-1.229555
0.38977885	-0.22520193	0.51742035	0.25565678	-0.57377976	-0.73037624	-0.9780727	-1.434977	-1.166065	-1.6867527
-1.3519809	-1.1640217	-0.87733316	-1.3578455	-0.85914254	-1.7947545	-0.836704	-0.67722976	-2.6632075	-2.6632166
-0.5208552	-0.60670567	-0.04845944	-0.6492711	-1.2971343	-0.5844339	-0.58179414	-0.34789005	-1.3106533	-1.1034383
-0.06928659	-0.67718387	0.30888173	-0.17499153	-1.590063	0.38113403	-0.45166355	0.98801523	0.36414728	-1.7029377
0.47021684	-0.2779442	0.6722498	0.34685296	-0.6595262	0.07469592	-0.39496392	-0.15627357	-0.077301525	-1.0049064
1.0079815	0.5495261	1.6297566	0.7259966	-1.236643	0.7458172	0.319196	1.1248204	0.49802193	-1.09673
0.43359652	0.44061086	1.000312	0.22689359	-1.3125796	0.4305753	0.66247827	1.1321914	0.3967598	-1.1448421
3.1269271	2.760408	3.2637286	2.7318888	-1.1291063	2.7418065	2.8863075	3.2010422	2.1705344	-0.8531814
0.1763505	0.41344836	0.78491676	-0.068414375	-1.5717471	-0.2339381	0.21794198	0.6859858	-0.24427772	-1.6612988
-0.5300134	-0.24649754	-0.11027059	-0.67025447	-1.3202997	-1.1471585	-0.29391828	-0.55484676	-1.1482228	-1.5266585
-0.09721253	0.3887652	0.5143423	-0.28591686	-1.6457568	-0.57357687	-0.6716624	0.29096445	1.0372322	-2.6082053
-0.8705657	-1.0049272	-0.3383378	-0.95638365	-1.7857319	-1.4153194	-1.2652248	-0.104930684	-1.3007116	-1.1532383
0.35701442	0.4407207	0.89715564	0.1631947	-1.2563946	0.112121314	0.2133502	0.7104585	0.43068612	-1.2359024
1.0242292	1.5796664	1.5363445	0.73029447	-1.1267931	1.1525466	1.6670504	1.8520888	0.59970665	-1.4524142
0.34038636	0.78528786	0.820871	0.0995826	-1.2044612	0.030427502	0.41361108	0.8021577	-0.061566312	-1.4572419
-0.10623074	-0.3507926	0.377522	-0.22519028	-1.2743068	-0.14304091	-1.0600511	-0.5488359	-1.0709958	-1.2990766
0.024175368	0.4782407	-0.047418892	-0.018754244	0.12843698	-1.0579047	-0.556871	-0.25760326	-2.8207488	0.27346548
0.16011125	-0.22495034	0.53472024	0.0255927	-0.7840861	-0.20564781	-0.9139761	-0.18070857	-0.64355356	-1.1193788
-0.8156218	-0.93790984	-0.4956216	-0.8690264	-1.2025377	-1.7721356	-1.6388519	-0.9914674	-2.3181012	-0.9345308
-0.96744555	-0.8530371	-0.61303663	-0.9680494	-1.9522419	-1.2379367	-1.6027896	-1.5091655	-1.4135879	-1.1599256
1.7043754	2.1845403	2.0605984	1.4079914	-0.7157069	0.42324194	0.84824413	0.840824	0.5305177	-0.41290733
-0.00076482445	0.30558565	0.38263303	-0.17406134	-0.925166	-0.15776215	0.35203865	-0.53690857	-0.56061655	-0.75472593
0.14212105	0.47146943	0.765563	-0.0644357	-0.9688493	-0.76703316	0.50080496	-0.13420103	-0.6551841	-1.1856439
0.8079927	1.1322503	1.4684463	0.60002583	-1.0238659	0.063764155	-0.22335114	1.1032283	0.056054816	-0.8644654
0.2699401	0.57134163	0.69204026	0.020995378	-1.1757281	0.7285122	0.8119946	0.9723425	0.58525383	-0.6046653
-0.6516797	-0.6345432	-0.27407476	-0.71005	-0.9195025	-1.1864666	-0.9775926	-0.6151343	-2.8379943	-0.58987176
-0.98272073	-1.1246475	-0.5626359	-1.0207502	-1.1978459	-1.2432694	-0.87679005	-0.6963072	-0.8258833	-1.6402812
0.2572746	1.3809665	0.104213655	-0.025629118	-0.89398944	-0.915654	0.55223876	-1.2713593	-1.7046784	-1.6202308
0.48626432	0.48038998	0.9582484	0.2453426	-1.3715353	1.176011	1.0978035	1.020508	0.78510445	-1.3156575
0.28786293	1.541417	0.72651243	-0.024811044	-1.1543455	1.9166021	2.4546824	1.8861556	1.2554629	-0.8101067
0.54477865	0.7543478	1.1278075	0.34196234	-1.2413813	1.1226844	1.004213	1.212177	0.7580931	-1.6772578
0.5788836	0.7509475	1.1550354	0.39557254	-1.2315099	0.41479346	-0.18729867	1.3003345	-0.5187789	-1.7535386
-0.17795849	0.15341583	0.21922112	-0.44377095	-1.3510731	-1.0888932	-1.2718304	0.06925862	-1.0612696	-1.0536807
-0.5255481	-0.20845363	-0.10708216	-0.74771	-1.4123163	-0.73082	-0.23245326	0.04016897	-0.9372894	-1.3711066
0.44872686	0.53585315	0.8810992	0.2555309	-1.1061475	0.51659405	1.0155911	0.48915473	-0.4003056	-1.1056573
-1.1816202	-1.317536	-0.6199089	-1.2028261	-0.51590836	-1.2978101	-0.9800559	-0.48775992	-0.6195503	-0.036170788
-1.2911515	-1.1474992	-0.79383576	-1.3633852	-1.3380643	-0.91873515	-0.5606923	-0.96649456	-1.454476	-1.50031
1.5409136	0.65105677	1.782438	1.3216343	-0.95326877	-0.4264772	-0.59194976	0.25151154	-0.72178555	-0.6481366
-0.65409774	-0.6776657	-0.013127327	-0.7876892	-0.6347025	-0.20120932	0.14348492	0.3455236	-0.71599716	-0.10582069
0.43175527	2.409934	0.5961561	0.05492711	-1.1362319	-0.6519098	0.7304195	-0.7645642	-0.9156249	-1.7371274
-0.09515966	0.28174296	0.36884296	-0.3458682	-1.5108787	-0.028052771	-0.08892201	0.4407019	-0.2624921	-1.8651483
-0.9853829	-1.0946016	-0.50497854	-1.0698097	-1.7356174	2.8588574	-0.013325231	2.8089476	2.4445102	-1.9551694
0.62967247	1.0154204	0.7397907	0.35556185	-0.7818576	-0.034429744	-0.69768876	0.14172642	-0.109999314	-1.1763747
-0.78324497	-1.0707434	-0.36700496	-0.8684677	-1.537033	-1.6556997	-2.687923	-0.9516233	-1.9113973	-1.9011506
-0.8958043	-1.0438383	-0.49913815	-0.9409553	-1.1272842	-0.74116844	-1.6615455	-0.35854122	-1.3126823	-1.5949044
0.26741773	0.060790807	0.7716305	0.055662915	-1.4034927	0.16530032	0.021439327	0.63069683	-0.15866172	-1.1239072
0.92121446	0.55805576	1.6540254	0.6707406	-1.5095145	0.9576017	0.57929784	1.843388	0.99483675	-1.5174967
-0.75540656	-0.46634516	-0.3202679	-0.90074587	-1.5842885	-1.6300724	-0.69242924	-0.2431365	-0.38691404	-1.694753
-2.261983	-2.1415281	-1.4457672	-2.1583257	-0.93110716	-2.4893594	-2.295832	-1.2276471	-2.9809065	-1.5606103
-0.035307415	-0.29112947	0.4092483	-0.17514636	-1.1283784	-0.3700889	-0.0749524	-0.036704753	-1.1626059	-1.2629559
1.4865878	3.6202817	1.6859598	0.9803618	-0.805678	0.73607415	2.838361	1.461894	0.37402803	-0.645948
-0.5932319	-0.7900574	0.09762168	-0.6685112	-1.5094463	-0.2645097	-0.4563682	0.31518656	-0.18330006	-1.2776053
0.12412415	0.8659704	0.45583397	-0.1850962	-1.0449442	-0.64216495	0.44703427	-0.7747577	-0.75721437	-1.300858
0.30713627	0.5346385	0.5357699	0.068100825	-0.97249126	-0.24515302	0.11469875	-0.45853978	-0.8103655	-1.15978
0.8815332	0.71257997	1.454201	0.66417396	-1.1580802	0.9518743	0.40131006	2.0030172	0.077874094	-0.6782151
0.35799208	1.6565309	0.7957994	0.04729329	-0.9425982	0.3794227	2.7272089	0.6790086	-0.6671134	0.008119537
0.31326368	-0.25296712	0.8955339	0.13187338	-1.5225229	0.69251007	-0.13434716	1.1651711	0.3137492	-1.7512923
0.8185407	1.3217103	1.4800234	0.55519646	-0.8983879	0.6199169	1.3643323	1.0851461	0.55420756	-1.4098692
-0.30038008	-0.19889498	0.33863002	-0.4409899	-1.104207	-0.7414102	-1.8266245	-0.05152439	-0.5571995	-0.8398221
-1.4937608	-0.7391832	-1.1763355	-1.5743363	-0.2660814	-1.460101	-1.7154821	-1.1973867	-1.3303405	-1.1018331
0.4343451	0.2817128	1.0323542	0.27286625	-1.3899806	0.03484739	-0.5744897	0.42965293	-0.028463213	-1.3675311
-0.14890853	-0.231633	0.36853138	-0.31565678	-1.4616634	-0.36299422	-0.6119037	0.16050902	-0.45979962	-1.646985
0.29351616	1.4502497	0.847715	-0.0415688	-1.3464419	0.6016703	0.41556475	1.725995	1.0691508	-1.0809742
0.40655804	-0.06994386	1.0035056	0.24907033	-1.3441464	0.31080538	-0.13606243	0.760454	0.12516288	-1.5255152
0.7535857	1.1541789	1.4846666	0.49352115	-1.256803	0.8922528	1.5040802	1.629897	0.61191314	-1.298482
0.07726725	-0.40045494	0.53975224	-0.05901344	-1.1380804	0.2959325	-0.41853073	0.57449967	-0.088188514	-0.8462576
-0.012074478	0.31268176	0.3212113	-0.14807384	-0.73153615	-1.1194106	0.16057375	-0.1452443	-0.8449755	-0.95843846
0.082532756	-0.3982436	0.8161341	-0.06835243	-1.6550223	-0.25513104	-0.5836918	0.9155046	-0.025101922	-1.3949744
0.81291455	4.8529987	0.8092879	0.23229142	-0.17703024	0.44163248	5.014282	0.80876315	-0.14145948	-1.0665408
0.0637371	2.1560996	0.8796369	-0.21679784	0.21299407	0.7670824	2.5776963	1.680705	0.56805557	1.686622
0.42175707	-0.088701755	0.9425802	0.20299296	-2.0087621	0.41194722	-0.11428622	1.2555808	0.05537922	-1.1434058
0.9783781	1.3706799	1.3207443	0.68496823	-1.0746788	0.4350143	1.3852116	0.91335714	0.37045714	-1.3707267
0.21071705	0.70096767	0.72097945	-0.015820712	-1.5244384	-0.801736	1.6635406	0.13846901	-0.8565742	-1.8671958
-0.18661946	-0.33370996	0.23424417	-0.32180697	-1.352322	0.36627954	-0.017537244	0.84786296	0.09658435	-1.5928104
0.35660127	0.095755965	0.9850681	0.19277091	-1.3525025	0.57719135	-0.08763834	0.7252863	0.07769202	-1.6293492
1.0012853	1.5150919	1.4339211	0.70850116	-1.2676898	1.1480939	1.0245992	0.71116334	0.1847893	-1.6002126
0.71200204	0.8239142	0.81058264	0.44546902	-1.1613415	1.7297972	2.2094994	1.1755801	1.2136163	-0.9841786
0.261535	0.6717864	0.8206823	-0.021352068	-1.4644004	0.4866961	0.36311635	1.0318798	0.09974462	-1.7062861
0.49961063	0.33540514	1.1081605	0.2629661	-1.0989132	0.5061157	0.48767224	1.1728749	0.17323057	-1.1244751
0.5335672	0.6132051	1.0869776	0.34031755	-1.2425579	0.30333787	0.673334	1.292687	0.2627918	-0.3657473
-0.28865436	0.09657541	0.023453742	-0.35207647	0.23013195	-1.2825037	-1.2241617	-0.9759236	-1.7505313	-0.11891666
0.20758924	0.023464054	0.72963035	-0.029872864	-1.5590576	0.35208452	0.009443595	0.7423208	0.16589904	-1.8246573
0.19921651	0.17584327	0.64299357	-0.023986772	-1.3692042	0.6727672	0.28742182	0.4877405	-0.114770986	-1.1407809
0.63309175	0.8313799	0.87394965	0.37573302	-1.2990808	0.8807339	2.2911322	0.41070113	-0.26778635	-1.3085936
0.78381985	0.80989563	1.415152	0.5797181	-0.9761889	1.0198592	1.3358753	1.4771937	0.19725469	-0.7309853
0.35896587	0.4626465	0.9630325	0.14672215	-1.2798587	0.13313659	0.3788683	0.50635904	0.23796722	-1.5300715
-0.46018085	-0.45222312	0.06326491	-0.5513832	-1.4507252	-0.16541839	-0.21170431	0.64710087	-0.45714423	-0.8430633
0.50999415	1.0874573	0.98811424	0.2717185	-1.2899446	0.7800347	1.9197625	1.3366214	-0.902061	-1.6347585
-0.8054262	-0.7395953	-0.478713	-0.8698179	-1.5852094	-0.62380403	-1.1515661	-0.33760154	-0.41581488	-1.2751663
-1.1448873	-1.1652055	-0.70775616	-1.1883184	-1.129966	-1.702323	-1.944863	-1.4640583	-1.1083263	-1.7571839
-0.5072693	0.40074995	-0.26854363	-0.59724593	-0.08338666	-0.10929065	1.5633134	0.22460772	0.17741998	1.404577
-1.7487663	-1.88429	-1.143663	-1.7279243	-1.7896215	-1.3539586	-1.3742281	-0.98299783	-1.8968703	-1.9333917
-1.4098556	-1.4513322	-0.8537507	-1.4294342	-1.3886595	-1.9857837	-1.8212664	-1.1234552	-1.5326235	-1.2002168
-1.6529412	-1.6443542	-1.1078702	-1.6216172	-1.5081481	-1.9081682	-2.0558913	-1.1867244	-0.7344389	-0.26360846
-0.5805885	-0.6079395	-0.37348476	-0.668546	-1.633278	-1.4891186	-1.6167998	-1.0754365	-0.90713274	-1.3868219
-1.4500593	-1.3823152	-0.9104645	-1.4916105	-1.4958797	-1.5118271	-1.5637416	-0.30714434	-2.157417	-0.9314322
-0.73085696	-0.7792622	-0.19736561	-0.7928461	-0.75621796	-1.5867143	-1.9556515	-1.2120817	-1.7674432	-0.97713035
-2.192623	-2.1042728	-1.4200904	-2.1353853	-1.4568336	0.46736282	1.1190672	0.43851697	0.054207575	-1.7420474
-0.028278448	-1.2676833	0.31647983	-0.11693956	-1.2084968	-0.5179903	-1.3627083	-0.3610086	-1.0423536	-0.9430718
-0.30580518	-1.312298	0.0019170642	-0.32255608	-2.024636	-0.5773794	-2.14222	-0.40736514	-0.042249657	-1.3521762
-1.1731015	-0.55237114	-0.7584388	-1.3025953	-1.2516075	-1.6372297	-0.89128935	-0.1436365	-1.947661	-1.0635552
0.9399107	1.1660542	1.4749495	0.59066284	-0.1794046	0.33860365	-0.19534901	0.5775993	0.15445964	-1.7141374
-0.10885476	0.74000895	0.22293529	-0.38587332	-0.878646	-0.45489353	0.4548282	0.18400948	-1.4138341	-1.5942818
-0.13196558	0.007013142	0.37198335	-0.39440012	-1.6596265	-0.25072396	0.019105438	0.32323942	-0.8043665	-2.0974443
0.14002496	0.5309181	0.64329535	-0.050266698	-1.4398377	0.3765247	0.60641825	0.8338733	-0.27267748	-1.6647975
-0.6443192	1.2445673	-0.2488285	-0.90894485	-1.1336359	-0.89338195	1.4118096	-0.701597	-0.9666421	-1.705592
-0.9119031	-0.78776884	-0.4194394	-0.992316	-0.86487687	-0.9909313	-1.1570319	-0.7615147	-0.926242	-0.76953006
-1.3373635	-0.87544525	-0.8342992	-1.4119083	-1.6039989	-1.5610018	-1.262938	-0.49989754	-1.0640929	-1.0894839
-2.0956857	-2.0245247	-1.3651538	-2.075653	-1.6998187	-2.486252	-2.8032875	-2.328617	-2.6401985	-2.169651
-1.2819474	-0.6412729	-0.8253058	-1.3776472	-0.9954314	-1.3556362	-1.1614554	0.29664773	-1.6025007	-1.6002126
-0.67358875	0.5730752	-0.29667208	-0.867409	-1.4506617	-0.9670323	-0.16816585	-0.45663846	-1.2225208	-1.5451384
-0.43076858	0.41007724	-0.008198082	-0.63172233	-0.88046896	-1.5113232	-0.8181089	-1.0623591	-1.6783407	-1.7726381
-1.3619182	-1.686153	-0.8220438	-1.3625487	-1.5497513	-2.051771	-1.8863585	-0.77649903	-2.2797298	-1.8785735
-0.54100823	-0.797536	-0.053501904	-0.5793495	-0.9135839	-0.8901875	-0.9067983	0.21047513	-0.17736684	-1.243605
-0.63514274	-0.52705467	-0.22554508	-0.7861464	-1.3565668	0.4711605	1.3967221	0.43117976	-0.14108466	-1.4587846
-0.3879026	-0.55358577	-0.08023548	-0.5304216	-0.78195536	-0.8729744	-1.6312312	-1.228331	-0.5004549	-0.5936837
-0.4888167	-0.646384	-0.27034435	-0.63018936	-1.5385431	-1.2286893	-1.4060929	-0.8561459	-1.3962569	-1.7986326
0.07420208	0.31958333	0.6694219	-0.11488202	-1.4197778	-0.6483488	-0.31537315	-0.1749017	-1.5549448	-1.7262514
-0.63196117	-0.6155126	-0.25393215	-0.6843019	-1.4322015	-0.8996868	-0.68795705	-0.6548214	-0.30502743	-1.3512772
-0.18778619	3.6269665	0.077564195	-0.59048915	0.0010009706	-0.81975865	3.599308	-0.13472638	0.715304	-0.72363555
-1.1007195	-1.2674359	-0.62311363	-1.0843222	-1.568581	-1.0595711	-1.6609067	-0.8444155	-0.94624734	-1.1701676
-1.2881339	-1.4006592	-0.7782192	-1.3014224	-1.2672032	-0.92365444	-1.0194492	-0.7671284	-1.7024038	-0.97817373
1.154123	2.222553	1.4434263	0.7770684	-0.6163099	0.2512622	0.69589883	0.1550514	-0.96077377	-1.5766246
-0.82683116	-0.2819331	-0.41304466	-0.8302306	0.21368828	-0.72979134	-0.049237125	-0.66726893	-1.1510248	-0.6613393
-1.6348814	-1.102287	-1.1261648	-1.6514163	-1.1562698	-2.5832896	-1.6874784	-1.2444252	-2.2529714	-1.6054102
-1.5283765	-1.5887562	-0.98969805	-1.5132775	-1.5141937	-1.8144642	-1.6608595	-1.463245	-1.9021358	-1.8928037
0.28096297	0.092701286	0.9106946	0.13113837	-1.2848359	-0.04570106	-0.8202717	0.09577042	0.37022278	0.6721774
0.05861499	0.12299135	0.5251839	-0.1713209	-1.330952	0.1177574	0.4840484	1.0424639	-0.0715122	-1.616411
1.0263731	1.2981682	1.7822709	0.76020026	-0.8816941	1.8525633	1.410163	2.2886677	1.4043399	-1.4051341
0.37271145	0.17898327	1.0395076	0.22279797	-0.97135055	0.3487813	0.38937563	1.2555459	0.48654294	-1.1523285
0.3090904	1.0934441	0.6951846	-0.01587376	-1.2892168	0.7177925	1.1880785	1.034807	0.38645998	-1.3295386
1.3291413	3.3356311	1.5682749	0.8765577	0.2846776	0.556833	3.0384743	1.1818516	0.5032001	0.4982774
0.647256	0.6477331	1.2170529	0.44810903	-0.9452461	0.17159559	-0.0012423458	0.82660836	0.30733672	-1.0673718
-0.5937967	-0.24977648	-0.18922848	-0.7637537	-1.091109	-0.9970188	-0.8672462	-0.0045233336	-1.0893958	-1.1017661
0.09698569	0.4229072	0.5132303	-0.07561344	-0.9056829	-0.14205295	0.5846928	0.7535947	-0.15226856	-1.6650841
1.1650581	1.305495	1.6691046	0.93325484	-0.9151974	1.5237659	1.2170318	1.0033736	1.7956814	-0.6904104
0.12125497	0.052909106	0.52177596	-0.07136004	-1.2847532	-0.6355011	0.058466807	0.48596066	-0.2398738	-1.7517962
1.7374865	1.3718336	2.3610759	1.4415866	-1.0297595	0.8268719	1.1983688	1.1812605	0.48967722	-1.520591
-0.9878337	-1.0386347	-0.4705495	-1.0012947	-1.5950131	-0.5432417	-0.38797218	-0.068866275	-0.052085504	-1.9577756
-0.4114814	0.82912755	-0.16358635	-0.68470144	-0.84413505	3.5200694	2.1031005	2.7868955	3.0849905	-0.4807621
0.64086974	0.66756046	1.2420992	0.4470113	-1.1262106	0.587395	0.8827881	1.6459575	0.20220704	-0.7945028
-1.0439681	-1.1530284	-0.58432424	-1.0787094	-0.9868828	-1.3804221	-1.9243993	-1.2530766	-2.3701055	-1.2899249
0.2931819	1.1332724	0.8484582	0.01906024	-1.2493632	0.5958282	0.4921281	1.1397932	-0.49499428	-0.95033973
0.22893056	0.64408016	0.71202207	-0.0076756924	-1.3950306	-0.88490105	-0.3864323	0.5130953	-1.200553	-1.4935503
-0.81897295	-1.0365806	-0.42348328	-0.8542682	-1.7296146	-0.9608801	-1.0810184	-0.17147435	-0.7738103	-1.6800033
0.38490358	-0.35955757	1.0140179	0.21492855	-1.0375457	0.53054386	-2.0016065	0.6533004	-0.17357843	-2.035613
-0.05883605	-0.00059114397	0.47664863	-0.22975199	-1.1036738	0.0141561795	-0.22677925	0.43996426	0.33268163	-1.5559988
-0.76527625	-0.7944354	-0.36449942	-0.85558474	-1.4174987	-0.8099194	-0.71083546	-1.1205862	-0.7128619	-1.7919143
0.3196346	0.47475412	0.72788	0.13465054	-1.1089119	0.21481322	-0.14051804	0.48774248	0.34591773	-1.2597593
-0.32459274	-0.27898127	0.06300536	-0.43518847	-0.7850361	-0.7432856	-0.26394394	-0.50993085	-0.75861907	-1.5259937
0.3881372	0.1782364	0.92845786	0.22414516	-1.435185	1.1322372	0.56301296	1.1369429	-0.5070884	-1.2522893
0.033293642	1.260812	0.46621183	-0.29037344	-1.1096783	-0.8044126	1.0443395	-0.4376103	-1.413245	-0.6717345
0.49982986	2.500686	0.9907682	0.13390534	-0.35686702	0.25678682	3.5895057	1.0893126	-0.9335659	-0.66413593
1.4018886	0.46801576	1.823192	1.1946871	-1.0412099	2.0736082	0.22436976	3.3488922	1.8492779	-1.4534651
-0.03533689	-1.2901828	0.622885	-0.18029077	-1.4939405	-1.0496124	-1.033406	-0.37703553	-1.3746272	-1.0317984
-1.5991125	-1.6506779	-1.0700953	-1.5159292	-1.1937124	-2.1772995	-2.159751	-1.3549099	-2.0451632	-0.7295676
-0.43096334	0.26504764	0.0026344955	-0.6683831	-1.4547685	-0.8969253	-0.44023797	-0.49444744	-1.1817001	-2.1752748
0.41381773	-0.03495428	0.80432963	0.22956644	-1.4025109	-0.350593	-0.07104209	-0.32713366	-0.19908331	-2.3972862
-0.6003523	-0.30708653	0.2391182	-0.75176054	-1.3340861	-0.09353492	-0.20477974	0.7513305	-0.49114686	-0.6002126
0.29943356	0.16600403	0.8219998	0.11275767	-1.2914513	0.2858168	0.13524754	0.47816998	0.5587601	-0.6797814
0.92899936	1.7560265	1.2993017	0.6492524	-0.79639554	0.09201314	0.6410884	0.28336874	-0.72846645	-1.1235597
0.43636456	1.3346732	0.9648887	0.17101641	-1.2178547	0.59714925	0.82702374	0.84781444	0.18502137	-1.4823886
0.21551979	1.061998	0.65153253	-0.0052724928	-1.0542744	0.42973283	1.4487958	0.61680055	-0.40223268	-0.65307105
0.34739828	0.4412718	0.7807807	0.14296232	-1.3665655	0.15533374	0.31353766	0.5230874	-0.086956464	-1.5582833
-0.20005405	0.2564346	0.47282287	-0.43502405	-1.2181171	-0.37861255	0.8042789	0.41046405	-0.44223726	-2.140781
0.10165163	0.86462486	0.457376	-0.22002521	-1.3314127	-1.379517	0.5395939	-0.4877324	-0.29883558	-0.7807848
0.42898154	1.438831	0.77456117	0.158592	-1.0858674	0.5886444	2.2289827	1.0546452	0.28683203	-0.23775494
-0.34219325	0.32491842	0.218593	-0.57343256	-1.2739806	-0.6208478	-0.19111475	0.036432274	-1.3348322	-1.0048124
-0.11142988	0.07271108	0.32509863	-0.3130892	-1.3308663	0.12347668	-0.50185764	-0.13705252	-0.049652625	-1.2339721
0.101614796	0.081558615	0.578805	-0.07206267	-1.5395411	-0.07072422	-0.42566746	0.35656387	-0.19394279	-1.3278943
0.041341625	-0.06373748	0.5683034	-0.11867009	-1.5372189	-1.0602376	-0.5981305	-0.9189167	-1.8721823	-2.0292463
1.205368	0.9074162	1.7971563	0.9376055	-1.3197309	0.9420078	0.6214467	1.7664384	0.92888045	-1.445614
0.65806633	1.0062265	1.1695827	0.3820852	-1.3269471	0.60803664	0.18882227	1.1999781	0.0428077	-0.6791871
1.2673461	1.7126672	2.0012662	0.9904984	-1.1175364	0.8116664	0.97148687	1.3346918	0.07851103	-0.75775385
0.19155937	0.26213595	0.76653576	-0.11270536	-1.2466742	-0.48443475	-0.54374766	0.008885046	-0.33358955	-1.0971735
0.66449296	0.92758083	1.1902407	0.37218893	-1.3864534	0.25533682	1.1814095	1.5717702	0.27484602	-0.74336916
0.32570577	0.42175165	0.87213135	0.1340305	-1.4164376	0.27352065	0.16892664	0.49007398	-0.26982558	-1.7624255
0.4913077	0.31005654	1.064838	0.32323384	-1.1417104	0.7136958	0.33163768	1.3377116	0.13807471	-1.1994542
0.90642935	0.10420072	1.2418307	0.6153485	-1.3068213	0.90155745	0.8400815	1.3009808	0.96488523	-0.77757996
0.19430381	-0.3477216	0.75792587	-0.05489312	-1.6566483	-0.22284345	-0.44041544	0.8286484	0.14094025	-1.3381814
0.11619402	0.83330655	0.56048316	-0.19113879	-1.2211282	-0.442964	0.38626534	0.4034963	-0.9290993	-0.9817012
1.1891931	0.6097863	1.8187271	0.97093904	-1.0192953	0.6170061	0.8296003	1.8639808	-0.38379806	-0.8703017
0.3428035	0.33826312	0.78481555	0.12243797	-1.229527	-0.5931309	-0.63385737	0.06205724	-0.83937556	-1.7344344
-0.47984412	-0.52489364	0.14318836	-0.6524473	-1.7378396	-0.49597782	-0.5258451	0.2880242	-0.9380937	-2.2753935
-1.4712304	-1.5604923	-0.9349953	-1.4549168	-1.4076343	-0.8884811	-1.0393413	0.0059992615	-0.89793766	-1.1407809
-1.4732773	-1.5753479	-0.97823393	-1.4264866	-1.6223003	-1.3429358	-1.4123268	-0.7250849	-2.075374	-1.065795
-0.9648247	-1.0772384	-0.4809567	-1.0156566	-1.3214542	-1.4109317	-1.6693324	-0.9839179	-1.2198658	-1.5103772
-0.8148482	0.8313974	-0.6549667	-1.0460982	-1.1968404	-0.64718527	0.37538248	-0.38538718	-0.5082304	-1.564293
-0.24392515	1.080339	-0.04510495	-0.50623864	-1.2306193	-0.3120337	2.5911462	0.37356925	-1.0459878	-1.4349658
1.0570548	1.9500186	1.0352271	0.7085706	0.16849086	-1.0212628	-1.0843254	-0.97159576	-1.1705315	-1.2713544
-1.9203742	-1.3657125	-1.2780938	-1.9609705	-0.47168782	-2.4023583	-1.8012053	-2.040862	-2.9260125	-0.7280963
-0.8283421	-0.5590172	-0.60841584	-0.927373	0.19525167	-1.1055988	-0.50653964	-1.0384394	-1.3512505	-0.41216618
-2.1958437	-2.1735456	-1.4462879	-2.13926	-2.1123781	-1.613476	-1.1799619	0.11488148	-2.5648038	-1.665992
-1.2099344	-0.9397633	-0.7296077	-1.2652161	-1.4160737	-0.85662895	-0.31583843	-0.47023258	-1.3244087	-1.0210238
-0.3077043	-0.41422075	0.13924918	-0.41816473	-1.3678247	0.2803521	-0.07244653	0.78354716	-0.05002745	-0.79832494
0.43155745	1.157607	0.9001771	0.164277	-1.0090386	0.18060666	-0.22137426	0.78825164	-0.11486585	-1.5137452
-0.51309603	-0.8025713	-0.07708344	-0.60316485	-0.8852807	-0.813693	-1.6532409	-0.7191664	-1.0697562	-2.2259545
0.8681426	1.1533309	1.4071598	0.60758895	-1.3352506	0.93337876	1.2791992	2.08478	0.6394161	-1.6204073
0.4180815	-0.04587528	0.62118983	0.27828687	-1.1043855	-0.80965936	-1.219058	-0.6529721	-0.76971436	-1.9989127
-1.9751344	-2.1993923	-1.2946533	-1.895321	-2.0759525	-2.4729877	-1.6567019	-0.97371197	-2.360896	-2.07559
-2.262141	-2.196223	-1.4722811	-2.178087	-1.4680066	-1.855714	-2.2111194	-1.8352376	-2.010434	-1.4054892
-1.091351	0.29766276	-0.9657023	-1.2336767	-0.6876781	0.3344494	1.5239273	0.59212905	-0.4568693	-1.6996822
-1.6756305	-0.3449538	-1.1640431	-1.8218975	-1.1829487	-1.7003285	-1.16014	-1.5582833	-2.1970177	-1.260558
-1.6530368	-1.6227939	-1.137567	-1.6404722	-1.619729	-1.7710911	-1.8069937	-1.1563312	-1.8035966	-1.7798066
0.4894922	0.78928816	0.97367215	0.22442631	-1.3204849	0.56125605	1.4041669	0.82338816	0.10501803	-1.4938335
-1.1184922	-0.7664535	-0.69350505	-1.2100382	-1.2889677	-0.82575405	-0.7851157	-1.1797856	-0.5991793	-1.3716456
-2.4104397	-2.1664913	-1.6246673	-2.322014	-1.6626459	-2.6223142	-2.5610554	-1.9819056	-2.5456724	-1.3140877
-2.1757338	-2.033961	-1.3606076	-2.1412287	-1.4853665	-2.3722887	-1.9437598	-0.83505857	-2.2322285	-1.7436343
-1.4911286	-1.6201046	-0.99846554	-1.4477489	-1.4602891	-2.2609422	-2.5191479	-1.9085647	-2.7380004	-2.3077738
-1.6157774	-1.5375302	-1.076721	-1.5811353	-1.5643631	-1.945304	-2.0204992	-2.1260092	-1.7335435	-1.265866
0.21963748	0.52932847	0.706637	-0.02225624	-1.3118993	0.19116277	0.21004447	0.7817645	-0.21150216	-1.4358972
0.46497318	0.41144714	1.1944101	0.25101292	-1.1964351	0.25997996	0.28913093	1.0821865	0.24570012	-0.94472563
2.1562877	3.4131525	2.023882	1.701488	-0.6308994	1.7251376	0.6777028	1.1234671	1.3019164	-1.6063085
1.2362852	1.4242939	1.9311016	1.0171207	-1.1492273	1.6250141	2.1505215	2.160013	1.8812752	-0.31525743
-0.65362054	-0.38580468	-0.21681127	-0.81645435	-1.5188357	-0.2175094	0.29265913	-0.41240534	-0.6708894	-1.5085095
-1.3874015	-1.3620175	-0.8824338	-1.4008207	-1.151416	-1.3001883	-1.9496169	-0.5756169	-1.3084171	-0.26261202
0.4882699	-0.42485434	0.7860594	0.28145546	-0.87147295	-0.3867541	-0.23295477	0.09766108	-1.1269678	-1.1303996
-0.63109946	0.054928035	-0.30142817	-0.8229106	-1.1487458	-0.706122	-0.79122925	-0.99993736	-0.6157716	-0.9963854
0.45153245	1.0275837	1.002644	0.14224131	-1.4896814	1.4304894	0.83471745	1.9050138	1.4950821	-2.0411103
0.31570336	0.49848452	0.8026389	0.07779239	-1.5559374	0.50552565	0.7538452	0.78634644	-0.07032261	-2.29511
2.7037287	3.4695034	2.9832187	2.2335205	-0.76265395	2.8862252	4.9658356	3.4099305	1.7243112	-0.21175814
1.3131126	1.2029793	1.8492467	1.0714617	-1.086342	0.20378985	1.4700022	1.5036937	1.2477192	-0.66765165
1.225908	0.5017561	1.7034855	0.96911454	-1.4057934	1.4544672	1.0413227	2.0247622	1.1106046	-1.551771
-1.3793894	-1.3417113	-0.8946365	-1.373392	-1.3230673	-1.7494665	-1.6505792	-1.3841479	-1.7276744	-1.3858036
0.7741138	0.16044623	0.90123963	0.53929514	-1.3476187	0.42982614	-0.14818703	0.6590941	0.6316324	-1.4083897
0.74420303	0.33400145	1.1993788	0.5710846	-0.90260005	0.16742687	0.049435034	0.82416135	-0.71577996	-1.540086
-0.95721763	-0.680413	-0.5307431	-1.0745703	-1.1801171	-1.4549711	-1.2865651	-0.39402878	-1.0395834	-1.3664464
-0.5889924	-0.9761889	-0.18441817	-0.61823183	-0.68869793	-0.3316617	-1.6402963	-0.12304103	0.23985945	-1.31231
-1.3352704	-1.2578194	-0.8364452	-1.3470411	-1.0954161	-1.3865447	-1.6746193	-0.99070734	-1.601847	-1.3464053
-0.66450447	-1.1956794	-0.05084482	-0.79214317	-1.9717585	-0.37923622	-1.0295525	0.1751094	-0.8094359	-1.6487013
-1.1350832	-1.7321107	-0.6656724	-1.1868201	-1.0471147	-0.999355	-1.462151	-1.0021785	-1.3327768	-1.2806567
-0.5259636	-0.70721644	-0.37384436	-0.6640683	-0.24479368	1.5984932	-0.0919727	0.17994341	0.77762955	0.16198893
1.090237	-0.4751788	1.0688105	0.87799096	-1.3367842	-1.321216	-1.6975669	-0.7679516	-0.49225152	-0.9915681
1.2944381	0.87590694	1.9057657	1.0795336	-1.4560474	2.1972928	0.12797904	2.3570983	1.1861044	-1.0615747
0.44218192	2.3134139	0.64844555	0.075430706	-0.52688694	0.12899694	3.0599513	0.15800932	-0.6458254	-0.60842973
0.12408153	1.091005	0.9457674	-0.09683128	-0.95760095	0.089516744	0.8689059	1.1517186	-0.28469598	-2.140781
0.1910595	0.7260133	0.78501785	-0.07127686	-0.9560791	0.7877838	1.2121928	0.96662205	1.1338981	-1.2361288
-0.15938407	-0.25856555	0.29044393	-0.36573863	-1.7438388	-0.26165327	0.11382955	0.13251074	-0.548796	-1.9611704
0.05522456	-0.024401784	0.17110297	-0.11664508	-1.3976024	-0.19979225	1.5789031	-0.17120774	-0.4300212	-0.6425438
-0.5772314	-0.16443977	-0.22058055	-0.7958143	-1.6683866	-0.58884937	0.037339486	-0.61649007	-1.0226461	-1.7990552
0.6666638	0.819806	1.0349438	0.31701124	-1.5080291	-0.0737168	0.19910195	0.21041946	-0.32828242	-1.5904638
-0.46411344	1.2660658	-0.14990166	-0.7699223	-1.4379271	-1.0535375	-0.5469243	-0.25239214	-1.3806685	-2.3713307
-0.019531049	-0.065173596	0.3165046	-0.25599843	-1.0689051	-0.0687932	0.31462288	0.4012666	-0.41267964	-1.3383281
-0.15084714	0.7720828	0.16704138	-0.42164165	-0.84918654	-0.32923517	-0.8056616	0.070372246	-0.72880244	-0.72258997
0.10395528	0.14725864	0.37273157	0.014897093	-0.5137054	-1.4635745	-1.086156	-1.3252198	-1.7406963	-1.0563302
1.7044156	1.0718932	1.9936973	1.4820958	0.096976936	-0.98950297	-0.30175033	-0.20105581	-1.7596042	-0.43586588
-0.46479648	0.5630816	-0.13754842	-0.7290353	-1.2810969	-0.23602475	0.48016527	-0.64397466	-1.0520773	-0.46888623
-1.2991751	-1.4667964	-0.8125311	-1.2660185	-1.0978172	-1.301103	-0.6853076	-0.6060647	-0.9817582	-1.7075797
-0.17296648	-0.36731958	0.17982127	-0.37359893	-1.5516433	-0.20959365	0.35565463	0.35021943	-0.5774255	-1.630936
-0.33558312	-1.442104	-0.015060395	-0.43212885	-1.1005971	-1.07456	-1.8734841	-1.00763	-1.11361	-1.3695037
-0.7677231	-1.3502907	-0.24467665	-0.90570796	-1.5260887	-1.4255277	-1.211939	-0.76736283	-1.5611372	-1.2624803
-2.208104	-1.8266708	-1.4939518	-2.1462228	-1.2645435	-1.5997564	-0.6729832	-0.38319784	-1.1326929	-1.3183022
-0.52426285	0.730054	-0.2244784	-0.7312836	-0.9695493	-1.3727471	0.32178822	-1.2025703	-1.2777973	-1.5184337
-0.7188204	-0.40338525	-0.40681323	-0.8923125	-1.0060297	-1.2784247	-0.7801238	-1.460157	-1.0586457	-1.5964197
-2.1320398	-1.9823973	-1.4767076	-2.0165894	-0.58299494	-2.3087547	-1.6107253	-2.3573716	-2.701385	-1.3773854
-1.6955754	-2.048959	-1.2129096	-1.5792842	-2.6601863	-1.8049389	-2.3301177	-1.235912	-1.8297299	-2.9489403
-1.0325032	-1.2995924	-0.63124835	-1.0659381	-1.4022053	-1.6578928	-2.0968235	-1.2067987	-1.3269222	-1.9594554
-1.9384402	-1.9935015	-1.3132646	-1.8697267	-1.9503278	-2.0433466	-2.5021927	-2.254741	-2.268062	-2.0268276
-1.4786943	-1.7746983	-1.0432483	-1.4539111	-1.2400557	-1.0481968	-1.070184	0.12353653	-0.89793766	0.37000713
-1.3472632	-1.322343	-0.9370971	-1.2999079	-0.6555679	-0.12502563	-0.8210736	-0.062370528	-0.3693277	-2.836779
-1.2081972	-1.1577964	-0.6900109	-1.2148159	-1.0729402	-2.3144796	-1.9528195	-1.2994653	-2.542856	-0.89037424
-1.262493	-1.5898552	-0.75383663	-1.1486998	-0.80536556	-0.66204125	-0.2076101	-0.76962525	0.13034151	-1.1673267
-1.8309509	-1.6878419	-1.1522458	-1.8232797	-0.8688793	0.7490075	0.8132494	1.0178684	0.79427385	-1.0396597
-2.4937072	-2.445282	-1.6016773	-2.4285429	-2.1697884	-2.2397892	-3.2803435	-1.3092339	-2.953939	-1.8015769
-1.689297	-1.848563	-1.0007726	-1.6684735	-0.24395865	-1.6560142	-2.0190995	-0.90837896	-1.5300169	-0.47362685
-1.6846051	-1.7481141	-1.149761	-1.7133292	-1.6177188	-2.5999625	-2.2827559	-2.1694908	-3.4637337	-1.6835222
-2.2637496	-1.8023387	-1.5050311	-2.1369755	-1.0281307	-3.105171	-3.0775967	-2.565993	-2.9730415	-2.245034
-0.9767587	-1.3063587	-0.5129441	-1.021835	-0.95470536	-2.4195452	-2.495417	-1.28656	-2.173599	-1.0403779
-0.55069774	-0.57703215	-0.24153349	-0.5938928	0.31515506	-0.64305484	-0.5196783	-0.2705825	-0.5201893	1.3089495
0.19219413	-0.60688555	0.8631636	0.045406446	-0.98250103	-0.29791588	-0.73780644	0.5817975	-0.74092084	-2.261151
-3.1834047	-2.6874843	-1.9186568	-2.9964373	-1.3176001	-2.900165	-2.2609103	-1.179681	-3.0312786	-2.001184
2.3051171	2.0814838	2.2609508	1.9667215	-0.40431362	2.205513	1.1417906	2.2464528	1.5118768	-0.6603695
-0.84895223	0.037833124	-0.37739924	-0.8920784	-0.16901872	-1.7446891	-0.3998698	-0.4322709	-1.5985461	1.0212935
-0.74663323	-1.1471746	-0.17905563	-0.7302028	-0.51157236	-0.75254756	-1.452345	-0.48379442	-1.3675141	-0.6030718
-1.3942722	-1.9388121	-0.9424503	-1.2322788	-0.82865846	-1.995978	-2.53639	-1.4972119	-1.777275	-0.1847759
-1.5417529	-1.8602867	-1.1647997	-1.3690912	-1.347762	-2.275018	-2.3278637	-2.2425883	-2.1272655	-1.4722958
-1.4444871	-1.6979994	-0.8921366	-1.4266208	-0.68733084	-1.5890012	-1.6942916	-1.1308498	-1.8107321	-0.91802555
-0.7927006	-1.0697594	-0.35819682	-0.7583256	-0.7019379	-0.9382776	-1.5428586	-0.77571607	-1.0194777	-1.4136304
-0.13901359	-0.276695	0.21643075	-0.28318906	-1.1297196	-0.532593	-1.1412169	-0.08243186	-0.5347588	-1.7226478
-1.3670812	-0.7120731	-0.78479064	-1.3876857	-0.72578055	-0.7770865	-0.2973899	-0.027947286	-0.95887893	-1.2072906
-1.1990302	-1.6357396	-0.8732954	-1.2185223	-1.5333315	-0.80013347	-0.5042622	-1.452213	-1.3583475	-1.4792387
-0.85125256	-2.4056175	-0.2969273	-0.8001577	-0.69808435	-1.6822507	-2.5956545	-1.0367362	-1.7369868	-0.55513835
1.6880896	0.61308277	2.197881	1.5858321	-0.42998767	0.7286102	-0.076135	1.3145621	0.7265449	-0.79753506
-2.333325	-1.9850979	-1.4334015	-2.1758325	-1.2497567	-1.9320956	-2.2788515	-1.3632395	-2.580529	-0.15255906
-1.1726265	-1.6577947	-0.7352176	-1.0920038	-1.4870976	-1.636139	-2.7490025	-1.4777584	-1.0655516	-2.7675073
-1.4835188	-1.753809	-0.923038	-1.4152061	-0.35506183	-1.1158555	-1.917846	-0.5830933	-1.672932	-0.45877156
-0.07826954	-0.6666412	0.35853592	-0.2164826	-1.7253207	-0.06696818	-0.6269838	0.09726577	0.268175	-1.9610991
-2.0940738	-1.4404069	-1.3143413	-2.1914098	-0.12195316	-2.4890437	-1.9308884	-2.2485778	-2.6026933	1.1805658
0.29123396	-0.412933	0.7938247	0.10116421	-1.8062071	0.24022222	-0.44544804	0.36826915	0.16378056	-2.1587636
0.43907985	1.7428116	0.9085655	0.18196784	0.052000493	1.1020656	4.22272	1.4538485	0.61425954	-0.5778339
-0.22871777	-0.83335376	-0.17563134	-0.30094004	-1.9805906	-0.92241037	-1.1392967	-0.7249204	-1.4137694	-1.1141253
0.48257133	-1.2317932	0.7448921	0.4351201	-1.4876529	-0.022020677	-1.889977	0.058171615	0.15223396	-1.1276282
-1.2152659	-0.5526445	-0.77976596	-1.1633534	1.5329771	-2.0469797	-1.0534338	-1.0665668	-2.1416006	1.009192
0.10658089	0.2736847	0.7672155	-0.07825291	-0.72080994	-0.6912292	0.066612944	1.0162674	-0.4054041	-0.48432916
0.5995893	2.8580472	0.88623977	0.39368087	1.8149041	0.34506115	3.6615179	1.3211867	-0.11327022	2.824612
1.407901	1.7529066	1.5129585	1.1947589	-0.018903464	2.285007	4.1092496	2.4340084	2.1850305	0.27061567
1.0253022	0.40307608	1.409414	0.8052712	-0.8365854	0.5303206	0.7217568	1.278604	0.038684495	-0.05941552
-2.2580786	-2.3149931	-1.4616351	-2.100501	-1.4844509	-2.4962082	-2.4379232	-2.1619709	-2.4372559	-1.5569888
0.8926161	0.6407546	1.4387023	0.6976621	-1.2386054	1.434138	0.18876074	1.6283046	2.0372322	-1.4482094
-2.5154107	-2.3434956	-1.5794233	-2.3551323	-0.9912791	-2.4228935	-2.3297555	-1.9774568	-1.4597996	-0.21722542
-0.28960213	-1.0108715	0.20108253	-0.3903252	-0.79289246	0.1202855	-1.0929189	-0.06251626	-0.7417621	-1.3338624
1.5975662	2.9387934	2.1164613	1.2683096	1.9923166	2.0931928	2.7220187	2.3187819	1.8427451	1.2219714
0.35750023	-0.5836388	0.6254916	0.3282984	-0.56869453	-0.69819057	-1.545919	-0.47540992	-0.96030676	-0.84540963
-1.6489522	-1.7226604	-1.0630012	-1.5625275	-0.5473981	-1.7795298	-2.3166323	-0.7216543	-1.8327768	0.1082618
0.71404076	1.371235	1.2468092	0.45332026	0.28527418	-0.15060274	0.7087152	0.8585419	-0.31732637	-0.5935482
-1.2789823	-1.0793873	-0.8541535	-1.2957419	-0.39966804	-0.99514115	-0.6946978	-0.13822296	-0.98398113	1.4795384
0.1513145	-0.24857977	0.55294776	-0.0035098344	-1.6965256	0.83705837	-0.15212652	1.7377856	0.8387716	-1.6201063
-1.1054463	-1.1206303	-0.55089414	-1.1482512	0.57172537	-1.3513087	-1.1813234	-0.79550683	-1.4680572	-0.08051005
-1.3570119	-1.6762046	-0.81300354	-1.3277507	-1.7641019	-1.5531002	-1.8315853	-0.759841	-1.7260472	-1.1071346
-1.4173378	-1.1101534	-1.015021	-1.3826896	-1.0707971	-2.2193441	-1.9003732	-1.7457705	-2.6869888	-2.0157251
0.14246157	-0.3115177	0.43500993	0.16237621	-1.1319805	0.3342082	0.5399534	1.3386276	0.9583803	-1.2141732
-0.0020796135	-0.7069474	0.39331472	-0.18738972	-2.47914	-0.48578662	-1.2835071	0.025811471	-0.7541651	-2.5847268
-1.097624	-1.514502	-0.57688403	-1.1545134	-1.9034468	-0.9613101	-0.8849981	-0.6187695	-0.7968438	-1.8123851
0.32073948	0.9175172	0.71421283	0.14816366	-0.85752666	-1.4079739	-1.5619648	-0.8683102	-1.3954304	-1.2515343
-0.4488372	-0.99517584	-0.11319816	-0.47860998	0.8337866	0.15560363	-1.1226805	0.6239941	0.24346338	0.531563
1.1091309	0.8531321	1.4823959	0.8626164	-0.42278397	1.3301433	1.1011292	1.9138399	1.3638443	-1.2381623
-0.8331528	-0.8343668	-0.34580514	-1.0181011	-0.5924469	-0.09607434	1.1943591	-0.041776016	-0.15668197	-0.6614174
-0.8676187	-0.6290908	-0.55929244	-0.8754418	-0.80986327	-1.3055725	-1.360534	-0.80234283	-1.4269853	-0.15465866
0.83861876	-1.3111022	0.820279	0.7530641	-0.6851392	-0.4772208	-0.7412673	-0.3977719	-0.36188012	-0.43711135
-1.9753639	-1.9380609	-1.1734627	-1.971619	-2.8194685	-2.202976	-2.3025966	-1.8710324	-2.6694965	-3.3821938
0.8882975	-0.3208363	1.5728364	0.78784895	0.023005784	0.26662952	1.0706583	0.6994182	0.01969678	0.84312385
1.1593759	0.89604294	1.4046347	0.89222383	-0.21943061	1.5172125	1.5450679	1.7195164	1.3012571	-0.08591401
-1.5146555	-1.6436415	-1.1386799	-1.4273343	0.8049356	-0.9924218	-1.6390527	-1.0131745	-1.3538556	-0.5998055
-2.4048104	-2.2843392	-1.5075564	-2.25868	-1.1863025	-2.3244808	-2.3173933	-1.2892578	-2.0395412	-0.94176805
-0.798039	-0.6306361	-0.06595382	-0.838322	0.7200079	-1.5925568	-0.623963	-0.60306275	-1.3246623	-0.6008477
0.1284261	1.0669204	0.29140517	0.054895386	0.874367	-1.018526	-1.3983576	-0.116510786	-1.1168288	1.5000317
-2.008956	-1.9372442	-1.2849487	-1.8897249	-0.7367486	-1.6199306	-1.8951372	-1.5773865	-1.59197	0.0709918
-0.3969938	-0.6530323	0.22397497	-0.51486284	-1.5029578	-0.47717404	-0.4181161	0.40762472	-0.64559335	-1.5355507
1.2346737	0.7402233	1.5867305	0.90620196	0.1620594	2.128	0.31890413	2.6145263	1.812933	-0.18831904
-1.9325547	-1.7916523	-1.2696545	-1.7951918	3.1051178	-2.322743	-3.5432503	-2.4256084	-2.4335501	2.4924054
1.559336	1.1633416	1.6130232	1.1933341	-1.2604897	-0.02329752	1.1600739	0.26570305	-0.30338034	0.545332
-1.612702	-1.8437314	-1.1184099	-1.5636032	-1.3468648	-1.9326701	-1.5550714	-0.75750947	-0.39703417	0.35780743
-1.74167	-1.7920966	-1.0553901	-1.6373241	-0.67350155	-2.5149577	-3.0715485	-0.99575007	-1.8495553	-0.91491586
0.567786	0.082808465	0.7229621	0.3018176	-0.7363374	1.005453	0.08533672	1.304153	0.7260498	-0.73107314
1.7254893	1.1174438	2.1191428	1.433925	0.18968436	1.7550688	0.59158164	2.1888347	1.7385471	0.5177557
0.13641763	-0.36361933	0.49741402	-0.074872285	-2.055471	0.013540685	-0.61684203	0.62260944	-0.058653235	-2.5518968
0.5504891	-0.047348678	0.9043994	0.49747825	-1.2433785	0.46692213	-0.39810213	0.48189527	0.28748906	-1.4000347
-1.3531898	-0.56836903	-0.9544524	-1.2899582	3.1568115	-1.304109	1.1351815	-0.9565839	-1.3316731	2.973742
-1.2480758	-1.6374815	-0.59677744	-1.2359757	-1.9024937	-1.5526818	-1.7403426	-0.037918273	-1.0913168	-1.4695415
-1.168914	-1.5386921	-0.62409616	-1.1648886	-1.6264971	-1.6036006	-1.8200047	-0.98106396	-1.7337621	-1.5663412
0.12325423	1.3839303	0.41353753	0.00986138	2.4248314	-0.35895705	3.9900756	0.083252065	-0.09864367	2.6368785
-1.5234159	-1.7162026	-1.078088	-1.4184527	-1.5752599	-1.6315027	-1.7832353	-1.55804	-2.071385	-0.9539652
0.07112702	-0.8240143	0.6675631	0.023942813	-1.2732471	-0.49188635	-0.10181568	0.45865762	-0.2624141	-1.2946779
1.6915392	2.67869	2.2214255	1.3904734	-0.28185833	2.1150486	2.4608638	2.4876244	1.9109772	-1.1714426
-0.4024664	0.5466572	-0.09372753	-0.57105196	-0.21370095	-0.4107009	-0.1498923	0.2196948	-0.6743678	-0.11971297
1.0821772	0.7476274	1.0640205	0.97194624	1.3343022	0.42391235	0.042310793	1.1221286	0.33076957	1.2040911
0.2768155	0.216717	0.3514317	0.18997876	-0.9242909	0.43690345	-0.1258516	0.47348994	0.4245719	-1.1023709
-0.20743099	0.1658045	0.24691877	-0.3911315	-1.287118	0.15148976	2.2971623	1.1401031	0.4297771	-0.26747352
-0.6395767	-1.2920674	-0.17039606	-0.7651977	-2.2362542	-0.7696987	-1.6086568	-0.40163743	-1.0783546	-1.9159622
-0.2604836	-0.8267368	0.20521346	-0.33008122	-1.0675713	0.083460614	-0.7528177	0.8816101	0.026103731	-1.4598652
-1.9642487	-1.7634406	-1.1467018	-1.8683627	1.356778	-2.4499903	-2.7860904	-2.0885186	-2.9979148	0.7510894
-1.358374	-1.5172126	-0.7007123	-1.4543674	-2.0584111	-2.0040054	-3.0081224	-1.2053303	-1.8511212	-2.3464806
-1.2058055	-1.595153	-0.76586175	-1.1325749	-1.0999111	-1.1072826	-1.5792952	-0.48373058	-0.8334366	-1.1392646
-0.85637957	-0.84640324	-0.507751	-0.8934878	-1.0964525	-1.2464079	-2.384042	-0.9223206	-0.906756	-2.5785363
-1.9182593	-2.007057	-1.1678523	-1.7449551	-1.1168453	-1.4995036	-1.9155468	-1.0899111	-1.8297052	-0.55712825
-2.1929789	-1.7354993	-1.5794882	-2.133484	-1.6193599	-1.8915769	-1.276971	-1.3555465	-1.0608615	-1.2574781
-1.0980723	-1.47196	-0.7485832	-1.0498046	-1.6346072	-0.89076746	-1.347765	-0.2042234	-0.25388506	0.14376014
-0.19976893	-0.67912114	0.22091226	-0.35140827	-1.7353418	-0.39105156	-0.9655403	0.19515441	-0.028138923	-1.4352499
-0.4061438	-0.27137408	0.018225431	-0.6220727	-2.0524075	-0.98061204	-0.4619218	-0.090362765	-1.4335659	-2.1481016
-1.828057	-1.9954252	-1.2223084	-1.7997671	-0.92800117	-1.8132244	-2.0748208	-1.284162	-2.2406414	0.406967
0.9967459	-0.89746547	1.1376128	0.90860987	-0.9937024	1.7862748	-0.018427357	2.032441	1.620885	-0.40016177
0.16664279	-0.22472364	0.44570416	-0.028648809	-1.4061204	-0.71496636	-0.5764521	0.4432599	-0.41056398	-1.5943842
-0.4356999	-0.52149785	0.025032759	-0.47420818	-0.094011575	-0.004792896	0.46703115	0.04334176	0.1980919	-0.096038416
-1.394237	-1.454211	-0.75073576	-1.4006047	-1.4186797	-1.3277727	-0.68448704	-0.5229927	-1.810202	0.5703796
0.45697752	-0.3921825	0.6787107	0.29389465	-1.805407	1.8754343	0.6435654	1.8005368	1.5501988	-1.402216
-1.5750754	-1.3002212	-0.92449486	-1.5675647	0.033061534	-1.8425423	-1.8330747	-0.94600755	-1.6255231	-0.95101273
-0.5878742	-0.4313118	-0.21531248	-0.7670373	-1.928248	-1.0623453	-0.72887665	0.22020458	-0.9624996	-0.8674415
-2.4006448	-2.1880407	-1.6962795	-2.3199449	-0.73096454	-2.7568328	-2.0890076	-1.178732	-3.2783384	-0.9622331
-0.7619015	-0.41891354	-0.25611857	-0.8375046	0.30059418	-0.810989	-0.50771695	0.30179736	-0.5040483	-0.5389948
0.71316546	0.15815616	1.2088037	0.50881696	0.01104331	0.83888835	0.39324453	1.9634426	0.7346928	0.9481128
-0.65617126	-1.5194159	-0.38501576	-0.74635506	1.8782431	-1.203202	-1.8269138	-0.20261456	-1.2076472	0.7458975
-1.1195403	-1.4214456	-0.7250893	-0.99471325	-0.24312004	0.18940112	-0.93127596	0.014074415	0.54414064	0.4196848
-2.6966338	-2.4639566	-1.7251403	-2.5788708	-1.2566038	-3.0587704	-2.5489821	-1.9468085	-2.7171454	-0.99820405
-0.018270351	-0.19408152	0.5114398	-0.24641718	-1.4915011	-1.1480315	-1.3798423	-0.027211074	-1.5815121	-2.5474086
-1.4698309	-0.92153275	-0.97360563	-1.4146187	2.5667307	-1.9896388	-0.426619	-0.70684355	-0.5153153	0.88726074
0.05698224	0.9915292	0.47126576	-0.10054493	-0.06774989	0.8648256	1.7095121	1.276646	0.58819216	-1.0803937
0.2563631	0.70689523	0.7167554	-0.010020778	-2.0072172	-0.65799165	-1.1741354	-0.5641778	-0.8350918	-3.01401
-0.9681695	-0.91230977	-0.6747037	-1.0249292	-0.62017065	-1.8335725	-1.5134339	-1.2445035	-0.996994	-0.46615514
0.24370682	-0.29506814	0.6590103	0.085782334	-1.6777679	0.044842407	-0.28164577	0.8964759	-0.4335659	-1.8052425
0.34970477	0.84294605	0.7384882	0.19057842	-0.11306624	0.06922641	0.828401	0.024667252	0.25701827	-0.025690401
-1.4869701	-1.650653	-0.94678533	-1.3636192	0.7812537	-1.6991394	-2.4073625	-1.1911154	-1.5477304	0.4955597
3.987921	3.6003873	3.318833	3.4492507	2.0485134	1.119488	2.140445	0.3603985	0.5460548	0.75899005
-1.6751908	-1.8081493	-1.1126806	-1.5992897	-1.9583497	-2.1753476	-1.5856631	-1.3210778	-1.7874756	-2.9221406
-1.3644632	-1.8351223	-0.8560108	-1.2792053	-1.9177644	-0.9771706	-1.9444996	-0.9191826	-1.0167695	-3.170167
-0.34066644	-0.9602469	0.07709655	-0.4301871	-2.0023098	-0.48831168	-1.0721724	-0.14806387	-1.0770322	-1.6777871
-0.6565924	-1.0137441	-0.09348044	-0.8337757	-0.2855966	-1.0520232	-1.4886264	-0.5182598	-1.0953964	-0.8188076
-0.6866967	-1.1357211	-0.063135594	-0.8108874	-1.6115392	-0.29117307	-0.6842092	-0.31950247	-1.4221995	-1.578254
-0.15687644	-0.18796542	0.38809216	-0.33235538	-1.2118134	-1.355847	-0.26705265	-0.3068338	-1.3067697	-1.3991755
-1.8645955	-1.9142865	-1.2507753	-1.7693887	-1.2298237	-1.6751738	-1.8719356	-1.2715735	-1.9981158	-1.3421468
-0.3812237	-0.4983999	-0.03982523	-0.4315331	0.5182477	-0.5296749	-0.36270463	-0.49219966	-1.894982	-0.1912007
-1.6128163	-1.9599377	-1.0144969	-1.5336542	-1.5172812	-1.6550264	-1.972498	-0.70649403	-1.6369745	-1.2369933
-1.8797898	-2.0371196	-1.2394301	-1.7001426	-1.3576095	-2.4719372	-2.4851632	-0.22720243	-1.9173552	-0.7873258
-2.2502444	-2.2446692	-1.4432331	-2.0869486	-1.5833501	-1.8574154	-2.0941617	-0.92865086	-1.708611	-1.1567482
-1.6529547	-2.0594614	-1.1833882	-1.6591045	0.048075885	-1.4369301	-1.8410639	-1.4468813	-0.5154544	0.101441056
1.0847365	4.9081297	1.1379602	0.46482348	0.18164489	1.0280477	3.341528	1.6384906	0.6912721	0.40640274
-1.9061177	-2.122692	-1.2531934	-1.8305411	-0.67032135	-1.9719745	-2.3865	-1.3398393	-1.660028	-0.37640786
-0.7394475	-0.9951918	-0.3280702	-0.778941	-0.43367693	-0.038658246	-0.6369796	-0.05214699	0.1536564	-0.20805643
-0.8493138	-0.90358627	-0.7556884	-0.8248095	0.14019182	-2.0026805	-2.128253	-1.2724892	-1.9684094	-0.54019445
1.3828595	1.2097085	1.6516942	1.0924313	-0.14228058	1.0632617	0.39508328	1.5358719	0.85312086	-0.4735859
-1.0535631	-1.5577481	-0.66754365	-1.078892	0.26697913	-0.81566197	-1.1883442	-1.3526243	-0.6689559	1.4207355
0.97509056	1.3651078	1.3955281	0.68579674	-0.3131006	2.7313225	1.2130132	2.9739215	2.2408135	0.3282896
-1.5549519	-1.763119	-0.8915819	-1.4193954	-1.6872969	-1.649198	-2.0299685	-1.0205191	-0.48290014	-2.3336644
0.36855525	0.2892652	0.6028241	0.19220065	0.26169035	-1.0562491	-1.1870847	-0.07727822	-1.1851202	1.5354215
-2.1289818	-2.1094155	-1.5360779	-2.0441248	-1.268723	-2.2802176	-1.9045495	-1.4367211	-2.6147273	-2.9486687
-2.160865	-2.116022	-1.3406416	-2.0862093	-0.2798586	-1.6505585	-1.3548236	-0.06706791	-2.3128963	-1.9543949
-1.1813191	-1.5279969	-0.5431297	-1.1654146	-1.2206345	-1.2858667	-1.5756665	-0.86252296	-1.3429973	0.027337445
-0.33076027	-0.97053826	-0.08532581	-0.3822445	-1.2967092	-0.24872956	-1.3512553	-0.09518625	-0.101385094	-1.3253975
-1.7731016	-1.97183	-1.2301753	-1.8243554	-0.600893	-2.7719638	-3.4455721	-1.9063979	-2.102921	-1.4462302
-0.17899716	0.18950817	-0.049797922	-0.2667868	1.0409511	-0.5794412	0.696658	-0.38491675	-0.9863032	0.6834446
-2.372809	-2.260066	-1.4688605	-2.3454027	-2.2434428	-2.0358965	-2.3727677	-1.7466174	-2.7464018	-2.2563272
-0.9720905	-1.2790579	-0.5028429	-1.043827	-1.5002017	-0.20798372	-0.93895555	-0.59126306	-1.0447621	-1.1117702
-0.116619624	-1.0472364	0.46468636	-0.13970698	-1.9012576	-0.45119032	-1.3291663	0.22967881	-0.38807127	-2.2475004
-2.44664	-2.4916153	-1.6838626	-2.3958812	-1.4050896	-2.2956152	-2.2607331	-1.4234992	-1.7213205	-0.31170446
-2.0233982	-2.0925558	-1.4094074	-1.9175168	-0.95049286	-2.5237818	-2.355487	-2.1850784	-1.3916112	-0.70693076
-2.5224502	-2.2960262	-1.777806	-2.349456	-1.6151785	-2.0910404	-2.7902997	-2.3925514	-2.2052197	-2.5056298
-1.3004919	-1.571214	-0.75965536	-1.3082952	0.6670605	-1.8926662	-2.0694706	-1.1069345	-1.5009704	0.011238119
0.8123055	-0.13430712	1.3107414	0.57760644	-1.8206872	1.1690094	0.014186956	1.9102052	1.1709982	-2.0111344
0.5663059	0.19438902	0.65935713	0.3861614	-1.7423471	0.9041399	0.7589304	-0.10821921	0.59571606	-1.08908
0.5804114	-0.50093955	0.9315268	0.5367549	0.80626714	0.19761449	-1.7299856	0.12059983	-0.08276177	-0.1567136
-1.0835149	-1.3925444	-0.5645895	-1.0574955	-0.7152062	-1.2314188	-0.9079387	-0.7593397	-1.5920209	-0.9372361
-0.30339825	-0.6347923	0.053365707	-0.5123218	-2.1541169	-0.5368096	-1.2679958	-0.929248	-0.96482646	-2.5374472
-1.7343856	-1.7661295	-1.1905785	-1.6964364	-0.6854446	-1.5205036	-1.4003205	-1.2287424	-1.4365283	0.20608927
-0.3372366	-0.24407378	0.23351702	-0.42585367	-1.1978331	0.15707697	-0.0043066423	-0.11176214	0.037553236	-1.8963951
0.27615872	-0.06866516	0.67884946	0.07277195	-1.4975535	-0.5856503	-0.7011918	-0.23349625	-0.6285949	-1.6676201
-1.317277	-1.015412	-0.76899135	-1.2241323	0.24063537	-1.9280188	-2.532479	-1.4199549	-2.2942553	0.5723671
-1.517336	-1.1438726	-0.9760308	-1.4856366	0.96116316	-1.8807741	-1.9758536	-1.110005	-1.7441125	-0.16009885
-0.96897334	-0.97157025	-0.5016085	-1.035252	-1.2199793	-1.5108382	-1.1646591	-0.78091305	-0.66731834	-2.1568882
-2.4837062	-2.4067006	-1.6313343	-2.383322	-2.1488671	-1.8460116	-1.90857	-1.3575372	-2.4691205	-1.9676554
-1.16783	-1.652394	-0.607584	-1.2085907	-2.063137	-1.9947269	-2.4966104	-1.6800414	-1.4170818	-1.9204412
-1.1722444	-1.6351469	-0.74451053	-1.0298364	-1.0464773	-0.83666676	-1.748792	-0.81758165	-0.5072874	-2.4073658
-0.955092	-1.4363949	-0.57569265	-0.98810333	-2.8016667	-0.39363328	-0.37098652	-0.9038265	0.26556107	-1.3414782
-0.36761177	0.33816573	-0.19780007	-0.5011332	-1.0902152	-1.8588258	-0.45422643	-1.2194817	-1.4853234	-2.101313
-1.7845268	-1.9422354	-1.124693	-1.6701863	-0.97599125	-2.6402404	-3.3097084	-1.9561433	-2.199688	-1.7206557
-1.2213255	-1.66835	-0.7331774	-1.238898	-2.2640226	-1.7474862	-2.3613744	-1.5818293	-1.4082528	-2.8892221
-0.4284511	-0.45444858	0.10148507	-0.62070197	-1.3546444	0.016546844	-0.93149227	0.43341133	-0.45431855	-1.8326699
1.3665525	1.410111	1.6605133	1.1557763	-0.63276696	1.2075989	1.0604751	1.8291726	1.0484444	-1.0164297
-1.3552488	-1.1503966	-0.9378202	-1.2486753	-1.0151364	-1.3839657	-0.83714694	-1.0415592	-1.8277142	-1.5241033
-1.0926858	-0.61693776	-0.8626441	-1.16626	-1.4462298	-1.5883014	-1.8837044	-1.5751662	-1.3559237	-2.511159
0.32065365	-0.09559333	0.857185	0.24362181	-1.1324477	0.198437	-0.11540824	0.85557884	-0.0048985193	-1.2097712
-1.8448795	-2.1947575	-1.1695418	-1.8120173	-2.8185124	-1.8607963	-2.3332891	-1.4481647	-2.840713	-4.720129
-1.2154622	-1.4349427	-0.7431711	-1.1569415	-1.015801	-0.26335683	-0.67101496	0.40868682	-0.012461174	-0.4478097
-0.10373372	1.1515107	0.23349932	-0.065810405	0.5005158	-0.6611881	2.4598272	-0.21874425	-0.6305354	2.3892078
-1.7421155	-1.4135971	-1.3517811	-1.699371	-1.286797	-1.8959044	-0.03542363	-1.7728964	-1.9326857	1.170839
-0.0031617656	-0.6500212	0.35847446	-0.17034842	-1.92799	0.30596614	0.117394954	1.4111108	-0.038270578	-1.3236101
-0.46002334	-0.71957386	-0.10218936	-0.51640147	-1.5283589	0.33536622	1.6282392	0.6726031	-0.525503	-0.4308531
-1.7014139	-1.9276491	-1.0927742	-1.6187146	-1.6334077	-1.751176	-2.223664	-0.895586	-1.3127356	-1.5421844
-0.8948897	-0.80009985	-0.7499783	-0.8768964	-1.0044094	-1.6270568	-1.3211666	-1.069417	-1.5123103	0.14633067
-0.74678904	-1.3116974	-0.26206547	-0.70090353	-0.70299035	-0.85009927	-1.4820746	-0.5831108	-0.14588504	-1.122771
-2.2468412	-2.2140088	-1.4827256	-2.1124396	-1.472162	-2.1313128	-1.5232313	-0.8174562	-3.4221995	-1.2733146
-2.576262	-2.4180772	-1.625283	-2.4651682	-0.43266842	-1.8504503	-1.6740652	-1.2823672	-2.2919147	-0.2642189
-1.5917267	-1.1731292	-0.9006753	-1.5634707	-0.3899248	-1.185636	1.6476514	-1.6000564	-2.1165447	-0.66838765
-1.3583536	-0.71950233	-0.9212569	-1.3893667	-0.13849309	-1.9286203	-1.4382594	1.0618944	-2.0502307	0.3061139
-1.6119828	-1.3358284	-1.0786041	-1.5508244	1.8079108	-1.3274583	-0.5999303	-0.62376785	-1.5960225	2.345524
-2.2623024	-2.2575972	-1.4239866	-2.144171	-1.5699474	-1.534088	-1.9061707	-0.8483816	-1.5743339	-1.5982774
-1.245034	-0.9317107	-0.90447474	-1.2441814	-0.056765348	-2.4403133	-2.383513	-0.79801047	-2.0709958	-0.77182865
-1.2736673	-1.2127653	-0.74473166	-1.2471391	-1.2119923	-0.7096469	-0.69417286	-0.22199047	-0.6655482	-0.0017076482
-0.79402906	-1.0710258	-0.30297348	-0.8200465	-0.643023	-1.1648096	-2.5883484	-0.95391893	-0.14586516	-0.26915547
-1.719176	-1.961124	-1.1186367	-1.6533709	-1.642111	-1.0922676	-1.7135104	-1.4404641	-2.16897	-1.2198406
-0.5200218	-1.0694792	-0.16792634	-0.59998053	0.08237824	-0.033301204	-0.73818076	0.08951846	-0.27410647	2.0985978
-0.8907279	-1.042219	-0.31421432	-0.9383614	-1.0073498	-1.3142682	-1.5420856	-0.90716285	-1.5623337	-0.28660724
-2.8927941	-2.5740516	-1.8035369	-2.8054807	-2.2575157	-2.8843281	-2.884006	-1.7416016	-2.9746115	-3.454336
-1.1266723	-1.4142671	-0.6009517	-0.9800881	-0.6520208	-1.1887838	-1.6233078	-0.7163963	-1.2968397	-0.19148137
-2.1796217	-1.933745	-1.403572	-2.1011488	-0.15379384	-1.7765309	-1.5175825	-1.0107527	-1.7342463	2.8476627
0.15745217	-0.47014967	0.70918965	0.005475208	-1.7731062	0.3194975	0.04500971	1.4674424	0.13384314	-1.7159449
0.39312667	1.1772342	0.39139706	0.23926236	1.4422468	0.4142806	-0.17530221	0.20982066	-0.2244676	0.92902756
0.033350408	-0.59028006	0.48850945	-0.12852645	-2.185951	0.66075784	-0.3858011	1.554768	0.5700843	-3.4111507
-1.5404673	-1.8693286	-1.0617272	-1.4538425	-1.464262	-1.7171783	-2.3092015	-1.6990262	-3.2861388	-1.0056769
-2.0134346	-2.1550622	-1.3270942	-1.9362221	-0.9967928	-0.8362844	-1.915665	-0.46678132	-1.1617992	-0.68681645
-2.00023	-2.0016766	-1.2180076	-1.8128096	-0.7507007	-2.3340642	-2.5960608	-1.2142682	-2.5584223	-1.2821597
-2.227276	-2.0022986	-1.3678133	-2.22852	-1.5216864	-2.1429508	-1.9887736	-0.752628	-2.6576962	-2.8943846
-0.9829777	-1.6840805	-0.7311251	-0.9219395	-2.2500846	-1.0277476	-1.7572669	-0.87240463	-1.4173088	-2.0967238
0.7464639	0.92269504	1.2400751	0.5995578	-0.23429629	0.36957172	0.3683824	0.8525185	0.5782432	0.13729316
0.61878985	0.83756685	1.2954335	0.5003264	0.3782694	0.5570526	0.56680375	1.4585307	0.05196754	0.76637465
-2.6768646	-2.4820194	-1.697307	-2.5591102	-1.3865899	-2.1607242	1.7988162	-0.651101	-1.947661	-1.5611213
-2.324291	-2.226042	-1.4767891	-2.207723	-1.967874	-2.510409	-2.0621068	-1.7243592	-3.5210352	-1.6476047
-1.9353576	-2.0927374	-1.3994793	-1.8727163	-1.870808	-1.8427598	-1.896933	-1.7882886	-2.0264993	-1.7269094
-2.1954346	-2.229288	-1.4406881	-2.1233084	-1.0978495	-1.5936192	-3.1842968	-2.2039888	-2.9885247	-1.1841968
0.7650914	0.3369201	0.98485637	0.5179317	-1.1564633	1.5114415	1.9340836	1.9036754	1.341924	-0.7356914
-2.3937802	-2.1777544	-1.476783	-2.3284724	-1.1344029	-2.7245457	-2.4874725	-1.6060055	-2.4004939	-1.3391672
0.9165782	1.3794038	1.3884337	0.72850966	-1.4083356	1.6275774	-0.28403434	2.0724359	1.8599774	-0.6498949
-1.6910682	-1.8078811	-1.1811616	-1.6844995	-1.4982549	-1.9004602	-1.7421787	-1.6376214	-1.3401002	-1.4404256
-1.0229533	-1.7035711	-0.584623	-0.92518914	-1.9997257	-1.3153528	-2.1776001	-1.0535641	-0.8658891	-2.5400069
0.40379128	-0.6780445	0.8026414	0.1383783	-0.5716467	-0.104003	-1.040675	0.24158031	-0.8796878	-1.1804615
-1.191483	-1.3866129	-0.6971419	-1.2304509	-0.7067152	-1.6365894	-1.7257986	-1.2712691	-1.8081532	-1.2163175
-1.591754	-1.7425271	-1.0607765	-1.5264997	-1.1124291	-2.5392873	-2.4997454	-1.2702498	-2.6463397	-0.9390317
-0.10929487	-0.87221944	0.44462278	-0.046985164	-0.8433646	0.07544055	-1.1224325	0.702187	-0.12238221	-0.74003613
-2.1917553	-2.0928807	-1.401625	-2.164075	-0.56419975	-2.3652246	-0.885682	-1.2436247	-1.9833337	-0.2757964
-0.38520804	-1.2412896	0.23278168	-0.50991106	-1.6850995	-1.0571826	-1.4236373	-0.2998316	-1.3053819	-1.7647717
0.6133016	0.24287638	0.9992026	0.35908097	-1.7927183	0.3785551	-0.31413397	0.9204769	0.38901573	-2.1652706
0.20256305	-0.59051394	0.49366787	0.096421346	-2.0347302	-0.42596823	-0.47241777	0.21241643	-0.7880691	-1.524315
-1.6571234	-1.8392733	-1.0924001	-1.609905	-1.4668531	-0.9154031	-2.439634	-1.1528238	-1.4838859	-1.2878795
-2.0031161	-1.5184176	-1.326706	-1.961831	0.07304609	-1.9516746	-1.7136111	-1.5627339	-2.4777534	1.4712825
-1.1338341	-1.1527555	-0.6757233	-1.1707895	-1.3520426	-0.9695689	-0.22486378	-0.5767852	-1.4221995	-3.1362655
-0.81908935	-1.1116579	-0.3769757	-0.9714192	-1.9526051	-1.0323789	-1.287638	-0.58924735	-1.693797	-1.5896039
-2.0408812	-2.0019395	-1.2177874	-1.978353	-0.30256924	-2.3432584	-1.9715171	-1.7994598	-1.9216274	-0.8344931
0.49940684	-0.20947227	0.45546234	0.36170888	-1.0201964	0.5103115	0.2924759	0.53261596	0.4410895	-1.118097
-2.1603243	-1.8364534	-1.87303	-2.0717754	-1.0922852	-1.5746899	-1.7405382	-1.0235337	-1.7978548	-1.3161845
-0.8708692	-1.2703824	-0.46010056	-0.9442497	-1.206335	-0.4660629	0.19352275	0.15274926	-0.11524258	0.44100866
-1.9446617	-1.9395183	-1.2008002	-1.8463478	-1.0536746	-2.055258	-2.6988714	-1.1831125	-2.7012596	-1.1616118
0.3075874	-0.4221997	0.6641053	0.06598167	-2.059563	1.2242271	-0.77700937	1.2676753	0.90375656	-1.8450388
0.034325153	-0.6314188	0.58362544	-0.017164156	-1.4120655	0.027900416	-0.7446534	0.70462394	0.21460767	-1.7730184
-1.8495697	-1.9386072	-1.1985239	-1.8128356	-1.4024622	-2.4361477	-2.1419218	-1.672462	-2.0723622	-1.7574828
-0.41767758	-0.5959935	-0.139972	-0.48963434	-0.37002093	0.31822404	-0.49320033	0.7357988	0.051652435	0.0781152
1.1223482	0.89421594	1.4271346	0.8767947	-0.597154	-0.6411477	0.7512298	-0.32489353	-0.83804166	-0.7126082
-1.869606	-2.0167866	-1.3040026	-1.7728968	-1.2516391	-2.0359118	-2.1650705	-2.014633	-2.0160966	1.0866429
-0.043861598	2.2626903	0.23269889	-0.23594588	1.6616627	-1.3035289	0.4223809	-0.6021448	-1.4853778	0.40413377
-1.0851014	-1.4690288	-0.65140474	-1.1648861	-2.3161273	-0.8519166	-2.448032	-1.1058296	-0.5905103	-1.8459972
-2.5658176	-2.299663	-1.624107	-2.4781232	-0.42108592	-1.9943813	-1.9413722	-0.55237234	-2.7252686	-1.2266277
1.420151	0.82223475	1.7203218	1.1452811	-1.5958114	1.0890824	0.6195445	2.1013827	1.1723852	-1.5079212
-1.7942603	-2.0367959	-1.2350235	-1.651997	-1.8558334	-2.144826	-2.1253474	-1.5588108	-1.5222992	-1.9225899
-1.3452404	-1.6021227	-0.8556409	-1.3259124	-0.27154198	-0.3091281	-1.6077898	-0.7287591	-1.5618682	0.07282684
-2.1469116	-1.9337287	-1.3411094	-2.079559	-1.3505918	-2.6306446	-2.3375463	-1.6962165	-2.4197683	-1.1636585
-1.69612	-2.023045	-1.1906683	-1.6244309	-0.69994336	-1.9308281	-1.8810024	-1.5419356	-2.2208834	-1.6059115
-2.24311	-1.7625391	-1.4787102	-2.183035	0.59794843	-1.1836604	-1.7615805	-0.43922833	-0.64147854	-0.396761
1.1853763	2.0804732	1.0495309	0.85113573	-0.035296917	0.28201494	1.5361342	0.0797071	0.005451165	-0.67625076
-1.2885362	-1.2778367	-0.8171452	-1.2112149	-0.18038616	-2.2121923	-1.5317628	-0.86171407	-1.560516	-1.5366246
-1.4723573	-1.6038815	-0.9471917	-1.3605033	-0.73858726	-1.4843376	-2.0173585	-0.211893	-1.0458363	-1.3841897
-0.1429044	-0.94692457	0.40669551	-0.21679328	-1.5473561	0.09754305	-1.129483	0.41483486	0.21942738	-1.4453716
-1.4744817	-1.7123791	-0.86719394	-1.4447812	0.0041181743	-1.815584	-1.86938	-1.09254	-2.1872866	-0.69462705
0.6469294	-0.29960236	1.2005849	0.4989419	-1.4341155	0.8068127	0.42809847	1.4054222	0.33741364	-0.98350394
0.68394893	1.3068842	1.1937727	0.37216228	-0.43666583	-0.5971518	-0.30231693	1.0805854	-1.2288429	0.16733542
-1.3162904	-1.4741817	-0.82497835	-1.2157478	-0.9715563	-1.0364035	-1.0904517	-0.3562897	0.19335131	-0.3232606
-2.301572	-2.2605054	-1.481043	-2.1278074	-1.2877594	-1.7855792	-1.9174492	-1.1859816	-1.5303057	-0.13419229
-1.6310704	-1.7676779	-1.1245346	-1.5884371	-1.9364855	-2.4562683	-1.8704957	-1.2887065	-2.646787	-2.2407436
-0.70350164	-1.1113838	-0.43763396	-0.7463675	-0.96675265	-1.2743033	-2.034521	-0.8034235	-1.1610925	-0.6859961
-1.3897759	-1.456151	-0.93785	-1.3725667	-0.9384929	-0.25941497	-0.61188936	0.26415047	-0.24406919	-0.47778463
-1.2163479	-1.5184377	-0.6555226	-1.2389771	-0.4163459	-1.6979266	-2.1292093	-1.1633658	-1.4902949	-0.037708756
-0.6739796	-1.3336204	-0.4253808	-0.71116364	-0.8570008	-0.6122255	-0.90761936	-0.41523996	-0.9377794	-1.2862731
-2.2809498	-1.8869419	-1.3813078	-2.156099	-0.028300643	-0.77530754	-0.5410433	-0.7933259	-2.284696	0.7941144
-0.6737643	0.5204457	-0.35232082	-0.840456	1.1086303	0.7086609	0.7066532	0.6604343	-0.033976085	1.8931482
-0.6760686	-1.1153294	0.149219	-0.8218516	-2.1952217	-1.2276672	-1.1821836	-0.26172408	-0.940857	-2.0321863
-0.5752087	-1.0029161	0.08056143	-0.6756683	-2.3022807	-0.20895056	-1.068839	0.5591141	-0.5673554	-1.6361343
-0.39150488	-0.63708496	0.02579911	-0.5578846	-2.0943556	-1.2211312	-1.1112214	-0.30669293	-1.2996588	-2.4618552
-1.8476728	-2.102348	-1.2293389	-1.7982779	-0.095885426	-1.8873554	-1.346947	0.24065292	-0.6762793	-0.10096186
-0.18342447	-0.44724286	0.18115759	-0.26712435	-1.2852478	-1.1534444	-0.9348266	0.13735287	-1.1700009	-0.6141808
-2.2576082	-2.163937	-1.3467094	-2.034709	-1.418244	-2.1087387	-2.2833245	-2.0355446	-2.00095	-0.85592014
0.07311281	-0.105300024	0.4247499	0.039721772	0.8314117	0.8519822	1.2544886	0.9723246	1.0316702	-1.2661697
0.0761983	-0.38823414	0.46898875	-0.1001732	-1.7388328	-0.02721701	-0.7094005	0.0012065364	-0.36367598	-1.8290359
1.6538154	1.469251	1.9334716	1.2709318	-1.0614276	1.1279228	0.3672194	1.6248248	1.2991433	-1.8975406
0.014650457	-0.68556166	0.49624974	-0.096227214	-1.2640911	0.98000413	-0.29052994	1.3955655	0.5353431	-1.4279795
-1.7660705	-1.890166	-1.1331049	-1.7520654	-1.2718297	-1.497801	-1.9944919	-0.82177526	-1.296309	-1.0845
-1.1666852	-1.1865917	-0.7574121	-1.0955138	0.17233643	-0.31008366	-0.5539074	-0.454821	-0.648581	-0.009761827
-1.5059037	-1.6958724	-1.0371673	-1.4456854	-1.1333536	-2.2678916	-2.3433783	-1.736031	-2.231217	-0.26692858
-1.946828	-1.8677108	-1.5068803	-1.8532676	-1.5955452	-0.9074663	-0.89868915	-1.655729	-1.3096821	-1.7298871
-0.6514515	-0.6178204	-0.376296	-0.74108684	-1.1189648	-1.0888356	-1.3847058	-1.214925	-0.90564996	-0.80483884
0.91634685	0.5206431	1.2387725	0.6867071	-1.2321287	0.12272183	-0.3109636	1.1077737	0.3810684	-0.9606296
-2.3065288	-2.1881227	-1.4737059	-2.3112009	-2.3756793	-1.9308844	-1.2358245	-1.521651	-3.2837858	-2.1921058
-1.1019508	-0.67558455	-0.641587	-1.0677258	0.171348	-0.60124207	0.2741044	0.29828325	-0.7666259	2.3025591
-1.4632723	-1.5009481	-0.93723166	-1.3426352	-0.3699976	-1.7511841	-2.05683	-1.4148369	-1.1218476	-0.69735926
0.27767104	-0.5046978	0.62946457	0.093273744	-2.138303	0.051195152	-1.0772867	0.8799984	-0.47482207	-2.2465322
-1.5639037	-1.912364	-0.9664643	-1.5384147	-2.293178	-1.8690283	-1.9425606	-1.1456722	-1.685263	-2.3945377
-1.4226984	-1.7572398	-0.87537456	-1.4205217	-1.4769555	-1.9856912	-1.8728174	-1.8443074	-2.5736523	-1.8831937
-1.6518701	-1.7002077	-1.1143496	-1.5913641	-0.44458297	-1.5048194	-1.4628907	-0.9508249	-1.602893	-1.0812595
-0.9247326	-1.1455117	-0.3296927	-0.93465084	0.3781297	-0.25236568	-0.8070659	0.41609478	0.0027861884	0.46146044
-2.0959198	-1.9132922	-1.2267938	-1.9833791	0.5854254	-2.5404153	-2.357594	-1.6891863	-2.6192539	1.6521163
-0.07778752	1.6715333	0.08400388	-0.25123474	0.50902164	-0.8793024	-0.3367581	-0.54375607	-1.3976845	1.2823641
1.6182075	0.056888998	2.0426033	1.3416793	-2.01734	-0.65647286	-1.3462535	0.7617142	-0.6102198	-3.1477003
-0.4013466	-0.01791355	0.014640719	-0.46211725	-0.73372406	-0.23694366	-0.36984643	-0.47357303	-0.7473361	-0.5069224
0.99922055	2.3552785	1.128997	0.7140845	0.99083805	0.604773	3.9529076	1.1143333	0.029230751	2.6159525
-0.19954437	0.60705566	0.123387784	-0.32877398	0.15658882	0.038100913	-0.8478738	-0.2777227	0.04635553	-0.9233587
-0.5810546	-0.03398229	-0.439572	-0.6021297	0.27717093	-0.58537656	-1.0260942	-0.043186467	-0.10633623	-0.5670201
-0.7775014	-1.4773538	-0.20718691	-1.0088538	-1.9675535	-0.8194417	-0.5364077	0.31717896	-1.0175382	-1.6801902
0.6619713	0.7485622	0.8792491	0.36942154	-1.1263218	0.78920895	0.6820451	1.2367965	0.60902894	-1.5530875
-0.69985586	0.6099045	-0.37655023	-0.92279524	-1.5718971	-1.4400073	-0.77138543	-1.4031245	-0.28469598	-1.2649336
0.030483328	-0.6963607	0.7355688	-0.14724384	-2.0344958	-0.38061222	-0.75646806	0.15916593	0.28687352	-2.0374367
0.70602304	0.13887408	0.80252826	0.46548152	-1.3277979	0.06606147	-0.18059148	0.49567604	-0.4326279	-1.2687726
-1.3003334	-1.7939452	-0.8642802	-1.2729626	-1.3106843	-1.6855763	-2.1783333	-1.5802093	-2.4090853	-0.6553038
0.9141035	0.77141047	0.81819916	0.7836993	-0.62878525	3.4776955	2.5515685	2.805834	2.5222065	0.33675435
-1.4164454	-1.2543877	-0.9978579	-1.3295927	-0.4643616	-1.366088	-1.909643	-1.2571523	-1.4040303	-1.0163605
-2.7358456	-2.5534327	-1.7791774	-2.6795301	-1.7899429	-2.913571	-2.374492	-2.1813192	-3.0397353	-1.9209553
-1.8767498	-1.9437301	-1.2535274	-1.8650157	-1.2671993	-1.7019733	-2.539995	-1.343587	-1.0848473	-1.072058
-2.4477992	-2.289708	-1.529815	-2.4031167	-1.1495547	-2.446519	-2.2151837	-1.8665556	-2.625987	-0.8907873
-0.77033895	-1.223329	-0.35567877	-0.84845525	-0.7462332	1.1179477	1.0653652	1.2740222	0.90710235	-0.17074631
-0.25791377	-0.18254012	0.1919367	-0.31239057	-0.5780559	-0.6365973	-0.719993	-0.6007222	-0.60039246	-0.58599925
1.0895373	0.7080096	1.4955369	0.87241435	0.49339202	0.8812581	0.8558663	1.5222204	1.0570838	0.11264055
-1.4607333	-1.7110568	-0.825331	-1.4234817	-1.2948754	-1.4781812	-2.2599194	-0.39951628	-1.4680594	-1.2884741
0.5027672	-0.023557425	0.8362547	0.27997404	-1.3714877	2.3708165	0.5119295	2.6784472	1.8921286	0.7342215
-1.8442681	-1.8320353	-1.2216933	-1.7460011	0.31623182	-2.1073694	-2.4947953	-1.8177009	-2.9133964	0.41308722
-1.6086841	-1.4700452	-1.0312192	-1.5413281	0.1818566	-2.478778	-2.2050552	-1.4210013	-3.056094	-0.5191936
-1.9024063	-1.8458996	-1.2356316	-1.8352605	-0.70388114	-2.7766678	-2.7044637	-1.6634026	-2.6274948	-0.5227534
-2.007956	-1.9008853	-1.378823	-1.8730106	0.07756153	-1.6206112	-1.9501752	-0.5562343	-2.3282824	0.7270772
0.7991452	0.65751696	1.2970848	0.5816511	-1.1633558	-0.29038462	0.193971	0.5934392	-0.23257667	-1.8040305
-0.39722142	-0.780916	0.20170274	-0.5074789	-1.8482139	-0.47741696	-0.66952085	0.049284905	-0.9301454	-1.5073283
-1.4380549	-1.5064175	-0.88787913	-1.5259961	0.49500903	-1.8304435	-2.2119462	-1.5966614	-2.0704067	-0.516225
1.4439571	1.7063557	1.5564578	1.131085	0.6291729	-0.13800882	2.919487	0.4977968	-1.2057261	2.0559044
0.4662368	-0.009468541	0.41591462	0.34021783	-0.697531	-0.6088037	-1.2679901	-0.6778768	-0.28080064	-2.6160264
-0.37390015	-0.69722235	0.100215584	-0.40212113	-0.80512726	-0.61121726	-1.343497	-0.42889312	-1.2819053	-0.933875
-0.12265704	-0.9152508	0.53336	-0.19812925	-0.099042326	0.027625764	0.31082755	0.5683707	0.01404906	1.268364
-0.34047213	-0.7531735	0.10151845	-0.3759759	-0.16132969	-0.41138062	-0.70117515	0.17718953	-0.98285556	-0.6932628
-1.5212119	-1.5791808	-0.96366704	-1.5264655	-2.015421	-1.493219	-2.2589943	-2.294292	-1.9902949	-1.2108742
0.28081885	-0.7073349	0.5285263	0.064364895	-0.91544664	-0.066076264	-1.1606752	0.99245393	-0.21177036	-1.1980839
-1.9721894	-2.1737227	-1.1532665	-1.9612269	-1.5380753	-1.727761	-1.9693671	-1.0729598	-1.7732043	-1.8794644
0.17732185	-0.07303478	0.6448741	-0.036646813	-1.7294027	0.586694	0.23407584	0.9370113	1.2904836	-2.1133702
-1.2744488	-1.6943234	-0.74228597	-1.3192606	-1.6507608	-0.78983366	-1.1959192	-0.07160573	-0.03624826	-1.7766399
0.21385953	-0.026288897	0.4034	-0.016202852	-1.1500211	-0.48465684	0.08701141	0.24274756	-0.0034170703	-1.4603333
0.37529692	1.97738	0.024822205	0.16945265	1.0334584	-1.0142299	0.19614969	-1.886538	-0.55852264	0.8668801
-0.18350658	-0.5368408	0.18035051	-0.40154034	-1.8861268	-0.65276945	-1.1524867	-0.2778274	-1.0346806	-1.5870943
-1.0775526	-2.2015803	-0.5695132	-1.0545522	-1.7271549	-0.6607331	-2.1787562	0.014776894	-1.4463629	-2.1923857
-0.8453631	-0.73162174	-0.14031577	-1.0188473	-2.262383	0.8958238	0.34503457	1.0770569	-0.069111526	-1.8183928
0.4316896	2.46273	0.895947	0.054495126	-1.0096956	-0.5674907	1.0114354	0.0013922836	-0.7750759	-1.8695554
0.11842062	-0.8687576	0.30114672	0.058293983	-1.543084	-1.021811	-1.3392097	-0.28895473	-1.6288979	-0.95688397
-1.9199462	-2.120997	-1.3516649	-1.7981101	-1.7778922	-2.066737	-1.307815	-1.675184	-2.1573997	-2.2086008
-1.5693082	-1.8039802	-1.0111403	-1.5015765	-1.1886504	-1.1311674	-1.3947176	-0.91978824	-1.0310217	-0.8349152
-1.1392902	-1.8381224	-0.7767756	-1.1161411	-2.5359678	-2.4779258	-2.3594685	-1.5773549	-2.1637568	-2.2150247
-0.73268765	-1.3748103	-0.3294569	-0.6119467	-1.269479	-0.76221794	-0.89974856	-0.78818434	-0.61709017	-1.6609939
-0.39982712	-0.6605873	0.00812456	-0.4497733	-1.3055269	-0.96918654	-0.5826155	-1.1069762	-0.9677121	-1.0291276
-1.7177445	-1.6764659	-1.1319296	-1.6120319	-0.19629031	-1.9320956	-2.1353686	-1.7033918	-1.9713414	-0.7783964
-0.6341061	-1.5608696	-0.34487173	-0.72994494	-1.2109395	-1.4972864	-1.903999	-0.8595692	-2.0961604	-1.6406331
-2.0266998	-2.053385	-1.2895494	-1.8119947	-1.2599775	-1.2066299	-1.9932783	-1.108707	-1.6103424	-0.61089784
-1.8095692	-1.3208051	-0.8545282	-1.8373548	-0.6967029	-2.156598	-1.6357739	-0.9826044	-2.326756	-0.87965155
0.5650415	0.19978252	0.60715485	0.42831862	-0.6393373	-1.1506641	-0.84701	-0.001253751	-0.8417206	-1.1600034
-0.3741715	-0.62407464	0.053640217	-0.5386187	-0.34147158	-1.2409133	-0.9174049	-0.7108558	-1.2771792	-1.0991287
0.24906674	0.3253229	0.5857056	0.069490835	-2.0161707	1.5831058	0.27246052	2.0199199	1.358277	-2.0463922
-1.668988	-1.8718208	-1.040929	-1.4441458	-1.3141272	-1.5634152	-2.028721	-1.0955722	-1.9999082	-1.4441699
-0.9702192	-0.84600294	-0.8371763	-0.9305216	0.28307	-0.19019476	0.8148802	0.22671191	0.35044032	1.7656027
-0.21130273	-1.2663503	-0.21914816	-0.31788296	-1.6657208	-0.36012095	-1.7464179	-0.6357565	-0.7728171	-1.5685344
0.79289186	0.043017775	0.5497124	0.67107034	-0.80265903	0.738878	-0.92037195	-0.30785024	0.7971131	-1.0091394
-2.813053	-2.4202282	-1.729435	-2.6772883	-0.16415158	-2.6108074	-2.481286	-2.1174629	-2.8218896	-1.0788814
-1.229915	0.15497863	-0.74959683	-1.2034372	1.7789794	-1.6743448	-1.8177072	-0.65017265	-1.6011784	2.1545584
-0.13458231	-0.33335775	0.4035212	-0.21105267	-0.98347616	0.18524957	-0.11329194	0.5833082	-1.0831659	-0.71428865
-1.2586983	-1.139884	-0.83084774	-1.2024337	0.096933186	-1.13679	-1.3324057	-0.742149	-1.413245	-0.33271268
0.6466443	0.32166734	1.5727154	0.49159998	-0.8331677	0.671218	-0.10746425	0.8660663	0.67273694	-1.1841313
0.6454088	0.43929717	1.0546705	0.39717972	-0.44436377	-0.114662334	-0.18199769	0.7162471	0.5839318	-0.5600318
-1.4089442	-1.4461094	-0.9210551	-1.3997085	-0.5345572	-1.5148226	-1.2888448	-1.1566554	-1.4602554	-0.20372486
-1.0744809	-0.5481951	-0.6253841	-1.0771127	-0.78604996	-1.8085059	-0.577267	-1.2380769	-2.503531	-0.6691673
0.97774667	1.8591781	1.3489263	0.7273682	-0.8608161	1.4608815	1.552823	2.3121042	1.6859607	-2.4855258
-2.6081207	-2.3343194	-1.7793093	-2.4632182	0.5927975	-2.1886504	-2.1278734	-1.2426214	-2.4373724	2.6366043
-2.0133796	-1.9275204	-1.2374285	-1.9251243	-0.017586201	-1.1982702	-1.7865537	-0.64103514	-1.5704118	1.0287802
-2.5432923	-2.244031	-1.6034182	-2.391946	0.13422224	-2.3878145	-1.539365	-1.5775338	-2.261144	2.1754243
-2.3225455	-2.4504442	-1.499524	-2.3106701	-1.0388793	-2.1823642	-2.5483057	-1.7274445	-1.8887901	-2.2608955
-2.6794624	-2.3816216	-1.6137844	-2.610938	-1.695325	-3.1438587	-1.9280651	-1.9470892	-2.11603	-1.5005662
-2.8791459	-2.5527017	-1.7893465	-2.8134093	-2.3381202	-2.5625625	-2.4517362	-2.965645	-2.606943	-2.2311838
-1.0563705	-1.3639516	-0.594612	-1.0578446	-0.928404	-2.1634867	-2.0994928	-1.1481379	-2.579211	-0.2907894
-0.720257	-1.3565664	-0.33311793	-0.7640339	-1.7308582	0.035656944	-1.2188154	-0.0357395	-0.09532466	-1.625132
-1.1584556	-0.70137346	-0.6963419	-1.2132958	-0.96985674	-0.8043893	-0.9563016	-0.5486986	-0.47082484	-1.0416963
-0.8957326	-1.0431952	-0.53096974	-0.92181987	-1.1674184	-0.85911757	-0.94904613	-0.03186852	-2.5217352	-1.9024302
-2.4202132	-2.3352292	-1.5692358	-2.3585885	-1.677712	-2.409742	-2.196502	-1.7094058	-2.6403928	1.248738
-2.3975985	-2.3246748	-1.5472142	-2.281716	-1.7289599	-2.632091	-2.2779994	-1.1485635	-1.5132573	-2.8127828
-0.5129474	-0.44274205	-0.22744083	-0.57868326	-0.4635658	-0.47369647	-0.7760912	0.01692883	-0.7080752	-0.9379519
-2.0914984	-2.092242	-1.4272897	-1.9429444	-1.0166682	-2.1516073	-1.6565648	-1.5894126	-2.9511287	-0.12140874
-0.24071899	-1.2532128	0.32820717	-0.28531986	-1.7046844	-0.58356917	-2.3868632	0.41644108	-0.38063282	-2.5178943
-1.5193537	-1.9291204	-0.9799516	-1.4616979	-1.2753202	1.4214576	-1.8590423	1.5264746	1.8564236	-1.3869566
-1.7242069	-1.932812	-1.1041956	-1.5928823	-1.0712875	-1.8376914	-1.7462051	-0.895144	-2.1415894	-0.55542415
-1.6338825	-1.9231669	-1.0238149	-1.541718	-1.2685302	-2.47222	-2.818866	-2.1868327	-2.9341114	-4.4333134
-0.65239376	-1.230409	-0.29572365	-0.7548801	-2.0916696	0.2846661	-1.5794307	0.23441145	0.08958237	-1.9409945
-1.3430051	-1.5114944	-0.88299465	-1.2910136	-1.0561222	-1.6216664	-1.60484	-0.8447859	-1.6474221	-0.6230992
-2.0943973	-2.0452983	-1.389929	-1.9254833	-1.0283729	-2.661039	-1.6086036	-1.7888757	-1.3721589	-0.8694796
0.32736143	0.73664236	0.9514066	0.097542986	-1.2222301	0.38991225	0.8158644	1.3082784	0.37923634	-2.0476716
-1.4489279	-1.6536334	-0.85830796	-1.372899	-0.8174331	-1.3137232	-1.5733564	-0.8762537	-1.3829737	-0.57352006
1.7444208	1.5890943	1.8529356	1.3831248	-0.18686666	-1.250451	1.5787365	-0.10473731	-0.14108466	1.2739321
-1.498206	0.26478204	-1.0407703	-1.6633364	-0.41849917	-1.8223797	3.259897	-1.0719956	-1.8416108	-0.22353938
-1.8118516	-1.8319267	-1.2253362	-1.7006356	-1.2794753	-1.5079827	-1.9677382	-1.0364974	-0.8162824	-1.3879751
-0.5127034	-0.9584036	-0.15697715	-0.63221025	-1.7481302	-1.0693377	-1.1474977	-0.67316186	-1.6743218	-1.7394243
0.28682885	0.2503856	0.76526856	0.10501213	-1.554373	0.0039938954	0.064571664	1.0651108	0.071755186	-2.2192822
1.78844	1.5848429	2.2288988	1.3472247	-0.8297993	2.794097	2.249891	3.2116416	1.2752398	-1.0098059
-2.1883044	-2.1524472	-1.3543774	-2.101364	-1.1867121	-2.7480416	-2.4695144	-1.7983518	-1.9854004	-0.044687975
-2.0281672	-2.2190793	-1.3837775	-1.9634627	-1.1626693	-2.6011136	-2.6711943	-1.8140312	-2.979664	-1.6592126
-1.3727138	-1.5996013	-0.90802145	-1.3005817	-0.73942196	-1.914618	-2.4269912	-1.3616321	-1.3036339	-1.1944106
-2.0292487	-1.8602885	-1.4641942	-1.9448296	-1.1843867	-2.5302024	-2.6254902	-1.3738706	-1.8523737	0.24353807
-1.8812345	-1.9912808	-1.3499684	-1.779607	-1.606285	-1.9724239	-2.2039242	-2.7090888	-0.6632076	-2.2229066
-1.6636881	-1.8587408	-1.0648041	-1.4424931	-1.0561767	-1.5355847	-2.0130384	-1.1401846	-1.4876679	-0.6381254
-1.7378936	-1.761178	-1.1242636	-1.6791048	-1.8688892	-1.9575495	-2.517197	-1.4105966	-2.9611173	-3.3642392
-0.86167616	-1.3476095	-0.36164436	-0.92986345	-1.7693211	-1.2180923	-1.991158	-0.7783037	-0.6132626	-2.0102232
0.14986363	-0.4221809	0.5026832	-0.07839022	-2.4599645	0.10067208	-0.11262978	0.9718472	-0.26042494	-2.6590483
-1.5184848	-1.7636322	-0.95075345	-1.5437219	-2.1237543	-1.7853866	-2.209306	-1.6375312	-2.2611682	-0.67824316
-1.39622	-1.5738947	-0.7770375	-1.3285875	0.30779758	-1.5472306	-2.174313	-0.48756805	-0.87805027	-0.65179366
-0.97909635	-1.3808326	-0.61761355	-0.94410807	-0.35167393	-1.6228237	-2.0144994	-0.8481988	-1.415206	-0.15595701
-0.43864566	2.3330863	0.15350267	-0.86265504	-0.5324178	-0.67848307	1.8147426	-0.523104	-1.0774634	-0.49448335
-1.8440759	-1.729346	-1.151061	-1.7246912	-0.6254365	-2.138419	-1.5385875	-2.6703348	-3.3081496	-0.09518739
-1.9605539	-2.0215256	-1.2582253	-1.8762261	-0.8609818	-2.2306087	-1.935415	-1.7528092	-2.1429608	-1.265752
-1.1063262	-1.4706688	-0.61736155	-1.0904241	-1.2255003	-1.3347441	-2.02864	-0.67232835	-1.139327	-1.1426878
-1.7245256	-1.7985828	-1.1398032	-1.670608	-0.92680085	-1.1644884	-1.828307	-1.0876045	-1.083988	-0.5946922
-1.2304156	-1.3978184	-0.782094	-1.160767	-0.6091044	-1.9059404	-1.3313922	-1.6204998	-0.7960123	1.7973405
-1.1677457	-1.2927969	-0.6688312	-1.1078111	-0.30141756	-1.130236	-0.36319435	-0.68073636	-2.1828163	1.0569617
-1.6136448	-1.8903047	-1.0340155	-1.4983327	-0.99850595	-1.7253171	-1.3144308	-0.35647348	-1.5794709	-0.28765965
-0.7841361	-0.9672177	-0.39581677	-0.76643944	-0.9985025	-1.256671	-1.0221913	-0.6720468	-1.6455791	-1.1053783
-1.5760919	-1.044028	-1.0973845	-1.5524741	0.44568738	-1.7378742	-1.3292636	-1.7488073	-2.1095307	0.6874273
-1.8066462	-2.0360346	-1.228105	-1.7548045	-1.760996	-2.3330352	-2.1998496	-1.0140928	-2.7315476	-0.49342656
0.93225473	-0.26161087	1.6716418	0.84700096	-0.6497443	0.10598984	0.2462347	0.9455276	0.0076686568	-1.9058268
-2.0558288	-2.1013043	-1.2974262	-2.0350149	-1.3526534	-2.305475	-2.8110487	-1.7900277	-2.2984102	-1.4282562
0.80702806	0.63626635	1.0152853	0.7204497	-0.1387322	0.0529523	-0.7318866	0.5415427	-0.50384426	-0.9432095
-2.0994394	-1.9995942	-1.472786	-1.9991546	-0.70171	-2.337592	-2.2537708	-1.2796541	-3.5252993	-0.89035445
-1.8613927	-2.0885909	-1.2381399	-1.7178183	-1.3087324	-1.5867819	-1.5735468	-1.2146444	-0.9446232	-1.9062692
0.70185363	0.7170534	0.87969506	0.40725	-1.4849828	1.3243731	0.87462807	1.6605321	0.9437157	-0.9486896
0.5680997	-0.34307492	0.7304213	0.40436387	-1.8011743	-1.1983013	-2.2874506	-0.7428267	-1.3367764	-3.309679
0.049884737	-0.87330985	0.18567687	-0.14193177	-0.26414564	-0.6407774	-1.3645347	-0.15247147	-0.7147367	-0.8274689
-1.5997943	-1.9633455	-1.0913005	-1.3265687	-1.6352785	-1.1005332	-1.4469339	-0.21822771	-1.419805	-1.3839619
0.06721576	-0.8967968	0.33982527	-0.16977602	-1.9999341	-0.4416758	-1.3646191	0.1361243	0.15906687	-1.3005624
-1.8542972	-1.6938173	-1.2299186	-1.8316084	-1.5834613	-1.7834269	-2.5698805	-1.1744642	-1.9785929	-2.090644
-0.40400395	-0.4495021	0.03527215	-0.45768392	-0.7601218	-0.83855104	-1.2339864	-0.21584457	-1.0146296	0.5672684
0.32167688	1.1033152	0.4842584	0.116042	1.1801456	-1.1999053	-0.47153178	-0.5138496	-2.1388955	-0.1190115
-1.9712987	-2.020405	-1.3565307	-1.8947332	-0.19091477	-2.149624	-2.0093393	-1.9598122	-1.702513	-0.16263355
-2.2490044	-2.137418	-1.4301353	-2.1482172	-0.72663665	-2.8075082	-2.5552156	-1.3016434	-4.0171914	-1.3854265
1.1208227	0.07929695	1.2808007	0.90066373	-0.03639379	-0.0027155227	-1.3084234	0.13347308	0.36327875	-1.1458805
-2.8662808	-2.4232247	-1.9665513	-2.7977648	-1.9643966	-3.151532	-3.0143118	-0.32915083	-2.736776	-1.8673058
0.08713891	0.86725366	0.46433732	-0.17465718	-1.2670203	-0.5824765	0.8843995	0.24128161	-0.3587178	-1.1517669
-1.3241574	-1.4974169	-1.0099846	-1.2876749	-1.3925619	-1.1119392	-1.314606	-0.60382104	-1.2292005	-1.4413621
-1.615594	-1.7962092	-0.95584965	-1.60759	-1.2547905	-1.6704615	-2.094286	-1.5751673	-1.1924901	-0.6098037
-0.9537523	-0.95811415	-0.42001066	-1.0105805	0.29191503	-0.8273209	-0.64066344	-0.55412805	-0.80059	0.094819024
-1.7594895	-0.4831222	-1.3857085	-1.6646597	-0.5787747	-0.7360645	0.8753997	-0.35293388	-2.1372209	1.16106
0.709161	0.06613198	0.87273204	0.4838562	-1.1628617	1.2385697	0.21122216	1.1243361	0.9883225	-0.93901443
-1.8296229	-1.9666265	-1.2521966	-1.7815952	-1.3784264	-2.3035417	-1.8944519	-1.1411952	-2.4928725	-1.4035023
-1.313673	-1.6046028	-0.8371365	-1.2379639	-0.5255292	-0.77308446	-1.3891767	-1.0203027	-0.8291042	0.17223848
-0.6057952	-1.33306	-0.20994359	-0.6717109	-2.882339	0.83497494	-1.1863805	-0.08313687	0.41292644	-2.4200501
0.14051759	0.39979753	0.5873021	-0.06670458	-1.8783268	0.3354361	0.55967814	0.855112	-0.17837995	-0.5862437
-1.088762	-1.2976056	-0.55680263	-1.0927762	-1.3860445	-1.3932475	-1.9774973	-0.17632394	-1.5846888	-1.1860803
-0.80898035	-1.0608522	-0.35863063	-0.8518986	-1.3365439	-0.94907224	-0.55086833	-1.2338814	-1.372785	-0.6535411
-2.7241318	-2.4233007	-1.6631882	-2.6495414	-1.4752914	-3.526395	-2.6234837	-1.9654539	-3.2838304	-1.9803696
0.89908475	1.6101396	1.4037508	0.6769015	0.16807047	2.0174003	2.3397598	2.2936468	1.8127124	0.057217162
1.5300874	2.4828975	1.5274559	1.2009535	0.34616134	2.8413708	4.35122	2.2450125	2.4996085	1.5561317
-1.4013326	-1.8030766	-0.78776884	-1.3070565	-0.0020958185	-1.9740927	-2.2314568	-1.5603771	-1.747254	-0.37076354
0.118274026	0.20626402	0.6188042	-0.061040558	-0.23415856	-0.9438281	-0.07307819	-0.30770847	-0.20669347	-0.6838459
0.24633926	-0.27551824	0.7216017	0.053616032	-1.8488284	0.13759634	-0.51871324	1.175564	0.23807961	-2.2766933
-2.0031736	-0.20354703	-1.0518018	-2.0048108	-0.44720992	-1.6903626	-0.4158024	-1.8395513	-3.070564	-1.9944903
-1.6584152	-1.819824	-1.139009	-1.625168	-0.85532415	-2.4426515	-2.6413312	-1.5206436	-2.6601393	-1.3199617
0.26023206	0.69591486	0.7706585	0.058277324	-2.2314932	1.0379801	0.38690263	0.91239524	0.56568086	-1.440634
1.03687	0.60646594	1.3542507	0.73141456	-1.2627943	0.6785592	-0.11313048	1.2347212	1.0753647	-1.833735
-2.0909832	-2.076428	-1.3195938	-2.0020955	-0.7085469	-3.0411386	-2.4104621	-2.2469473	-2.1059754	-1.3363904
-1.6083332	-2.2798164	-0.80134594	-1.561255	-1.1407324	-0.9975751	-1.6185791	-0.25294992	-0.6998483	-0.14593528
-2.099079	-2.247102	-1.404038	-2.0276244	-0.9477017	-1.9952792	-2.2713177	-1.3458264	-2.369889	0.5865292
0.11191272	0.6062032	0.34044626	0.004491195	0.1604608	0.53812605	-0.36091617	0.007183766	0.022559566	0.60635906
-1.8489016	-1.9739566	-1.2487706	-1.7485178	-0.5921383	-2.221262	-2.40203	-2.0766182	-2.9268088	-0.8124899
-1.6108209	-1.6089941	-1.0393715	-1.5452288	-0.8106047	-2.2806926	-2.6655939	-1.2145416	-1.8173429	-2.4365146
-1.129288	-1.1349869	-0.48180994	-1.1718	0.22938707	-0.6399504	-1.0709006	0.06846806	-1.3294283	-0.13235988
-1.1095215	-1.2300308	-0.6786536	-1.1662253	-1.3861791	-1.3533254	-0.8070913	0.26873562	-1.3356057	-1.4020795
-1.372483	-1.1009914	-0.92467964	-1.3653116	0.120217174	-2.2457037	-1.1267529	-0.6652431	-1.6003468	-1.6506426
-0.09262357	-0.6665345	0.30782035	-0.16640379	-0.9692142	0.33737496	-0.2617724	0.7934604	-0.78172773	0.65959924
-2.2949991	-2.3210266	-1.4788249	-2.2111146	-2.1740704	-2.42758	-3.2290897	-2.017983	-2.6076117	-1.0684389
2.2031734	1.8020153	2.196468	1.7658728	-0.44618067	1.297444	0.5004491	1.5924115	1.2806965	-1.2140046
0.42590854	-0.5784671	0.8188293	0.2709542	-1.0467527	0.014988335	-0.31226543	0.21867108	0.467375	-0.41374093
0.46856365	0.1591152	0.58610904	0.3702644	-2.3319101	-0.021339336	-0.69998	0.8191049	0.11795917	-3.286296
-1.158616	-1.8318152	-0.6465455	-1.1121627	-1.5092461	-0.6478853	-1.7468203	-0.92686355	-1.272767	-1.1336725
-0.5000369	-0.07726014	0.044555485	-0.6993001	-1.2388383	-0.25639594	-1.0381188	0.36680338	-0.114770986	-0.5394552
-0.10136161	-0.8173336	0.09946439	-0.2233357	-1.3542703	-1.0613669	-2.1624837	-0.55145836	-1.1573672	-2.3193192
0.5732774	0.05265054	1.1077797	0.38304847	-1.5904013	0.11880194	-0.91378164	0.8644197	0.19458875	-1.1666057
-1.1463416	-1.1192181	-0.66550875	-1.1682442	-1.4971226	-0.86715853	-0.015921805	0.60188925	-0.36481413	-1.5022525
0.13511631	-0.7479	0.48081508	0.072029576	-1.25328	-0.19984701	-1.358377	0.41777447	-0.5147523	-2.7499685
1.512254	1.2259027	1.986229	1.3248928	0.41447315	1.0481784	1.2682488	1.814738	1.3045927	1.22699
1.1753467	1.6023606	0.78438807	0.9000529	-0.022149175	1.0921003	1.7724956	0.3786409	0.7518512	0.470647
-0.88863575	-1.1518167	-0.4935871	-0.8142108	-1.1701623	-1.1150658	-1.022521	-1.0085145	-1.2848755	-1.0110788
0.4915562	1.1275549	0.48324248	0.2477424	-0.04357308	0.11308676	0.009325489	0.361506	-0.19360238	-1.3520645
0.6513091	1.1058041	0.80267096	0.40744972	-0.839642	0.8356208	0.41272545	1.0092899	0.28521818	-0.789755
-1.3904915	-1.5963563	-0.77028096	-1.4850222	-2.125038	-1.4202164	-1.7528874	-0.8364007	-1.5628911	-1.735038
0.07266726	0.6264876	0.47891906	-0.08250035	-0.045007765	0.6821083	0.875391	1.4737685	0.44985065	-0.46208265
-0.09525824	-0.6475891	0.20941016	-0.26354104	-1.6698891	-0.42522016	-0.23427612	-0.20099922	-0.7221471	-1.6874276
-0.5781577	-0.35619777	-0.00862667	-0.6752499	-0.17589487	-1.885661	-0.7865489	-1.4148588	-1.2131798	0.73824966
0.47232553	-0.08291185	0.8792373	0.29731756	-1.7277989	0.5651107	0.41406938	1.05698	0.18316217	-2.041842
-1.2177415	-1.3961394	-0.6533438	-1.1726522	0.8413044	-1.851918	-2.0949006	-0.84655833	-1.8945075	0.7267657
-1.9552057	-1.589638	-1.2420275	-1.8746734	0.078485996	-1.9976501	-1.3786567	-3.059195	-2.3897908	-0.45600572
-0.37414986	-0.7777834	0.015240133	-0.5169996	-0.8716816	-1.0494673	-1.1215483	-0.57433295	-1.1142486	0.14285037
-1.4075909	-1.392579	-0.8412036	-1.4275187	-1.503911	-1.8084111	-0.65825915	-0.61277777	-0.98199666	-1.1908387
-2.0086713	-2.1577787	-1.3637418	-1.9214634	-1.8327392	-1.9361305	-2.3558688	-1.9374659	-2.0228672	-1.9970838
1.628648	2.1109316	1.9634129	1.3553416	0.94376636	1.0713896	1.4468513	1.7678547	0.518666	-0.79793257
1.2186571	1.4055231	1.5587593	0.9696746	-1.2351038	0.6662971	-0.26634073	1.4440718	-0.12530129	-1.9163047
-1.2385901	-1.3803439	-0.73116446	-1.2996904	-0.7453111	0.09488904	-0.047538333	0.3434791	0.16499862	-0.5828727
-1.6597035	-2.1390142	-1.2044541	-1.5869691	-2.1749704	-1.6176451	-1.9997603	-0.86064714	-1.3599823	-1.961444
-0.4184677	-0.449661	0.41830927	-0.5456691	-2.012916	-0.87625617	-1.4543154	-0.16500835	-1.2715647	-1.7674842
-0.7362109	-0.89847136	-0.3008555	-0.8390861	-1.1448791	-0.29295212	-0.7622239	-0.07782783	0.13149609	-0.6949778
-1.2928029	-1.472064	-0.7915034	-1.2874207	-0.52558756	-2.061308	-2.237545	-1.0233076	-1.7127011	0.4039772
1.597167	1.5604998	2.0101132	1.3602548	-0.21157295	1.6754749	2.1914165	0.4257717	2.3376737	0.32970446
-1.8586509	-1.8759537	-1.3085296	-1.7849241	-1.4759173	-1.8864647	-1.8016108	-2.0133777	-3.311463	-1.5121871
-1.1071534	-1.0701324	-0.6084074	-1.1295263	-1.1748863	-1.3575084	-1.997668	-0.50572765	-1.701341	-2.523082
-1.5193905	-1.3771927	-1.077104	-1.4925607	0.35670236	-0.5698226	-1.9826629	0.42661235	1.0692031	0.5478995
1.69271	1.2705365	2.0353742	1.3406409	-1.3487146	-0.03856717	-0.536533	-0.06327079	-0.25076383	-1.5950946
-0.7148658	-0.92087007	-0.26183647	-0.7173305	-0.46223462	-0.38483414	-1.1717179	-0.2618693	-1.2205459	-1.6056199
-1.3337842	-1.1287156	-0.85726154	-1.3340356	-1.1277564	-1.2012091	-1.5129083	-0.75539345	-1.322009	-2.1760972
2.0277083	1.6024835	2.1826444	1.7426984	2.3411982	0.1539709	-0.77470803	0.7128403	0.08853158	2.4786162
-0.30077243	-0.067299664	-0.1587899	-0.39553785	1.1357521	-0.32067102	0.6074831	-0.3171664	-0.17713147	2.1688662
0.7156179	0.88877225	1.5211056	0.36813378	-1.4728125	0.27888185	0.61776894	0.42632586	-0.86965847	-2.1483428
0.62904567	0.7802752	1.1589137	0.41130215	-1.1167076	2.1798904	2.5234642	2.544889	1.6000398	-2.054845
-0.17278285	0.16022554	0.29871047	-0.34535867	-0.9221288	-0.44529203	-0.5055469	-0.10886864	-0.79155785	-0.99436754
-1.9929742	-2.153036	-1.3060588	-1.9248065	-0.97245514	-2.7073236	-3.074505	-1.5727619	-2.149725	-0.6234344
-0.37914	-0.5264782	0.10224083	-0.48096555	-0.740355	-1.6625665	-1.7557843	-1.1516807	-1.9944327	-1.0564814
0.12866694	-0.23302369	0.38666105	0.06927489	0.03578511	0.045920346	-0.046191756	-0.07710356	-0.08595388	-0.8448652
-2.4635973	-2.4501204	-1.4277053	-2.3495035	-2.1833332	-2.477822	-2.1572425	-1.134011	-2.4829001	-1.8569704
-2.3052807	-2.1556723	-1.5005661	-2.196637	-1.292338	-2.3138506	-3.115969	-1.5376548	-2.412449	-1.6356049
-1.4937494	-1.8979715	-1.0242819	-1.405621	-1.514726	-1.974115	-2.1354465	-1.7112617	-0.9281186	-1.1090847
-0.37866524	-0.8732958	0.05668758	-0.5306542	-1.7011299	-1.4879869	-1.4594855	-1.0971663	-0.09787728	-0.44331762
1.1391548	0.003975749	1.4013495	0.8860762	-0.6101074	1.7400719	-0.5057216	2.5513456	1.3846854	-0.23072009
-0.17781004	-0.57166135	0.32770437	-0.12531133	0.20959607	-0.82036805	-2.6566556	-0.3403422	-0.7851503	-1.1495304
-1.4249145	-1.5092348	-0.9157648	-1.376693	-0.31384972	-1.0571982	-1.3299376	-0.7892945	-1.5374541	-0.6055591
-2.6453693	-2.1922586	-1.7391756	-2.5739279	-0.4934087	-2.8481007	-2.4655328	-1.5648137	-2.3488264	-0.40487927
-0.27238515	-0.14652413	-0.14738765	-0.3850145	-0.7091633	-0.52300644	-0.6410956	-0.5356975	-0.8440356	1.3455788
0.034020126	-0.61770344	0.29927403	-0.12095427	-0.41616	-0.80688787	-0.5209221	-0.19527155	0.15968052	0.37102258
-0.14699683	-0.27593118	0.20001295	-0.18774934	-0.80040073	-0.11644594	-0.10643483	0.57529974	-0.37496874	-1.0298114
-2.0505104	-1.8898952	-1.3650665	-2.0147917	-1.0040529	-2.5159721	-2.9561093	-1.6542131	-2.5831795	-1.322629
0.56761557	0.632681	0.7535573	0.4106357	-1.4373595	1.1753553	1.3308456	0.7683628	0.6957585	-1.2009892
-0.3868923	-0.73123837	0.06583452	-0.45608783	-1.7297391	-0.12996784	-0.31487143	0.5905589	-0.21889636	-1.5675395
0.32822514	0.46722355	0.5379137	0.110461816	-1.4809064	-0.103126004	0.044084247	-0.22690225	-0.48608363	-0.55359423
-1.0824083	-1.4077451	-0.57706	-1.0896353	-1.0046462	0.0073202355	-1.074154	0.46670842	0.24661022	-0.359717
-0.123574324	0.86125696	0.056284904	-0.24862418	0.06800604	0.23176613	0.40847003	0.35876268	-0.2693067	-0.29543152
-2.236039	-2.2977943	-1.4900316	-2.148301	-2.0699341	-2.2394986	-2.428249	-1.1897669	-2.2956324	-1.9321592
-1.7198836	-1.8623358	-1.2001309	-1.6539854	-1.4577564	-0.088424295	-1.5209786	-0.49780947	-0.093010016	-2.4641414
-0.49655843	-1.034866	-0.13002697	-0.4896422	-0.97000444	-0.96837324	-1.1713421	-0.43610406	-0.6557081	-2.18362
-2.1338072	-2.1206586	-1.444576	-2.0103686	-0.5556686	-2.1788754	-2.0366	-2.0427873	-2.2566507	-0.5135112
-1.064456	-1.2376275	-0.6508368	-1.0245636	-0.51942295	-1.2163148	-1.4262556	-0.57908	-1.1369922	-0.773723
-0.09645704	-0.703514	0.33562556	-0.18759923	-1.3429683	0.113971375	-0.4046183	0.22844432	0.18807557	-1.5112003
0.19729966	-0.00054603815	0.13350776	0.009621695	-1.814786	-1.0805994	-1.3861191	-0.507261	-1.3680314	-1.9315907
-0.15192047	-0.976653	0.26619834	-0.33026534	-2.5286107	1.8679075	-0.8786784	1.6812736	1.7662207	-1.604811
0.7566925	0.80604136	0.9979701	0.47350043	-0.2779228	0.72381806	0.5534386	1.0311238	0.4548557	0.7363063
0.33080003	-0.31366053	0.6144922	0.06918351	-2.0818188	2.0256271	0.9631681	1.6453823	1.4542571	-1.6704663
-0.9437205	-1.6017823	-0.5320084	-0.90320647	-0.4811456	0.8097119	-1.4224283	0.34495386	1.5283417	-0.23531048
-0.32853505	-0.9658487	0.39890373	-0.3707306	-1.6549281	-0.060209487	-0.74289614	0.5578253	-0.37843	-0.83293664
-0.18261042	-1.2423525	0.17000625	-0.28681248	-1.1717658	1.6840403	-0.41885102	1.7422788	1.4638338	-0.9271766
-1.4337562	-1.8307163	-0.9983771	-1.4322163	-1.2918425	-1.1805661	-1.3146992	-1.0482194	-1.148489	-0.9667726
-1.0890914	-1.1837925	-0.98395896	-1.1212996	-2.5838544	-1.7613397	-1.7807485	-1.1525706	-1.4477186	-0.9521717
-2.2154338	-2.1675851	-1.4668487	-2.1168022	-1.5508801	-2.3915906	-1.7194376	-1.715074	-2.380753	-1.7697455
-0.97358	-1.1171627	-0.57304263	-0.90737927	0.7940084	-1.3915935	-1.9190598	-0.58282155	-1.3692288	1.3605362
1.9490837	1.6215407	1.9866769	1.7999153	0.1499221	2.6656044	2.001694	2.8366873	2.7221658	0.6032627
-1.3153106	-1.603363	-0.81171346	-1.377592	-2.051843	-1.4882632	-1.2815559	-1.1048535	-1.4233466	1.1000302
0.7429448	0.117237896	1.2744423	0.59203714	0.6710688	0.265313	0.38934502	0.8557782	-0.06731731	1.1646914
0.13085869	0.26753405	0.66048175	-0.020146519	-0.70551336	-0.09289324	-0.09323293	0.387248	-0.60635275	-1.2954012
0.21860039	-0.53539324	0.61212397	0.08037062	-1.8390826	-0.05035507	-0.9312082	0.437765	-0.2053097	-2.1461592
0.5045994	1.4617481	0.50130415	0.41978788	2.5495975	0.13748614	1.1533451	-0.17514333	-0.4671779	2.7039385
-1.0541271	-1.2777213	-0.62672997	-1.0490273	-1.5043676	0.012879925	-1.0159507	0.8389549	0.37140754	-2.4504244
-1.8292768	-1.4476193	-1.081676	-1.739938	0.0011605024	-2.823527	-2.7932715	-1.4762824	-2.8111746	1.6321805
-0.29956767	-0.45057786	-0.1768497	-0.34359235	-0.08459976	-0.3488516	0.42414734	-0.36842242	0.028191485	-0.27625862
-0.65618116	-0.9717411	-0.23549518	-0.70687807	-0.38898408	-1.0433909	-1.2026948	-0.7501613	-0.76287997	-0.21413846
-1.3491467	-1.5436628	-0.86942947	-1.2968365	0.015138358	-1.679323	-1.7500641	-0.7698916	-1.7057261	0.21360315
-2.7298603	-2.4731042	-1.8975978	-2.5963807	-1.4856843	-2.6002614	-2.8946707	-2.206216	-2.252281	0.69554275
0.89784133	0.90631926	1.2481409	0.59856075	0.87910974	0.22911018	0.12979281	1.0718695	-0.4992349	0.35188562
-2.2830493	-2.3363035	-1.4473071	-2.2058368	-1.8133757	-1.748622	-2.2506297	-1.7905929	-1.913245	-1.4029207
-1.4160721	-1.7960732	-0.9830291	-1.3128045	-1.5194247	-0.64378405	-1.7223344	-0.6098654	-0.3435611	-1.5856484
-1.1337652	-1.9787227	-0.6336745	-1.1326448	-2.3019695	-0.2979382	-0.7912952	-0.0638503	-0.52257174	-2.031271
-1.4160798	-1.5126445	-0.8808948	-1.3676357	-0.012008518	-0.6501972	-1.0353632	-0.28450733	-0.2170862	1.6608716
-1.5414779	-1.6551481	-1.0441364	-1.4923143	-1.4951761	-2.1873424	-2.1995902	-1.2457683	-2.4213576	-0.17340373
0.83829784	1.175121	0.8532648	0.49351013	-0.5150536	0.8653134	1.6257694	0.57029617	0.8837307	-0.22291853
-1.9751045	-2.0790753	-1.310763	-1.9009562	-0.92268014	-1.7906861	-1.5410261	-1.573746	-2.092329	1.5064027
-2.2942867	-2.250322	-1.5663944	-2.196835	-1.7399439	-1.7555737	-2.046886	-1.376148	-1.7392619	1.8194674
-1.0552998	-1.4860277	-0.6192112	-1.099484	-1.5828104	-1.0389447	-1.5255536	-0.40128523	-0.81130874	-1.4179746
-1.2141696	-1.549862	-0.75381136	-1.1879685	-1.7315379	-1.198159	-1.3945642	-0.62488186	-0.9295817	-1.4301503
-1.9662007	-1.9224706	-1.3171322	-1.8965764	-0.8578776	-3.0018368	-2.7610161	-1.8749304	-3.3441777	-1.1815313
-1.4165152	-1.6858381	-1.0702598	-1.3097992	-1.5737542	-0.8790341	-1.3645335	0.00019557521	-0.08522211	-1.5959812
-1.6551608	-1.7353655	-1.0838176	-1.5113271	-1.0434945	-1.2269197	-0.9298349	-0.6345633	-0.97766787	-0.16311812
-0.6394118	-1.4618013	-0.34328637	-0.63620275	-1.9091192	0.10908143	-1.7479924	-0.2983487	-0.42896748	-1.7241032
0.07507268	0.15341392	0.3147026	-0.0890436	-0.9267907	-0.7202448	-1.2308683	0.3866423	-1.1812757	-1.3193214
-0.17747107	0.36742225	0.18057168	-0.4016564	-1.044074	0.109321654	0.47801167	1.1545229	-0.44265905	-1.4713608
-1.2529426	-1.5033994	-0.6870508	-1.2253308	-0.88172865	-1.7129098	-1.8979771	-0.81629115	-1.4828607	0.02488236
-1.2918066	-1.5519823	-0.7821417	-1.2708247	-0.25427726	-1.4455005	-1.3477187	-0.78528327	-1.2436762	0.26592177
-2.307255	-2.2045503	-1.4547166	-2.264482	-1.0399499	-2.7043998	-2.5248237	-1.9448252	-2.6319475	-0.21501668
-0.44000596	-0.68235385	0.11106631	-0.4668458	-0.73216426	-0.2211174	-1.0294851	0.7003993	-0.5478382	-0.68741614
-0.63523865	0.7740072	-0.53428864	-0.7554425	1.4144733	-1.43005	-1.1089517	-0.46753684	-1.5081424	1.0444936
-0.06355858	-0.7913743	0.52404106	-0.15637593	-2.0723367	1.7132788	-0.08750316	1.8899213	2.0174987	-2.9890587
-1.7038921	-1.8180113	-1.1101533	-1.6204451	-1.4992689	-1.8927896	-2.0220628	-1.3828685	-1.7332838	-1.551987
-2.1361346	-2.2717974	-1.3498683	-2.0635598	-0.9833007	-1.9690017	-2.2372966	-1.8978997	-1.7956672	-0.2092292
-1.3205583	-1.417694	-0.83560467	-1.2470658	-0.7988446	-1.0961909	-1.7449841	-0.5460892	-1.0637733	-1.9806978
-1.5491635	-1.7840825	-1.1454747	-1.4824097	-0.47375286	-1.7893687	-1.5647435	-0.9739163	-1.977544	-0.11237539
0.9284444	0.99872804	1.2615982	0.6791156	-0.6715008	1.2653093	2.228676	1.4751337	1.4807395	-0.06623278
-2.4602687	-2.3491936	-1.5190495	-2.3538268	-0.8650403	-2.7383666	-2.8735216	-2.5250683	-2.5564504	-1.529035
-0.29819992	-0.57321197	0.14773083	-0.34700918	-1.3210062	-0.86010814	-1.1253599	-0.1751766	-0.39456466	-1.1925502
-0.09970186	0.41554883	0.3531098	-0.25828815	-0.73755175	-0.5715622	-0.2197056	0.22054361	-0.52450645	-2.262115
-0.28693363	-0.20506458	-0.16191763	-0.4276251	-0.25339466	-0.89958644	-0.002298101	-0.6294373	-0.83255476	-1.2512642
-2.1210065	-2.488015	-1.4851347	-1.9415486	-2.6274948	-2.1684985	-1.9895393	-1.3689455	-1.9972172	-3.6903512
-2.2770178	-1.9244691	-1.3510084	-2.1979003	1.49812	-2.383766	-2.1116793	-1.6129686	-2.0691533	1.6521323
-1.3851388	-1.8230814	-0.89297533	-1.3696909	-1.8958046	0.2817873	-0.8946708	-0.6860165	-0.078319214	-2.5837245
-2.1957557	-2.1318307	-1.3342143	-2.1721382	-1.6352419	-2.640381	-2.7277148	-1.4268078	-3.0730538	-0.18151152
-0.47360095	-0.75874686	-0.07882705	-0.5382339	-0.8773258	-0.14336506	-1.2255261	0.15790634	-0.20887776	-1.0264337
-2.811062	-2.653241	-1.8105488	-2.6658623	-1.3764175	-3.5616777	-1.5352039	-0.65020627	-3.0920508	-0.9943096
-1.5394794	-1.3770636	-0.88458395	-1.5791738	-1.1651587	-1.765153	-1.6468822	-0.7905244	-1.9827126	-1.7450838
-1.1667682	-1.3729103	-0.69143283	-1.1986923	-0.26966366	-1.7253288	-1.3812718	-1.2678804	-2.1644616	-0.9856962
-1.0554222	-1.3621473	-0.6535678	-0.98322076	-0.2508964	-0.74452806	-0.66336423	-0.0005084357	-0.50576085	-0.9391258
-2.72521	-2.4159093	-1.6880342	-2.6571825	-2.0351586	-1.8710876	-1.8459399	-0.53289527	-2.086096	-1.5882517
-2.0589132	-1.9062172	-1.4320459	-1.9905258	-1.0062853	-2.4906938	-2.550816	-1.7217475	-2.7313483	-1.2458091
-1.5971216	-1.5685287	-1.0518255	-1.53188	-0.3543782	-2.2766953	-2.456872	-1.6935134	-1.9850887	-1.4950426
-1.8903277	-2.0341477	-1.1894871	-1.882946	-1.3679044	-2.327081	-2.3319771	-1.5054265	-2.7672782	-1.4729298
0.03993892	0.06620693	0.19997466	-0.130287	-1.5066665	0.77392936	-0.07824943	1.1724348	1.1573448	-1.4642385
-1.7965244	-1.8647563	-1.1337496	-1.7418945	-1.1333853	-2.2886887	-2.4040926	-1.4795003	-2.4336421	-1.0095105
-1.008158	-1.5913864	-0.53115416	-1.008761	-0.27397776	-0.6796121	-1.6094441	-0.1764875	-0.093397476	-1.5670267
-1.4272841	-1.608026	-0.95035315	-1.4208976	-1.2117705	-1.9743166	-1.636567	-1.2692178	-1.6559583	-0.110884085
-1.5211713	-1.5625238	-0.8886156	-1.454709	0.23247197	-1.0396456	-1.8509039	-0.6362128	-2.004137	-0.25001
-1.9301342	-1.89579	-1.127185	-1.7629973	-0.72773993	-2.0549228	-2.1954856	-1.6439688	-1.5297558	-0.38919148
-0.8552486	-1.1732693	-0.4525778	-0.86241007	-0.66648555	-1.2180073	-0.7533624	-0.5492549	-1.2005787	-0.80554366
-0.48883697	-0.31108308	-0.024704099	-0.528424	0.18247882	-0.023371948	0.1751499	0.44944617	0.04539276	2.0565217
-0.24734774	-0.7614782	0.40111682	-0.3579303	-0.7674352	0.30107975	-0.42875183	0.5341781	-0.38418978	0.21586418
-2.8071103	-2.511802	-2.1662402	-2.784929	-2.9276278	-2.5457988	-3.0085754	-2.0765145	-2.570363	-1.9843364
-1.3772222	-1.5191185	-0.86442816	-1.3386186	0.51085234	-0.33052132	-0.67355055	-0.18203966	-0.56057197	2.4524214
-1.2995017	-1.2207901	-1.0690548	-1.2627547	-1.1877298	-0.9482976	-1.2000327	-1.2338834	-0.9597996	0.10651466
-1.1035137	-1.4044213	-0.6664474	-1.0420502	-0.09498945	-1.9667734	-2.3605978	-1.4091358	-1.4853337	1.3101857
-0.8769043	-1.304095	-0.4943677	-0.99852836	-2.2114122	-1.4309365	-2.247317	-0.650047	-1.2435504	-1.4656267
0.6451921	0.2212002	1.0496387	0.46020162	-0.36049885	-0.7113585	-0.8844046	0.64427483	-0.06786265	0.27714577
0.5311325	3.51973	-0.034541756	0.26470733	4.57915	-1.7031908	0.45523536	-1.1860001	-1.2628117	2.9916663
-1.1529354	-1.316555	-0.74077296	-1.1047306	-0.46598235	-0.78370893	-1.4052764	-0.5377269	-1.1188115	-1.6012125
-2.0056326	-1.6036174	-1.525848	-1.9509454	-0.21033701	-1.9653925	-1.1543512	-1.2093414	-1.9151844	0.92210716
-1.9731983	-2.0277514	-1.2365311	-1.8602185	-0.85763425	-2.097828	-2.4821045	-2.261126	-1.903403	1.4056647
-2.3546083	-2.2523108	-1.4872423	-2.263211	-1.5807686	-2.8500543	-2.117973	-1.6143894	-2.997504	-1.7851609
-0.8318751	-0.97711253	-0.5320492	-0.90898424	-1.0473576	-0.35379896	-0.5977787	-0.11214455	-0.44637778	-0.506949
-2.1683774	-2.0546374	-1.4590265	-2.0609758	-1.1155195	-2.60656	-2.356249	-1.969323	-2.3621879	-1.2866904
-0.7067124	-1.2134099	-0.2879788	-0.7218589	-0.9780004	-0.610514	-1.3938341	-0.39625865	-0.5477304	-0.8621985
-1.3789301	-1.7494721	-0.9466692	-1.3205954	-0.95039	-1.778516	-1.5727351	-0.6701785	-1.9834524	-2.490126
-2.0354657	-2.2090366	-1.239294	-2.0925682	-2.1974993	-1.9672639	-2.228101	-0.917292	-2.0081744	-2.3570206
-2.2263415	-2.087394	-1.4926031	-2.1485093	-0.6172831	-2.1569946	-1.782521	-1.8057714	-2.841602	0.21503532
-1.8239135	-1.8552992	-1.246715	-1.7786762	-1.2662705	-2.2329152	-1.8014983	-1.1809906	-2.0290158	-1.2251078
-0.97418743	-1.3010392	-0.5487174	-1.0080066	-1.5213684	-1.0394635	-1.3672967	-0.39182335	-1.2253952	-1.7559725
-1.3627406	-1.3984299	-0.8998591	-1.3006878	-0.34447587	-2.181949	-2.2209737	-1.4513394	-2.3540041	-1.2553953
-0.06745949	-0.48816034	0.25411856	-0.26388517	-2.0331674	-0.35134497	-0.58325195	0.00087841845	-0.99096817	-0.94213915
-1.1105641	-1.397654	-0.66168904	-1.1180881	-1.3725173	-1.200569	-1.5591373	-0.99335235	-1.1008548	-1.8933235
-1.191787	-1.3729107	-0.7777747	-1.1310841	-0.30161557	-1.2362062	-1.0194967	-1.2023451	-0.6818615	-0.84722745
1.8367105	1.183629	2.0679617	1.5334904	0.209331	0.736417	-0.3203924	1.152813	0.7160694	-0.41091064
-2.1688466	-2.0277936	-1.4643261	-2.1150231	-1.0783528	-2.195924	-1.9405297	-1.5594654	-1.3036863	-2.294372
-1.5058396	-1.577436	-1.0498037	-1.4203513	0.30888227	-1.7514523	-1.4300026	-1.2377692	-1.07613	-0.5063873
-0.68156946	-0.85519934	-0.03570029	-0.6294207	-0.10289872	-0.613173	0.008216794	0.08624258	-0.3900789	0.04002
-1.9364403	-1.9652271	-1.268088	-1.8220313	-0.79597867	-2.2198415	-2.326419	-1.7487723	-2.1872938	-1.7235409
-2.200883	-1.9347253	-1.2412865	-2.1350324	-0.23559639	-3.3538783	-2.7075613	-1.7542528	-2.6124885	-2.613011
-1.7807609	-1.5049473	-1.1715338	-1.8224266	-0.8039016	-1.7893633	-1.315095	-1.1888474	-3.1297245	-1.4030111
-2.0000432	-2.0674188	-1.2535065	-1.9804659	0.10665485	-2.3069386	-2.2071202	-1.3647852	-2.5327013	-0.44912562
-0.014987119	0.03211385	-0.09616566	0.015256226	0.16185471	0.54242676	0.1097128	0.34979045	0.21497855	-0.009287814
-2.090715	-2.2305396	-1.3971679	-2.0191011	-1.9444507	-1.7458748	-2.3419075	-1.0674207	-0.14719246	-1.5641867
-1.5512679	-1.226664	-1.0898424	-1.5170608	-1.1498655	-0.093770586	0.31222537	-0.26185206	-0.13356271	-0.30267462
-0.90913236	0.42522386	-0.68239546	-1.0298938	0.7032243	-0.8025417	-0.47162485	-0.6496483	-1.293512	1.3575519
-0.51547027	0.4281396	-0.09022522	-0.76551306	-1.5746921	-0.6313894	1.0928813	-0.25545594	-0.8262302	-1.6064551
0.44311723	-0.35483333	0.7929332	0.20570342	-1.5379163	2.2251883	-0.4315115	2.557161	2.2553954	-1.3440918
-1.4745859	-1.663474	-0.96699107	-1.3935995	-0.80826783	-1.247193	-1.7346245	-1.0251983	-1.3592709	-1.6097603
0.22351864	-0.33735546	0.43194893	0.1276261	-1.7673365	0.9326566	-0.39991805	1.0072632	0.67077875	-1.4474466
-1.8349938	-1.4805207	-1.2320797	-1.8035455	-0.92520726	-1.7754657	-1.7271422	-1.027235	-1.6765178	-1.1923537
-0.35289058	0.70436203	-0.21499616	-0.49393392	0.45398018	-1.011914	-0.2282424	-0.6840931	-1.0067264	-0.8426937
-1.6242547	-1.9079412	-1.0963566	-1.5279307	-1.2158628	-1.626692	-1.2880821	-0.9134638	-0.70572615	0.34838304
-1.847927	-1.921756	-1.1405702	-1.8233536	-1.5660976	-2.1190765	-1.8835497	-1.0634885	-2.234069	-1.0239587
-1.8825151	-1.9691896	-1.286117	-1.8780392	-1.231255	-2.9401495	-3.324057	-1.385907	-2.7608175	-1.6987159
-0.67912316	-0.88906777	-0.47266516	-0.7002728	-1.3238109	-1.4600419	-1.0957874	-0.80564106	-1.416458	-0.6390833
-1.8887417	-1.9102242	-1.3773539	-1.822379	-0.78726184	-1.6558304	-1.5944859	-1.5128947	-1.7884947	1.3242399
-1.3019913	-0.38957852	-0.94308853	-1.1161493	2.3556685	-1.5582644	-0.19621666	-0.8498443	-1.6478834	0.4873576
-0.3170196	-0.73670685	-0.12286869	-0.30572993	-0.85914195	-0.14118215	-0.12105538	0.097081184	0.15425673	-0.37334222
-2.158921	-2.178126	-1.4731212	-2.0356731	-0.9400656	-2.4334078	-2.4625514	-1.8599817	-2.595364	-1.3565487
-2.0670598	-2.0918648	-1.3166993	-2.0066888	-1.1206328	-2.0562646	-1.7300905	-1.2522198	-1.424774	-0.9977877
0.22790414	0.63836277	0.81996644	0.036778152	-1.0133684	0.14413239	1.6711439	0.7857482	0.10630733	-1.3094425
-0.7784876	-0.30033883	-0.3885015	-0.9426482	0.00954023	-0.7830521	1.0420098	-0.21996073	-0.29162854	2.0040448
-2.0270436	-2.04304	-1.2804122	-1.9156735	-0.39379856	-1.7760084	-1.6554776	-1.2692348	-1.4125109	0.4893254
-0.5774914	-1.3369405	-0.31948903	-0.65486586	-1.7886573	-2.5976534	-1.9787853	-1.997218	-2.3974545	-2.1077101
-0.015187319	-0.7170924	0.44457787	-0.18904129	-2.1878526	-0.18445423	-1.0753585	0.35316774	-0.5764718	-2.0559068
-1.4742855	-1.5968674	-0.97278595	-1.4435889	-0.8966503	-1.552832	-1.4810942	-1.3118036	-0.906342	-1.2915075
-0.5581241	-0.7530005	-0.28847834	-0.6471327	-0.49312863	-1.1120766	-1.2087332	-0.6181904	-1.1296343	-0.9020228
0.22542703	-0.38965383	0.23893149	0.11554231	-0.64446986	-0.011479607	0.0018071333	-0.39041826	-0.33292037	-0.33444935
-0.67158085	-1.1163673	-0.3888367	-0.6778519	-2.5109177	-1.5774148	-2.211812	-0.78356284	-1.073877	-2.8197954
-1.3783981	-1.7081034	-0.9007329	-1.2906113	-1.3065274	-1.164872	-1.1314771	-0.93264276	-1.2123473	-1.9110572
-1.9179686	-1.7512574	-1.3395289	-1.8524916	-1.1584437	-2.0887172	-2.139182	-1.2475137	-2.070493	-1.4983562
-1.8057694	-1.8515615	-1.2005882	-1.6631366	-0.70111096	-2.1990964	-2.039726	-1.7156377	-2.691719	0.85621095
-2.0788183	-2.080236	-1.3571501	-2.0661707	-1.3267423	-2.3208601	-2.1521919	-2.1123903	-2.4515555	-1.1700566
-1.1358223	-1.3927214	-0.72282636	-1.0766199	-0.7672428	-1.0585274	-1.7651701	-0.4009981	-0.7546226	-0.9128477
-1.5753443	-1.4023296	-1.0476972	-1.5390723	0.4395152	-1.5089761	-0.12686111	-1.5664062	-1.9453101	0.8163438
-1.5508397	-1.4546971	-1.1164048	-1.4484147	-1.5784967	-1.0203446	-0.47808567	-0.69337165	-0.95772284	-1.3093945
-1.7620193	-2.1224978	-1.2447181	-1.6837832	-2.1551867	-1.3459631	-1.7136503	-0.86785245	-1.4782083	-1.996405
-1.1383221	-1.5211109	-0.7306509	-1.0873446	-0.7838303	-1.3613508	-1.7364124	-0.4791069	-1.4700464	-0.8226841
-0.67829466	0.03348434	0.03389862	-0.7837692	-0.14974725	0.5691683	1.7170023	0.7512788	0.24366933	1.0431366
-1.1925205	-1.4455545	-0.86727357	-1.107441	-0.9068191	-1.5582583	-2.1256208	-0.9376112	-2.2314913	-0.07661792
-1.363465	-0.2406899	-0.9069427	-1.3479291	0.51371443	-1.2929555	0.41350594	-1.0819459	-1.1223801	2.5628552
-2.355532	-2.2555451	-1.4762224	-2.2653718	-0.37594527	-2.6076944	-1.8832326	-1.5877262	-2.6267643	-1.0863147
-1.6848323	-1.9219303	-1.1572607	-1.6455271	-1.3700365	-1.5140903	-2.2386591	-0.40550706	-1.6528953	-2.7317822
-1.5688239	-1.9376162	-1.03197	-1.5682032	-1.1379327	-0.8020274	-1.5099994	-0.32429105	-0.9691878	-1.4851497
-0.838172	-1.5392421	-0.5014398	-0.8491946	-0.6624522	0.15950868	-1.2414038	0.72921526	0.07681445	-0.96892256
-0.9237282	-1.3233529	-0.5153847	-1.0570455	-2.455505	-1.4819471	-1.6582499	-1.0338253	-1.9107096	-2.7068727
-1.8798645	-1.9899664	-1.2474582	-1.8352487	-1.9121528	-2.3008802	-2.5887058	-1.6087681	-2.7695427	-2.3259702
-1.0096819	-1.4539057	-0.57776535	-1.0139115	-1.273507	0.6861289	0.13952693	1.357909	1.2413677	-0.71051645
2.4436219	1.7495962	2.451299	2.0958576	-0.38392437	0.5402016	0.22342966	0.61405903	0.10261774	-1.2800144
-1.6615742	-1.7197579	-0.97651386	-1.5041128	0.2308757	-1.6931742	-1.8405713	-1.000137	-1.284346	2.0925372
-1.8733792	-1.9111371	-1.202892	-1.7629143	-0.54333293	-0.9926807	-1.798811	-0.33445707	-1.0637385	-0.50359917
-1.3151021	-1.4300236	-0.717775	-1.2892783	-0.039071858	-1.5642984	-1.9873745	-0.6354413	-1.5410165	-0.9758811
-0.8980789	-0.94315505	-0.4655743	-0.9418514	-0.0710347	-1.8801063	-1.4179102	-1.5919006	-1.5646169	1.206261
0.47184274	-0.06946351	0.90397036	0.29126298	-1.7426459	0.18240555	0.26110044	1.0050621	0.2016354	-2.2996109
-1.1991166	-1.8455399	-0.8020532	-1.2719166	-1.9451884	0.29746026	-1.0840048	0.42884958	0.03141407	-2.3976388
-1.5937619	-1.542808	-1.3013663	-1.6063044	-1.4648062	-1.0838866	-0.6900751	-0.3365996	-0.9512954	0.55829185
-0.19303468	-0.82506585	0.11862013	-0.1876343	0.032862544	0.43044493	-0.61076844	0.9952418	-0.17558396	-0.45417863
-1.7107664	-1.9746656	-1.2991425	-1.6760781	-1.1905023	-1.3405844	-2.208699	-1.5184375	-1.9286642	-1.0499254
-1.9092069	-1.7942388	-1.2673247	-1.8789688	-1.2825416	-1.8939255	-1.7128083	-1.4930102	-2.6555521	0.6547276
-2.5069726	-1.801112	-1.6492127	-2.4271848	1.1038946	-1.9524579	-1.7044065	-0.98548657	-2.8828309	0.5574854
-0.38650486	-0.41703567	0.1772975	-0.5214676	-1.5765237	0.9122459	0.30072358	1.4591635	0.94683886	-0.5780905
-0.2778614	-0.40061763	-0.103026986	-0.41917592	-1.2588912	-1.5240754	-1.481029	-1.485686	-1.2303275	-0.21413651
1.1710461	0.90323484	1.0612347	1.0699096	0.47349837	-0.15654014	-0.96390605	0.60411906	-0.080953315	-1.9941256
-1.8854171	-1.9211693	-1.2416478	-1.7289551	-1.0301147	-1.9009014	-2.0519419	-1.4946924	-1.4125109	-1.1520174
0.34402493	-0.34662014	0.52975804	0.28187233	0.5694113	-0.33978328	-0.16265222	0.10477059	-0.67171913	0.011150209
-2.6213317	-2.0700274	-1.6962217	-2.520899	-0.8024353	-2.6063359	-3.1430383	-2.1238706	-2.9528425	-1.6456531
-1.9765218	-1.8865867	-1.2338939	-1.94455	-1.1810642	-1.5869044	-2.1438549	-1.3647612	-1.9524726	-1.0147626
0.26895002	0.058157325	0.58294964	-0.053701356	-2.2145624	0.30379438	-0.57370543	0.85725754	0.09137934	-1.4615108
2.0398788	1.3300524	1.9072943	1.7847526	-0.6333184	1.9049995	1.491635	1.6177561	1.4678805	-0.5525761
0.60136706	-0.34326467	0.8411983	0.5397959	-2.2109833	-0.8717478	-1.4275311	-0.8297031	-0.8124654	-2.7131982
-0.6591357	-0.79623294	-0.18655348	-0.7558432	-0.8615794	-0.41769636	-0.700722	-0.009617127	-0.33483484	-0.56845456
0.063066326	0.34853092	0.4065051	-0.12125076	-0.18442756	-0.25687116	-0.17455576	0.37279895	-0.27321678	0.1602949
-1.274458	-1.0969155	-1.0136657	-1.1866695	-0.4716731	-2.0133421	-2.305294	-1.4730726	-2.0183551	-0.7277562
-0.007900633	-0.5375892	0.47955653	-0.09210618	-1.2517345	-0.3677	-0.72681147	0.36792684	-0.8621199	-0.80579567
-1.9022634	-1.9782983	-1.26491	-1.8253145	-0.5615401	-2.228442	-2.687494	-1.9615265	-2.1679063	0.1778357
-0.7393991	-0.29003438	-0.5847869	-0.8854395	-1.0742245	-1.4866648	-0.90880114	-1.5538588	-1.185752	-0.41186056
-1.134182	-1.6396921	-0.69771945	-1.1580508	-1.1184579	-1.5454347	-2.128641	-1.2165116	-2.0897596	-1.2197465
-1.3522762	-1.543315	-0.8285184	-1.3233268	-0.21638148	-1.6039941	-2.0377178	-1.7734526	-1.8917688	0.9761248
0.10689097	0.16049835	0.69610274	0.017749086	-0.5855756	1.0297741	1.0421878	1.3625442	0.97913647	0.75209576
-1.7391405	-1.9348279	-1.0386755	-1.7840376	-2.0554664	-1.4929868	-1.2677848	-1.3378625	-1.7983291	-2.2967546
-1.1584183	-1.3952477	-0.6529305	-1.1114554	-0.5462227	-1.1359566	-1.7963495	-0.4100051	-0.91291827	0.3454243
-1.86601	-1.8858817	-1.2086376	-1.8148434	-0.6701528	-2.7617407	-2.1833527	-1.2781556	-2.852134	-1.2421219
-1.3213485	-1.6122721	-0.8039013	-1.3131202	0.22885123	-1.4581488	-1.256802	-0.39423186	-2.472567	1.222534
-0.015711702	-0.97466373	0.059727997	-0.006843403	-2.2387445	0.48179466	-0.5597472	0.11144095	0.61098516	-2.8927603
-1.4069055	-1.8946047	-0.8416474	-1.3927289	-2.6101985	-0.65104586	-1.3024237	-1.1920213	-0.39104787	-1.2986585
-1.6930813	-2.1729946	-0.90060556	-1.6552476	-1.057852	-2.1878052	-2.1538305	-1.7098665	-1.9969733	-2.0384598
-0.70789146	-1.8521531	-0.44285187	-0.77789843	-1.4336128	-1.3704658	-1.5258118	-1.3359402	-1.0164703	-2.7780573
-0.4862077	-0.5877964	-0.08253485	-0.6641379	-1.8751441	-0.75711787	-0.6076119	-0.5066087	-1.377743	-2.5792463
-1.7605684	-2.0608864	-1.1177307	-1.6762999	-1.3815007	-2.1259155	-2.3516493	-1.602011	-0.6350482	-1.47036
-1.2994109	-1.5667566	-0.7428398	-1.3244263	-2.1626487	-0.5424233	-1.3878946	-0.18242171	-0.40590432	-1.8413438
-1.5901296	-1.4356489	-1.1940064	-1.4942948	-1.2402357	-0.8739075	-0.4705854	-0.3224867	-1.8058459	1.5531188
-1.0897473	-1.6875862	-0.5714388	-1.1715956	-0.9566983	-0.39135143	-0.14064682	0.16073216	0.8621285	2.002517
0.56185645	1.1338749	0.81645155	0.25019014	-0.89807713	0.8267534	2.5616062	0.8373614	0.029008407	-0.2974916
-2.3772514	-2.244612	-1.534666	-2.274284	-1.3601418	-2.207412	-2.22694	-1.6485102	-2.287364	-1.5804619
-2.0854347	-1.9490671	-1.3144177	-2.024386	-0.585987	-2.2364955	-1.7373935	-1.2422733	-0.86347705	-0.86763304
-1.4826785	-1.686808	-0.9466467	-1.4226787	-0.8098688	-1.0564651	-0.8664275	-1.4175036	-1.1992724	-0.37053347
1.7591519	1.3304375	2.145143	1.4723873	-0.33445632	2.5125773	1.1679405	3.8208425	2.5501437	1.4130744
0.5559262	0.89622796	0.28544042	0.40047038	-1.5878732	0.5712497	3.970711	0.0052882773	0.6952834	-0.44060448
-2.4780812	-2.2665517	-1.6475754	-2.3728764	-0.9387113	-2.6391506	-3.4652705	-2.415935	-3.6648486	-1.4695393
-1.6503167	-1.710717	-1.0358732	-1.6573671	-2.2384932	-2.0456724	-2.9624462	-1.5900323	-1.284696	-2.822605
-1.4131713	-1.7093045	-0.87051797	-1.2854891	0.12244028	-1.6602521	-1.3027893	-1.3860246	-1.878922	-0.40974054
-2.9876316	-2.3175972	-2.0402608	-2.8550887	-1.1962261	-2.0608807	-0.17230684	-1.3292699	-1.0530062	1.1103525
-1.1529281	-1.5572927	-0.71367276	-1.1652031	-0.43315881	-1.3792485	-1.2546381	-0.9233298	-1.2580951	1.6625122
-0.8680412	-0.94688475	-0.80797076	-0.82345486	0.22869363	-1.6431623	-1.1526315	-1.2209094	-1.6067828	-0.104222044
-1.3306144	-1.5408081	-0.8523787	-1.3297915	-1.6708744	-0.617258	-1.9748666	-0.4165149	-1.2344689	-1.8916066
-1.3086426	-1.6016158	-0.8630016	-1.3179883	-2.7432191	-0.4321536	-0.43063584	-0.649793	-0.8856741	1.3432889
-1.0610936	-1.7470863	-0.7076472	-0.89481884	-1.5148512	-1.2914166	-2.4841604	-1.1375585	-1.2450311	-3.1378398
-1.890744	-1.8155279	-1.3173579	-1.8676273	0.2766914	-2.0336916	-2.227071	-1.3392227	-1.8282824	-0.78921324
-1.7108508	-1.6694556	-1.2853069	-1.548166	-0.3483561	-1.7163552	-1.2980734	-1.2020426	-1.2084993	-1.0817012
-2.186315	-2.1216085	-1.3868423	-2.0905175	-0.33586958	-2.1700428	-2.2040827	-1.4467139	-2.2619267	-1.8311123
0.39000437	-0.2853775	0.7363291	0.24982022	-0.08348492	1.9331268	-0.47093695	1.4499888	1.4317946	-0.6138966
-2.1712012	-1.9010731	-1.3938153	-2.159639	0.06527069	-1.4501044	-2.0233588	-1.3700565	-1.2951458	-0.003508434
-1.0599339	-1.407758	-0.6634468	-1.0676583	-0.5171827	-1.6790341	-2.4943967	-0.5983187	-0.78057265	-0.20624381
0.2453304	-0.438918	0.6542785	0.024179533	-1.9707248	-0.40433297	-0.285932	0.5785066	0.927234	-1.4673033
0.6877215	0.4914941	1.2410966	0.494393	-1.5308535	0.6578202	0.4111555	1.072587	0.6133301	-1.297114
-2.9957721	-2.5985725	-1.8961961	-2.8364027	-1.4511943	-2.738943	-0.060665388	-2.768561	-2.5680728	-1.9220904
-0.37394875	0.31300703	-0.20340607	-0.4398669	0.054276466	-0.669389	-0.669055	-0.5753223	-0.8534063	-0.07546408
0.38335463	1.238526	0.4756666	0.22979437	-0.59792775	-0.6019421	1.0328069	0.48695517	-1.127692	-2.2613132
-1.4423026	-1.8868032	-0.9554533	-1.4115173	-1.2137792	-1.8803339	-2.921401	-1.8061504	-2.088142	-1.854831
-0.75584114	-1.2242866	-0.46890637	-0.7402936	-0.96993756	-1.1826358	-1.6386567	-1.2218553	-1.4656192	-1.2050353
-1.8712152	-1.9716568	-1.1967038	-1.7625859	-1.0908206	-2.2904427	-2.3050556	-2.2659104	-2.8419428	0.010770782
-1.7416806	-1.8882616	-1.01085	-1.6376201	1.3047763	-1.638188	-2.4939995	-0.98298156	-1.2857311	1.0848243
-1.6262408	-1.0900939	-1.0420034	-1.6846364	-0.854931	-1.5946465	0.36479875	-0.690357	-1.3356057	0.7297132
1.5923282	0.70514977	1.5438793	1.3104521	-1.1470723	3.1381345	-0.049519315	3.335035	2.8223617	-0.87188256
-0.20553902	0.37258944	-0.038363308	-0.2895852	-0.28262174	1.320327	1.9695162	1.0477177	0.83248895	0.18560064
-0.51540947	-0.67007506	0.23630089	-0.569524	-0.31735736	1.1898245	-0.20388862	2.0999665	1.0608007	0.048346654
4.085924	3.0297284	3.171818	3.5046697	-1.3562623	3.5299156	2.9816883	3.1018956	3.2374098	-0.9425436
-1.1197838	-0.49073467	-0.88985443	-1.1465621	-0.6522743	-2.0592911	-1.4059871	-1.4873474	-1.8614668	-1.8777448
0.058107473	-0.31624562	0.43273044	-0.15351681	-0.74781513	-0.4361258	-1.2066332	0.003481961	-0.41692778	-0.8192727
-2.3724365	-2.1117625	-1.486016	-2.238329	-0.3132095	-2.7009091	-1.1412708	-1.2959664	-2.9854004	-0.28557587
-1.5653609	-1.7325127	-1.1084483	-1.4639003	-0.94058156	-2.053623	-1.6753662	-1.6814344	-0.94365907	-0.92893505
-1.3713526	-1.4128108	-0.87686634	-1.3303635	-0.88144517	-1.7625045	-1.7200257	-1.1114388	-1.7715403	-1.0346981
-1.7444203	-1.8470206	-1.0700709	-1.6317261	-1.5174263	-1.8789899	-2.2276115	-0.77942675	-1.6753856	-0.9834634
-1.972277	-2.1388044	-1.256706	-1.8353515	-0.87328875	-1.743689	-2.0816045	-1.139232	-1.5296994	-0.25620976
-2.1738858	-2.0422404	-1.3741883	-2.1793373	-1.109177	-1.9026357	-2.78649	-1.4490088	-2.229379	-0.9807781
-2.189277	-1.6584448	-1.5275966	-2.0246747	1.3066465	0.38021737	2.1361604	0.70153373	0.32672006	1.153479
-1.8394547	-1.9745083	-1.1975348	-1.7392708	-1.4812912	-1.856966	-0.6607348	-0.002054755	-0.9918648	-2.004933
0.15955573	0.8970772	0.6750803	-0.010763809	-0.17231198	0.35876885	0.15065844	0.7364102	0.5089592	0.025462674
-0.07016232	0.8711182	0.16720602	-0.21267492	-0.7076192	0.87564397	0.84775084	0.5654696	0.83856606	-0.74480045
-1.9177687	-2.0931606	-1.1880934	-1.8593519	-2.052982	-1.7168865	-1.8032972	-1.2696537	-1.8787022	-1.5377417
-1.2635238	-1.5575418	-0.785048	-1.2309687	-0.7142831	-1.2228541	-1.6725701	-0.3707175	-1.4949943	0.5078043
-2.282016	-2.1581962	-1.3396916	-2.3111918	-2.091509	-2.5436873	-0.98266286	-1.0720527	-1.4911469	-1.8350598
-2.2765455	-2.2849154	-1.4731097	-2.2428622	-1.0333872	-2.847214	-3.2625902	-2.186062	-2.755134	-1.6932868
-1.2629989	-1.5613505	-0.81154335	-1.2467394	-0.8658936	-1.4330084	-1.5208986	-0.75423914	-2.3708005	-1.15164
-1.6134928	-1.890396	-1.1480166	-1.4911041	-0.8552023	-1.2240838	-0.48763004	-0.58021754	-2.2198658	-1.8701807
-2.0769658	-2.0384963	-1.2526854	-1.9693325	-0.54949313	-1.9533767	-2.432626	-1.2912154	-0.7344389	0.32281592
-1.493854	-1.7852376	-0.9867289	-1.4085506	-0.89570236	-1.5152986	-2.1361449	-0.63780767	-1.2978884	-0.8456209
-1.3999257	-1.5156271	-0.977358	-1.3472316	-1.8361865	-1.7441177	-2.1655464	-0.980682	-1.2326254	-2.1699688
2.487703	3.1121755	2.5316935	2.1395938	1.079986	0.7820739	1.5062628	0.9197598	0.7716446	-0.5626941
-1.0514394	-1.8019444	-0.58857286	-0.9842761	-1.1246189	-0.78665185	-1.357537	-0.8076167	-0.9038341	-2.1688633
-1.4649734	-1.6530118	-0.87434196	-1.4829777	-0.9319413	-1.0789317	-1.0011592	-0.17006865	-1.6832454	-0.66998726
-1.6364691	-1.7642276	-1.1025043	-1.6506348	-0.78382313	-1.2935644	-1.0409602	-1.1075228	-1.7382736	-0.6285986
-2.2795165	-2.2844121	-1.5111996	-2.1200058	-1.8471206	-2.2953074	-2.084131	-1.3715048	-2.0667973	-1.9308549
-1.1027427	-1.1964978	-0.8258034	-1.0493737	-1.1628189	-1.4373307	-2.2154572	-1.6194379	-1.5873458	-1.1507994
-1.835549	-2.0184686	-1.2063943	-1.7127763	-1.8018422	-2.1915746	-2.5065665	-1.1038275	-1.3509316	-0.80596673
0.8197788	1.2801447	1.2136723	0.61264133	-1.0413144	1.7451977	1.548951	2.24634	0.38937253	-0.53638035
-2.255353	-2.2038176	-1.4080327	-2.1801813	-0.9094479	-2.029389	-1.7380842	-1.7606391	-1.454621	0.084233336
-0.5077248	-0.8617586	-0.32444355	-0.54548454	-1.2292835	-0.06150402	-0.8056925	0.024441984	-0.04163262	-0.7896397
-0.7571998	-0.97569764	-0.22621661	-0.78526914	-0.3567603	-1.4511923	-1.934749	-0.684974	-1.8119589	-1.3021312
-0.69568217	-0.5777315	-0.49318543	-0.73300546	-1.1064821	-1.1062409	-1.1997385	-1.0945296	-1.4311982	-0.55317765
1.6295677	1.3586327	1.9012293	1.3665295	-0.3367971	0.53726333	0.77374333	0.32463893	0.5863248	1.1923273
-1.5509541	-1.0791785	-1.2360064	-1.5667343	-0.678658	2.9259512	3.316194	2.3603065	2.541516	0.53103095
0.6847247	0.8398632	1.176861	0.49914372	-1.226816	0.13534324	0.378119	0.71783257	-0.10217264	-1.1176982
0.452643	-0.35286054	0.8083273	0.23996894	-1.6833855	0.34819493	-0.9738852	0.40304583	-0.020750858	-2.1151855
-1.7097601	-1.4595898	-1.0849385	-1.706975	-0.60383534	-2.118555	-1.9566219	-1.4256151	-1.3169224	0.15780763
-1.2794288	-1.6398014	-0.7543756	-1.2905909	-1.5079577	-0.45578375	-0.8098955	0.19381076	-0.56629646	-1.240645
-1.334951	-0.9252409	-0.86754084	-1.3203346	0.041193664	-1.3099387	-0.704534	-0.5417835	-1.5638201	0.17071146
-1.6065141	-1.6534879	-1.0149846	-1.6314641	-0.8780471	-1.9575747	-1.8102295	-1.2964823	-2.085569	-1.3828638
-2.1589568	-2.0716314	-1.4237038	-2.0273585	-0.35741326	-2.284076	-2.7612605	-1.4046823	-2.4391794	0.5884568
-1.1957359	-1.8655903	-0.6853303	-1.1948869	-2.1353152	-1.9861817	-1.7324163	-1.1103884	-2.253661	-0.2811896
-0.6143228	-1.1963513	-0.5506865	-0.68253595	-0.48534888	-1.0158783	-0.87055343	-0.67739975	-1.005345	-0.56149787
0.18272546	0.06604415	0.83991957	0.044634387	-0.99181044	-0.33826798	0.082551815	0.32383272	0.083154604	-0.7330551
-2.3873615	-2.2833354	-1.7044134	-2.3185456	-1.7441329	-2.476596	-1.9519944	-1.248962	-1.4871943	-1.8795708
-1.6582602	-1.8201978	-0.9699466	-1.6256449	-1.104269	-2.0595105	-2.5340085	-1.3725871	-1.7519944	-1.4387922
-0.031474106	-0.1083079	0.29453465	-0.13932058	-0.777084	0.18781865	0.36385292	0.8887836	0.583258	-0.74682707
-0.39602	-0.8723	0.008343607	-0.5211286	-0.24636695	-0.7250148	-1.8034563	0.105638176	-0.08903045	-1.1461462
-1.2023308	-1.656657	-0.7918706	-1.1930206	-1.4023643	-0.4753171	-1.5979755	-0.41018727	-0.82779	0.18466891
-2.129525	-2.1186693	-1.3499153	-1.999262	-1.1894063	-2.1998239	-2.456914	-1.7074839	-2.8463125	-1.4202662
-2.0588126	-2.22311	-1.3887062	-1.9911863	-2.0269682	-1.8876194	-2.2341888	-1.4822075	-2.0971735	-1.6152588
-1.3376973	-1.5134752	-0.9375236	-1.2372088	-1.0064597	-1.6276633	-2.058269	-1.0889852	-1.0256739	-1.1583563
-0.4203346	-0.2730722	-0.06924361	-0.5199814	-1.0247506	-1.6349428	-1.4306277	-0.48040727	-1.8759145	-2.1214604
-0.3535449	0.9544295	0.3385512	-0.63543355	-1.380989	1.7576188	3.0371382	1.8629948	1.323761	-0.7771083
-1.081948	-0.46422106	-0.7596034	-1.1529868	-0.45890015	0.54597783	1.8569932	-0.048315454	0.5354863	-0.5481493
-2.1915224	-1.9214301	-1.5095277	-2.026385	0.8164042	-2.2121382	-1.6541064	-1.7488134	-2.2282803	-1.3307085
1.3254915	0.75281394	1.7918226	1.0183864	-1.1121913	0.23931082	-0.9390719	1.637612	0.16463271	-1.2399633
0.7638946	0.021374077	0.845147	0.51182497	-1.3835856	0.35288996	-0.6117105	-0.0113184415	-0.10530714	-1.5534409
-1.8336048	-1.806015	-1.1761216	-1.6909328	0.8960149	-2.1383011	-1.8447937	-1.0359162	-1.6771896	0.5514795
-0.43464416	0.25169036	-0.03557709	-0.58475417	-0.7844416	-0.24427079	-0.5084217	0.28505525	-0.15742305	-1.892183
-2.1908352	-2.1310618	-1.3995651	-2.1314242	-0.84273297	-2.8702898	-2.5462265	-1.5167719	-2.911786	-1.1800455
-1.189271	-1.3480622	-0.6493747	-1.1990453	-0.9110831	-1.118938	-0.9210567	-0.32515198	-0.9132449	-0.30776352
-0.18776357	-0.881438	0.29404008	-0.29315007	-1.2025706	-0.8597265	-1.6976937	-0.29876506	-0.2215806	-1.6030164
-2.016553	-2.0471764	-1.2959467	-1.9435142	-1.4644556	-1.9811085	-2.271003	-1.0820712	-2.2718596	0.13891473
-0.66857904	-0.9685427	-0.25590932	-0.7228583	-0.6687932	-1.0178055	-1.857423	-0.24644029	-1.3535172	-0.59962994
-1.4266976	-1.8875725	-0.93401885	-1.3246801	-2.3263774	-0.6368098	-1.2845558	0.027942453	-1.003935	-2.1683216
-1.5387222	-1.5401428	-1.0915242	-1.497935	0.31384203	-1.280057	-1.3940567	-0.7481768	-1.3186196	-0.39266732
2.1428163	0.9585384	2.2668476	2.0415072	-0.34405202	2.2250774	0.50640535	2.8547204	2.350373	-0.06362619
-1.625676	-1.5638387	-0.88163686	-1.616486	0.23569134	-1.1471874	-1.4964527	-0.7200983	-1.8700616	-0.11329235
0.24041465	-0.03108266	0.570197	0.04609959	-2.0510085	-0.3251539	-0.5963141	0.67059344	-0.40026566	-1.6524411
-2.0818906	-2.3034282	-1.4574268	-1.8891841	0.05896589	-1.9865714	-2.7249353	-1.2184926	-3.0492566	-0.13199338
-1.4455886	-1.6598015	-0.9447156	-1.4044193	-0.27081147	-1.8508446	-2.26231	-1.4230728	-2.5922973	1.4631119
-1.1981102	-1.418259	-0.7304437	-1.1995772	-1.3609506	-1.2126087	-1.4573157	-0.7622326	-1.41769	-1.1049043
-1.27668	-1.5177522	-0.7987218	-1.2812455	-1.6847999	-2.0011575	-2.092108	-1.5363188	-1.6905078	-1.4265567
0.23473412	-0.4814046	0.6947082	0.010768965	-1.873397	0.017080057	-0.9142388	0.68057954	-0.26838028	-1.7895868
1.5554543	1.7298553	1.1349317	1.3610889	1.4149419	4.1501603	3.1365402	4.5475817	3.555645	1.2911574
1.0477601	1.2081476	1.3867973	0.76961195	-0.66485053	0.4942706	0.50627655	1.2217479	0.2493749	-0.68693143
-1.6574584	-1.7949712	-0.9784322	-1.5665512	1.4078593	-2.666517	-2.5679018	-1.6734313	-3.2855248	0.62800926
0.5191275	2.04464	0.7811744	0.28510624	1.5281916	-0.6150776	0.5879414	-0.6763304	-1.2327178	0.34401172
-1.591996	-1.8019788	-0.96069837	-1.4892973	-0.9490081	-1.8243593	-1.5497873	-0.52933437	-2.1579373	-1.3339062
-1.731707	-1.9331489	-1.1355984	-1.6333009	-1.0488244	-1.8087685	-2.0478063	-1.6569003	-2.113195	-1.3742398
-0.37302122	-1.2078582	0.11805564	-0.5434235	-0.06616184	-0.8322756	-1.2940426	-0.70271105	-0.2555375	0.08178021
1.1577901	0.54228795	1.4544522	0.91877127	-1.6281213	3.0512245	2.2212942	3.0235116	2.6942	-1.3823152
-0.9403615	-1.0495133	-0.46791074	-0.83129495	0.4190031	-1.2244654	-1.6235368	-0.7992451	-1.8175384	-0.44847733
-1.1621428	-1.595367	-0.65520334	-1.1592098	-1.4094402	-0.8047277	-1.243155	-0.679977	-0.88495314	-1.7736223
-0.3020706	-0.67253363	-0.032032043	-0.36194092	-1.5925014	0.6113911	-1.5260857	0.6369579	1.4604138	-2.5793903
-2.4091196	-2.3452237	-1.5657756	-2.3005376	-1.4691521	-2.2798078	-2.7544715	-1.4293854	-2.926412	-2.0783458
-1.6513778	-1.6770821	-1.1151742	-1.5874456	-0.49106574	-2.4656956	-2.2523725	-1.1868268	-2.0244412	-1.0990733
-0.58619654	-0.97517836	-0.19691947	-0.6518752	-0.94912124	0.0911757	-0.6211088	0.5507261	-0.16548121	0.020862525
-2.7647324	-2.4843242	-1.7197763	-2.68758	-2.141693	-1.7056036	-1.9591588	-1.7522014	-1.1533111	-1.7130426
2.9203718	2.7454624	2.8781989	2.5338957	0.06363127	1.0708224	1.0069078	1.5054039	0.7819389	-0.50871336
0.8394504	1.2332855	0.37236053	0.7756989	1.3365132	-1.4515573	-0.8963849	-1.352641	-0.80737233	-0.33714545
-1.7111799	-1.6929121	-1.1363193	-1.7072985	-0.13746154	-1.1380875	-1.6220316	-0.5521941	-1.6311712	-0.131506
-0.28360134	-0.8382684	0.15760413	-0.43177593	-1.5529076	0.26252225	-1.0376614	0.22969058	-0.19942614	-1.8709888
-0.9959841	-1.3787509	-0.24667212	-1.1360298	-1.327026	-2.3805952	-2.2543488	-1.2308378	-1.4047081	0.5827542
-1.9454058	-2.2436106	-1.2501794	-1.7337055	-3.1018815	-2.2179189	-2.776453	-1.0970219	-2.2775939	-3.7157342
0.31823185	0.05980122	0.42630732	0.11964773	0.0018050969	2.026936	-0.13806963	1.7005138	1.8076966	-0.9383996
-0.29995957	-0.48036447	-0.11289948	-0.3456565	-1.0722427	-0.882949	-1.3773471	0.04011195	-1.6511296	-3.3227367
2.2772975	1.8278055	2.5501359	2.0504634	-0.36742494	0.86915714	1.2477046	0.6294051	-0.097353235	0.044126127
0.44142863	0.05659777	0.7605461	0.13332953	-1.3462983	1.3472767	-0.6332293	2.1701663	1.6029658	-0.25937074
0.5757506	-0.7375144	0.70237815	0.39280486	-2.0080988	2.8855488	-1.2678509	1.5476048	2.4900591	-1.8268602
-1.2738758	-1.89507	-0.83333015	-1.323551	-1.2834352	-2.5184479	-1.3097082	-0.0107939895	-2.5700982	-1.2345358
-2.6350474	-2.365269	-1.6694207	-2.5697298	-1.1299419	-2.5455277	-2.5735388	-1.430814	-2.4067755	-0.6235628
0.27637658	-0.20898642	0.880021	0.16139065	-1.3562636	1.2715459	0.61114717	2.3829353	1.2815291	-0.65817255
-1.5731028	-1.5378994	-1.2126762	-1.4618359	-0.71174157	-1.3613442	-0.8704127	0.17030664	-2.6568685	-2.4278328
-2.0112364	-2.0540166	-1.3766067	-1.9396803	-0.7298002	-2.0565045	-1.9719777	-1.3530524	-2.0980835	-0.47075027
-2.2743757	-2.3561337	-1.5164796	-2.151029	-0.779742	-1.7978699	-1.0269502	-0.4166592	-2.0656722	-1.3142632
-0.09615337	1.846137	-0.18349352	-0.42830366	-0.13563064	0.29975906	0.13152577	-0.06606011	0.0006254577	0.04832539
-2.2696042	-2.2358406	-1.4318222	-2.1583855	-0.5671342	-1.7251245	-2.3157601	-0.9046523	-2.2743134	-0.669449
-1.3472172	-1.4100851	-0.9294138	-1.326957	-0.26066178	-1.5998304	-1.4262581	-1.222787	-1.1165252	-0.009622213
2.323181	2.2960024	2.2760592	1.9912014	-0.8242148	2.8645916	2.3332045	2.9711628	2.6121235	-0.5180134
-0.72396195	-0.57877994	-0.5721339	-0.7903726	-1.7297674	0.4192338	-0.3747059	0.26282778	0.24149728	-0.9962244
-0.5744034	-0.80442953	-0.1541869	-0.6778352	0.20894346	-0.8202738	-1.4537511	-0.7475093	-0.87619203	-0.6326012
0.37794447	-0.37155086	0.9056808	0.18766467	-0.727898	0.82226163	0.27554312	0.9837867	-0.33138666	-0.7427241
0.113298945	-0.20991334	0.59617853	-0.070721425	-1.3119254	0.927048	-0.12090194	1.127921	0.505446	-1.2330387
-1.7863647	-1.8040942	-1.1129843	-1.674288	-0.6194918	-1.5369989	-1.7154316	-1.4119052	-1.8241276	-1.3479221
-1.365824	-1.5316007	-1.0055544	-1.3122212	-1.1378713	-0.7548135	-0.99038225	-0.8763142	0.0029448655	0.33878985
0.29228944	0.54110277	0.8656732	0.026216552	-1.5703809	0.8258803	1.223902	1.8639625	0.8690515	-1.4411687
-0.862373	-1.6707181	-0.40878662	-0.81228834	-1.3588817	-0.35817522	-0.91065717	0.50032884	0.6328418	0.04345386
0.755882	-0.061837494	1.0615615	0.6300188	-1.3220104	0.26563138	0.121168636	0.79430825	-0.14314617	-0.82877797
0.12095263	-0.5148037	0.55385196	-0.05790797	-1.7505038	0.8860012	0.9945887	1.167573	0.3500332	-1.8515666
-0.71357393	-0.685238	-0.32990423	-0.7134741	-0.82389665	0.0015498104	-0.27000803	0.031493414	-0.10577029	-0.85262895
-1.8921059	-1.9189398	-1.1521734	-1.7618645	-1.1790022	-1.6099186	-1.3060138	-0.57180154	-2.1584651	0.45128083
-0.8684551	-0.07776722	-0.35165706	-0.9286748	1.9085408	1.1846529	1.5346205	0.9614119	1.0275054	2.587287
-1.8713496	-1.6236992	-1.2364097	-1.7867602	1.9236718	-1.8263613	-1.6433444	-1.4583653	-2.0032237	3.1031513
0.93157893	1.9742949	0.66108316	0.7699446	-0.6842725	0.15286332	1.6753737	0.3371154	0.10712215	0.31816617
2.375364	3.28253	2.2801661	1.9039135	0.23781666	0.91352314	3.3862085	0.5395689	0.42621994	-1.3395851
0.23019806	0.36145112	0.30336034	0.0069806874	-0.66623116	1.4042536	0.85992515	1.6097364	1.7951059	-0.6567148
-0.8690818	0.80289555	-0.4665241	-0.9822112	2.2175906	-1.4300781	-1.2256798	-1.717907	-2.378733	1.4185895
0.22706625	-0.31754583	0.6185099	0.057273716	-1.1912135	0.084583305	-0.8002467	-0.17423926	-0.062303565	-1.323695
0.48625514	-0.6641363	0.7978203	0.29950762	-1.4153243	0.042974066	-0.32628042	0.36350563	-0.14699738	-0.81371063
-1.312015	-1.5842587	-0.9778836	-1.2085148	-1.6030897	-1.4034139	-1.9132571	-1.3331804	-1.2310548	-1.2169737
-2.5083394	-2.5914085	-1.5924993	-2.559211	-3.5352037	-1.5103307	-1.8629619	-0.9784675	0.62813115	-0.45582265
-1.8358682	-1.9466058	-1.1931009	-1.762903	-0.9112978	-2.0238452	-1.4802487	-1.2235912	-1.8285078	-0.8159178
-2.2488308	-2.0353756	-1.4734098	-2.1858299	-1.282701	-2.6670086	-2.4118688	-1.1117532	-2.5842195	-1.4695808
-1.3466734	-1.5712004	-0.8446963	-1.235224	0.56483555	-1.9469724	-1.9424857	-0.6070736	-1.79231	0.6459059
-2.636543	-2.4493854	-1.6723031	-2.540132	-0.49965262	-2.8299637	-3.108592	-1.8559681	-3.1603386	-1.1436856
-2.0486712	-2.1839132	-1.3939874	-1.9537983	-2.0818307	-3.0448108	-3.140811	-1.7945334	-2.8695164	-2.3913493
-0.7034333	-0.18520251	-0.24295568	-0.7914139	-1.3930919	-0.96140444	-1.1356548	-0.15169388	-0.69379693	-0.552139
-0.03506387	0.17598	0.015645713	-0.15620552	-0.0628449	-0.7494178	-0.3485018	-0.7706808	-1.0090498	0.38214672
-0.9827917	-1.5918999	-0.62898064	-0.94472927	-0.74852705	-1.1316097	-1.8702592	-0.7974671	-0.8434303	-1.1355171
-1.623256	-1.7303737	-1.0173545	-1.4895356	-1.2585725	-2.3698866	-1.9770342	-2.1320403	-2.478774	-1.2420343
-0.81488377	-2.05764	-0.4548199	-0.83974564	-2.3003101	-0.7552525	-1.3256087	-0.3010142	-0.40176365	-1.8052933
1.0519313	-0.534202	1.6679485	0.78425795	-1.2941966	2.95232	-0.76735437	3.251921	3.2638535	-1.5089062
0.15794781	0.4874874	0.56797004	-0.016486779	-0.40813887	-0.5850397	-0.4058277	0.45095888	-0.29973987	-0.94743353
0.9474847	1.9839106	1.4573128	0.69782007	0.12828386	0.0937475	1.9096088	0.39152744	-0.0062063634	0.3054554
-1.8603922	-1.9195697	-1.116709	-1.8308576	-0.9536103	-0.8761066	-1.5364561	-0.5521325	-0.84281445	-1.7156616
-2.476065	-2.3265162	-1.6792704	-2.4387612	-1.099793	-2.7926712	-2.6830869	-1.696706	-2.464992	-1.3028738
-0.5730374	-0.6130679	-0.24483892	-0.6486234	-1.4208884	-1.0443516	-1.8215518	-1.0017749	-1.3597479	-2.3537996
-0.16934702	-0.3584342	0.13366364	-0.3318093	-0.7591319	-0.19814593	0.4775332	-0.33226198	0.1979513	-0.23669642
0.08372297	1.1080133	0.58883	-0.056823537	-0.15614559	1.1663964	2.1933913	1.3543522	1.2167401	-0.33469185
0.27989483	0.78373957	0.5591421	0.19736783	1.4003407	0.26618174	3.5264308	0.37680197	-0.5529402	2.1395707
-0.88252336	-1.4882898	-0.50292563	-0.76534814	-1.0077205	-0.5547515	-0.9631009	-0.5698167	-0.58253765	-0.08785311
1.073281	1.3395288	1.1900433	0.8154681	0.13141173	-1.5400678	-1.0255569	-0.5722705	-1.3366095	-1.4351676
-0.4208489	-0.90814996	0.02271691	-0.44388002	-1.4074415	-1.3472013	-2.0969155	-1.0462048	-1.1842501	-1.050874
0.15500933	-0.55891657	0.59739643	0.012154266	-1.4605815	-0.2989284	-0.43581694	0.13212763	-0.4332033	-0.7809968
-0.4585878	-0.17070088	-0.074661046	-0.6288753	-1.0372586	-0.4900428	-0.1403014	-0.56249994	-0.9484396	-0.5360501
-1.8057373	-2.0090485	-1.1930581	-1.7560679	-1.4600686	-2.2522511	-2.622542	-1.6898799	-2.284551	-1.6716721
-1.8916873	-2.0209298	-1.2441479	-1.8491337	-1.0517515	-1.5651321	-2.3114176	-1.3819586	-2.2404966	-1.0959996
1.4490488	1.0120902	1.8519536	1.188168	0.5021925	2.294827	1.9496045	2.5863974	1.9915876	0.35851043
-0.0053467676	-0.76970816	0.06405279	-0.05954577	0.68135536	2.4831076	2.2772458	1.3136338	2.1258304	1.248726
-0.6017453	-1.1773882	-0.28720614	-0.6651005	-0.85120785	-0.8236131	-0.8852092	-1.1309923	-0.5804544	-0.9774012
-1.8864231	-2.1534684	-1.2075101	-1.8218817	-0.57635725	-1.8868178	-2.527639	-1.8426841	-1.1627958	-0.30801368
-1.632741	-1.4517993	-0.9997053	-1.5629135	0.6451374	-2.1900938	-0.23536722	-2.0793085	-2.9169643	1.7295785
-1.771467	-1.9156926	-1.134965	-1.7730069	-1.02727	-1.2207564	-1.9090402	-0.7625987	-1.5910314	-0.62391925
-0.51016206	-0.8268771	-0.079769075	-0.5835618	-0.8725029	-0.474155	-1.2080387	-0.26147494	-0.7305707	-0.6771801
-0.22868153	-0.53781146	0.1482735	-0.24619691	-0.6802386	-0.8132147	-0.09539285	-0.055183433	-1.2874756	-0.798265
-1.838982	-2.0811174	-1.2877105	-1.7517517	-1.7445732	-2.2002492	-2.0968008	-1.3047482	-2.026158	-1.2245861
-1.9383162	-1.5264732	-1.1025687	-1.983583	-0.3370074	-2.218839	-0.8238797	-0.7873769	-2.3441463	-1.1158106
0.15744603	0.5216495	0.6060323	0.00092859566	-0.92782617	2.0683455	2.9079063	2.0299807	2.118827	0.7348904
-0.03223423	-0.76833296	0.5645952	-0.16748498	-1.4658706	-1.0434768	-1.6592956	0.10543314	-1.4120747	-1.6082103
-0.94921	-0.4739946	-0.52354	-1.0230861	-0.034243196	-0.6699748	1.5233145	-1.198984	-1.1902603	0.22542804
-1.1304121	-1.4975784	-0.76012194	-1.031447	-1.0725571	-1.6981307	-0.9612277	-0.9337435	-0.7052926	-1.3074307
0.67767125	0.32376924	1.1688377	0.46540642	-1.7491627	0.061489448	-0.28972304	0.9537995	-0.12707746	-0.93139637
-0.5752028	-0.15003733	-0.07900521	-0.75071263	-2.1195576	-0.68581116	0.047800396	-0.43206975	-1.6039828	-2.7368677
-1.5217892	-1.6106806	-0.82766294	-1.5410937	-0.5212656	-1.9193813	-2.1714134	-1.3866495	-1.4965614	-0.8282541
-0.128649	-0.8914579	0.1165117	-0.28398347	0.5974264	-1.9545925	-2.1782107	-2.0314348	-1.9367727	0.81280166
-2.0879347	-1.9325936	-1.3313134	-2.0699005	-1.5132163	2.0887873	-1.143294	2.8291905	3.3114204	-2.0384226
-2.1677856	-2.1640623	-1.391175	-2.0286784	-1.3772417	-2.4386163	-2.6661615	-1.2847196	-2.316526	-0.73975176
1.3060637	1.8390205	1.8173487	1.097173	1.0079254	2.5069396	3.330805	2.403098	2.2832217	0.22829856
-1.4489478	-1.722396	-0.93637514	-1.335165	-1.2443261	-1.4605207	-1.6546084	-0.8674516	-1.338483	-0.8924658
-0.53999066	-1.0081346	-0.093312174	-0.58550197	-1.1831831	-0.30436698	-0.9872861	0.7687922	-0.60030997	-1.9970151
0.47045466	0.7203903	0.8777405	0.21780436	-1.4532765	0.9577695	1.4457523	1.0696934	0.78355	-1.9483447
-3.3315513	-2.6400378	-2.3098345	-3.2432158	-1.2760553	-3.376771	-2.7134087	-1.9611357	-3.8228884	0.968069
0.21687523	-0.3611332	0.60715365	0.006492749	-1.0718213	-0.0033395959	-0.54370844	1.3692805	0.29470742	-1.4835151
1.2360404	0.85739267	1.6589153	1.0322334	-1.6041223	0.6956595	0.6552285	0.8459574	-0.34578013	-1.4623889
-2.0957384	-2.0863004	-1.3609889	-2.0274084	-1.8493154	-1.7546111	-2.2551572	-1.3735241	-2.1247091	-1.9781133
-0.48709953	-1.0265647	-0.03481239	-0.63206184	-0.38662854	2.289563	-0.46732602	2.0198944	2.4672267	0.2370805
-0.87548107	-0.906301	-0.48599717	-1.003816	-1.6597706	-1.3230406	-1.2143801	-0.79696095	-1.3589872	-0.6377715
0.2649831	0.3181974	0.2917115	0.17091458	0.11712018	-0.4493639	-0.24646072	-0.6196974	-0.7226979	-0.15378967
-0.6631991	-0.53401226	-0.24022537	-0.680676	1.4797499	-1.1987172	-1.0187905	-0.5552792	-1.2251049	2.484926
-0.9563613	-1.2055068	-0.4255378	-0.9006169	-0.5679238	-1.2902207	-0.96354854	-0.7331036	-0.08730809	-0.87429607
0.22773272	-0.014982894	0.16346204	0.026000395	-1.0079433	-1.1224518	-0.48191258	0.5180326	-0.6705315	-1.4601549
-1.2478392	-1.3072474	-0.7922491	-1.0533688	0.3111528	-0.90200853	-1.2666957	-0.7218857	-0.85787416	-0.1828206
0.16172332	2.4152713	0.3868776	-0.2687682	0.5322156	1.4533907	2.059878	1.124074	0.46353614	0.7395676
-0.4730259	-0.7915257	-0.2511872	-0.5865415	-1.3828865	-0.27379298	-0.34964296	0.37974533	-0.1611792	-1.3960761
-2.3776143	-2.2067904	-1.554482	-2.250239	-0.527982	-2.0547705	-1.5455688	-1.5085517	-2.07608	-0.83480185
-2.904149	-2.3124049	-1.9459858	-2.762375	-0.7854905	-3.5843582	-2.5598333	-1.7732567	-4.534419	-1.5771248
-1.8628011	-2.075968	-1.1579293	-1.9482616	-2.4473815	-2.8185103	-2.7653744	-0.8766161	-2.3302898	-2.3578506
-1.8162577	-1.9068954	-1.2471853	-1.7454038	-1.2213066	-1.7342293	-1.6908667	-0.78663325	-0.9484396	-1.505796
-0.9704876	-1.3534613	-0.4436333	-1.0341859	-1.2959056	-0.91757447	-3.4585717	-0.22385676	-0.6385756	-1.0184927
-2.1096418	-2.2228446	-1.4769738	-2.0268056	-2.0309377	-2.273581	-2.651678	-1.6716931	-2.2406607	-2.249319
-2.4321814	-2.2585802	-1.5256658	-2.2923846	-0.61337817	-2.4229593	-1.573968	-1.5530324	-1.4522462	-0.91431725
-0.518732	-0.8192717	0.002414465	-0.5837188	-1.1044004	0.05327458	-0.07688498	0.3772468	-0.0034157215	-0.87576246
-0.17903703	0.7653755	0.17486793	-0.3878852	-1.0480505	-0.105866805	-0.22889686	0.6144628	-0.42768377	-0.8377746
2.8385324	0.76560163	2.2344766	2.4620278	-0.57368904	1.3073702	-0.14502305	1.2348543	1.0011991	-0.8303276
-2.2978938	-2.1915576	-1.4547684	-2.2753007	-1.5101885	-2.1921551	-2.3918986	-1.7020732	-2.2233877	-1.4583784
-2.0317953	-1.4466861	-1.523986	-1.8979688	-0.007671207	-2.345857	-2.2093346	-1.7567397	-2.1134458	-0.93066245
-0.99383813	-0.58741784	-0.7797977	-1.0228533	-0.27054498	-1.3232795	-1.8596342	-1.0966756	-1.5764748	-0.20064904
0.22053549	-0.22399324	0.8326448	0.068500385	1.2332925	0.25869694	-0.64109284	0.3339298	0.58514315	1.1619468
-2.433868	-2.102942	-1.827482	-2.345773	-1.7912561	-2.770622	0.3543438	-2.577016	-1.8634771	-1.845258
-1.8431535	-1.8515526	-1.2673782	-1.7489187	-0.50189537	-1.7220384	-1.9449338	-1.6050677	-1.4090064	-0.95138407
0.19195095	-0.4083103	0.40369454	0.061756417	-1.2650676	-0.18516473	-1.3512838	0.45333356	-0.27503818	-2.5370188
-2.0324934	-2.23675	-1.4108356	-1.92583	-2.4287982	-1.9969528	-2.8186953	-1.501774	-2.0513663	-1.8558829
-0.94021255	-1.2133176	-0.4693034	-0.9731157	-1.3323954	-0.24431373	-0.95422006	-0.3019634	-0.22198392	-0.94357
-0.27778462	-0.5469278	0.28770563	-0.2690962	-0.7677879	0.09064706	0.0474357	1.1863698	0.02625762	-0.23141688
-0.5993968	0.39834848	-0.48978433	-0.66210794	1.3387525	-1.4006636	-1.2416719	-1.1658347	-1.7991062	2.0128832
-2.186917	-2.1381423	-1.5266986	-2.0822473	-1.5420759	-1.1797359	-0.5940492	-1.1801399	-1.6936492	-0.95009404
-0.596034	-0.7813524	-0.13698646	-0.673322	-1.1904728	-0.3566718	-1.1349229	-0.33475003	-1.0603405	-1.3593134
0.044718914	0.24262378	0.648201	-0.04240407	0.17175111	3.6110603e-05	-0.58015835	0.7964566	-0.34135363	0.9631221
-0.090774454	-0.80923045	0.51749396	-0.0966685	-1.6131073	-0.48308152	-1.4695648	-0.12101747	-0.80306023	0.2246933
-0.85353315	-1.242019	-0.48365816	-0.77758324	-0.17245337	-0.7301689	-1.2523761	-0.93675035	-0.46609962	0.24911927
-1.4851428	-1.4301571	-1.0192344	-1.4259776	-0.86457384	-0.67265373	0.5540241	-0.33672285	-1.2776663	-0.10907616
0.577306	0.061431944	0.58342046	0.52934295	0.98325634	0.19028495	-0.64201176	0.31406316	0.26418248	0.91898924
-1.9575493	-1.8902588	-1.3283437	-1.8921379	-1.4829425	-1.9067426	-2.1955373	-1.4603131	-2.458301	-0.97747904
-0.91509223	-0.84428596	-0.28617635	-0.95133185	-1.1847951	-0.6475311	-1.1391822	-0.12989007	0.21416204	-1.9798254
-2.7902067	-2.3348477	-1.6869421	-2.6477547	0.7096261	-2.8269246	-2.9416475	-1.0895172	-3.20484	-0.18815772
-0.9840958	-1.3859065	-0.38540474	-1.0762471	-0.17278636	-0.8937271	-1.6800703	-0.8541373	-1.0320787	0.56922245
-2.223361	-2.2276938	-1.429545	-2.1880372	-1.4120727	-2.7262743	-2.3427014	-1.6133758	-2.3452141	-1.3269866
3.655502	3.2679405	3.3527107	3.152828	0.81768334	2.006516	2.558694	1.6022769	1.6268753	1.1005634
0.95314616	0.93146086	1.2937376	0.6822239	-1.8656132	0.44756946	-0.18149409	0.66973084	0.51203394	-2.1841166
0.9253083	1.1154337	1.0659052	0.5761609	-0.6457716	0.17332377	-1.2528874	0.47211534	0.48593816	-0.93123424
-1.4615895	-1.4740634	-0.94795203	-1.4152982	-0.6444366	-1.296325	-1.1267601	-0.5416182	-1.2573404	-0.7467785
-1.6306292	-1.9484549	-1.1280843	-1.5723993	-1.0553336	-1.7834361	-2.2689474	-1.840058	-1.9991436	-1.4847748
0.74153465	1.80125	0.9418745	0.52480865	-0.5129874	1.189423	2.743165	1.397194	0.97743493	0.25185502
-0.5751956	-1.1665442	-0.35570034	-0.70514935	-1.0714153	-0.6701061	-0.9233248	-0.5781278	-0.62585735	-0.85047644
-1.859722	-2.2340467	-1.068568	-1.8452039	-3.0392842	-2.2041767	-1.8077829	-1.1568391	-1.8070931	-2.4652321
-0.0133572	-0.1190137	0.5002215	-0.113058165	0.059669524	0.09925213	0.08103471	0.45959067	0.017457528	0.94348663
-0.3022159	0.034320533	0.08531888	-0.40041965	-0.33539468	0.56127375	0.77060044	0.093109936	-0.40435755	0.04561723
-1.2159113	-1.3051507	-0.7535485	-1.1437778	-1.310797	-1.7304236	-1.4912277	-1.2696398	-2.292366	-0.5459018
-0.63492733	-1.1842189	-0.44282088	-0.7066951	-2.0827284	-0.7043612	-0.6212391	-0.46709934	-1.1817104	-1.7528737
-1.967647	-1.9637548	-1.277546	-1.8048368	-0.18281445	-2.675839	-2.2525406	-1.6523374	-2.2003276	-0.5842102
-2.1115894	-1.9786971	-1.3655802	-2.0065873	0.07103768	-3.0225286	-1.9351736	-2.2594922	-3.3002431	-0.07697731
-2.31901	-2.3918953	-1.5864028	-2.223892	-1.2053733	-2.3344815	-2.5286455	-0.9675922	-2.1632822	-1.0779951
2.7735932	2.7400908	2.2368984	2.2589502	-0.53231794	2.9099536	3.5890589	2.7756436	2.245144	1.029778
-0.32935533	-0.48890314	0.034957528	-0.45318687	0.82649016	-0.58632827	-0.77570873	-0.31869704	-0.68433917	1.2584838
-1.9488151	-2.1305025	-1.2861717	-1.84446	-1.1302288	-2.0137076	-0.85330755	-0.96802056	-2.015046	-0.5751028
-0.62452954	-1.3887914	-0.21955079	-0.64398366	-0.73700535	-0.78555477	-1.4172566	-0.5387269	-0.18462491	-0.77278095
-0.5390098	-0.95874465	-0.06421614	-0.57736063	-1.6637417	-0.090727314	-0.9094166	0.34164625	-0.41391203	-1.5566096
-2.097115	-2.025614	-1.5209585	-1.9535033	-0.15709254	-2.5764842	-1.5169992	-0.7210697	-2.1587012	-0.053835977
-1.8115585	-1.6944063	-1.1909673	-1.8794249	-1.0333765	-2.3071516	-1.6186112	-0.05552757	-1.6756111	1.7784741
-1.7414421	-1.7999905	-1.1247412	-1.7113869	-1.1283995	-2.1597018	-2.8919263	-2.4885895	-3.3579817	-0.627934
0.013699524	0.16602722	0.29799446	-0.095085934	-0.8325398	0.08802682	-0.32895726	-0.19865713	-0.26087725	-1.7072473
-1.3962485	-1.4224478	-0.9090965	-1.307035	-0.42457885	-1.9039607	-1.3616643	-0.7150176	-1.9668497	-0.6486807
0.39867166	1.0875742	0.82090783	0.18365432	-0.71889937	-0.1440595	1.1578997	0.7067465	-0.3145094	-1.3904014
-1.7243725	-1.6658791	-1.172245	-1.686172	-1.0569276	-2.187829	-2.6271603	-1.0757202	-2.0326383	-0.86722875
0.27542117	-0.109960094	0.6722727	0.06439991	-1.7080585	0.47226217	0.7560364	1.0959468	0.104599684	-1.4662313
-1.79215	-1.6336522	-1.0496737	-1.6585586	1.2443359	-1.3618337	0.17129226	-1.3320814	-1.6586651	0.43539873
0.72232264	-0.3044842	1.2091156	0.5353137	-1.7713312	0.75994235	-0.31317312	1.4901527	1.1298544	-2.0216763
-2.2887113	-2.2288098	-1.5047674	-2.1535375	-1.2738723	-2.2293909	-2.0838268	-2.1466537	-1.9982074	-0.8303119
-0.812789	-1.3546172	-0.24446645	-0.7776301	-1.3081408	-0.63333607	-1.3399713	-0.25904953	-0.7913422	-1.2202125
0.8217915	0.6901932	1.0984561	0.7332062	-0.09636304	0.83442175	0.4500147	1.0987716	1.5824703	-0.57227093
-0.7053179	-1.0567877	-0.29025176	-0.8853685	-2.0805953	-1.7247964	-1.4501357	-0.95063555	-1.9924595	-2.2064347
0.48133746	-0.17407052	0.9574318	0.39161915	-1.5618294	0.89392644	1.0964475	1.546474	0.84332097	-1.4580517
-2.0605423	-1.9479418	-1.2712437	-1.9492295	-0.28282523	-2.448628	-2.7558486	-2.0759823	-3.6074162	-0.5427134
1.1802499	1.3152581	1.553949	0.9510406	0.27672622	-0.04583212	-0.24847093	0.23878229	-0.23808922	-0.30960637
0.055007935	-0.6304712	0.5109296	-0.05828017	-1.769486	0.17227548	-0.47699684	0.37594435	-0.2975636	-1.8350698
-0.70305353	-1.3148746	-0.22679716	-0.7639982	-1.896737	-0.5458001	-0.8879515	-0.45488265	-0.5119348	-2.1045554
-2.0492456	-2.0646422	-1.3500485	-1.9489117	0.6651895	-2.5041695	-1.97159	-1.3694129	-2.7303421	-0.036900822
-2.314875	-2.2033257	-1.4362096	-2.2062738	-0.85890245	-2.760826	-1.8172393	-1.9217496	-3.2198658	-0.16953246
-2.0052643	-1.8883355	-1.2099597	-2.0031197	-0.32838073	-2.2340164	-1.8756889	-1.0712758	-2.2539399	-0.9960798
0.059104733	0.34262678	0.3626622	-0.00083982944	1.6345385	-0.23694119	-1.0218409	0.2021394	-0.52044666	-0.14362484
-1.8970371	-2.0440633	-1.2387674	-1.8755519	-1.9522276	-1.3066263	-1.3008496	0.064149566	-0.87080044	-1.5226899
-1.7285907	-1.8719645	-1.0999727	-1.5953705	-1.0640696	-1.6430904	-1.4639138	-1.3101518	-2.0208993	-1.8900735
-1.1102653	-1.280484	-0.46632168	-1.160694	-0.50551414	-1.8619164	-1.1045697	-1.0756248	-0.86729056	0.73970944
-1.4647226	-1.7623668	-0.97953796	-1.316185	-1.2037497	-1.02516	-1.2865908	-0.70110255	-0.73969156	-1.4383928
-2.6413877	-2.4412565	-1.7303526	-2.496379	-1.5753586	-2.7632349	-2.2297432	-1.0027186	-2.4239848	-1.5381203
-1.9604279	-1.9186431	-1.25961	-1.8615601	-0.9537008	-2.5769246	-2.0427504	-1.350969	-2.6349032	-0.97136325
-0.5377909	-0.88848567	-0.0778074	-0.49857926	0.3481442	-1.0013489	-1.2691567	0.08105701	-0.7523154	-0.36804682
-1.5580161	-1.9726379	-0.8781706	-1.6087556	-2.01366	-1.9911418	-2.0029383	-0.861566	-1.3603902	-2.309021
-0.46849573	-0.7762103	-0.16976571	-0.56172144	-0.28190622	0.39957562	-0.14656422	0.44203743	-0.6107448	-1.3739327
-0.62577844	-0.6541889	-0.4232888	-0.7179574	-1.6645191	-1.4270151	-0.93306065	-1.2621837	-1.184884	-0.52937657
-1.6911665	-1.807739	-1.0825256	-1.6372681	-0.52444184	-2.3475323	-1.6042869	-1.5185606	-2.928539	-0.7428329
-1.5656778	-1.6541183	-1.0375915	-1.5244235	-1.2428521	-1.1777053	-1.7420353	-0.68618774	-1.2443972	-1.1661067
-1.6949062	-1.7376733	-1.0356984	-1.5827496	-0.20922062	-1.7578945	-1.5693201	-1.0545187	-2.0492013	-0.12497248
-2.7356813	-2.4206054	-1.775909	-2.6383908	-1.951662	-2.902031	-3.128994	-2.0528932	-2.0395834	-1.6262901
-1.0796285	-0.9754157	-0.770043	-1.016919	0.47015277	-1.6902131	-1.6974666	-1.2102814	-2.1396518	-1.5476762
-0.82649225	-1.2004961	-0.4412417	-0.9517555	-0.7100585	-0.9960678	-2.0073507	-1.5236027	-2.2057261	-2.4029796
-2.305794	-2.26663	-1.6560926	-2.1672153	-1.7018358	-2.5393412	-2.035805	-1.964657	-2.4643095	-2.332326
-0.34536448	-0.3981214	-0.003923446	-0.54412526	-1.5893523	0.3436824	0.38349557	0.6040832	-0.22355941	-1.7112055
-2.143173	-2.146101	-1.414398	-2.0770617	-1.5529219	-2.0183423	-1.9927688	-1.2201245	-1.9490465	-0.8758422
-3.0344558	-2.6380482	-1.9920309	-2.8608446	-2.0209239	-3.1276114	-1.5614468	-1.6147004	-3.1417887	-1.8124402
-2.1909623	-2.1194344	-1.3543487	-2.0090995	-1.3494262	-1.7127374	-1.9842602	-1.1142405	-1.8017956	-1.8852658
-0.5064239	-0.13314566	-0.057872802	-0.5604254	-1.3863369	0.1672387	-0.0540373	0.92406917	0.6847366	-0.97062093
1.1433228	0.21823177	1.4496747	1.0468827	-1.0238603	2.490802	0.48774055	2.305347	2.1423936	-0.11386361
-1.5052975	-1.7310176	-1.0121295	-1.4111683	-0.5804795	-1.7840445	-2.4066975	-0.6163204	-1.3395406	-0.29779208
-1.5862103	-1.7183144	-1.0902721	-1.5153404	-0.64005876	-1.9845458	-1.9617622	-1.259457	-1.5239905	-0.688475
0.4718077	0.6329309	0.5620025	0.21027298	-1.3644952	0.91265357	0.21860513	0.4796538	0.60035944	-1.2485106
-2.549644	-2.1636305	-1.6410449	-2.5185041	-0.6068033	-3.8354483	-3.4134219	-2.3939073	-3.174262	0.4282425
0.4997956	-0.41980278	0.9082904	0.23292951	-2.2379375	0.049372107	-0.37672886	0.30610764	0.32731843	-1.4261991
-1.0615884	-1.4177237	-0.68044543	-1.0294006	-0.36496988	-1.1047889	-1.7194073	-1.1514769	-1.4801207	-0.6342213
-0.12398225	-1.2276158	0.28585613	-0.31232178	-3.4486966	0.6670009	-0.0046260976	0.28816268	0.35562655	-2.659837
-1.2581971	-0.26162	-1.1690221	-1.3373744	0.14615425	-2.1901336	-0.36922696	-2.2818077	-2.4409585	1.6162115
-1.7312813	-1.8245822	-1.1106424	-1.6246145	-1.0416735	-1.9405848	-2.39525	-1.5863183	-1.5985701	-0.9461633
-2.1071281	-2.2115881	-1.4162557	-2.0687509	-1.9783058	-1.5847619	-1.3849146	-0.6200939	-1.4829001	-1.8871127
-1.1238335	-0.80211043	-0.5696776	-1.2153157	-0.74735934	-1.6411796	-1.7135104	-1.2892654	-2.2669244	-0.5084618
-1.5780085	-1.7187674	-1.0917718	-1.4884616	-0.9292772	-1.9687176	-1.7721082	-0.8613783	-1.2223182	-2.0131862
-0.75580513	-1.6045679	-0.3718352	-0.76795274	-1.2095507	-2.1719782	-2.0214689	-1.6962954	-2.2486537	-1.5534627
-1.4191897	-1.7494833	-0.82144237	-1.4516016	-1.8950769	-1.4865121	-2.0788195	-1.1490387	-1.1554667	-1.7759408
-0.7676972	-1.1079435	-0.3516344	-0.9079455	-1.8646319	-0.46626827	-1.2096939	-0.4081459	-1.0825377	-1.9180945
-0.65776795	-1.0938299	-0.15044728	-0.8000829	-2.096432	-0.501031	-1.4594842	-0.13332678	-0.21408486	-2.4699347
-1.7974117	-2.10201	-1.0873344	-1.7682656	-1.1064646	-2.0572536	-1.8065388	-0.8935184	-1.4821397	-0.81614125
0.17336452	0.7557775	0.071561486	-0.00518322	-0.15820296	1.1414993	0.66153675	-0.10298999	0.3674499	-0.033085454
-2.292516	-2.2481258	-1.4126539	-2.1615925	-1.4178919	-2.6847763	-2.270068	-0.9036158	-1.8896372	-0.613817
-1.3518865	-1.6479981	-0.8550105	-1.3751321	-1.2581005	-1.3994178	-1.8405313	-1.2759622	-1.6306875	-0.89586765
-1.108442	-1.3662417	-0.6567577	-1.0895278	-1.4710675	-1.0553379	-1.3460349	-0.3102021	-0.82544994	-2.0338235
-0.57935977	-0.6986301	-0.027168334	-0.61130524	-1.270712	-0.7023794	-1.0993946	0.07440281	-0.9059184	-1.4327927
-1.7893859	-1.8739469	-1.1492622	-1.7504774	-1.2353532	-2.2724552	-2.5064244	-1.5851526	-2.7645795	-1.288713
-0.91494936	-0.1357173	-0.16109452	-1.0010825	0.3216574	-0.9778037	-1.1300209	-0.9873811	-1.1361146	-0.36804283
-0.43603167	-0.9306153	0.00011712313	-0.6467266	-1.6924672	-0.61646765	-0.82428145	0.5541047	-0.39837125	-0.9363575
-1.6339508	-1.8197396	-1.0288051	-1.6418763	-0.94293714	-1.7069615	-2.4088967	-0.96238893	-2.060209	-2.2303057
-1.7923464	-1.8832256	-1.155813	-1.7057464	-0.76073015	-1.6695374	-1.7565246	-1.0865806	-1.2000165	-0.30483827
-2.154216	-2.2136455	-1.3774357	-2.1015484	-1.3225147	-2.1040893	-2.6143196	-1.2962348	-1.8182595	-0.15222625
-1.6631241	-2.108011	-1.0604371	-1.6539267	-0.346211	-1.8662015	-1.86022	-0.4804221	-1.7353072	-0.5660052
-0.43269202	-1.2099729	-0.20760885	-0.5193296	-1.2407447	-0.8872741	-1.4090079	-0.47047684	-1.0032445	-1.607254
0.40759936	-0.2017078	0.8041389	0.20926015	-1.7097679	-0.07266785	-0.6557377	0.7044018	0.049141146	-2.18278
0.015834264	1.1694365	0.5107815	-0.28108215	-1.4113096	-1.1373614	0.35949135	-0.120466456	-2.7701228	-1.2077438
-0.067918964	-0.32781917	0.42474195	-0.25662833	-1.6662396	0.27079934	0.80987805	0.55317	0.7824182	-1.7345866
-1.6974462	-1.5770555	-1.2531037	-1.613755	-0.12333572	-1.9376161	-1.9219961	-1.1850737	-2.1988232	0.28962255
-0.6497737	-0.39966407	-0.43642458	-0.69414127	-0.7809398	-1.110966	-1.5490584	-1.2081922	-1.0258706	-1.0906577
-0.7931348	-1.5951316	-0.40546587	-0.82560873	-0.34887823	-1.3513622	-2.253223	-0.856713	-1.4529111	-1.2558838
0.9203349	0.46037093	1.2763283	0.6912478	0.426537	0.16520263	1.2689183	0.6914091	0.04913632	-0.09874149
-1.6413552	-1.6346965	-1.1015396	-1.4787307	-0.2608327	-0.6492247	-0.63413775	1.4540771	-0.37582728	-0.42322388
-1.0072596	-1.5082178	-0.66906524	-0.9832334	-0.4486737	-1.1638299	-1.453191	-0.7432678	-0.81370926	-1.5841949
-1.191682	-1.5373183	-0.86884177	-1.1596386	-0.6576644	-1.6560209	-1.8020881	-0.91839814	-1.4982074	-0.34909427
-0.89701396	-1.168188	-0.41478708	-0.8606181	-1.1733367	-1.0145059	-1.244253	-0.72040474	-1.0898911	-1.0064105
-0.35413852	-0.90110075	0.0008209646	-0.47257215	-0.9414815	-1.5044094	-2.148418	-0.77124333	-1.5930899	-0.94972956
-1.6783534	-1.8719072	-1.1169208	-1.6004566	-1.9284867	-0.9764513	-1.7419771	-0.12239094	-1.7490666	-2.1795704
-1.9740831	-1.7361532	-1.4450597	-1.8274487	-0.22232941	-1.5873988	-1.6261269	-1.1154025	-1.4563993	-0.9109522
-0.68013746	-1.27339	-0.27363893	-0.71513623	-1.5744302	0.25298226	-0.84786665	0.22408432	-0.5110232	-2.1054795
1.0272453	0.53183997	1.5925882	0.78045166	0.24154863	1.0855696	0.7773988	1.5998046	0.9375223	0.39668587
0.37935483	-0.17529826	0.8843515	0.19002585	-1.9034914	0.12690736	-0.20694621	0.878825	0.023715915	-2.327581
-2.2316136	-2.1919227	-1.4056664	-2.2009315	-1.3764642	-2.1820478	-2.5826192	-1.2446675	-2.349525	-1.475895
-0.13762459	-0.51887345	0.3020731	-0.13830991	-0.7668277	-1.1084456	-1.3189663	-0.044550307	-1.5213389	-1.4630708
-2.1720073	-2.4780982	-1.3785075	-2.1435895	-3.2462773	-2.4473577	-2.2600775	-1.2161006	-3.0359952	-3.6612384
-0.84436363	-1.4820795	-0.59298694	-0.88379866	-0.8697922	0.16339552	-1.1369109	0.19839877	-0.088179156	-1.1548823
0.89977163	1.8267839	0.83198106	0.57128525	0.00941813	0.5968362	1.9586141	0.8202805	0.05546282	0.58552843
-0.33121973	-0.18608594	0.07528141	-0.46466535	-1.1781044	-1.5685091	-1.3592274	-0.5986973	-1.68778	-1.4684819
-0.6075515	-0.33790407	-0.25617018	-0.7610692	-0.71663606	-1.051214	-0.64333826	0.021513423	-0.5931264	-1.6333386
-0.55877817	-0.6386455	-0.4331145	-0.5727953	-0.50494456	-1.2633059	-1.2279533	-0.9449361	-1.0372503	-0.7336404
0.5058679	-0.2474294	0.720664	0.37029785	-1.2798493	-0.5780603	0.33954254	0.21474619	-0.46610525	-2.9322588
-1.8924062	-2.0621421	-1.1552129	-1.9336894	-1.7748213	-2.095394	-2.4119446	-1.2320888	-2.715886	-2.6194742
-1.3095931	-1.5210154	-0.9802364	-1.2294023	-1.815246	-1.0881357	-1.5878676	-0.83826417	-0.9290141	-0.3766421
0.4778963	0.4110023	0.9650667	0.26151568	-1.2075098	-0.9625944	-1.7726516	-0.58375853	-1.6397476	-3.182766
-0.0018254593	2.115755	0.45725524	-0.30551714	-0.22595209	1.5929625	3.2351465	0.8157929	1.1947812	0.80691844
-1.4146935	-1.5201175	-0.8807305	-1.3402091	-1.4534606	-2.2998505	-1.501323	-1.8509471	-2.154457	-1.8636353
-1.379449	-1.8225279	-0.94293654	-1.4382449	-0.6907627	-1.3526129	-1.6583221	-0.85365695	-1.1992996	-1.2872093
-1.3474482	-1.2233983	-0.87647176	-1.3734152	-1.4733526	-2.3996527	-1.7299856	-1.0863801	-1.8240073	-1.0644389
-1.5024152	-1.4619017	-0.94630885	-1.4423825	-0.6170908	-0.817736	-1.73608	-0.3420624	-1.1632863	-1.6279049
-0.37539554	-1.222828	0.033486262	-0.54066783	-2.4663656	0.5264436	-0.77707624	0.49716264	0.21061656	-2.2757869
0.8859137	0.6981853	1.2073286	0.71703476	-0.86106205	1.3754283	1.1142126	1.4368213	1.6487721	-0.8078057
1.7921966	1.0997161	1.5946329	1.6243775	0.01564905	-0.24185108	-1.7618483	-0.52947444	-0.8762446	-1.1535338
2.1006734	1.3124406	2.164316	1.8785248	-1.3319788	0.8016776	-0.496348	1.6975175	0.53235984	-1.9492005
-1.2355491	-1.5371501	-0.760959	-1.1562212	-0.3044677	-0.11244006	-0.5908184	0.3916533	0.2829138	-0.24669184
0.012631707	-0.13496348	0.4949279	-0.17064627	-1.6820189	-0.041195087	0.0877039	0.37086618	0.3552256	-0.58969456
-2.5028622	-2.332768	-1.5808113	-2.3683648	-1.4347807	-2.6453614	-2.5014937	-1.7649276	-3.3337562	-1.063155
0.814288	-0.44878098	0.87615407	0.664113	-0.92815113	0.7677532	-1.5422837	0.6090333	0.8543519	-0.492529
0.50506794	0.5415827	0.82618356	0.42037612	0.15037957	0.8844256	0.7859893	1.1542505	0.44469655	0.030487558
-1.0488788	0.17102239	-0.757249	-1.1772765	0.3010802	0.50668937	0.01122221	-0.3959737	0.21231233	1.9088608
-0.15498933	-0.6546849	0.16043982	-0.23593594	-0.34599504	-0.09972393	-0.6253809	-0.012789499	-0.750187	-0.9019495
-0.3491604	-0.45477858	-0.17415228	-0.40132284	0.13627145	-0.04610507	-0.10584094	0.005347967	-0.2763531	0.50161016
-1.9615977	-2.0955465	-1.2954932	-1.8958075	-0.9924772	-1.9947532	-1.7249994	-2.035377	-1.8530978	-1.6784482
0.5067304	-0.5486237	0.9435172	0.32334828	-2.200361	-0.12646571	-0.82867646	0.59075177	-0.018617542	-2.9120955
-1.3755231	-1.7480254	-0.9046074	-1.3354048	-2.1255386	-1.712698	-2.3591046	-1.0307895	-2.24706	-1.481469
-2.1116335	-2.1670632	-1.3509103	-2.0529544	-1.9571487	-2.2796168	-2.0152507	-1.3759841	-1.6638887	-1.8951402
-0.7219027	-1.1303093	-0.39718375	-0.77561533	-1.2328097	-1.235244	-2.4139104	-0.6750488	-1.1329521	-2.666829
-0.651355	-0.8834108	-0.39283225	-0.66733325	-1.0584731	-0.8975141	-0.8362303	-0.3033204	-0.8772963	0.60654306
-1.179066	-1.2294345	-0.65691686	-1.0222311	1.8587605	-1.9116597	-1.8173816	-0.9084741	-2.2987971	0.63392395
0.37344474	0.2908242	0.14882293	0.27028614	-0.6901772	-0.67453724	-1.5234544	-0.9337787	-1.0749434	-1.405478
-1.9063064	-1.9926038	-1.225095	-1.8464723	-1.5384089	-1.9267751	-1.0213354	-1.5056509	-1.2206345	0.19139726
-0.76277226	-0.890327	-0.4576448	-0.72293305	-0.7327087	-0.9827722	-1.1947691	-1.8146676	-0.5768273	-0.6206253
-1.7311466	-1.7000803	-1.150727	-1.619464	0.9630376	-1.3286759	-1.6690398	-1.2863901	-2.0102885	0.31052017
-0.90179414	-0.67291653	-0.62221694	-0.9486023	-0.8734219	-1.1136867	-1.513217	-0.51696694	-1.5340477	-0.4079653
-2.5864136	-2.4484563	-1.6410311	-2.4803123	-1.2079749	-2.1724405	-0.48836634	-1.1313201	-2.750944	-0.96344817
-1.1649148	-1.6102059	-0.75331926	-1.1609312	-2.3482335	-1.4891174	-1.9261781	-1.523215	-1.1813767	-1.8471296
-1.7299255	-1.3903399	-1.3801994	-1.6164335	1.1182958	-1.9438916	-1.9328353	0.1653427	-1.3020487	-0.6757607
2.4242554	2.531197	1.9369245	2.0970616	0.13903058	1.7953364	3.267385	1.2052338	1.046075	0.4064512
-2.2659936	-2.3288848	-1.5172347	-2.1879022	-1.0884931	-2.113348	-3.4510472	-1.563896	-2.4650319	-0.9386229
-0.88475835	-0.42591894	-0.35309324	-0.9916198	-0.267991	-0.9613234	0.10742997	-0.19800304	-0.8564165	0.38367358
-1.2124705	-1.0124408	-0.73381996	-1.2441454	-0.3028221	-0.95294595	-0.08951649	-0.49736887	-1.8532041	-0.51409394
-1.6269878	-1.6786975	-1.0236009	-1.579057	0.8115114	-1.9581628	-1.4280995	-1.1457279	-2.2630167	2.4561954
-2.4008472	-2.277474	-1.5173373	-2.2542124	-1.4658537	-1.5117776	-1.620081	-1.6005049	-0.36347708	-0.30924797
-2.7969048	-2.3232658	-2.029693	-2.6716573	-1.6519544	-3.3817668	-2.0770562	-1.1732385	-3.3654819	-0.55095375
-2.2576108	-2.1730666	-1.432108	-2.166043	-1.6838193	-1.7088859	-2.3049443	-1.5426549	-1.9649292	-1.4267244
-1.4685912	-1.7172575	-0.8795551	-1.3760909	-1.771026	-1.6423591	-1.7315813	-1.0217843	-2.5061781	-1.1006434
-0.6688493	-1.1182268	-0.16403699	-0.71817243	-0.2930879	-0.159465	-1.23462	-0.31640163	-0.43758965	-0.66887575
0.7822546	1.1196721	1.2573223	0.587034	0.44897524	0.02872195	-0.54701346	0.2536714	0.2518061	-0.096798375
-2.2890842	-1.8835131	-1.5355946	-2.1606302	0.24573967	-2.262427	-2.1534853	0.39791927	-1.913245	0.7973413
0.044393376	-0.509861	0.71794534	-0.120772585	-1.7030457	-0.77480054	-0.627118	1.6050435	0.6599333	-0.2394652
-2.6887004	-2.4679449	-1.644407	-2.6272485	-1.6804737	-2.3765	-2.3644128	-1.6240106	-2.615909	-1.1171613
0.34742868	1.1910824	0.7454053	0.13758649	-0.65740216	1.0957645	1.8370328	1.3071754	0.7875082	-0.9402647
0.9307334	0.523108	1.0208546	0.6972244	-0.43594134	2.027289	1.8725979	1.6827912	1.8803697	0.09867654
-2.0056934	-2.1984985	-1.3011711	-1.9378623	-2.7239277	-1.7869712	-1.8141992	-1.0401707	-1.7223661	-2.3134844
-2.023175	-2.0979693	-1.242814	-1.9416424	-2.397985	-1.8002026	-2.286024	-1.4735799	-1.7493426	-2.950102
-1.944161	-1.8897362	-1.3746563	-1.8660432	-1.7998592	-1.3320869	-1.9814839	-1.3971726	-1.4607573	-2.3164155
1.9411758	3.8278134	1.3873576	1.4050744	0.07806224	-0.12270766	3.3118982	-0.9714107	-0.032157883	-0.5496459
-0.085722245	1.1061313	0.43112794	-0.32010657	-0.9616355	0.48188034	-0.2600775	1.373841	0.26556107	-0.6004066
-0.140811	-0.5603603	-0.051590234	-0.17924128	-0.4413515	1.0688102	-1.5984683	1.2302665	0.9193737	-1.4716731
-2.146208	-1.9683646	-1.334819	-1.9868491	1.2202797	-1.4475205	-1.4927776	-0.5230951	-1.3271544	2.0748909
-1.1463481	-0.7967744	-0.8978013	-1.045674	0.6085837	-1.7010115	-1.3442978	-0.1752789	-0.5339955	-1.2827885
-3.5282109	-3.303679	-2.1900537	-3.5120237	-5.6322846	-2.5692658	-3.5016708	-2.274702	-3.8207488	-4.20687
-0.93353367	-1.4031196	-0.39856443	-1.0342366	-1.9162543	-0.24132983	-1.4736459	-0.5324987	-0.5381701	-1.1800439
-0.2322841	-0.7073566	0.4423155	-0.31667525	-1.8667585	-0.3779084	-1.2265499	0.6242071	-0.2846337	-2.5258887
-1.4116157	-1.6909866	-0.75665665	-1.380029	-0.83534753	-0.8393053	-1.6900837	-0.6158542	-1.4998904	-1.0267649
-0.7720768	-1.0238733	-0.35618266	-0.8012006	-1.4681934	-0.7109687	-1.3039453	-0.4402926	-0.7325167	-1.5256304
-0.27889016	-0.08124581	-0.09078443	-0.33268952	-1.9797802	-0.9576109	-0.63432056	-0.6437775	-0.8697964	-2.8792303
-0.47833678	-0.4802642	-0.059461296	-0.54786485	-1.0087601	-0.2115502	1.1243649	0.059148032	-0.35884708	-0.48378536
-0.6423243	0.5064913	-0.36030504	-0.8279411	1.2631854	-1.0706283	0.4129446	-0.40653077	-1.0591189	2.669623
0.8060235	1.2735113	0.82660484	0.4977733	-1.1879985	0.94107467	0.7139883	0.59848416	0.48237574	-1.602801
0.48393318	-0.02506259	0.9207865	0.2452733	-1.8046585	0.77982616	0.16412124	1.009275	0.5045734	-2.0872467
-0.11064963	0.34563968	-0.14497727	-0.081081174	0.9227742	-1.7179892	-1.4250586	-1.3558104	-2.0139692	-0.49475074
-2.1943305	-2.1076229	-1.3299379	-2.0860107	-0.14108482	-2.718578	-2.2893658	-1.3571414	-0.78719634	-0.22415525
-0.49705794	-0.78186107	-0.089422524	-0.50999117	-1.1649687	-0.7928066	-2.0617824	-1.2898208	-0.6138501	-1.476101
-1.5162492	-1.9781122	-0.98064876	-1.4952954	-0.7202053	-1.1118901	-1.3825592	-1.0187036	-1.0192145	-1.254158
-0.41170558	-0.45217007	0.109698355	-0.497342	-0.9943259	-0.36789513	0.38141936	0.55580586	-0.052878384	0.049807124
0.5437653	0.9879738	1.0600469	0.3677597	0.76186526	-0.36326024	-0.22695419	0.5517243	-0.37295052	0.8518238
-1.0190231	-0.95359707	-0.6905899	-1.0602344	-0.783448	-1.1257452	-0.65867925	-0.5238479	-0.7059562	-0.46493813
-0.65392697	-1.242415	-0.39120492	-0.61879385	-0.37757918	-0.95058817	-1.9832655	-0.80673945	-0.5360311	0.2908693
-1.6122581	-1.6187816	-0.99553096	-1.5913792	-0.48617613	-1.0300179	-2.0343902	-1.5302001	-1.5568702	-1.7081295
0.15828338	-0.6717681	0.34738025	0.07495497	-1.2018605	-0.1742999	-0.82512707	-0.21878235	-0.19968975	-0.009692012
-1.2193923	-1.7833103	-0.8390236	-1.0523415	-1.4155841	-0.86199945	-2.8961914	-1.1386982	-0.5814759	-0.95248437
-0.9385873	-0.79897285	-0.27402106	-1.0185483	-0.8480676	-0.75428444	0.63299865	0.14700921	0.0043368777	1.2989781
-2.3427863	-2.2173069	-1.6124982	-2.1956434	-0.20324126	-2.344821	-2.2554073	-1.2931558	-2.5564666	-0.74003536
-2.066743	-1.8577204	-1.2690848	-1.9737717	0.93761396	-2.1316144	-1.9286671	-1.9680675	-2.1971893	0.96716106
-0.83452195	-0.8570148	-0.56718075	-0.86473596	-0.55783635	-1.9783975	-2.3942888	-1.635316	-2.0411708	-1.7271487
-0.6302161	-0.87638533	0.011947721	-0.82425356	-2.309963	-0.9552528	-1.4224629	-0.25490814	-1.3019023	-2.31151
-1.1687454	-1.5701538	-0.8228308	-1.1662337	-1.9301959	-1.5181006	-2.3313212	-1.3618703	-1.5119158	-1.3620816
0.40147197	-0.18940367	0.94951105	0.1559694	-1.5494738	1.6722397	-0.09408572	2.5547132	1.4076216	-1.3082294
-1.1753217	-1.5483439	-0.7095783	-1.1584312	-1.8509449	-1.4143724	-1.9072543	-1.7745872	-1.8664898	-2.3699827
-1.0223111	-1.3621099	-0.7576436	-0.985201	-0.4209479	-1.6994922	-1.2586561	-0.66523284	-1.4601216	0.12858698
-2.002783	-2.096017	-1.3474728	-1.9261599	-0.05630812	-2.294951	-2.233507	-1.0413	-2.2182717	-0.24016401
-0.89129215	-1.1423614	-0.5128325	-0.79966724	-0.62251645	-0.10360284	-1.1847866	-0.088705234	-0.3080308	-1.2590754
-1.4506711	-1.5496702	-0.8541868	-1.3084718	0.19677845	-1.1587441	-0.50652367	-0.5315777	-1.0990907	-0.38165087
0.31591913	-0.24912454	0.7810842	0.15500806	-1.3720016	-0.32623693	-0.8444913	0.5400431	-0.92502916	-2.2132235
-1.5824572	-1.8674796	-1.0671204	-1.5586711	-0.9513979	-1.8909396	-1.0037295	-1.2952715	-1.9890245	-0.6290106
0.31802574	0.07835087	0.8899262	0.17165245	-1.3523393	-0.3087967	0.16203502	0.547221	-0.70327675	-1.7262746
-0.3130581	-1.4141712	-0.07360622	-0.31937057	-1.228616	-0.13526854	-1.5922333	0.21905498	0.8841619	-1.0192585
-0.071209945	-0.0037893355	0.06657848	-0.22363104	-0.333249	0.5556953	0.6201078	0.9522724	-0.0063227005	0.9227956
-0.28720012	-1.3511397	0.122828215	-0.4459014	-1.3883342	-1.48236	-1.9832557	-0.50011516	-1.319322	-1.565212
-0.4453551	-0.9421729	-0.07112327	-0.5044103	-0.15494198	0.33428532	0.66576517	0.7574611	0.7919152	0.45237544
-1.7698275	-1.8335203	-1.2349951	-1.7090828	-1.5007104	-1.5657456	-1.2008471	-1.258013	-1.7917235	-1.9685274
0.10154121	-0.791131	0.62815154	0.012253001	-1.9484261	0.16858053	-1.0632378	0.704338	-0.17125249	-2.6402354
1.2137069	0.83155656	1.5399667	0.9436817	-0.78438234	0.43551558	0.99966687	1.5551699	0.48312446	0.43093464
-0.8048484	-0.7326845	-0.35295877	-0.76191854	0.064151466	-0.5516788	0.0003828052	-0.24633783	-0.87530637	-1.2408357
0.69246244	-1.0228995	0.7753844	0.5844124	-1.7994238	1.6066432	-1.1039895	2.0403526	2.5801477	-2.1526628
0.88516104	0.14883614	1.1916149	0.56516176	0.86597514	0.6196846	-0.46164715	0.9177305	0.36124304	1.0010967
-0.5698566	-1.0930126	-0.16782695	-0.59702903	-0.5311245	-1.0481031	-1.4712431	-0.5353477	-0.689707	-0.3367674
-1.2192929	-1.4835285	-0.72166026	-1.1882247	-0.5727949	-1.545141	-1.7827585	-1.2998661	-1.4290993	-1.600741
0.6508574	0.6394584	0.7720052	0.40591085	-0.7884486	0.026808102	-0.94231814	-0.17188118	-0.2663499	-0.6856383
-1.9435655	-1.8253262	-1.3613063	-1.8669829	-0.2120094	-2.2258284	-2.324797	-1.1303396	-1.5863417	-1.3347312
-2.417086	-2.1295795	-1.5268087	-2.2313912	-0.81263506	-2.3054626	-2.0830057	-1.4887612	-1.912736	0.97516716
-1.586259	-1.7359529	-1.0072291	-1.5370791	-0.9814359	-1.2987205	-1.9112076	-0.8681987	-1.7927856	-1.2559817
-2.0707724	-2.149663	-1.4100533	-1.9601623	-1.4777836	-2.914718	-2.9440222	-1.909747	-2.4511409	-1.2963445
0.038274102	-0.024657488	0.48929933	-0.18556379	-1.5038515	-1.1288239	-1.5833386	-0.2327854	-1.0034465	-1.3376694
-1.5705985	-1.7132826	-1.0173868	-1.5335363	-1.1068733	0.7373166	-0.2299345	0.32368305	0.91171473	-0.44793773
0.34519675	1.9001403	0.97836876	0.1510603	-0.06024775	1.3573244	1.7350899	2.1052086	1.4817458	-0.17779773
1.3168827	0.20668891	1.2553098	1.2282338	0.45871773	0.58331627	0.980167	1.155157	0.71589875	-0.90802246
-1.2367029	-1.7686327	-0.691834	-1.2853098	1.2936314	-2.1479006	-2.2391114	-0.8698695	-2.859625	2.444352
2.2806847	1.4416361	2.2921453	1.9790988	-0.45104444	2.216133	1.4327171	2.1637988	1.5694531	0.52186215
-1.839148	-1.9060894	-1.1620128	-1.7739514	-0.8776785	-2.2960937	-2.9290931	-1.5543435	-2.3732836	-0.7560958
-1.5556915	-1.1713663	-1.0932248	-1.5616722	-1.0435319	-2.2066183	-1.496381	-2.73227	-2.2326198	-1.5690403
-1.8425722	-1.9299912	-1.2239504	-1.8330624	-0.25094777	-0.54876786	-0.66057956	-0.6087441	-0.67287695	0.2999501
-0.60289043	-1.2678331	-0.0886417	-0.7752542	-2.4137154	-0.6577877	-1.6776305	-0.11316951	-0.77612925	-2.7285116
-0.2820823	-0.6048051	0.096051514	-0.49545604	-2.0749686	-0.39347556	-1.6264881	0.16739978	-0.73962384	-2.078219
-0.8563902	-1.2654501	-0.38643	-0.94158185	-1.1751356	-1.4267902	-1.5451139	-1.1530313	-1.100101	-1.5369815
1.1720583	0.60435116	1.2813383	0.9066298	-0.19451776	1.875979	1.9042418	1.338463	1.0043309	-0.5595471
-1.4562794	-1.3063033	-0.9647403	-1.4099854	0.15859851	-2.3226502	-2.3600261	-2.8598742	-1.7788559	-0.8524378
-1.7358686	-1.9517628	-1.1346717	-1.6563654	-1.8158215	-1.8541844	-2.093908	-0.98079675	-2.145323	-1.3526528
0.8059407	0.38707337	1.2901227	0.6079805	-0.9301944	2.1609526	2.6821365	2.424037	1.9917626	1.8488008
-1.8229649	-1.8724738	-1.1346239	-1.7660534	-1.1594614	-2.0989056	-2.0524993	-1.8363211	-2.2039816	0.71078324
6.0363746	3.3841786	6.1093554	5.4146743	1.200838	5.820426	-0.47352955	5.643535	5.2419167	0.26277646
1.0729781	2.5263433	0.74639964	0.7994393	1.6049342	3.0207598	5.5438585	1.9895514	2.1373894	2.5125437
-0.8753094	-1.530574	-0.40070435	-0.83944404	-2.1359715	-0.7165333	-1.4780587	-0.43481645	-0.69866365	-2.405238
-1.4722925	-1.3586626	-0.90058506	-1.4317486	0.80029905	-1.4970331	-1.2044619	-1.0108119	-1.673326	0.6488057
0.9667906	0.3146083	1.3995135	0.67853856	-1.3398842	0.40085188	-0.18241844	1.132442	0.2614595	-1.7964045
-1.2072202	-0.9921329	-0.58410156	-1.1236438	3.1495917	-0.498837	-0.34936267	-1.051183	-0.6026359	4.0559745
-1.5796694	-2.2464538	-1.1510658	-1.44365	-2.4123409	-1.2124887	-2.3856668	-1.3780001	-0.84417814	-2.3138556
-1.5731468	-1.1488955	-0.93675244	-1.6687418	-2.3360248	-1.0782541	-0.7112482	-0.7759101	-1.6588151	-1.8065139
-2.1454978	-2.2394292	-1.5080255	-2.0875201	-1.9626279	-1.2372234	-1.9118414	-1.3619577	-1.4990641	-1.3812606
1.318159	0.55859697	1.7450398	1.0511231	-1.1828629	0.7454955	-0.76209664	0.8490543	0.19002818	-0.88743395
-0.96986294	-0.56333697	-0.47215804	-0.95768857	-0.87283576	-0.18967812	-1.3788527	-0.15860985	-0.029309096	-1.2946913
-1.5859299	-1.2053976	-1.0300897	-1.5601532	0.1256477	-2.039408	-2.1570091	-1.5890931	-2.7941542	0.3844821
-1.6497571	-2.2097795	-1.134884	-1.6484294	-2.3476808	-2.9916337	-1.7196285	-0.8890258	-2.4863298	-1.7250276
-1.3246112	-1.4655596	-0.759467	-1.3038654	-0.5588115	-2.0936563	-2.0663545	-1.6511756	-1.8507144	-0.6533312
-1.1961813	-1.1303824	-0.6012019	-1.1797503	0.67564225	-2.1123772	-1.8059585	-0.9313434	-2.1256506	0.659072
-0.15448949	-0.43743426	0.24901411	-0.26375383	-0.94815433	0.16347787	0.8273423	0.7407464	0.1801543	1.1246268
-2.1730638	-2.1654286	-1.4753637	-2.1408708	-2.5393322	-2.3161476	-1.6034671	-0.88988274	-0.063702054	-1.3814821
3.2042804	2.5448444	2.462582	2.957074	-0.42065567	1.9455179	1.81953	0.79987913	2.264984	-0.35361543
-0.910183	-1.4273461	-0.5401894	-0.85903347	-2.1190689	-1.6810755	-2.2949986	-0.9820601	-2.0118191	-2.3127036
-0.8797247	-1.7730451	-0.5949335	-0.8557029	-0.7701274	-1.5312332	-2.0320535	-1.2917272	-1.2111716	-0.3006122
0.57906944	-0.0034971833	0.9258019	0.37778974	-1.0328587	0.20152846	0.13837801	0.542796	-0.10641865	-1.2959448
-3.0466883	-2.56774	-2.2237494	-2.8398914	-2.4499686	-2.7427785	-2.5595665	-2.1431947	-3.7305713	-2.6737251
-2.2100189	-2.2853296	-1.4946051	-2.1186547	-0.7539685	-2.418476	-1.799442	-2.1652503	-2.0985696	-1.1697763
-0.48493966	-0.5766752	-0.2972307	-0.55751705	-1.4044062	-2.06876	-2.2146647	-1.7029808	-2.1053374	-1.097685
-2.8556664	-2.487318	-1.8957951	-2.7453382	-1.6478442	-2.9655015	-2.235972	-1.6380126	-2.7052925	-0.8913523
-0.13905624	0.13704112	0.14636804	-0.3530519	-0.8055628	0.13954005	0.4200986	-0.20310983	-1.1744399	-0.17675053
-2.9264143	-2.6359718	-1.9841018	-2.8071475	-1.6037925	-2.8729348	-1.8593843	-1.7987384	-2.941379	-2.5971918
-0.46573278	0.632213	-0.27621588	-0.61925757	0.47354785	-0.9146175	-1.10689	-0.69439524	-0.115170516	-0.039552342
-2.1270816	-2.0425677	-1.3884754	-2.0325384	-0.075788885	-1.4230595	0.36129153	-0.22889784	-0.902061	0.19037691
-1.88947	-1.875542	-1.3440338	-1.8157359	-1.172309	-1.5993646	-2.0182652	-0.90717465	-2.0346556	-0.7318321
-1.5582325	-1.5113878	-1.052321	-1.4255435	0.043411583	-2.2074554	-1.8918167	-1.3279358	-2.6792974	-0.235908
-1.5729246	-1.7112004	-1.0924575	-1.5127368	-1.0081766	-1.8040546	-2.29762	-1.9003166	-0.574209	-1.943318
0.3292152	1.8252203	0.73178047	0.038302913	0.67283225	0.08972439	2.1622076	-0.48580074	-0.46653074	0.359466
0.37253574	0.51078343	0.55306304	0.12846668	-0.76841897	-1.2211274	-1.1177038	-0.5165911	-1.3591857	-1.0188314
0.5735059	-0.2536295	0.9375609	0.39383698	-1.4933888	-0.5868604	-2.0315042	0.007901139	-0.5846182	-3.3578305
-1.6186655	-1.8492905	-1.0378823	-1.6256037	-1.3457227	-1.8723143	-1.7520462	-1.1724477	-1.4689655	-1.025762
-0.021478396	-0.576653	0.29241383	-0.17850836	-1.5207676	-0.05016285	-1.0103688	0.4779974	-0.04874527	-2.3276968
-1.639092	-1.7745886	-0.98723733	-1.4056803	-0.13636169	-1.6485935	-1.9540381	-1.8042021	-2.0502307	0.2822612
-2.2443795	-2.0829422	-1.4601356	-2.1823277	-0.53821146	-2.1786044	-2.036971	-1.6375408	-0.4125108	-1.0403748
0.068774305	1.6714047	0.3959105	-0.29984504	-0.9689642	0.6553045	1.6672047	1.6919769	0.7712988	-0.8349895
-1.7612051	-1.8905991	-1.1233908	-1.6803498	-0.8721231	-2.2707279	-2.2643816	-1.7947396	-2.8374114	-1.1600739
-1.2024773	-1.6868874	-0.5720097	-1.2243717	-1.1771079	-0.44465923	-1.2912952	0.05468446	-0.19087748	-0.87041
-1.5104392	-1.8798347	-0.9950781	-1.3746923	-1.1025876	-2.222976	-1.9732202	-1.4923133	-2.3787713	-1.6168466
-0.7699433	-0.7037703	-0.40685442	-0.8391946	-0.9923514	-1.3951036	-0.5611102	-1.6833216	-1.5089344	0.024813114
-1.7322584	-1.7637522	-1.0656171	-1.6154729	-0.018702894	-1.861243	-2.0124516	-1.6191002	-1.742124	-0.36011738
2.1875253	-0.5181128	2.7275393	1.980757	-2.4597013	-0.42008328	-1.5641568	0.65496093	-0.82469195	-3.4075675
-1.7251835	-2.0060937	-1.153178	-1.704235	-2.4946222	-1.9981856	-1.5018194	-1.4585522	-1.7561077	-2.093678
-2.454654	-2.2641723	-1.5715905	-2.3198628	-1.1478761	-2.3845153	-1.9689913	-1.3505285	-2.6361241	-1.4542136
-1.5771395	-0.48228544	-1.2011173	-1.5671186	-0.5222712	-0.24523243	0.5637986	0.6047649	-0.08215442	-1.6611795
0.46592316	1.3051863	0.6158308	0.21928905	-0.35285506	0.029422812	2.1139727	0.65406865	-0.0744286	-0.7913319
1.5540677	0.8629526	1.4866896	1.250966	0.21155664	2.3383992	-0.4253604	1.6781883	2.3053012	0.9243598
-0.5796966	-0.5887219	-0.16045067	-0.7110195	-1.3117974	-0.24402285	-0.6706404	0.68875563	-0.6709078	-1.316857
-2.4023004	-2.237612	-1.4624411	-2.313892	-0.4492438	-2.535764	-2.8198338	-1.7231579	-2.9400861	-0.19391306
-2.480537	-2.263438	-1.5990218	-2.3199368	-0.25208238	-2.5413003	-2.3457627	-1.4552532	-2.5823383	-3.032877
-0.40104088	-0.76479423	0.09334996	-0.5178615	-1.9047517	-0.4830238	-0.66587144	0.4765609	-1.0382397	-2.0852177
-0.729517	-1.0278587	-0.46230695	-0.7972209	-0.85343885	-0.9430736	-1.4730532	-0.012223661	-0.92471427	-1.7595993
-1.129979	-1.1581455	-0.6910238	-1.1755573	-1.1744977	-1.6592243	-1.3173504	-1.1988972	-1.5378951	-1.2134532
-1.793247	-1.902129	-1.197978	-1.660887	-0.04902473	-1.689036	-1.9972261	-1.4776798	-2.1295886	1.2993212
-0.7095699	-1.00284	-0.111691564	-0.78647566	-1.3835198	-0.38622138	-1.1432309	-0.676727	-0.10056637	-1.4343895
-1.3850112	-1.6448262	-0.90552413	-1.3908598	-0.9685348	-1.6234119	-1.1102471	-1.0833795	-1.7916902	-0.55701554
-2.4531348	-2.2626424	-1.6306481	-2.3902366	-1.1284171	-2.163068	-0.8441831	-1.4279388	-2.6765177	0.22250763
-1.7155534	-1.693683	-1.0143794	-1.6087074	0.32269785	-1.3827779	-1.2607999	-0.0104462	-1.878227	-0.870537
-1.979934	-2.1107755	-1.2971346	-1.9151465	-1.7644402	-1.5248761	-1.6972809	-1.1667783	-1.6582196	-1.5313121
-1.9115075	-2.1395185	-1.2263697	-1.8873813	-2.1279976	-1.6823307	-1.7857722	-1.439767	-2.028039	-1.2026143
-1.7752674	-2.0337875	-1.1522936	-1.7236907	-1.2235891	-1.8121243	-2.2346244	0.6377789	-2.863477	0.01290125
0.19133225	-0.20272605	0.039726317	0.051964983	-1.3076215	-0.27805105	-0.2980386	-0.052064136	-0.25624913	-0.3528151
0.41904896	0.31532302	0.9277004	0.20851521	-1.5007151	-0.9430271	-0.26122677	0.074762076	-0.268852	-1.6578913
0.26911572	0.88663363	0.5854082	0.072304115	-1.2255411	0.16409951	0.8690193	0.178971	-0.67114514	-1.4064206
-2.0579424	-2.1391435	-1.3373013	-1.9562421	-1.9525982	-1.8901786	-2.0601563	-1.0631368	-1.395264	-2.2497294
0.2180962	-0.4570274	0.59025013	0.03421344	-1.2646195	0.32480356	-1.2205008	0.8377306	0.2030494	-1.2104273
-0.9586219	-0.70606613	-0.36690542	-1.0519125	-1.9070868	0.8975788	-0.017077507	0.5565758	0.63726467	-2.4325213
-1.4083414	-1.6531085	-0.8670217	-1.459591	-1.6266942	-1.162649	-1.6619682	-0.97328466	-1.524138	-2.1823015
-1.7421262	-1.9179561	-1.1048491	-1.6122155	-0.9005257	-2.1636155	-2.1403692	-1.030845	-2.1485598	-0.760472
-2.1674633	-1.9178497	-1.3017097	-2.1688788	-1.1143339	-2.155935	-1.297043	-2.0854933	-3.0436416	-1.2850696
-1.2186745	-1.3629595	-0.7547865	-1.1583691	-0.61798644	-0.7153191	-1.3938437	-1.0758322	-1.3351853	0.02167298
-1.7668202	-1.7629305	-1.0990796	-1.6813861	-1.1496117	-1.7764137	-1.3397593	-1.2402375	-1.4765023	-0.5939922
-0.027566113	-0.40745905	0.42891398	-0.113219455	-1.0259202	0.6473392	0.09562652	1.1791008	0.5412386	-0.72513914
0.5341727	0.94628084	0.622365	0.3140936	-0.8557079	1.1343895	0.12310332	0.73622507	0.51225543	-1.6806165
-0.20776463	-0.7968726	0.101534545	-0.32262027	-1.445145	-0.41352737	-1.9586698	0.15039311	-0.92073	-2.6927967
-1.8141798	-2.0385842	-1.2377617	-1.725951	-0.9445815	-1.5294249	-1.97159	-0.7320105	-2.9109871	-0.025814239
-0.48610982	-1.1498524	-0.045625	-0.529074	-1.0246041	-0.23828393	-1.4830617	-0.035539277	-0.60572594	-1.2300344
-1.54254	-1.5927827	-0.8069314	-1.4766672	-0.17263994	-1.7845627	-2.0306573	-1.2136002	-1.9265038	-0.83190304
-0.53673846	0.08994931	-0.35486045	-0.53415835	0.75385344	-0.2902395	0.2969938	0.019041035	-0.31290334	0.35160148
-2.405572	-2.26647	-1.6166837	-2.2860072	-1.274518	-2.6537495	-1.8084282	-2.6781888	-1.5928183	-2.006065
-1.6537443	-1.8805423	-1.0186574	-1.6079739	-1.9925802	-0.9910392	-0.82628834	-0.40821126	-1.574209	-1.4610114
-2.3053381	-2.073275	-1.4073114	-2.262684	-0.72593814	-2.7676177	-2.3852108	-1.5594921	-1.9155171	-0.97743356
-1.7308551	-1.8462664	-1.1304682	-1.7061726	-0.95286405	-1.2421577	-1.0698916	-1.440614	-1.4784108	-2.3880541
-2.1183455	-2.2097623	-1.4719303	-2.0078475	-1.931036	-1.5951219	-1.4035677	-0.6400917	-1.4842128	-2.4972992
-0.83005875	-1.0299599	-0.5262214	-0.8740878	-1.4600725	0.44057056	0.91803056	0.15300106	-0.08030366	-0.08345866
-0.34525147	-0.21143901	-0.13899967	-0.40382832	0.26658896	-0.25595835	-0.3300853	0.4515875	-0.55174226	-1.0281063
0.3870901	0.028473735	0.68159163	0.12043734	-1.8261755	0.3321666	-0.091027826	0.87008005	-0.043260872	-1.2533176
0.50536084	-0.7841729	0.8041507	0.26154888	-1.0603296	0.02199597	-1.5496348	0.4680982	-0.6196966	-1.3488417
-1.1752099	-0.5458994	-0.8694042	-1.1879029	2.0449164	0.037415985	2.0321097	0.16088356	-0.045245115	2.4250126
-0.88683194	-1.3418576	-0.40850744	-0.87511337	-1.7187763	-1.6295806	-2.4974768	-0.5749619	-1.2551019	-2.9811175
1.2386875	-0.0089460015	1.3886318	1.0075924	-0.039122015	-0.43976218	-0.29885143	0.103545986	0.17362101	-1.0551479
-2.1811874	-1.9491783	-1.5869484	-2.1006505	-0.44263026	-3.085207	-1.5403813	-1.4117309	-3.0018241	1.5046921
-0.9684411	-1.6033105	-0.50739634	-1.0532905	-1.8780099	-1.6577839	-1.7115554	-0.76092327	-1.9578245	-2.2145717
0.75373214	1.505647	1.067901	0.479833	-0.2331267	-0.0754284	1.7752928	0.47445387	0.47277543	0.0063410266
-0.31041735	-0.83916163	0.047102273	-0.48406208	-1.6446444	-0.7947457	-1.4167558	-0.7141348	-1.805251	-2.0209777
0.1681138	0.08696473	0.37953493	0.04171495	-0.89132655	0.5511128	-0.0748155	0.12530172	0.6082312	-2.1445332
-1.5445266	-2.1718402	-1.110764	-1.3799025	-2.4886432	-1.515822	-2.0963402	-0.9340426	-1.1212525	-1.2455981
-1.9502691	-2.076111	-1.1648244	-1.9211501	-0.47812143	-2.1174214	-2.4847383	-1.6731989	-2.5794482	-0.14025284
-1.7553478	-2.059566	-1.1796453	-1.7189236	-1.3912405	-2.1095953	-2.532963	-1.7405386	-1.9047921	-1.361101
-0.88035065	-1.1827427	-0.4640977	-0.8960625	-1.1137156	-1.3590494	-2.6187518	-1.0731913	-1.4365059	-1.5021014
-0.2957103	-0.076541126	-0.12746564	-0.39583194	-0.55390155	0.1606643	0.46657404	0.30112422	0.60038275	-0.118787825
-1.4706115	-1.707471	-0.9734845	-1.4305166	-1.6286434	-1.7554332	-1.2466955	-0.9192895	-1.0722828	-0.9914944
-0.36076337	-0.6465399	0.14225651	-0.6263899	-1.6653664	0.5118927	0.58884263	0.5369176	0.11989353	-1.8713722
1.2908161	2.166633	2.0226998	1.2709408	0.5495945	1.1418526	4.0993843	1.7923553	0.5306054	1.7670625
-1.3807778	-1.5951914	-0.85444415	-1.345052	0.5928073	-0.7953129	-1.3538059	-0.4188422	-0.8302321	0.6892854
0.119596444	0.016427726	0.08396348	0.054904565	-0.6577534	-0.93266916	1.6066095	-0.9183593	-0.4859146	-1.422353
-2.2476943	-2.189436	-1.4451495	-2.092843	-0.13994363	-1.9843456	-2.0955772	-1.3128998	-1.8919721	-0.18817505
-1.1353375	-1.4176064	-0.49882063	-1.137801	-0.31984058	-0.98107505	-1.761742	-0.7571672	-1.1254326	-0.81114274
-2.0393128	-2.0769188	-1.3044664	-1.9410189	-1.2249376	-2.3642583	-2.4661193	-1.5854048	-1.6571149	0.7869032
0.17855087	1.4479307	0.36170718	-0.07073963	-0.6135086	0.0022114343	0.62389016	0.21729878	-0.45094666	0.554241
-1.9473656	-1.9696763	-1.2168176	-1.8258804	-1.0551322	-2.1651466	-2.2959945	-1.6099355	-2.19249	-1.7781235
-1.5748118	-1.6844903	-1.0186974	-1.5213739	-0.9683435	-1.2177881	-1.22653	-0.71169746	-0.39417735	-0.9390225
-1.3121941	-1.1700188	-0.67891836	-1.3552103	0.096297055	-2.7680666	-2.2229877	-1.0812699	-2.5404367	0.31136176
-1.869727	-1.775862	-1.3052827	-1.8493953	-1.5107858	-1.9443616	-2.1372442	-1.3340135	-2.509688	-2.3562863
-0.48740616	-0.9458183	-0.02331993	-0.49628246	-0.96901906	0.043696	-0.9815236	0.60280037	0.1980318	-0.8378671
-2.1803596	-2.1336234	-1.3293388	-2.0877411	-0.9987042	-2.097822	-2.5723734	-1.079153	-1.3606261	-0.71554863
-2.28629	-1.7780225	-1.5100138	-2.1998615	1.1291248	-1.9223235	-1.8430097	-0.92938596	-2.3435411	0.6959658
0.29730228	-0.06027408	0.587102	0.061089948	-1.541748	-0.9155918	-1.4921558	-0.55437136	-0.86989707	-1.5469673
-0.86503583	-1.4818326	-0.47056016	-0.8972845	-0.75884706	-0.09892006	-1.5815963	-0.15157215	-0.23110773	-0.42530632
-2.5538917	-2.3997898	-1.7415932	-2.469191	-1.3127891	-2.1401997	-2.6815588	-1.5045949	-3.4863298	-1.1225502
-1.3542932	-1.5634611	-0.85093033	-1.3660059	-0.5068674	-0.84295714	-1.5858624	-0.44686309	-1.3890957	-0.9102425
0.21365687	-0.3590465	0.7153435	0.07400717	-2.244903	-0.038417492	-0.8994494	1.0289558	-0.12273725	-1.9519844
-2.5020566	-2.341628	-1.7868006	-2.31044	-0.47279546	-2.7519925	-2.3789072	-2.3152394	-2.4889026	0.070756875
-0.17509457	-0.42977133	0.23869076	-0.26886195	-0.96012354	0.29957843	0.7110561	0.30913576	0.43288797	-1.2618117
-0.27669516	-0.4540765	-0.25307414	-0.28893375	-1.1813842	-0.91154253	-1.0181447	-0.9717347	-1.5161017	-0.89166975
-1.1826506	-1.1014272	-0.7238991	-1.1359257	0.24562004	-1.6227123	-1.7939484	-1.792749	-1.6349032	1.136631
-1.8347669	-1.8311384	-1.2623036	-1.613195	-0.8647002	-2.1703484	-2.081843	-1.5375272	-0.7522809	-0.6353334
-1.7014619	-1.8876865	-1.2483684	-1.5834159	-1.6219445	-1.9691442	-1.9091522	-1.4792261	-1.6201622	-3.1036966
-1.6992842	-1.5325946	-1.0965575	-1.7114749	-0.36050794	-1.0110213	-1.8812457	-0.83221203	-1.4135319	0.7608282
-0.58957756	0.017040044	-0.4510984	-0.59924346	-2.200302	-0.8303694	0.0077872495	-0.56149054	-1.6239768	-2.7901943
-1.7462415	-1.98456	-1.1579214	-1.6717036	-1.1421725	-1.0566764	-1.6933933	-0.53511995	-1.2963151	-0.24671654
1.1895944	1.3377857	1.411693	0.88870203	-0.58525455	1.2563765	2.0191786	1.2475941	1.0886312	0.027846506
-1.2797067	-1.4436159	-0.78549707	-1.3044392	-0.5159026	-2.2799873	-1.7285298	-1.6424855	-1.303754	0.092956856
-0.6023589	-0.95887494	-0.1844646	-0.6547695	-1.2650511	-0.92420673	-2.3283005	-1.3999677	-0.897318	-2.0167177
-1.9401668	-1.6307347	-1.0169464	-1.9250622	-0.68757045	-2.6659675	-2.5590703	-2.4566004	-2.4342923	-0.8637033
-1.8862287	-1.8847535	-1.3402846	-1.820154	-1.2259763	-2.2292168	-2.4438975	-1.6709287	-2.161698	-0.34015498
-0.75886494	-0.8015857	-0.27577206	-0.7599084	-0.0015217662	-1.5502532	-1.8468475	-1.6073849	-2.2675853	-0.90677196
-0.37869707	-1.1772918	0.2609773	-0.6147149	-2.3279257	-0.6195935	-0.818588	0.16899692	-0.8295694	-1.4062765
-0.98594314	-1.235028	-0.7097012	-0.9498868	-0.37688366	-1.4449136	-1.3145252	-0.7696454	-0.6945422	-1.5053086
-2.2654045	-2.1687648	-1.4298328	-2.1690552	-1.2877179	-2.9332438	-2.6431737	-2.4590354	-2.4978511	-1.3292017
-0.77111614	-1.1825869	-0.31712875	-0.83142275	-1.927452	-1.8701177	-2.2177727	-0.9297119	-1.7617913	-4.292357
-1.3436931	-1.6214856	-0.9779906	-1.281978	-2.0896206	-1.6276257	-0.73667663	-1.8267684	-2.2042675	-2.2406702
-2.2190278	-1.8932081	-1.4715558	-2.1438985	-1.4859316	-2.5969403	-2.2663984	-1.6436055	-2.8474925	-1.9101937
2.921654	0.69342077	2.6426027	2.5551887	0.33915052	1.2226704	0.8946011	1.2106876	0.754164	-0.40737426
-1.7677454	-1.884091	-1.2171785	-1.6811088	-1.4076073	-2.0527213	-1.6445619	-1.3507879	-2.0971107	-2.2271285
-0.1927186	-1.51703	0.11736062	-0.21014054	-0.1869595	-1.4496694	-0.49400878	-0.95611507	-1.6361448	-1.4199941
0.090389036	0.12508333	0.3680964	-0.19262123	-1.5619844	0.17839842	0.061565526	0.6219659	-0.114770986	-0.90277535
-1.9380214	-1.9159902	-1.1644067	-1.9021238	-0.8869854	-2.1033351	-2.20843	-0.78740585	-2.3382273	-0.17897433
-1.8607243	-1.9344465	-1.1595725	-1.7866036	-0.84684026	-2.3476148	-2.6433876	-1.67142	-2.7620406	0.76059127
-0.8299079	-1.1300292	-0.29903123	-0.87259865	0.016323268	-0.65013945	-0.8735968	-0.91873705	-0.5557753	0.336038
-0.61192745	-0.8227726	-0.25147113	-0.57557976	0.30216458	-0.41612512	-0.9694892	-0.2695904	-0.49313188	-0.36535674
-0.47293723	-0.47209713	-0.35132906	-0.5829975	-0.0620299	0.027822925	0.07075955	-0.17101617	0.009081819	-0.4774423
0.97155887	1.528199	1.0604836	0.61451733	-0.65917766	2.1379004	2.7040417	1.8209244	1.3417852	0.48687437
0.14764577	-0.3890077	0.6275952	-0.030176625	-1.8081803	0.34852645	-0.24592741	0.89670473	-0.5114367	-1.8466245
-1.2574271	-1.4764686	-0.5483036	-1.2667006	-1.3315736	-1.225931	-1.856941	-1.1567134	-2.4178207	-1.6254832
-1.1641189	-1.5430162	-0.64344764	-1.1419556	-1.0933263	-1.1858546	-2.0774753	-0.6741215	-1.1833723	-1.2805592
-1.5939682	-1.7589326	-1.0350581	-1.6272825	-1.3951296	-1.5540473	-1.9350389	-0.825925	-2.0078793	-1.2482387
-1.8654175	-1.7763284	-1.4857159	-1.7150052	-1.7283357	-2.3824096	-1.9228514	-0.9534436	-2.9707444	-2.0712419
0.8106138	0.50761366	1.273908	0.5588795	-0.93357134	0.9738201	1.1981258	1.1878663	0.46967313	-0.3699765
-1.8443264	-1.8444837	-1.2346202	-1.7694594	-0.5908776	-1.9088563	-0.73211944	-0.99661064	-0.37215883	-1.2380497
-0.44869208	-0.84793234	-0.11789051	-0.5084713	-1.3327577	-0.94159186	-1.5062561	-0.2989024	-1.9059951	-1.1096196
-0.23370045	-0.5321412	0.11908075	-0.30714554	-1.5317694	0.08676411	0.049172405	0.5747715	-0.3352038	-1.2465712
-0.56783706	-1.1867213	-0.21814373	-0.5618942	-1.1181301	0.21277888	-1.1513076	-0.31584096	-0.38062733	-0.9291245
-1.4402491	0.14405224	-0.999161	-1.5844651	-1.2296715	-1.8798676	1.579469	-1.5481473	-2.1263773	-2.3909242
0.25374565	0.21341795	0.39157218	-0.050716355	-1.1468422	0.6079453	0.7263793	0.412171	0.35777467	-0.57984114
0.81492424	2.7972658	0.9332036	0.6197948	0.5502374	-0.3523307	1.3806573	-0.2654451	-0.6429607	-0.5093327
-2.4780614	-2.1995523	-1.6620235	-2.3171568	-0.30026868	-2.8293204	-2.5760045	-1.9854063	-1.62675	-1.3839581
2.5989015	1.8387492	2.3546195	2.3066788	-0.45068914	0.79451746	0.5800923	2.000614	0.25597367	0.5262831
0.97845346	1.6980871	1.1495111	0.90263045	1.7974693	0.5351935	3.7754679	0.102897696	-0.06971457	2.240224
-1.3988454	-1.4816144	-0.7876109	-1.4578544	-1.1592196	-1.3715509	-0.899552	-0.5519938	-1.6066241	-1.060337
0.48729417	-0.30458558	1.0125202	0.25452554	-1.9080615	0.6317923	-0.1844894	0.95905083	0.1995074	-2.1323378
-3.5284815	-2.9266405	-2.3762546	-3.3620653	-2.8631248	-3.855393	-0.8895535	-3.0033243	-3.8898258	-2.9505997
-1.4878799	-1.7852402	-0.92640567	-1.466687	-0.6096568	-0.73809195	-1.9906874	-0.72357225	-0.6411434	0.02799817
0.057957225	-0.20796733	0.29836422	0.01327759	0.42200682	0.9424205	0.5321541	1.4419074	0.4820101	-0.6248933
-1.5146321	-1.9590718	-0.78777444	-1.4432569	0.033045173	-2.10779	-3.2510324	-1.3751401	-1.5983773	0.4756426
-1.8774316	-1.9042217	-1.3400495	-1.7937603	-1.5925595	-1.0980762	-1.631431	-1.1738455	-0.96268255	-1.0096687
-0.22755954	0.1575481	-0.049896926	-0.30950943	-0.0430322	-0.7210916	-0.6829481	-0.07677575	-0.88809454	0.577914
0.38959652	-0.22864275	0.8132553	0.21032028	-1.8045151	0.14640869	0.16167158	0.9641967	-0.0150116095	-2.4716978
-2.360734	-2.341669	-1.4807211	-2.2614667	-1.7537524	-2.6756868	-1.0885963	-1.2882242	-2.672169	-0.8507851
-0.24498937	-0.06785965	0.12513742	-0.23373057	-0.58843946	-0.9274539	-0.85926056	-0.23357204	-0.047342967	-0.9798263
0.65550584	0.78505015	0.603493	0.43260902	-2.3484857	-0.3229616	1.9472983	0.07255433	-0.35990927	-1.8345364
-1.116602	-1.4686329	-0.6001992	-1.1087899	-0.6654004	-1.7093949	-2.0427272	-1.332238	-0.114770986	-0.32687134
-1.5498179	-1.4736125	-0.85992837	-1.5298958	0.2244471	-2.3563035	-2.0845435	-1.4099027	-1.8100195	0.66749614
1.42115	0.38158843	1.6593008	1.206448	-1.1756223	0.83086	0.3414532	1.7479666	1.063846	-0.74396574
0.90382415	0.92749846	1.2338573	0.70829946	0.14247558	-0.043544903	-0.6568049	0.36308086	0.34435424	-0.4954129
-1.212716	-1.506559	-0.71078825	-1.201301	-1.3957182	-1.411833	-1.696536	-1.197638	-1.1607673	-1.541482
-1.3324952	-0.87138283	-0.9668511	-1.3359143	2.166635	-1.1025372	-1.2766218	-0.50053555	-1.1618772	1.6545974
-0.6618971	-1.1983645	-0.22872075	-0.5730495	-1.644176	-0.46982884	-1.0338906	-0.33978817	-0.0024232583	-1.5738336
-2.4428332	-2.1443715	-1.6355084	-2.3833313	-1.1670638	-2.9727688	-2.171859	-1.6160406	-2.1796112	-1.1167969
-2.4954638	-2.4346557	-1.5541598	-2.4191494	-2.722965	-1.9942355	-2.0728893	-0.24687527	-3.0009031	-1.9399174
-0.87073535	-1.0265858	-0.40854177	-0.9068412	-0.3480564	-1.2420659	-0.94463533	-1.0790302	-1.4569049	-1.4355415
-0.17954478	-0.5628614	0.25630745	-0.32927513	-1.4599352	0.36741844	-0.5193492	0.70660144	0.39469948	-1.7160943
0.2841292	-0.2375426	0.7442486	0.09210293	-1.9366125	0.020288905	-0.26619008	0.81855494	-0.31956983	-1.8468318
-0.30029845	-0.93397295	0.13231358	-0.43005133	-2.2378383	-0.135242	-1.5159739	0.07448305	0.043739565	-2.427541
-0.28438905	-0.6239003	0.09440765	-0.31119347	-1.074209	0.18946594	-0.510925	1.2079582	-0.0597684	-0.5759807
1.046387	0.8144672	1.3401663	0.9606681	0.76143205	1.6418403	1.2829896	2.2015197	1.2801223	0.6452777
-1.9987785	-1.7757899	-1.2693822	-1.9515592	0.5946498	-2.0368993	-1.6105747	-1.5048755	-0.70572615	1.3475769
0.34682226	-0.34770033	0.8138298	0.19410487	-1.6643523	-0.40322816	-0.8743938	0.45738816	-0.6036804	-2.6293466
-1.5480555	-1.7050319	-1.0097334	-1.5174484	-0.9004185	-1.7260725	-2.37012	-1.1384194	-1.022565	-1.447321
-2.0417447	-1.9115671	-1.3124115	-1.982481	-0.26389036	-0.9285195	-1.1964284	-0.118965894	-1.5903225	1.5642859
-1.8660666	-1.9416509	-1.1435559	-1.8038251	-0.10939762	-2.2376254	-2.5633874	-1.46302	-1.9771996	-0.40668973
-1.4156066	-1.4227982	-0.9982102	-1.3575374	-0.41923246	-0.38261524	-1.5460933	-0.4910112	-0.65198	-0.53728294
-1.7606776	-1.4846398	-1.2008619	-1.7414231	-0.7609855	-0.9321939	-0.36456218	-0.97914535	-0.974141	0.46985304
-0.09184409	-0.7214155	0.41696903	-0.19270514	-1.4364032	-0.24792929	-1.0181696	-0.14850686	-0.45766106	-1.4323273
-0.43923214	-0.10125843	-0.07141182	-0.4588313	-0.4010096	-0.3810553	-0.6849403	0.16530892	-0.3366147	-0.27783695
0.12947068	-0.9094205	0.64788604	0.030407295	-0.7111857	-0.059425935	0.73233646	0.21233292	0.19941439	0.21780528
-0.7663943	-1.8218362	-0.6439556	-0.7410963	-2.252485	0.47034985	-1.1383512	0.36817253	0.47304446	-2.0386198
1.740875	1.3298572	1.6131439	1.3852934	-0.10354924	0.44486475	1.1884698	0.18278283	0.28403303	-0.07356126
-2.2996306	-2.1881444	-1.4632173	-2.2309864	-0.8222858	-2.225051	-2.3310583	-1.5543034	-2.6559584	-1.240474
-0.794848	-0.6819993	-0.36044952	-0.92500067	0.082621545	-1.4253552	-1.423194	-0.9175788	-1.1226857	-0.13619548
-0.5167174	-0.18326017	-0.024538666	-0.68046623	-1.44985	0.12870038	0.48332664	-0.18193656	-0.034530066	-1.33961
1.3022971	0.97708046	1.8308908	1.1754181	0.13348272	1.3734006	0.28096542	1.9499103	0.86911434	1.1780401
0.04531184	-0.76336825	0.62818664	-0.12809035	-2.361687	0.19445202	-0.7367831	0.6403109	-0.12452234	-1.6088127
0.02504126	-0.2320806	0.45608813	-0.17490129	-2.197571	-0.12770416	0.22782232	0.06456813	-0.7772585	-2.3206258
-1.0619099	-1.5490544	-0.4992809	-1.0585953	-1.6250634	-1.2790599	-1.8273441	-0.7184828	-1.1784686	-2.5002472
-0.54091084	-0.40920377	-0.19197902	-0.6516771	-0.8460274	-1.1500266	-1.0146683	-0.11594757	-0.5561221	-1.0711033
0.057379626	0.023382127	0.24814573	-0.014783397	-1.3485872	-0.8856046	0.97998285	0.046296947	-0.71450925	0.9392072
-1.2944107	-1.6820142	-0.8516073	-1.2667896	-1.6022167	-1.398481	-1.90336	-0.9566342	-1.6218361	-1.9109212
-1.6466872	-1.6464534	-0.971334	-1.6326507	-1.2138371	-0.5376312	-1.4116285	-0.037102588	-0.37190127	-0.873691
-1.1141115	-1.0682651	-0.66303754	-1.17962	-1.4411871	-1.7178186	-2.2453952	-1.524409	-2.0596359	-1.2016
-1.9440993	-1.3517681	-1.2456386	-1.8571045	-0.24093607	-0.9323798	-0.5387285	-0.03769456	-0.9482578	0.6729103
0.03323572	0.21157822	0.49427608	-0.117653534	-1.1848058	-0.1372237	0.21180998	0.4413506	0.5899682	-0.35762706
-2.1023648	-2.3922157	-1.4016707	-2.1137927	-2.3166692	-2.4032435	-1.8167357	-1.2900617	-2.5590467	-1.7142744
-1.8649044	-2.5130122	-1.2489138	-1.7364175	-3.3561134	-2.0109515	-2.7372928	-1.4638458	-1.7947019	-3.4747014
-1.5529581	-1.557617	-1.2429484	-1.5300299	-0.6069058	-2.3738847	-2.3663857	-1.5842038	-2.6792517	1.1845636
0.5261531	0.662644	0.88230646	0.21581398	-1.9475889	1.3446174	2.087587	1.7719595	1.6336403	-1.8339248
-2.0092585	-2.017679	-1.2839023	-1.8794098	-0.40283754	-1.7452033	-1.9555429	-1.5356103	-2.1269262	-0.46238136
-0.021098055	-0.38207158	0.296486	-0.12148179	-0.99208903	-1.2713768	-2.2192817	-1.1267264	-1.2880436	-0.25452405
-0.26282346	0.9047489	-0.09213668	-0.41578278	0.87920666	-1.3657444	-1.7390362	-0.49302396	-1.1591651	0.7861318
-2.5943646	-2.4247596	-1.5946839	-2.4895582	-1.9385554	-3.182755	-3.4107566	-2.243278	-2.9426823	-1.7477181
-1.4207995	-1.6172414	-0.91986704	-1.4646426	-0.9103235	-1.5853144	-1.6754841	-0.41975543	-1.1551772	-1.6397418
-0.8000634	-1.1618401	-0.50317156	-0.88167006	-2.331928	-1.0731686	-0.27907044	-0.73601633	-1.3065431	-1.1507266
-0.3767578	0.7140262	-0.5216062	-0.5449556	2.5482802	-0.5340489	1.0656751	-1.1062558	-1.1603595	2.7053802
0.100252174	-0.6381776	0.37536916	-0.059167042	-1.1296134	-1.3606198	-2.3083394	-1.0134748	-1.7252686	-1.3259784
-1.7533152	-1.8911822	-1.1690692	-1.6570214	-0.616192	-1.7933502	-2.448253	-1.8954363	-1.5821127	-0.71621966
-1.3824184	-1.4675852	-0.7624173	-1.3856716	-0.8543172	-1.9999398	-2.1070337	-1.4957144	-2.4330091	-1.0495486
-0.7980291	-1.0715437	-0.34899458	-0.6969589	-0.719152	-0.38078997	0.009884746	0.33535877	-0.42978722	-0.84935325
-2.232011	-2.1525357	-1.4481152	-2.1185322	-0.6001438	-2.14012	-0.92607933	-1.064619	-2.4885247	0.28721586
-1.7821982	-1.7267913	-1.1930351	-1.605227	0.37745818	-1.5611777	-1.6492722	-1.0669355	-1.0557656	0.5095599
-0.002368398	0.30189028	-0.07061711	-0.15217854	0.97844374	-0.30972686	0.5321915	0.13903004	-0.15432076	2.3675408
-1.7068449	-1.3501921	-1.3008597	-1.6411026	-1.2286834	-2.5486667	-1.396902	-1.7857926	-2.6118085	-0.5962501
-2.0729551	-2.1361275	-1.3533591	-1.9884776	-0.7304162	-2.3499663	-2.2501707	-1.3576387	-2.9982073	-0.78276545
1.4326608	0.76112676	1.6060555	1.1541625	-1.03485	1.8040321	1.5934833	1.9514238	1.6773816	-0.27264062
-1.9028612	-1.8034371	-1.1556768	-1.801756	-0.06362301	-1.8940781	-1.3339546	-0.817083	-1.1118027	0.3933484
-0.46027702	-0.32553437	-0.16252932	-0.4093206	-0.60631335	2.1609495	3.743244	2.2445343	2.0818248	2.4612243
0.58160037	0.9846182	0.67559993	0.4488694	0.6921147	0.93754387	1.0671217	0.294902	0.27518153	-0.44309217
-2.0485008	-2.3315465	-1.3554804	-1.9387875	-1.296446	-1.6311004	-1.2616961	-1.0781298	-2.2026706	-0.101650015
-1.4706926	-1.7044821	-0.9494977	-1.3504872	-1.9067823	-1.8218169	-2.3946261	-1.0157331	-1.5842825	-2.1850784
-0.55112207	-0.96590257	-0.1380564	-0.5578649	-1.3525836	-0.3921428	-0.43189257	-0.10354227	-0.31388903	-1.4859743
-0.41408876	-0.6426189	0.03341204	-0.54925054	-2.1603642	-0.55210435	-1.5567311	0.16426411	-0.3196168	-2.2863128
-1.6166267	-1.3321013	-1.1478623	-1.6421045	-0.45430094	-2.3685024	-1.4857839	0.11395001	-1.454621	-1.508078
0.15068078	0.2556366	0.6178854	0.045132145	-0.46438795	1.3121468	1.048032	1.2050195	0.8056363	-0.58802587
0.752961	0.56096363	1.1786178	0.5656548	-1.052766	-0.096731566	0.694878	2.0141282	0.5897731	0.40645185
-2.3990002	-2.0938554	-1.8367903	-2.303891	-1.5618845	-2.781536	-2.4026675	-1.800287	-2.766083	-0.71409047
-1.3113128	-1.251246	-0.648057	-1.3562666	0.61786664	-1.6181035	-2.1151717	-0.7067851	-1.8577034	-0.12774025
-1.4339144	-1.6115804	-0.8708534	-1.4226493	-0.40669885	-0.6554903	-1.7625029	-0.30066782	-1.1891427	-0.38426793
-1.0946792	-1.637713	-0.67594075	-1.0753586	-0.71249557	-1.2104536	-1.6810971	-0.77207804	-1.0329117	-1.6692691
0.7808742	1.8666146	1.2793515	0.4768417	0.40040484	1.0963618	2.4089694	1.3236471	0.419572	0.54547983
-0.043602236	0.2535629	0.19064477	-0.11094652	0.23470381	-0.24316333	-0.27783382	-0.60948765	-0.37450555	-0.959182
-0.30765444	-0.7970481	0.07177989	-0.5301215	-2.2563133	-1.2654667	-1.6047318	-0.656167	-1.7009118	-2.0440927
0.7760292	0.88168466	1.4170867	0.55283105	-0.4583329	2.0261192	0.93260777	2.405558	2.1325681	0.052156206
-0.39778247	-0.8845414	-0.085508674	-0.5116597	-0.4687136	-0.24452214	-1.1562504	0.024321042	-0.122960344	-0.25692654
-2.3320646	-1.293884	-1.6782308	-2.3097186	1.379305	-1.1277882	-0.56481797	-2.3616285	-1.0526747	0.95450276
-0.7233788	-1.45698	-0.40170708	-0.7115827	-0.96676385	-1.2718768	-1.3310754	-0.40074438	-1.0055797	-0.48703375
-1.7659749	-1.9261808	-1.2637084	-1.6717308	-0.8746619	-2.172527	-2.302384	-2.1624987	-1.5983773	-1.188681
-1.8525733	-2.107575	-1.1932279	-1.6538655	-1.7662107	-1.6195297	-1.5676254	-1.1529571	-0.5650831	-1.4482094
-1.4561605	-1.3865964	-0.9007716	-1.4245198	-0.22736147	-1.6662999	-1.1122966	-2.3219233	-2.4883547	-1.0671841
-2.8529735	-2.5683148	-1.7264614	-2.7030535	-2.074462	-3.2429044	-2.5676253	-2.4841564	-2.6248963	-2.610042
-2.0011575	-1.9713621	-1.2603359	-1.8974555	-0.38651335	-2.0076582	-2.4467275	-1.5052824	-2.0362093	-0.0046404595
0.58117294	0.34642175	0.9912199	0.51540095	-0.92997587	0.79499507	0.6212694	1.3312926	0.085401714	-2.2615128
2.530787	0.62625706	2.4819882	2.1204245	-0.74535453	2.7779949	-0.6180859	2.5309308	2.3255246	0.012733051
-1.886595	-2.0854044	-1.2051747	-1.7521431	-0.772105	-1.5247164	-2.3422518	-0.68045604	-1.1994519	0.10828125
-2.3201036	-2.1699793	-1.5164474	-2.2375638	-1.3611876	-2.033793	-2.1144674	-1.5283601	-1.8905647	-1.6768658
-1.9675959	-2.0375385	-1.2899663	-1.8907281	-1.9642982	-1.3669035	-1.5624417	-1.1358782	-1.3523265	-1.3217244
0.3570433	0.6999395	0.5727975	0.20618336	0.12514842	-0.31259984	-0.9354445	0.12792149	-0.7533663	-1.9923962
-0.7373986	-0.6500617	-0.490074	-0.75631183	0.4639015	-0.35389626	-0.274903	-0.4466766	-0.3233473	0.2981961
-2.2714367	-2.12589	-1.434949	-2.1694872	-1.0022726	-2.8324568	-2.8979335	-2.0831182	-2.5244412	-1.0882919
-0.66042095	-0.57109666	0.047276765	-0.75325304	-0.98995256	-1.8565096	-1.9580421	0.1051475	-1.7703992	-0.7481427
0.17403048	-0.53559697	0.52687085	-0.008686259	-2.1988227	-0.21852255	-0.4771148	0.5167942	-0.27636227	-2.085259
-1.3919122	-1.1645404	-0.8791101	-1.3782649	-0.9840157	0.7320331	-0.5598929	0.26173326	0.1382117	-2.7482848
-2.0323873	-2.1004283	-1.3014891	-1.9063549	-0.21238983	-2.0291362	-2.812358	-2.2695768	-2.297855	-1.6197913
0.7858963	0.8654847	1.1200181	0.5969313	-0.44063857	-0.13983586	-0.26701954	-0.1350638	0.03891207	0.48340657
-2.4379508	-2.3977458	-1.5231075	-2.4014049	-1.4494196	-2.1013932	-1.9996983	-1.848091	-2.05516	-1.4736077
-2.832952	-2.7334466	-1.7907636	-2.7309577	-3.2656739	-2.8148603	-2.5283387	-1.9262624	-2.5550346	-2.4432771
-0.60648733	0.26717958	-0.07499468	-0.77144575	-1.3417454	-0.10474432	0.30156216	0.9545753	-0.2688643	-1.1662171
-1.6492437	-1.7618673	-1.1461203	-1.5583928	0.17067775	-1.5188285	-1.485381	-1.0700787	-1.5749518	-0.94904876
-0.04299584	-0.5232902	0.39758337	-0.13667962	-0.99465203	0.28881195	-0.28065237	0.33535546	-0.05818021	-0.76248795
-1.6209964	-1.816403	-1.082745	-1.6406288	-1.4506626	-1.8261524	-2.687207	-0.6725623	-2.1960435	-1.6809685
-1.0484465	-0.65000796	-0.685361	-1.0965992	2.735915	-1.2089595	-1.0173664	-0.65069413	-1.3572409	1.5403591
-0.22696823	-0.88604546	0.13349864	-0.39017066	-1.8030288	1.4241949	-1.2856492	1.4376855	1.8383876	-2.4975529
0.56068283	-0.04572639	0.8988025	0.346725	-1.5706836	0.95695496	0.64711607	0.103552274	-0.48290014	-3.2149224
-0.35621944	-0.13140067	-0.112181365	-0.5543237	-1.2733234	-0.98678297	-1.3220415	-0.790786	-1.8281021	-0.56618
-1.6372999	-1.5760379	-1.0327234	-1.6999902	-0.28573745	-1.7279662	-1.6171101	-1.6947242	-2.0769517	-0.32998398
-2.1820347	-2.1008496	-1.4120982	-2.075454	-1.206194	-2.4084866	-3.011737	-1.9286534	-2.4567235	-1.334385
-1.1093884	0.9246566	-0.38948306	-1.2595313	0.83613884	-1.4536277	0.21689731	-0.67305815	-1.7784876	-1.5859827
-0.74283797	-1.1874754	-0.20718327	-0.90420985	-1.7246431	-1.1695435	-1.1902353	-0.588562	-1.2804499	-1.5239615
0.4891689	0.10504836	1.2107458	0.3195787	-1.6493702	1.0127678	1.2226465	1.4461143	0.9045447	-1.6958996
-2.5868394	-2.0962632	-1.7118614	-2.3900456	0.836077	-3.2098577	-2.7163374	-2.2550983	-3.005938	0.028748542
-1.6916784	-1.8419967	-1.1613356	-1.6460966	-1.1579875	-1.6330885	-2.1257985	-1.2977209	-2.076267	-1.0621369
-1.2907546	-1.7983108	-0.63094103	-1.2691135	-1.8819824	-0.99325573	-2.160587	-0.4932312	-1.3500633	-1.615253
-2.9797802	-2.635826	-1.8610723	-2.859949	-0.38706878	-3.0465994	-2.4232354	-1.366343	-2.45255	-0.77498466
-1.3798496	-1.5006783	-0.8082613	-1.2988814	-0.08184251	-0.52795786	-1.2730927	-0.4619757	-0.5290689	-0.019444445
-0.95282406	-1.3110871	-0.6377127	-0.89181685	-0.696365	-0.8934515	-1.4742776	-0.54881185	-0.7374468	-1.8839633
0.025327347	0.17342588	0.8462508	-0.15979038	-2.148553	-0.64445776	0.13378079	0.97700006	0.0057023386	-1.7073627
-2.0095956	-1.960809	-1.3923916	-1.9406215	-0.86124814	-2.1537952	-3.0340085	-2.2090676	-1.9585104	-0.26555225
0.18185094	0.06078881	0.61233735	0.06688313	-0.30455494	-0.64174944	-1.4866476	-0.20535779	-1.0007584	-0.939464
-2.657114	-2.4197853	-1.7417028	-2.5008705	0.8134031	-2.6720667	-2.5156155	-2.0292735	-2.062403	1.8389883
-0.0076445714	-0.32309788	0.32319382	0.054009125	-0.6511147	-0.8888341	-0.77020335	-0.7876832	-1.2778299	-1.0432168
-2.4389937	-2.3914542	-1.6677217	-2.32309	-2.3091938	-1.9922469	-1.7221872	-0.43707123	-2.335343	-1.4499129
1.984466	2.2895002	2.0967813	1.6924375	0.6553861	2.5374453	2.4488406	2.7718265	1.8209684	1.1077988
-0.21254939	-0.70023876	0.20610999	-0.3185593	-1.4629226	-0.97267205	-1.8501441	-0.26543888	-0.6997335	-1.7770642
-1.3396442	-1.8260398	-0.92010057	-1.3640873	-1.6425229	-0.25348192	-1.7489988	0.033984482	-0.15509184	-1.3448606
-2.0643005	-2.0829098	-1.4274949	-1.939953	-2.2962623	-2.0110664	-1.6100829	-1.2475314	-1.605639	-2.600096
-2.0052795	-2.2360737	-1.150197	-2.0209758	-0.968994	-1.553423	-1.4757029	-0.518926	-3.2481701	2.2293863
1.0536871	1.3547823	1.0986743	0.83376896	-0.21184176	-0.4844857	-0.14427745	0.21478774	-0.74688226	-1.1037344
0.79228425	0.29881683	1.3411444	0.65405625	-1.0460716	-0.47450295	-1.0787784	0.3200554	-0.42305905	-1.3857414
0.03737416	-0.3322584	0.56077063	-0.04839827	-1.8463925	-0.9498145	-0.40049365	-0.054744788	-1.1144637	-1.5757442
-1.6133546	-0.6919824	-1.0977507	-1.5529538	-0.22578576	-1.4571759	-0.5102167	-1.1939574	-1.593446	0.14033514
0.92853284	0.23151615	1.2317201	0.6617762	-2.5571282	1.21392	0.6192196	1.7787579	0.9905123	-1.2352955
-2.2781806	-2.274948	-1.437913	-2.2526479	-2.1087162	-3.2478807	-2.7661545	-2.0016372	-2.700156	-2.3176472
-1.4334595	-1.8321283	-0.95269525	-1.3923484	-1.6730574	-1.6054494	-1.8647871	-0.9528393	-1.3814882	-0.8797466
-1.4350952	-1.6007984	-0.8910215	-1.4999768	-2.993575	-1.2520121	-1.1717634	-0.5783623	-1.3068157	-1.4379594
-2.1328316	-2.0905042	-1.3425884	-2.0798542	-1.30742	-1.5835872	-2.1054556	-1.9825704	-1.7986729	-0.469769
-1.3427749	-1.3901572	-0.81243587	-1.3017997	-0.12405279	-1.2915938	-1.5603812	-0.5599382	-1.0588745	-0.2864173
-0.026963338	0.21437839	0.36663014	-0.25175646	-0.7063405	-0.0011452292	2.243903	0.6107091	-0.29129818	0.49566972
-1.5475816	-1.5537782	-0.99594784	-1.5119163	-1.1923652	-2.5407546	-2.6316144	-1.886703	-2.3143847	-1.4508241
-0.06682441	0.67270136	0.6774864	-0.19499367	-0.272058	0.9535312	0.53196627	1.5952235	0.25855568	-0.9583682
-0.48703116	-0.28797144	0.3450618	-0.6641016	-2.0931091	-0.37456602	-0.18315381	0.7555536	-0.002244064	-2.3007803
1.2165	0.686324	1.6577305	0.9686725	-0.9421909	-1.1604882	-1.8951645	-0.25603878	-1.6169916	-3.1248596
-0.37098628	0.47566286	0.07982293	-0.4509467	1.534261	-0.2455156	-0.648856	0.020217812	-0.25129652	0.8057011
-1.8462875	-2.158999	-1.0153755	-1.7834625	0.9754523	-2.211295	-2.4432983	-0.8871387	-2.6910043	0.6673827
-2.138899	-1.9779876	-1.2916431	-2.0919962	0.52574444	-2.0222561	-2.319587	-1.6816823	-2.2624907	0.8913401
-1.8991753	-2.1690245	-1.0259693	-1.8330594	-2.4382343	-1.5993028	-2.096986	-1.5388148	-0.9887488	-1.6099982
-0.8932055	-1.5993181	-0.5383731	-0.8881708	-2.5688148	-1.3612195	-2.3693547	-1.112732	-1.0499407	-2.1993918
0.19382659	-0.03652017	0.6263736	0.002078116	-0.6003648	-1.6648889	-1.2943583	-0.759604	-2.3298	-1.5971586
0.75486135	3.3199372	0.74859416	0.4205588	0.6685637	0.48098814	2.6989565	0.2607274	-0.14798756	1.2513242
0.30341297	0.91256416	0.65623593	0.084526226	-0.2811544	1.5577356	1.2169969	1.4517052	1.4843234	0.2570031
-1.509297	-1.395877	-1.1137177	-1.3287175	-0.28748074	-1.7048789	-2.4443579	-0.5884838	-0.8856741	-0.28993037
1.7755642	3.8847506	1.5616528	1.1524462	-1.0337473	0.7590654	2.4389377	0.5163503	0.611563	-1.2974108
1.2714537	0.47891495	1.6156102	0.9697337	0.3640453	2.0341222	1.0481406	2.4306467	1.5004151	0.4583308
0.6706794	0.1620569	1.1145073	0.4795245	-0.8621218	-1.2836576	-1.2851217	-0.69976467	-1.6875727	-1.7017707
-0.15875873	-0.18781894	0.08613637	-0.19398515	-1.0029765	0.42796203	0.5583644	1.565926	0.35891536	-1.5355134
1.1693665	3.266543	0.92848766	0.752312	0.5271249	1.1833429	3.5077333	1.1253877	-0.0113070365	0.38431618
-0.99799097	-1.3714751	-0.5972785	-1.131375	-3.2095113	-1.2009995	-1.1615397	-0.7199866	-1.7614067	-1.9031906
-0.904741	-1.6135787	-0.47923383	-0.89135814	-1.6341206	-0.4409366	-0.2956838	-0.18711565	-0.59846103	-1.195024
-0.90813464	-1.1674427	-0.4740655	-0.9078594	-1.2231951	-1.5409365	-2.2234926	-2.4293077	-1.9536008	-1.5834652
-1.4432862	-1.7401017	-1.0496788	-1.4010181	-1.5228544	-1.4646076	-0.0070580095	-0.6291541	-0.124231316	-1.154381
-0.42085615	-1.1173159	-0.08820292	-0.5046195	-1.1196339	0.500182	0.43780208	0.3711119	0.5218301	-0.55036765
1.2572536	3.790571	0.5548774	0.8938855	3.1940181	3.1257226	4.3546944	1.1192018	2.3495553	3.659892
0.24730754	1.7591562	0.469379	-0.14418584	-1.1824452	0.0037431945	1.6098182	-0.0054376526	-0.2187027	-1.4140545
0.9631358	-0.1337017	1.0996603	0.76150054	1.4121373	1.1137335	-0.16494432	1.4974481	1.2974566	1.1320581
-0.89788395	-1.0168281	-0.3774123	-0.9211179	-0.7159916	-2.3151302	-1.2900106	-2.0252056	-1.8877741	-0.2934586
-0.0008068457	0.020243883	-0.01373893	-0.16147059	1.0247054	0.10478017	1.1455607	-0.7024692	-0.16215019	1.1927066
-1.8929838	-1.9209235	-1.2522805	-1.7660455	-0.026354343	-2.2812192	-1.1157999	-1.482782	-1.6004426	0.50001943
-0.03102658	-1.1856614	0.18620709	-0.12007417	-2.0636604	-0.4632664	-1.3602209	0.38996726	-0.34278408	-1.4930305
-1.8569778	-2.0312593	-1.2247406	-1.7569126	-1.7633466	-1.9353229	-2.5573463	-1.4257612	-1.3326675	-2.2861454
-0.04206545	-0.960382	0.47000498	-0.22143033	-2.6154237	-0.10053908	-1.2470449	0.20952459	-0.3066221	-2.495596
-1.6899637	-1.7145506	-1.0384973	-1.6414121	-1.5957601	-1.7849472	-2.331861	-1.1421524	-2.1277447	-1.6994591
-1.272345	-1.411687	-0.8458427	-1.2144941	-0.91287243	-1.348746	-1.6842699	-0.91916573	-1.0283198	-0.8347856
-0.7080125	-1.0803592	-0.226246	-0.74888504	-1.6235541	-0.8073745	-0.80087346	0.3277042	-0.2838646	-0.8087823
-0.02030877	0.12613034	-0.0072179437	-0.13125028	0.51313233	-0.42311633	-1.0368874	-0.48167977	-0.46028796	0.22756241
-0.13664183	0.035158247	0.27850893	-0.29271013	0.11333647	-0.40108398	-0.62201434	0.025029764	-0.741594	-1.0841041
0.4924005	0.93538725	0.942942	0.18062802	-1.212937	0.32566226	0.8716931	1.5768527	0.07665876	-0.35145292
-0.2956834	-1.4849362	0.14752868	-0.29417467	-0.37125245	-1.4953434	-1.9812578	-1.6079342	-1.6342472	-0.90581626
-0.035827704	0.9957818	0.08087303	-0.13624425	0.61876833	-0.8595632	0.12636444	-1.1015565	-0.7474629	-1.3615721
-1.4240576	-0.79814327	-0.9029714	-1.4747783	-0.6755849	-0.1694912	-0.4991275	0.3534283	-0.05097647	-2.9922214
-1.3131331	-1.8389391	-0.8782612	-1.274848	-1.7174288	-1.4327116	-1.7851033	-0.7251132	-1.3036456	-0.6066125
-0.04331378	0.029908419	0.2963112	-0.1581294	-1.3977661	0.27166677	0.07215308	1.242425	-0.65459394	-0.69274503
-1.6600163	-1.8967288	-1.0145524	-1.5465685	0.16475412	-1.6822524	-1.7309669	-0.9652825	-1.6475937	1.4505794
-2.058274	-1.6296008	-1.2840858	-1.9537231	0.6302043	-2.9716473	-2.456594	-1.2202982	-2.2198658	-0.12360664
-1.7652321	-1.9427717	-1.1136215	-1.7386761	-1.7983422	-2.234287	-2.3952582	-1.099452	-1.478537	-2.1650572
1.0687352	0.8490267	1.2742897	0.9185314	-0.92883945	1.0567149	0.014920228	1.1306689	0.6384477	-1.1893356
-2.3202753	-2.1508405	-1.3786662	-2.177064	-0.2881734	-2.228007	-2.7475138	-1.5037606	-2.7622306	-0.102454334
0.8770749	0.4178665	1.4009191	0.6615929	-0.35055596	0.090670146	-1.303605	0.2929131	-0.16030754	-0.7255876
-0.0057972595	-0.839972	0.054486677	-0.12585281	-1.5263541	1.1253283	0.007941723	0.79957914	0.6627566	-1.4241124
-0.83045334	-0.86842954	-0.35754946	-0.8521974	-1.3483759	-1.7990417	-1.8986101	-1.6879646	-1.608362	-1.3053185
-1.8747219	-1.9328736	-1.3331953	-1.7497447	-1.8251041	-1.9793786	-2.0090842	-1.1822377	-2.294902	-1.8733888
-1.6892027	-1.6176646	-1.2467228	-1.7511895	-1.922118	-1.9550842	-1.6411552	-1.2520294	-2.7441275	-1.6888535
0.17109013	-0.15807602	0.5982846	-0.031710953	-1.5799298	0.3666659	0.08471989	1.2918983	0.1905528	-1.7454053
-1.9608692	-2.1527026	-1.3213091	-1.7959582	-1.9654366	-2.0527983	-2.9496498	-1.1007249	-2.798185	1.0875211
-1.0201517	-1.2036172	-0.7193347	-1.0362495	-0.66097116	-1.6639866	-2.4383132	-0.8427944	-1.4227993	-1.3200283
-1.760589	-1.7187	-1.0159168	-1.629734	2.6245353	-2.1325927	-1.7839066	-1.350625	-2.0793643	2.0501595
-2.2454875	-2.1093843	-1.4252317	-2.159864	-0.4060465	-1.9311728	-1.9623543	-1.3918018	-2.0907512	-0.810897
-2.316939	-2.1198742	-1.3915238	-2.2276263	-1.0046009	-2.7402236	-2.3828976	-2.3452377	-3.7629251	-0.8679328
-1.9846855	-1.7633122	-1.3019166	-1.9185207	0.18145564	-2.2594588	-1.9288697	-1.6385126	-2.2469573	-1.201988
-1.9217261	-1.9954553	-1.2269032	-1.7676011	-0.7769769	-1.745768	-2.5193815	-1.209888	-1.9835719	0.8645418
-0.67984575	-1.2002299	-0.34220502	-0.8106161	-2.0280545	-0.954259	-1.3021884	-0.5997887	-0.5132572	-2.199354
-2.0256922	-2.0084364	-1.3205719	-1.94673	-1.8694564	-2.1083055	-1.8386843	-1.783855	-1.4275295	-1.1943688
-0.18320024	-0.662136	0.20131171	-0.37387523	-1.2716465	-1.2153367	-1.3221935	-0.80509377	-1.3670614	-0.23437971
-1.4525586	-1.7358004	-0.9294404	-1.3116108	-0.2855657	-1.3469926	-2.0316	-1.5004506	-0.5070884	-1.0335791
-0.03925269	-0.5370321	0.34998378	-0.22366753	-1.899206	-0.68884087	-0.61870986	-0.23046854	-0.85730785	-2.5036225
-1.0525764	-1.2800562	-0.59598815	-1.009616	-1.3759754	-1.2158036	-1.9542779	-0.68140674	-1.1594347	-2.7013695
-1.6331785	-1.9056473	-1.1154184	-1.5845993	-1.2098616	-1.4013051	-2.1238575	-1.0745279	-1.3484708	-0.7154854
-0.50931424	-0.55429125	-0.23684749	-0.5602657	-0.37763947	-0.42477477	-0.78989846	-0.33224535	-0.55799824	0.48160157
-1.6093968	-1.7969583	-1.0101779	-1.6049329	-0.3419921	-1.5947335	-1.2772819	-1.1610731	-2.0810673	-0.5364304
-1.9438834	-2.3036683	-1.3375989	-1.890477	-2.0076013	-1.9535933	-2.2090924	-1.3135228	-1.3370194	-1.5488895
-0.21660364	-0.96942806	0.3054141	-0.37641454	-2.1805325	-0.30234206	-1.3260947	0.17717873	-0.9028499	-2.768713
-1.4193517	-1.4531636	-0.89474	-1.371303	-0.69873464	-0.70137614	-1.4012898	-0.5259312	-0.67878556	0.8497564
-1.7075582	-1.7973105	-1.064375	-1.647175	-0.73491144	-1.628866	-1.9896843	-1.2307029	-1.9484136	-0.4464748
-0.94532096	-1.588429	-0.45941886	-0.9909866	-1.1765563	-0.8639988	-2.145691	-0.014663717	-0.95458156	-1.7916884
-2.0142765	-1.9843137	-1.3656147	-1.9064316	0.58659244	-1.2233977	-0.91542935	0.21410154	-2.0216615	2.851479
-1.5753514	-1.7146053	-0.96788466	-1.4334735	-0.5348681	-1.7383384	-1.7627343	-1.0833921	-1.3514531	0.018796286
0.095747285	-0.5254879	0.33290294	-0.042167887	-0.50323266	1.8340038	0.27913305	1.5987324	1.2634065	-0.51739246
-0.8378873	-1.3614877	-0.2599642	-0.94303375	-2.1206038	-2.1431112	-2.2539065	-1.1003094	-1.0990243	-1.6823826
-1.2629949	-1.871758	-0.75893605	-1.2648472	0.41510066	-1.4044785	-1.8776889	-1.2518915	-1.7911149	0.58362794
0.46742365	-0.47819215	0.62937516	0.3300445	-0.0171974	-0.022451732	-1.87517	-0.34855533	-0.32901087	-0.02885232
0.21477991	-0.3915804	0.70141923	0.047591567	-1.8629116	0.15991493	-0.38713855	0.8835158	0.52457494	-1.9496167
-1.187355	-0.5042261	-0.8311986	-1.1108763	0.95792603	-1.9368556	0.44900396	-1.3028582	-1.418119	2.403427
-0.027274739	0.37289456	0.349855	-0.19077565	0.22815433	-1.1259574	0.3695543	0.035807364	-1.8968292	0.76810914
-1.728389	-1.5446379	-1.2639471	-1.6402603	-1.2269336	-1.6517874	-2.2806492	-2.1385338	-1.9676971	0.3549855
-0.7542434	-1.0649867	-0.3194832	-0.904248	-1.7297335	-0.71027863	-0.015744265	-0.15326674	-0.28469598	-2.0559115
-0.18454245	-0.3471998	0.35241184	-0.2364612	-0.8610953	0.5278462	0.5597325	0.9371566	-0.08813016	-0.6748457
-2.0322585	-1.9584467	-1.2986753	-1.9592738	-0.8755071	-1.794549	-2.0163903	-1.702781	-2.0006914	-1.2225486
-1.1119807	-1.45994	-0.6597998	-1.0808874	-0.5861554	-1.3720839	-1.4179416	-0.87129027	-1.651464	-1.1100208
-1.316679	-1.6437265	-0.82028425	-1.176593	-0.119354725	-1.7450686	-2.0571363	-1.8972331	-1.4856538	-0.3687621
-1.7610466	-1.6446152	-1.3432448	-1.6817877	-1.2189949	-1.249477	-1.7568215	-0.86435014	-1.6613617	-2.0121784
-0.9069226	-2.0234706	-0.56923914	-0.7936065	-1.7890161	-1.3270589	-2.1303551	-0.43021727	-1.151666	-0.98296225
-1.6287514	-1.8548931	-1.1261276	-1.4140764	-1.2901843	-1.0446185	-1.4017627	-0.8423104	-1.3639555	-1.0915077
2.3293197	2.4682252	2.5690782	2.0075061	-0.7505455	1.9490526	2.2191887	2.2214139	1.6569054	-1.1936584
-2.2731621	-2.1736927	-1.4448485	-2.1762748	-0.022380799	-2.5836947	-2.6652784	-1.3899512	-1.3150463	0.10723274
-2.0669985	-1.9943249	-1.3181745	-1.9462199	-0.9227544	-1.3632296	-1.8070914	0.00086194294	-0.78719634	-1.40592
-1.400446	-1.7323501	-1.0570247	-1.2864347	-1.8084663	-1.7171891	-1.5785334	-1.26375	-1.2514006	-1.2873763
0.61337346	0.15424535	0.76973534	0.5048363	-0.7788243	0.5410285	0.590311	1.0080807	0.41559353	-1.4020407
-1.3480229	-1.7319869	-0.8357092	-1.3449141	-1.3744849	-1.7934374	-2.17543	-1.1691657	-1.2050289	-0.8892952
-1.5380802	-1.2513621	-1.002806	-1.4380865	1.8657776	-1.400469	-1.23415	-0.7817445	-0.70690966	1.2064906
-0.8617566	-1.0792524	-0.6265968	-0.8389685	-0.10384324	-1.4816989	-1.2619017	-1.2678477	-1.1350483	-0.39874053
0.47271165	0.7588656	0.67802155	0.39143825	0.78040624	1.7973416	0.9308098	2.6129272	1.8672413	1.8541275
-1.9525433	-2.0371578	-1.2550187	-1.8588631	-0.9673226	-1.5405892	-2.0735028	-1.1030685	-1.3676802	-0.7933319
-0.61526144	-0.9549024	-0.42444625	-0.62688524	-0.054576606	-1.0678682	-0.5874682	-0.83364177	-1.4494203	-0.8811663
-0.3436625	-0.3443281	-0.32504204	-0.45359576	-1.692509	-1.371761	-1.7541587	-0.8440857	-1.4301766	-2.3897884
-1.2399163	-1.4036834	-0.81744194	-1.1733147	-0.8949777	-1.0800542	-2.0195243	-1.5283359	-0.9072085	-0.8887408
0.020809047	-0.014744163	0.4279696	-0.100994155	-0.21760163	-1.6761981	0.55336064	-0.50630236	-1.6556766	-0.27032685
-0.6924679	-1.0871336	-0.22550046	-0.80578256	-1.8180128	-0.43949628	-1.1583271	-0.025396777	-0.5651549	-1.6119891
-1.337574	-1.0180533	-0.80163836	-1.2816604	-1.0068012	-2.1485171	-1.1919627	0.20446417	-1.4854399	-2.0100777
-1.7363681	-1.8623297	-1.2227834	-1.6925224	-1.1107267	-1.9180101	-1.620508	-1.749265	-1.9718634	-0.7411918
-1.2558571	-1.4244211	-0.6490952	-1.215854	-0.4024362	-1.2899729	-1.8633766	-0.6562937	-1.353986	0.5410878
-1.3734407	-1.7006984	-0.89119196	-1.3230402	-1.4950732	-2.0332046	-2.4936578	-0.3304673	-1.7585156	-1.9644227
-1.26251	-0.6206125	-0.9997673	-1.2942233	0.95616233	-0.8676549	-0.66329795	-0.7938935	-0.67971176	0.35253417
0.34666142	-0.11083445	0.48959568	0.108613834	-1.0677255	0.6499502	0.60006756	0.63819534	0.38789362	-1.5123209
-2.0233467	-2.0019562	-1.4266385	-1.9515584	-1.7418991	-1.8672686	-2.2808356	-0.8318163	-2.1167853	-1.3408836
-1.2525178	-1.5426385	-0.71635735	-1.2673042	-1.0324408	-0.5965865	-1.3179177	-0.20212613	-0.8411656	-1.2189639
-2.0087876	-1.9494923	-1.3882738	-1.987361	-1.6883647	-2.3595548	-2.3471494	-1.7496302	-3.0056365	-1.6012731
-0.26144084	-0.8458333	0.24673545	-0.2676949	-1.2879167	0.7321275	-1.3876177	1.5786262	0.31048945	-2.1055076
-2.5630538	-2.1785583	-1.6039464	-2.44558	0.27308962	-2.823674	-2.599777	-0.9766044	-2.4001732	0.81890446
-1.7688882	-1.9448974	-1.1329814	-1.6946752	-0.40056494	-1.844755	-2.1270528	-0.5265484	-1.7775939	-1.0168768
-1.7663898	-1.6814508	-1.1841593	-1.7130165	-0.38978413	-1.5198442	-1.0058361	-0.06243741	-1.413245	-0.5391625
-0.028557278	-1.0098145	-0.093602985	-0.22057982	-4.1468434	-0.26234668	-0.5366502	-0.124265686	-0.62507564	-3.4929924
-1.4994218	-1.5803313	-0.8761647	-1.392252	1.365537	-0.8966432	-0.4523293	-0.8676623	-1.2733977	0.78256625
0.024785064	-0.7449899	0.35331592	-0.18763393	-2.2723606	-0.5249072	-1.2092572	-0.4013243	-0.46948227	-2.3190308
-0.11447169	0.7221788	0.21459973	-0.3589331	-1.8612692	-0.41882935	0.5675304	-0.18456733	-0.75823677	-2.1752994
0.31883273	0.7717191	0.6793745	0.1548603	-0.22621357	0.7071788	1.3473591	0.9884362	1.1586459	0.5157493
-1.7060121	-1.37787	-1.1243649	-1.6739805	-0.022839814	-2.1226876	-2.3159528	-1.273257	-2.1025007	-1.0660226
-1.0474346	-1.2878747	-0.50054395	-1.125691	-1.1625068	-0.6346246	-1.341716	-0.17779137	-0.83703554	-1.194082
-2.362836	-2.2869637	-1.573688	-2.2354662	-1.8806578	-2.842909	-2.652395	-1.5283644	-2.5648038	-1.7291414
-0.07878075	-1.2194489	-0.21678603	-0.18127032	-0.17084467	0.03890068	-1.817529	-0.98962	-0.69510514	-0.8143604
-1.4403522	-1.4280931	-0.9024719	-1.3668364	-1.8786236	-0.4845236	-0.8741212	-0.08058529	-0.5217139	-2.3273509
1.6631687	1.1808264	1.7528541	1.5331839	-0.549152	0.20541362	2.1607187	0.15430674	0.06052138	0.7855477
-1.5061592	-1.9583514	-0.9615197	-1.5659571	-3.0443256	-1.2235702	-1.9346172	-0.63363487	-1.2747581	-3.2668269
-1.5571606	-1.5743605	-1.1238726	-1.4960711	-1.3040054	-2.1314855	-1.2420399	-1.6002529	-1.6880234	-1.0281874
-1.1478255	-1.1605525	-0.9148755	-1.1030067	-0.8217831	-1.553207	-1.4751489	-1.2189393	-1.9462714	0.4243415
0.6456448	1.4811866	1.0478293	0.35065573	0.7110584	0.38451368	4.146328	0.76193017	0.6566366	-0.061457265
-1.8691558	-1.8109863	-1.1498185	-1.7545815	-0.45286492	-1.7212021	-1.4301184	-2.0502646	-0.6297246	-0.8631215
-1.44627	-1.523602	-0.9936513	-1.4059111	-0.89161766	-1.8943083	-2.0681987	-0.88569003	-1.7566108	-1.766711
-1.9287078	-2.0273616	-1.3057139	-1.9076866	-1.7157749	-1.4243666	-1.4013783	-0.8868589	-0.9654133	-1.3771389
-1.2224556	-1.5216132	-0.6697804	-1.1850498	-1.3622164	-1.431486	-2.1729844	-1.0130011	-1.6970767	-1.2646847
1.7820879	0.8891283	2.1122746	1.4992932	0.63767815	1.9579734	0.9171492	2.3176253	1.4928291	0.017914614
-0.83973765	-1.1764925	-0.6084826	-0.78162384	-1.9383645	-1.36042	-2.0169444	-0.55327064	-0.62487394	-2.174714
-1.0626206	-0.9176829	-0.89276457	-1.1708019	-1.339712	-1.5955722	-1.6295471	-1.404521	-1.3278251	-0.9925181
-2.518386	-1.0835606	-1.9239879	-2.5159316	-0.4800221	-3.2838871	-1.1211305	-2.8329625	-3.9285522	0.20333776
-2.0933375	-2.433773	-1.4524944	-1.9636009	-0.68813217	-1.8303268	-2.0465033	-0.9719181	-2.174509	-1.2752786
-1.179994	-1.4602997	-0.7136198	-1.1209348	-2.020648	-1.2928379	-1.8553734	-0.77526724	-1.6137232	-1.5891511
-1.7574384	-1.9705882	-1.1110274	-1.6409919	-1.9170347	-1.6522255	-1.7484452	-0.53244627	-1.85303	-3.1423528
-1.1739045	-1.7760448	-0.83266616	-1.1914104	-0.740795	-0.8214275	-0.1669681	-0.64236933	-0.63986814	-0.8948399
-2.405039	-2.4458203	-1.5603449	-2.2474492	-1.6908399	-2.2643135	-1.7444656	-1.4694468	-2.7931988	0.07015443
1.475508	1.8319287	1.5872175	1.363452	1.4478112	1.4397811	4.2136674	1.7727621	1.6917461	3.1635494
-1.5631222	-1.7128432	-0.95066035	-1.5295388	0.09950483	-2.494091	-1.9486576	-0.75290626	-1.7198361	2.0400753
-1.4638754	-1.5252907	-0.9154314	-1.4827952	-1.3586235	-1.7752508	-1.684116	-1.3802888	-1.2817277	-0.13485888
-2.5796988	-2.3219132	-1.5584639	-2.4272683	-1.6193601	-2.818115	-2.1466174	-1.9540358	-0.94600797	-1.5508044
-0.7886811	-1.3228319	-0.39377305	-0.81301343	-0.2457256	-0.58655775	-1.4851639	-0.3104695	-1.2374355	-1.026653
1.499879	1.2439191	1.6760042	1.2390965	-0.14011635	1.7944704	0.9061409	2.0422146	1.595881	0.27527857
-1.2382268	-1.4119015	-0.74560857	-1.246813	-1.5235491	-0.7143089	-2.1848495	-0.11579371	-0.7215212	-1.0088211
0.47646508	0.15785494	0.7872859	0.34573638	-1.1845598	1.5135378	1.6177878	1.5985318	1.2944174	-0.8827132
-2.3492951	-2.1888618	-1.4365737	-2.2899232	-0.62899554	-2.335959	-2.0561304	-1.5380492	-3.4863298	-1.3858364
-0.5175366	-0.18083432	0.11226463	-0.6712803	-1.3662484	-0.21872522	1.641471	0.2662802	-0.90262043	-3.1365132
-1.1316662	-1.3631505	-0.63544524	-1.1357514	-1.8683945	-0.45879048	-0.5889934	-0.73929906	-0.86034757	-0.8312601
-1.0024265	-0.86421573	-0.53036904	-1.098558	-1.5802157	-1.042047	-1.4219627	-0.7522912	-1.2960759	-1.6461673
-0.70351094	-1.0340607	-0.30716798	-0.7928384	-1.131673	-0.6229799	-0.6313566	0.47181976	-0.5297648	-1.4751093
-1.1691988	-1.4859068	-0.6533196	-1.1421455	-1.4102675	0.3994502	0.10595854	0.9347224	0.017232243	0.13020611
-0.28821746	-1.083088	0.030166894	-0.34163755	-1.7175449	0.6062129	-1.0078824	0.72210205	0.6236395	-1.5473579
-0.22391418	-0.8395332	0.25572747	-0.31756705	-0.88762665	-0.7949493	-1.4356363	-0.27017677	-1.036565	-1.1260211
0.5017275	1.0346287	0.68759704	0.34391034	-0.36513525	0.23827884	-0.043398224	0.8104245	0.21676525	0.12191588
-1.0597478	-1.3918656	-0.60118926	-1.0249462	-1.3688242	-0.396113	-0.82012194	0.16554002	-0.65111727	-1.6077859
-0.5019157	-0.9859803	-0.2266179	-0.56796175	-0.48477715	-1.3664825	-1.267926	-1.4923611	-1.0881544	1.509005
0.70275074	-0.053064644	0.8608048	0.5347633	-1.5634217	1.084886	-0.7727132	0.69406	0.81216884	-2.7971525
-1.5749842	-1.6801428	-1.0392628	-1.4539821	-0.6311246	-1.5735794	-1.7900301	-0.8759135	-1.2464019	-0.931193
1.4146179	0.94455385	1.5107914	1.1207789	-1.1578839	1.3484482	-0.19612099	2.2168288	1.2106173	-2.8507962
-1.2969245	-1.4535176	-0.84618306	-1.268132	-0.8574923	-1.8204776	-2.601371	-1.0011249	-1.9339366	-0.054694694
-2.7789147	-2.4846404	-1.7648761	-2.6813972	-1.5074862	-2.6345367	-2.1197357	-1.661645	-3.982143	-1.0287472
-0.7343033	-1.0008591	-0.4818789	-0.7278948	-0.5337194	-0.7617706	-1.0193515	-0.36841646	-0.57575554	-0.3562967
-1.6037039	-1.6364489	-1.050962	-1.5218836	0.718349	-1.7092519	-1.9442323	-0.64908624	-2.7413611	-0.614065
-1.2893938	-1.2109803	-0.9288665	-1.2858148	-0.7639239	-0.27569523	-1.2552652	-0.57739645	-0.50699216	-1.8985354
0.4062275	-0.3187408	1.0019825	0.29669803	-1.0712873	0.06642493	-0.60939026	0.9193309	-0.15471597	-1.3678399
0.75825983	0.9839721	1.0207033	0.5173419	-0.4932411	-0.077744156	-0.2711793	0.080077715	0.11609821	-1.6291025
-0.4095662	-0.3715376	-0.18712685	-0.48824382	-0.6381841	-0.2016125	-0.10705986	0.12584688	-0.58057696	0.5442572
-1.411052	-1.5862287	-0.9956176	-1.4333457	-1.6878756	-0.8824372	-0.6562549	-1.070982	0.10206235	0.3708384
-2.0814579	-1.8048482	-1.3377355	-1.9950775	-0.92019224	-2.5402977	-2.2759018	-1.6317488	-2.7175574	-1.4759116
-1.6704193	-1.6395367	-1.1159868	-1.674857	-1.4170747	-1.3905637	-1.9336157	-0.59230167	-1.4432485	-0.65973425
-1.3185058	-1.75417	-0.81677413	-1.3260506	-0.5775627	-1.2022095	-1.9376861	-1.3273195	-1.4772973	-1.4200909
1.1334187	0.52048385	1.3726234	0.9181026	-0.97424114	0.70932525	-0.06970738	1.0383854	0.79129225	-0.9241951
-1.8967175	-2.0633628	-1.1979201	-1.9094893	-1.5684257	-1.3602316	-2.0221527	-1.3047475	-2.0669715	-2.8631015
-0.2808863	-0.38535652	0.16151986	-0.39446464	-1.0328239	-0.68302727	-0.14555171	0.18614547	-1.0709398	-1.3756502
-2.1555858	-2.119714	-1.3927599	-2.0940197	-0.8545134	-2.500239	-1.9794571	-1.300752	-2.5500858	-0.55488217
-1.5202659	-1.7070692	-0.84143865	-1.4839909	-0.92782414	-1.4344089	-1.9151967	-1.1635772	-1.2049624	-0.91016585
-1.5132431	-1.638111	-0.9906951	-1.4803302	-0.980582	-1.6371008	-1.6530182	-1.202277	-1.4841225	-0.77596855
-1.1792904	-1.5015745	-0.7021942	-1.2738147	-1.8957794	-1.0632895	-2.9337533	-1.2143887	-1.8634771	-1.7262003
0.7441585	-0.16669717	1.3242705	0.54874545	-2.3446982	0.060473517	-0.68540883	0.7580057	0.045898106	-1.4075199
0.8641698	2.0464163	0.8922188	0.64510065	1.5541707	0.72309154	1.0877407	1.3714045	0.8417613	2.0969207
-1.3968238	-1.6127447	-0.9621588	-1.3722204	-0.49727336	-1.0591179	-0.8702276	-0.3039354	-0.5793697	-0.16329986
-1.1361835	-1.5009907	-0.70008874	-1.177363	-1.6975702	-1.0476663	-1.8289912	-0.59983855	-1.0842249	-1.1117367
-0.29264504	-0.54014623	0.14092833	-0.5302155	-2.6402082	-0.5681734	-0.30518264	0.7081573	-1.131143	-2.4570389
-1.5642209	-1.7498305	-1.0096021	-1.4902197	-0.33606246	-1.5491627	-2.659862	-1.3318294	-0.34327978	-0.529912
2.4653795	0.48597047	2.536691	2.2376316	-0.66559273	2.5628347	3.2528358	2.2097743	2.3457441	0.27861798
-1.9681118	-2.1638956	-1.1018609	-1.890677	0.87948203	-2.1479943	-2.2475638	-1.3810993	-2.8792303	-0.4084807
-1.5058653	-1.6841973	-0.9613645	-1.4632297	-2.0815425	-1.6254213	-2.0453687	-0.83505476	-2.1591651	-1.1514723
-2.1245406	-2.2419522	-1.4181558	-2.0728567	-3.0333934	-0.58560187	-2.6310067	-1.1766682	0.032846346	-3.274095
-2.4879067	-2.410474	-1.5646936	-2.4140375	-1.1492678	-1.9506977	-1.4460634	-0.6493374	-2.7541568	-0.77445304
-1.1030344	-1.1239893	-0.6907731	-1.0740743	-1.1097186	-0.8994748	-0.51344544	-0.48023647	-0.8995846	1.0290564
-1.1772155	-1.6680839	-0.62997687	-1.1675711	-1.2080016	-0.34004465	-1.6937722	-0.14428584	0.15830386	-1.1901689
-1.0041546	-1.0443875	-0.57010806	-0.95915824	-0.400862	-1.7993524	-2.4242756	-0.53132784	-0.849271	-0.43153045
-0.020261675	-0.8650234	0.08556466	-0.08314207	-0.33042943	-1.0834862	-1.8220352	-1.020219	-1.1552652	-0.08267703
-2.3082259	-2.2233	-1.447532	-2.1163137	-1.1807854	-2.1184704	-2.0636315	-1.2854539	-2.361865	-1.0135274
-1.0135411	-0.77867746	-0.5911679	-1.0731531	-0.46335068	-1.4326773	-0.86072534	-1.3232648	-1.2721777	-0.5129575
-0.3972389	-0.45474344	0.16337487	-0.4132322	0.8463057	-0.3132641	1.0350697	-0.26236653	-0.73211837	0.88091195
-2.4545808	-2.3980558	-1.6080765	-2.3674757	-1.7997257	-2.7316604	-1.7332226	-1.6524962	-2.3491924	-3.374299
-1.7382224	-1.9506055	-1.1837113	-1.6704787	-1.9658701	-2.4078133	-2.3338585	-1.3179712	-1.5683227	-1.777881
-2.4829483	-2.2950685	-1.4935647	-2.292631	-1.6102806	-1.82072	-1.4783162	-1.1635393	-2.2125635	-0.3344889
-2.1352088	-2.1682248	-1.3871351	-2.0517855	-0.9344697	-2.4090488	-2.7610137	-1.5576149	-0.9949943	-1.7226058
-0.5042253	0.5581534	-0.36753085	-0.7294133	-1.5435015	-2.120757	-1.650356	-1.1213169	-1.8179085	-3.500048
-0.9616558	-1.7061869	-0.6348727	-0.9483218	-2.8454232	-0.89256126	-1.9517128	-0.915087	-1.2364523	-3.360468
-1.741484	-1.8320191	-1.133277	-1.6587512	-0.44784713	-0.6123964	-0.96568686	-0.51482946	-0.6082343	-0.56631523
-1.8831258	-1.7408633	-1.2050481	-1.8286846	-1.6635985	-1.8065532	-1.3847349	-1.0412073	-1.4841261	-0.75428504
0.120894514	-0.774688	0.5175204	-0.046812847	-1.4422694	0.1449576	-1.3813472	0.8018469	0.18205473	-1.6677252
-0.81476164	-1.0408682	-0.6057228	-0.79231316	0.15827379	0.40245497	-0.8179821	0.5582392	0.1511234	-0.14824644
-2.4045186	-2.3323038	-1.6222023	-2.2812452	-0.73130304	-3.3600626	-2.8417938	-1.75219	-4.094335	-2.5767474
1.1985539	0.49018916	1.3987616	0.9231138	-1.5300107	2.3165307	2.6811547	2.4177403	2.2967196	-0.7309209
-0.6496742	-0.64271086	-0.23467001	-0.7133625	-0.4873645	-0.8689451	-0.98313653	-0.53459704	-1.3848809	-0.5072708
0.38861886	-1.1921206	0.3086458	0.27717382	-3.0922065	1.4860868	-0.42950457	1.035673	1.184719	-3.6718886
0.6072975	-0.18146333	0.837762	0.39442402	-0.6314851	4.6645494	1.3108827	4.8173594	1.9883225	-0.10064154
-1.844291	-2.065637	-1.1529082	-1.8895968	-1.8833498	-2.4632223	-2.6540194	-1.1761158	-2.8071682	-0.6062626
-0.78925616	-1.0511109	-0.3369538	-0.89166766	-1.5550563	-0.67692775	-1.312102	-0.35323095	-0.8874183	-1.6282296
-0.6218808	-1.1482546	-0.15962541	-0.6659942	-1.1413068	-1.5052243	-2.656565	-1.0032396	-0.46371615	-1.1278188
-0.702372	-1.2088536	-0.36937556	-0.644459	-2.2187066	-2.5571103	-2.7872193	-1.7471192	-1.4622325	-3.129471
0.04641988	-0.64303863	0.4501309	-0.017243639	-2.413517	-0.005750971	-0.6138479	0.67559487	-0.1476639	-2.0972826
-1.073977	-1.235355	-0.6747793	-1.0261756	0.24061146	-0.34438637	-1.0830548	-0.10180756	-0.2280316	0.8101852
-1.5485039	-1.6368833	-1.055062	-1.5411783	-1.2173785	-2.463283	-2.3931005	-2.0298781	-2.9367726	-1.4244065
-1.4912219	-1.2053385	-1.0829878	-1.4380901	-0.15377006	-1.506637	-1.8718175	-0.6305291	-0.71622795	-0.75135326
-2.7715433	-2.526385	-1.7850361	-2.6261966	-1.8466166	-2.7923083	-1.7779258	-2.3124838	-3.5983775	-1.8343421
-1.1768755	-1.1019267	-0.84140897	-1.022117	-1.3418764	-1.7772107	-1.4050447	-1.5776005	-1.9194903	-2.0500197
0.61454	0.7202883	0.45404083	0.39543873	-1.8174305	0.17010576	-0.7377696	-0.5576583	0.43008056	-1.3792661
0.5823117	0.68572533	0.99085426	0.26510704	-1.5271598	0.7530597	0.3952138	1.2338253	0.93411136	-1.7089545
0.29129472	-0.6273308	0.7657355	0.06975894	-1.9972175	0.27502978	-0.90223515	0.6723191	0.10227296	-0.6714016
-0.6055741	0.16576257	-0.4093984	-0.7459901	0.107262075	-0.64246184	0.51294404	-0.54373026	-1.0077063	0.37747622
-1.3676198	-1.6525686	-0.76947534	-1.374509	-1.3954859	-1.3409406	-1.9812222	-0.790458	-1.3726311	-1.8173294
0.6392983	0.64856124	0.53462124	0.56096685	0.35769072	0.91946757	0.96011335	1.2046531	1.3322123	1.05961
-0.46563932	-0.81842077	-0.3096439	-0.45540464	0.12441647	-0.6463844	-1.0122297	0.046223834	-0.60468996	0.2152334
-0.10734323	-0.14534065	0.22012328	-0.2186471	-1.1927297	-0.36032832	-1.221461	0.3717687	-0.23760888	-1.7474341
0.66662943	0.93878937	1.1060932	0.4686064	-0.71684146	0.61980546	1.6243796	1.2785766	0.83369124	-0.411464
-0.7364132	-0.70366037	-0.42040196	-0.67776763	0.08835414	-0.1690165	-0.5374804	0.20127964	-0.5554824	-0.37178302
-2.148679	-1.899159	-1.4519722	-2.0173774	-1.2407455	-2.8879197	-2.3349133	-1.9719963	-3.3309824	-0.9600016
0.6153887	0.053457946	1.1351249	0.46034682	-1.2745436	0.5247362	-0.5290318	1.2656918	0.41993186	-1.4868321
-0.49619344	-0.1904723	-0.13564906	-0.63411385	-2.0315247	-0.40186107	0.37316337	0.16341709	-0.5283577	-1.7383914
-1.5996007	-1.479181	-1.0330361	-1.5875511	-1.1006359	-0.847657	-1.8917801	-0.3216961	-1.1666696	-0.007607784
-0.1495114	-0.10932326	0.36260673	-0.2534684	-1.0687449	0.40277922	-0.1684197	0.55366117	-0.23583223	-1.8939711
-1.2430023	-1.7437378	-0.7362844	-1.1750938	-1.9852082	-1.2958282	-2.283899	-0.9730281	-1.5760912	-1.9238253
-1.1374185	-1.3961841	-0.6565906	-1.1323282	-1.444698	-0.9791323	-1.2656549	-0.8859348	-0.8377758	-1.4482132
-0.94616485	-1.3832846	-0.5508019	-0.94918114	-1.4696378	-0.30318376	-0.91283065	0.33163103	-0.40356225	-0.7785749
-1.0128766	0.0521259	-0.7238083	-1.1098949	0.8003042	-1.416194	-0.9188571	-1.0556773	-1.0253748	-0.12890784
-0.7437125	-1.4308677	-0.305006	-0.7639119	-1.6744599	-0.94461733	-1.2284327	0.001117003	0.005005721	-3.002311
-1.5253569	-1.5275619	-1.1575265	-1.4570171	-1.1438483	-1.884704	-1.3994826	-1.5950613	-1.7374072	-2.2887707
-0.120911576	0.3655711	0.03639403	-0.36388832	-1.9352918	-0.8707041	-1.0470506	-0.55970275	-1.4393138	-1.6642036
-1.5115656	-2.30611	-1.0253874	-1.3735145	-2.7681866	-0.50717425	-2.2144759	-0.98558295	-1.0729955	-3.17007
-1.5423001	-1.8710792	-0.9481615	-1.4604454	-1.9865614	-2.0017807	-0.7307875	-0.42398134	-1.5240986	-1.6171489
-0.77278095	0.110797495	-0.85256624	-0.82087475	0.37001774	-0.9973636	-1.329991	-0.8829301	-0.810748	-2.4204113
0.7499914	0.19186568	1.2693526	0.6135478	-0.020987153	1.6229255	1.3777866	1.7566415	0.97508395	0.20191547
0.7087624	1.0712955	0.42961404	0.48392653	-0.8198811	-0.76169854	-2.2403476	-0.39194906	-1.2601933	-2.0871809
0.031467013	-0.4825155	0.087284684	-0.23754272	-1.7455359	0.048667863	-0.31951985	0.28115073	-0.06136525	-1.910834
-0.46729767	-0.06575027	0.15831742	-0.56541824	-0.23034549	-0.36753896	0.51586443	0.34336334	-0.65086615	-0.28728056
1.1725525	0.15177321	1.6730964	1.0608037	-0.15864745	-0.27234465	0.77318907	0.5563672	0.135699	-0.1680112
-2.232593	-2.2184546	-1.416543	-2.215978	-1.5718727	-2.3288724	-1.7096444	-1.3266103	-2.6393485	-2.3201916
-1.6051439	-1.7915375	-1.1299777	-1.523372	-1.0657318	-0.7448905	-1.835939	-0.4800616	-0.6335312	-2.9951713
-1.7562226	-1.708407	-1.1478988	-1.689049	0.22584149	-2.240715	-2.1634603	-1.3960788	-2.5684338	0.92656803
-2.0892158	-2.0107617	-1.2777499	-1.9169087	-0.44617268	-2.2398837	-3.5551577	-1.7264605	-2.7235382	0.21113151
-2.570068	-2.4349668	-1.7129719	-2.4470825	-1.3867875	-1.9764593	-2.2403152	-1.4402276	-2.3295586	-1.7248822
0.42483732	0.67156315	0.8193073	0.21341418	-0.26636022	1.250874	1.3489008	1.0382134	0.8578275	-0.7733971
-2.3206604	-2.2117727	-1.3666222	-2.203426	-0.80891854	-1.3199195	-0.09450444	-0.8036322	-1.1649301	-0.68625444
0.8136603	0.8418621	1.0499938	0.56408817	-1.6117613	0.486281	0.76297444	1.13942	0.7569577	-1.2463577
-0.072416656	-0.94237065	0.33117574	-0.1927053	-2.0641944	-0.15810524	-0.99196374	0.17845517	-0.16383456	-1.7606342
1.9851912	0.7884867	2.337244	1.7015874	-0.32750556	0.9347458	0.6144304	1.4877014	0.56055117	0.14000624
-2.0301976	-1.9839624	-1.2637706	-1.8604535	-0.8964453	-2.230882	-1.791215	-0.62095344	-1.3020487	-0.3763398
0.74062556	-0.87878513	0.8210437	0.6153095	0.0029675364	0.30975494	-1.2338552	-0.099468626	-0.08817212	0.68018806
0.22974908	-0.1381357	0.61007243	0.1019298	-0.715744	0.29477844	-1.2202471	0.8732046	0.38559225	0.77983785
-1.2477779	-1.3971169	-0.93019783	-1.268185	-1.3895189	-2.1947181	-1.7028896	-1.5182252	-1.7310392	-2.4744763
-0.48097354	-1.2597593	-0.28482386	-0.43773407	-2.2665699	-0.23211405	-1.2087369	0.37501115	0.20458461	-2.15901
0.24312806	0.1203261	0.7450825	0.14185904	1.1126834	0.3799138	0.72443324	0.7282183	0.24147011	2.3750408
-1.050756	-1.1547047	-0.6338	-1.0650208	0.7322726	-1.4516736	-0.5838057	-0.5065145	-1.4776837	1.5187589
-1.533605	-1.8811356	-1.0865164	-1.3901474	-1.4499656	-0.8120274	-1.5017048	-0.38709608	-0.6135139	-1.365659
-0.12998673	-0.8447546	0.3644984	-0.30153257	-1.8805457	-0.32095188	-0.7357666	0.58392054	-0.13504824	-2.333826
-1.603248	-1.7572107	-1.0472164	-1.5247531	-1.8768967	-0.8538034	-1.1582999	-0.90259933	-0.34533566	-1.0590248
-1.7458737	-1.8708705	-1.1149145	-1.6326569	-1.1138437	-1.6138247	-1.9073995	-1.7999964	-2.067872	-0.91245437
-1.1843061	-1.0241567	-0.75789964	-1.1463358	-0.5520863	-0.5144188	-0.40865338	-0.32336327	-0.99041784	-0.1556256
-1.1813017	-0.9883839	-0.8131087	-1.2251854	1.1222916	-1.1844326	-1.7362462	-0.5560837	-0.94679296	0.4981367
0.4581811	-1.1805643	0.60503477	0.23395823	0.55195606	1.0515028	-0.37211737	0.3229099	0.74179155	1.9171929
-1.7713232	-1.9136348	-1.1134152	-1.7124429	-0.5541109	-1.6423244	-1.7598976	-1.9646672	-1.1967849	-1.3054681
-2.0825891	-2.028931	-1.4086344	-2.0424426	-1.4373444	-2.1786833	-2.6529088	-1.5012631	-3.1593616	-0.92277086
-1.5386784	-1.427537	-1.043658	-1.5465502	-1.8666338	-1.7338231	-1.9286658	-1.6004611	-2.4498463	-0.1313127
-1.2476076	-1.7645862	-0.7974186	-1.2388409	-2.217931	-0.67070955	-2.4369223	-0.7669036	0.05465673	-1.4635704
-1.4930135	-2.063842	-1.053841	-1.4798224	-2.0976105	-0.6925745	-1.3201221	-0.59053314	-1.4889714	-2.6490307
-0.43910867	-0.9760597	-0.005633831	-0.5720283	-1.7982893	-1.0585256	-1.3145155	-0.97680354	-1.7924106	-2.1131623
-1.8807573	-1.9072655	-1.2042533	-1.7863765	-1.3608758	-1.2402607	-1.5497035	-1.0083545	-0.86965847	-3.1504097
-2.2930737	-1.91903	-1.4080591	-2.2354152	-0.30067888	-2.3505197	-1.1494479	-2.0219502	-2.6220205	1.3726802
0.32256654	-0.010250568	0.84447396	0.092973605	-1.9484087	1.267673	-0.05625878	1.7714554	1.6134752	-1.7109035
-0.5829682	-1.0648549	-0.15369484	-0.6230194	-0.6520212	-1.0038191	-1.166543	-0.48085997	-0.9684569	-0.27513954
-0.3483404	-0.89331174	0.056852907	-0.28327763	-0.26724428	-0.96035624	-1.849203	-0.5421722	-0.747642	-0.26565146
-1.8500801	-1.9720504	-1.1551675	-1.7143424	-0.44660857	-2.5251446	-2.0424728	-1.7204266	-2.4325852	-0.31829238
-1.909083	-1.7524209	-1.2036936	-1.7940273	-0.24604306	-1.6241115	-1.6803442	-0.8363115	-1.351835	-0.8039093
-0.04943917	-0.31266856	0.11825201	-0.18006016	-0.3839898	-1.1778758	-0.4618307	-1.8623616	-0.61098725	-0.47368807
0.46145573	-0.03778839	0.71408725	0.34099883	-0.72789466	-0.18253869	-0.7217298	-0.43606606	0.0019131225	-0.6407351
-2.4964962	-2.3970492	-1.5706675	-2.373765	0.032538235	-2.41352	-2.311275	-1.5697972	-2.5438123	-0.19881573
-2.589167	-2.4489381	-1.6086717	-2.4154947	-1.5149642	-2.2696145	-1.72653	-0.49933794	-2.7231932	-1.0950992
-1.2476553	-1.5377966	-0.775483	-1.2859576	-1.7153832	-1.7881202	-2.3636713	-0.79985553	-2.0066047	-0.4631406
-2.0720298	-1.5516946	-1.3885305	-2.0678089	-1.1131107	-1.893514	-1.6930369	-0.38676968	-1.2596042	-1.9892548
-0.50813115	-0.6279094	0.29139623	-0.6203131	-1.6186898	-1.1518245	-1.2041742	-0.097559065	-1.6273394	-1.6968112
-0.48946026	-0.9678936	-0.07133302	-0.6149103	-2.1150665	-0.35442442	-0.8896499	-0.3251334	-0.56349945	-1.8848116
-1.1443654	-0.88753486	-0.6531038	-1.1087176	0.6039814	-0.640105	0.015883833	0.49110067	-0.997231	-0.23797794
0.116768025	1.637608	0.12743475	-0.06541138	1.6139246	-0.7006886	0.46234384	-1.380762	-1.1676395	2.3000782
-2.115827	-2.0816588	-1.3182249	-2.0734534	-0.70782113	-2.1297266	-2.3207545	-2.398422	-2.8509998	-0.8311844
-2.1799104	-2.2110863	-1.361602	-2.0415883	-1.3314942	-0.7536541	-1.6523949	-0.6496241	-1.8634771	0.43354437
-1.7704328	-2.0156763	-1.1636623	-1.789866	-2.1745002	-2.5998485	-0.96920484	-1.504171	-1.6559583	-1.9208283
-1.5448276	-1.9853387	-0.94162655	-1.5845013	-1.4514393	-2.2416136	-2.340188	-0.69281197	-1.863722	-1.1104196
-1.1661623	-0.95934784	-0.8590355	-1.0706125	-2.336666	1.5502858	1.683948	0.4214976	2.164829	-1.2717874
1.0116065	2.31002	1.0030363	0.65891236	-0.56374156	1.7167091	2.819718	1.0274984	1.5504501	0.24393459
-0.98300445	-1.1772298	-0.59482515	-0.98689926	-1.0094409	-0.6629425	-1.6628541	-0.23630717	-0.78018177	-0.34774002
-1.6781014	-1.8119118	-1.1199471	-1.548979	-0.763775	-1.5125905	-2.1795962	-0.84486103	-1.3704299	0.44600543
-2.1261926	-2.1412833	-1.3379381	-1.9907033	-1.9427192	-2.069324	-2.4127898	-1.3622719	-2.5393944	-1.6766223
-1.1420889	-0.73540574	-0.6994624	-1.1671104	-0.5176678	-0.8485889	-1.200743	-0.24843913	-0.9278789	-0.37946615
-1.8137221	-1.8733482	-1.1060357	-1.6943552	-1.5093101	-1.3674948	-1.9610817	-1.5598382	-1.4415659	-1.3210129
0.30283904	-0.083023265	0.6148001	0.036124066	-2.059409	0.2954791	-0.28908598	0.6579732	0.3909029	-2.1612563
0.14122826	-0.3684128	0.29646772	-0.0643501	-2.4223852	-0.37119085	-0.631677	-0.0007844401	-1.6207637	-1.4620887
-0.25061956	-1.068886	0.16976443	-0.299904	-0.14457008	0.47983828	0.9535083	1.0869663	0.22488587	0.55639774
-1.2902063	-1.2929093	-0.8702704	-1.3054339	-1.4455327	-0.6575529	0.026815599	-0.047547832	-1.1741912	-0.9043172
1.0335091	1.034759	1.4804882	0.8357651	-0.5611708	1.8676986	1.606186	2.3285093	1.1807786	-0.61970186
-2.5176759	-2.354548	-1.6084014	-2.3838992	-1.632687	-3.0509617	-2.7541745	-1.3000804	-2.766083	-1.2927735
-0.021253802	-0.04751849	0.5037955	-0.17851906	-0.67208505	-0.13827956	-0.2218591	0.1754571	-0.86481416	-1.8405929
-1.7303241	-1.87248	-1.1314863	-1.7155966	-1.0644257	-1.4511782	-1.5187107	-0.5781637	-0.21986574	-1.0749412
-1.7636734	-1.8578668	-1.1761378	-1.6716301	-0.7321608	-2.285672	-2.4360008	-0.14954655	-0.5783192	0.40145996
1.2397096	1.1207063	1.5519493	1.0672835	-1.2289352	2.214402	1.9997814	1.5328252	0.6693564	-0.44529754
-1.9439032	-1.5092813	-1.1626635	-1.8964432	0.4736335	-1.561725	-0.7966188	-0.90176976	0.20073085	0.78730386
-0.13620824	1.0235156	0.26027435	-0.23809731	0.75765073	0.040746868	1.5668093	0.8725917	0.10095617	-1.2502481
0.35224962	0.41692153	0.7162874	0.20442487	-0.6546954	-0.9197182	0.21225975	0.1377533	-1.3061825	-1.454838
0.6116385	0.36624148	0.76978314	0.384337	-1.6808251	0.6981373	0.16825175	1.0605824	-0.017035892	-1.5050757
-1.3977484	-1.6510568	-0.8765782	-1.3836484	-1.866074	-1.3744928	-1.6773956	-1.3085226	-2.0335944	-2.1576424
-1.1655964	-1.3323544	-0.65617275	-1.233707	-1.0527333	-1.8503522	-1.7722852	-1.2072833	-1.2330661	-0.33261696
-1.4254649	-1.5990303	-0.958184	-1.3816295	-1.3241428	-0.76867545	-1.3852589	-1.26878	-0.72122896	-1.5006973
-1.6202599	-1.7744719	-1.0968663	-1.6569555	-1.169825	-1.188176	-1.7537544	-0.47225899	-0.50204295	-0.016109511
0.32011062	-0.3619936	0.55291	0.19813325	-1.4600164	0.13990675	-0.3514705	0.036447484	0.11823104	-1.1901273
-0.76822376	-1.2024732	-0.2456528	-0.8348112	-2.2330256	-0.7746536	-1.5382975	-0.25289416	-1.1317768	-1.752821
-0.0008370057	-0.06875017	0.6967467	-0.099708244	-0.80419844	0.004244269	-0.68822896	0.34556112	0.07051012	-2.2903695
-0.9228445	-0.85908914	-0.3896015	-0.88500863	1.4837531	-1.7134157	-1.2616628	-1.089386	-0.80825794	-0.36492008
-2.2727866	-2.3883052	-1.530104	-2.1097767	-1.1833125	-1.6260703	-2.1497006	-0.7867482	-1.8179556	-0.6069646
1.2509512	2.8573081	0.87874055	0.988883	1.4448345	1.0469427	1.040634	0.9364631	0.788663	1.6375751
-1.5417645	-0.941463	-1.1240368	-1.5605197	-1.400651	-1.2657883	0.53730106	-0.94008017	-1.6148405	-0.9649002
-1.5673467	-1.8192554	-0.9251902	-1.549505	-1.4479243	-1.7910876	-1.7994884	-1.004592	-2.035431	-1.6194915
-1.2099593	-1.3366674	-0.79452646	-1.1746341	-0.91916716	-1.0056831	-1.2342268	-0.44124427	-0.33902228	-0.8633189
1.0165594	0.50390327	0.67404985	0.7884813	-1.840617	0.073483095	0.11276774	0.29745606	0.11462063	-1.4129725
-0.23162809	-0.5413281	0.27574477	-0.29294997	-1.1583687	0.14053936	-0.21919927	0.88009477	0.094658464	-1.6608866
1.5533055	2.819246	1.5619481	1.1609454	-0.35763606	1.0401658	2.4983044	1.2648249	0.39077508	-0.9064594
0.2658034	-0.4207879	0.67501056	0.06242405	-2.1846402	0.16896267	-0.84753263	0.7142572	-0.12580632	-2.1453834
-1.1775573	-1.5841148	-0.83706486	-1.1365465	-1.807214	-0.19001462	-2.1590126	-1.6161466	-0.5875066	-2.3399491
-1.5582284	-1.4968543	-0.94026303	-1.5676892	0.40115067	-1.0082066	-1.0731372	-0.84134644	-1.2609178	-0.13646759
-0.0725489	-0.7078866	-0.04849854	-0.19590445	-0.86495245	0.97808045	-0.041087642	0.45482355	0.55813664	-0.21083395
0.7487043	-0.42649525	1.183907	0.6826122	-0.19931373	-0.9600518	-0.369786	-0.80780995	-1.7487361	-1.5495374
-1.9614819	-2.2206142	-1.2079358	-1.8853453	-1.9994129	-1.9717997	-1.6827505	-1.3658998	-1.7545038	-0.110445894
1.3217783	1.0020605	1.562479	1.1330616	0.3703868	1.7936465	2.318163	2.034476	1.6150931	0.2279844
-1.6191193	-2.0241578	-1.1171654	-1.6187406	-1.0015849	-2.0790832	-1.9888794	-1.3452209	-1.5425729	-1.1231451
1.9619602	1.064656	1.4793998	1.5722125	-2.109335	1.3558937	0.6000416	0.92370784	1.3936349	-2.2442505
-1.1644502	-1.7793918	-0.6831224	-1.1442195	-0.8247002	-0.7464654	-1.730023	-0.6016114	-0.47345993	-0.9148625
-1.9871504	-2.0262644	-1.2637935	-1.9059334	-0.75582314	-1.457257	-0.39853564	-0.7391787	-0.6232993	-0.8940155
-1.3709552	-0.9421288	-0.9679551	-1.3278596	-0.13095284	-1.2618418	-1.4641486	-0.94666696	-1.5492847	-1.0954906
-1.4266307	-1.4447571	-0.9524379	-1.4176334	-0.54243207	-1.6083288	-1.5882099	-0.97883964	-1.9148824	0.15145022
-1.6793834	-1.445956	-1.1128712	-1.612313	-0.020242065	-2.798522	-2.3233936	-1.619398	-2.5060341	-0.74652445
-0.7111085	-1.4136661	-0.09192029	-0.74130476	-1.4957037	-1.4340204	-1.1740626	-0.46314728	-1.5209979	-1.6776911
0.770816	0.19327495	1.1057882	0.5399958	-1.3825325	0.54959327	-0.44409138	1.2229555	0.37932476	-1.7740763
-1.5672231	-1.8679907	-1.0067039	-1.499507	-1.0044409	-1.3080752	-2.7292345	-1.4229149	-1.049919	0.20864993
1.1957592	0.55199206	1.675285	0.94082475	-0.85016596	1.1078434	0.61192065	1.5708709	0.62743586	-0.19722013
0.15126324	-0.47428292	0.52603126	-0.042538837	-2.05894	0.3458065	-0.6920062	0.461077	0.32677013	-2.557745
-1.3206762	-1.7201521	-0.8064859	-1.2805767	-0.4783569	-1.316675	-1.3124872	-0.8394746	-1.4487865	-0.53602105
-0.11163178	-0.7381923	0.23022698	-0.26890302	-1.747394	-1.0879402	-1.5434179	-0.10326896	-0.25228086	-2.4600348
0.4944007	0.51180446	0.83323777	0.39100373	-0.38026536	1.738592	1.2989503	2.1812363	1.1614896	-1.7438382
0.22252986	-0.33522448	0.5099558	0.14415754	-1.1762061	0.7794197	-0.35362726	0.9697011	1.7069851	-0.4760832
-1.2096022	-1.6221945	-0.8484372	-1.1396049	-1.3254689	-0.9488056	-1.0891001	0.3431224	-1.2805727	-1.6595619
1.1795475	2.5670104	0.99601376	0.7856467	0.70800364	-0.8211522	3.318513	-0.4175583	-0.32329038	1.1278625
-0.9651917	-1.3205881	-0.51782084	-1.0102315	-1.4235992	-1.5955938	-0.806305	-1.9273803	1.5566063	-1.7027717
-1.6793524	-1.9860413	-0.9839158	-1.6251029	-0.9331181	-2.0879118	-2.167585	-1.1173755	-1.5480016	0.6277097
-0.8656536	-0.99424577	-0.46038374	-0.81030035	-0.55327505	-1.1038957	-1.1547683	-0.54574484	-1.2276688	0.5560919
-1.8612808	-2.060803	-1.2149258	-1.8126658	-1.3864762	-1.954417	-2.0150936	-1.4520289	-2.464294	-1.0079012
-2.045105	-2.014715	-1.3226746	-1.995788	-1.7644144	-2.3180656	-2.514559	-1.9984267	-2.5067341	-2.401078
0.8895318	0.44255802	1.3437525	0.70221937	-0.700335	1.0301988	0.046867903	1.491972	1.1034051	-1.0998538
-1.745121	-1.9438919	-1.1317252	-1.7273178	-1.5834004	-0.34865928	-1.5434355	-0.53882486	-0.5080223	-1.8410673
0.5950851	0.15152138	1.0205868	0.43655783	-0.75997543	0.4091198	-0.122297674	1.1446644	0.12544537	-1.8256857
-1.309259	-0.4381782	-1.1829966	-1.2672619	0.15353319	-1.6102865	-2.0388498	-1.5487121	-1.836786	0.11757351
-2.0767133	-2.0211082	-1.1986701	-1.9655046	-0.8165103	-2.6604903	-1.8776944	-1.7905502	-3.164495	-2.1069107
-1.6994776	-1.7452986	-1.0628498	-1.6180265	-0.614151	-2.1667325	-2.1168475	-1.5716211	-1.6502105	-0.82839596
0.6182367	0.45958188	0.9589915	0.42011845	-1.0182745	1.0680426	0.2897977	1.5486128	0.5947418	-2.2406118
-2.8844876	-2.432781	-1.7473766	-2.7667556	-1.3924651	-2.8577657	-3.105185	-1.7709814	-2.0982575	-1.5378009
0.4216001	-0.3446394	0.81702995	0.22718759	-2.7219071	0.8040038	-0.072980516	1.2908423	1.2522713	-2.0182612
-1.5530378	-1.573652	-0.8291639	-1.4569479	-0.11241689	-1.529315	-1.6812013	-1.2626115	-1.1694208	-0.24158028
-0.42221048	-0.37428674	0.046475917	-0.5391986	-1.6585506	-0.6919101	-0.03025949	0.04389141	-1.1349468	-1.4036696
0.8090393	0.65157485	1.2536211	0.6027406	-0.38721865	1.5513016	1.2348145	1.773232	1.0328275	0.032076355
0.71930456	0.9888606	0.81070244	0.4425254	-0.13319603	-0.802019	-0.15434746	-0.25838324	-1.2012465	-2.1845288
0.20990723	0.37563905	0.57970697	0.004896	-1.1127536	0.46701384	-0.15864864	0.9058652	0.41176486	-1.027728
-1.8163744	-1.8738009	-1.163379	-1.7386549	-0.6172223	-1.63723	-2.2002962	-0.865036	-1.1129506	-0.19677359
-0.89724886	0.19554642	-0.21828184	-1.1106633	-0.98381233	-1.1269829	0.4894087	-0.7696328	-0.9691942	-0.28693146
-1.0748273	-1.2539114	-0.6186521	-1.1632802	-1.9246808	-1.1949198	-0.7621503	-0.37668732	-0.82474464	-1.3251071
1.0574559	1.3105571	1.4978328	0.8252702	-0.94418776	0.91746837	1.0658938	1.5174221	1.2646717	-1.2028055
1.3106171	0.4750819	1.7219069	1.0111573	-0.9341768	0.8562098	0.1979045	1.6335826	0.597939	-1.2674522
0.3697609	-0.17868644	0.79960954	0.13038932	-1.7159313	0.5852122	0.1412215	1.419146	0.82595885	-2.1422234
0.97666484	1.3538687	1.8656425	0.7812663	-0.24349633	2.775159	2.070666	3.0620117	2.5213037	0.033570927
0.1770148	0.58382916	0.41942853	-0.006065935	-0.2669743	0.44065195	1.051791	-0.4463249	-0.17968191	-0.3277681
-1.8637885	-2.0860803	-1.2473366	-1.8531253	-0.23705477	-1.7208922	-1.9960488	-1.2627782	-1.6025007	1.21045
1.4898994	2.2811987	1.7537028	1.2180041	0.08219227	2.622128	4.0693	2.0882223	1.7893068	-0.46135956
-0.1650671	0.09045738	0.12310693	-0.22273539	-0.14441812	-0.64513075	-0.15021919	-0.6233455	-0.59177595	0.37337554
-0.5365499	-1.1110485	-0.045959204	-0.68670696	-1.7164176	-0.5098132	-0.5756893	0.3372306	-1.1520923	-2.4169278
0.38877472	0.09551948	1.0081484	0.20314853	-1.4588886	0.038848903	0.29716772	0.6371835	-0.009426687	-2.4363673
-1.5949936	-1.736451	-0.9018966	-1.6039118	-0.5125269	-2.0373995	-1.6235175	-0.6797827	-2.392431	-0.6273673
0.39617127	0.07036364	0.9106859	0.26664215	-0.7221609	0.020986855	0.4707247	0.7343697	-0.35301417	0.18281595
-1.1024516	-1.2726008	-0.5788499	-1.1652881	-2.0674906	-0.9918687	-1.1733736	-0.62203264	-1.432405	-2.2478542
-1.8908118	-1.9268634	-1.2546476	-1.8117651	-0.5915557	-1.9479548	-2.2337265	-1.5718302	-2.123926	-0.47041917
0.007062517	0.0761967	0.42053744	-0.20174201	-1.372253	0.020788943	-0.5569966	0.3700135	-0.20125687	-2.2726424
0.79258054	-0.19867614	1.2665246	0.730818	-1.6370828	1.196489	1.1341499	1.5074252	0.7779642	-0.8161696
-0.6376268	-0.9840778	-0.12936774	-0.6483107	-1.1534203	-0.8280072	-1.321679	-0.39880034	-1.0031995	-1.1225412
0.44470736	-0.17051487	0.8955554	0.27120018	-1.8446524	0.44952196	-0.41014272	0.83093405	0.37395376	-1.8489021
-0.96969944	-1.4319091	-0.5385864	-1.0212443	-1.5414627	-1.3792189	-1.4564433	-0.41491586	-1.6129483	-1.5772429
0.53222394	-0.023388892	1.0035414	0.35976952	-1.2202661	-0.6832207	-1.2023584	-0.44242486	-1.0348989	-1.588133
-0.2099495	-0.8359716	0.11994544	-0.27242118	-0.50288385	0.33569178	-0.81590647	0.08460275	-0.090055116	-0.95289016
-1.3996059	-1.4904611	-0.8898761	-1.3330246	-0.16845095	-0.44958416	-0.28742322	0.103162706	-0.07983365	1.7559372
0.23688805	-0.3757046	0.8411366	0.10695703	-1.7963252	0.16776207	-0.14349559	0.75858396	0.37923634	-2.172771
1.6746807	1.0096258	2.066996	1.4096876	0.72149444	2.0907466	1.0795444	2.3015025	2.3620389	0.8443923
-2.0041595	-2.032921	-1.3174771	-1.9537876	-1.3991534	-2.078593	-2.45816	-1.3253278	-1.0447621	-2.0843132
-1.5351692	-1.2612082	-0.97289944	-1.5454035	0.11416456	-0.8654042	-1.9307832	-0.7626115	-1.2198658	-0.1231001
-1.5085288	-1.1668533	-1.0581955	-1.5981336	-1.3669603	-1.6998287	-1.857411	-1.0008411	-1.4168427	-1.4939446
-1.1003665	-1.1432472	-0.4440004	-1.0542578	2.5808642	-1.3797536	-1.7790525	-0.4101601	-1.3610686	0.9854158
1.4652677	1.1423346	1.6601901	1.1559922	0.63550913	2.6650684	1.77143	1.7106016	2.0364242	0.9419838
0.57937044	1.140353	0.93942595	0.28739846	-0.62415063	1.8107724	1.9560388	1.8768857	2.461131	0.22517352
-1.5441278	-1.7099352	-0.9089689	-1.4876215	-0.40934363	-1.5524955	-1.9426568	-1.4023478	-2.0747936	-0.3349038
1.8423065	2.004018	2.372881	1.5824298	-0.011358231	1.3949907	1.2099973	2.1720793	1.0598379	0.3483375
0.7430789	-0.047372997	1.1100774	0.5194796	-1.6612195	-1.1091781	-1.3678678	-0.28642237	-1.1221157	-1.6059093
0.9382338	1.5556833	1.0819983	0.659583	-0.17208852	3.262315	1.2530284	2.7231495	2.7650926	0.7782739
-1.4443858	-1.6204932	-0.9531492	-1.4691285	-1.0781577	-1.209772	-1.2866325	-0.722202	-1.2190531	-0.5926021
-1.2250737	-1.299447	-0.6663606	-1.2533365	-0.25926062	-1.1615279	-1.7624354	-1.2525901	-1.5787013	-0.41008717
-2.222799	-2.0809598	-1.3643775	-2.082718	-0.43665594	-2.2303083	-1.6658727	-1.5130599	-2.2665882	-1.6752067
-1.3311607	-1.6512697	-0.8546034	-1.2936114	-2.0074642	-0.70449156	-1.1557552	-0.44949025	-0.55208194	-2.335922
-0.41660455	-1.3754364	-0.13893256	-0.527754	-0.20391864	0.43009236	-1.3741623	0.5867284	0.97958845	0.15639849
-0.732263	-0.79671884	-0.088293284	-0.7859533	-0.9836682	0.33495608	0.57209176	0.14558479	0.20073085	-0.52221006
-1.0555073	-1.4532605	-0.57790995	-1.0285714	-1.3360274	-1.357076	-2.725673	-1.6458911	-2.2103114	-2.2933629
0.7052688	1.8440988	0.2741949	0.23288415	0.46771786	-0.09195446	3.9127288	-0.9113896	-0.44870272	1.7586732
0.40513572	0.021695763	0.80930436	0.2278196	-0.5354338	0.90375304	-0.24932466	1.1424003	0.69178903	-0.98265237
-0.22663155	0.48993543	0.56276846	-0.36201337	-0.46016654	0.9309507	0.94002634	1.4649554	0.9794187	-2.6426966
-0.9613713	-1.4027836	-0.4659169	-0.94554013	-1.2120744	-0.8584203	-2.368898	-0.06305773	-0.9947809	-0.7018994
-0.4427522	-1.2205338	0.18956429	-0.52619433	-2.1196122	2.060467	-0.24874079	2.2419052	2.4104702	-2.135075
1.8297759	1.3122278	2.0213385	1.5829794	-0.8099743	2.566072	1.2392097	2.5847795	2.4384336	-1.606452
-0.7252127	-0.94239867	-0.3543333	-0.8074048	-1.4131018	0.4639043	0.040042218	1.1336793	0.8177249	-1.034725
-2.3279798	-2.4301865	-1.5283489	-2.2481818	-1.185061	-2.1874251	-1.8116162	-1.0403763	-2.9548516	-0.64495564
-1.9091597	-2.1460032	-1.2608305	-1.7779182	-2.4242733	-1.5465275	-2.2757301	-1.548646	-1.3742102	-2.0646732
-0.50601166	-0.7934021	-0.1796625	-0.633381	-1.0645524	-0.745578	-1.1775057	-0.111644976	-0.9120028	-2.0207727
-1.6081518	-1.678484	-0.9896531	-1.5388083	1.0688906	-0.07339254	-1.4399	-0.49614918	-0.3099751	0.9241318
1.4981949	2.9732277	1.9602954	1.2586619	1.5405775	1.7730378	3.390778	1.5225431	1.2422932	1.0135626
0.5925805	2.3766844	0.6152694	0.32878911	0.2869874	-0.9729249	-0.03208158	-0.61763304	-0.71197164	-1.0956836
-0.542808	-1.0582894	-0.16300076	-0.6803279	-2.32312	-1.5432546	-2.7096133	-0.9346005	-1.4109871	-1.8741242
0.22654197	0.0742977	0.6100662	0.001806125	-1.6259973	-0.06679645	0.35233304	0.23468404	0.1489961	-2.5184786
-0.23101333	-0.7116467	0.16346803	-0.35307902	-2.1320238	-0.4437062	-0.7710141	-0.67305386	-0.60940915	-1.2433877
-1.3671852	-1.8674941	-0.8813269	-1.2539104	-1.5328814	-1.3749781	-2.0462928	-0.63465315	-1.213983	-1.0913726
-1.8220919	-1.8227782	-1.2694848	-1.7056402	-0.89276695	-0.6947677	-0.8418104	-0.7954996	0.060895678	0.63069457
-1.2822434	0.7167599	-1.0237157	-1.3837173	-0.90310645	-1.8675488	-0.13826548	-2.414571	-1.1863422	-1.1553882
-0.9834261	-1.4353037	-0.5684259	-0.9499368	-2.6539755	-0.34003767	-1.0960902	-0.712759	-1.0633417	-2.9677832
0.6297424	-0.019900367	1.1046946	0.46007347	-2.196502	-0.20252302	-1.0090072	0.37063918	-0.5017045	-3.0069737
-0.105985075	1.8321452	0.14101389	-0.14767872	2.3943775	-0.70851535	1.5781693	-0.0815163	-0.34325346	1.4835852
-0.9969527	-1.399762	-0.49719146	-1.1076428	-2.519756	-0.3602976	-0.97577125	0.018832669	-0.37179807	-2.146789
-2.1162074	-2.3106718	-1.4797262	-2.0371523	-1.735317	-1.7137064	-2.04816	-0.84544474	-1.602417	0.9576158
1.1485356	0.9805505	1.0234067	0.80411035	-0.44741854	4.8000474	1.88419	4.4349694	4.2924533	0.80582935
-0.11833648	0.31358585	0.24530008	-0.3451954	-0.16053917	1.7525511	3.0456553	1.9515829	1.297804	2.0299785
-1.9157127	-1.7763345	-1.078352	-1.8382876	1.2036436	-1.6482401	-1.8999141	-1.2804686	-1.7441276	0.9985704
-0.06446216	-0.39323413	0.37664983	-0.1506641	-1.77521	-1.1380215	-2.57301	-0.079633944	-0.40097728	-1.8370308
-0.17163184	-0.7188954	0.24158075	-0.14900859	-0.7924006	0.8581466	0.14841591	0.9105521	0.7196062	-0.063342385
0.9756827	0.7235801	1.3772653	0.71454215	-0.749416	0.14785151	-0.150098	1.1321443	0.07588399	-1.9307548
-1.9190664	-1.9638623	-1.2193772	-1.8067683	-0.6368632	-2.506337	-1.7992952	-2.8477938	-2.1361942	0.10369833
-1.6283497	-1.9390906	-1.1139122	-1.5166583	-1.115638	-1.0155342	-1.6281013	-0.7649743	-1.9100821	-1.1524073
-0.92850465	-1.2424996	-0.54975903	-0.94332385	0.25965688	-0.9218782	-1.0926099	-0.091452196	-1.417179	-1.4106551
-0.69015896	-1.2577192	-0.39337274	-0.7958864	-1.3614861	-1.46715	-0.9385274	-0.6982827	-0.14209566	-1.699084
-1.5934178	-1.8135344	-0.90179825	-1.5815514	-1.6196538	-1.4668032	-1.9506758	-1.0043962	-0.96036416	-1.2638732
-1.6850147	-1.9153483	-1.1567456	-1.638643	-0.9725224	-1.863026	-0.94457567	-1.190866	-1.7052926	-1.8910562
0.11627292	-0.2857195	0.43825427	-0.124181196	-1.5129924	0.52809036	-0.23373987	0.7220183	0.5646843	-1.8181455
-1.4222753	-1.771936	-0.9327333	-1.3816704	-0.8164396	-1.1012992	-2.0622218	-0.9648679	-1.3155812	-0.91822404
-0.9391968	-1.3404628	-0.61777484	-1.007401	-0.3364534	-0.9335264	-2.0645232	-0.50865966	-1.2018164	-0.62737626
0.06618903	-0.07275638	0.28227848	-0.058693692	-0.45742014	0.6519904	-0.92166674	1.1323367	0.7554147	-0.16104282
1.9697131	2.6220267	2.0104115	1.699682	0.41504171	1.2646717	3.7351923	1.0431944	0.8573037	2.245363
-1.1033821	-1.286383	-0.66057885	-1.1265149	-1.5697817	-0.4239102	-1.4917849	-0.1906367	-0.8588619	-1.1057099
-1.5638185	-1.9684178	-1.0419863	-1.4434558	-1.3266939	-1.4003428	-2.1076646	-1.0245912	-1.3786747	-1.8551723
0.6127739	0.1890673	0.91408837	0.3815518	-0.36792043	0.4927645	0.1693333	0.70200735	0.40757257	-0.20329565
-1.1342564	-1.185844	-0.7809353	-1.1918796	-0.98035836	-0.24087673	-1.0815506	-1.0004833	-0.77919036	-2.0948398
0.15520579	-0.14817983	0.7532015	-0.016632989	-0.517983	0.4315644	0.05253097	0.7636046	0.25543416	-0.3504817
-0.814757	-1.2466391	-0.420549	-0.92113507	-2.0597951	-1.5202675	-1.9627771	-1.387507	-1.9107956	-2.337392
-0.7625152	-0.8938259	-0.24748966	-0.75879514	-0.30116007	-2.0738447	-2.1509945	-1.1073742	-1.8955423	-1.4322782
-1.8842374	-2.0624626	-1.2964482	-1.7969974	-1.4061211	-1.8528719	-2.0857701	-0.94221616	-1.6570898	-0.9468058
-1.524387	-0.8350241	-1.1037846	-1.4797844	-0.049954653	-1.9410746	-2.2291772	-1.1082712	-1.8648007	-1.3001451
-1.5850439	-1.7248268	-0.907055	-1.5113546	-1.1097138	-2.0829103	-2.0576093	-1.1392932	-1.9612375	-0.8162199
-2.3293676	-2.2235978	-1.5080618	-2.257027	-1.4424242	-1.9417206	-2.41916	-1.4859368	-2.43492	-0.7743531
-2.0590992	-2.1517684	-1.3840609	-2.037953	-1.2352432	-2.4125366	-2.0324292	-1.2344203	-2.4368978	-1.510036
-0.53528506	0.64067984	0.07185474	-0.6778484	0.5098525	-0.36938924	1.9211988	0.28049272	-0.94394517	0.84681165
-1.5012748	-1.8606808	-0.9800912	-1.4413807	-0.4615518	-1.7551966	-2.0505662	-2.706834	-0.5417938	-0.22875245
-0.2882998	-0.41682112	-0.04123321	-0.33204734	-0.82816875	0.101037785	-0.5257286	0.4485995	0.16780564	-1.1902789
-1.8738414	-1.9228119	-1.2365587	-1.7759008	-0.70637393	-2.5686293	-3.09043	-1.0713959	-0.8100195	-1.0162407
-0.93691593	-1.6122198	-0.48001263	-0.93273187	-2.2617	-0.8988313	-1.2695075	-0.32568118	-1.0304487	-2.3339932
-1.627329	-0.72808194	-1.4793062	-1.6931496	0.28533086	-1.429957	-1.7187837	-2.841401	-2.302887	-0.9221708
-1.4484792	-2.2287996	-0.849983	-1.4066056	-2.8004878	-1.4316763	-1.5131714	-0.58869714	-1.1964766	-2.3404038
-1.8846436	-2.1169353	-1.2620608	-1.8455966	-1.203356	-1.8520578	-1.4335802	-1.2278261	-1.0141356	-0.40394157
-1.4023277	-1.8776327	-0.7968136	-1.470812	-1.6901786	-1.3471628	-1.479261	-1.1213024	-0.30895162	-1.0920131
-1.3434185	-1.4645802	-0.9429269	-1.3643236	-0.024485976	-1.327144	-2.002849	-1.0941716	-1.951447	-0.8063451
0.580912	-0.44034067	1.0772738	0.411403	-2.3016968	0.6369572	-1.1906422	1.5477225	0.47429043	-2.1469133
-0.4925559	-0.87857556	-0.4041246	-0.45093524	-0.26566502	-0.9872003	-0.9381494	-0.8046427	-0.5417938	-1.2731022
-0.7484319	-0.16532323	-0.32574943	-0.85735536	3.203397	-0.57807386	0.25997034	-0.6050567	-0.8842775	3.07791
-1.9309684	-1.2760606	-1.3529391	-1.8666968	0.6205201	1.4353386	2.055916	0.2622766	0.9643095	-1.7721543
0.28923923	3.0650904	0.66259587	-0.022535264	0.83736396	-1.7898227	3.630802	-1.0000529	-1.5793539	1.8059689
-0.5062357	-1.2261279	-0.020939857	-0.59148973	-1.0557288	-1.129258	-1.7925663	0.17924826	-1.9663601	-0.71838135
-1.5358847	-1.6590604	-1.0115434	-1.5230283	-1.3593403	-1.516148	-1.9908257	-1.0711176	-1.5942097	-1.6847714
-1.7111027	-1.9045265	-1.2007918	-1.7091652	-0.72163856	-1.101846	-1.5498289	-0.50628847	-2.16493	-0.17853664
-1.6335462	-1.7505887	-0.9544947	-1.5239755	-1.4839854	-1.6335192	-2.451179	-1.5245323	-2.7715576	-1.1297396
-1.2958006	-1.6626563	-0.6708342	-1.3176701	-2.193552	-1.1011105	-1.914743	-0.6811824	-1.4234983	-2.0232697
-1.1902021	-1.3473042	-0.63917255	-1.3200494	-1.3813213	-0.5878759	-1.2019496	-1.0991018	-1.1242775	-0.59509695
-1.4232662	-1.7656735	-0.91022825	-1.3968074	-1.9827896	-1.8080894	-2.4028382	-1.8364213	-1.9691942	-2.3614078
-0.78787565	-0.96593845	-0.3221129	-0.8732762	-1.4938374	-0.6857857	-1.1468387	0.44369492	-1.0675527	-0.6901797
-2.28926	-2.1991146	-1.4038434	-2.1617262	-1.1891569	-2.5469794	-2.80164	-2.3048093	-3.2685843	-2.8113596
1.6355044	1.2622027	1.5222573	1.4517891	0.1474872	0.64028406	0.25082982	1.1697506	0.2341639	0.29518405
-1.9724077	-2.1725025	-1.3882978	-1.9551576	-1.4131758	-2.1072772	-1.8770176	-1.1603369	-2.318825	-1.0768287
-2.1469643	-1.6230923	-1.5635886	-2.1285045	-1.0928762	-2.3898757	-1.9828829	-1.579727	-2.9249113	-1.7765734
-0.54847956	-1.6510851	-0.43608257	-0.63646036	-1.1873834	1.159942	-0.65058196	-0.39764982	1.3425586	0.9026472
-1.2554088	-1.4103249	-0.7712877	-1.2579014	-1.0076396	-0.90494674	-1.3294594	-0.85511744	-1.7814391	0.09824306
-1.507286	-1.615486	-1.1610591	-1.431942	0.06805232	-1.8052982	-2.986517	-1.2462814	-2.1835835	-1.0252805
-1.4130008	-1.5352106	-0.79831684	-1.3826556	-0.6292883	-1.7938216	-1.7817979	-0.8339465	-1.6711452	-0.7739669
-1.8763053	-1.7995712	-1.2799122	-1.8361583	-1.0388448	-2.2909913	-2.2888026	-1.7672355	-2.063416	-0.88783
-1.5180686	-2.000673	-1.139187	-1.4390693	-0.8669827	-1.1130625	-1.0670366	-0.85342115	-1.2618352	-1.0822821
-0.36364576	0.092630476	0.019641608	-0.53258264	-1.0218391	-0.034141824	0.4536712	0.25741938	-0.06972473	-0.74660915
-2.7350502	-2.5131	-1.72142	-2.5908654	-1.3861493	-2.9354248	-2.618461	-2.1794665	-2.8326044	-0.21850087
-1.3613023	-1.6554835	-0.9039823	-1.4881418	-2.001861	-1.3384504	-1.5056256	-0.6124605	-1.2599548	-2.0456758
0.38149038	-0.34934762	0.7965368	0.2567956	-1.1724801	0.06370493	-0.59392077	0.4393365	-0.30119726	-0.73726976
-0.6353807	-0.9947938	-0.14936116	-0.7752579	-1.91442	-1.5870072	-2.2700393	-1.1635184	-1.4575219	-1.967098
-1.9168257	-1.8226672	-1.3315808	-1.8113769	0.659474	-2.0760846	-1.3155085	-0.54411274	-2.3581533	0.7238578
-1.6587151	-1.7816234	-1.060451	-1.6026703	-1.1085137	-1.6789348	-1.5081651	-0.6894475	-1.7234871	-1.176813
-0.17741446	-0.39684746	0.19458014	-0.40284178	-1.7618009	-0.76854986	-0.69417894	-0.26935676	-1.2845798	-1.8307865
-0.96184886	-1.4738706	-0.6425464	-0.9336371	-1.1425195	-1.2964281	-2.103565	-0.97713625	-1.6163377	-0.68804884
-0.4223185	-0.83535945	-0.056783497	-0.4830969	-0.58074474	-0.4679548	-0.37643382	-0.22365625	-0.7716211	-0.23737666
-1.2665185	-1.5410373	-0.7176628	-1.2335474	-1.1885042	-0.79342175	-1.3805383	-0.2221837	-1.9627678	-0.31104317
-1.2864423	-1.5422508	-0.76552963	-1.3236476	0.3058587	-1.5163572	-2.408342	-0.68514144	-0.9946998	0.9437853
1.2325567	1.6498194	1.2140008	1.1752142	2.0745306	2.987509	3.4412477	0.69335556	2.0026164	1.3753875
-2.1197722	-2.1213186	-1.4095435	-2.0516343	-1.3300986	-2.3900292	-2.8930619	-1.7106926	-2.1458652	-1.4323211
-1.6443473	-1.6824467	-1.036737	-1.6243455	-0.74360347	-1.5224104	-1.5967749	-0.84727824	-1.1720486	-1.0372905
-1.154177	-1.3787951	-0.8658416	-1.2358645	-1.3688351	-1.4440047	-0.8522669	-1.1838515	-1.7095062	-3.1059551
-0.00862829	-0.17492586	0.23364188	-0.21448927	-1.1579245	-1.3003744	-2.4059076	-1.1212362	-0.5934313	-0.67635196
-0.7888965	-1.6484547	-0.26680055	-0.7677147	-1.0149254	0.36072892	0.16172703	-0.17507228	0.17473564	-1.7654254
-0.57697	-0.6836891	-0.34151456	-0.69777626	-0.20886531	-1.1522666	-0.9672903	-1.5601133	-1.6737703	-1.725747
-0.3905074	-0.8454907	0.32607442	-0.45723265	-0.5794508	-0.28344133	-1.3144059	-0.03254891	0.07071288	0.87651235
-1.9814577	-1.3937744	-1.485919	-1.9263023	0.4599007	-1.5354321	-0.6999745	-1.269604	-1.8496357	1.0160061
1.1076605	0.9641069	1.4011834	0.7899442	-0.092130244	2.80186	-0.24936274	3.6695151	2.3863757	-0.3809024
-0.4548711	-0.7854663	0.053178966	-0.6746866	-2.8510003	1.13614	-1.0105982	0.1365738	-0.4801206	-1.2787615
1.0477458	0.064896286	0.99493814	0.9276707	-2.3531828	1.1515408	0.8701009	0.56626856	0.96922874	-1.5036262
-1.8854345	-1.8897067	-1.1872245	-1.8636687	-1.7061979	0.336024	-1.4042528	-0.0249972	0.5554481	-2.238458
0.18460235	-0.22381482	0.43299338	0.01777552	-1.1412855	-0.102986105	-1.1545068	-0.3747742	-0.5130069	-2.0875826
-1.857892	-1.9522352	-1.1672747	-1.7972986	-1.176695	-1.5865413	-1.5086719	-0.94570595	-1.6557908	-0.9337074
-0.178296	-0.06960598	0.35675928	-0.29874462	-0.007616073	1.0243117	0.02785725	1.398111	0.9177891	-0.5869287
-0.51745987	-1.3297762	-0.037634164	-0.54605687	-1.8536855	-0.9603174	0.85397536	-0.012164311	-1.4852681	-1.7852092
0.70073146	0.46921137	1.0637779	0.54033566	-0.7963971	0.5542767	0.21819873	0.89097595	0.25563163	-0.4408631
-2.4905744	-2.2993145	-1.5126306	-2.2909431	0.08840272	-3.0521889	-2.500301	-1.5099037	-4.035467	0.22651204
0.7315327	0.25671068	1.1142044	0.67648643	-0.6698928	-0.873959	-0.2945287	-0.96282	-1.1193736	-0.7154415
-1.9515089	-2.165884	-1.2407265	-1.9659097	-3.2300816	-2.6026933	-2.1381304	-1.9109719	-2.0246835	-0.17833158
-2.0129113	-2.055174	-1.3820003	-1.8918664	-1.6845096	-2.2654364	-2.3709779	-1.1444262	-2.6078074	-2.122396
-1.2394885	-1.5136003	-0.70879257	-1.2133055	0.019529581	-1.2284782	-1.0228248	-1.3008314	-0.8486034	0.5016678
-0.92625207	-1.0039591	-0.38441905	-0.9245194	-0.85869384	-0.111420296	-0.1411046	0.32853344	-0.33390334	-0.35971522
-1.2334912	-1.2885602	-0.6966342	-1.2404175	-0.14258695	-1.6508662	-0.7649909	-1.0162923	-1.3683149	1.689217
-1.9247185	-2.0371475	-1.2174435	-1.8385019	-0.3323637	-1.8236212	-2.2108953	-1.2427042	-2.2880442	-1.0393375
-1.7009401	-1.5418403	-1.0460801	-1.6458994	-0.19734886	-1.4214282	-1.9732498	-1.0631928	-1.1367173	0.08531516
-2.095425	-2.1400867	-1.351162	-1.9053904	-1.5224456	-1.3764269	-2.6316364	-0.59563893	-0.11386076	-1.6223117
-0.09970031	-0.8109703	0.26507953	-0.14681293	-0.7445235	1.012166	-0.39330688	0.8317314	0.9283685	-0.5620539
-1.7431257	-1.7653295	-1.0359197	-1.6803507	0.14602676	-2.3921652	-2.3845134	-1.3072026	-1.0678626	0.09799961
-0.9352457	-1.545208	-0.6422955	-0.8562632	-0.6205435	-1.8267454	-1.6123381	-1.6044925	-2.6066241	0.92982864
-1.1140383	-1.5695742	-0.6457777	-1.1713183	-1.8949125	-0.7254165	-1.6015012	-0.8049376	-1.1437002	-1.5756401
-1.9370269	-1.922201	-1.275001	-1.866783	-0.56836736	-1.9267186	-1.8894341	-0.27035818	-2.1654544	-0.63432497
-0.8661553	-1.3663594	-0.46571615	-0.90862775	-0.709087	0.77278316	-0.86630905	0.58100176	0.823777	-1.4710616
-0.3924081	-0.569258	-0.032893896	-0.458331	0.38784298	-0.1785766	0.2969804	0.305767	-0.18156692	1.1506422
-1.5783668	-1.9917165	-1.0361106	-1.3975511	-1.9963434	-1.814459	-3.1080744	-0.19084129	-1.9854004	-2.883629
0.84613353	0.7216661	0.9388399	0.71326375	0.15175024	0.57795805	0.2723223	0.9805345	1.0364931	0.18037538
-1.8160964	-1.9068795	-1.1602936	-1.7521726	-0.29249054	-2.101065	-2.2360833	-1.2708094	-1.6788027	-0.39304176
-1.8680484	-1.8066491	-1.215966	-1.8055576	-0.083429545	-2.4802983	-2.0525544	-1.1954213	-2.7915318	-0.8358725
-0.16712724	-0.86480796	0.31673518	-0.33361337	-1.8305398	-0.5572945	-1.6901819	0.036229823	-1.1059281	-1.4383832
-1.870344	-1.9069948	-1.2500356	-1.7678273	-0.8644463	-1.5718597	-1.4787873	-0.89765006	-2.9568315	-0.18953231
-2.3214643	-2.1061404	-1.5666664	-2.2670212	-0.6630874	-2.6336012	-2.6273565	-2.0696106	-2.7744546	-0.6412783
-0.7454882	-0.4209821	-0.18218252	-0.8315797	0.14872798	-0.5779735	-0.022971895	-0.47348472	-1.064987	1.0914923
-2.3211064	-1.9314404	-1.4842539	-2.1975415	0.6412897	-1.1338636	-1.6653942	-0.7375468	-1.093949	0.8111682
-0.14098844	-0.8762057	0.5200089	-0.18822698	0.9164039	-0.5394209	-1.0299882	0.34372327	-0.7872067	2.5608006
-2.3535528	-2.3886423	-1.5907075	-2.2357156	-1.6469624	-2.2686462	-2.6501937	-1.8922303	-2.8911963	-2.4763231
-0.8375457	-0.46165267	-0.545823	-0.97571486	-1.3599235	0.6537287	0.8595089	0.70029825	0.75221354	-0.8659461
-1.7144451	-1.7793893	-1.1406479	-1.6578981	-1.4682618	-1.2565529	-1.9224007	-1.3311523	-1.0459172	-0.6123662
-2.5325267	-2.486006	-1.5369277	-2.442777	-2.7717519	-2.2016227	-3.1296444	-1.1974638	-1.9627678	-1.4701408
-0.652693	-1.0163863	-0.3130593	-0.56578773	0.053290755	-1.2277397	-1.5674603	-0.6710042	-0.70251304	-0.8654978
-0.9638191	-1.1597676	-0.5785489	-1.0307595	-0.9184096	-1.581431	-1.6148567	-0.6893831	-1.7979248	-1.6324335
-0.6872961	-0.62195003	-0.20042557	-0.76816165	-0.8576094	-0.56052244	-0.24915962	-0.23596705	-0.67653865	-0.14810391
-1.2685523	-1.3986709	-0.838197	-1.2746184	-1.5774947	-1.2140257	-1.2737799	-0.9102967	-0.9685004	-1.9465853
-2.318918	-1.8358773	-1.6267493	-2.2350757	-1.099404	-2.2237802	-2.3055055	-2.1257272	-1.8714962	-0.97835463
-1.999968	-1.9556398	-1.3046452	-1.9348459	-1.0633447	-1.7350515	-1.6607348	-0.8740511	-2.2313707	-0.35788012
-1.4311411	-1.7195576	-0.93955433	-1.4184558	-1.0821155	-1.6897665	-2.103158	-1.3680537	-1.6268339	-1.3316988
1.1132313	-1.057155	1.2598538	0.98152614	-1.4885837	0.25136217	-0.9270154	0.20755063	0.0008540692	-1.8212438
-0.8776494	-1.1360576	-0.42313173	-0.96003443	-1.3526778	-1.0189408	-1.2927815	-0.32830197	-1.1624864	-1.4696677
-1.2046851	-1.5127025	-0.6300415	-1.1798705	-1.4263973	-1.1287863	-2.059726	-0.74513	-1.1660414	-0.6654659
0.6337535	1.7176778	0.5470083	0.4380145	0.88591564	0.40046254	0.88286245	-0.8108167	0.06814862	1.1751899
-1.5690279	-1.6027756	-0.97532916	-1.5487025	-1.4029399	-0.9182899	0.9315958	-0.82313615	-1.3530978	0.81427616
-0.87387145	-1.13589	-0.5141221	-1.0206159	-2.9494057	-0.9793881	-1.7436999	-0.53504395	-0.9877747	-2.2532039
-1.9372315	-1.9191114	-1.2681557	-1.8749532	-0.31714806	-1.9121848	-1.8140957	-0.6195997	-1.8870988	-2.0434377
1.0452272	2.559724	1.1171254	0.8393874	0.8839928	-0.18783392	1.2406695	0.50990945	-0.047984783	0.8250063
-0.8686408	-0.90853786	-0.48728576	-0.9748816	-1.0418671	-0.8435115	-2.116984	-0.23276353	-0.34609905	-0.78152466
-1.0669407	-0.97649693	-0.70032644	-1.1781713	-1.3734413	-0.42475152	-0.37337086	-0.18256563	-0.44323406	-1.448942
-1.3160032	-1.384582	-0.77149236	-1.3248928	-1.2455592	-1.3702475	-1.6109909	-1.1812326	-1.1265115	-1.9815649
-1.4443426	-1.804563	-0.8762506	-1.4938071	-1.1223358	-2.3573322	-2.5348828	-0.9325337	-2.2301543	-1.969796
-1.9280666	-2.0287466	-1.2007786	-1.7983681	-1.2534797	-1.6091459	-2.1955662	-0.48753858	-0.7239891	-0.6518666
0.38848016	-1.0739162	0.90023077	0.3734591	-0.873327	-0.11916357	-0.50982356	0.3866697	-0.0683775	-1.8888721
0.43754855	0.24438182	0.7479762	0.22500841	0.99712646	0.28589264	-0.58309835	0.120644204	0.08829091	0.6789355
-1.6432182	-1.9589773	-1.0566614	-1.6397214	-1.3629645	-1.6078166	-2.2823343	-1.6745546	-2.1289535	-1.0289687
-0.92429316	-1.4371005	-0.5877235	-0.9577507	-0.77343607	0.4084014	-0.5401282	0.3191121	0.4772845	0.6972206
-2.2333395	-2.265558	-1.4231982	-2.1667588	-1.5416646	-1.7023239	-1.848417	-1.4460968	-1.4191902	-1.6929765
-0.6425416	-0.948637	-0.13603482	-0.8128157	-1.7234097	-0.30389956	0.35930088	0.024967914	-0.34188676	-2.0633714
-0.38026243	1.7198669	-0.09245464	-0.6561995	0.1723347	-0.23889875	0.8840251	0.35482657	-0.15408225	1.6275934
-2.0033839	-2.0077968	-1.2777737	-1.9229878	-0.7519033	-1.8908015	-1.7899141	-0.84361845	-1.2300175	1.091313
-1.41205	-0.59586096	-0.9633471	-1.4138423	2.168113	-0.31132907	1.2565513	-0.41356632	0.24126662	1.2876132
-1.289443	-1.6741213	-0.80008066	-1.3298054	-0.84407556	-1.2134548	-1.7661235	-0.4023243	-0.75038046	-0.8244372
0.7383991	-0.89526796	1.1440387	0.49176753	-1.9993123	0.27291024	-0.4870637	0.89450645	0.012344992	-1.7570639
-1.7742608	-1.7675561	-1.26884	-1.7396765	-0.24501057	-1.4689108	-2.1007068	-1.3685173	-1.2568034	-0.56678337
-1.793278	-1.9693681	-1.2402295	-1.7846363	-1.5596486	-2.4964893	-2.6350083	-1.8667885	-3.1989956	-1.5194935
-2.1815922	-2.202715	-1.3710469	-2.0902174	-0.3044757	-2.4113336	-2.7743895	-1.5317771	-2.6288218	-0.46581164
-2.2886987	-2.288966	-1.5558388	-2.2018166	-1.4186362	-2.6751807	-1.8180321	-2.4034166	-1.6286504	-1.4947224
-1.9322262	-1.8269703	-1.3794705	-1.7862211	0.13502237	-1.6854832	-1.4413007	-1.5204219	-1.3259528	1.218737
-1.6432667	-2.018301	-1.0487107	-1.5889248	-2.01748	-1.1784432	-2.4973822	-0.4676268	-1.4576496	-2.1410418
-0.7345398	-1.1828603	-0.35433277	-0.76286304	-1.7354375	-0.5295258	-1.4698781	-0.112629265	-0.62199247	-1.6919702
-2.3070204	-2.2483523	-1.499372	-2.209567	-1.8283006	-1.453935	-3.1611857	-2.3199034	-2.3447397	-1.7347677
0.43370232	0.16100565	0.59195125	0.23387642	-0.9706074	-1.6475103	-1.4394063	0.09732037	-0.37186885	-0.8385676
-1.0108118	-1.3931775	-0.6226673	-0.8358118	0.08356863	-0.89913213	-1.4215745	-0.61281127	-0.554085	0.28320044
-0.7209066	-1.2992401	-0.4389058	-0.72338057	-0.47555146	-0.5494753	-0.8483771	-0.113144524	-0.7339418	-0.19016293
-0.58882236	-0.34124944	-0.33329514	-0.68984544	-0.5058471	-0.59229815	-0.75250524	-0.4631664	-1.0209434	-0.15477085
-1.6291991	-1.7365376	-1.1497701	-1.5990847	-0.15465227	-3.1623077	-2.1239886	-3.0332868	-2.9885247	-0.9761246
0.5500491	0.9183419	1.1596286	0.38249445	0.048953205	0.60964996	1.4896439	1.0260023	0.052933782	0.44561657
-2.1560707	-2.0813148	-1.4321767	-2.0816336	-1.7373685	-2.5622218	-2.9428732	-2.3174694	-1.6479876	-1.5269464
-0.7549588	-1.2999736	-0.2710031	-0.82126945	-1.6094356	-0.37410998	-0.9528527	-0.09035106	-0.43246204	-1.2102904
0.35963094	-0.2549816	0.86168325	0.20791008	-1.5720588	-0.60155594	-0.532229	-0.48537284	-0.6269555	-1.0551044
0.043925352	-0.3311445	0.377107	-0.14241856	-1.5258527	0.22433648	0.4945116	1.2043358	-0.13950102	-1.1370267
0.0359563	-0.05984798	0.25474197	-0.02794911	0.437521	0.1659831	-0.04156279	0.25904328	0.0758927	-0.51312363
-1.5687413	-1.6705539	-1.0377257	-1.5268016	-0.8135282	-1.3806624	-0.17688586	-1.467668	-2.1429608	-1.6038227
-0.040853586	0.18221608	0.28178346	-0.21046244	-0.70864296	-0.007683994	-0.46997136	-0.070543446	-0.19192393	-1.0759319
0.78316545	0.4383202	1.1211883	0.589832	-0.28975698	2.916218	1.7415515	2.539633	3.161571	0.4520087
0.124947794	0.10540965	0.43602523	-0.04710056	-0.55134785	-0.3162358	-0.21930693	-0.10716952	-0.8087279	-0.939315
-1.7852209	-2.0000737	-1.0305504	-1.8173639	-1.7116265	-2.1589217	-2.0909092	-1.6548681	-2.4462097	-1.9487306
-2.2349966	-2.175525	-1.4512893	-2.1041553	-0.85453033	-2.1773949	-1.9337533	-1.3370183	-2.3573692	-0.7874967
-1.5039953	-1.6496732	-0.9146826	-1.5370814	-0.4111162	-2.064692	-2.2803435	-0.47919565	-2.4829001	-0.6146798
-1.2920787	-1.6035187	-0.8033345	-1.3001022	-1.5741538	-1.3821962	-1.9185947	-0.7245197	-1.3504795	-1.6900913
-0.85121727	-0.783118	-0.37369433	-0.9429004	-1.3454949	-1.9097104	-1.289574	-1.4370197	-1.5679197	-1.5090573
-1.4168577	-1.6842234	-0.89993215	-1.375907	-1.3713917	-1.7241435	-1.8966974	-0.8837453	-2.4437597	-0.55745465
0.086971454	-0.6459489	0.1780164	-0.018724963	0.29012838	-0.23088309	-0.7197768	0.016797028	-0.27670395	-0.2763682
-1.4911205	-1.6853423	-0.7653216	-1.479261	-1.2135994	-1.4510272	-1.5609527	-0.69798315	-0.7701228	-1.4012944
0.38162565	1.5578262	0.8052814	0.21111079	0.08616564	-1.2417094	-0.64673257	-0.55461955	-0.65542966	-0.65408546
-2.0724115	-2.1484554	-1.3184532	-2.0577562	-1.4253277	-1.5189888	-2.0469127	-0.82958823	-0.15595832	-1.580782
-0.88109237	-1.2327393	-0.5749439	-0.83983034	-0.64722264	-1.109963	-1.2951018	0.368913	-0.38379806	0.27229586
-0.8075232	-1.1320986	-0.53972936	-0.81096673	-2.2876565	-0.37075615	1.1279236	0.19148439	-0.44082606	-3.2257671
0.65607756	0.7188232	0.6024605	0.5210198	0.100908786	0.7678405	1.4298449	-0.07113003	0.7638835	0.56389403
-0.5475408	-0.7839545	-0.20227295	-0.6690966	-1.6512219	-0.6376779	-0.8493816	-0.15748063	-1.4687606	-1.2903149
-0.5983953	-1.0250492	-0.13656884	-0.77474433	-2.5848484	-0.37398297	-1.1250081	0.13020222	-0.3384147	-2.539715
-1.4786348	-1.7088119	-0.8933693	-1.4635919	-1.7699616	-1.6563007	-1.9714637	-0.7579195	-1.6438197	-1.1911182
-1.938719	-1.7957003	-1.307928	-1.9359692	-0.9217849	-1.6187083	-1.741229	-1.7325407	-1.4934931	-0.13198517
-1.4850338	-1.2132003	-0.94684577	-1.5172904	0.04828489	-0.6684265	-0.5738059	0.3603676	-0.6472661	0.86622196
-0.19419155	-0.8596977	0.26929465	-0.31657624	-0.6205647	-0.28129163	-1.6499805	0.14387399	-0.9356206	-1.6293508
-0.09161837	0.2226868	0.37282208	-0.19759725	-0.7589539	1.3547517	1.2307614	1.0908877	1.6298622	-0.6160736
0.029608458	2.4444942	0.25524867	-0.3468433	0.062473387	1.2408562	1.0512811	1.766428	0.7498543	0.577368
-0.017696634	-0.60468173	0.33973628	-0.22458398	-2.1484637	0.98323494	1.1440624	1.3263203	0.64791805	-1.9075975
-2.7188537	-2.4771552	-1.5921277	-2.5142462	-1.7907336	-2.6359367	-2.5296896	-1.4282159	-2.6944706	-1.7565616
-0.37292	-0.78811693	0.095865116	-0.5100755	-2.202655	-0.2763082	-0.34398586	-0.3380546	-0.66284317	-2.741712
-0.534037	-0.68866664	-0.14209941	-0.5493452	0.16357037	-0.14954135	-0.6930369	1.3223306	-1.0300101	-1.2676891
-1.8200058	-0.929778	-1.2320945	-1.7106758	1.7931424	-1.7209783	-0.60548145	-0.48924547	-2.5705273	1.1477338
-1.2007972	-1.1875	-0.79403436	-1.160534	-0.11551449	-1.9488806	-1.8616596	-1.0778801	-1.5824358	-0.6685215
1.3642524	2.0127048	1.310931	1.1588166	0.91134477	2.686392	2.1879835	1.7746207	2.1228049	0.2310636
0.65372294	2.3597748	0.5114076	0.49646968	0.97427976	0.48084238	2.1408372	-0.16432266	0.21350306	0.04944911
-1.6396854	-1.9340129	-1.2459589	-1.5405464	-2.2497811	-1.7615687	-2.0426717	-1.2422686	-1.395548	-1.1595418
-2.9706843	-2.6238298	-1.967155	-2.8637652	-1.6411737	-2.869536	-2.1708539	-1.8990797	-3.0184784	-2.2052784
-0.11942143	0.20284274	0.23934922	-0.3262232	-0.37531817	-0.252747	-1.3179494	-0.0489191	0.040200386	-0.7109796
0.41510317	-0.15930878	0.99555886	0.17877953	-1.9711553	-0.54723036	-0.39208412	0.3393678	-0.708739	-1.268682
0.12318944	-0.5378282	0.6175848	0.023592144	-1.8929896	-0.37314853	-0.6876943	0.7624268	-0.29970387	-1.8401762
-0.40694624	0.2817035	-0.11982295	-0.44988406	-0.11809601	-1.1662081	0.18880652	-0.43926787	-2.1332464	-1.8475562
-0.74102294	-1.3920517	-0.3679135	-0.73890984	-0.1778959	-0.017732538	-1.1343533	0.66248965	-0.7025962	0.38026345
-1.6411449	-1.9849782	-1.1233044	-1.6110251	-0.96718836	-1.8595408	-2.0442944	-0.8817864	-2.3842316	-0.092502885
0.1511656	-0.02645728	0.6484669	0.034861386	-1.4101033	2.5991855	0.18449514	1.0248224	2.684475	-1.7629131
-1.3043993	-0.0472413	-1.03465	-1.4346275	-2.20962	-1.0352873	-0.91008925	-0.54511905	-1.8288063	-2.4204
-0.61443967	-0.5423392	-0.34706727	-0.5996671	-0.46659175	-0.53696954	-0.05784183	-1.0097969	-0.8486034	1.1115556
-1.4335213	-1.5239724	-0.9903755	-1.3730829	0.15457353	-0.9203033	-1.6967638	-1.1493776	-1.3888131	0.0031630532
-2.0340455	-2.028533	-1.287611	-1.9342638	-0.84493995	-1.8432853	-2.6847982	-1.0137668	-1.8508874	-1.6761235
-0.01613126	-1.1300848	0.26514393	-0.014450893	-1.531283	-0.031274334	-1.2324896	-0.19628529	-0.27260184	-1.9466437
-1.2686555	-0.99586487	-0.8556454	-1.174517	0.9730674	-1.0117439	-1.0707712	-0.92963254	-1.1719548	0.21289094
-1.205982	-1.40694	-0.6053742	-1.1759387	-0.9619285	-1.6202505	-2.3560019	-0.49761677	-0.48290014	-0.4782084
-1.9352931	-1.9004675	-1.2808125	-1.9021922	-1.6307238	-2.439191	-2.7210922	-2.0384462	-2.1373646	-0.6246994
-1.5624161	-1.7565321	-1.0261112	-1.5069431	-0.5643831	-1.4685185	-2.6657643	-1.3225101	-0.5477304	-2.7846372
-0.31821778	-0.7928101	0.21643451	-0.3729915	-0.50573933	-0.28556687	-1.2529674	0.093382165	-0.04667703	-0.46282038
-1.203997	-1.4163227	-0.69787776	-1.2749914	-1.9004809	-0.16770071	-0.59307843	-1.0371437	-1.0258068	-1.6310102
-1.625507	-1.5238442	-1.1022494	-1.5525702	-0.16039482	-1.3932288	-1.531371	-1.1097966	-1.2065792	0.09440145
-1.8122591	-1.9271743	-1.1911819	-1.7360021	-0.36803	-2.166835	-1.9020187	-1.4413505	-2.5872066	-0.8910182
-1.6259803	-1.8226675	-1.020979	-1.6321942	-1.8304285	-1.8260548	-2.626943	-1.8572159	-1.9491662	-1.6057643
-2.083462	-1.8712509	-1.3893656	-1.999157	-0.7156244	-2.1098619	-3.179722	-1.0227258	-2.2057261	-0.53359354
-1.896665	-1.9808719	-1.297062	-1.8618357	-1.4352673	-1.6441276	-1.3276608	-1.3285829	-1.4380231	-0.12571214
-0.4331375	-0.66856766	-0.1373555	-0.5291692	-0.0690231	-1.712413	-1.6480596	-1.1715555	-0.89065915	-1.0148138
-0.31432202	-0.82597995	0.14165697	-0.3312801	-1.3241183	-1.6015791	-2.27811	-1.0284725	-1.3075491	-1.3368678
-0.9592232	-0.9999052	-0.6904751	-0.99610007	0.56373274	-2.3500376	-1.1141204	-1.2411923	-1.399452	1.4374057
-0.7471271	1.3422109	-0.36867753	-0.95017433	0.52288485	0.16238047	1.0696039	0.9587482	-0.23008381	0.9747969
-2.0811777	-2.0678716	-1.3741626	-1.9027848	-1.3144989	-2.1746597	-2.6440194	-0.53390205	-2.2455308	-2.0595427
-0.9632064	-1.2479708	-0.6252632	-1.0133977	-0.6396682	-1.5133858	-2.4379172	-1.0162214	-1.9428002	-0.975204
-2.2135696	-2.1940422	-1.512223	-2.1671674	-1.8216423	-1.310103	-2.2742245	-0.86574155	-1.1926599	-2.1288037
-1.1161368	-0.8190937	-1.0039649	-1.1065528	-0.7165967	-2.315114	-1.2973683	-1.3918338	-2.039399	-1.566352
0.43800715	1.2488589	0.6258658	0.2602551	0.22681686	0.9899205	2.0420034	1.4100326	0.9158792	-0.17987016
-1.7027223	-1.3482995	-1.1234145	-1.6469127	0.05297762	-1.4122448	-0.9340882	-1.2133774	-2.041283	0.030539613
-0.19027475	-0.93521905	0.1974282	-0.25589985	-0.21179742	-0.8327849	-1.1524584	-0.56667674	-1.2686032	1.241155
-0.7782685	-1.3544979	-0.31350312	-0.78953063	-1.9281751	-0.67366236	-0.8692348	-0.25902447	-2.2198658	-1.3486869
-0.028867505	-0.205852	0.2915573	-0.047473922	0.00035208464	0.30873698	-0.061511967	0.79499334	0.8191276	-0.27834252
-0.10490803	-0.66132355	0.31636706	-0.21747978	-1.2825314	-0.60680485	-0.7377006	0.39638057	-0.2677022	-1.6375585
-0.81194	-1.060184	-0.7521906	-0.8685628	-1.1062706	-0.59571904	-1.590978	-1.0247333	-0.24083467	-1.8909701
-1.1894516	-1.5313398	-0.6958097	-1.1810131	-1.9240924	-1.3652141	-1.3761477	-0.45269862	-0.85421705	-1.8330923
-0.45585966	-1.1610862	-0.23224673	-0.43008214	-1.580911	-0.2298307	-1.182548	-0.028235914	-0.10134171	-2.4447184
0.24119538	-0.7512047	0.394382	0.1646777	-1.174492	-0.96784157	-1.3655717	-0.8616619	-0.66062725	0.64536226
-0.38286486	-0.83087265	0.1271083	-0.49620306	-1.4831152	-0.5489849	-1.0250243	0.024831671	-0.80356574	-2.3907828
0.51074475	-0.8893932	1.036612	0.32302892	-1.4441131	-0.49818677	-0.63758093	0.03162905	-1.5577598	-2.080946
-0.60388654	-1.0283893	-0.13705379	-0.7043288	-1.8356231	-0.17074215	-0.7783108	0.2710916	-0.5674729	-2.0953782
1.9706384	3.9084752	1.5894744	1.6080859	-0.39879385	3.1566772	4.690524	2.92942	3.008865	-1.1807028
-0.078762956	1.0968636	0.2298134	-0.41060272	-1.6598876	0.17957278	1.0419149	0.583227	-0.2731884	-2.146417
0.32932493	0.14020336	0.52584153	0.27298957	-0.43856034	-0.38161907	-0.50107306	-0.3976023	-0.34825653	-1.7364383
0.15000492	-0.2809267	0.50320435	-0.012737513	-1.4160954	0.15422401	0.011173836	0.7527258	-0.41136885	-2.1822004
-0.44673753	0.47058925	-0.2558997	-0.5606313	0.35472205	-0.17889802	-0.44078973	-0.95711344	0.014306213	-0.41960824
-1.7306635	-1.836929	-0.95118535	-1.5722835	0.27591488	-2.107195	-1.5662911	-1.566447	-2.428345	0.6769153
-1.4624445	-1.672616	-0.87990105	-1.5542803	0.19228342	-1.3560644	-1.6319473	-1.0317277	-1.7665486	-0.14974272
-1.0735923	-1.2483191	-0.6719533	-1.079805	-1.576409	-0.27679366	-1.2724187	-0.14569798	-1.0872066	-1.8339115
0.019418344	-0.46707594	0.41814026	-0.15044773	-2.0275388	-0.68282133	-0.5911743	-0.25277945	-0.38436404	-3.7408557
-0.8736773	-1.0545753	-0.34067872	-0.831204	0.7698673	-1.2197325	-0.7482928	-1.4115298	-1.1852967	-0.47883525
-0.55165267	-0.987772	-0.24058092	-0.6333952	-0.83038867	-1.0897408	-0.76146704	0.09505504	-0.926242	0.16414168
-0.3648051	-0.819456	0.111558825	-0.37636834	-1.4549617	-0.050261125	-0.52633464	0.1454135	-1.1988232	1.0993764
-2.0377111	-1.4351834	-1.6347274	-2.0343583	-2.0554633	-2.474652	-2.4035754	-1.7965218	-3.1457531	-2.897808
-0.068903305	0.051833987	0.31085354	-0.2161309	-1.2096351	-0.19442876	-0.4881169	0.20889227	0.05047324	-1.2778083
-1.4883369	-1.5637169	-1.0003291	-1.440256	-1.4625667	-1.5105052	-1.9477423	-1.6799842	-1.304975	-1.8617088
-0.1573937	-1.0750245	0.10344298	-0.37135005	-1.8543494	0.08236017	-0.6069914	-0.71089673	0.10609532	-1.307396
-2.0796335	-2.0432498	-1.2804697	-1.9964553	0.06573555	-2.098726	-2.1446474	-1.1573765	-1.8737091	-0.32266307
-1.4942151	-1.7823212	-0.89879084	-1.3273426	-1.2840489	-1.0209092	-0.5843699	-0.28125972	-0.53262347	-0.60468256
0.5815473	0.3559117	1.0217196	0.4478575	-1.5110545	-0.087962344	-0.89719105	0.40360025	0.81270754	-0.5910035
-2.1878042	-2.141708	-1.381955	-2.0016081	-1.0806106	-1.6719422	-0.87910354	-0.7297196	-1.7057261	-1.7240455
-0.6732648	-0.8015791	-0.4671093	-0.7188731	-2.2138007	-0.84594834	-0.8857318	-0.8735004	-0.6401871	-1.9289784
-0.4588898	0.11689943	0.1662322	-0.58578724	-1.2585745	-0.16310342	0.06313155	0.61317307	0.07997021	-1.2002822
-0.552741	-0.8728529	0.02458939	-0.55290335	-0.648695	-1.0223528	-1.3244985	0.32339305	-1.1153195	-0.12394618
-0.9601505	-1.3540105	-0.5165535	-0.9814042	-1.2432839	-1.0369189	-1.1192037	-0.7072067	-0.011205018	-2.221436
-0.16861859	0.18198624	0.6506822	-0.18096684	-0.7069451	0.18262853	-0.17189479	-0.32843313	-0.33116883	-2.060508
-1.6637259	-1.9953593	-1.1244345	-1.5302978	-0.05453545	-1.2924968	-1.8377687	-0.93898654	-1.5536304	-0.05798812
-0.47222772	-0.5359789	-0.35449824	-0.5608832	-0.24979916	-0.4018948	-1.2683897	0.09995018	-0.35496637	-1.2522298
-0.4484639	-0.9808507	-0.41261074	-0.47321397	-1.8266784	-1.6013258	-2.2085865	-0.8914399	-1.9543523	-3.1735256
-1.036949	-1.2563558	-0.41832045	-1.1751536	-1.3771403	-1.7399603	-2.1031308	-1.267276	-2.0076258	-2.6080635
-1.2718023	-1.3541441	-0.57434106	-1.1868434	1.0340978	-0.91578853	-1.7357979	-0.14411643	-1.3727367	2.3730288
-1.3438796	-1.6322569	-0.8542038	-1.3856359	-1.7172592	-1.90834	-1.7195688	-1.2167205	-1.5980402	-2.1919706
-2.0202358	-1.9171565	-1.3596416	-1.8885853	-0.1516141	-1.9272166	-2.2502613	-1.4419956	-2.1397977	2.84709
-0.51616496	-1.1341635	-0.23413011	-0.6316164	-1.2121656	-1.1261716	-1.3432345	-1.0468857	-1.0014726	-1.1102786
0.35338184	1.007748	0.9963006	0.19520171	-0.19904318	0.06463387	2.5103455	0.85301965	-0.10999577	-1.2969846
-0.31947944	-0.6518234	0.14762595	-0.4366783	-1.3807167	-0.75690407	-1.1138806	-0.18459117	-1.0330032	-1.3538952
1.3429701	0.44145206	1.8243569	1.0045327	-0.05015254	2.2101042	1.6133176	2.7770092	0.73482144	0.14943041
-1.9400591	-1.9727297	-1.1242917	-1.7290045	-1.132318	-2.6062107	-2.3062027	-2.4189806	-3.434713	-1.3477958
0.72733843	0.9338864	1.2839782	0.5034499	-0.46976757	-0.040274356	0.058771454	1.3648142	-0.101221055	0.40567374
-0.6578393	-0.92363524	-0.44024888	-0.6837195	-0.7366402	0.47533652	0.043706406	0.25335312	0.0344962	2.1477056
-2.1352851	-1.9957733	-1.3564963	-2.0609028	-1.2341486	-2.2706378	-1.8368914	-1.4228693	-1.9477696	-1.0690478
0.10872475	-0.21112363	0.66269565	-0.037830964	-1.8063763	-0.26499867	0.14519216	0.5247955	0.010326654	-1.9119648
0.81853193	0.2930847	1.1153281	0.5510913	-0.28874213	0.8015744	1.1581138	1.1627622	0.26303494	0.25752676
0.47664717	0.34225366	0.8359735	0.31036997	-0.23134416	0.99084836	0.651115	1.3254106	1.1719319	-0.081895016
-0.6979414	-1.4975066	-0.43123534	-0.72158414	-0.43199426	-0.5449021	-1.1534092	-0.63684464	-0.9145121	-0.6546851
-1.9575192	-2.101951	-1.2872659	-1.9788668	-2.0818477	-2.0593765	-1.4166013	-2.4162624	-1.6770134	-1.5938756
-1.9427048	-2.0176115	-1.3050628	-1.8765893	-1.0678022	-1.8868965	-1.2330326	-0.63418865	-1.3060677	-1.5661787
1.2241925	0.7465682	1.6562129	1.1293231	-1.2277979	0.52846444	-0.6173854	1.121055	0.26288718	-2.3469782
0.35099956	-0.723951	0.78935695	0.28333092	0.44491026	2.3448153	-0.17343089	1.6249405	1.4324163	-0.11602616
0.5212256	-0.060120165	0.8516284	0.3034591	1.0605484	-1.1645614	-1.8244463	-0.70889306	-1.4127764	0.028578851
0.10049453	-0.67198646	0.55885637	-0.04042892	-1.5931011	0.12293927	-0.6282701	1.165874	0.061459016	-1.9044349
0.81149745	0.80125356	0.7574682	0.6618178	0.30339995	1.0913454	-0.6146256	0.36461493	1.4785885	0.1398498
-0.19020641	-0.39592478	0.20479247	-0.36602443	-1.6761973	-0.31425378	-0.8393235	-0.17884156	-0.5685108	-2.5015862
-1.398487	-1.4544202	-0.92185044	-1.3490961	-0.50014216	-1.6724409	-2.0745192	-0.97468925	-0.9484396	0.44449744
-1.8600104	-1.8371531	-1.2665894	-1.8247871	-1.2614952	-2.1568074	-2.3783348	-1.5159475	-2.3713324	-0.9160898
0.67994046	-0.034180433	1.1384628	0.50451446	-1.4574398	0.9827345	0.6334034	1.3122364	0.09182976	-1.2096319
0.20251268	-1.1071448	0.4925849	0.23346551	-1.0634055	0.20413606	-0.72397864	0.069827594	0.16909695	-1.2297392
-0.24590969	0.07460803	-0.0005939901	-0.39872366	-0.9103588	-0.2998752	-0.480372	-0.32328093	-0.07586414	-1.4953316
-0.372319	-0.76179934	0.31120342	-0.5375532	-1.773327	-1.1737123	-1.5582803	-0.56119823	-1.1429543	-1.0450925
-1.3874742	-1.1773002	-0.75939023	-1.3345076	1.6910897	-0.08647321	0.63420784	0.10575359	-0.085569	0.39251274
-1.5779871	-1.4531722	-1.0001965	-1.5695081	-0.46480194	-1.69166	-1.0567287	-2.1233907	-1.1326929	-1.6035935
1.1672821	1.5977362	1.3471804	0.8927618	-0.122277275	2.1053064	1.6761031	2.9626374	2.2142043	-0.06479854
-0.7624039	-1.1588778	-0.41085628	-0.78489393	-1.0959377	-0.7597028	-0.95860326	-0.3210673	-0.52938193	-0.8719276
-0.5380814	0.14036855	-0.114703685	-0.7092004	-0.82486665	-1.0703683	1.4214426	-0.2875557	-1.7976507	-0.053940006
-0.25307637	-0.08781105	0.10364655	-0.39692765	-0.013982028	-0.63455003	-0.28218874	0.19407122	-1.5362589	-0.81277627
-1.9397789	-2.110508	-1.2386584	-1.902998	-2.012265	-2.069491	-2.4175375	-1.8860178	-2.039377	-1.4617821
-1.4763557	-1.7852921	-1.0666282	-1.3601617	-0.8443627	-2.2310753	-0.008968312	-1.4555622	-2.7982962	-0.32731533
-1.764039	-1.8729666	-1.1686516	-1.7411267	-0.9670205	-1.9747344	-2.2930565	-0.8716951	-1.6626649	-0.654644
-1.9991384	-2.1511538	-1.3637332	-1.9471062	-2.6788118	-2.4627697	-2.6302874	-1.429577	-3.3251195	-2.9838142
-0.9027788	-1.3103468	-0.41600737	-0.874511	0.48971376	0.058968406	-1.0398914	0.071804196	-0.029705187	0.7702845
0.31497452	-0.45045495	0.6570562	0.1495177	-2.1018994	-0.4879925	-0.9935954	-0.024283424	-0.2803812	-2.119634
-0.94088835	0.4004127	-0.77094054	-0.96778023	4.100567	-1.5433884	1.7253629	-0.95367855	-2.2288349	3.6871495
-0.68272954	-0.9517659	-0.07340267	-0.69870955	0.7344985	-0.0770544	-0.7515816	0.18676558	-0.5401232	0.09488041
-1.2731575	-1.683563	-0.6383624	-1.295253	-0.60179013	-1.1420804	-1.5274683	-1.1087624	-1.1036322	0.025614792
0.49729422	0.4146047	0.3792598	0.3385461	-0.7953043	-0.576259	-0.7993128	-0.8061897	-0.46925822	-1.5874951
-2.0509694	-2.0009525	-1.4756594	-1.9589891	-1.3638281	-2.190469	-2.6565309	-1.4581742	-2.9057348	-2.5575523
-1.751441	-1.7673419	-1.0350512	-1.5875428	0.019537985	-1.8671328	-1.6207665	-1.2500035	-1.6291031	-0.20645835
-1.6415063	-1.7365737	-1.0466615	-1.619486	-0.7969157	-1.4388041	-1.5687382	-0.5579675	-1.7419245	-1.0300088
-2.4117725	-2.3388047	-1.5690832	-2.2873406	-0.7684423	-2.2092068	-2.4062624	-0.9971312	-2.1559584	-1.5930675
1.0010083	0.8170668	1.4241378	0.7754153	-0.3659371	0.6481132	0.10244479	1.262658	-0.10282705	-0.56126386
-1.2851726	-1.2858465	-0.7056252	-1.2364534	-0.10230729	-1.2114269	-0.83631533	-0.916548	-0.8422702	-0.671435
-2.0717132	-1.8114367	-1.3495321	-2.0284023	-0.00033459067	-2.060294	-1.7853829	-1.421967	-0.89588124	0.021616485
0.18526274	-0.040098965	0.70519114	0.033230945	-1.0395488	0.06274918	-0.82487136	0.64814174	-0.2555371	-0.81972027
-2.480684	-2.2343926	-1.5510542	-2.3622808	0.6319573	-2.0832179	-0.92503536	-0.90572774	-1.3778054	0.95560455
0.15420508	0.25266728	0.57067764	-0.007308796	-1.0564749	-0.91813576	-0.13675474	-0.5602347	-1.6581336	-1.537995
-1.2420293	-0.37587613	-0.974926	-1.389118	1.5985924	-1.9949651	-1.7990166	-1.7511683	-1.1326929	1.4953917
-1.503423	-1.8403851	-0.92148674	-1.4536405	-1.44259	-1.1929567	-0.7875919	-1.158339	-0.5589729	1.6739886
0.62616897	0.42650667	0.98838913	0.40083057	-0.2590131	0.4693022	-0.44517922	0.5397416	-0.010979191	-0.95602393
1.3962308	2.935397	1.3522025	1.0802779	0.5284363	0.63524246	1.2963157	0.67772883	0.20927028	-1.9916222
-1.3145384	-1.5066468	-0.79739463	-1.268276	-0.76015425	-0.81464857	-1.272283	-0.31077644	-0.41859308	-0.019616427
-1.5068831	-1.682576	-1.0275532	-1.4466774	-1.7965906	-0.56251854	-1.3919705	-0.1303221	-0.7874755	-1.4954321
-2.0011253	-2.0223632	-1.2990829	-1.8944724	-0.3014386	-2.0292559	-1.9993862	-1.1625524	-2.6216133	-0.81325746
-0.5838662	-1.1646403	-0.27318326	-0.6454522	-1.6347054	0.009032029	-0.6159622	0.23966953	0.4055537	-1.2226242
-0.13171609	-0.82651365	0.3403505	-0.27963164	-2.311305	-0.99320054	-1.2679684	-0.355371	-1.2445658	-3.5018141
-1.2284613	-1.1198831	-0.78989804	-1.2667938	0.7784468	-1.2076608	-0.1834432	-1.4606168	-1.1303327	1.3910117
-1.3595772	-0.9463109	-0.8561294	-1.3889021	-0.3720146	-1.3119001	-1.2705675	-1.1520752	-1.5795873	-1.7411895
0.44046685	0.18118867	1.0433881	0.3202024	-1.3224068	0.3433899	-0.3718365	0.78723043	0.11262313	-2.6341789
-0.37009335	0.4469451	-0.086298466	-0.43070617	-0.076171845	0.20708108	1.3933116	0.952025	0.13449727	1.3876837
-0.46009597	-1.0843903	-0.10225579	-0.456329	-1.3842798	-0.32421088	-1.4189856	0.314589	0.42168078	0.8025545
-0.092321105	-0.6843785	-0.038193315	-0.18063502	-1.0441546	-0.62101305	-0.6874567	-0.61674225	-0.6540649	-1.2207273
1.46033	1.4408405	1.6044556	1.407002	-1.0614762	0.96546406	0.44315365	1.5144652	1.1094689	-0.71237564
-0.39078337	-0.48989046	-0.20995018	-0.54256934	-0.023213238	0.21126282	0.09289881	-0.5294698	-0.33807755	1.4509195
0.7311877	0.4137682	1.2257894	0.5326516	-1.2547421	0.8910323	2.2087648	1.4070529	0.2783791	1.1128072
-0.21208131	0.5427357	0.27868348	-0.40294212	-1.3654432	0.2660588	0.8443808	0.6258683	0.14181568	-1.353563
-1.5838544	-1.0341263	-1.1245389	-1.5864433	0.6688541	-2.3921447	-2.2562099	-1.9334193	-2.2447274	-1.569134
-0.051956624	0.19734779	0.30776083	-0.23768316	-1.2576469	0.49909988	-0.0602466	0.46179944	0.5243504	-1.3013616
-1.8540722	-2.0450952	-1.2425977	-1.6414771	-0.80760264	-1.7198486	-1.840431	-1.6081964	-2.4979327	-0.9218475
-0.59316516	-1.0015504	0.08403061	-0.80593526	-2.877954	-0.28173065	-0.20728697	0.36974424	-0.76527846	-1.5293082
-0.2519804	-0.9353521	0.16197518	-0.35102385	-1.5269303	-0.6100539	-0.78135514	0.079867594	-1.1880141	-1.264185
0.7402455	0.30700627	1.1699055	0.548553	-1.8219049	0.03899747	-0.17439152	0.6745179	0.009169901	-2.581105
-0.4693218	-0.74902225	-0.12613013	-0.5763351	-0.876359	-0.47189105	-0.5716936	-0.4019143	-0.7947042	1.3894634
-1.6835862	-1.9478767	-1.0528622	-1.5652579	-0.4073436	-1.7930074	-2.6050987	-1.1986103	-2.050822	-0.91738105
-0.7672145	-1.0649828	-0.29606214	-0.71850926	0.65744233	-1.321258	-1.8456005	-0.7341202	-0.8766838	-0.19696781
-0.76798546	-0.5702039	-0.07764557	-0.8938054	-1.8846375	0.3248775	-0.59192336	1.1225255	-0.58243585	-2.551303
-1.9243819	-1.9859748	-1.2627056	-1.8805224	-1.7836883	-2.0220995	-2.6914325	-1.7658604	-2.4201214	-2.061682
-0.6415837	-0.70299315	-0.16536444	-0.69589674	-0.5901256	-0.25223318	-0.1411252	-1.6699884	-0.9860333	-1.0260156
-1.8306628	-1.969423	-1.1632155	-1.828253	-0.8088249	-2.3385963	-2.409329	-0.99588764	-2.284696	-1.7725575
-0.67248726	-0.96007204	-0.5166639	-0.6221404	0.93269897	-1.2800915	-1.6992135	-1.3095796	-1.2378403	0.855228
-1.7660708	-1.7879384	-1.1585842	-1.6548288	-1.1160432	-1.8024002	-2.028806	-1.4953079	-1.7649355	-1.5577786
0.1691728	-0.21606895	0.71332383	0.08826409	-0.20553198	0.6330667	-0.13183151	0.7046086	0.28125542	0.631767
-1.0085355	-1.7273667	-0.40852818	-1.0062133	-0.95915294	0.7992205	0.75785303	1.2533281	0.6158988	-0.66600686
-1.0396084	-1.5445224	-0.61684227	-1.0423175	-1.657419	-0.85474414	-2.1332653	-1.2811636	-1.0077618	-2.4719126
-2.2540286	-2.2654696	-1.4738625	-2.1738389	-1.9874926	-1.938553	-1.469491	-1.3488901	-1.1018682	-1.6168045
-0.5839452	-1.1389823	-0.40640053	-0.6065587	0.2180011	-0.5472847	-1.5379441	-0.22006044	-0.19112132	-0.07006457
-0.29518473	-0.22047725	0.31720743	-0.43537652	-1.2103498	0.006626143	-0.06621948	0.80524594	-0.12926066	-1.4515837
-0.95810837	-1.1312332	-0.5752995	-0.94698066	-1.2675915	-1.2924664	-1.021534	-0.36332747	-1.5205806	-1.1136689
1.6040621	1.1778328	1.6197271	1.3515066	-0.62432206	0.36358032	0.86042637	0.34680167	0.25568992	-0.6601106
-0.03516371	0.60932004	0.36252648	-0.35407907	-1.720507	-0.86676157	0.12799709	0.029576091	-1.2578614	-1.8314455
0.23534408	-0.5088388	0.60091984	0.08106972	-1.5869454	-0.9495965	-1.4845589	-1.0073678	-1.1677208	-1.4397485
-0.44113	0.3429127	-0.18392798	-0.5085054	0.32589987	-0.6004832	-0.6406921	-1.1167531	-0.9743769	-0.58257073
-1.0267286	-0.99125874	-0.5100961	-1.0636288	-1.4117635	-1.461671	-0.9236913	-0.45932123	-0.98031783	-0.62990385
0.038030818	-0.7125163	0.5064346	-0.13428105	-2.2294216	-0.6947161	-1.1711315	-0.2273528	-0.23652697	-1.8807465
-1.7116883	-1.8038032	-1.0824738	-1.6949679	-1.8026837	-1.5605756	-1.5650756	-1.0454067	-2.0996277	-2.969921
-1.4499002	-1.4717692	-1.0516913	-1.3421426	-0.6737753	-1.5361042	-1.3695278	-0.3077043	-0.78583795	-0.3846336
-0.93778986	-1.2129363	-0.50989044	-0.9172387	-0.27060178	-0.78708607	-1.5181983	-0.3597827	-0.5079745	-0.565075
-1.8714198	-1.9679098	-1.1978611	-1.7465146	-0.6853429	-1.730365	-1.8570724	-1.5210797	-2.472567	-1.062182
-1.1001464	-0.95507395	0.025322348	-1.0457777	2.812644	-0.123262145	-0.12293265	1.1168168	-0.44915557	2.4545674
0.31085902	0.4193698	0.66359985	0.08585958	-1.1174641	0.29227856	0.17156203	1.3379447	-0.76043415	-0.99364525
-1.0208858	-0.8892685	-0.544492	-1.1176424	-0.84633756	-1.074093	-1.199083	-1.8990296	-1.0778383	-1.2400123
-0.22186169	-0.838207	0.12856612	-0.3310693	-1.2871269	-0.8586146	-1.567454	-0.5604348	-1.2856164	-1.0420811
-1.7912961	-1.9798151	-1.1536801	-1.7597519	-1.6111064	-2.0267406	-2.600602	-1.7700315	-2.4430563	-1.2470475
-2.0893435	-1.7003528	-1.5711986	-2.035412	0.09238514	-2.6384323	-2.4479003	-1.5465667	-2.9400477	-0.8445282
-1.7667727	-1.9267489	-1.1894938	-1.6667188	-1.8132097	-1.5166757	-2.046582	-1.0692003	-1.388079	-0.55512816
-1.9896256	-1.9975258	-1.2999649	-1.914027	-1.5896991	-2.403717	-1.8257262	-1.1808712	-1.6997335	-1.4393033
-1.3681532	-1.4040987	-0.54384816	-1.3873736	-0.785992	-0.43845513	-0.60886395	0.49358848	-0.47393686	0.83163935
-1.9196006	-1.28074	-1.1307803	-1.8118795	0.38258448	-1.4865199	-0.8471577	-0.30898649	-0.76565504	-0.76772183
0.435941	0.230674	0.8209146	0.32688802	-0.7145297	0.49558398	0.7624795	1.5693188	0.54335725	-0.43355697
-2.217092	-2.1832936	-1.4074851	-2.149104	-1.388361	-2.8229203	-2.9165986	-1.5916889	-2.7080984	-1.227163
-1.2206821	-1.5097802	-0.7508359	-1.2433772	-1.2358693	-0.7783696	-0.8529864	-1.3565307	-0.58584636	-1.2773043
-2.1088889	-2.0467572	-1.3966233	-2.04669	-0.6286813	-2.072565	-1.6316364	-0.47105154	-1.1505141	0.27594295
-0.49026096	-1.2540736	-0.027150571	-0.54804116	0.25236246	-0.07942287	-1.2625302	-0.00656144	0.43205222	-0.18876937
-1.4890311	-1.653492	-1.0439134	-1.4272853	-1.061379	-1.7967147	-0.78988767	-0.47666395	-2.0512903	1.203027
-0.7321694	-0.33220097	-0.528069	-0.75164014	-0.3015569	-1.0910709	1.4068104	-0.5384066	-1.1868774	0.2184594
2.0879486	0.7582896	2.2119424	1.7593287	-0.26232278	0.83176875	-0.5294562	1.2320914	-0.12972462	-0.06749782
-2.1836207	-2.2283907	-1.4889549	-2.1051283	-1.635753	-2.460762	-2.2350123	-1.9276495	-1.531526	-1.7075095
-1.5710276	-1.6000082	-1.0408013	-1.5249728	-1.10255	-1.0050462	-1.6015012	-0.67124563	-0.85199004	-1.9005688
0.07016256	-0.3030654	0.42610344	-0.024897829	-1.1444881	-0.44328532	-0.44820714	-0.008808837	-0.90040785	-0.31149498
0.7351514	0.7390653	1.1571203	0.5807281	-0.10895887	1.108927	0.69433	0.93555886	0.5555933	0.94414985
-1.6281163	-1.7736863	-0.9355042	-1.623526	0.89540124	-1.8340217	-2.445882	-1.2747014	-1.8427446	0.14430858
-1.9778165	-2.163008	-1.3122349	-1.9109539	-2.6842287	-1.964716	-3.0312672	-1.8786347	-2.1494093	-3.0711508
-0.3841855	-0.94800735	0.011452049	-0.5016788	-0.8808291	-0.029168433	-0.5360608	-0.7163901	-0.023286043	0.3850218
-2.3240416	-2.428816	-1.4629576	-2.2447205	-1.66369	-2.2541108	-0.93853986	-1.2281165	-1.7464609	-1.1407633
-2.05959	-2.1634595	-1.3319831	-1.8355072	-1.1104524	-2.411997	-1.8026648	-1.2335215	-0.84413683	-0.47048485
-1.7525288	-1.6324241	-1.1584952	-1.6692611	1.2463465	-1.7922949	-1.2978876	-1.3896558	-2.203668	0.20364223
-2.2448437	-2.2013721	-1.4461384	-2.1857965	-0.9447712	-1.454004	-2.170687	-1.0203645	-2.1208875	-0.19863674
0.7879201	0.8472793	0.99485075	0.63746244	0.06986049	-0.15648383	0.028259668	-0.5503054	-0.46865833	0.1749762
-1.0296744	-1.4922308	-0.5601214	-1.200318	-2.5823157	-1.6539878	-2.457236	-0.9940937	-1.2054062	-3.2586575
-1.7623261	-1.708947	-1.1089388	-1.6129405	-0.38504073	-1.7545875	-2.20906	-0.94574124	-0.89473534	-0.42325392
-0.12339589	-1.059552	0.4780666	-0.12773	-0.5940395	-0.51486546	-0.9577579	0.24264306	0.21732701	-0.69782877
-1.3882616	-1.3061187	-0.86876714	-1.3179872	-0.1659126	-1.217279	-1.0247436	-0.15066533	-0.45487687	-0.08291076
1.3247743	0.906337	1.632544	1.0504906	-0.33040875	1.4892566	1.2490423	1.7572143	1.9310013	-0.54430795
0.38752556	-0.21107759	0.87829554	0.2618482	-1.9194744	0.094172485	-1.1890471	1.1266009	0.28376144	-2.3029866
0.11250547	-0.9023315	0.7200644	-0.011253238	-2.4633994	-0.14234711	-0.705132	0.9987669	-0.6099295	-2.8143077
-1.2966189	-1.2117256	-0.8000426	-1.3288733	-0.9750179	-0.81445277	-1.4774438	-1.0338811	-0.9756858	-0.6015197
0.20711485	0.7033247	0.5226489	0.02035606	-0.45858592	-1.4582933	-0.85181934	-1.0287526	-2.1609788	-1.0604968
-1.618917	-1.5991466	-1.1036611	-1.5758657	0.022054404	-2.199698	-2.476893	-1.7594538	-0.9203055	-0.29971716
0.17342481	0.70829785	0.24484852	-0.03795135	-0.009236336	-0.17852288	0.8806061	0.3755317	0.9217143	-1.8602713
0.4318826	-0.025505245	0.7288983	0.20745908	-2.1296098	-0.7251903	0.014532111	1.1450566	0.97743493	-2.195764
-1.7476588	-2.0402906	-1.19098	-1.747582	-1.603622	-2.1205106	-2.7673316	-2.076805	-2.5092206	-1.3714007
0.431632	-0.57653487	0.6180091	0.23810183	-1.7164057	-0.038614612	-0.7710728	0.57373214	-0.72604716	-1.2955794
0.19387135	-0.49192202	0.41538417	0.029453829	-2.0650437	0.7782587	0.7885472	0.3333229	0.13196817	-1.6472576
-1.6833047	-1.7047375	-1.1227459	-1.5735875	-0.44028458	-1.3613809	-1.4248646	-0.84472233	-1.6255316	-0.81748873
-2.5834577	-2.4826314	-1.614519	-2.334184	-0.26536652	-2.7244134	-3.2779994	-3.7365034	-1.1326929	0.23595606
-1.7634809	-1.8655947	-1.1975243	-1.6589289	-1.4091667	-1.5483733	-1.9826629	1.279586	-0.8152107	-0.9069376
-1.1068698	-1.6848752	-0.6506145	-1.0926576	-1.4718984	-1.0472383	-1.1184652	-0.5191183	-0.80407435	-0.72780377
-0.96703434	-1.3524064	-0.46896568	-0.998544	-1.3173186	-1.4029353	-1.2518495	0.115026295	-1.7328181	-1.1766887
2.1898255	3.0032136	2.3124523	1.734364	0.48627028	1.5124111	1.7729281	1.5219271	1.6393652	-0.6800852
-2.0804214	-2.1054115	-1.3395059	-2.0304239	-1.1002383	-2.2420533	-2.3582191	-1.6210029	-2.852652	-1.8317012
1.8834442	1.4321343	1.8600962	1.7078047	0.93052685	3.7031715	1.7857541	4.0506306	3.637727	2.0265844
0.2533153	-0.6128478	0.7003585	0.06432921	-2.242296	0.34419507	-0.6680331	0.8006636	0.55980587	-1.6397203
-0.6393663	-1.1216123	-0.1798915	-0.65060127	-0.7612765	-0.38125885	-0.7449601	-0.03227472	-0.81897444	-0.9322392
-1.8788165	-1.9221692	-1.2150762	-1.8101944	0.036957413	-1.5687468	-2.668163	-1.006463	-1.3235496	-0.09165177
-1.3041455	-1.5854042	-0.78523207	-1.2313817	-0.6180495	-1.1269951	-1.6817935	-0.7795572	-1.3285782	-2.2539256
-0.7455868	-1.1982095	-0.37584236	-0.7181078	-0.7292224	-0.96870476	-2.2894273	-0.7067617	-0.9323185	-1.4979999
1.0983832	1.9117162	1.2185223	0.79308444	0.033548325	0.8325434	0.48345843	1.5157417	0.20523646	-0.39711773
-1.3703258	-1.4231997	-0.7942798	-1.2894905	-0.5501627	-1.5091424	-2.0101254	-1.2060885	-1.2467163	-0.93430835
-1.9932033	-1.9626367	-1.3355981	-1.8614494	-0.80919117	-1.4421829	-0.9851353	-1.227625	-1.1158346	-1.2757353
-2.118366	-2.268196	-1.4362139	-2.0342374	-0.44059733	-2.049254	-1.9943904	-1.1088735	-2.434155	-0.59011906
0.62900996	0.36643347	0.84652185	0.3937077	-2.1327991	1.0587145	0.36648768	1.3042243	1.2036979	-2.5428827
-0.6855665	-0.85318696	-0.4507518	-0.7660781	-1.1575431	-0.6108935	-0.2673598	0.28639805	0.03290648	-0.9818878
-1.0079362	-1.1700386	-0.66676915	-1.0276742	-0.16993827	-0.50206393	-2.3152156	-0.7466079	-0.31859976	-1.3841612
-1.3618517	-0.9636406	-0.87061024	-1.3855464	0.7780962	0.29552814	0.91551614	0.18014699	0.57802755	-0.5845579
0.557486	0.18784627	0.99667156	0.46473795	-1.1976669	-1.1097271	0.085466936	-0.5259737	-0.8824957	-0.8255446
-1.4959599	-1.7412711	-0.9082314	-1.457819	-0.47702822	-0.87519336	-1.6441274	-0.46584153	-1.342567	-0.7059036
-0.30479124	-1.0691156	0.09365752	-0.43816954	-2.631445	-1.0155739	-0.93030876	-0.1614204	-1.7375929	-2.1186178
-0.85800135	-1.1604397	-0.25867036	-0.84682155	-0.8668684	-0.25639066	-1.2614973	-0.22719923	-0.23193131	-0.2921657
-1.3307148	-1.4983106	-0.8364086	-1.3132987	0.01842463	-2.5799367	-2.658796	-2.2264555	-2.935252	-0.8502465
-2.0856724	-2.0337691	-1.3579694	-1.9792659	-0.51544964	-2.0798564	-2.3074522	-1.255636	-2.1376953	-0.19130212
-1.3848504	-1.4551561	-0.817749	-1.3957226	-0.89584506	-1.3454765	-0.9551664	-0.47040376	-1.0179414	-1.4783959
-0.24082875	-0.39436066	0.31717888	-0.37401718	-0.14267889	-0.015585947	0.60674477	-0.8949114	0.44985065	-0.24041104
-0.30027226	-0.112959296	0.16671482	-0.37834042	-1.078832	0.14497092	-0.78901905	0.2507849	0.041759506	-0.9727632
0.20949867	-0.29732406	0.6823603	0.015349776	-2.3077056	0.36628115	-0.2862408	0.79411775	0.16406344	-2.1821048
-0.43962407	-0.40888774	0.061941773	-0.53783196	-0.46210304	-1.0563027	-0.6024972	-0.23753412	-1.4295119	-0.7423243
-1.0237923	-1.1523526	-0.49266264	-0.95922416	0.37506893	-1.242829	-1.1811314	-0.6209767	-1.0568708	-0.10466052
0.5445031	0.018288046	0.8789865	0.33754689	-1.9242245	1.4550315	1.2620625	1.3591694	1.5089827	-2.1382933
-2.1234703	-1.7300031	-1.6621046	-1.9901003	-0.18205312	-1.8501012	-2.3409894	-1.5094588	-0.4125108	0.5014483
-2.2071693	-2.2229347	-1.4541754	-2.2062912	-2.6201959	-2.0190096	-1.257102	-0.1792935	-1.8150463	-2.568273
0.86274475	0.5708158	1.4303282	0.65343267	-0.63266134	1.1543492	1.5526146	1.7373759	0.6454417	-0.597422
-0.080188416	0.284933	0.49402925	-0.26703396	-0.49078315	1.095641	-0.2051494	0.87541825	1.3789204	-0.35522816
-0.49788812	-0.90711904	-0.28641245	-0.67466414	-0.7893798	-0.04732216	-0.29127246	-0.019199723	-0.5153153	-0.16232581
0.004464142	-0.5891315	0.37886438	-0.18806268	-1.8067462	0.26845932	-0.77010846	0.8838718	-0.36933225	-2.0068722
-2.0880582	-2.1867588	-1.3841983	-1.9969256	-1.807103	-1.2631954	-1.4575828	-0.36643958	-1.5590467	-2.0299375
0.20785537	-0.029341578	0.78364635	-0.06253201	-2.6554184	0.23339617	0.9105287	0.89799815	0.16830395	-1.0068783
1.1128833	1.8921463	0.90957713	0.96928763	1.8712851	2.6772618	4.09459	1.7011653	2.5821407	1.8096412
-1.8465651	-2.0178437	-1.1952208	-1.7825832	-0.552282	-2.0061173	-1.5098575	-2.041144	-1.237094	-0.7051965
-1.1888928	-1.6058105	-0.6054225	-1.1547124	-1.5634435	-1.3849188	-1.9206563	-1.1653833	-1.0554208	-2.8385715
-1.7797459	-1.8704562	-1.1460333	-1.7381212	-1.6002353	-1.8602384	-2.280207	-1.2185156	-1.9937235	-1.3944229
-1.4916021	-1.2237196	-1.1625968	-1.4641354	-1.1056474	-0.40201008	-1.4486219	-2.0554655	-0.96301275	-1.4177718
-1.4262238	-1.653544	-0.9994825	-1.4086646	-1.9797108	-1.6219316	-1.9703718	-1.2607064	-1.6297246	-1.1489156
-2.5775418	-2.4462965	-1.6446818	-2.536196	-1.8348843	-2.246743	-2.1957235	-1.5959128	-2.2874756	-2.121384
-1.1153339	-1.4029505	-0.441133	-1.1494867	-1.3268805	-0.4219438	-1.0803684	0.19151665	-1.4947628	-1.088845
0.5007603	0.26794115	0.7676903	0.34946656	-0.5549333	0.48656404	-0.33653325	0.26652017	0.29422575	0.060316224
0.8745169	0.18295765	1.2663105	0.76484776	-0.7392856	0.46729496	-0.48882738	1.2236474	0.70426255	-0.7803817
-0.5857867	-0.8883188	-0.2481494	-0.7256663	-0.77158105	-1.4676075	-1.8347788	-1.2496777	-1.9752144	-0.93403023
0.07058328	-0.022159338	0.15494153	-0.06924091	0.7875116	1.3542517	-0.795139	0.9175882	0.6107328	-0.0965822
-1.4433547	-1.4690197	-0.9591664	-1.3502222	0.7348267	-2.0593433	-1.7106137	-1.4865209	-2.4668727	2.3333657
0.5086154	-0.18590131	0.82185304	0.2732892	-1.8683681	0.12923785	0.07327408	0.5776658	-0.13814637	-1.5788085
0.94497925	1.0965198	1.5432307	0.75007915	0.06279972	0.66193515	0.11417573	1.3906647	0.3552428	0.14018132
-1.799344	-1.8909307	-1.1510117	-1.6807663	-0.7660451	-1.5421422	-1.881716	-1.0602589	-1.0976595	-1.4712864
-0.36768147	-0.8053539	0.16621816	-0.4554978	-2.202611	-0.274083	-0.21385464	0.292692	-0.41809997	-1.7600298
-1.6835916	-1.8066452	-1.0386801	-1.5667223	-1.3245997	-1.1214532	-1.8675911	-0.53795224	-1.3591897	-0.7962731
-1.5244071	-1.3264998	-0.92132366	-1.4863766	-0.31182247	-1.7037362	-1.6241513	-1.0753623	-1.938395	-0.69603676
1.2820144	0.75386786	1.5026687	0.9281522	-1.5978719	1.0351973	1.3148577	1.1565744	0.750245	-2.32293
1.01882	2.923877	1.2399278	0.71763563	1.3145863	-0.6624242	1.2491369	-0.05834468	-0.27671266	0.46509716
1.2187147	2.2234592	1.6499697	0.90394914	-0.39011067	2.874449	2.4826357	3.3994021	2.206872	1.3607914
-1.7143995	-1.679094	-1.1699072	-1.6700369	-1.1405512	-1.8077008	-2.1077123	-0.9143792	-1.6573602	-0.7731428
-0.6007704	-0.8858273	0.086983204	-0.7124389	-1.186717	-2.436124	-2.31328	-1.2563938	-2.3864732	-0.44518554
0.7902389	0.7478392	0.875304	0.6385573	-0.59592	1.2111868	1.6893677	1.3004959	0.3914621	-0.97082114
-1.8663619	-1.8276755	-1.3389498	-1.8249071	-1.3331835	-2.3278177	-2.3522158	-1.5243018	-2.201994	1.6405021
-0.23008901	-0.99711096	0.23510337	-0.38397306	-2.3094826	0.027945535	-1.2259718	0.79839474	-0.08854363	-2.9204152
-0.085398324	1.0042133	0.36158115	-0.1172642	0.19134256	-0.8428186	1.735065	-0.21948077	-0.80960214	2.8168502
-0.80125034	-1.044442	-0.12298265	-0.8076567	-1.5962235	-1.2165638	-1.423647	-0.60744876	-1.357713	-1.7776726
0.9574112	-0.3164547	1.2748489	0.74549836	-1.4810556	-0.43404627	-0.29382023	0.6694127	-0.6445185	-1.394695
-1.2018322	-1.2790701	-0.96564865	-1.1756974	-1.7376446	-1.5415603	-1.7992599	-1.3699366	-1.8627805	-0.9698691
-1.4305378	-1.7283003	-0.99898183	-1.3774465	-0.59510624	-0.9373776	-2.4397035	-1.3325748	-1.0064749	0.53682804
-1.1792445	-1.7734642	-0.75825596	-1.1541709	0.74395716	2.5423203	-1.6737556	1.834151	2.3471682	0.6245525
-0.8639375	-1.0348194	-0.37277427	-0.8207641	1.4006537	-0.5659011	-0.35796112	-0.1211376	-0.6313089	2.243056
0.89421856	0.5779927	1.3082252	0.7159882	-1.2211192	1.712285	-0.012898365	1.5819728	1.6764944	-0.17512548
1.073048	-0.37077793	1.413481	0.8987913	-0.81665874	-0.3755393	-0.9088322	0.0010275446	-0.3669703	2.258203
-2.0891504	-2.1934476	-1.3237963	-2.0414917	-1.5851349	-2.3061008	-3.4540381	-1.2210256	-1.6138816	-0.68775505
0.52047354	0.40378812	1.0151149	0.32345432	-1.2032641	0.9160548	1.7311375	1.5876356	0.42759523	-2.2708218
-0.8378944	-1.1839238	-0.4264941	-0.9734827	-2.341434	-1.1905522	-1.5820366	-0.2756932	-1.3778118	-2.2548916
0.5342201	0.02473253	0.8172389	0.5010765	1.530608	0.4455821	-0.1130845	1.1483933	0.03978306	-0.22122478
0.16927126	-0.38502306	0.5824771	0.039145783	-1.844884	-0.1572356	-0.22136088	0.5886326	0.31333953	-2.4140182
-2.1234362	-2.1572983	-1.4100329	-2.0142348	-1.2279226	-1.3268641	-1.3894503	-1.1323432	-0.12010384	-0.8272459
0.07314397	-0.30952543	0.49388996	-0.12595692	-1.5992415	-0.28474906	-0.5524512	0.44966993	-0.24107897	-1.5096667
-1.8871806	-1.9983635	-1.4235829	-1.7706723	-0.97254133	-1.9469682	-2.1052518	-1.6990206	-2.0713837	0.44513515
-0.7086107	-0.69864166	-0.40965137	-0.78314525	-0.9781376	-1.3042608	-0.9774557	-0.78853154	-1.6114458	-0.9585768
-2.3013499	-2.2652743	-1.5571808	-2.182988	-1.7372905	-2.5917354	-1.0461935	-1.6052756	-3.1737702	-1.694805
-2.4707904	-2.4455385	-1.6284889	-2.3820953	-2.3530617	-2.1920016	-2.9301956	-1.3876224	-1.8570075	-2.3442776
-1.5798726	-1.6106231	-0.7152674	-1.5909102	-3.0974374	-1.0141513	-2.030667	-0.36198473	-1.4122459	-1.6173527
-1.5835328	-2.0173156	-1.0248967	-1.4881624	-0.8719702	-1.3772628	-1.5730822	-0.6178203	-1.1821921	-1.9367759
-2.2798717	-2.1941733	-1.5440655	-2.2145152	-1.0963482	-1.7592614	-2.1152885	-1.5550257	-2.5237923	-1.4229412
-1.7205987	-1.3738288	-1.2596785	-1.6490512	-0.711564	-1.6201237	-1.3531067	-0.48758683	-1.5817716	-0.7320113
-1.5325894	-0.8601618	-0.99720454	-1.5367752	0.70744526	-0.808033	-0.065630004	-0.2324986	-1.0866779	1.0025576
-1.978424	-1.5718231	-1.4465446	-1.9804282	-0.23970684	-1.2125812	-1.2013015	-1.0584058	-0.929022	-0.7905224
-1.0410599	-1.4655674	-0.55782616	-1.126711	-0.18367505	-0.66943467	-1.3910974	-0.35861063	-0.50502163	-0.7239428
-0.2920029	-0.7446674	0.20827633	-0.4283712	-1.6730769	-0.5301957	-1.611502	0.053549763	-0.5395628	-1.492161
-2.0667515	-2.1296794	-1.3631792	-1.946623	-1.5215226	-1.6375055	-1.4521222	-1.1508731	-0.4125108	-1.5336105
-0.6750474	-1.1025318	-0.1989285	-0.8036162	-2.383965	-1.0403154	-1.7414844	-0.21917549	-1.2027863	-2.439534
-0.3637561	-1.2874719	-0.36397132	-0.26890427	-1.7663101	-1.2553079	-2.0343428	-0.9544491	-1.3672905	-1.5553976
-0.06889688	-0.4347223	0.08136952	-0.2777723	-1.9199221	-0.15749858	-0.41107017	-0.12786238	-0.4217212	-1.6440043
-2.0698228	-1.9300579	-1.314215	-2.001934	-1.3061266	-2.48007	-1.8526889	-1.8652396	-1.9085456	-0.36577207
-1.7388809	-1.7424119	-1.0641387	-1.556483	1.352024	-1.3602829	-2.0216238	-0.8860311	-1.1335987	1.2205651
-0.5958985	-1.0717757	-0.33027396	-0.6857783	-1.226273	-1.3826569	-1.2893771	-0.9539349	-1.526075	0.7658702
0.02518984	-0.28568786	0.5473871	-0.073181614	-0.7701657	0.022825703	0.05722527	0.70437294	-0.16335946	0.16350067
5.0740285	2.5974894	4.5546765	4.4162807	0.9417335	5.7800684	3.29184	5.975185	4.9169874	1.2858174
-2.4236677	-2.272695	-1.5447197	-2.2987266	-1.6390958	-2.280287	-2.2564802	-1.4241872	-2.2346144	-1.6836205
1.2227281	0.73582864	1.5224711	1.0103651	0.3671249	2.1627057	2.343129	1.7204614	1.3650968	0.9881809
-0.83188236	-1.0823821	-0.59696174	-0.8312155	-1.1426153	1.8933167	0.16524786	2.3760276	1.7538064	-0.3665228
-1.794208	-1.9783673	-1.1610492	-1.804371	-1.905342	-1.7568088	-1.6412184	-1.288491	-1.7913343	-1.7964476
-2.2755132	-2.082489	-1.5461233	-2.2003224	-1.6019335	-2.203069	-2.4770894	-1.5819193	-2.9838727	-1.5295312
-1.8873137	-1.9089082	-1.356457	-1.8394778	-0.7721689	-1.9301445	-2.1662889	-1.2626275	-2.5919607	-0.43151766
0.5148009	-0.86554253	1.0344095	0.30197793	-1.9881737	0.7678857	-0.35370433	1.1113498	0.7442427	-1.9679717
0.25475544	0.34551057	0.24178395	0.14710476	-0.6099775	-0.20448454	0.3125848	-0.38456818	0.28166038	0.90861505
-1.3696193	-1.4498326	-0.8886589	-1.400611	-1.137631	-1.1535124	-2.195113	-0.46603718	-1.0454074	-1.1876597
0.74624085	1.6997627	1.3049898	0.45974624	0.2944416	0.7787478	2.6450531	1.8885609	0.23481874	2.1499045
-1.2196056	-1.6770108	-0.7123083	-1.1791891	-1.3030787	-1.5536064	-1.9363471	-0.9358723	0.109299034	-1.948918
-0.36126056	-0.6725208	-0.0680294	-0.3668158	-0.33235157	0.7249432	0.5286418	1.3986142	0.8534112	-0.53214824
-1.644792	-1.9346478	-1.1846951	-1.5766526	-0.9879745	-2.2563555	-2.4525192	-1.626699	-3.310655	-0.5182376
-1.7197188	-1.9438398	-1.0665796	-1.6693302	-1.2246088	-1.8880643	-2.7267256	-1.1345378	-1.6271168	-0.15637678
-1.717889	-1.8749571	-1.1437633	-1.6186186	-1.169057	-1.7381318	-1.4434528	-1.1610054	-1.9203055	-1.9650686
-2.1626341	-2.354216	-1.4198841	-2.0941665	-2.4325569	-1.7961276	-2.359584	-0.7996037	-1.3653688	-3.2843988
-1.5799049	-1.7840931	-1.0066276	-1.5416206	0.09271982	-1.4471558	-1.0728407	-1.5086434	-1.4221995	-0.883454
-1.8958517	-1.5750804	-1.4059217	-1.8509446	-1.2337332	-1.7672532	-0.2732134	-0.60407484	-1.607766	-0.22377595
-1.5267233	-1.6046946	-0.99412847	-1.5279986	-1.2031972	-1.9437515	-2.529667	-2.0508082	-2.0200427	-1.4222257
-1.2132446	-1.222154	-0.8004384	-1.2303748	-0.1624183	-2.301046	-1.1858808	-1.3393801	-2.0911875	-0.5217493
-0.5036381	-1.5733256	-0.18793145	-0.5413659	-2.28118	-0.005995135	0.14525788	-0.4832373	-0.5843762	-0.009770868
-0.5534968	-0.80863464	-0.21886858	-0.48312378	-1.780483	-0.5550265	-0.25457498	-0.65970004	-0.8557617	-0.70643324
-1.4733387	-1.5728909	-0.89664745	-1.4622885	-0.5456897	-1.2922152	-1.492058	-1.5865415	-1.6029669	1.0036001
-1.2588545	-1.7570229	-0.7542666	-1.2837974	-1.8685706	-2.091006	-2.5853777	-1.2926482	-3.1614335	-1.861436
0.74037784	0.55567694	1.2242831	0.5489804	-0.8587382	1.2640505	0.36097908	1.6126893	1.4627103	-0.50647444
-1.1501296	-1.4210148	-0.7216306	-1.1608618	-0.46464673	-0.38214153	-1.024332	-0.23910007	-0.7651701	0.1898649
-2.5622287	-2.445766	-1.6528809	-2.4896398	-1.3371795	-2.575933	-1.8747388	-0.8819698	-2.5417938	-0.7197396
2.2064338	1.2887495	2.1769364	1.9774499	0.6855513	2.828776	2.354119	2.4948094	2.8776062	0.64507955
0.5533212	0.22149685	0.7400106	0.34653008	-0.8914285	0.48643157	0.4035612	1.3539816	0.021036325	-2.2408745
-1.3725954	-1.6960692	-0.92804015	-1.3276904	-1.4131384	-1.6557205	-1.8496072	-0.7031813	-1.5735027	-1.2502075
-1.9034745	-1.9629493	-1.2502453	-1.7912465	0.06404671	-1.9930123	-2.012924	-1.7615726	-1.3314024	0.24331912
-2.1885457	-2.4054866	-1.3925546	-2.0587695	-2.4195533	-3.1081665	-2.7133422	-1.9055307	-1.8733251	-1.3396677
0.6388198	1.7094194	0.75069785	0.32594728	-0.11756751	0.9142671	-0.07514851	1.4414866	0.24779586	-0.93639624
-1.459855	-1.8513389	-0.9891207	-1.3476715	-0.50045466	-1.86703	-1.8612407	-1.3922067	-1.4357017	-1.091413
-1.9860729	-1.9073976	-1.2404805	-1.8661435	0.3346971	-2.1829748	-2.265716	-0.99515396	-2.0904198	0.1468374
-1.6695027	-1.9734674	-1.0172645	-1.5505913	0.28822342	-1.6475042	-0.06435257	-0.2432646	-0.88712996	-0.22684692
0.9820271	0.13072562	1.4494338	0.81178415	-1.7081019	1.2024813	-0.2619565	1.2022831	0.52501357	-1.9699898
-1.8537669	-1.65216	-1.0918622	-1.7770307	0.05591634	-2.7582724	-2.735653	-1.4251407	-1.6228821	-1.0152609
-1.6985267	-1.7771003	-1.0390469	-1.596257	-0.58816254	-1.2958622	-1.9955997	-0.5861504	-1.913245	-0.9312011
1.3074716	3.4994485	1.4338688	0.99691033	0.9090798	0.26156464	2.854681	0.6029927	-0.7276591	-0.05004046
0.9911625	1.0028638	1.0632857	0.78663075	-0.8935462	0.6121212	0.079878725	1.1162854	0.5187953	-1.5896035
-1.866226	-1.9558291	-1.3185165	-1.837581	-0.48064783	-1.6753674	-1.6820534	-0.92672604	-0.7183078	-0.6431768
-1.8646641	-1.558544	-1.1852965	-1.7331713	1.1357518	-1.2312901	-0.8681361	-0.6588633	-0.9456491	1.6710907
-2.0631351	-1.7910433	-1.3440723	-1.9471118	-1.4652997	-2.109805	-2.7664497	-1.8602622	-3.0504832	-1.6701815
-1.597396	-1.6458884	-0.9764173	-1.5239533	0.1562176	-0.92323375	-1.7236466	-0.16172886	-1.390174	0.75677115
-1.1401569	-1.5453538	-0.649706	-1.2065163	-0.7874787	-1.4409728	-2.0771878	-1.3202451	-1.1374036	-1.9022084
-1.6777868	-1.4757416	-1.0588622	-1.6369294	-0.11576584	-2.0285776	-1.3205311	-1.3006932	-1.734018	-0.9428431
-1.2504054	-1.836402	-0.80981517	-1.2112979	-1.6874279	-1.4526007	-1.7326474	-0.90061235	-1.4486469	-1.5807014
-1.6614108	-1.8429554	-1.0316412	-1.629643	-1.8036549	-1.8390577	-2.55672	-1.6726059	-2.1945422	-0.98890543
0.092569314	-0.63215554	0.31526497	0.034163997	-0.36344332	-1.2223481	-2.0220363	-0.7500933	-1.4018568	-0.7661222
-2.0708015	-2.121969	-1.4523357	-1.9766071	-1.2926524	-1.6805648	-1.221635	0.15560661	-0.4504918	-1.0015547
-1.5617051	-1.2665465	-0.94851506	-1.5931488	1.049193	-1.41227	-1.3646859	-0.9324578	-1.3267294	0.062274713
-0.8320519	-1.5194561	-0.43744323	-0.82222724	-0.8043095	-0.7632505	-1.3442994	-0.16761667	-0.38031754	-0.3121
1.0270553	1.2565691	1.3582976	0.77285665	-0.50064385	0.73257345	1.6028881	1.0089419	0.24831735	0.054491904
-1.4183925	-1.2751015	-0.97253406	-1.4107339	-0.98594344	-1.5311849	-1.7529148	-1.2710806	-1.9615031	-1.1900507
-0.56637555	-0.8533771	-0.52814066	-0.65978247	-1.7966764	-1.5571604	-1.6813375	-1.0380108	-1.4386855	-2.0557578
0.049144976	-0.48731643	0.3920425	-0.14595181	-1.7720171	0.47725677	-0.52672505	0.7760852	0.0894823	-2.6975446
-0.2738712	-0.8610678	0.024032563	-0.36853582	-1.0890478	-1.4437577	-0.7883807	-1.2914398	-0.09205091	-2.1307273
-1.1144212	-0.8663429	-0.63054955	-1.2137997	-0.93306184	-1.1332016	-1.4477876	-0.74973935	-1.8274741	-0.26749536
0.30552405	-0.4790023	0.59760034	0.1486424	-1.5191387	-0.277375	-0.54080796	-0.14179556	0.37027538	-1.6701177
-0.46809977	0.06249377	-0.09028092	-0.53005946	-0.7282417	-1.7910454	-1.9648273	-0.55177575	-2.5987256	-1.9455806
-1.7654458	-1.206362	-1.1479398	-1.6894209	1.6134642	-2.0958142	-0.9970327	-1.0410697	-2.677709	-0.3954927
-2.4093342	-2.289935	-1.5335709	-2.2978675	-0.65550464	-2.3633626	-2.4997213	-1.3072879	-3.0091918	-1.4418643
0.3758327	-0.20742367	0.6884215	0.116198495	-0.12422457	1.4943639	1.0970831	1.305008	1.2997414	-0.31790215
0.8900647	1.0262043	1.1838019	0.6621906	-0.83471715	0.233781	-0.2166148	0.67225564	0.0027804333	-1.0198925
-1.3351785	-1.7712383	-0.9038794	-1.3218321	-0.4024764	0.41382024	1.5246319	0.19358979	0.35051212	0.41507813
1.2464298	0.33354715	1.6466503	1.0823886	-0.5108594	2.7284005	1.7013963	2.8500757	2.6556542	0.9993487
-1.4917808	-1.6105031	-1.0275452	-1.5627766	-1.639649	-1.8968706	-1.8461597	-1.0926361	-1.802158	0.24791808
-0.67167455	0.7966089	-0.1699985	-0.8333925	-0.9338641	-1.0104918	-0.8180218	-1.427542	-0.8031662	-2.3919227
-1.8352096	-1.9246862	-1.2089901	-1.7664541	-0.9325311	-1.852089	-2.496345	-1.0396924	-1.7364093	0.1466342
-0.4383293	-0.974522	0.09755018	-0.5249726	-0.020284534	-1.1861283	-1.3059267	-0.62915045	-0.8862822	-2.442283
-2.016715	-2.1683536	-1.2862854	-1.8712354	-2.3030467	-1.7221984	-1.4034722	-1.2605246	-1.6457721	-2.456326
-1.7651633	-1.8916212	-1.0638415	-1.70468	-1.1811746	-1.3535445	-0.787836	-1.4468678	-0.8026996	-1.4856141
-1.575883	-1.586134	-0.9632226	-1.5518125	-0.17613041	-1.3637154	-1.7556193	-0.52407956	-1.3041319	-0.036684196
-2.2329485	-2.1980462	-1.4586544	-2.017601	-0.7714827	-0.46817854	-0.6213702	-1.5372603	-1.0447621	-0.332314
-1.1468204	-1.1794558	-0.5693438	-1.1672584	-1.4209878	-0.95646006	-1.5945429	-0.527134	-1.3237718	-0.8747533
-1.8147187	-1.9510016	-1.1516283	-1.7921224	-0.28158087	-1.8925071	-1.7635779	-1.3000882	-2.0920508	-1.5543143
-0.8090512	-1.6434765	-0.36377534	-0.7726123	-1.7153003	-0.37242937	-1.9110476	0.2941249	-0.5147192	-0.74449784
0.44911453	1.0061195	1.1274539	0.3111766	0.6076169	1.743777	1.5698707	2.5188673	1.3124346	1.0777816
0.1816164	0.9984766	0.26707748	-0.10287149	0.36508527	-0.23567021	1.3695986	0.07658517	-0.41828933	-0.14258896
-1.7935404	-1.945164	-1.1982955	-1.6994295	-0.16844866	-2.5714285	-2.0857563	-1.0815808	-1.1326929	1.1816298
0.5519038	-0.34668761	0.76395047	0.32872808	-2.34948	1.2558028	0.64459157	1.1822823	1.2248173	-1.74799
-1.890181	-2.038938	-1.2218237	-1.8086379	-0.6816093	-1.8840448	-2.0979817	-1.336756	-1.8537376	-0.49609703
-1.8384936	-1.9456555	-1.2185806	-1.7441162	-1.2540734	-2.2985234	-2.2640712	-1.5018017	-2.533877	-1.653936
-1.917905	-2.0794477	-1.3706722	-1.7647684	-2.3160949	-2.5060885	-2.0075202	-1.4537148	-2.8357575	-2.1860402
-0.7256015	-1.4768667	-0.21380976	-0.696681	-1.9645209	-1.1663388	-1.9012573	-0.3628911	-1.2419016	-1.1374635
-2.1596277	-2.1788073	-1.4631792	-2.0438561	-1.6284357	-1.9005078	-1.0694963	0.8450644	-1.118958	-1.5537992
-2.296732	-2.2194598	-1.4362853	-2.149519	-0.8876722	-2.378899	-1.9428608	-1.5802474	-1.6234978	-0.59518456
0.94779295	0.58279073	1.2598131	0.7089288	-0.9924871	0.36449754	-0.15107003	0.72760147	-0.044762116	-1.4469439
-2.0336087	-2.051928	-1.411178	-1.9854448	-1.6777527	-2.1762762	-2.5171854	-1.2677295	-2.3359063	-1.5956961
-2.1316636	-2.0731099	-1.3503188	-2.0006216	-0.41669008	-2.612073	-2.3312693	-1.7333337	-2.4804018	-0.5179168
-1.8723613	-2.074757	-1.1957406	-1.8655906	-1.2258744	-1.9533443	-2.2600563	-1.427019	-1.4512964	-1.7912375
-2.231873	-2.2385557	-1.4195266	-2.1701734	-1.2553748	-2.184705	-2.0048501	-1.4562473	-1.5169208	-1.027226
-0.68212074	-1.153282	-0.3333421	-0.7885711	-1.6343348	-0.7324966	-1.5750054	-0.004452691	-0.47332495	-2.9276528
-0.52837706	-0.9079077	0.02463758	-0.70305115	-1.6134131	-1.123127	-1.6368909	-0.25150338	-0.9248023	-1.0604042
-1.2529516	-1.0891547	-0.91109157	-1.113049	0.10335237	0.15151331	-0.89188856	-0.08368566	0.78817666	0.1861556
-1.5578667	-1.765752	-1.0189446	-1.5210845	-0.09826258	-1.1176959	-1.5604526	-0.122596204	-0.68097866	0.27753907
-1.8236265	-1.90889	-1.1124017	-1.740932	-0.8384932	-2.492129	-2.6458273	-1.6153291	-1.9367727	-0.34866846
-2.1411593	-2.245766	-1.5242753	-2.0876992	-2.1999261	-2.2736864	-1.393292	-0.95652795	-1.4221995	-1.9826736
-2.0745142	-1.8068128	-1.2815348	-2.0003767	0.042935044	-1.5627764	-1.971666	-1.2745311	-2.4299564	-0.8669992
-0.60952646	-0.28725192	-0.30146763	-0.66927326	-0.89176404	-1.6685033	-1.2024151	-1.1408824	-1.9392275	-2.6676977
-1.6244774	-1.7023492	-0.959375	-1.5905348	-0.017014563	-1.4635469	-1.6497793	-0.80711025	-2.037712	0.23160024
0.47079244	-0.30073875	0.82463014	0.2637139	-3.2342546	0.18842632	-1.2470927	1.0886757	-0.37523347	-2.8540077
-0.11169861	-0.60210764	0.18161051	-0.26525384	-1.1716498	-0.669875	-1.0072721	-0.14374632	-0.8828536	-0.4819166
0.32759067	0.24456283	0.8220804	0.17163686	-1.0531709	0.1874096	0.25811347	0.80780065	-0.18529628	-1.7259532
-1.0036056	0.3434892	-0.7782769	-1.0221379	1.4442462	-1.1811931	1.6013609	-0.78923523	-1.240147	0.95330733
-2.351295	-2.3367045	-1.5166987	-2.1904793	-0.1021131	-2.6202648	-2.823504	-1.7278423	-2.2041137	-1.2737404
-0.0254853	-0.9810425	0.42107597	-0.17003813	-2.5881846	-0.22814658	-0.7370755	0.31001619	0.005498613	-2.4604294
-1.4117807	-1.85099	-0.8471669	-1.3142824	-2.3086565	-1.1023045	-1.6104326	-0.9646534	-1.0967304	-2.0253608
-0.99166584	-1.0478392	-0.4843022	-1.1018112	-1.3749624	-1.8583547	-2.185166	-0.72102404	-1.8048633	-1.4617436
-1.9321803	-1.7471625	-1.2792438	-1.9303052	-2.1819208	-2.4899757	-1.9943634	-1.8473226	-2.6821992	-1.6465994
-1.7963139	-2.0450485	-1.149811	-1.8043514	-2.2994497	-2.708181	-3.3535643	-1.3518023	-2.018997	-3.2902112
-1.2638063	-1.1984164	-0.97672737	-1.2673277	-1.4836785	-2.4686205	-2.1884255	-1.5614557	-2.5346062	-1.9753326
0.2632319	0.56601596	0.35544655	0.14619158	-0.1136062	-0.87606585	1.4382722	-0.742497	-0.8675921	-1.3033661
-2.2067893	-2.0895047	-1.3687084	-2.1399574	-0.6609185	-2.5281055	-2.1982806	-0.97150743	-1.6573882	2.3168678
-2.159623	-2.0448859	-1.3556567	-2.0799363	-1.1848614	-1.7952383	-1.817529	-1.6549716	-1.1324029	-1.4772782
-2.0738041	-2.0117552	-1.3694232	-1.9845577	-0.9467883	-0.8875561	-1.632491	-0.5606954	0.28097787	0.5729689
-0.42236868	-0.632159	-0.26910618	-0.49236846	-0.3312633	-0.7414328	-0.68073994	-0.33191252	-0.8196806	-1.3149377
0.051322244	-0.3592102	0.51907	-0.017418161	0.220602	-0.80742425	-0.52311194	1.5161848	0.13034151	-0.28180692
-0.42154345	-0.88360155	-0.16516355	-0.557261	-0.95909536	-0.70064205	-1.066413	-0.33873153	-0.9323125	-0.53382313
-2.0365918	-1.9596535	-1.2475104	-1.9818316	-1.0151131	-2.1290781	-1.3965248	-1.6701245	-2.5236773	-0.4203258
-0.65198725	-0.58600414	-0.24273062	-0.6885761	-1.0905094	-1.9108081	-1.2560115	-0.63446414	-1.3003368	-1.7963126
-1.7208409	-1.8921871	-1.1923792	-1.5646403	0.14987537	-1.2730414	-1.8888726	-0.78955775	-1.2037276	1.0662478
1.5653704	1.3538313	2.0386474	1.2635429	-0.122819185	-0.1904959	0.38806257	0.7362289	0.36559552	-0.41368964
-2.1274133	-2.3282177	-1.446096	-2.0768807	-2.4642332	-2.6434188	-2.0889962	-1.2066941	-1.1851603	-2.840035
-1.2102523	-1.5883423	-0.79056203	-1.165416	-1.204473	-0.11623159	-0.616718	0.56173986	-0.8504795	-1.6679572
-0.6739381	-0.9628422	-0.20091829	-0.72753537	-1.3643202	-0.6583495	-1.2651914	0.25358853	-0.45820737	-1.813897
-1.1717846	-1.3008205	-0.62718487	-1.1626644	-0.0075639784	-0.4555044	-1.016501	0.038985908	-0.9682312	1.2372149
-0.93840843	-1.7274424	-0.53742754	-0.89683235	-1.4614714	-0.6348482	-1.6173884	-0.013537631	-0.6715657	-0.47190085
-0.29860604	-0.9244646	0.1869557	-0.45130163	-2.4160104	-0.038329773	-0.54604	0.789898	0.08996822	-2.2352424
-0.9538066	-1.2639303	-0.33814976	-0.9815218	-1.0869845	-0.023257734	-0.6018157	0.9356495	-0.34505868	-0.42209727
-0.58269244	-1.506199	-0.4787266	-0.5963554	-0.92628825	-0.8951905	-1.2892013	-0.20796864	-0.58002925	-1.0559199
-0.17732462	-1.2064682	-0.04930201	-0.21461852	-0.97270465	-0.3644972	-2.2887459	-0.3467417	-0.89522356	-1.28567
-1.7738807	-2.040826	-1.2411046	-1.7011905	-1.2847646	-1.8956001	-2.2632327	-1.2153349	-2.672932	-1.5691408
-1.4730246	-1.6397189	-0.9002228	-1.388063	-0.44554275	-1.8855219	-2.3775349	-0.66127676	-2.244862	-0.14777105
0.8361545	2.7416677	1.6431158	0.5135122	0.05113882	0.115177706	2.876357	0.93178827	0.014749936	-1.5133868
-1.111232	-1.244951	-0.8128818	-1.197888	-0.31673032	-0.60681623	-0.8532332	-0.6900225	-0.8847619	-1.752896
-0.7653445	-0.9523778	-0.5073538	-0.8426641	-0.2340596	-0.784003	-1.108669	-0.8941285	-1.6604943	-1.1732705
0.30647078	1.0508716	0.47427428	0.14595146	1.0324421	0.53386605	0.9110773	0.95269233	0.47972915	1.3853604
-1.1876272	-1.3162175	-0.7595266	-1.1401223	-1.3155516	-0.8104299	-0.6816307	-1.1343386	-1.0185285	-0.34001756
0.3672031	-0.43993098	0.64079463	0.20745976	-0.93849134	0.13949527	-0.33384907	0.31459802	-0.23557498	0.49683756
0.16799763	-0.643057	0.5742164	0.110671446	-1.5309292	-0.8680335	0.16742128	-0.2557622	-1.1641983	-0.7333392
-0.9317196	-1.2626237	-0.5036081	-0.93139565	0.28584632	-0.9849293	-0.9691327	-0.5465426	-0.85243016	0.6266768
-0.13265035	-0.84180427	0.14065139	-0.26084006	-1.0701996	-0.7006697	-1.3198622	-0.64274853	-0.88625884	-1.4645334
0.58405775	0.219233	0.8678442	0.45443565	-0.26886111	1.5859109	1.1670841	2.0308778	1.1053274	-0.5530998
-2.050634	-2.2365365	-1.2982033	-2.117418	-3.066135	-2.3559237	-2.3410032	-2.1663482	-3.155598	-3.6085563
-1.4770571	-1.0525047	-0.9329196	-1.4698288	1.703925	-1.2496349	-1.2148695	-0.6203024	-1.5019531	2.652888
-1.8946145	-2.0262592	-1.2603849	-1.7884238	-1.234647	-1.3433185	-0.74536026	-0.9148389	-2.5577145	-0.93891126
-1.770183	-1.6667511	-0.95386887	-1.5762902	1.5551891	-1.7659212	-1.6080691	-1.4935259	-1.9796971	1.6971426
-0.09552081	-0.65093	0.26659295	-0.26177514	-1.2124276	0.19604923	-0.60239726	0.756748	0.71562076	-0.6032082
0.084552936	-0.2113984	0.7076813	-0.14192466	-1.0053573	-1.0131011	-1.5276077	-0.40484715	-0.9303591	-1.3813711
-1.3160416	-1.6263494	-0.86053824	-1.2690865	-0.75752056	-1.7676091	-0.591684	-0.6600446	-1.6962676	-0.28864697
-1.3838556	-1.3497072	-1.1866101	-1.3633931	-1.1327379	-1.852672	-1.7371897	-1.1288263	-2.047161	-1.2967792
-1.4982862	-1.6644945	-0.9899069	-1.43145	-1.9378039	-1.4308828	-1.3147354	-1.1868113	-0.9718435	0.42132938
-0.5678087	-0.9310422	-0.16811636	-0.708411	-1.6235669	-0.123739004	0.6126112	0.14971627	-0.2549096	-1.2792761
2.786358	4.3373847	2.5158045	2.3308609	0.913288	3.8626857	3.5841105	3.4491744	3.7360988	1.0844089
-0.4901623	-0.57015765	-0.15078273	-0.45482773	0.08518976	-0.9847744	-0.45800158	-0.3018416	-0.8643157	-0.868442
-2.1399624	-2.0561502	-1.3550801	-2.0710518	-1.6531274	-2.7920668	-2.2251515	-1.9625553	-1.5732776	-2.549945
-1.3413585	-1.7212796	-0.84633005	-1.3357933	-1.3589097	-1.4726483	-1.1210197	-0.3008065	-1.3973136	-1.3166822
-0.3483831	-0.92342126	0.06890446	-0.42452055	-0.911909	-0.8918702	-1.7585142	-0.25113565	-0.67495716	-0.6220158
0.55569917	-0.09758495	0.8840517	0.42557043	-0.6567391	-0.3421174	-1.0746764	0.3140827	-0.0418705	-0.0108927125
0.9138771	0.7418864	1.248969	0.69846654	-1.1523311	0.6759518	0.77061975	1.1104901	0.41944015	-1.0687517
-1.0181305	-1.037761	-0.47360232	-0.9457603	1.0213835	-1.2927358	-1.0301958	-0.77014935	-0.93414253	0.59355885
-1.097922	-1.2339404	-0.8035431	-1.0559621	0.35508493	-1.3566641	-0.9285075	-1.0440357	-1.6087462	0.8014578
0.20373979	0.8537555	0.6670326	0.14047627	-0.7923069	0.040218778	1.4745282	0.038072202	0.47103631	-1.02132
0.11297461	-0.38694775	0.43018407	-0.12616473	-1.4445496	-0.09623323	-0.8927413	0.27487093	-0.12981094	-1.0551834
-1.542079	-1.3640534	-1.1179765	-1.5253676	-0.21818286	-0.97390026	-0.05500577	-0.40450913	-1.0675225	0.9405381
-1.6692585	-1.7080251	-1.1256155	-1.5743791	-0.53595483	-0.7894292	-1.3320559	-1.8394725	-0.28469598	1.4341185
-0.4319829	-0.5753472	0.07006039	-0.5306154	-1.7390604	-0.8745526	-1.6302497	0.20032454	-1.0678626	-2.0536578
2.8268008	0.34660462	2.4441884	2.4276855	-3.6070464	1.1306325	-0.6056637	2.4810753	0.89344186	-2.372802
-1.2637664	-1.2142303	-0.9033009	-1.223548	0.6117475	-1.9440042	-2.430429	-1.20466	-1.0115829	2.088332
0.56295174	0.61775494	0.57737154	0.4817161	-0.8219124	0.35249132	1.0870687	1.1196655	-0.069513865	-0.85735476
0.7387599	0.3449767	1.0167414	0.48763615	0.21553466	0.5950051	0.34301144	0.7029334	0.48929337	-0.47517276
1.6470102	0.7080507	1.942669	1.320854	-0.20610537	1.9418721	1.4572344	2.2271905	1.5936882	-0.11647865
-0.068293326	-0.22416124	0.3387622	-0.15776168	-0.7407002	-0.48554784	-1.4888227	-0.6758516	-0.5783192	-1.4488853
0.4081709	-0.36873433	0.7727872	0.29436857	-0.6277628	-1.4007663	-1.7750845	0.7606288	-0.42867538	-1.4744895
-1.70362	-1.8859786	-1.08399	-1.6677412	-2.0779529	-1.5878108	-1.8079844	-1.6543006	-1.5118957	-1.6849424
-2.25395	-2.0099885	-1.5007702	-2.1568556	-1.3177958	-2.366866	-2.4031491	-1.5457617	-1.7650484	-0.3663144
-0.3320505	-0.76043606	-0.0053578615	-0.40363932	-0.57095397	0.6654114	2.2473063	0.87143797	-0.25918376	0.78790414
-2.4821835	-1.9734561	-1.6608315	-2.3563235	-1.0500357	-2.5783002	-2.3134441	-1.4205351	-2.2825167	-0.90865815
-1.7953444	-1.9188895	-1.1499733	-1.7436795	-1.3887863	-0.8140846	-1.5256411	-0.703254	-0.73019505	-2.0081134
-1.7378663	-1.8919541	-1.068509	-1.6225022	-0.6995503	-1.3754863	-2.13969	-1.0437318	-1.6812713	-1.451739
-0.13589549	-0.11875388	0.27712137	-0.34211582	-1.399989	-1.0768887	-1.3072413	-0.8188567	-1.3963001	-1.3035228
-0.13763806	-1.0894259	0.32299986	-0.15220131	-2.1403792	-1.5603356	-2.4498205	-0.36934215	-0.48924646	-2.4233348
-1.2976204	-1.6325662	-0.93773127	-1.1725386	-0.09941384	-0.92367566	-0.5720316	-0.23503152	-0.9996	0.4831314
-0.2759378	-0.40942723	0.2557991	-0.25810653	1.8055016	-0.9976607	0.06448522	-0.35246518	-0.5039162	2.8719034
-1.0130619	-1.4858639	-0.4949294	-0.99540794	-1.8584596	-1.1380194	-1.8716204	-0.7650605	-1.2755264	-1.3983074
-1.3974078	-1.7488928	-0.9107528	-1.3492944	-0.10189733	-1.007033	-1.4320724	-0.61131084	-0.9203055	-0.6457597
0.014933556	-0.6425532	0.366488	-0.17985219	-2.536716	-1.0034615	-1.971545	-0.10786898	-0.6568606	-2.5042238
-0.118381225	-0.4369905	0.19960597	-0.2763261	-1.8312038	-0.4346899	-0.8277779	-0.2752144	-0.2765043	-2.4115224
-1.6674854	-1.3116231	-0.93164706	-1.5243375	2.8628552	-1.8382759	-1.2727803	-1.3077865	-2.7195284	4.334127
2.777937	2.263557	3.0678344	2.5824952	1.2004385	4.1102886	3.5148234	4.5518537	4.2690287	2.5533776
-0.74690986	-1.0508358	-0.16918096	-0.83308595	-2.194712	-0.7906012	-1.1800796	-1.0642511	-1.3641503	-2.2554438
-1.3928761	-1.6876557	-0.8622918	-1.400023	-1.4500297	-0.85059893	-1.9942763	-0.3300325	-0.46836564	-0.92672896
1.2633479	1.193499	1.5604949	0.990512	-0.13996008	2.032418	2.2471125	2.1930559	1.5124323	0.5543519
0.8820592	1.8545716	1.5203614	0.6129625	-0.30593786	1.2598305	1.5895617	1.4755995	1.0178971	-1.2221174
-1.708824	-1.5338749	-1.3496376	-1.6006685	-1.4791145	-2.1446106	-1.6799115	-1.4729176	-2.571425	-1.7469735
-2.6732132	-2.3063133	-1.6023204	-2.5740893	0.107275695	-2.45741	-2.3494627	-1.1835716	-2.813446	1.1978605
-2.157387	-2.1414928	-1.454286	-2.0247827	-1.3453051	-2.0891309	-1.4478569	-1.0311061	-2.5387256	-1.5582556
-1.7076929	-2.0778983	-1.2053257	-1.6322052	-2.05221	-1.638619	-1.4973552	-0.78351164	-1.0995203	-1.8429427
-1.8783473	-2.0354583	-1.2392224	-1.788168	-0.5117059	-2.1632464	-2.337584	-1.5306981	-2.2440007	-1.6496047
1.0143926	1.9369757	1.276807	0.7289419	0.04477498	2.6713488	2.1935112	1.7304325	2.1281374	-0.04534887
0.3583159	-0.04822281	0.72831357	0.21998559	-1.1434387	0.67760706	0.4625327	1.2482126	0.19892272	-1.2003989
0.29057977	0.28203896	0.20653293	0.25517887	-0.96408665	-1.7893158	-0.85997677	-1.1868024	-1.6425513	-3.0671692
-2.255355	-2.1685612	-1.3641503	-2.1799889	-0.29580602	-2.1146393	-2.8111594	-1.6100968	-1.6060717	-0.49531725
-0.8621431	-1.065152	-0.54940283	-0.8510303	-0.22202586	-0.908836	-0.5752115	-0.40637535	-1.293794	-0.7242273
1.5110824	1.2425178	1.9006727	1.2152466	-0.76564145	1.3857864	1.135491	1.7260895	1.0840076	-1.2044361
0.2696612	0.0127666	0.6020832	0.074802205	-1.1680624	0.22019778	-0.8230458	0.7174661	0.86763036	-1.5264668
0.16428927	-0.5273249	0.59188783	0.038308784	-1.3860856	-0.34163576	-1.5009773	0.354543	-0.49872676	-1.9486377
-0.6706572	-0.7665106	-0.29125682	-0.8279263	-1.3779405	0.3855682	0.026428303	0.25472707	0.10098138	-1.0347742
-0.94749606	-0.86249447	-0.6595191	-0.9379977	-0.4745765	1.3218603	1.2394774	1.1446259	1.1632205	-0.42771074
-0.46646905	-1.0572913	0.29590842	-0.51821774	-0.7187948	0.34155205	-0.58034307	0.87758005	0.5961546	0.44255182
-1.4844117	-1.8444304	-0.9504051	-1.4339285	-1.0055768	-1.5040288	-1.6454762	-0.8520883	-1.8102927	-1.6879504
-2.05136	-1.9744524	-1.3192077	-2.00151	-0.9100311	-1.5936565	-1.1459109	-1.6806238	-2.485643	-1.1784643
-1.4125605	-1.5470257	-0.9138161	-1.3617185	-1.3293873	-1.3670256	-1.5840907	-0.54753596	-2.003531	-1.1280679
1.4302384	0.4817367	1.7503017	1.1520661	-1.5939746	0.48360455	1.0388728	1.5008643	0.08255945	-1.806874
0.4500198	-0.12750807	0.6900176	0.266923	-0.9375392	0.58695126	0.5199687	0.51468515	0.19290689	-0.86803377
-0.29203212	-0.06746206	0.12700495	-0.45081764	-1.2596141	-0.5868125	-0.7123066	-0.8637967	-1.1183143	-1.7838347
0.47853562	-0.3341645	0.9238409	0.34735978	-1.1324208	0.25906125	-0.777606	0.7522793	0.18880215	-1.2937691
-1.7394961	-1.7489005	-1.1195749	-1.6760507	-1.1577182	-1.7314652	-3.2805285	-1.6058439	-1.9178839	-1.8220971
-0.8579245	0.1711413	-0.4804459	-0.9377887	0.63372886	-1.4377927	0.37313938	-0.18497124	-1.3558521	1.1012238
-1.9749345	-2.0852938	-1.3244126	-1.8770856	-0.38965628	-2.7000527	-2.388645	-2.2230642	-2.3855848	-0.7892973
-1.117127	-1.3462622	-0.60627604	-1.0831404	-0.14505276	-0.99572283	-1.0120931	-0.64900327	-1.0003551	-0.56359196
-1.4322144	-0.77423835	-0.93168104	-1.4492786	-0.0742698	-2.0633907	-1.2394693	-1.2477767	-2.6111825	0.1573948
0.061505727	0.47799876	0.4400084	-0.13898353	-1.0983299	0.70942265	0.9966915	1.2530538	0.6279331	-1.2879823
-3.0760722	-2.5387359	-2.0999668	-2.8835263	-1.4597541	-3.551857	-3.3391483	-0.63129807	-1.454621	-1.9604666
0.43303892	0.12601274	0.8554479	0.22900786	-1.4235098	0.9126928	1.0551211	1.1297574	0.9950204	-1.663248
0.91222936	0.54500854	1.3235776	0.6810888	-1.2614435	0.90490097	1.296737	1.6285467	0.34404168	-0.50574785
0.98833686	0.3153281	1.3578372	0.78226995	-1.5882478	-1.3832803	0.3387874	-0.74916184	-1.6794461	-0.51646954
-0.43582103	-0.94774604	-0.022837639	-0.4647848	-1.6533818	-0.8733868	-1.356258	0.49758005	-0.67635685	-1.5176506
-1.4690508	-1.258556	-0.84853625	-1.3786418	0.5597832	0.43204272	0.010821107	0.5465182	-0.21986574	-0.695211
0.073392265	-0.46134883	0.37694237	-0.21920215	-2.1200588	-0.31495228	0.04085958	0.5094226	-0.7279715	-2.177731
-1.8453089	-1.9030058	-1.136168	-1.8013874	-0.20391227	-1.9036213	-2.161105	-1.4793183	-1.9746733	-1.1794498
-1.7611184	-1.3441944	-1.1959709	-1.7775881	-0.46754876	-1.3183506	-0.9279474	-0.50040984	-2.6022205	-1.0438293
-1.2229882	-1.4651592	-0.7861825	-1.2385781	-0.62758064	-1.6530762	-1.2833828	-0.86430544	-1.7075734	-0.98240674
-1.5141008	-1.6567898	-0.9334371	-1.4561877	-0.6098795	-1.3081957	-1.0518899	-0.5175964	-1.4662372	0.19789016
-1.6258364	-1.6102955	-1.1234292	-1.5526478	-1.0688115	-1.2440797	-1.6528939	-0.75609076	-1.1619947	1.0841947
0.31046358	2.001416	0.39907962	0.041581407	3.0775957	-1.1259501	-1.282922	-0.89858574	-1.3217154	2.0221186
-1.8362184	-2.2029135	-1.2833052	-1.7280447	-1.7551028	-0.7454918	-1.6582716	-0.8345746	-0.7699343	-3.6654394
0.57254755	0.4525843	0.44986513	0.39457977	0.3942192	-0.16113639	-0.48919693	-0.38480598	-0.22471009	0.4129212
-0.19556868	-0.40776926	0.31578553	-0.28345156	-1.3384682	-0.20908956	0.19794288	0.69152164	0.14684859	0.2406721
-0.6465191	-1.0827063	-0.17773846	-0.78140616	-2.4754615	-0.13934714	-0.44476414	0.12817734	-0.18558188	-2.9142306
-2.5725372	-1.4789371	-1.8483245	-2.4967368	-0.62575996	-2.2311285	-1.6626754	-1.0100846	-2.7871964	-1.5947014
-1.2362757	-1.5711731	-0.75454104	-1.1737789	-0.50525653	-1.4500896	-1.7200593	-0.96169764	-1.6987064	-0.7079526
-1.7375784	-1.7718745	-1.1240509	-1.6913414	-1.1871684	-1.6293138	-2.2295148	-1.1933349	-1.0426121	-1.6092962
-1.0415254	-0.7616143	-0.5456511	-1.068907	-0.6791316	-0.85795254	-0.5395908	0.31844318	-1.3169224	-0.9330961
-0.9517415	-1.3774132	-0.5019264	-0.9328967	-0.3704943	-0.339925	-0.59252626	-0.03668822	-0.39417735	-0.20161128
-0.53295434	-0.9686681	-0.14508781	-0.5809229	-0.7155668	-0.41239804	-0.83708495	-0.05677818	-1.0169045	-0.22227941
-0.8449518	-1.0279745	-0.11385265	-1.0206311	-2.852297	-0.8410555	-1.1635998	-0.37923065	-1.1408924	-3.0968196
0.17932335	-0.37560177	0.41172534	-0.010736451	-1.1598425	-0.8835819	-1.1662016	-0.23172644	-0.8670218	-1.2222291
0.7364693	0.8189733	1.2392665	0.53505766	-1.866141	0.7248879	0.5767388	1.2668556	-0.039508328	-3.5766034
0.0042876825	0.36788812	0.60525095	-0.15910782	-0.9453714	-0.35780686	0.64300907	0.21633796	-0.30807528	-3.005434
0.44150886	-0.19510096	0.8690357	0.28435123	-1.3956497	0.4721489	-0.6569402	1.6841723	0.5710422	-1.13913
-1.7148956	-2.076297	-1.1145768	-1.5778823	-1.8283042	-1.6367501	-1.7228627	-0.7247877	-2.356574	-0.63923293
-0.30493405	-0.21616653	-0.18568465	-0.31484222	0.112986	-0.92731625	-1.311902	0.61813545	0.19515528	0.8440552
-2.435295	-2.2779999	-1.3706675	-2.1579378	-1.4428387	-1.8326246	-2.0197573	-1.3260251	-1.936213	-0.82035226
-0.1414054	-0.43890002	0.25574967	-0.24931277	-0.54637	-0.1758958	0.32528037	-0.05385422	-0.20052858	0.6991055
-0.5316243	-0.42844966	0.009023577	-0.5926969	-0.5780616	0.015225695	-0.2788844	0.5149593	0.25568184	-0.15219083
-1.4647009	-1.7683818	-0.9173523	-1.3858712	-1.4241353	0.37335616	-1.644312	0.63770044	0.52743286	-1.3418785
-1.2161281	-0.2149969	-0.8090702	-1.3470007	-0.4523416	-1.2846485	0.73112047	-0.9399753	-1.2204936	-0.30930486
-0.3422697	0.4493077	0.2636485	-0.4956165	-1.2053813	-1.1276563	-0.30766514	0.11353865	-0.62860537	-0.8900854
0.11650663	1.8237531	0.55736375	-0.120760724	-0.8484409	-0.5291693	0.69242615	0.12113151	-0.37405527	-0.70789963
1.2891381	1.0058318	1.3416687	1.0780606	0.8250481	1.2670034	1.290987	1.164871	0.9536259	2.10698
1.0914861	0.67063296	1.5310969	0.8563807	-0.14748529	1.3954062	0.73943216	1.9927576	1.0211567	-0.7581275
-2.0861738	-2.1135259	-1.4086617	-1.9982504	-1.389917	-1.8298346	-2.2774875	-1.4200217	-2.108364	-2.3548148
-0.34243926	1.2397158	0.16186953	-0.5958358	1.3039851	-1.6978694	1.829586	-1.5051366	-1.8148537	2.1036596
-0.5907493	-0.72401774	-0.19674382	-0.6414558	-0.2844975	0.29212356	-0.53138673	0.23151165	0.20441607	-0.4994265
3.189018	4.726498	2.8325412	2.7156067	3.1727946	2.9797802	2.3112092	2.9845555	2.9244325	1.4222081
-0.12718207	0.091884464	0.24950771	-0.22887182	-1.5538617	-0.44675398	-0.69489616	0.2915321	-0.6364988	-1.2845304
0.24390802	0.3181403	0.50062245	0.0060150474	-0.73704535	-1.5153342	-1.2457597	-0.9135882	-1.3822697	-3.0722136
-1.8087512	-1.9307778	-1.2245504	-1.7545321	-1.5608121	-1.9422181	-2.2819269	-1.2360034	-2.5554173	-1.2839793
-2.2157056	-2.1538165	-1.4507505	-2.0947537	-1.3321028	-2.2829015	-2.1626012	-1.6664457	-3.2859585	-0.9111671
-1.0981357	-1.4383998	-0.68420136	-1.0233483	-0.8424591	-1.5052038	-1.8137021	-1.5177057	-1.7247101	-0.9468936
-1.5198236	-1.9677377	-0.9538481	-1.5520774	-0.22123362	-1.4278507	-2.4424288	-1.1647463	-1.2097368	0.4113043
0.53613126	0.4893296	1.1139407	0.35458148	-1.1557083	-0.33720207	0.45729694	0.6818034	-0.7341491	-1.2450645
-1.6172466	-1.7517614	-1.0796386	-1.702715	-1.6173173	-0.6660888	-1.2436273	0.09796001	-0.72080284	-0.8692134
0.57486767	1.0381299	0.92258227	0.35979682	-1.4230617	-0.25275227	0.30227098	0.4739572	-0.728471	-2.2925413
0.277708	-0.013577491	0.7501514	0.13670073	-0.5875925	0.9055618	-0.4680897	1.2474148	0.38613924	-0.99614125
-0.8930841	-1.3573327	-0.6203979	-0.83999646	-1.5281756	-1.3728979	-2.4920328	-0.6610767	-2.008131	-1.0848604
-1.2000796	-1.1962247	-0.83068335	-1.104238	0.27111372	0.30290347	0.9593312	-0.0318552	0.21104096	1.6231499
0.74091625	0.45937172	0.97416914	0.50876623	-0.4865953	0.5300112	-0.49275956	0.40552554	0.41577777	-0.48993078
0.95995945	-0.1360578	1.3842258	0.7212445	-1.575642	1.5926834	-0.16158533	1.4300599	0.2263267	-1.2614859
-2.4479127	-2.316703	-1.5648525	-2.3133335	0.39933345	-2.3146071	-1.2166312	-1.2808137	-2.1193533	3.0387568
-0.37097758	-0.72503996	0.054042697	-0.52723604	-0.4491482	-0.7443353	-1.3019588	-0.5903989	-0.7471519	-0.37812224
0.038610093	-0.43614537	0.4280822	-0.1338156	-1.746406	0.0054197772	-0.74901956	-0.06316708	-0.10819516	-1.1562896
-2.2201736	-2.2807271	-1.5246931	-2.111608	-1.3477407	-1.6828164	-1.8546371	-1.3670892	-2.3103976	0.1321775
-1.8040445	-0.8508136	-1.4396946	-1.6848147	-0.7336825	-2.6589024	0.23863468	-1.446527	-2.6130764	2.3253546
1.0222839	1.54988	0.9731872	0.76689374	-0.85064715	-0.16905087	-0.18314637	0.17601198	-0.6239475	-1.2942184
-0.2451851	-0.73826396	0.21108437	-0.23628844	0.25221375	-0.76308924	-2.2249439	-1.0841805	-0.65595835	-0.6393399
-2.3915977	-2.178261	-1.7266352	-2.2293026	-1.9535439	-2.4535482	-2.1812398	-0.924008	-2.8597872	-1.6315801
-2.091915	-2.2665045	-1.3125579	-2.0831504	-2.8484187	-1.9704267	-1.4895482	-0.8108837	-1.5203073	-2.9315367
-0.92022544	-1.9669218	-0.30208638	-0.94239295	-1.0023742	-2.078176	-2.09814	-0.5668145	-1.3565742	-1.4124486
-0.2231923	-0.597532	0.017349556	-0.27333575	-0.8894545	-0.36065617	-1.1621875	-0.2698009	-0.5640769	-0.4870825
-2.1502051	-2.0087733	-1.4574872	-2.0518572	-0.956625	-1.5574348	-2.0922227	-0.9517694	-1.750872	-1.2431494
-1.6960348	-1.4825568	-1.0357398	-1.646409	0.9215089	-1.6811917	-0.9065033	-1.0842221	-1.5002447	1.7275854
-1.9465932	-1.9872555	-1.3368965	-1.863393	-0.41981846	-1.7460359	-2.0047748	-1.5967263	-1.3235593	0.165395
0.5581836	-0.15390487	0.72545546	0.4153096	-1.5357808	2.254657	1.5688668	2.611003	1.8396581	-1.4200268
0.53537756	0.79663634	0.92027974	0.4968953	0.33360747	1.6591152	1.647935	1.8137703	1.1627567	0.3177764
-1.0609801	-1.3699484	-0.5793524	-1.0344903	-0.17791918	-1.3140529	-1.4019023	-0.6637636	-1.0140618	1.1271346
-1.1748326	-1.1451639	-0.75898516	-1.1562065	-0.42877	-1.6069901	-1.5080302	-1.4662611	-1.5891993	1.2757545
-0.9079872	-1.153512	-0.49451724	-0.96871877	-1.3479316	-0.45045775	-0.118426725	0.056873232	-0.6978836	-0.6862887
-0.03584025	-0.7963915	0.23210213	-0.1351911	-1.7654433	-0.86769897	-1.9096113	-0.70394886	-0.6337039	-0.35021138
-2.67274	-2.5209122	-1.8103311	-2.509803	-1.9996685	-1.6242038	-0.99633783	-0.6290666	-0.7052926	-1.8466562
-0.99759287	-1.281833	-0.48003706	-1.0211413	-1.5697184	0.12711535	-0.7032942	0.20932122	-1.0308092	-2.0714316
2.6719322	2.7996995	2.5589998	2.2354445	-0.21766663	3.0128078	2.316035	2.472203	2.5838873	-1.6132693
0.18311289	0.017627	0.56032753	0.028397992	-0.014212817	-0.0036027879	0.014306248	0.17382397	0.1513966	-0.21803808
-0.8100056	-0.38294074	-0.28087267	-0.8261071	-0.37735146	-0.3496551	0.88817424	0.79292077	-1.1811846	-0.04116415
-1.3155992	-1.4288421	-0.790257	-1.2539995	0.39655444	-1.89315	-1.6485384	-0.9877453	-2.014715	0.7827847
-0.84397763	-1.3564961	-0.42205998	-0.8947716	-2.029541	-0.39430627	-1.6762722	-0.7128668	-1.0190731	-1.8957579
-0.87668914	-0.199758	-0.8979112	-0.8198706	1.4748935	0.8961682	2.1044214	-0.1193796	-0.23956525	3.2661495
-1.2471522	-0.7112882	-0.88357604	-1.2111344	-0.5650649	-1.1598865	-0.92781836	-0.3554715	-1.4826037	-1.7643076
-0.07236805	-0.7376437	0.30878744	-0.23172271	-1.8844126	-0.22096568	-0.9766578	-0.18921615	-0.6794925	-1.4746002
-1.3008181	-1.3136377	-0.70293415	-1.3389728	-1.2142063	-1.3947332	-2.0088744	0.38380885	-0.5709958	-0.89719427
-1.7829301	-1.9225147	-1.2077849	-1.6747859	-1.0977638	-1.4465028	-2.1495118	-0.40996972	-1.3597873	-1.105436
-1.2517103	-0.95508134	-0.88707817	-1.2063272	-0.15753418	-1.7835639	-1.6540382	-2.1453516	-2.0898445	0.26375264
0.60829246	0.60743725	1.0122488	0.3330713	-1.037765	1.1690257	1.2569857	1.4170659	0.71280104	-1.6171753
-1.946227	-2.0397885	-1.2391127	-1.8788468	-1.7551993	-1.8553352	-2.139791	-1.7547661	-2.2984793	-1.6349243
-0.32620376	-1.1003646	0.06753528	-0.44328856	-2.8397925	-0.8324959	-0.46064982	-0.1823693	-0.6925493	-2.2573657
-2.3293192	-2.3707073	-1.4994732	-2.2855694	-2.4030457	-2.3265333	-2.4443638	-1.3807129	-2.2184258	-1.3943379
-2.025518	-2.0937471	-1.2764331	-1.9964783	-0.84137774	-2.042089	-2.3459232	-0.8431714	-2.2687883	0.27426237
3.636721	3.1404665	3.252981	3.1423862	-0.24265324	1.9349686	-0.6610359	2.2659175	1.6054685	-2.8358934
-0.05752202	0.92549646	0.30603787	-0.072643496	0.4943799	0.7209604	2.0540547	0.95301336	-0.20698474	1.6190689
-1.4327081	-1.6352954	-0.8711413	-1.3643489	0.29735652	-1.311158	-1.6224144	-1.0495083	-1.6041452	0.9063121
-2.1240318	-2.1060407	-1.3274143	-2.026169	-0.51184547	-1.7999473	-1.3673267	-2.0139053	-1.0799568	-1.6706795
-1.5992881	-2.2349863	-0.9237133	-1.4384391	0.740674	-1.9153413	-2.666011	-1.5094391	-2.4150958	2.319928
-1.4681647	-1.3110877	-1.2489814	-1.4293422	-1.0099354	-0.91595954	-0.48474133	-1.0173587	-0.84357655	-0.9085415
0.17398342	-0.3826863	0.6823484	0.05065392	-0.9995434	0.33349407	-0.36448884	0.9329632	0.57620716	-2.3971214
-0.8996804	0.045921117	-0.39617166	-0.9862511	-0.41704118	-0.2131812	1.2386733	0.3705607	-0.72720635	1.7600719
-1.9718603	-1.9995806	-1.1830838	-1.9432573	-2.1184428	-1.5975364	-2.0008917	-0.7254274	-1.8787028	-3.2864792
-1.4722624	-1.6648592	-0.9467747	-1.4977434	-0.6313343	-1.3979299	-1.3318219	-1.3126762	-1.174432	-1.0387425
0.99556166	0.86240125	1.5572522	0.7594522	-0.03093943	1.1380873	-0.27195495	1.3960831	0.3626529	-1.2035258
-0.21662104	-0.65675646	0.23803174	-0.25619859	-1.2483354	-0.9543501	-2.1888907	-0.9810065	-0.85967046	-3.5883956
0.22865576	0.025919825	0.44246516	0.17121087	-0.95548964	-0.96381867	-0.20807177	-0.094769396	-0.7842605	-1.8451865
-1.9073145	-1.4232285	-1.3625522	-1.8166755	0.48178515	-2.9304738	-2.9581933	-2.150842	-2.628317	-0.55082315
-0.6072487	-1.1452484	-0.14838347	-0.68146056	-0.6492175	-1.1932169	-1.9290195	-1.0457065	-1.3194014	-0.8948664
-0.60994273	-0.99546945	-0.29636952	-0.72216606	-0.74768114	-0.0799804	-1.5562403	0.20737486	0.5591843	-0.4575181
-0.55919254	0.28964326	-0.12638131	-0.7316804	-1.5613619	-0.95598376	-0.43354008	0.44398904	-1.0122147	-2.015335
0.35719797	-0.065009296	0.69004405	0.15184398	-1.4795991	0.21562648	-0.77521485	0.73664147	-0.2880415	-1.7869357
-2.2080975	-2.2583408	-1.4539115	-2.1198077	-1.3628643	-2.3165908	-2.4970083	-1.2483021	-2.0197418	1.490974
-1.03521	-1.0074182	-0.5619552	-1.0713583	-0.5328	-1.4794722	-1.6721084	-1.2761754	-1.2782276	-1.0326775
-2.3245072	-2.147639	-1.4665166	-2.276767	-1.0006685	-1.868582	-3.134666	-1.6263084	-3.0920508	-1.1749938
-1.2628547	-1.0272292	-1.0783696	-1.2249792	-0.71750283	-0.9918191	0.01054949	-0.7938407	-0.77574396	0.71058524
0.15364847	-0.016770989	0.59140253	-0.015975982	-1.2030497	-0.16599618	7.237535e-05	0.027058816	-0.6251009	-0.9508408
-1.5899642	-1.787093	-1.0592136	-1.6453209	-0.9230828	-1.8390477	-1.4219477	-0.9276963	-0.31427523	-1.2283876
-1.6433209	-1.6312377	-0.9611442	-1.6355684	-0.6461594	-1.3341721	-1.4205095	-0.80241543	-1.4834208	-1.0285641
-1.6991221	-1.640063	-1.0860804	-1.6518683	1.7599357	-1.1248045	-1.2687603	-1.1355672	-1.531526	0.15710746
0.29330286	-1.0222154	0.4366599	0.27552593	-1.8607059	0.4200459	-1.0308656	0.77727854	-0.07586491	-2.6232388
-0.0053461567	-0.524071	0.33031842	-0.04122992	-0.8672309	1.4232464	-1.0220973	1.7747597	0.43159157	-1.5670189
-0.60041434	-0.48765785	-0.21703598	-0.5397233	-1.9195819	-1.398315	-2.1844926	-0.9592154	-1.1405278	-2.3628635
-1.104674	-1.1969115	-0.49312863	-1.1022829	-0.04269418	-1.2734506	-1.9726164	-1.1544403	-1.4874316	-0.3650826
-1.5278237	-1.6138884	-0.93454146	-1.5179015	-1.254228	-0.7764288	-0.4781252	-0.16885583	-0.9031087	-1.4076971
-1.6237164	-1.412296	-1.1026349	-1.5568753	0.8029773	-0.79318184	-1.0591693	-0.35942763	-1.0503414	2.6069489
-0.63214463	-1.3431789	-0.26713577	-0.62813574	-1.1145688	0.18678752	-1.5929472	0.5612388	0.09105492	-1.7963519
1.0369371	0.5052384	1.0436794	0.72307855	-2.6615994	2.572428	0.75818384	3.14407	2.6370738	-0.27853158
-0.07744581	0.40568843	0.25899932	-0.21715792	-0.75496924	-0.30394313	0.18488804	-0.18022534	-0.65183586	-1.174254
-1.9422086	-2.1317313	-1.3283287	-1.8205078	-1.6189206	-2.534814	-1.9955997	-1.3931428	-1.5587693	-1.433835
0.50173	-0.17248958	0.9763776	0.29485816	-1.6278427	-0.19914831	-0.12121963	0.6099655	-0.064356506	-2.0042377
-1.7691911	-2.0672536	-1.1287915	-1.7418569	-1.8880705	-1.7254654	-0.8965703	-0.60849756	-1.0366383	-1.2351601
-1.7918396	-2.0083807	-1.1565316	-1.7633663	-1.7631052	-1.6289737	-1.448597	-0.6587265	-1.3089516	-1.4628499
-1.3162782	-1.3109539	-0.7759857	-1.3712605	-1.5221726	-0.97858137	-1.8708391	-1.0144831	-1.2705438	-1.8761258
-0.59900844	-1.5958648	-0.073666304	-0.58032703	-0.11136152	-1.4152393	-1.6733803	-0.4576852	-0.25228086	-1.3880725
0.53082955	3.656394	0.6849402	0.16801648	1.7209762	-0.63948965	1.7240468	-0.50725234	-1.1874315	0.8571526
-0.18301025	-0.015337229	0.21862671	-0.38541093	0.4595059	-1.6158137	-0.057699677	-0.08204866	-1.2260472	1.4717089
-0.6653094	-1.1977676	-0.60891664	-0.6671594	-1.470922	0.66457254	0.7695884	-0.23289017	0.86566645	1.1116298
-0.7572254	-1.0493786	-0.5422292	-0.7003034	-0.9059361	-0.972907	-0.8061042	-0.0013874237	-0.89156765	-1.1387177
0.7933422	0.7098422	1.1584822	0.5830391	-1.2677277	-0.6232529	-1.4946849	0.1205722	-0.53523296	-1.5144215
-0.2578435	-0.17238826	0.35269138	-0.38594037	-0.72061825	-0.36066806	0.81057876	-0.122015394	-0.5960756	0.82446086
-0.40787366	0.54702115	0.103223175	-0.5079479	-0.3053517	3.1002078	0.27085534	2.310359	2.4562924	-0.19129898
-1.8478945	-1.8395251	-1.1290272	-1.685076	-0.37221074	-1.6336414	-2.0620263	-1.7545336	-1.8727113	-0.8795098
0.76645714	0.08056614	1.3324522	0.54726833	-0.011183947	1.2524211	0.58157754	1.6710514	1.1551105	-0.49625215
-1.5677099	-1.1808163	-1.0471499	-1.5805967	1.0217382	-0.87281996	-1.8307993	-0.86764336	-0.8457635	1.3889693
-1.4406208	-1.6129874	-1.0411971	-1.4169955	-0.94277906	-1.4816319	-0.82208294	-1.457252	-1.4346075	-2.025286
-0.9360838	-1.1364577	-0.4141573	-0.7989321	1.3990407	-0.7915943	-2.4688735	-0.3525827	-0.78258973	0.35528535
0.1580438	-0.4587474	0.6041882	-0.0035010576	-1.4828355	-0.3199379	-0.73545676	0.28886893	-0.9452396	-1.4778438
0.13502899	0.10000315	0.71010375	0.018389106	0.4209846	-0.07880901	-0.3511189	0.5603845	-0.45009896	0.56481624
-0.58054495	-0.97869563	-0.20015246	-0.6490269	-1.1658466	-2.0383635	-1.5403419	-0.45245585	-1.8048283	-1.8451489
-1.136361	-1.9143943	-0.6256561	-1.2149723	-1.8245043	-0.73001117	-3.1109784	-1.5367671	-0.6229529	-2.6194928
-1.5587872	-0.94905496	-0.95238256	-1.5832379	0.39151832	-1.9869924	-0.56488806	-1.4216405	-2.2839785	0.81595945
0.13025197	-0.68374014	0.5717026	-0.02581729	-1.7071592	0.70035094	-0.5575737	1.3288232	0.37540084	-1.264638
0.37786418	1.507366	0.8180014	0.18080784	-0.90523446	-0.5092149	0.14888537	0.36360347	-0.47716647	-1.0044209
-0.78159857	-1.2666045	-0.31708482	-0.8835733	-2.342242	-1.4082675	-1.9048964	-0.88594776	-2.2634647	-3.0840452
-2.0883458	-1.6992794	-1.4398388	-1.8538862	-0.16854987	-1.7627599	-2.4327378	-1.3674494	-1.564804	0.34015173
-1.9012328	-1.9809206	-1.2361118	-1.739767	-1.0008497	-1.4140753	-0.52311194	0.05775867	-1.1283171	-0.36807793
-2.4565325	-2.4354084	-1.5779413	-2.347105	-0.38000417	-2.6281455	-3.2560058	-2.6008317	-3.993584	-1.4556592
-1.5220414	-1.6834315	-1.0459836	-1.4009984	-1.6543751	-1.2500762	-1.7000494	-0.9083067	-1.5071181	-1.7980099
-2.218032	-2.0570843	-1.3376769	-2.0851767	-0.57094985	-2.8880968	-2.0887516	-1.6737858	-3.9963088	-0.15506251
-0.9400396	-1.3203373	-0.4817818	-0.94869804	-1.3262815	-1.0582116	-1.931082	-0.8482366	-0.95689553	-0.98231757
0.4239652	1.1339451	0.77875876	0.13292237	-1.5850295	0.34883225	-0.19189213	0.72637963	-0.3411616	-1.6204513
-1.0136651	-2.0273695	-0.5692414	-1.0125457	-1.1910057	0.84695214	-1.471688	0.5015862	1.3962141	-1.1620331
-1.7380655	-2.0445244	-1.1459429	-1.663115	-2.0506742	-2.1287274	-2.7664797	-1.2189444	-1.5982198	-1.34078
-2.0477772	-2.0305028	-1.3215262	-1.9498364	-0.47756678	-2.1716356	-2.0992286	-1.3282346	-2.2709846	-0.85994756
0.42550227	-0.15934587	0.7779294	0.3177107	-0.8413048	0.80010456	0.24012108	1.1560081	0.48457068	-0.9068934
-2.1188655	-1.9887824	-1.4478946	-2.0673993	-1.5337408	-2.197991	-1.6134369	-1.4180778	-1.9998412	-1.4384545
-0.18504377	-0.63482606	0.23588735	-0.21611199	-0.68678385	0.12039247	-0.27822188	-0.0033158506	0.02680607	1.1325676
-2.0107718	-2.1694012	-1.28274	-1.7648112	-1.5604057	-1.9856939	-1.7709975	-0.97203434	-1.9568313	-1.4668832
-1.7420532	-1.6168439	-1.296995	-1.8083074	-0.88193965	-1.7109742	-1.2251679	-0.98876274	-2.368146	1.04977
-0.8739615	-1.2567928	-0.35185418	-0.8313538	-1.2613084	-1.1459914	-1.4490687	-0.7061404	-1.4469601	-1.2292573
-2.0716374	-1.9890056	-1.2882578	-2.000219	-1.0519034	-2.9388707	-2.45667	-2.345437	-3.9154708	-1.1400877
0.0076333806	-0.032337382	0.34201577	-0.19047391	-1.9169748	0.67978483	-0.03585789	0.84131354	0.2829138	-1.7994862
-0.5805537	-1.007362	-0.20160058	-0.7194952	-0.8622806	0.043214694	-1.2480263	0.39955124	-0.18663236	-0.5913344
-2.4146473	-1.9396839	-1.6114098	-2.33753	0.17942104	-2.286112	-2.5895228	-1.6405835	-1.6068912	-1.1951632
-1.4359428	-1.4891881	-0.87994146	-1.388276	-1.1871148	-1.1645931	-1.4101226	-0.5429764	-1.0681592	-0.91118026
-2.014506	-2.00575	-1.2960997	-1.9760324	-1.5789013	-2.163524	-2.013971	-1.6336501	-2.3583872	-1.4550767
0.45335457	0.4460031	0.6649385	0.23120318	-0.7553197	0.15564412	-0.063736886	0.5978487	0.36521536	0.86626357
-0.6490871	-0.854481	-0.32821217	-0.6635567	-1.055746	-0.2874584	0.32396492	-0.4301761	-0.37189496	-1.712108
-1.6943326	-1.9554926	-1.0917089	-1.6927418	-1.2246475	-2.2049413	-2.070116	-0.9647589	-1.6598636	-1.3253008
-1.0345986	-1.3899456	-0.579769	-1.1243143	-1.235994	1.036444	-1.1704931	0.15950447	-0.8445795	-0.34940818
-2.3307612	-2.3238235	-1.5539308	-2.1645904	-1.6121151	-1.724132	-2.3391333	-0.912452	-1.800283	-1.0435797
-2.515134	-2.423899	-1.6548848	-2.3939202	-2.0334544	-2.6356845	-2.776212	-0.8948471	-2.7012734	-1.121897
-1.579572	-1.8412809	-1.0454239	-1.514336	-1.5961077	-1.1394006	-2.3291862	-0.915446	-0.92087334	-1.6782377
-0.7978892	-0.52508354	-0.37695107	-0.83384025	0.030982256	-1.865438	-1.7544403	-1.4020433	-2.3897908	-1.154824
-1.5171452	-1.5207915	-1.2009112	-1.4628358	0.039764136	-0.3562368	-1.4761192	-0.7584622	-0.36144382	-0.26699832
-0.3425568	-1.0474143	0.058023572	-0.36398965	-1.4645113	-0.4417091	-1.3220448	0.27136773	-0.96110404	-1.5578867
-2.2992616	-2.3810265	-1.4459314	-2.2851405	-1.6693361	-1.9984736	-2.1229458	-1.3670449	-1.6705949	-1.1204188
-0.37572664	-0.32100493	0.047072098	-0.53893435	-1.3419647	-0.08523256	1.0173309	0.20829311	-0.24956903	-0.2851578
-2.3066082	-2.3663583	-1.4988345	-2.225412	-1.43299	-2.7236292	-3.0923076	-2.9406178	-2.9794035	-0.77912164
-1.8737159	-1.6248987	-1.3256207	-1.7495334	-0.07063687	-2.2925508	-2.0826201	-1.5012133	-2.030181	-0.15443859
-2.1326804	-2.1503484	-1.4417082	-2.0317512	-1.0479962	-2.2196317	-1.9745554	-0.9889605	-2.3754363	-1.2372389
-0.8801003	-1.4528998	-0.5139972	-0.857725	-0.9131949	-0.5843767	-1.1738739	-0.49871215	-1.2119716	-0.26847193
-2.4582767	-1.9580512	-1.4124962	-2.2174392	3.1836052	-0.78437585	-0.11629678	-0.24323057	-1.1638887	2.7469547
-2.0544612	-1.993131	-1.3750416	-1.9197484	-0.9114144	-0.5976734	-1.6060541	-1.0066968	-0.19921851	0.018184464
-1.5858037	-1.8657545	-0.85049784	-1.6343191	-1.2703687	-1.6719283	-2.298744	-1.0520397	-1.7225025	-0.9343761
-1.5193679	-1.6883274	-1.0597885	-1.4019399	-1.459593	-2.0430822	-2.2209234	-1.8840419	-1.6210696	-1.0598824
-1.5509634	-1.720248	-1.0296246	-1.4763254	-1.3391167	-1.9450941	-2.4613419	-1.3845781	-2.5061705	-1.1708877
-2.0727649	-2.1620708	-1.3880795	-1.9841238	-2.021264	-2.0446334	-3.1180584	-2.1485167	-2.4018848	-1.9495171
-1.2363839	-1.3389312	-0.766456	-1.27317	-1.9582907	-1.3717462	-0.8837845	-0.5688722	-1.1258979	-1.5019106
-1.2118587	-0.7787372	-0.52189994	-1.2615317	-1.7425734	-0.508892	0.943622	-0.9707407	-1.0968373	-0.7316049
0.90316135	0.998695	1.4055811	0.6440637	-1.329801	0.8083784	0.0555356	2.1236436	0.8682232	-1.627635
-1.8528677	-0.40571305	-1.671495	-1.9170117	-1.0317005	-2.0825918	-0.58316433	-1.4997445	-1.5392766	0.21352719
-1.8610511	-1.9612665	-1.3050071	-1.7382407	-1.6750878	-1.2909727	-1.3761064	-0.91848177	-0.92048234	-2.3169029
-0.78402114	-1.1543221	-0.32195124	-0.8026457	-0.49248815	-0.8304188	-1.5646509	-0.31870344	-0.6466888	0.33241662
-1.0787646	-0.7173569	-0.6834848	-1.0255548	0.63632107	-0.7483108	-0.7280109	-0.559248	-0.6997335	-0.10369477
-0.7212015	-0.84038246	-0.29966506	-0.7252359	-0.7654146	-1.0876794	-1.1111889	-0.17755221	-0.8609731	-0.68507224
0.51430506	0.12734208	0.7379347	0.3390394	-0.11003569	-0.26549608	-0.42834285	-1.1517379e-06	-1.225203	-0.08585272
-1.6954036	-1.8263147	-1.0606544	-1.6444749	-0.39121673	-1.628948	-2.1000981	-0.9679853	-1.635711	-1.0340067
-0.074481316	-1.2316498	0.65129495	-0.17796773	-2.2248714	0.0146398	-0.93774027	0.86348784	-0.7874755	-2.6499803
-0.99465823	-1.1590315	-0.5456461	-0.9461341	0.57844174	-1.6942959	-1.5014912	-0.8980974	-1.5262849	1.1006328
-0.4144011	-0.8109925	0.16432014	-0.42232382	-0.9118204	-0.33576277	0.028803054	0.37069494	-0.23172726	2.2062223
-2.117795	-2.2725391	-1.3830626	-2.0135167	-0.77736837	-1.5688801	-2.890329	-0.82246387	-2.2198658	-0.2981071
-2.0897248	-2.158219	-1.337053	-1.9806479	-0.8931862	-1.4666079	-1.9907175	-1.2302488	-1.4623	-1.3962635
-2.4363635	-2.3155904	-1.5591109	-2.361778	-1.4565141	-1.935968	-2.0481858	-1.2661273	-2.0444593	0.0652149
-1.9003258	-2.4293306	-1.3609687	-1.7751048	-0.64842784	-2.6253433	-3.7887464	-2.5533328	-2.5225868	-1.8929429
-1.1479917	-1.3788326	-0.812124	-1.1062001	-0.71998525	-1.0231439	-1.1843257	-1.149201	-1.5041201	-0.86098677
0.13698149	-0.7181189	0.5714745	-0.059308544	-2.39767	-0.08765343	-0.6800748	0.27178276	-0.45081633	-2.9832277
-0.25320038	-1.15021	0.041565627	-0.42181426	-1.4817473	-0.2782965	-0.7119318	-0.20811065	-0.5070884	-1.5274562
0.47938392	-0.26320332	0.75748396	0.29384744	0.5862744	0.6466579	-0.8335365	0.6322207	0.51928496	-0.21182741
-1.0966489	-1.0610629	-0.6536145	-1.1306009	-0.35284987	-1.0136207	-1.1759241	-1.6682391	-1.1297246	-0.63021207
-2.524767	-2.4347372	-1.6676512	-2.4929295	-1.9622597	-2.4765587	-3.281268	-1.3792961	-2.1103845	-2.022415
0.60895234	4.376492	0.60120434	0.08485393	0.6144699	-0.3339092	3.8455725	-0.018108532	-0.48174065	0.5313874
-1.9848536	-2.396531	-1.3410635	-1.8064598	-2.5989192	-1.7907039	-2.9970083	-0.80898607	-1.9638698	-2.720423
-1.267215	-1.5242542	-0.7327217	-1.2687068	-0.56871665	-1.053958	-1.4039472	-0.7766909	-0.38379806	-0.707335
-2.4755626	-2.3269634	-1.4619646	-2.3869815	-0.49953306	-3.0127401	-2.2553487	-1.9851054	-1.8575981	-0.56657356
-0.076260306	0.2097055	0.39274147	-0.17767064	-0.16359802	0.9644992	-0.102860965	1.0398506	0.5938052	-0.81359017
-0.6032162	-1.0797601	-0.20735112	-0.6527966	-1.1700726	-0.80572265	-1.6485841	-0.4886702	-0.7433199	-1.8338221
-0.9790526	-1.4925133	-0.62996984	-0.8158616	-1.0129721	-1.2331003	-1.4941373	-0.7852963	-1.1712227	-0.8648303
-1.7807301	-1.8224399	-1.0932091	-1.6853638	-1.0083777	-1.6851454	-1.7503113	-0.8903404	-2.1809108	-2.465131
-2.0283873	-1.9925495	-1.1870987	-2.0041993	-1.7153735	-2.2434714	-2.816157	-1.6516572	-2.296086	-1.9301723
-0.0113150105	-0.0605001	0.42833075	-0.17377687	-1.4743356	-0.10718054	-0.35087356	0.44845766	-0.41700682	-1.3284148
-2.1044757	-2.0193238	-1.4281745	-2.0017343	-0.80641156	-2.6191914	-2.6900032	-1.7569515	-1.9222059	-0.65229344
2.0308468	2.8017142	1.7743733	1.7952808	1.4972206	1.3333963	2.6719	1.6817118	1.1442178	0.45404124
-1.4435575	-1.7067261	-0.96881723	-1.3854611	-0.91055036	-1.897277	-1.997312	-1.1444904	-1.8535211	0.563309
-0.03878022	-0.34985906	0.30134034	-0.12015219	-1.1558319	-0.7242647	-1.2171992	-0.23471986	-0.9577073	-1.7365044
-2.1624281	-2.2090216	-1.4903789	-2.108237	-2.1822207	-2.2490783	-2.1199238	-2.0671518	-2.101972	-2.8273184
-1.6830347	-1.7950026	-1.0799937	-1.6069359	-0.5883044	-1.4243237	-0.65270436	-1.2256231	-2.1130486	1.7707255
-1.6794926	-0.03966996	-1.3009087	-1.5954314	1.6826848	-2.5844977	0.50758904	-2.5065286	-2.3167207	1.299476
0.76922864	4.144265	1.0367434	0.36397028	-0.085267186	-0.8824268	2.812997	-0.46026343	-1.8113588	-0.25780368
-1.2657954	-1.477322	-0.7196908	-1.2193011	-1.1277198	-1.2654208	-2.2779386	-1.0122557	-0.7055717	-0.40675944
-2.0142522	-1.8059416	-1.4263055	-1.9009296	-0.33686212	-1.8960555	-1.8271542	-0.90082145	-1.8372433	-0.014635342
-0.011719666	0.42375675	0.30672276	-0.03569773	1.7989284	0.3526324	1.1884452	0.708731	-0.16479175	1.3781517
-2.2989795	-2.643975	-1.4431425	-2.2358713	-2.888038	-2.1622126	-2.5306304	-1.6026475	-2.084441	-1.8984648
0.40299222	-0.74421704	0.8538387	0.17816408	-2.4478679	-0.025799239	-1.0192195	0.6305595	0.4765828	-2.3336556
-0.57034785	-1.3925551	-0.30242428	-0.6793733	-1.3342369	-1.238181	-1.8980377	-1.5316446	-1.5589101	-1.4222683
-2.6361988	-1.6442702	-1.5909998	-2.5024664	0.6855099	-2.6591876	-1.2558762	-1.9675274	-2.8077965	1.146501
-0.1903981	-0.8301132	0.20431003	-0.34627634	-1.576995	-0.91009456	-1.0187151	-0.30219883	-1.183067	-0.8694011
0.33905602	-0.5495764	1.022729	0.16315304	-2.3496249	0.783539	-0.9905564	1.8898022	1.2334855	-2.3973382
-0.907831	-0.7765	-0.5634402	-0.9735074	-2.2684357	-1.2471176	-1.2552189	-0.9169535	-0.78786093	-2.5289912
1.3338853	1.6308479	1.8836619	1.2161603	1.5584809	0.11765217	0.606346	0.3935845	0.2934227	0.78277755
-0.25076503	0.17061219	0.106723905	-0.5054021	-0.80747306	-0.42127472	-1.0144658	0.3282119	-0.94151473	-1.0214045
-2.481322	-2.3758194	-1.5703475	-2.4093862	-1.4479934	-2.2476163	-1.3812122	-1.9730465	-0.87194246	-1.4785123
-1.0965167	-1.3965902	-0.6725956	-1.0691552	-1.2720662	-1.2982084	-0.8218692	-1.334309	-2.368327	-1.3416636
-1.0630264	-1.1498663	-0.7868626	-1.1920205	-0.99120474	-0.9524333	-1.4661496	-0.47263265	-0.5031683	-1.8597358
-2.6433263	-2.5422723	-1.7794607	-2.562843	-2.804866	-2.5627718	-2.0693548	-1.450076	-2.6642604	-2.4163678
-2.207618	-2.3255124	-1.4516348	-2.07895	-2.259819	-2.1278093	-2.1223605	-1.3280889	-2.2379706	-3.529985
-0.36251628	-0.29528764	0.052728564	-0.4314319	-1.1395952	-0.45949194	-0.9825435	0.11197545	-0.40206102	-1.5438026
-2.4020646	-2.2716873	-1.4948368	-2.2682724	-0.2689201	-2.750247	-3.1296747	-1.7476786	-1.7200108	0.0023357647
-2.1691551	-2.1956174	-1.3825265	-2.0790198	-1.5697998	-2.057371	-1.8951141	-1.4471579	-2.523561	-1.5549159
-2.219534	-2.221337	-1.3983147	-2.1564777	-1.2466652	-2.3116577	-2.571512	-1.4452063	-2.5056496	-0.3362286
-1.5047349	-1.8868954	-1.0836155	-1.3945255	-0.8852309	-1.8045535	-2.0530639	-1.3260112	-2.0502307	-1.9838387
-1.8599571	-2.078658	-1.2297568	-1.7931819	-1.4859217	-1.2478755	-1.4203422	-0.66567636	-1.0285513	-1.9384704
-0.11690518	-0.42418122	0.12485364	-0.32353097	-2.1436148	-0.6519305	-0.9075459	-1.2165011	-0.6346401	-2.2872732
-0.26986426	0.7172065	-0.32781556	-0.36910683	1.2368838	-1.1021718	0.48296133	-1.0228814	-0.2817277	1.9841347
-1.4433542	-1.5429497	-0.8115667	-1.4121263	1.8131789	-1.8103588	-1.327963	-1.7273908	-2.1020546	2.8142629
-1.2292192	-1.3108814	-0.7485982	-1.2099384	-1.026582	-1.0785744	-1.3557124	-1.0695856	-1.1631049	-2.196386
-1.5005202	-1.7800902	-0.9535781	-1.3878925	-1.4610997	-1.688495	-1.6736197	-1.123631	-2.0619042	-1.714778
-0.025952853	-0.4029318	0.45892367	-0.16256492	-1.5791515	1.0339417	-0.570958	1.3019283	0.60624444	-0.8458367
-0.45139733	-0.5708389	-0.1461147	-0.68090916	-2.1653376	-0.88491446	-0.92792994	-0.32071874	-0.8990247	-2.4774868
-0.37253284	-0.50919557	-0.23125103	-0.44668418	-1.0873904	-1.7843571	-1.5993342	-0.8987462	-0.9667025	-0.5554148
-1.0870596	-1.0888563	-0.70504534	-1.168173	0.39505556	-0.497649	-0.49600008	0.05253964	-0.56374604	-0.17671347
-1.0439768	-1.7571344	-0.9620774	-1.0551901	-2.8592753	-1.9997047	-2.423352	-1.9447368	-1.7120262	-3.2933967
-2.2368565	-2.2226808	-1.5174471	-2.135901	-1.8050128	-1.0143012	-0.9571278	-0.84166324	-2.1367211	-0.9125358
-0.7099621	-0.9448323	-0.683964	-0.7217041	-2.179669	-1.4294572	-1.6002947	-0.54056823	-1.1988887	-2.1415966
-1.5097512	-1.6824843	-0.891716	-1.4083256	-0.93656754	-0.67363983	-1.1899301	-0.7044108	-1.10078	-1.532056
-0.185276	-0.26177597	0.01894775	-0.24095155	-0.95045805	-0.42225584	-1.0280117	-0.05455271	-0.088469185	-1.4766402
1.2101465	3.38707	1.6082022	0.8977488	1.6911882	1.6552626	4.5451355	2.2449245	1.2992659	2.1581433
-0.28097582	-0.70552653	0.15464157	-0.41486686	-2.495641	2.3970158	-0.40040463	1.3224272	1.7846884	-1.8334681
-0.1410198	0.62804794	0.18575424	-0.2479023	0.0133681	-0.044060618	0.74420774	-0.18686475	-0.40669993	0.67769706
0.57377356	-0.9379343	0.580071	0.5860422	-0.76706326	1.9073846	-0.48808303	2.0623014	1.864834	-1.5737809
-0.8178378	-1.1921521	-0.4362478	-0.8319976	-1.5732133	-1.5304582	-1.5248015	-0.82249707	-1.3399507	-1.851636
-1.6010487	-1.6667274	-1.0744209	-1.5216727	-0.03361246	-1.9292338	-2.1700478	-1.2649255	-1.6518033	-0.15417151
-2.2861097	-2.1479554	-1.5168581	-2.1219478	-0.6053114	-2.3573442	-2.163396	-1.828627	-2.4605634	-1.0822928
-1.6334912	-1.5531402	-1.0932832	-1.5517421	0.46258804	-2.777094	-2.2111492	-1.296925	-1.458879	0.23961964
-1.5731405	-1.3823686	-1.039576	-1.5759771	-0.5988287	-2.269139	-1.6514307	-1.7935896	-0.89793766	0.115847796
-0.09697095	-0.04278314	-0.03638926	-0.1697435	-1.5831579	-0.7802345	-1.2612174	-0.39982682	-1.0192937	-2.0600696
0.40586206	0.3408163	0.6268884	0.18700515	-1.1772816	0.14500657	0.14034379	0.33075348	-0.24463554	-1.3119404
-0.57473886	-0.53526926	-0.26531705	-0.76299256	-1.330289	-0.72002345	-0.7685453	-0.18560776	-1.1427642	-1.9466015
-1.6353972	-1.7191225	-1.080158	-1.5369481	-0.20544931	-0.3206672	-0.87792313	0.10539152	-0.0747116	0.0712888
-0.9990953	-1.4162701	-0.5839275	-0.94983727	-1.0960226	-1.3598793	-1.3852568	-0.37923652	-1.2730705	-1.4890832
-1.3182865	-1.6134033	-0.7687385	-1.3965114	-1.9939106	-0.6112056	-1.09334	-0.4708879	-1.0955979	-2.4474487
-2.2660432	-2.1217675	-1.4637485	-2.2066536	-0.67028165	-2.4657784	-2.7267551	-2.511376	-2.2248902	1.1177595
-0.9294424	-0.98902786	-0.6064333	-1.0910265	-1.5321876	-0.09785081	-1.0262388	-0.3568175	-0.95636296	-2.0531259
-1.8596562	-1.9235884	-1.2914416	-1.7642725	-0.7417886	-1.0855744	-1.9543271	-0.5982112	-1.0709573	-0.7964576
0.25337198	0.970274	0.4370397	0.20460205	1.0559213	0.5064296	1.8898638	0.12016565	0.0032000942	1.6761322
0.80433166	0.2177034	1.0913152	0.5782512	-0.86861134	0.73274446	-0.031927004	0.871864	0.56409687	-0.12384736
-1.0470798	-1.0229279	-0.6345378	-1.1020963	-0.47867003	-0.4467349	-0.94264096	-0.16467085	-0.85184216	-0.34084475
-1.2070372	-1.6268208	-0.5971979	-1.185716	-0.85457987	-1.5229611	-1.9101533	-0.65965533	-1.6494492	-1.5116287
-0.98095065	-0.60374916	-0.638713	-0.9564339	-0.49111453	0.5671537	-1.2337621	0.6109509	0.28612694	-0.9684653
-0.1775581	-0.7067213	0.32301825	-0.2381336	-1.0377676	-0.122013025	-0.5368889	0.5842553	-0.21430644	-0.23792714
-1.0612651	-1.1586096	-0.6451081	-1.0288963	0.43645206	-0.6110046	0.84494907	-0.21751857	-1.1358076	-0.5849674
-1.0412048	-1.4730942	-0.6574205	-1.0555438	-0.103375345	-1.7522054	-1.5861131	-0.9660768	-1.5126128	-0.5749761
-1.9422863	-2.0570755	-1.146774	-1.9022194	-0.7295675	-2.0825388	-2.0603592	-1.1141346	-1.74602	-0.5228522
0.287604	0.8351792	0.41559443	0.07433857	-1.0622538	0.58853006	-0.007421833	1.1548525	0.2716951	-0.97906595
-1.1333467	-1.5322541	-0.52842534	-1.2633542	-1.9442977	-1.4484886	-1.4631828	-1.0981395	-0.7635083	-1.5155257
-0.72110116	-1.4320219	-0.17523879	-0.80249894	-0.35908705	-0.20967716	-1.3987958	0.16061524	-0.7300153	0.9731377
-0.7799415	-0.87111866	-0.352931	-0.7763227	0.95175385	-0.19922088	0.29802755	-0.021348387	-0.41379535	1.2419558
1.5916647	3.054273	1.8226105	1.2262236	-0.23658675	1.3183656	2.6675944	1.3974615	0.80050164	-0.47348684
-1.3492428	-1.4869173	-0.84725916	-1.3019189	-1.157025	-1.4407374	-1.4747769	-0.88724965	-0.6584761	-0.7009396
-0.26104048	-0.78343785	0.15110189	-0.43611574	-2.0841067	-0.14398259	-0.86706126	0.568876	0.39855438	-2.5521653
-1.6595738	-2.004281	-0.9987949	-1.5326633	-1.4966514	-1.6252792	-2.2342017	0.83619666	-2.0216615	-0.7998892
-0.17241773	-0.51464224	0.04945144	-0.2950517	-1.7441586	-0.6307406	0.05544078	-0.61472076	-0.45657212	-0.6115434
-1.8284016	-1.9719653	-1.266313	-1.7669673	-0.32511458	-1.3288211	-1.8457187	-1.4422868	-1.6970177	-0.013946165
-1.185515	-1.5546982	-0.7233858	-1.2151111	-1.7800533	-1.5838443	-1.8709865	-0.53137785	-2.055809	-0.81175625
-0.96675104	-1.2970036	-0.41222015	-1.0832692	-1.0245708	-2.0001278	-1.8933216	-1.036401	-2.3988285	-0.26061434
-0.35418758	0.007422298	0.031166881	-0.39734203	0.5954853	0.18605277	0.7427305	-0.22227904	0.032557882	1.0930367
-0.7812811	-1.1354809	-0.25546083	-0.8563213	-1.7616233	-0.69797766	-1.7407295	-0.27459788	-0.37332755	-1.5655574
0.20433542	-0.079682976	0.6024289	0.04029049	-1.6343459	-0.079234205	0.084437385	1.1595324	-0.6410847	-2.2534811
1.2191347	0.9973897	1.6587504	1.010016	-1.1226856	1.5828543	0.63201517	1.3232205	1.5720284	-0.7301046
-0.53838503	-0.9555969	-0.004090905	-0.6864998	-2.059303	-0.1274419	-1.015317	0.57938266	-0.024163961	-2.1742404
-2.052436	-2.1131139	-1.4216939	-1.9812279	-1.2171081	-2.4486217	-2.3337438	-1.1580597	-2.4313362	0.57835054
-2.717729	-2.4292822	-1.7731211	-2.5941706	-1.0521327	-1.968187	-2.2556813	-1.2334064	-1.947661	-1.2478203
-0.40789294	-0.42578733	-0.01431796	-0.50581664	-0.45417732	-0.6453799	-1.3003147	0.18374123	-0.7565734	-0.8624265
1.1517228	0.9988042	1.5445106	0.8490163	-1.072202	1.2331917	0.92217106	2.0766609	1.193899	-1.444382
-0.12972243	-0.17240864	-0.105522454	-0.27258462	-1.333538	0.38839242	0.66065276	0.34072644	0.3605903	-1.3298554
-1.761185	-1.9022487	-1.1479094	-1.6082172	-0.68276954	-1.4992465	-0.50930554	-0.7706623	-1.6036576	0.09501893
-2.3632412	-2.4607444	-1.5570819	-2.3057795	-2.209604	-2.5144484	-2.800209	-1.9450753	-2.7580206	-2.051311
-1.7723278	-1.7946928	-1.0851879	-1.7509046	-0.72064114	-2.2283673	-2.2820454	-1.5517312	-2.5414896	-1.0559056
-1.4192708	-1.7146161	-0.9361937	-1.378874	-1.6257555	-1.6092489	-1.6227254	-1.1684283	-1.7440134	0.91328186
-1.8821092	-2.0460951	-1.1580495	-1.8171123	-0.09008095	-1.1441084	-1.6145575	-0.87976575	-0.79927963	-1.2300303
1.2263346	1.7898753	1.4886079	1.0198967	2.2855308	-1.3827591	0.7529535	-1.1066132	-1.1094036	1.7889754
-2.0183558	-2.0311408	-1.3627956	-1.9106326	-1.352339	-1.9000666	-1.4403765	-1.3388515	-1.198331	-0.053824984
0.89947885	0.41467157	1.3135073	0.68857723	-0.56844336	1.5617429	1.0698646	1.667821	0.95883566	0.19451225
-1.9276217	-1.9686488	-1.237982	-1.8587867	-0.3609703	-2.1728399	-1.9976783	-0.4992406	-1.9676147	-1.467822
-0.31700313	-0.8738954	0.10190049	-0.40340507	-0.731161	0.056336705	-0.7228269	-0.05697289	0.4443383	-0.59540266
-1.9266132	-1.9107401	-1.2684976	-1.8799343	-1.2559093	-2.2574403	-2.766248	-1.6436838	-2.3735278	-1.2646718
-0.7447571	-0.41101903	-0.44240758	-0.7326786	1.3308042	-1.2279322	-1.601707	-0.77627414	-1.7415451	-2.1687074
-1.1203213	-1.4509958	-0.6516932	-1.0504926	1.1919003	-0.57352173	-0.8787469	-0.0598528	-0.26361272	0.8827511
1.3265069	1.5237082	1.5982853	1.1212853	-0.33813703	-1.1660774	-0.80637485	-0.16962591	-1.0898156	-0.481802
-0.67012256	-0.42247647	-0.2951043	-0.6516099	-0.42851287	-1.8149137	-1.7114154	-0.99797523	-2.0285513	0.17376213
-2.0808682	-2.1059296	-1.3654028	-2.0516756	-1.9569974	-2.1834984	-2.6648967	-1.9509708	-2.4705741	-2.428435
-0.14999066	1.6963452	0.5704124	-0.47465283	-0.6627779	0.2010666	1.2766312	0.5532884	-0.26670828	-1.2424719
-1.0860683	-0.36220494	-0.7403277	-1.1460606	1.8676375	-1.2388624	-1.2866504	-1.3894651	-0.28469598	2.0398724
-1.4698391	-1.7527149	-0.9900116	-1.4003053	-0.45341733	-2.216325	-2.0972252	-1.6153445	-2.4188805	-0.46938977
-2.4749467	-2.1395788	-1.7636986	-2.3592515	-1.5310339	-1.7957191	-1.9234973	-1.567153	-1.7201664	-1.6629847
-1.587205	-1.6560174	-0.91837156	-1.5913574	-1.4567363	-2.50843	-1.5875478	-1.0496567	-2.4715674	-1.8004582
0.97983295	1.2434492	1.0547972	0.7141181	-0.29412204	0.3383537	0.74467283	0.30696508	0.11849621	-0.47014374
-1.667302	-1.8005888	-1.1502593	-1.6175079	-1.9691344	-0.94640344	-1.2727559	0.16946451	-1.1129805	-1.1486257
-2.3159592	-2.266133	-1.4532771	-2.0896716	-1.1940135	-1.4451461	-1.510174	-0.78711826	-1.344782	-0.94155455
-1.0185254	-1.3527424	-0.58997035	-1.0911502	-2.044674	-1.2134624	-1.1337688	-0.6776166	-0.10412374	-1.2137676
-2.4816015	-2.2022862	-1.6248393	-2.379069	-1.7611762	-2.388174	-2.8041565	-1.9261521	-1.7247101	-0.7885159
-2.1115952	-1.9458089	-1.4156286	-1.9822438	-1.2742941	-2.5748146	-0.31081155	-1.2169232	-1.2057261	-0.6316227
-0.695659	-0.52897346	-0.46173242	-0.7565064	-0.13819294	-0.34537655	-0.056563012	-0.03850735	-0.027627164	-1.7591803
-0.62296337	-1.2070128	-0.15300038	-0.638418	-1.0262411	-0.73122007	-1.1324958	-0.32004607	-0.60364264	-1.2469285
-0.063256636	0.22124198	0.8014902	-0.1803346	-1.3784536	-0.117239006	-0.68707395	0.6436039	-0.30829418	-0.6291616
-1.1529992	-1.4727745	-0.7279023	-1.1315421	-0.7959349	-1.2760572	-1.7343123	-0.6455061	-1.4761177	-1.699811
-0.34830293	0.12264705	0.16342461	-0.49924135	-1.4274471	-0.746266	-0.3457103	-0.62116575	-1.4038154	-0.9430554
-1.2975262	-1.5604185	-0.7293023	-1.196364	1.1140264	-2.2672868	-1.9485528	-0.46179754	-2.5122147	-0.7187962
-1.6751404	-1.7740568	-0.98355174	-1.5883722	-1.0798465	-1.3381063	-1.8067102	-1.0335668	-1.1788006	-0.7382815
-2.0409367	-2.0926776	-1.2791672	-1.9668146	-1.189407	-1.617815	-1.2710396	-0.90077835	-1.3044492	-0.7157815
-1.6837039	-1.6630237	-1.1114941	-1.6538365	-0.8264152	-1.9609134	-1.9934348	-1.4070599	-2.428143	-1.6297579
-0.8541591	-1.4007926	-0.34781125	-0.83521974	-1.3642848	-1.3812981	-1.7394911	-1.1914742	-1.1730845	-1.0004154
0.12061108	-0.70914865	0.5833943	-0.027537748	-2.1738913	-0.016396832	-0.34465164	0.68973154	-0.24255468	-2.3937147
-1.4618239	-1.7263755	-0.99077904	-1.4434536	-1.2328562	-1.5663811	-2.0130985	-0.7900787	-1.2509351	-0.83907557
-0.50831795	-0.90295994	-0.027881175	-0.5920588	-0.95164	-0.47857437	-1.9779038	-0.61651576	-1.176928	-1.4757975
0.59986633	0.04594168	1.0281739	0.509251	-0.23226161	0.22723287	-0.5454797	-1.6785668	-0.17387082	-0.24148205
-1.4437361	-1.5270176	-0.8760309	-1.4260454	-0.022835523	-1.0286672	-1.7956237	0.12615867	-0.9134031	-0.0023210235
-1.2245518	-1.4386051	-0.83562195	-1.1669539	0.09976354	-1.7951676	-1.4082872	-1.12242	-1.9258844	0.048696574
-1.5244421	-1.4050143	-0.9698546	-1.4643606	-0.71741784	-1.8144206	-1.8681792	-1.5217326	-2.2545316	-1.259107
-1.7571439	-2.0157154	-1.2485449	-1.7929219	-2.50718	-2.5632634	-2.5041375	-1.9520613	-2.740515	-2.3107142
1.2502568	1.6455486	1.5268831	1.0132561	-0.19924104	1.9078395	2.8985927	2.134344	1.6619492	-0.58913505
-1.0007836	-0.5637739	-0.55752516	-1.0675435	-0.1982463	-1.7437774	-1.0223721	-0.7626907	-1.1276602	0.6651865
0.8239794	0.729022	1.0637051	0.6059403	-1.2557249	0.97157264	0.25642994	1.5023679	0.0927828	-0.7084039
-0.22355667	-0.7123955	0.1512244	-0.38719177	-0.46312526	-1.0272413	-1.385959	-0.4694354	-1.1546432	-0.7067932
-2.0005677	-2.072066	-1.3304064	-1.9224799	-1.1559198	-1.8099195	-1.96693	-1.1850247	-2.020084	0.12386583
-1.7665876	-1.6094697	-1.1521715	-1.7629795	-1.4482715	-1.0016189	-1.5296395	-0.6441583	-1.2912822	-1.9412243
1.3618349	2.2500308	1.3266575	0.95605755	-0.64960253	1.2131413	2.9568982	0.64386415	1.0018125	-0.03225248
-0.15123847	-0.6490735	0.2775477	-0.2637455	-1.2754441	0.33534595	-1.032622	0.025445467	0.34764516	-0.8663104
-1.5012199	-2.1036167	-1.2292397	-1.4818295	-0.69232756	-1.5875516	-1.8229318	-1.7253318	-1.7875986	-0.95631343
-0.53754723	0.35678276	0.21693692	-0.61903465	-0.6211028	0.054678325	-0.20196672	0.40452796	-0.16971384	-1.3709197
0.9585859	0.28667948	1.3724865	0.8449497	-0.802847	-0.035346985	-1.0304338	0.41586113	0.3494124	-1.5835439
-2.331853	-2.3698719	-1.4524493	-2.3232074	-0.89799774	2.6067734	-1.6190361	1.6465504	1.6586615	0.5328076
-1.7963233	-1.8754885	-1.0946958	-1.7771668	-0.23971693	-2.167252	-2.2316167	-1.1394275	-1.6935616	0.39048305
0.8502643	0.35608986	1.0487183	0.5933012	-0.3885721	1.0808263	0.20593576	1.2826673	1.0921177	0.31117758
2.6781843	1.5836364	2.0680609	2.4689677	-0.6125816	2.0068882	1.1577739	0.49833614	2.2530715	-0.88102204
1.3177205	0.7636789	1.7851511	1.0438533	-0.576774	1.1809063	0.43047354	1.6551371	1.0270177	-0.5054251
-0.5717092	-0.8078941	-0.023288816	-0.6214656	0.016649514	-0.5461999	-1.1316339	-0.038355462	-0.5589045	2.170443
-1.0029774	0.8978348	-0.5954536	-1.2808495	-1.339312	-0.27322948	-0.011573284	-0.024991557	-1.1893716	-1.7966648
-0.49102932	0.15258005	-0.2992734	-0.5438007	1.9227093	-1.1572088	-1.3416659	-0.6750348	-1.3118072	0.21126406
1.4147737	0.56582606	1.3698945	1.2038295	-0.7966715	0.3236763	-1.0109369	0.12578227	0.077493295	-2.1173098
-1.7899815	-1.8650372	-1.2038268	-1.7285863	-0.6208701	-1.2460244	-1.1182873	-1.1520137	-1.3115271	-0.4569639
-0.442942	0.14669752	-0.26810774	-0.4994325	-0.68096435	-1.0004056	-1.2822013	-0.5891892	-1.114281	-0.963677
1.4836963	3.096333	1.3057344	1.0338898	0.46289816	0.9214425	0.8441515	1.7986032	0.5796945	-0.01254926
-0.4770498	-0.57470095	0.1995695	-0.49954325	-1.2126461	0.26361483	0.2756147	1.5050751	-1.0902915	-1.0874811
0.9853098	0.41637197	1.2992913	0.8774047	-1.5279602	1.1779405	-1.4691024	1.0741612	1.1606146	-1.0744092
0.1209769	0.41972616	0.53345263	-0.088881485	-0.96493745	0.3283376	0.24505454	1.702885	-0.6045529	-0.27599633
0.18463239	0.38143018	0.25715923	0.17665957	0.14753857	0.7492915	0.89920336	0.971433	0.561822	-0.54630184
-0.8025787	-1.1074545	-0.28286502	-0.77800035	-1.1471173	-0.9905998	-1.0308576	-0.37066704	-1.9374264	-0.3345877
-2.0017617	-2.1864173	-1.3013502	-1.9767041	-1.8420045	-2.891316	-3.2105532	-1.3421717	-2.6429608	-2.0626667
-0.30114523	-1.0150962	0.13590401	-0.41341537	-1.8815105	-1.2077553	-1.9567673	-1.027431	-1.3136619	-1.475819
1.0057983	1.4498235	1.4064037	0.6488435	-0.22276737	1.3908356	2.4814594	1.1423222	-1.3229588	-0.24634781
0.06260853	0.038214475	0.3821484	-0.1377062	-0.36944506	-0.92568564	-1.2528327	-0.5027213	-0.62434787	-0.5393016
-0.45024353	-0.5889944	0.07364491	-0.5881673	-1.079445	-0.10489642	-0.36881378	-0.132366	-0.47098354	-1.7660543
3.5934668	1.3529329	3.3595054	3.2392244	-0.30405265	2.2095263	-0.19962777	1.4116007	2.4222698	-1.3018936
-1.6176546	-2.0092738	-1.1010859	-1.5983107	-1.7829305	-1.22243	-1.7839701	-0.84629846	-0.4746733	-0.45444342
0.18449765	-0.429203	0.65738785	0.023399323	-1.1708596	0.60195255	-0.5619277	0.85622513	0.20668091	-1.1077018
-0.10432068	-0.18994182	0.5540725	-0.1520021	-0.8647741	0.22855875	0.1515269	0.8718896	-0.059824	0.5463846
-1.1631342	-1.6956558	-0.71075785	-1.1367441	-1.2074866	-1.0695469	-0.9619378	0.08750687	-1.4009738	-0.95822495
0.12301678	-0.3070987	0.36004567	-0.08347541	-1.6950374	-0.08402312	-0.93113005	0.26699784	-0.4537632	-1.293908
-0.6677783	-0.7558266	-0.24082527	-0.751588	-1.0406023	-0.8451334	-1.1118029	-0.8984501	-0.8864986	-1.1167133
-0.492848	-0.47692573	-0.024568975	-0.545654	-1.1434162	-1.5905129	-1.5351324	-0.83996683	-1.5983773	-1.2578204
-0.98735464	-1.4042467	-0.6567329	-0.96575505	0.37772736	-1.4352643	-1.6259114	-0.5212807	-1.4654132	-0.27382323
-1.5964448	-1.5656979	-0.9712279	-1.4855098	0.0011790991	-1.3840895	-1.286872	-0.95894474	-0.09452995	-0.5222426
0.513632	1.10769	1.0228119	0.30087376	-0.8987706	1.7335204	1.4788617	1.8137655	1.6741753	-1.4470363
-1.7802153	-1.8162191	-1.1681666	-1.7728137	-1.3055183	-2.1783745	-2.4663994	-1.3870113	-2.237433	-0.6285096
0.019323729	-0.33932722	0.3601897	-0.05718063	-1.0121751	-0.31804293	-0.5967295	0.07181543	-0.7202826	-1.1983113
-1.8118929	-2.0988736	-1.2642343	-1.7463676	-1.5191138	-1.8221859	-2.069059	-0.68479097	-0.19938353	-1.5675507
-1.6155497	-1.7043864	-1.0528884	-1.5552342	-0.54761976	-2.0139885	-2.0267966	-1.103332	-1.8591706	-0.62132376
-1.7730412	-1.4499074	-1.2862194	-1.7680802	-1.5053535	-1.5853201	-1.9487412	-1.1763046	-1.2883557	-0.12469956
-1.581801	-1.5690628	-1.0629008	-1.5306871	-0.27272502	-2.6097476	-1.5676254	-0.7680564	-2.7762592	-0.2578661
-1.4508146	-1.048086	-1.0311645	-1.4071438	1.350511	-1.2706597	-2.8762589	-0.75146776	-1.9097686	0.1522816
-1.5206215	-1.7943488	-0.9878949	-1.3872043	-0.7542212	-1.8938161	-3.2981327	-1.6431657	-2.410429	-0.9934443
0.8031317	0.56638825	0.6016706	0.67757523	-1.2726166	-0.20748496	-0.17487277	-0.113164686	-0.116590045	0.52663696
0.16218355	-0.37367705	0.5397111	-0.0018629581	-2.076943	0.49270338	-2.5713723	0.5474263	1.0432736	-2.067363
-0.9781247	-1.5774457	-0.63015723	-0.9599901	-1.4753462	-1.5935189	-1.6133448	-0.7792451	-0.02624675	-2.326454
-1.9935954	-1.804797	-1.4168454	-1.9172351	-0.23496792	-2.983266	-2.6054723	-2.0404346	-1.6762793	-0.843469
0.9550988	0.6295415	1.434031	0.765449	-0.27158874	1.4060335	0.1840492	2.45516	1.47609	0.2356541
-0.025793739	-0.5750021	0.25491422	-0.10229276	-0.82691467	0.5313286	-0.21496198	0.5459006	0.20210084	-0.9086173
1.363627	1.2381511	1.705401	1.1271659	-0.45750856	1.9913355	0.7753107	2.3182528	1.9633325	-1.343829
-0.15977916	-0.69792473	0.2561119	-0.23133214	-1.210473	-0.71622777	-1.5711085	-0.585031	-1.225623	-1.484194
-0.22687745	-0.7031652	0.09965706	-0.29106945	-0.9990976	-0.559848	-1.5741576	-0.5494995	-0.7351556	0.437847
-1.0593104	-1.2853566	-0.53976524	-1.0299234	0.4993311	-0.18777278	-0.55379957	0.10606452	-0.050885227	1.607046
1.5581452	2.0972393	1.7970291	1.272921	-0.83438396	2.3508508	1.8962371	1.7908274	2.055534	-0.6083939
-1.045717	-0.30539104	-0.513868	-1.0552554	0.6592977	-1.5501679	-1.0693913	-1.1678158	-1.701543	0.35339168
-1.6870791	-2.0758808	-1.0123165	-1.720619	-1.2453481	-0.5668202	-1.0981401	-0.45179045	-0.7466009	-1.7967478
-0.31803274	-0.7484592	0.039302498	-0.3154843	-0.9111284	-0.566475	-0.54673356	0.3517564	-0.6705315	-1.5067617
2.004483	1.644125	2.2938437	1.6560316	-0.0035366714	3.1983287	1.5725334	2.9200277	2.686384	0.60484314
-0.7779743	0.2778068	-0.32029662	-0.99563456	-0.44350967	-1.5845201	-0.44222027	-0.6888619	-2.2031553	-1.3883008
0.723135	0.7638445	1.0615553	0.49630713	-0.21479525	0.36566	-0.10175485	0.8087847	-0.19500895	-1.5273964
0.3889524	-0.1574703	0.6746276	0.21910046	-1.589666	-0.96873516	-1.4011959	-0.71900934	-1.7521479	-2.205098
1.22299	1.6851469	1.9543906	1.1011597	-0.34977168	0.7699644	1.5218872	1.4808336	1.1249944	-0.45591012
-1.4948853	-1.5298165	-1.0160822	-1.4912722	-1.3118613	-1.2333344	-1.6325052	-1.0305276	-1.3523775	-1.1330649
-0.2251761	-0.37753654	0.245276	-0.2590093	-1.0657222	-0.9595707	-0.4691279	-0.1165309	-0.7914104	-0.9746515
-0.45453465	-1.0412421	-0.039752096	-0.53311604	-2.0020971	-1.2672538	-1.5318923	-0.7751073	-0.9928442	-1.8847997
1.3293704	0.9098954	1.7719575	1.0775241	-0.7242601	1.0336621	0.34833828	1.802707	0.7961649	-0.38599896
-0.9737312	-0.99701667	-0.59788597	-0.8904983	-0.023821235	-1.4092739	-1.4860889	-1.6217935	-1.3243959	-0.41493988
-0.92914027	-1.4155009	-0.50318563	-0.95058554	-0.7064606	-1.9177154	-2.5639858	-1.7260873	-2.3887901	-0.66121167
-1.9379056	-1.3809209	-1.4164807	-1.8795412	0.027599901	-0.53645694	-0.6266438	-0.7645966	-1.3762447	-0.24524367
-0.6304938	-1.1669834	-0.12861815	-0.725196	-1.6920892	-0.94466925	-1.239492	-1.0151292	-1.1597455	-2.0239959
-0.31640857	-0.6095586	-0.20830652	-0.36198568	-1.1273938	-0.38907844	-0.65739316	-0.49632725	-0.42919585	-0.29098898
-0.43687654	-1.0564345	0.10875876	-0.50986695	-2.1511931	0.05920014	-1.0357187	0.10223757	-0.13806981	-2.610256
0.92596745	1.1569012	0.80136585	0.7205268	0.44644102	-1.0965477	-0.4511092	0.17903206	-1.3614249	0.6013113
-1.1479753	-1.5831528	-0.63336396	-1.1603235	-1.5337411	-1.7545916	-1.0136876	-1.4974191	-1.618506	-2.3658729
-1.9589726	-1.8937228	-1.3482683	-1.8707103	2.3672414	-2.2157393	-1.7692558	-1.1409751	-2.401782	2.8921587
-1.9893001	-1.9861565	-1.1951174	-1.8822368	-0.7096251	-1.7611405	-0.9423257	-0.5921925	-2.1216564	0.2849297
3.9014225	0.35942402	3.6787007	3.4159374	-0.21899205	0.71780145	1.1563443	1.2189556	0.6856614	0.95366573
-1.9494956	-2.2164805	-1.1990311	-1.9287256	-0.7649451	-2.2645657	-3.2290897	-1.0324564	-1.0678626	-0.057548344
-1.9104993	-1.7789894	-1.2173284	-1.8289951	0.02027443	-1.1465794	-1.4108164	-0.36470774	-0.99863154	0.65407914
-0.30555874	-0.98292255	0.014509857	-0.38951516	-1.0520405	-0.22757731	-0.6837627	0.2593938	-0.35833976	-0.4065013
-0.21064472	-0.49442852	0.22155856	-0.40538222	-0.4564585	1.0810118	0.8042743	0.96967685	0.6514997	0.5117154
-1.4937054	-1.0803536	-1.0051877	-1.4512479	-0.2636768	-1.9560702	-2.0968225	-1.6302453	-2.5940652	-0.25935537
0.70926476	1.3756586	0.80206203	0.5269526	0.24225149	1.080756	4.46555	1.6994278	0.8324678	2.1853104
-0.75889224	-0.89499533	-0.21462998	-0.79942954	-1.3261212	-1.878749	-2.4750607	-1.7808249	-1.6445444	-0.22930935
-1.8359908	-1.929286	-1.241668	-1.7609444	-1.1388991	-1.6111282	-2.1736293	-0.97585243	-2.2198658	-1.0092312
0.21537319	0.29018345	0.6033593	0.051988214	-1.3550509	0.38092658	-0.53660154	0.49850863	0.5086955	-2.3641453
-0.08837337	-0.5240751	0.4461001	-0.19852518	-0.69393647	-0.26648927	-0.05788353	0.7280848	-1.0499407	-0.598575
-0.62109303	-1.102671	-0.4085023	-0.6815805	-1.1848509	-0.5812424	-1.5936054	-0.45778072	-1.0277219	-0.6729432
-1.692638	-1.7901604	-1.1038584	-1.583726	0.052223295	-1.6699007	-1.3797948	-0.94492584	-1.6603613	0.08456326
0.50008446	0.20809615	0.45087948	0.41112232	-1.0447887	-0.38856018	-0.8085141	0.42265764	-0.7874755	0.14733179
-2.1725364	-2.2491832	-1.5262065	-2.0615747	-1.5393728	-2.8437583	-2.7874234	-2.0040607	-2.5857944	-2.0866234
-1.7064908	-1.7569078	-1.1182665	-1.6324233	-0.8408665	-1.5378153	-1.1327825	-1.212852	-1.7569231	-0.6159706
-2.343034	-2.0526326	-1.5838659	-2.3638592	-1.0158083	-1.7891179	-2.1501954	-1.7012691	-2.4433115	-1.3810723
0.8029376	0.40304938	0.959736	0.66916466	-0.6977868	0.5084516	0.7222052	0.51056385	0.5140854	-1.0893574
0.3374029	0.07836419	0.6802913	0.06673373	-2.0275295	0.011601782	-0.28477535	0.43778652	0.093657985	-1.9440956
-1.2441342	-1.5677667	-0.80271006	-1.1664969	-0.09834671	-1.7443136	-1.7749311	-1.3192488	-2.2411149	-2.104554
-1.873278	-2.0829513	-1.2360405	-1.8379169	-1.8418155	-1.8732876	-1.9382311	-1.1507514	-1.5969968	-2.3224843
-1.2573084	-1.364629	-0.67698586	-1.2154434	-0.57991755	-1.0239533	-1.5662386	-0.16112818	-0.88197416	-0.8009227
-1.4107951	-2.0409896	-1.0155241	-1.3299675	-1.243765	-0.9729096	-2.2349546	-0.5529829	-0.8954883	-1.710838
-0.88310826	-0.8827232	-0.4990557	-0.9694902	-1.0449424	-0.9061621	-0.829915	0.04546882	-0.7631382	-2.1794982
-1.9841628	-2.0149033	-1.2881733	-1.9353077	-0.5684913	-2.0213685	-0.5161603	-1.0560586	-2.0900633	2.2156267
-0.37332988	-0.44869822	-0.31349763	-0.50035757	-0.6518142	0.7604807	0.2761014	-0.1325141	0.52679706	-0.9660651
-0.84767276	-1.1382583	-0.45713398	-0.8142968	-0.9705069	-0.6529401	-0.7528874	0.06531324	-0.8610766	-0.32099205
-1.2031618	-1.2130798	-1.0172459	-1.1488919	-1.2901548	-1.7463009	-2.3124073	-1.8098494	-1.2791485	-2.238453
0.11030721	0.034885317	0.34129846	-0.10674246	-1.5103097	-0.30022475	-0.4788431	-0.12199449	-0.3659861	-1.8322786
-1.7175319	-1.7587919	-1.0440003	-1.6637721	-0.98344505	-3.0405405	-1.9605173	-1.4174163	-1.7522808	0.36586466
-0.5168216	-0.9604558	0.026448697	-0.54459935	-0.7403735	-0.8719992	-1.4892356	0.03710882	-0.3298892	-0.8333369
-0.59597546	0.5855875	0.22070834	-0.66263926	-0.4362433	-1.0931662	0.3069418	-0.29977632	-1.0706521	-1.6981714
-1.8989077	-1.9334104	-1.1294136	-1.7689247	-0.6280781	-2.210113	-2.7461088	-1.9658759	-2.4119556	-0.85774606
-0.8231005	-0.7469678	-0.5309597	-0.9491708	-1.7177768	-1.7308687	-1.3238558	-1.0342251	-1.6953468	-2.0234299
-0.61130244	-0.3847462	-0.10449538	-0.80820286	-1.2251215	-0.29514104	-0.8636017	0.063544035	-0.5576465	-3.0590596
-2.3024006	-2.2032633	-1.4686668	-2.1987875	-0.823913	-2.6844912	-2.5324116	-1.5605184	-2.260132	-1.3593408
-1.1779982	-1.1817895	-0.5704162	-1.2903204	-0.6094203	-0.7886993	-1.3274273	-1.1374905	0.13822952	-0.8618262
-1.772081	-1.8634629	-1.1664954	-1.6760316	-1.0155959	-1.5681975	-1.5737072	-1.0228705	-1.6073499	-0.47870073
-0.3764179	-0.8077245	0.05091557	-0.47702605	-2.1334345	-0.13772614	-0.9208835	0.0118102785	-0.45366046	-1.2230242
-0.48644567	-0.30525455	-0.12334117	-0.54205996	-1.1814613	-0.35008836	0.27170727	0.3559302	0.4891358	-0.5861957
-1.7300484	-1.9105389	-1.1643467	-1.6741909	-1.6991862	-1.6979772	-1.7885085	-1.4181279	-1.3621199	-1.5596342
-0.7473064	-0.040230602	-0.12451661	-0.83844244	1.0726807	-0.638055	0.28262305	-0.39110497	-0.4758048	0.40460798
-0.3662854	-0.9723036	-0.17535973	-0.3599937	-0.1068252	-0.9065038	-0.53275025	-1.0811568	0.46642178	-0.077233315
-2.430749	-2.423156	-1.537205	-2.2731483	-1.3106595	-2.1675355	-2.5406582	-1.0528138	-1.1100279	-2.2929504
-0.7169387	-1.1962388	-0.36652955	-0.7161347	-1.2283382	-0.2541371	-1.9238118	0.13021776	-0.25268897	-2.0441015
-0.1323469	-0.10926241	0.30104473	-0.15447886	-0.48549536	-0.16088638	-0.7614135	0.49595368	-0.15419702	-0.59295094
-0.57239544	-0.8837162	-0.27502725	-0.64085275	-0.38475755	-0.842488	-2.1097353	-0.37539038	-1.799269	-0.13053364
-2.4454715	-2.3711102	-1.5677898	-2.3714712	-1.2150412	-2.5016282	-2.7229877	-2.0444295	-2.4921076	0.25391418
-1.2915375	-1.5759	-0.79694784	-1.2594575	-1.6348716	-1.6968211	-1.987442	-0.6678104	-1.503758	-1.7827855
0.8714021	1.4913592	0.6268052	0.8449544	1.3880907	-0.4677388	0.63984543	0.107371755	-1.1777807	0.111121826
0.6046295	0.85150766	0.76905847	0.1057512	-0.56786036	-0.12566029	-0.35222057	0.688118	-1.173052	-0.05430301
-0.8020412	-1.0920056	-0.29981413	-0.79667616	0.16191801	-0.50191987	-1.7259609	-0.55529034	-0.9221015	-0.51443064
-1.6681983	-1.6002893	-1.06866	-1.6015923	-0.05539593	-1.5106915	-1.724134	-0.98887503	-1.5448923	-0.5626554
-0.49752167	-0.8686249	-0.21356925	-0.46855444	2.246521	-0.77701324	-0.53620136	-0.80090433	-0.88379806	1.1425921
-0.898799	-1.4539734	-0.3823329	-0.8337076	-0.6416578	-1.0437462	-0.9334565	-0.34923553	-1.450889	-0.89767444
-1.6580486	-1.5814329	-1.1430552	-1.5305147	0.48176417	-1.7379025	-1.049777	-0.9940498	-2.0623035	-0.11747582
-0.5316494	-0.9896097	-0.18499014	-0.48573637	0.2858689	-0.79182994	-1.5577542	-0.38020384	-0.053199027	0.10668517
-1.9931229	-2.072969	-1.2930543	-1.8760769	-0.5261829	-1.912633	-2.0509295	-1.420649	-1.7694858	-0.06224879
-0.00845132	-0.13653922	0.45611396	-0.002917245	-0.5448573	0.9661194	-0.32832867	1.3303862	0.18820105	-1.865135
-1.2607595	-1.6760316	-0.8843701	-1.2509243	-2.0452151	-1.7033654	-0.57457817	-0.020535786	-2.3452141	-1.598995
-0.040493485	-0.7364076	0.3322071	-0.1711489	-1.5242004	-1.5007575	-1.9951053	-0.026439015	-0.88776153	-0.93440664
-1.627811	-1.5145108	-1.2024806	-1.5933491	-0.56007147	-1.5639215	-1.5808727	-1.252482	-1.6906884	-0.07672727
0.15799722	-0.3654224	0.51933587	0.01880376	-2.141568	-0.062163968	-0.74518925	0.45232368	0.2887078	-1.5583868
-1.0297567	-0.63841516	-0.66935647	-1.0303315	0.9561298	-0.9930264	-1.759021	-0.7197448	-1.1683892	0.6114789
-0.72431976	0.17127466	-0.33662638	-0.80767596	0.5354285	-1.8116915	-1.8397932	-1.4821625	-1.1559583	-0.4094929
-2.1477592	-2.2499568	-1.4144012	-2.0537345	-1.6232284	-2.4276237	-3.0680764	-1.3747917	-2.3718688	-1.8610103
-0.7254965	0.3558896	-0.67999125	-0.77742124	1.1737435	-0.9025149	-0.033261154	-0.516766	-1.3338896	1.1889609
1.0075928	1.5808681	1.178878	0.8168932	0.40277126	-0.31663537	0.11803744	-0.5821821	-0.47625694	0.06620628
-2.515885	-2.3365548	-1.5187197	-2.4253068	-1.3748237	-2.4530993	-2.7909033	-2.214974	-2.2409208	-1.8644965
0.271177	0.40002474	0.66899616	0.22849526	0.036666006	0.47522092	-0.6817564	0.83268243	0.613329	-0.17881301
-1.6126511	-1.847851	-1.0198346	-1.5465709	-1.6660423	-1.6509879	-2.5831242	-1.3195702	-1.5388528	-2.5048072
-1.773254	-2.069956	-1.2351528	-1.7837712	-2.656013	-2.0735815	-1.3976407	-1.2237033	-0.48290014	-2.1625524
-1.753531	-1.8906611	-1.2372757	-1.6395527	0.47546837	-0.83096766	-1.3122096	-1.3332645	-2.1590743	1.2317321
-1.5894439	-1.3687092	-1.1767061	-1.6152043	-1.2442464	-1.5816427	-1.3834647	0.28638914	-1.3458236	-2.16854
-2.32705	-2.3473132	-1.5666457	-2.20963	-1.6378736	-1.9947926	-2.1392517	-1.7299374	-2.2777097	-1.2671151
0.5839115	-0.31459096	0.8238133	0.47950256	-1.4720829	0.059699226	-1.2260969	0.021644145	0.5383396	-1.5430341
-1.5079575	-1.4166089	-1.00293	-1.4388047	0.90787435	-2.0513024	-1.6936717	-1.0278614	-2.010434	0.7507613
-0.33623388	-1.3578006	-0.064513475	-0.38146043	-0.68014276	-0.09763376	-0.6015288	-0.063549735	0.0443694	0.7304012
0.6075954	-0.8982158	0.6113044	0.3916896	-0.8329376	-0.67917025	-1.2946148	-0.3866847	-0.7353072	1.4331195
-1.3402146	-2.053861	-0.7275255	-1.3300339	-2.0308707	-1.4353673	-1.4533271	-0.88475823	-0.6472882	-2.1010485
-0.9133158	-1.2593851	-0.6619669	-0.9224323	-0.38914782	-1.9038713	-2.2652552	-1.961238	-2.223321	-1.053899
-1.9800694	-2.0658705	-1.2663949	-2.0113263	-2.9016082	-1.7256658	-1.5700372	-1.1738099	-1.4428518	-2.105685
-0.37350318	-0.9140667	0.08038053	-0.49370992	-1.9045618	-0.7719138	-1.5315068	-0.3592464	-1.6164392	-2.6904237
-2.353537	-2.0831864	-1.4379114	-2.272079	-0.00040999055	-1.9967712	-1.8668057	-1.6966848	-2.2351873	0.44731298
-0.9461188	-1.5627788	-0.45168212	-0.8888806	-1.8740886	-1.0439589	-1.1942812	-0.08687932	-0.79043096	-1.2521956
-2.685313	-2.5555918	-1.659195	-2.5595143	-1.8206018	-2.5060244	-2.409329	-1.7095292	-2.7523143	-2.0851114
-1.1407909	-0.94004357	-0.72769845	-1.1215324	-0.7561264	-2.2215629	0.25050187	-2.540807	-2.634053	-2.0890205
-2.0023854	-2.008692	-1.3093238	-1.9718387	-1.4816433	-2.0648663	-2.6338308	-1.3346792	-2.4316182	-0.8717515
-0.9475004	-0.84834826	-0.8389821	-0.8390594	-0.5388608	-1.15041	-2.2484198	-0.37410098	-1.4506973	-1.2057829
-1.130804	-0.36406055	-0.7139331	-1.079513	0.2700548	-1.3766888	-2.0991576	-0.85856926	-2.131927	-1.356252
-1.8114682	-2.072106	-1.1513131	-1.7820053	-1.9622456	-1.165013	-0.09814009	-0.1614425	0.26556107	-0.2097712
-2.120796	-2.096082	-1.3849219	-2.040731	-0.85851026	-2.7942724	-1.9825436	-1.9266813	-3.3626986	-0.70282817
-0.34268066	-0.75814545	0.12761846	-0.40032625	-0.7356614	-0.5905907	-0.04231203	0.14533783	-0.8625886	-0.18314789
0.079357855	-0.6270226	0.42474788	-0.114183575	-2.6163635	-2.0182476	-0.90429705	-0.68524474	-0.7132796	-2.7950485
-0.65111226	-0.98970187	-0.204817	-0.7766797	-0.25035584	-0.068531655	-1.4260523	-0.2004088	-0.016201816	0.226261
-1.8023567	-1.7474238	-1.1252241	-1.6737555	0.9071542	-1.8540764	-2.5440767	-2.092919	-2.529744	0.9321427
-0.011573266	-0.19367725	0.34458357	-0.15306047	-0.5784078	-0.44193548	-0.9279761	-0.449411	-0.8666248	0.22297402
-2.028837	-2.178139	-1.3242439	-1.9564968	-0.8605604	-1.5535902	-3.7784796	-1.053938	-1.4192814	-1.2004167
-0.61757326	-1.371799	-0.26623717	-0.7300753	-1.7783073	0.63692945	-1.7196841	0.52528554	0.57855517	-1.5045854
-1.5032378	-1.5974104	-0.9163166	-1.4914722	-0.95373034	-1.2112433	-1.3284379	-0.5673777	-1.2775939	-0.98034406
-0.8809365	-0.46868613	-0.62177086	-0.9513941	-0.59602475	-1.4401646	0.20217279	-0.64813	-2.7526028	-0.15390205
-0.8019518	-1.4330258	-0.42789266	-0.7738161	-1.6604913	-0.12337246	-0.8892493	0.29204592	-0.42733517	-1.0909579
-2.4767027	-2.34928	-1.6856116	-2.364108	-1.4091225	-2.0014257	-1.7544904	-1.3841873	-1.7700928	-1.6878605
-1.2351774	-1.5495726	-0.8149564	-1.1380891	-0.64039195	-0.4882848	-1.1322086	-0.47665197	-0.6144484	-0.7685059
-2.4562635	-2.276843	-1.5716233	-2.3249454	-0.6263716	-2.7117844	-1.5296944	-1.1357865	-2.480987	0.023502722
-2.0947678	-2.1575005	-1.3647048	-1.9958035	-1.4578007	-1.9104136	-2.8151572	-1.3700231	-0.48290014	-0.84182304
-0.83713275	-0.8878834	-0.27171966	-0.91352665	-0.0404146	-0.9385852	-1.0973227	-0.7819116	-1.3178378	-0.8358741
-1.833917	-1.7794476	-1.1951869	-1.8044136	-0.4194068	-1.4234358	-1.6429375	-0.53384024	-1.5171719	-0.98286533
-1.5469881	-1.4228776	-0.904876	-1.5809817	-0.97633135	-0.927555	-1.146223	-0.7778243	-1.668123	-0.548888
-1.7324182	-1.8344349	-1.1239508	-1.6869906	-1.0930492	-1.8607548	-2.1071315	-1.3406268	-2.0991747	-1.3794123
-0.7914182	-0.9677541	-0.41677454	-0.7536306	0.67643416	-1.625876	-2.0277905	-1.0774095	-0.57040673	-1.1824275
-0.96291953	-1.2442583	-0.7141577	-0.94359213	-1.9997252	-0.5486446	-1.7489047	-0.68575674	-0.098636664	-1.9537716
-1.4388164	-1.682221	-0.93067956	-1.327986	-0.6594664	-0.52425355	-0.62962145	-0.15304622	-0.59802705	0.21815732
-0.26211622	-0.723436	0.30627635	-0.3547911	-1.2935016	0.032780357	-0.735108	0.6620032	0.15301476	-0.57969356
-1.4425123	-1.1833309	-0.85100627	-1.3863454	1.3532192	-1.6438565	-1.1382016	-0.83803254	-1.9445091	2.4052293
-1.7109818	-1.7408614	-1.1124084	-1.7400315	-1.562571	-1.5648613	-1.7458326	-0.89484864	-1.5708461	-1.3878603
-1.4881624	-1.6957009	-0.96981466	-1.393151	-1.5122131	-1.4579253	-1.6660395	-0.9753247	-1.6611874	-3.3578124
-0.31828228	-0.5214598	-0.012014836	-0.42377442	-0.9834006	0.38491324	-1.1658267	0.22429149	0.12710856	0.1374137
-1.0400153	-0.9147198	-0.5874324	-1.0470454	-0.32585824	-1.54535	-0.55174935	-0.44823572	-2.6943007	0.6455351
-2.0371583	-2.1273167	-1.2914468	-2.0002112	-1.8180594	-2.3133435	-2.7191327	-1.5227108	-2.4343524	-0.6721754
-1.2432561	-1.3666967	-0.81201506	-1.2095857	0.12873548	-1.7117954	-1.184361	-0.548992	-0.47734106	-0.49244645
-0.34963647	-0.40770853	-0.058043927	-0.44462585	0.07176307	0.42358196	-0.2106913	0.6894748	0.4244974	-0.04230695
-1.337525	-1.283024	-0.7584417	-1.3415047	-0.26226488	-1.4207163	-1.6510944	-1.4705036	-0.77260184	-1.5924444
-1.0240937	-1.1072552	-0.57396424	-1.0314848	-0.16923818	-0.49952072	-1.2665548	-0.4004291	-0.8750824	0.40445104
-0.4441931	0.18721399	0.10035035	-0.4888757	-0.27866068	-1.1949918	0.069410026	-0.328055	-1.7598056	0.31832436
-1.1069921	-1.586472	-0.69957614	-1.0654247	-0.6133261	-0.79647815	-1.5905559	-0.99942154	-0.5709958	-1.0106468
-1.691107	-1.8119916	-1.2566055	-1.5652435	-1.408829	-2.1379726	-2.9340942	-0.79726243	-2.4690294	-0.8541054
-2.2583756	-2.2404208	-1.4544762	-2.1590004	-0.92969203	-1.9221305	-2.1763048	-1.5832889	-2.4709835	-1.4913766
-0.55536705	-1.1091541	-0.27847835	-0.47868246	0.25659117	-0.021452438	-1.3892702	-0.32171503	-0.24889424	-0.055744573
-0.85438555	-1.121882	-0.45167562	-0.89794433	-0.5810131	-1.1542065	-1.4923148	-0.37524515	-0.74016935	0.41935915
-2.1814373	-2.3290524	-1.4885998	-2.1484666	-1.9868554	-2.1298232	-2.479509	-1.4726882	-1.9645566	-2.0909483
0.30157283	0.23936626	0.666497	0.16624968	-0.030742735	0.09154724	0.16696446	0.38449484	1.0855017	-0.21194093
-0.8636002	-1.1297487	-0.44233933	-0.8828334	-1.5620635	-0.4993007	-1.1224902	0.14462814	-0.98610693	-1.4366664
-1.3073945	-1.4021792	-0.85125244	-1.2620046	-0.11199394	-2.345841	-1.7264069	-1.5247853	-1.4652683	0.9288996
-0.82592607	-0.71728754	-0.59272134	-0.8128306	-1.8648684	-0.07689461	-0.58997184	-0.31962818	-0.12724666	-3.841573
-1.9186534	-2.1150675	-1.2323524	-1.8928399	-1.9603363	-1.4021559	-2.3796582	-0.6091487	-1.4901888	-1.3451
-2.2989497	-2.1627347	-1.4471481	-2.1965957	-0.30079737	-3.0633738	-1.3611745	-1.5578448	-2.8540719	-0.14408195
-2.4730194	-1.8409313	-1.6382085	-2.3101945	0.52982926	-2.4227912	-1.9179617	-0.89238805	-2.4962966	0.087199785
-2.0612814	-2.1475978	-1.3396512	-1.9637856	-1.4660896	-1.708647	-2.2970636	-1.1830438	-0.64755416	-1.18212
-1.0884358	-1.266075	-0.61772203	-1.1951464	-1.3509269	-0.78647536	-1.5784132	-0.5677774	-0.7671545	-1.1707828
0.2057325	0.32268825	0.25240406	0.0018058866	-1.8841976	0.30771986	0.21759042	-0.02156429	0.8087292	-0.86768275
-1.2728655	-1.4212967	-0.60690403	-1.2925684	-1.2071185	-0.91013515	-1.3259752	-0.40033317	-0.9282441	-1.2647274
-1.587865	-2.135232	-1.1019318	-1.5243161	-2.1189494	-0.15006366	-2.3057122	-1.5320787	-0.3291789	-0.9815447
0.17550841	-0.60778695	0.5073765	0.00051264465	-1.7752197	-0.042267736	-0.8473674	0.12788989	-0.3771189	-0.7156905
-0.7959185	-1.5819893	-0.2580731	-0.8375828	-1.5044229	-1.4823742	-1.7833828	-0.21641508	-1.6762793	-1.2909064
-0.5242379	-1.0732572	0.021464363	-0.6861606	-2.5729754	-1.3238745	-1.3905264	0.060356867	-0.51944906	-1.6707357
0.17646882	0.09507096	0.64627135	0.04365559	-1.517234	-1.3879248	-1.4259593	-0.7818421	-1.5773273	-1.4680253
-1.1733232	-1.5216799	-0.73641074	-1.1494071	-1.3723539	-1.2879428	-2.3233936	-1.0567266	-1.7826431	-1.2699963
-1.0225418	-1.8299842	-0.4874877	-1.1200354	-0.44061577	-1.6610423	-2.7196286	-1.3254098	-2.2198658	0.117552586
0.9296727	0.5505203	0.7070443	0.5379631	-1.0985194	-0.07664056	-1.3939304	-0.19924894	-0.5574246	-1.6079586
-1.6957529	-1.734669	-1.1234944	-1.6052433	0.21226916	-2.064619	-2.0031123	-1.2742906	-1.9239848	-0.83815753
-1.1327745	-1.37687	-0.5967821	-1.1020604	-0.51100624	-1.3224926	-2.3095582	-0.47439405	-0.8392443	-0.6432447
-2.164698	-2.2170603	-1.3350348	-2.0660102	-1.5165527	-1.8891798	-1.4536291	-1.7858704	-1.1235328	-1.1778256
-1.2804365	-1.396866	-0.82069004	-1.369958	-2.351543	-0.7791321	-0.54859954	-0.5039646	-1.038497	-1.9445302
-2.6195283	-2.2778773	-1.6755248	-2.5309515	-0.9893818	-2.8270802	-2.4219651	-2.0543106	-2.4841604	-1.741555
-2.104984	-2.077952	-1.4104184	-1.9841906	-1.2239907	-2.198047	-2.308403	-2.192317	-0.454621	-0.5885708
-1.5972204	-1.7892699	-0.9768956	-1.5824448	-1.6903521	-1.5730805	-1.9995576	-1.5630689	-1.3486034	-0.2634226
0.40644693	0.033606708	0.73781466	0.20604677	-1.864769	0.40666005	0.68118644	0.8584369	-0.16113281	-1.7174234
-0.65373766	0.1808885	-0.30371264	-0.8366459	0.3618861	-0.88018984	0.25326046	-0.22601533	-1.0569402	0.078643225
-1.3713802	-1.8473655	-0.92279255	-1.3528591	-0.625186	-1.048423	-1.4820503	-0.7393859	-1.2406431	0.11384967
0.4587001	0.04961413	0.87004066	0.3192559	-1.3379198	0.16658042	-0.2938763	1.0360676	-0.41105568	-1.6600227
-2.281706	-2.226276	-1.4952807	-2.1244586	-1.5098745	-1.070035	-1.6166708	-0.44633272	-1.0859932	-0.9957685
-1.5063066	-1.6461017	-1.0189396	-1.5006678	-1.4193224	-1.5552032	-2.000555	-1.0701933	-1.8203223	-1.6527612
0.31428507	-0.46751785	0.70608234	0.1438962	-1.7157322	0.18024254	-0.3630923	0.7626682	-0.3194049	-2.1300254
-0.8478942	-2.073282	-0.51534295	-0.91132146	-1.7169852	0.9792299	-1.1736733	0.9697435	0.85633796	-1.414905
-0.28377247	-0.32474086	0.028487593	-0.330814	-0.077792734	-0.14444728	2.4332304	0.87190187	-0.4215814	0.8666522
-1.8244522	-1.7549481	-1.2477134	-1.7474246	1.2333301	-0.7119923	-0.60375905	-0.43397462	-0.05211414	1.4168992
-2.458403	-2.2941504	-1.5679768	-2.381613	-1.489296	-2.513622	-2.784407	-1.1573666	-2.264389	-2.1440659
-1.5549177	-1.6805499	-0.82571566	-1.4760637	1.1709826	-1.7540884	-1.6550372	-0.9448324	-1.7174301	1.4306437
-1.4650892	-1.6987841	-0.92921007	-1.4201322	-0.89127815	-0.95165074	-1.356702	-0.33579543	-1.1428046	-1.1400064
-0.660839	-0.76812065	-0.29562518	-0.77466106	-2.1477556	-1.3277097	-0.57154566	-0.8241771	-1.4969491	-2.0122814
-1.0254676	-1.1605353	-0.6086105	-1.0053304	1.342833	-0.17048934	-0.052371357	-0.38492706	-1.4100318	2.4966877
-0.63047117	-1.2761695	-0.42285684	-0.6328928	-1.5369754	-1.1760077	-2.611408	-0.83079386	-1.512697	-2.183455
-2.1203666	-1.5938928	-1.5085728	-2.014975	-0.40145698	-2.3563714	-1.9591203	-1.0568886	-1.8447984	-0.5740995
0.4200841	0.34661022	1.0570852	0.2384436	-1.1194369	0.60322785	-0.100253925	0.98266	-0.022565056	-1.5677034
-1.8933831	-1.834842	-1.264956	-1.7529895	-0.19027336	-1.9149548	-1.8281283	-1.3759698	-1.6124401	-0.8416635
-0.36062732	-1.2209108	0.076691	-0.3809741	-1.2954963	0.7677313	-0.7049619	1.0516621	0.19089074	-0.515884
-0.9291551	-1.315069	-0.4889476	-0.86274385	-1.6849777	-1.0347222	-1.9090972	-0.8814606	-0.7510467	0.16002643
-0.98756605	-1.3303941	-0.4929882	-0.97690284	-0.6211175	-1.5773197	-1.7804871	-1.0551801	-1.2123635	-0.24548027
1.5591086	0.21034053	1.7915462	1.2886914	-1.6574023	2.3412137	0.94976693	2.6088963	2.6231067	-0.79001707
1.1475726	0.5136796	1.375457	0.77487016	-2.073706	0.9607069	0.8237035	1.0277925	0.7153441	-2.1358132
-2.469734	-2.3959484	-1.6285655	-2.3649	-1.1085404	-2.7146268	-2.4199772	-1.8001448	-2.3537421	-0.7669521
0.71129847	-0.022154167	1.1145663	0.527732	-1.2205454	0.65921694	-0.6650071	1.4609246	0.95570445	-0.9512296
0.5037296	-0.27143577	0.9145665	0.41154706	-1.3444891	0.042162076	-0.41480032	0.6047563	0.38016054	-1.4457119
0.4759443	-0.16996105	1.1670287	0.33688474	-1.4333402	0.54114455	-0.16546607	1.107908	-0.056396797	-1.869138
-0.63211	0.09983879	0.4167329	-0.7967447	-0.2911421	-0.8497869	-0.6253361	0.34695116	-0.8676987	0.44706887
-0.93465644	-0.20525232	-0.62214446	-1.0057064	-0.82551914	-1.1557982	-0.90668803	-0.5551228	-1.0579982	-0.8591313
-2.0337474	-1.8972487	-1.2274058	-1.8826945	0.984848	-2.153576	-1.8788421	-1.4006582	-1.9148824	1.6122495
-1.2123996	-1.5174435	-0.7558011	-1.2357891	1.044818	-1.1842248	-1.4317957	-1.4876604	-2.004137	2.8441453
-1.5891191	-1.6643918	-1.067718	-1.5187174	0.003359437	-1.626036	-1.6677389	-1.3060447	-1.4881568	-0.36400855
0.0752907	-0.14761293	0.54598004	-0.055714294	-0.53624684	0.43337536	-0.41875562	1.3840402	0.50049186	-0.71830106
-1.9511186	-2.0947542	-1.3058085	-1.8867313	-1.2555108	-2.7270389	-1.5039673	-1.4583701	-1.9342625	-1.3018408
-0.38430294	-0.7710782	0.23307434	-0.3706221	-0.5787121	-1.1587521	-1.1540399	-0.66905564	-0.48740628	-0.933351
-1.5297977	-1.5469897	-1.0597036	-1.5181808	-0.5127743	-1.4196521	-0.9228124	-2.092303	-0.8646567	1.2294812
-1.2616123	-1.9805343	-0.73520446	-1.2827896	-2.1518312	-2.0849102	-2.428136	-1.2445698	-1.9059951	-3.451069
-0.6732458	-1.2129174	-0.21134833	-0.7223265	-0.46798405	-1.8681561	-2.2661524	-1.5445368	-2.3642128	-1.8941892
-1.9708084	-2.1519008	-1.250602	-1.9099418	-1.7256911	-1.867532	-2.860954	-1.6405221	-0.48290014	-1.8050324
-0.61336803	-0.43561542	-0.21740624	-0.6038488	-0.18834117	-0.5172459	-0.4592364	-0.23508643	-0.5221319	-0.019424567
-1.8661082	-1.9012109	-1.2320725	-1.6953511	-0.21091565	-2.0931177	-2.0665686	-1.5151879	-1.5247159	0.0015019245
1.678094	0.3453196	1.9731888	1.3324779	-1.6230029	-0.5507123	-1.7442701	-0.05845323	-0.42879823	-2.0990098
0.06349807	0.1507582	-0.11675778	-0.0034962445	-0.38978612	-1.0109556	-0.7813151	-0.9165876	-0.9863469	-1.221779
1.0553579	0.5061234	0.9002563	0.823545	-1.122075	2.9498377	1.4256077	1.5987916	2.7256792	-1.3101162
-1.1359444	-0.5245737	-0.77498066	-1.1131603	0.73476684	0.49000865	-0.536502	0.2711239	0.41581696	-0.2460858
-0.08617855	-0.7910639	0.3623206	-0.19747338	-1.4215603	-0.61697876	-1.6820083	-0.081936315	-0.39046013	-1.2951901
-1.1801232	-1.2151657	-0.777441	-1.139145	0.08702001	-1.7678338	-2.0298407	-1.1475158	-2.5456285	0.091018386
3.328605	1.1112602	3.6014562	3.0096703	-0.97876453	4.0465717	1.4857303	4.6912527	3.4992435	-0.8074357
1.592887	1.6387184	1.4221505	1.3372116	-0.5693557	-0.2702662	-0.87749434	-0.80087394	0.013612882	-1.599703
1.0330501	1.2840236	1.2481656	0.79831487	-0.6753405	2.0845425	1.751397	2.390342	1.677098	-0.6100021
-0.62601566	-0.51153064	-0.23840928	-0.68932587	0.07378006	-0.4648454	0.0067871665	0.13067643	-0.49624988	0.23821059
0.23963612	-0.26951337	0.5483625	0.16693981	-1.0317967	-0.0901895	-0.87727356	0.933686	-0.26867792	-1.0656084
1.9060522	2.1088173	1.9133439	1.7243335	0.71926343	2.8129997	3.8806744	3.0376801	2.599022	1.5305399
-0.10825715	0.38724515	0.19255856	-0.2781589	-0.37278268	-1.5016111	-1.692313	-0.69454163	-0.78801346	-1.0355393
-1.3628484	-1.6602818	-0.90540206	-1.3289912	-0.93476987	-1.5199883	-1.3534242	-0.77054954	-1.6522685	-0.6428418
-1.9293278	-1.9538789	-1.3171147	-1.9501054	-1.8119378	-1.3676335	-0.9988139	-0.040389035	-1.413979	-1.8158855
-2.10042	-2.0027008	-1.4286544	-1.9915386	-1.7384564	-1.6291354	-1.9651363	-1.1225784	-2.161692	-1.8083714
-2.8443952	-2.423129	-2.0447435	-2.6326065	-1.4891499	-2.724879	-2.239404	-1.1847017	-2.8557036	-2.1058161
0.54045826	-0.55384547	0.9626845	0.34142804	-2.373673	-0.16957992	-0.52571577	0.52898264	-0.40653482	-1.6393588
-0.18213445	-0.73721504	0.31784445	-0.3315614	-2.008828	-0.09361864	-1.0915357	0.63952434	-0.6973616	-2.318345
-2.6422102	-2.3410115	-1.8271976	-2.4961433	-1.9720767	-3.073797	-2.9939888	-1.9409647	-2.678704	-1.6310763
-2.1383095	-2.2982147	-1.4480486	-2.0420904	-2.7760372	-2.0184793	-2.4533272	-1.3873085	-2.1570597	-1.8562783
-3.1734035	-2.8534935	-1.9725904	-3.076474	-2.1768384	-3.1528482	-2.5195522	-1.4821656	-2.3391438	-1.5696949
-0.59485865	-0.64029026	-0.3037655	-0.68826586	0.34026417	-0.99802643	0.22166288	-0.58965504	-1.2963231	0.4846178
-2.0480053	-2.0759292	-1.3225491	-1.9780004	-1.5277922	-2.0224693	-1.6680474	-1.166497	-1.7453578	-1.7350597
-0.9322415	-1.347119	-0.46477655	-0.87864244	-0.7716912	-0.8925957	-1.8266734	-0.5635227	-0.8818151	-1.6558815
1.2202576	2.8203628	1.6249359	0.86616564	0.9511162	0.48887557	-0.26986957	1.1118478	0.009667787	-1.9419956
-1.7913927	-1.9972564	-1.2078148	-1.7665297	-1.9040142	-1.8840435	-1.40307	-1.047985	-1.5312786	-2.0434232
-1.3516645	-1.8921484	-0.8203689	-1.3643227	-0.9432553	-1.4172271	-2.0586462	-0.860621	-1.248695	-0.0009144382
-0.549131	-0.7864616	-0.122780055	-0.6585998	-1.520697	-1.0750695	-1.6876408	-0.47653222	0.15743302	-1.5486107
-1.6420504	-1.5776423	-1.0251838	-1.6195536	-0.651999	-1.6059257	-1.8316045	-1.7518915	-1.3573693	-0.9355529
0.69007146	1.1546962	1.1694324	0.41326976	0.086783916	2.1569817	0.9626242	2.7124767	1.6442297	-0.24860676
-1.1696216	-0.82864916	-1.0127681	-1.2677822	0.5380776	-1.8208126	-2.0513177	-1.1524763	-1.8718117	0.11172707
0.22042596	-0.16173813	0.6324505	-0.009079412	-0.7643417	-0.22898458	-0.3595602	0.8442065	-0.13376127	-1.1678854
-1.2732548	-1.4093902	-0.74278533	-1.2406191	0.949196	-1.1383427	-1.4284719	-1.2206279	-1.3007116	0.10998153
0.06564949	-0.33988926	0.41373032	-0.07534919	-0.9082818	0.117477536	-0.11580213	0.57161456	0.6968982	-1.3329936
-1.9011259	-1.8658147	-1.153781	-1.9138592	-0.50314355	-2.7773898	-2.5760689	-1.9092075	-2.468477	-1.5309726
-0.19943747	-0.5312216	0.43934235	-0.20754708	-0.7003884	0.30078438	-0.27245915	0.63421476	0.78622067	0.56775284
-0.8307874	-1.4066046	-0.3440245	-0.85954136	-1.553737	-1.0501498	-2.404717	-0.31962934	-1.2647355	-2.0017393
0.6772658	-0.044468552	1.0225494	0.4906578	-2.5732994	-0.3775165	0.7018353	3.0752687	0.14669725	-2.1470058
-1.675345	-2.2691288	-0.9515536	-1.7026354	-1.5051025	-1.7134185	-2.5802054	-1.8022643	-2.7176554	-1.2561398
-0.3169422	-0.34278044	0.2682275	-0.42594624	-1.3978137	0.01390919	-0.15948799	0.6567138	0.23886247	-1.4657398
0.42922017	0.2791207	0.7524046	0.24133174	-1.6186011	0.07443731	-0.8193561	0.9196024	-0.14741583	-1.7718948
-0.9078713	-0.9940425	-0.48489395	-0.95579827	-0.31932926	0.15583973	-0.1142596	0.1831951	0.040200386	-0.064922035
-2.1766467	-2.3894303	-1.3662083	-2.1193902	-2.2846968	-1.534434	-2.122087	-0.9137677	-1.4274275	-3.2097592
1.075382	1.0897248	1.2744578	0.7550836	-0.72287893	0.26345342	0.53658617	1.3165275	0.40680712	-0.38308546
-1.078908	-1.3859403	-0.47226462	-1.09042	0.7482723	-1.5536222	-1.886278	-1.2875092	-2.1766288	0.9962457
-0.546011	-0.81442714	-0.10169053	-0.57040876	0.018867224	-1.1966883	-1.519253	-0.66260254	-0.8132434	-0.45807767
0.89460045	0.4776533	1.0315124	0.6852801	-1.1794155	0.4020451	0.008671423	0.8785606	0.19748802	-2.3304682
0.45694306	2.5847638	0.38146687	0.28121388	2.7399251	-1.672994	2.6311274	-0.94531834	-1.6784949	3.8990288
-1.6802157	-1.8310463	-1.1084296	-1.5548671	-1.265626	-1.0873243	-1.9158806	-0.70014024	-1.7393239	-1.2304846
-0.6190637	-1.2966925	-0.11578944	-0.7990554	-2.8565104	-0.0011547167	-0.7594273	0.35347128	-0.6171143	-2.7443466
0.59080833	-0.038186565	0.91112363	0.60874635	-0.43937433	0.33218062	-0.4211784	0.881967	-0.26377392	0.2682223
0.39703822	3.0590103	0.2433655	0.08126767	3.0130906	-1.0427654	2.0724833	-0.87339884	-0.698907	-0.1924909
0.3636506	0.5333092	0.759302	0.18124162	-0.91293406	-0.46062464	1.7624615	0.12756954	-0.2315624	-1.1869015
-0.57168573	-0.7781848	-0.16222778	-0.6616491	-1.6591251	-0.28502548	-0.82732636	0.78408116	-0.1078784	-1.9532254
0.30184698	2.1543171	0.53089464	0.00035516918	0.73589027	0.71372044	2.01595	0.4778996	0.2587323	0.61134416
0.04190799	-0.34385434	0.670439	-0.026226118	-0.94791627	0.10431829	-0.5773153	0.9771813	0.36399582	-0.75462925
-1.4363137	-1.183654	-0.8124608	-1.283875	1.7729467	-1.7670711	-1.560157	-1.5477045	-1.4408443	-0.23757008
-1.2203492	-1.4314309	-0.7303574	-1.1830486	-0.50042737	-1.2179782	-2.6060083	-0.6384569	-1.4507369	-1.3558542
0.3921997	-0.48250294	0.9058331	0.254826	-2.0770025	0.15990804	-0.68472666	0.28116062	0.3274832	-1.827117
-1.7609675	-1.7825478	-1.1111916	-1.7828044	-1.6202918	-1.7194027	-1.9334384	-0.64364046	-2.2078464	-1.33252
-0.80944353	-1.1659011	-0.4877406	-0.77338135	-0.5946054	-1.1526171	-1.8659492	-0.6227454	-0.90197927	-0.054467373
0.34154063	0.2182987	0.58040595	0.118085936	-1.7378211	-0.16651243	-0.5014888	0.20576432	-0.39070097	-2.8504143
2.0508797	1.8841009	2.1790254	1.7441897	0.52921724	3.2950292	2.5547435	3.5956964	3.4243433	1.6263446
0.48743597	-0.5112506	0.63522327	0.25545698	-1.4283653	0.39945248	-1.493114	0.3165593	0.61458355	-2.0893264
0.03415384	1.8503902	0.33366635	-0.27277535	-0.71164244	-0.59294057	1.6989263	0.039741475	-0.73166746	-0.90022874
-0.3088275	-0.246586	0.37355474	-0.51268625	-1.6823109	-0.17461206	-0.7081249	0.3086068	0.0138939135	-1.5500197
1.1266311	1.167426	1.2230859	1.0037036	-0.19481088	2.2280648	1.8028177	1.5470533	1.206399	0.55896556
-1.721537	-2.0051591	-1.0824631	-1.6691183	-1.3733145	-2.276327	-2.5172904	-1.9034115	-1.9370881	-0.3270518
-0.46377137	-0.23120093	-0.00908649	-0.5952295	-1.0056703	-0.71259916	-0.9320794	-0.20717572	-0.85439247	-1.6853166
-1.4227407	-1.5109136	-1.0559525	-1.3463924	-0.877777	-0.9121693	-1.0775992	-0.92969507	-1.1164804	1.2559395
-1.5293065	-1.806607	-0.71268845	-1.5973331	-0.2874715	-1.5652739	-1.8369789	-1.1646667	-2.0745308	-0.8243427
-0.62268394	-0.7892045	-0.24356121	-0.690332	-1.7365073	-0.6601713	-0.6013287	-0.83552605	-0.5230419	-1.9759042
-1.086463	-1.4137509	-0.7844572	-1.0775222	-1.196635	-1.0174613	-1.1062188	-1.527908	-0.82438534	-1.1310437
-0.7466983	-0.8136611	-0.54324627	-0.71591586	0.19354472	-0.32243142	0.5002732	-0.23941842	-0.028479861	1.988487
0.8535199	0.74444866	1.2026317	0.60384756	-0.723087	1.5579809	3.164447	1.4253838	1.2663434	0.5227709
-0.9975959	-0.67134213	-0.6262673	-1.1404437	-0.39733052	-0.879182	-1.284588	-0.61392033	-0.7538715	-0.55054396
0.49956962	1.4317641	0.68196285	0.35367596	1.3081084	0.5273529	2.8466606	0.7590855	0.35347316	0.69359493
-0.8794973	0.16580704	-0.68183553	-1.075589	0.74046004	-1.4264152	-1.375621	-0.936288	-1.6191965	1.661636
-2.680046	-2.492788	-1.6360493	-2.5955725	-1.6666359	-2.7377274	-1.6607348	-1.4587907	-2.4162629	-1.7058606
-0.07738311	-0.5537958	0.3771614	-0.2869037	-1.575525	-1.5013574	-2.0707695	0.3069901	-1.283227	-1.0270646
-0.09281192	-0.9367391	0.11043027	-0.15152134	-0.5273356	-0.62339807	-1.3529828	-0.27677813	-1.2949077	-2.6113186
0.53799534	0.7998718	0.9393463	0.28019643	-0.7222131	-0.49121258	-0.6454287	0.410846	-0.24126771	-1.0612568
-1.8575168	-1.8740221	-1.2621329	-1.7755806	-0.48170313	-2.212533	-2.4890807	-1.4980197	-2.032208	0.053222667
0.78971666	0.56486607	1.2580252	0.5316698	-0.05709544	0.5424884	0.79218125	0.97866535	0.14354812	0.18907654
-1.7090336	-1.7670116	-1.1393974	-1.6581067	-1.1664412	-0.87468463	-2.166985	-0.9169413	-1.2198658	-1.0200956
0.545832	0.7647253	0.7183403	0.43996114	1.0052588	-0.9137546	-1.3209914	-0.5697928	-1.5585136	-0.3130341
0.19444665	0.68140733	0.74260795	-0.008299828	-0.8326057	0.7387596	-0.60640335	0.5312281	1.0335392	-1.7079073
-2.409903	-2.3177493	-1.6515112	-2.3187878	-1.5726955	-1.7350391	-1.6645517	-0.35408467	-2.525075	-1.1604799
-2.007545	-1.9709324	-1.1990426	-1.9326909	-0.320213	-1.5857975	-1.5731035	-1.0575105	-2.300107	-0.45303753
0.28447238	-0.5434435	0.7815136	0.13896929	-2.0346403	0.24603827	-0.3226163	0.3829663	-0.25939003	-1.0726112
1.0588411	0.5906037	1.5416913	0.8260449	-0.71605104	1.5300581	0.6799291	1.9360071	1.4700581	-0.65163743
-2.1246495	-2.2528527	-1.4965876	-2.0042932	-1.9316311	-1.8772522	-2.6383438	-1.0564151	-0.7955537	-1.4275663
-0.5859911	0.36562505	-0.47893986	-0.67771107	1.4889637	-0.14927776	1.449061	-0.15244162	-1.3573693	1.6647834
0.36822513	-0.25494838	0.74286413	0.20782317	-0.5973569	0.93468964	-0.029434923	0.5617742	0.81213695	-0.3740239
0.084207185	0.096494734	0.58726835	-0.09612681	-1.1207045	-0.5312899	1.2270856	-0.039184887	-0.5650831	-0.83430743
-0.20151266	-0.6333872	0.10649538	-0.43024433	-2.3195374	0.07612202	-0.06915689	0.16492459	-0.05824564	-1.4375675
0.31493095	1.2317106	1.0531346	0.20832013	0.4777415	0.714715	1.8659987	1.535138	0.29008842	0.4395888
-1.0043273	-0.9064264	-0.6917876	-1.0700871	-1.4261574	-2.1306415	-1.8308024	-1.0215093	-1.3410499	-1.0316403
-2.24069	-2.129573	-1.440695	-2.1532793	-0.67402554	-2.4788606	-2.3729079	-1.5254897	-2.4473643	-0.68258196
-2.3190775	-2.3311543	-1.5547878	-2.2252374	-1.6704057	-2.2281997	-2.125457	-1.344733	-2.4413812	-1.7801251
-0.29736897	0.24536905	-0.38052723	-0.31802037	1.0795308	-0.72680354	0.017545773	-0.14326218	-0.20953691	0.2507491
1.3317751	1.2965686	1.7823142	1.0775417	-0.10509667	1.2342999	1.1194003	1.6877776	0.74276656	-0.15289062
1.313663	2.349046	1.4971046	0.9880996	0.46688482	2.405286	4.165154	2.2673454	1.7454182	2.3940184
-0.19597366	0.97265434	0.5551928	-0.35272935	-0.5023085	-0.48441663	0.76632696	0.07610917	-0.36070848	-0.35533172
0.7105787	1.6160771	1.4977576	0.4777391	-0.6547266	0.21237384	3.3468595	0.5228971	0.22739814	0.36033368
0.07686	-0.4532972	0.4146847	-0.022239104	-0.3458538	-0.97130674	-0.2700114	-0.8943305	-0.43777415	0.36707735
-0.4536278	-1.603835	-0.064035624	-0.4823752	-1.7897115	-0.8507502	-1.8593959	-0.748792	-0.988769	-2.1656504
-1.1204137	-1.3271061	-0.6184536	-1.0033265	1.1252266	-1.1238967	-1.5904086	-0.5568953	-1.6288028	0.9696066
-2.300343	-2.2294393	-1.4803613	-2.2452374	-1.3015473	-2.9502115	-2.109683	-2.0619898	-3.3471932	-1.5868037
0.64507383	0.2669051	1.0180842	0.49034148	-0.45879433	1.590313	1.5302742	2.128632	1.1267942	-0.29373708
-1.0284457	-0.6877527	-0.7287508	-1.0115447	-0.093954474	-2.2635148	-1.6532054	-1.2422231	-1.7416041	0.52722037
-1.6337353	-1.4874158	-0.9151192	-1.561372	1.6700932	-2.4239657	-2.0416372	-1.2828771	-2.4736228	1.8135437
-0.37712768	-1.0899899	0.064874366	-0.52172476	-2.1496158	0.62156147	-0.75733054	1.2919528	0.4227376	-1.8866221
-1.0144038	-1.3455862	-0.5088917	-1.025912	-1.7358178	-1.025504	-1.4236014	-0.46314785	-1.2126408	-1.7475955
-0.64757293	-0.14913121	-0.45778975	-0.70490015	0.9637675	-0.4327999	-0.93499994	-0.6730466	-1.0255595	0.64147574
-0.70744944	1.2589704	-0.43766335	-0.8612871	-0.9662541	-0.72938615	0.82558453	-0.3515631	-0.95510024	0.4658557
-0.02460105	-0.59857005	0.48460838	-0.22041322	-2.0440037	0.3154516	-0.7399878	1.34552	-0.04538222	-2.7704682
-1.6559483	-1.6860757	-0.9792559	-1.5381191	0.32951936	-1.8130685	-1.7204792	-1.2270018	-0.83182746	1.3014692
0.31780338	-0.66452205	0.7629626	0.11570601	-2.0874867	1.4748672	-0.07431595	1.5995376	0.68938315	-2.0366306
-0.8165895	-0.12752679	-0.5815035	-0.8685598	-0.06988636	-0.6722195	-0.17312251	-0.30622023	-1.0921986	-0.13914765
-0.59294105	-1.3542082	-0.24045008	-0.4542244	-1.8357735	-0.9097266	-1.9724432	-0.23887148	-0.32325795	-1.479347
0.19400647	0.013670981	0.5417968	0.037200645	-0.7425212	0.025206713	-0.678097	0.46194988	-0.10116744	-0.692828
1.8151796	0.77365065	2.1183016	1.561047	-0.22802958	1.6018677	1.2654377	2.427519	1.7932022	0.6686924
-1.0205778	-1.5134735	-0.406817	-1.0094498	-0.94327354	-1.1509085	-1.5984823	-0.4075777	-1.207466	-1.417067
-2.4104855	-2.0302339	-1.4763597	-2.2504456	0.6008562	-2.228388	-2.2964163	-1.6509211	-2.1062741	0.16558093
0.5543763	-0.049943015	0.9665731	0.4398315	-0.64700925	-0.8441801	-1.1050181	0.17336	-0.67171913	-1.0772043
-1.7624308	-1.6749127	-1.1419327	-1.7141385	0.75796044	-2.0048635	-2.1768858	-1.469264	-1.775567	-0.25822884
1.1287535	0.2339231	1.522901	0.9153458	-0.68424153	0.8481444	0.34915534	1.0241406	0.8651543	0.23600233
0.058284454	-0.31931266	0.3714785	0.016148731	0.77778673	0.27302766	-0.8225632	0.5497403	0.2454569	1.8239313
-2.2330043	-2.0850134	-1.3519863	-2.1303666	-1.2921846	-2.9022446	-2.8191803	-2.1216712	-2.0678627	-1.042396
0.9837468	0.31672665	1.245845	0.6926501	-0.47596312	0.8601363	0.4477487	1.4494144	0.5926609	-0.4217768
-1.6186944	-2.2762387	-0.8872324	-1.6023433	-2.5848885	-1.7501066	-1.9885088	-0.61761296	-1.1195503	-2.0775473
0.7774044	0.2425051	1.1185224	0.5491738	-1.7942547	0.6595776	-0.64593965	1.2842783	0.8876306	-1.1214442
0.4935442	0.35080013	0.8662641	0.28134197	-1.7665308	0.36721724	0.45530796	1.4149615	0.5778508	-1.5421454
-0.7845516	-0.80224466	-0.2911357	-0.8165213	-0.29507434	-1.0312546	-0.30063528	-0.6209769	-1.2117574	0.20317294
-0.11815253	-0.8725357	0.31270647	-0.2941482	-1.865542	-0.2520698	-1.6488507	0.4594852	-0.42210728	-2.742109
-0.8392829	-1.1193053	-0.4499046	-0.87521166	-1.8976637	-0.9693069	-0.6386051	-0.2722107	-0.91681474	-1.9968138
-2.3588905	-2.228494	-1.6737477	-2.281132	-0.8702141	-3.0672083	-1.9285592	-1.3911638	-3.0312786	-0.8611596
-1.6962055	-2.0223992	-1.1991327	-1.6448253	-1.6016618	-2.1364627	-2.5755188	-1.3907262	-1.8939724	-2.5342507
-1.4464071	-1.7052765	-0.89546514	-1.4291426	-2.0088592	-1.1843991	-1.3988693	-0.7785063	-2.3912733	-1.7971758
-2.1961014	-2.2054965	-1.4433668	-2.083568	-0.38273653	-2.04232	-2.0236294	-1.9591814	-1.1769699	0.85886675
-1.0826482	-0.658486	-0.8165529	-1.0695763	0.32369158	-1.0785309	-1.3871453	-0.6517567	-1.4311918	-0.20533818
-2.51027	-2.342409	-1.5352155	-2.4078858	-0.9452419	-3.1965885	-3.1121662	-1.4665769	-2.2592912	-0.90370786
-0.661587	-0.43704513	-0.14872041	-0.7257879	-0.4469624	-1.4971751	-1.8568033	-0.3761081	-1.7067844	-1.5206019
-0.1610336	-0.25954494	-0.00042554736	-0.18368645	0.7778264	-0.11179097	0.59097934	0.3920936	-0.17222597	-0.79551697
-1.5381085	-1.47691	-0.984095	-1.4734255	-1.092922	-1.4793376	-1.1364325	-0.58169395	-1.5243943	-0.40639117
-2.19572	-1.7895654	-1.4202211	-2.1567793	-0.62505865	-1.3441955	-0.88253015	-0.98779106	-2.3537006	-0.508831
-2.1579766	-2.007062	-1.2915856	-2.0829222	0.3209041	-1.4343662	-1.5431457	-1.1954013	-0.6566648	0.4680375
-0.08443457	-0.34346905	0.32431176	-0.32673344	-2.1124024	0.30762678	-0.8053024	0.8695619	-0.9367727	-1.5116208
-0.93162566	-1.2198215	-0.33510157	-0.86178887	-1.055142	-0.7579303	-1.7431612	-0.36302492	-0.758587	-1.400472
0.9016678	0.37682685	1.3586468	0.6625413	-0.30626142	0.51976043	0.7707221	1.6581367	0.4012903	-0.4729337
-1.0985543	-1.8052636	-0.7734443	-1.0973018	-3.129913	-0.58715403	-1.6579849	-0.46311975	-2.9035623	-3.6853163
0.08264064	-0.24256587	0.49757102	0.08417435	-0.11927876	1.1017613	-0.32138285	1.5300053	0.45173413	-1.3281225
-1.8664287	-1.5740415	-1.1640108	-1.7981033	0.6775558	-1.4789233	-0.9698807	0.19876383	-2.4537048	0.17328987
-1.6619302	-1.636159	-0.936126	-1.7390335	1.0110499	-2.1227877	-2.219173	-0.93025535	-2.204753	0.6566615
-2.281865	-2.1633978	-1.5082744	-2.1681883	-0.5229018	-2.1088557	-2.8736577	-2.4422848	-3.6846266	-3.1502209
-1.6248931	-1.8797959	-1.0455725	-1.6254493	-0.74664176	-1.4549389	-2.0051172	-0.9864714	-1.4072254	-1.4161841
0.6630506	0.20868	0.9790101	0.5611771	0.09956476	-0.1625622	0.74600875	0.65243924	0.3267446	0.37022483
0.04999072	-0.42917466	0.41848633	-0.13594335	-2.1565576	0.027155913	-1.1131921	0.84797484	-0.4787704	-2.4284766
-0.16303179	-0.9455701	0.28419268	-0.17217429	-2.1800504	-0.6410416	-1.2038984	-0.20642039	-0.9379745	-2.7667344
-1.3503757	-1.1754427	-0.8685148	-1.3244923	-0.35640177	-0.9070601	-1.2858851	-1.3880997	-0.4776795	0.6956766
-1.5093619	-1.7504039	-1.0984205	-1.3992404	-1.4570111	-1.7077796	-1.9846399	-1.2471122	-1.8706547	-0.5679325
-0.31585833	-0.057855725	0.046405554	-0.32468063	0.44753137	-0.09928302	0.3091159	0.49644807	-0.3113132	0.7634625
-0.39353964	0.16510454	0.28358445	-0.60837376	-0.55624115	-0.8396771	-0.8116162	0.10971048	-0.30716264	0.5171633
-0.24914646	0.7994447	-0.39241496	-0.44364393	-0.026218891	-1.4111046	-0.82701766	-1.4849521	-1.8850946	-0.94782466
-2.2204325	-2.1266835	-1.2328982	-2.2014928	-1.1734203	-2.678145	-3.096759	-2.3551667	-2.8637218	-0.38463584
-2.2023644	-1.6962305	-1.4941237	-2.1131282	-0.61484855	-1.9048413	-1.8544481	-1.0531416	-1.5075876	-1.1054293
-0.7361399	-0.37240753	-0.053215504	-0.8631544	-0.9166553	-0.33386123	0.20381229	1.4754682	-0.6753281	-1.0460157
-0.40989587	-1.0350834	0.19090182	-0.5144555	-2.670323	-0.18332234	-0.46813872	0.45431614	-0.56122416	-4.140781
-2.163668	-2.349886	-1.3214722	-2.0801494	-1.6288499	-1.9685789	-2.6756852	0.23173137	-0.85756433	-1.6135094
-0.6975133	0.56325436	0.22462049	-0.83127534	-0.28479412	-0.34092173	2.1265898	0.9756187	-1.2312545	-0.4031668
0.48543808	0.20529273	0.84767663	0.31800485	-1.020314	1.3715036	0.063518934	1.4851193	1.0000362	-1.562642
0.25050613	-0.6998123	0.67187876	0.1353304	-0.8509443	-1.0491629	-1.4966185	-0.87673074	-0.2595634	-0.8208799
0.9377937	0.37496784	1.1279726	0.66073364	-0.9765159	1.710056	0.3450894	2.3285234	1.2897576	-1.8296074
0.5259238	0.8851538	1.1133322	0.26921988	-1.021218	1.4021944	1.2252876	2.0984604	1.244818	-1.2866995
0.05607862	-0.2106883	0.5717596	-0.17635	-2.1126113	-0.21591611	-0.40370646	0.70725995	0.40322384	-2.4194305
-1.2696059	-1.486365	-0.7694526	-1.1090689	-0.68641365	-0.8456658	-1.9444164	-0.85970664	-0.7506914	-0.76387894
-0.663298	-0.43502367	-0.24302849	-0.6237884	2.6484146	-1.1189564	-0.25241026	-1.3705949	-1.1918514	3.4191139
-0.095482126	-1.2279949	0.16519251	-0.23152664	-0.19400322	-0.16011906	-1.8610463	-0.11588951	-0.88379806	-0.39405748
-2.5054553	-2.3501785	-1.6571686	-2.38537	-0.62604153	-2.0110335	-2.0696273	-1.0103407	-3.5492566	-1.6551285
-0.6912049	-1.0431966	-0.19538352	-0.7981868	-1.5331968	-0.804097	-1.5633091	-0.35303313	-0.97313356	-1.4669461
-2.185087	-2.1934004	-1.4533472	-2.0737398	-1.5752896	-2.141912	-1.8741385	-0.6178397	0.13034151	-0.8580584
-2.2514591	-2.1641307	-1.5032973	-2.162486	-1.6635938	-2.3982542	-2.0995991	-1.2543969	-2.284696	-1.5804157
-0.8119944	-1.0730556	-0.35845527	-0.861197	-1.491465	-1.4445437	-1.2721695	-0.68592477	-1.9698875	-0.8398024
-1.327216	-1.6444676	-0.8096436	-1.3101171	-1.1582673	-0.8412605	-1.6564301	-0.44918403	-1.215676	-0.8425633
-1.6139368	-1.5602057	-1.1522301	-1.610175	-0.79749596	-2.1078277	-1.6198153	-1.1354105	-1.1334144	-0.8445209
-1.8684355	-2.1580942	-1.2833943	-1.7797426	-1.6705384	-1.7055801	-1.4601846	-1.5112631	-1.9870235	-1.0632491
-0.9688525	-1.2962488	-0.74786747	-0.9631189	-1.2464164	-1.3376803	-2.0805633	-1.6226381	-1.9026479	-1.5549355
-0.41524768	-0.6730397	-0.0838179	-0.49048632	-0.7572041	-0.60207087	-0.99816054	-0.3412746	-0.9648807	-1.4128624
1.1247268	0.7942591	1.5776775	0.90527034	0.082230836	1.8652896	0.94321954	1.9545386	1.6011406	-0.36587325
0.3962272	-0.26594475	0.6646409	0.14938651	-1.9284741	-0.7394135	-1.2123816	-0.6873184	-0.8283717	-2.2950444
-0.5430054	0.8325232	-0.19552186	-0.61538386	0.6303886	0.04299778	-0.4631787	-0.14563723	0.3991683	-1.0601803
-0.01639146	-0.7569127	0.30640298	-0.19133899	-1.4237977	0.14898916	-0.36350137	0.363929	0.08689585	-1.0208889
-2.5091403	-2.3092186	-1.5697068	-2.352995	-1.0786132	-2.5273168	-2.254284	-1.3690705	-2.5440714	-0.543427
-2.0583122	-2.1353307	-1.4289048	-1.9414055	-1.440005	-2.2472177	-1.9876263	-1.6471606	-1.7502286	-1.3256447
-0.634161	-0.93311965	-0.4641482	-0.6821222	-1.5443453	-1.5728124	-2.2850761	-1.044493	-2.002097	-3.6101198
-0.4985508	0.05502835	-0.46565953	-0.66076744	-0.50995654	-0.5335935	-0.22220089	0.0043600122	-0.81455344	-1.0917975
-1.5506036	-1.4878563	-1.0427815	-1.5137813	0.8478503	-2.0057597	-0.7731492	-0.8535853	-1.1895155	-0.53884226
-1.8745627	-1.9728549	-1.2345212	-1.739806	-0.9791664	-1.9332576	-2.012813	-0.876891	-2.3664665	-1.6820697
-0.80257064	-1.1639124	-0.49751642	-0.85274994	-0.4596189	-0.904004	-1.6168476	-1.3862122	-1.1154983	-0.6068471
0.2609626	-0.4920039	0.5120406	0.21188863	-0.78210306	0.30762708	-0.6894385	0.65582865	0.6707177	-0.829948
0.5448901	1.8072557	0.81685627	0.32832652	-0.45120096	0.13826674	2.6947687	0.41252458	-0.011455478	0.35987893
0.41923797	0.6647197	0.4902626	0.2896505	-0.37683204	-1.4270811	-2.1958852	-0.18211111	-1.6281964	-1.3873702
-1.8520449	-2.0898824	-1.2203711	-1.7251213	-2.0008562	-1.9973172	-1.7152936	-1.2288334	-1.477341	-2.2209551
-3.0708919	-2.576997	-2.1041057	-2.9171984	-1.8233603	-0.12538593	-2.5061522	-1.2106421	-1.6895155	-2.168236
0.24939534	-0.5992057	0.6402484	0.09769006	-1.857535	-0.07277392	-0.171314	-0.15916047	-0.13609442	-1.8644089
0.086248316	0.038544893	0.24572065	-0.11167309	-0.6597915	-1.4422412	-1.2407955	-0.64118344	-1.312428	-1.3554566
-2.2742126	-1.7270861	-1.4184936	-2.2135987	-0.3635374	-1.7425529	-1.6508545	-1.5258363	-1.6649612	-0.47049117
-0.9006014	-0.41717216	-0.49124053	-0.97979194	-0.61813384	-0.56858486	0.39272824	-0.48351246	-0.14257659	-0.630615
-1.3988442	-1.3896551	-0.8784145	-1.4223	-1.4459846	-2.0390456	-1.9171227	-1.5129424	-2.1410213	-1.0189403
-2.0865912	-2.05216	-1.3980793	-1.9671342	-0.35174605	-1.4302156	-1.4022328	-1.0841111	-1.2479166	-0.43089703
-1.2441816	-1.396785	-0.77649355	-1.2851185	-1.0221981	-0.1662961	-0.19893996	-0.6868573	-0.5213495	-0.58915204
-0.07412074	-0.41099057	0.18786454	-0.13225286	-1.4506353	0.390507	0.46505114	0.7970227	0.43979087	-1.8352569
-1.1355454	-1.0520751	-0.6560645	-1.0778823	1.0996622	-0.5477364	-0.96141416	-0.32204875	-0.9422299	1.7679331
-0.61794865	-1.4202399	-0.25788411	-0.66058254	-1.459417	-1.1274083	-2.1804714	-0.1381264	-0.59028506	-1.6544682
-2.6270196	-2.4742815	-1.673372	-2.523445	-1.4259727	-3.327797	-0.71962845	-2.0265265	-2.3718688	-1.8824347
-0.4831235	0.6566905	-0.07991502	-0.47629654	2.7419262	-1.9514838	-2.2335258	-0.9215039	-2.5889354	1.9152861
-0.6846022	-0.91787136	-0.5349728	-0.66930646	-0.97459614	-0.31537458	-1.9826629	-0.85572517	-0.7712648	-1.3501374
-0.1289082	-0.3768045	0.15251327	-0.30682755	-1.2536491	-0.7532878	-0.32354808	-0.6634246	-1.0304775	-1.2022747
-1.689731	-1.5779418	-1.1019961	-1.6686068	-1.4143931	-1.873986	-1.0865318	-1.0152532	-1.7568237	-1.278664
-1.7428548	-1.8377713	-1.1831303	-1.6344383	0.3159208	-2.1590445	-1.842058	-1.053534	-2.0859144	0.8653974
-2.3741028	-2.2786853	-1.5338455	-2.2469673	-1.1961473	-2.4698822	-2.3682122	-1.5476211	-1.7057261	-1.287089
-1.9188423	-1.6856946	-1.4485718	-1.8023021	-0.3687605	-0.71975476	0.25243622	-0.7912346	-0.73951334	2.3738706
-1.9347703	-2.1461363	-1.249729	-1.9265484	-2.2668827	-1.3530328	-1.9809389	-1.0547773	-1.7692546	-1.9053677
0.75224906	-0.21547654	1.2121917	0.55645335	-0.63908386	1.688182	0.5718049	1.5761726	1.753412	-0.6164412
1.7300503	2.535048	1.9642746	1.3881575	-1.1252112	1.0253652	1.6818926	1.3427331	0.98518354	-1.0693482
-1.7180988	-1.8137857	-1.1817232	-1.6780244	-1.3551414	-0.95354426	-1.4565628	-0.84837705	-1.1542473	-0.14773962
-1.4632839	-1.4453676	-0.86703336	-1.3531998	0.5276369	-1.698111	-1.179628	-0.67515725	-1.1232573	2.5008159
-0.64242935	-1.0851318	-0.28826907	-0.75572914	-2.0821254	-1.0260621	-1.4694909	-0.7381271	-1.2821892	-3.1417096
-1.6467398	-1.891345	-1.0115523	-1.5904016	-1.6311439	-1.1433333	-1.9850113	-0.9438917	-1.1089703	-3.2109396
-1.606957	-1.4238957	-1.0538661	-1.6270022	-0.27917415	-1.2645882	-0.4734556	-1.4444994	-1.1674634	-0.020462649
-0.38849598	-0.86548936	0.059432	-0.50277174	-0.6129265	-0.8200666	-1.3994997	-0.18141827	-1.1670266	-1.5400287
-0.3031359	0.95843375	-0.5599346	-0.37647027	3.8299932	-1.5612543	-0.07108483	-0.9170618	-1.8345524	2.7794666
2.662936	4.5332074	2.4680803	2.2552745	1.5332222	2.2308939	5.1488733	2.5653994	1.7292373	2.140495
-1.9537171	-2.054669	-1.2133449	-1.8618658	-1.2849135	-1.0080848	-1.4036009	-1.3016541	-2.0500143	-2.0024881
-1.9731661	-2.186109	-1.3146862	-1.8057204	-1.5252329	-2.1426337	-2.3242185	-1.7452135	-1.5988499	-1.7929928
-1.0944321	-1.4996296	-0.56575453	-1.1935301	-2.3818405	-0.97108495	-1.7226315	-1.1782027	-1.2567753	-2.6355696
0.89214987	0.9110632	0.9401734	0.6181403	-1.009893	0.83512634	1.0307676	0.2804078	0.5253806	-1.9204631
-0.10753751	0.27384368	-0.27084777	-0.16244727	0.913036	-0.6276685	-0.3152353	-0.73501897	-0.5702992	0.46612456
-1.2987701	-1.5768692	-0.8084874	-1.2249684	-0.46843722	-1.2142867	-1.6366918	-0.7615028	-0.84219587	-0.99076706
-0.5769542	-1.2023935	0.043674648	-0.7039009	-1.4156994	-0.039388854	-1.2289271	-0.04938328	-0.27299723	-1.756597
1.1414241	0.9899211	1.6321764	0.9211236	-0.8053003	1.2011975	1.7352886	1.9537483	1.2406718	-0.49343747
-0.86485475	0.8922174	-0.42577848	-1.0282332	-0.44564137	-0.7081849	0.83943766	-0.63469744	-0.7335887	-0.4600863
-0.0929278	-0.7670498	0.2940761	-0.27565396	-2.142024	-0.30099776	-1.081036	0.12351782	-0.5319946	-1.7130321
-1.2970991	-1.1315291	-0.864517	-1.3236239	-0.608052	-1.4133599	-2.1034837	-1.1118809	-1.0977563	-0.21179168
0.6443396	2.3705266	1.0244439	0.43428266	-0.094097435	-0.18657553	1.492548	0.35564947	-0.40409452	0.535537
-0.85215116	-1.1112883	-0.4824098	-0.8485079	-1.3546304	-1.6361215	-1.5834613	-0.2685896	-0.9685341	-1.620957
-0.10867096	0.5442072	0.2461178	-0.30257875	0.6694139	-2.2753632	-0.92460465	-1.7516005	-1.9133631	-2.1472018
-1.7117494	-1.6313893	-1.1941	-1.618016	-0.89160156	-1.9356751	-1.7277207	-1.6233394	-1.0186175	0.28216395
0.05842889	-0.6945286	0.4548879	-0.043830514	0.21496275	1.418212	0.79140526	1.9727532	0.9088573	0.38270816
0.9522901	4.690328	0.4715293	0.6720799	3.4079428	0.93324095	4.477086	0.4697604	0.107199036	2.513448
-0.5563344	-0.89043	-0.14732331	-0.6608458	-1.7293619	-1.0352986	-0.90656686	-0.065973245	-1.1491524	-1.3103513
-3.1830463	-2.8123536	-2.1355786	-3.039159	-1.7813846	-2.7887824	-1.9196181	-1.5248518	-3.125258	-1.2393816
-0.7455265	-1.1527045	-0.3403062	-0.801175	-0.25062704	-0.8948509	-1.5675061	-0.5270331	-1.492171	0.5955768
3.9178994	2.8563566	3.903712	3.6009183	1.1539997	2.3700962	2.2790697	3.0136416	2.519858	-1.0496485
-1.3871351	-1.5500474	-0.803486	-1.3822458	-0.83681834	-1.1091965	-1.3516123	-1.247994	-1.3336723	0.07330774
-1.2480669	-0.7952758	-0.6947218	-1.2865362	-1.1874297	-0.38392714	-0.59057295	0.10267006	-0.5173501	-1.482203
-0.3887963	0.014891714	0.41612396	-0.46874636	-0.58093	-0.5133504	0.15168993	0.2917904	-0.11897471	-1.1859143
-1.5619559	-1.8320478	-1.0496958	-1.6158935	-2.1225452	-1.428354	-1.0774338	-1.0455036	-0.79926914	-1.6867272
-2.4045331	-2.2318656	-1.4837636	-2.2856834	-1.4044611	-2.1532187	-2.723434	-1.8631085	-1.8765483	-1.7524804
-1.4364164	-1.5624361	-1.0317384	-1.3939581	-1.3179482	-1.3743466	-1.6523912	-0.51227176	-1.7295458	-2.0419145
-0.6534769	-1.0137082	-0.13149986	-0.7152654	-1.5823072	-0.7396168	-1.3802494	-0.050649922	-0.7991472	-1.3404405
0.11917647	-0.54472256	0.60295856	-0.048839405	-0.9026681	0.24943562	-0.30029508	0.61513275	0.04006889	-0.9370397
0.09125923	-1.0253891	0.6569425	-0.07705314	-2.1645703	0.2950228	-0.9311408	1.1000504	0.334445	-1.5240693
-2.0000198	-2.053744	-1.4846776	-1.886938	-1.2452106	-2.095469	-2.5695622	-1.7563924	-2.4685988	-0.8162173
-0.833973	-1.2691659	-0.39461252	-0.87580675	-1.5965852	-1.2006844	-1.9898273	-0.920593	-1.5271444	-1.413982
-0.6921267	1.106968	-0.7644173	-0.79777074	0.47862133	0.19805934	1.4243013	-0.19887485	0.35175693	-1.0971389
-0.41366562	-0.9858979	0.037380934	-0.53763074	-1.9041164	-0.58705115	-1.4581337	-0.4467299	-0.91415554	-1.5293082
0.31779256	0.3296503	0.7800077	0.036065504	-1.884741	1.1514753	1.4059408	0.73668057	-0.30718288	-1.899027
-0.19684389	-0.8722099	0.20056659	-0.22621001	-0.9645065	-0.09751592	-1.2147288	0.49688122	-0.38588393	-0.24562205
-0.4532972	-0.8383403	0.02598396	-0.5100824	-1.1398348	-0.0809796	-0.4990653	0.29306528	-0.36925945	-1.0617759
-1.7069091	-1.7432736	-1.1128286	-1.5316908	-0.43584773	-1.6833552	-2.1936352	-1.2106943	-1.1692188	-1.4791499
-0.24594322	-0.7814027	0.078588426	-0.3595171	-1.2050809	0.57973015	0.60717726	0.78216994	0.5412354	-0.5601818
-2.1397576	-2.036789	-1.3795731	-2.0099683	-0.77341795	-2.3981376	-1.3644142	-0.66971403	-2.3550854	-1.8050244
-1.8042674	-1.4722512	-1.2332141	-1.8018768	0.022010833	-1.255647	-1.7196285	1.1828351	-0.8020487	-0.016199883
-1.1677736	-1.0301297	-0.9191601	-1.0845033	-0.47082856	-1.0427454	-2.1253576	-0.82476044	-0.44153666	0.9740225
-1.3349924	-1.2962776	-0.82365346	-1.3813471	-0.8216264	-0.77131003	-1.8000914	-0.71204036	-1.1910111	-0.85065544
0.39941546	-0.8211378	0.31892857	0.25826383	-0.38616714	-1.1684344	-0.9185286	-0.5078973	-0.76256925	0.18141095
-0.04095146	0.65870357	-0.20700976	-0.16971667	0.7708465	-0.6563941	-0.9210291	-0.425018	-0.88254464	-0.703744
-1.2962233	-1.5575062	-0.9666076	-1.3108985	-1.3192524	-1.0092992	-1.2277753	0.0956231	-0.7223661	-0.18610404
-1.0734545	-1.4781021	-0.5828955	-0.9718063	-1.3350511	-0.20227502	-0.87163156	-1.3240136	-0.6410847	-1.0910215
-1.9118884	-1.9312422	-1.2309937	-1.8228427	-1.3871781	-1.7764076	-2.0987957	-1.5828365	-1.5838633	-0.7488944
0.43020308	-0.008463845	0.9346583	0.19408064	-2.201579	0.2458359	-0.47246027	0.92134535	-0.041780833	-2.2945268
-1.051618	-1.4724563	-0.7264652	-1.079348	-1.3045617	-1.213777	-1.817529	0.056459017	-0.25228086	-1.6030164
-0.39570448	-0.25886396	-0.054223984	-0.52136284	-1.2155617	-0.27985084	-0.85938424	-0.10181457	-0.48290014	-1.0022525
-1.4783715	-1.5234321	-0.9849875	-1.4550579	-1.5681845	-1.2439973	-2.3733332	-1.0764045	-1.5411787	-1.0227318
-1.2904977	-1.5871878	-0.8781018	-1.1359524	-0.3331127	-0.97530556	-1.5892912	-0.8238437	-1.3262302	-0.64335316
-1.2323551	-1.7393343	-0.8658304	-1.1964347	-2.011317	-1.5167712	-1.5134848	-1.2500294	-1.0510674	-1.6420051
-1.7583477	-2.0902767	-1.2419717	-1.7297654	-2.40153	-1.2370156	-2.1485367	-0.6683788	-0.8215332	-1.2454269
-2.8618681	-2.4449415	-1.7463742	-2.7599008	-1.350513	-2.9235616	-2.8306599	-1.6607997	-2.7906888	-1.0803595
-0.08724277	0.22734267	0.3751859	-0.27109802	-0.53851485	-0.23515859	-0.19085923	0.32562077	-0.12620713	-0.45607224
-1.1075991	-1.1148707	-0.2780669	-1.1562276	-1.5345228	-0.41832957	-0.45729017	0.7230154	0.20124403	-1.091709
1.3325154	2.0818765	2.1465673	1.0912316	1.1665989	2.37492	2.2799745	2.926628	2.2577267	0.89494765
-1.3329082	-1.2807783	-0.8430848	-1.2809501	-1.1750741	-1.7207572	-1.4609063	-1.5238451	0.3282809	-1.363449
-1.3810024	-1.4960202	-0.72915244	-1.3272315	-0.2030492	-0.67121106	-1.842866	-0.41132876	-0.8685039	-0.5974439
-0.4283571	-1.5002687	0.078931004	-0.5027046	-2.6174068	-0.4911523	-1.0694786	0.1896878	-0.6924224	-1.660739
0.5054911	0.03301698	0.8100816	0.31880903	-1.4382977	1.9439338	1.3793344	1.6502923	1.1577324	-0.3344646
-1.6778833	-1.7615073	-1.0811446	-1.6339209	0.10836527	-2.155163	-1.6769124	-1.0965594	-1.7382573	1.3837374
-2.769288	-2.3402	-1.6385812	-2.6792583	-0.37524748	-2.448176	-3.349672	-1.6657679	-3.3796878	-1.5791385
-1.9050065	-2.1548958	-1.3175237	-1.8411304	-2.1494997	-1.8119512	-2.2373574	-0.8805887	-1.9824717	-2.8554823
-0.91810626	-1.2015941	-0.48304638	-0.9128337	-0.3931699	-1.678005	-1.7626126	-1.7713656	-1.6836061	-0.7778408
-0.88808304	-1.1822169	-0.46114	-1.0170996	0.14250281	-0.6411655	-1.5796776	-0.3821275	-1.257011	-0.18476743
-1.5886055	-1.6213788	-1.009173	-1.5956072	-0.24255964	-1.974446	-1.8808147	-1.6146047	-2.1270597	-1.0562053
1.0915521	0.96926713	1.6092128	1.0206615	-0.5798353	0.66577905	-0.40381858	1.3171982	0.5198203	-1.4871811
-0.87714535	-1.0492226	-0.59771824	-0.850057	-0.5080541	-0.8591542	-0.19818331	-0.5205624	-0.9193517	-0.38625142
0.12641627	0.22512382	0.5178673	0.06676175	-0.69750607	-0.735658	-0.26732075	1.064615	-0.83034045	-0.5257906
0.18050635	-0.3233517	0.7046481	0.0163313	-0.46153262	0.6520054	1.4142526	0.7019988	0.15982985	1.4059964
-1.441249	0.2110723	-1.13814	-1.479743	2.902452	-2.6410334	-2.4548078	-1.8694758	-3.5799568	0.98324746
0.079238914	-0.34035662	0.5841803	-0.06431694	-1.3502586	-1.5416551	-0.616555	-0.46641794	-1.7323345	-2.0667098
-2.3015118	-2.217623	-1.4763246	-2.2136323	-1.588848	-2.4159377	-2.6153915	-2.1973808	-1.9597996	-1.2485532
-0.7658182	-1.1648768	-0.66089463	-0.7517373	-1.8878704	0.11403954	1.0836018	-0.072789736	0.14166023	-0.45684192
-2.1059334	-2.0424666	-1.4003669	-2.031204	-0.87999344	-2.4815612	-2.1504478	-1.53137	-2.2887194	-1.1476983
-2.1642406	-1.9757583	-1.4707556	-2.079205	-1.054298	-2.121474	-1.6841278	-1.0006759	-2.4863298	-0.3061458
-1.7498231	-1.7482382	-1.2613113	-1.5968935	0.6854495	-1.3272809	-1.5829586	-1.7628667	-1.6832454	0.49889338
-0.76596516	-0.817785	-0.6161158	-0.8369681	-0.36994827	-1.4188943	-2.2581916	-1.138468	-1.4431432	-2.2201185
-2.1432736	-2.014787	-1.3861824	-2.0933862	-1.1418253	-1.8271501	-1.693361	-1.3533654	-1.547849	-1.2317158
-1.3511571	-0.014626473	-1.0452178	-1.5162578	-0.8126246	-1.5423669	-0.55890787	-1.0609525	-1.200901	-0.8359305
-1.8852481	-1.7897823	-1.3523779	-1.812749	-1.7240613	-2.1033523	-1.4879268	-0.8934197	-0.21986574	-1.4041406
-1.452513	-1.503996	-0.9911543	-1.4172642	-1.2258538	-1.8368807	-1.7705699	-0.7957781	-1.7982574	-1.2292757
0.9077218	-0.74919987	1.2100459	0.696573	-1.812612	-2.151509	-1.7889165	-1.2211952	-2.056367	-0.723781
-1.0800759	-1.4331722	-0.58086824	-1.0530787	-1.2122636	-1.6944162	-2.5843089	-1.1524855	-1.9571131	-0.80725557
-2.7033758	-2.3651993	-1.7022116	-2.621066	-0.92662895	-2.6411915	-2.3172445	-1.4166772	-2.6223078	-0.7847111
-2.0361397	-1.98447	-1.3287164	-1.9320678	-0.8348228	-2.4201953	-2.3723235	-1.4157023	-0.5477304	-0.81332284
-0.24045563	-0.045413375	0.06482971	-0.30294782	-0.41148695	-0.13328056	0.35140592	0.404518	-0.4223246	-1.1693819
-0.4021027	1.7815275	-0.22199875	-0.6691521	0.40350136	0.10451077	1.2906951	-0.42319408	0.031713847	-0.80506504
1.2949997	1.6287313	1.24266	1.0589205	-0.3804587	0.37700248	1.3058593	0.35327995	0.37534767	-0.06050911
0.21701378	2.0139859	0.38826296	-0.0896595	-0.44898844	0.5410312	3.6596243	1.2083116	0.106065735	-0.35222992
0.39862815	-0.15613486	0.5049375	0.29095107	0.16908863	0.7969526	0.6620374	0.8575722	0.6670537	-0.58694786
-1.1457213	-1.5551281	-0.7027633	-1.0859876	-1.7153656	-1.5286385	-2.0712261	-0.81484264	-1.6963243	-1.7295144
-0.88820106	-1.3842584	-0.35855326	-0.9924319	-2.2564723	-1.7262435	-2.0384657	-0.9498177	-2.4215696	-1.5813676
0.6148046	-0.014413729	0.8588691	0.44448674	0.5474876	0.34721595	-0.5296282	0.5847977	0.3644858	-0.41679886
0.21334893	0.78394294	0.472361	0.09322305	0.42837712	-0.4130378	-0.16430387	0.14197397	-0.6120561	-1.0338705
-2.7928848	-2.585023	-1.7484728	-2.6813524	-0.23680493	-2.3780837	-2.1833625	-0.9528117	-2.1972332	0.26599485
0.2984198	1.5286893	0.5927695	0.045440525	-0.20664194	0.24513108	3.476245	0.40874198	0.8279515	1.8876147
-1.0465755	-1.4136919	-0.64491785	-1.0102276	-0.55821097	-0.9076143	-1.4731737	-0.39343077	-1.4220688	-0.447918
-1.5865209	-1.6853688	-1.1292598	-1.4754721	-0.3365347	-1.8562884	-1.286043	-0.882847	-2.0356455	0.1366274
0.36208904	0.2083849	0.70654887	0.22187446	-0.40624583	-0.25936824	-0.5298507	0.49083632	0.17503563	-0.9893701
-1.1598873	-1.3560263	-0.6861998	-1.245055	0.076652616	-2.1900208	-1.3606404	-1.2964666	-2.7926097	-0.615139
-0.9979901	-1.2643406	-0.45306274	-0.9600363	-0.1616994	-0.48472372	-0.75503206	-0.20382223	-0.40286562	0.58933973
-1.7901803	-1.6284527	-1.2490282	-1.729792	1.8432704	-1.9812254	-2.4341638	-1.1226609	-2.1175022	1.2990922
-0.25809658	-0.48520955	0.14833362	-0.46860868	-2.2646143	-0.5589735	-0.7363621	-0.1253522	-0.10412374	-1.799777
-1.8241216	-1.6816498	-1.2345175	-1.6824915	0.014521092	-1.6850871	-1.8091834	-0.99654865	-1.4630249	0.83707535
-1.3271209	-1.6938193	-0.8433989	-1.2939577	-0.5954491	-1.0824134	-0.62370276	-1.2217249	-1.1228217	1.7961365
-0.9433002	-0.2983559	-0.6083813	-1.0897046	-0.81883276	-1.0947213	-0.11638645	-1.3046143	-1.2705438	-0.968633
0.5549354	0.98877966	0.9040891	0.2625755	-1.231504	0.23490414	1.0661497	0.4420085	0.030030161	-1.725592
0.5368893	-0.62528265	0.52085304	0.5609376	-0.3584777	-0.30256277	-1.9583794	-0.48576576	-0.4285617	-1.0035753
1.0000087	2.7271605	1.044487	0.81614864	0.4927064	2.4106047	4.320906	2.024883	2.235606	1.0382426
-1.4135664	-1.5660845	-0.9874761	-1.4058044	-1.5775659	-1.8791497	-2.1827104	-1.1646336	-1.5521665	-1.54991
-1.1732866	-1.5270833	-0.6818881	-1.1388181	-1.6318734	-1.242714	-1.7217009	-0.555756	-1.1558287	-1.4186292
-1.4674201	-1.8679029	-0.947273	-1.452241	-1.284693	0.3959121	-0.9619451	0.5727098	0.62984276	-0.75753915
-1.9438217	-1.9620358	-1.2135781	-1.7303886	0.033537775	-1.8131292	-1.6909136	-1.1749634	-1.5159483	-1.8048443
-1.2113186	-0.73693323	-0.60636556	-1.1443977	-1.6508179	-1.2120187	-0.54405665	-0.8839865	-1.3668158	-2.3691783
-0.8410995	-1.5097322	-0.2891322	-0.79431444	-1.0891737	-1.4566478	-1.9223509	-0.7429245	-2.0839581	-1.2652233
0.049862906	1.2610517	0.28962356	-0.12850228	0.079628795	-1.196451	-1.7065965	-0.8224201	-0.6694149	-0.53431433
-0.79389125	-0.7068299	-0.5472996	-0.88578296	-0.19986045	0.3416541	-0.12427133	0.5027887	-0.14855535	-1.9486406
-1.6424848	-1.4963249	-1.335154	-1.5640156	-0.6917671	-2.0963275	-1.5298667	-1.8285633	-1.9864564	-0.86781824
-2.1032648	-2.0530035	-1.34588	-2.0569582	-1.3399413	-2.64143	-2.8570127	-1.6422207	-1.7221835	-1.7921913
-2.0680523	-2.1064875	-1.425041	-2.0210493	-1.4965352	-2.0893168	-2.0543296	-0.76433593	-2.272977	-1.2257857
-1.5915998	-1.5779128	-1.0452378	-1.546052	-0.67053926	-1.6895258	-1.4059678	-0.44830233	-1.2198658	-2.4353533
0.20580512	-0.05620593	0.6761949	0.13190703	0.20940796	0.35359585	-0.07582953	1.5585246	0.40478617	-0.015935823
-2.1772692	-1.8971224	-1.3571477	-2.0658529	0.2555934	-2.661402	-2.203946	-2.2640624	-2.5990243	0.6702013
-0.11776463	-0.6221882	0.17676619	-0.22519262	-0.20740059	-0.051171765	-1.0485387	0.34358427	-0.35443228	-0.74135846
0.27611467	-0.12367013	0.68806326	0.11281915	-0.89185834	0.88105536	0.42388073	1.0499327	0.5993977	-0.22608274
0.07805248	1.0422087	0.25734028	-0.16536684	-0.2719196	-1.4163154	-0.8247999	-0.24994783	-1.8354732	-0.344142
-1.6235198	-1.7404271	-1.1262199	-1.552874	-1.4153833	-1.1502198	-1.299442	-0.35642445	-2.5766094	-0.7435898
-0.1998199	-0.3101771	-0.08132845	-0.27438885	-0.10908699	-0.6861975	-1.2553709	-0.24240093	-0.061876956	-0.696921
-2.3516402	-2.2454703	-1.4996443	-2.244062	-1.1278218	-2.2159324	-2.9907174	-0.9305577	-3.1012666	-0.6523397
0.51255065	-0.26992768	1.0047722	0.35328668	-1.2474822	0.035623487	-0.3374663	1.0035323	0.0064671123	-1.5153432
-0.714024	-0.52545005	-0.48716268	-0.795027	2.4768498	-2.5150096	-2.516922	-1.3947433	-2.8676372	0.87619776
-1.785442	-1.9772443	-1.204797	-1.6852187	-0.2693129	-1.1200476	-2.3629117	-0.9296256	-0.32828242	0.52123696
-1.0218306	-1.2996447	-0.5048629	-1.086932	-0.63140965	-1.5191658	-2.1220822	-1.5207506	-1.2198658	-1.144715
-2.200747	-2.114745	-1.5559692	-2.107917	-2.2483506	-1.6136949	-1.7871548	-1.3209968	-1.5176252	-2.5586176
2.0353618	1.1246428	2.4587617	1.730664	0.09714237	0.2712046	0.12276008	0.86752254	0.5241648	-0.09595315
-0.8904368	-1.0123609	-0.45368597	-0.8728243	-1.1613264	-1.345807	-1.3071077	-1.058456	-1.217073	-1.1288538
-0.84710187	-1.5414994	-0.4437895	-0.9570105	-3.4588826	-0.42907545	-1.887727	-0.2228154	-0.18247783	-2.3927145
0.46748748	0.60682964	0.9285196	0.29686952	-0.6686013	0.7064217	0.23294331	1.9000912	0.8211457	-0.6548413
-0.74385303	-0.09102851	-0.34432694	-0.73484766	0.71232975	-1.5512397	1.0527934	-0.7706983	-1.2595009	1.7096441
1.2203847	-0.86178136	1.6239654	1.1308699	-1.7932534	1.8427246	-0.47423446	2.3568318	1.5609766	-1.5477488
-1.0867562	-1.512486	-0.61992466	-1.088798	-1.4266537	-1.3857487	-1.951017	-0.9436594	-1.0295012	-0.5841082
-1.1178222	-1.3388302	-0.6187234	-1.1959879	-1.1919596	-0.91055125	-1.9056073	-0.011972476	-0.7522809	-1.259625
-2.3480396	-2.1614668	-1.4227453	-2.204206	0.08648202	-2.6424854	-2.2972302	-1.1375326	-2.452988	-0.5529976
-0.97672564	-2.0103881	-0.5576862	-0.92421055	-1.2293723	-0.4799579	-0.8672825	-0.5692924	-0.6624467	-1.5786042
-2.0438383	-2.129004	-1.3264775	-1.8782084	1.0021559	-2.0186155	-2.0658817	-1.5566155	-2.1849632	0.7268379
-0.51342887	-0.1848872	-0.1780532	-0.4893577	0.2423288	-1.8502965	-1.3265616	-0.5034845	-1.5359043	1.7169718
0.37314662	0.6546122	0.5682907	0.18769108	1.647209	0.8715229	2.01135	0.792509	0.5246802	1.4344417
-1.6393731	-1.898457	-1.0618747	-1.6138077	-0.5005813	-1.583173	-2.0086884	-1.1414943	-1.7533048	-0.430929
-0.26652053	-0.7889099	0.2774289	-0.37538183	-1.8301775	0.1356522	0.08721617	0.42716986	0.5745428	-1.2844414
0.04617264	0.4167265	0.3904574	-0.09876564	0.9521854	1.145599	-0.34736037	1.0356013	0.45297307	0.45704192
-0.812254	-0.6308116	-0.6676357	-0.8624403	-0.69651055	-0.8963599	-0.5173456	0.35186902	-0.13504824	-1.1932889
0.4051342	-0.64198637	0.23072128	0.34741092	-0.32218772	0.6184072	-1.5047337	0.26888186	0.17768614	-1.2145917
0.46548226	0.86631763	0.9956827	0.3550501	0.6120328	0.17555812	2.1557899	0.31222132	-0.34213388	2.5121417
-2.303471	-2.200373	-1.446881	-2.1482208	-1.1425468	-2.6086133	-2.7272317	-1.9805119	-2.6753833	-1.3535159
-0.45544064	-0.6830257	-0.0798817	-0.5208448	-1.0154891	-0.39187163	-1.3348683	-0.11241829	-0.17676719	-0.7745849
-2.0116382	-1.961841	-1.3279679	-1.9335297	-0.4411235	-2.33473	-2.20634	-1.270897	-2.5349956	-0.15011926
-0.97932315	-0.37083533	-0.51522493	-1.1679549	-1.880866	-0.54955745	-0.87973285	-0.100632735	-0.7788871	-2.7485797
-1.6921314	-2.1113155	-1.1348993	-1.5850428	-1.9627386	-0.87466127	-1.3247476	-0.42925337	-1.0028259	-1.1780306
-2.4804387	-2.315348	-1.5728049	-2.3908012	-1.4281539	-2.4398215	-2.1576414	-1.5642248	-2.065083	-1.0263107
-0.2722246	0.18975088	0.27582055	-0.3618802	0.61568236	-0.46446145	0.24425648	0.32686844	-0.60145473	0.4964511
-0.48851427	-0.8123299	-0.019537598	-0.5327734	-0.1553168	-0.73060834	-1.061468	-0.50739294	-0.4466759	0.1548385
0.13290742	0.22490224	0.47421578	0.058504492	0.18107453	-0.10534823	-1.6971521	0.14821167	0.21840072	0.057045635
-0.8705407	-0.8839736	-0.38701364	-0.8791508	0.6320729	-1.305123	-1.1000525	-0.6972675	-1.2390448	-0.006558393
-0.9747365	-0.8381934	-1.0971731	-0.96950054	-0.9843482	0.5348116	0.892784	0.16105191	0.4512513	-0.5044303
-1.9305707	-1.902301	-1.1611362	-1.9064955	-0.64240015	-1.7993217	-1.438036	-0.4731508	-1.7223661	-0.8910157
-0.85307556	-0.035856605	-0.3997256	-0.81319153	0.8289511	-2.1414762	-0.9050558	-0.2787592	-1.2805727	1.5106097
0.012331478	-0.2966162	0.35560355	-0.1309373	-1.5688334	-0.17018363	-0.4306538	0.16621287	0.21145199	-1.1555016
-0.6128527	-0.5619462	-0.037773877	-0.74100316	-0.8439734	-0.06587037	0.6073298	0.6597816	-0.34276536	0.18875012
-0.32601514	-1.1226286	-0.03056392	-0.34593678	-0.91188264	-0.2559139	-0.65256613	0.35090393	-0.35052112	-1.1986079
-1.2576542	-1.9151598	-0.89397275	-1.237884	-1.2785815	-0.86398935	-2.4010513	-0.99540895	-1.0484519	-1.314897
-1.6523015	-1.9110461	-1.0532571	-1.6981112	-2.0679195	-2.2712307	-1.8086334	-0.14137623	-1.5142064	-1.7900709
-2.2039943	-2.1231687	-1.4913746	-2.1201515	-1.3809189	-2.2855575	-2.6253262	-1.2567024	-1.7259096	-3.0861204
1.1285645	1.4668562	1.4252219	0.8684794	1.4293636	0.7195071	1.9424013	0.13437903	0.37115228	1.0210192
0.9634114	-0.14928716	1.3145955	0.81619215	-1.0184879	4.341298	0.61417025	3.977722	4.0131364	-1.1879671
-2.2484736	-2.0860548	-1.4497554	-2.1670227	-0.37822148	-2.3804412	-1.9527652	-1.6254255	-2.6180673	-1.3726484
-0.9009526	-0.91946673	-0.4662852	-0.99105656	-1.4408	-0.3836401	-1.3501205	-0.6385594	-1.1073138	-1.4231418
-1.7188488	-1.7691587	-1.2263578	-1.6255003	-0.5264381	-2.139384	-1.994437	-1.9754587	-1.9105103	-1.1834859
-0.012626089	-0.18729907	-0.0921382	-0.09947057	-1.1968905	-0.11561907	-0.20745592	-0.085117474	-0.8555063	-1.827941
-2.0386949	-2.1084497	-1.306199	-1.9004878	-0.98543453	-1.9866251	-1.9754124	-1.2600846	-2.0431824	-1.3794739
-0.66607016	-1.0158483	-0.24715501	-0.738454	-0.6835861	-0.7405312	-0.9653683	-0.26294395	-0.6264787	-0.48305735
0.3413274	-0.29233515	0.7353978	0.10398655	-1.636191	-0.451257	0.4955061	0.23974478	-0.67755044	-0.6793289
1.6320906	1.0150555	1.7032049	1.3256505	-0.5827338	0.8978086	0.24276416	0.7069818	0.7264939	-0.47951105
0.5331828	0.38165215	0.7838681	0.3505243	-0.14985502	0.6215335	0.11466313	1.0316354	0.46849075	-0.13704026
-2.0734408	-2.1436305	-1.4445205	-1.9881603	-2.0247235	-1.2702633	-2.5867026	-1.7929494	-1.0839359	-3.2414098
-1.8737411	-2.067695	-1.1858115	-1.8005455	-1.0492052	-1.9163393	-2.1092415	-1.4076226	-1.9334317	-1.4849592
-1.2623531	-1.0485909	-0.78793204	-1.2008919	1.2958907	-1.506889	-1.417786	-0.7666341	-0.6055431	1.7255753
-0.9037079	-0.44795528	-0.12926593	-0.85610557	0.27411416	-1.9695837	-1.4004409	-0.5563137	-1.4533345	0.8440669
0.54095143	0.12470868	0.61185265	0.43026078	-1.048294	0.7139789	0.055273976	1.9559458	0.5555009	-2.3424168
-0.59854317	-0.6009072	-0.3520958	-0.6992955	0.4857429	0.6747079	0.028690679	1.2099513	0.71542555	0.29669547
0.0069833994	-0.80462945	0.50509894	-0.15753779	-1.8986723	-0.061861757	-0.22972968	0.94226474	0.17638284	-1.8534975
0.21963522	0.2586368	0.64585245	0.022103086	-1.3459978	-0.27743208	0.0049198275	0.18544626	-0.7653858	-1.7535629
-1.8341684	-1.8711021	-1.1277432	-1.7139668	-0.5349355	-1.8280497	-1.5821047	-0.90374714	-1.9569763	0.14831728
-0.40555784	-0.80517066	-0.10245398	-0.53752714	-0.9311037	-0.26117522	-0.8372799	-0.14195207	-0.33528385	-0.87075406
-1.2739224	-1.3649186	-0.849697	-1.2483917	-0.34375206	-0.54399174	-1.2922838	-0.28230742	-0.65609217	-0.9014987
-1.7192532	-1.8613169	-1.1549	-1.6197355	-0.9506196	-2.0612104	-1.9186994	-1.4690802	-2.0685651	-0.507729
2.2718225	1.7993217	2.3606544	1.808986	0.43462643	1.2838047	0.5374741	1.0028871	0.82700676	1.3205498
-2.2272208	-2.1120114	-1.5897855	-2.1268446	-1.6252207	-2.239734	-3.6036272	-0.42050767	-2.662415	-1.7844051
-0.38536212	-0.43300846	-0.11272809	-0.5596675	-2.0278013	0.12290984	0.4134849	0.7242253	-0.49918818	-2.333735
-1.5955412	-1.8781657	-0.9732506	-1.5752984	-2.4299326	-1.7748936	-1.8915699	-1.4880977	-1.8007076	-2.5180736
-0.835747	-0.9891614	-0.5478208	-0.85597944	-0.3412568	-0.721243	-0.09026726	-0.3508597	-0.9601636	1.3683932
-1.645274	-1.8085614	-1.06992	-1.6317492	-1.7061914	-1.039677	-1.5457608	-0.8724152	-1.2305533	-0.4856284
-1.3607043	-1.3953266	-0.7590246	-1.3118399	0.43964657	-2.209577	-1.7328566	-1.4040979	-2.0258555	1.2976685
-0.5973825	-0.89809036	-0.28318486	-0.7311306	-1.5201854	-0.17028822	-0.8826436	0.77956706	-0.8730198	-1.1672289
-0.5881029	-0.8815025	-0.106524795	-0.61785513	-0.9231378	-0.89555436	0.4084912	-0.31266457	-0.57375866	0.23224631
-1.1197478	-0.77277994	-0.70689833	-1.1031873	1.1342027	-1.1832465	-0.611613	-1.6015817	-0.68080187	0.5379806
-2.2886508	-2.317093	-1.4590235	-2.2182708	-1.2524976	-2.6513867	-2.1195645	-0.9337318	-2.6997335	-1.0694981
-2.34873	-2.2660596	-1.4754252	-2.2981062	-1.7079643	-2.6932082	-2.9111824	-1.9210588	-2.5433035	-1.7502595
-1.8742372	-1.7335151	-1.2402817	-1.7781415	-0.64926034	-1.1110412	-1.008639	-0.61970735	-1.5386851	-0.80624425
-1.1414146	-1.3400236	-0.73940504	-1.0767156	0.45623055	-0.9363103	-1.4153366	-1.062836	-1.4035623	0.73509896
-0.7779667	-1.1946636	-0.1650207	-0.7827827	-0.18422344	1.0930191	-0.4429077	0.8967767	-0.19133335	-0.49387375
0.9201576	0.18884584	1.6002238	0.69363266	0.36415377	1.5284486	0.29150143	1.77225	1.1134973	1.7007138
-1.1416261	-1.1461756	-0.7651967	-1.1056201	-1.4447484	-0.44989794	-1.0383729	-0.44698095	-0.5311982	-1.3795812
-1.4690444	-1.6152709	-0.93908966	-1.4424609	-1.3471525	-2.1818283	-2.3878996	-1.1938965	-2.235634	-1.4110173
0.37216422	-0.34271792	0.5534109	0.1797372	-0.3176071	0.5475719	-1.3562977	0.47036383	-0.05562754	-1.0846678
0.5048273	0.0162296	0.9129498	0.32157803	-1.7627176	-0.21948403	-0.9549978	0.85100365	0.20906031	-1.8108369
-0.43107632	-0.9341129	0.11047295	-0.49418187	-1.1601793	-0.0675592	-0.4625742	0.4438195	-0.4952189	-1.2697505
-1.462977	-1.1268413	-0.5833794	-1.5239718	-0.60849965	-2.1791143	-1.3620992	-0.3906362	-1.9079218	-2.2589731
-0.7453523	-1.1412213	-0.32879397	-0.77403545	-1.0604054	0.50693107	0.20609891	0.98121077	0.24115929	-1.0254964
-0.47212672	-1.208431	-0.00887239	-0.47157192	-2.7386487	-1.1296115	-1.0016474	-1.2518947	-1.2243265	-1.2718236
-0.38635072	-0.9063672	-0.4394636	-0.41908664	-1.2632592	0.91957635	-0.6788724	0.16914512	1.3770863	-0.5633415
-1.5494641	-1.6467681	-0.9377841	-1.4623181	-0.23473628	-1.5154929	-2.2472634	-0.85016793	-1.5329779	1.3706299
-1.4258868	-1.8090969	-0.86616004	-1.3440977	0.07898736	-0.1984045	-1.2476858	0.3021342	0.33104408	1.3052676
-1.9520054	-2.0609076	-1.3273871	-1.8668973	0.12013614	-2.4604187	-2.4008563	-1.1478997	-1.913245	1.9334736
-1.5698837	-1.7486714	-1.0979656	-1.532979	-2.0291748	-0.5738248	-1.0882276	0.04714892	-0.3275607	0.84142095
-0.37523407	0.23596361	-0.19393763	-0.46661127	-0.47465912	-0.60957855	-0.17585722	-0.4428789	-0.66436946	-0.42615393
-1.0685179	-1.3078693	-0.51915324	-1.1451045	-1.1114712	-1.5407305	-2.0324175	-1.2236621	-1.5299042	-1.320358
-1.8137469	-1.9254315	-1.1558288	-1.8137383	-1.1222788	-1.7306086	-2.2287734	-1.2041765	-1.6276666	-1.4838605
-1.6766832	-2.1162052	-1.1254154	-1.704121	-2.1686316	-1.5035268	-1.6605777	-1.0864477	-1.7192717	-2.3318539
-0.419852	-0.66274726	-0.30575058	-0.54126996	-0.52201533	-1.0868044	-0.122547634	-0.6429346	-0.20857494	0.16620465
-2.117062	-2.0764582	-1.3224384	-2.07715	-0.203741	-2.3239517	-1.8048819	-1.0371501	-2.1381607	0.56484896
-1.8382826	-1.9642298	-1.1783675	-1.7357662	-1.4140469	-1.3732185	-2.1448274	-1.4596362	-1.3472195	-1.2538116
-0.82664186	-0.80335927	-0.6532217	-0.81286955	0.25518247	-0.7974682	-1.3951831	-0.9093859	-0.6475754	-0.18430519
-2.0071137	-2.0607877	-1.2394332	-1.9056234	-0.9275453	-1.4833493	-2.0445666	-1.2276976	-0.95697635	-0.38308144
1.220611	0.03608066	1.2590033	1.0372851	-0.376039	0.988963	0.6924888	0.88091797	0.7567526	1.0973097
-0.54589176	-0.6460563	-0.22417277	-0.6149554	-1.3151411	-0.7924463	-1.0988972	-1.4265714	-0.21986574	-2.074425
0.33416167	-0.41921777	0.70297897	0.14503993	-1.4423292	1.2303154	-0.14640944	1.5875565	1.2046825	-1.4635423
-2.2437232	-2.2167685	-1.4229038	-2.170205	-0.80574924	-2.2927747	-1.7993603	-1.0607852	-1.6350483	0.25679818
-1.9154011	-2.0122473	-1.2713398	-1.8288999	-0.9546846	-1.1283532	-1.6459532	-0.7775707	-1.5206984	-1.0609394
-0.7760559	-0.69473565	-0.5310272	-0.8191363	-1.3743606	-1.6620935	-1.3756812	-1.1071754	-1.7165205	-1.6820896
-2.4354568	-2.1018405	-1.6888177	-2.2818074	-0.6904999	-3.273221	-3.0865998	-2.7301943	-2.142677	-1.0803195
0.99738675	-0.22116488	1.2219195	0.74568975	-1.0807773	0.460333	-0.41515183	0.7894233	0.43965632	-1.4035014
-2.1198905	-2.1285868	-1.4136981	-2.0386813	-0.7124376	-3.0704017	-2.9915643	-2.3590083	-2.3825448	-1.4809994
-0.87990457	-1.6006109	-0.48627207	-0.8409796	-1.8423814	-1.614016	-2.6846843	-1.2853569	-0.86449474	-1.2644795
-0.5844077	-1.120204	-0.22712561	-0.6578923	-1.4312919	-0.45505852	-0.6873923	-0.16833848	-0.50308824	-1.672663
-2.156999	-2.1876235	-1.4553607	-2.052177	-0.33004272	-1.4554672	-1.7845447	-1.4851508	-2.327408	2.154905
-0.28640184	-1.0409697	0.1539694	-0.26284385	-1.919979	0.8638638	-0.99723804	0.7358228	1.059906	-2.5755484
-1.6634996	-1.6681064	-1.0106859	-1.5251744	-0.11821562	-1.4563223	-1.9008827	-1.2757567	-1.5466065	-0.1658266
-1.9798039	-2.053066	-1.4142017	-1.8204067	-1.6316377	-2.2143555	-2.138639	-1.5890455	-2.727826	-0.3199812
-2.176161	-2.1049972	-1.4359494	-2.1774158	-2.2652216	-1.5793462	-1.8542049	-1.1411924	-1.9341706	-0.6141858
-2.2264473	-2.1795728	-1.4064921	-2.1308005	-0.6345798	-2.4063563	-1.8477005	-0.60217	-2.9957988	0.1635429
-1.6767395	-1.815765	-1.0571775	-1.6773319	-1.430056	-2.1123571	-1.6930369	-0.93639463	-1.8382943	-1.8345026
-0.94414014	-1.0412018	-0.6011708	-1.0029082	-0.63103807	-1.1559855	-1.2374586	-0.6223419	-0.64353114	0.5325157
-1.1218922	-1.5621198	-0.6816641	-1.0858008	-0.6846782	-1.0642778	-1.5119412	-0.35608009	-0.6551268	-1.1737543
-2.1243086	-2.0895338	-1.3292216	-2.0505674	-0.91374147	-2.3206139	-1.9799873	-1.5311991	-2.2778568	-0.94156235
-1.1032279	-1.4887621	-0.6312684	-1.1575333	0.07176566	-1.382248	-1.5313101	-0.80822116	-1.1996982	-0.58872575
-1.3023021	-1.6549168	-0.85361123	-1.2953621	-1.8077527	-0.835242	-1.9150035	-0.6541401	-0.4372112	-2.2780566
-0.7052661	-1.071791	-0.0976122	-0.7320442	-0.59360456	-0.49288073	-1.9072765	-0.13083525	-0.28606802	-0.37240002
-1.1093726	-1.57078	-0.692701	-0.9686827	-1.7021391	-1.3774972	-2.0961788	-1.348324	-1.8277924	-1.1660275
-1.3564295	-1.6700435	-0.8961476	-1.2975802	-1.409707	-0.7639322	-0.8576141	0.049857106	-0.67579746	-0.8059319
-1.8389304	-1.9864234	-1.186525	-1.6403171	-0.9809017	-2.015918	-0.45025036	-1.3670908	-2.7775939	-1.506111
-0.6269124	0.55848277	0.4089557	-0.66600996	1.0803376	-1.5673262	1.578463	-1.5070059	-2.4668498	1.1041995
-1.0695502	-1.4431866	-0.7148526	-1.0053	-1.5233876	-1.2245572	-1.72653	-0.63696766	-0.73215497	-0.90478116
1.0265046	0.86383045	1.2110476	0.8191459	-1.0477911	1.640474	2.2068663	1.9533198	1.8146005	-2.352161
-2.2254448	-2.2136724	-1.4422992	-2.1003938	-1.1256353	-2.6083825	-2.426619	-1.4881616	-2.3388772	-1.431627
-0.0015482008	-0.74282014	0.37397242	-0.13360369	-1.6912677	0.7655692	0.09023381	0.5392173	0.66457576	-1.8216923
-2.375042	-2.1653867	-1.4217008	-2.311049	0.49427643	-2.667195	-3.0765064	-1.8947854	-3.2907448	0.91389775
-0.26891658	-0.9174491	0.05054617	-0.20968102	-1.3079382	-0.22189562	-1.3118459	-0.11651924	-0.8963435	-1.1879318
-1.6742338	-1.3211828	-0.80347836	-1.566999	1.6682616	-1.9939127	-1.295289	-0.76234376	-0.9597996	1.0603998
-2.094676	-2.0344908	-1.2375593	-1.9955934	0.1418561	-1.9515345	-2.0083244	-0.7532012	-1.6740509	0.8470754
-1.5717309	-2.0014353	-1.0946587	-1.4381598	-2.2713277	-1.9928398	-2.0794458	-1.1468741	-1.7486866	-1.1646719
-0.87770414	-1.5077711	-0.45558885	-1.0105901	-2.678124	-1.9195492	-2.8842285	-1.0186884	-1.7437649	-3.1786175
-1.564191	-1.1667279	-1.0524099	-1.4974844	-1.0165582	-0.8039526	-0.7523171	-0.9783848	-1.191153	-0.79488623
1.5806897	0.58666384	2.0913138	1.4212825	-1.2195804	1.6717967	0.7333426	2.3179321	1.6735308	-0.9362551
-1.7651248	-1.909829	-1.1251283	-1.7036501	-0.4783487	-2.082258	-1.628643	-1.708547	-2.863385	-0.23518285
-1.526603	-1.8808361	-1.0234698	-1.4596949	-1.7203611	-1.6108996	-2.267507	-1.1190273	-1.4799997	-1.6245143
-2.1941578	-2.2363877	-1.4192073	-2.0041766	-1.3457043	-2.4560466	-2.1955373	-1.5136908	-1.8856741	-1.0033236
-2.3391325	-1.3947852	-1.4343204	-2.296599	-0.25870776	-2.5848827	-2.1395147	-2.159669	-2.8025472	-1.1295849
-1.6875268	-1.8368385	-1.0696214	-1.6807116	-1.2488157	-2.167255	-1.697636	-1.4046319	-2.2988281	-1.2688942
-1.3489809	-1.2750521	-1.0094063	-1.3211374	-0.73920035	-0.5756227	-1.6750749	-0.5354769	-0.18609281	-1.198181
-1.5299507	-1.4342186	-1.1046144	-1.4058435	1.990322	-1.964642	-0.45774567	-1.5026408	-1.9767563	2.7038486
-1.9181985	-1.96858	-1.1627333	-1.8400779	-1.1883605	-1.6710241	-2.280772	-1.4220916	-1.4322159	-1.0985842
-1.235039	-0.9221343	-0.8169433	-1.2634926	0.79898524	-1.773679	-1.4063214	-0.5717807	0.48057398	1.353052
-1.8473508	-1.9856367	-1.3022484	-1.7871709	-0.50337833	-2.1631079	-1.5611715	-1.1767352	-2.268462	0.9429146
-1.42077	-1.7490298	-0.96347463	-1.3491431	-2.3643737	-2.1343606	-2.0286012	-0.44077992	-2.5575297	-1.9815112
-0.8106651	-0.96303844	-0.39471057	-0.74454623	-0.43275332	0.4605891	-0.28779897	0.51594037	0.5767769	-0.17976785
-2.3471103	-2.254806	-1.464735	-2.2782464	-1.3403702	-1.085488	-1.4618307	-1.497621	0.15595089	-0.56757635
-2.024942	-2.1081252	-1.301816	-1.93625	-1.3915718	-2.0384674	-2.4368563	-1.9683443	-2.6207638	-1.570016
-1.1037236	-0.73396146	-0.58113146	-1.2233814	-1.0477532	-1.0247983	-1.0216405	-0.69756824	-1.3826867	-1.1091901
-1.4294205	-1.7584275	-0.8926009	-1.4599184	-1.7386428	-1.930238	-1.9014058	-1.4430637	-1.4682862	-1.0182625
0.13111964	-0.62722355	0.6488533	-0.027614832	-1.890927	-0.12650944	-1.5605232	0.20299344	-0.47204688	-1.700351
1.9237216	-0.050208822	2.0821826	1.7386825	-0.028364807	-0.34433925	-0.34233412	0.65657496	-1.2239698	-1.6744229
-0.21176612	-0.6449388	0.17930216	-0.37513268	-1.8853732	-0.8942589	-1.5804	0.37184379	-0.17686985	-2.8145475
0.07815183	-0.036990106	0.42030162	-0.20128882	-2.1282663	-0.22111888	-0.9099158	0.08372332	-0.32781276	-2.1200964
-1.2275075	-1.164788	-0.6537305	-1.2633405	-0.12927553	-0.47444612	-1.5854126	-0.49566466	-2.014062	0.13159525
0.1689733	-0.26220512	0.57121265	0.044788048	-1.2685579	-0.27023232	0.01739679	0.7176701	-0.3439645	-1.9507098
-0.8615821	-0.9600873	-0.25900987	-0.8755392	-1.671213	-0.11995358	-0.52935106	0.14841811	-0.47849467	-1.6972641
0.98294467	-0.11186576	1.3136272	0.8176483	-1.2465203	1.0909382	0.6823163	1.768775	0.37566546	-0.3190813
2.7608373	3.1473892	2.6733568	2.3503234	0.51923776	1.3097757	1.5840102	1.5472379	1.2918634	-0.5462294
-1.6224303	-1.0622804	-1.0486498	-1.5267994	2.972136	-1.8867004	-1.0680596	-1.3761239	-1.8745672	3.1611714
-0.7749718	-0.9210429	-0.22082928	-0.8536377	-1.894021	-1.006515	-1.7068347	-0.62528574	-0.93930775	-2.3779092
-1.8319833	-1.9578038	-1.1603208	-1.6712645	-1.2263865	-2.0904226	-2.641091	-1.1508414	-1.2700928	-1.3416423
-1.2923403	-1.5507331	-0.8641933	-1.3309413	-1.2957538	-1.7774061	-1.2253667	-1.1495064	-1.6592298	-0.34153962
-1.5897428	-1.8447896	-0.98947954	-1.5765616	-1.3399736	-2.2908874	-1.4294819	-1.3042715	-2.770063	-1.0437107
-0.7874605	-1.1812409	-0.23362795	-0.7792275	-0.4527263	-0.39502105	-1.66772	-0.75042564	-0.45435545	-0.5271954
-0.19512022	-0.40500772	0.13023242	-0.31161624	-0.9736657	-0.27648473	-0.089905195	0.21810576	-0.17727509	-0.24463145
0.26489592	0.007676989	0.5690013	0.18381657	-0.72893894	0.23300442	1.5331515	0.77527505	0.28703114	0.48998022
1.1721385	0.68938184	1.4922955	0.9277687	-1.3853266	1.9016377	0.30695856	2.0633078	2.0419638	-1.1997768
-1.7996045	-1.9621509	-1.2147312	-1.7777928	-1.876407	-1.4247823	-1.9817662	-1.2870915	-1.2955099	-0.04248737
1.529596	2.6985722	1.8450744	1.236206	0.4052001	2.2499979	3.4349537	2.4782507	2.0316696	2.876273
-2.4231944	-2.3304234	-1.506216	-2.4119277	-1.8083223	-2.1442838	-2.2688508	-1.5522069	-2.8780503	-1.0092459
-0.22767743	-0.71034014	0.13132438	-0.3575517	-1.5929644	-0.12459988	-0.5722712	0.1423987	-0.7077229	-2.223564
1.9519027	2.1233897	2.025722	1.7304194	-0.6157983	2.9189124	3.0170581	3.0263727	2.6526952	-0.75173426
-0.0731328	0.53563607	0.46556872	-0.21702062	-0.77332246	0.6449761	1.1180432	0.66953874	0.5388329	-0.5914498
-1.260925	-1.6610757	-0.6943481	-1.2676073	-1.3911724	-0.92633015	-1.8878982	-1.1419466	-0.7242175	-1.1251663
-1.6064831	-1.6835526	-1.0386325	-1.523333	-0.5291511	-1.6731735	-1.3737178	-1.2679706	-2.3949819	0.651584
-1.1606462	-1.6113111	-0.8181087	-1.1251541	-1.0935062	-1.7209283	-1.9183458	-1.972558	-1.7030909	-0.7544273
-1.1760302	-1.191893	-0.69175005	-1.120485	-0.060839683	-0.4711179	-0.5453687	-0.46780628	-0.9627679	-0.26012215
-2.245165	-2.3536909	-1.4338171	-2.0687551	-2.7333302	-1.952729	-1.7892336	-1.0250375	-1.8373364	-1.2260321
-0.6587402	-0.627376	-0.39773557	-0.756835	0.015332073	-1.2381514	-0.63741195	-1.0624324	-1.2378548	1.0059724
0.5257152	-0.1775679	1.0217408	0.35209787	-1.9225968	0.16678397	-1.1560593	1.4029865	0.2493793	-2.6604226
-0.3863246	-0.99288917	-0.02411747	-0.47062713	-1.8175657	-0.4480485	-1.9154294	0.4513043	-0.81694525	-2.3409185
0.085607864	-0.8414216	0.45074865	-0.15978625	-2.4338374	0.1625692	-0.9189856	1.0310109	1.1076652	-2.5950875
-1.570175	-1.6627111	-0.75543	-1.5167491	0.49532518	-1.7971692	-1.7845721	-0.7428715	-1.9364746	1.4584736
-0.58308005	-1.1741804	-0.17272297	-0.5347222	-0.6497971	-0.89326835	-1.5713578	-0.44518337	-0.91384256	-0.834469
-0.28000665	-0.61372876	0.1548936	-0.36208004	0.06322348	-0.6723064	-1.6818779	-0.11614684	-0.63279754	-0.45225546
-1.9805641	-2.0739958	-1.2854705	-1.8544911	-0.78073156	-1.335987	-1.855173	-0.9997133	-1.6181527	-1.734101
-1.5295185	-1.7047482	-0.95679986	-1.5124583	-1.5469834	-1.3257444	-2.1404538	-0.71636105	-1.2884172	-0.83414406
0.030932747	-0.034375966	0.42817244	-0.088156655	-0.9568759	0.23979801	0.0055722687	0.96772856	0.0249543	-1.5614456
-1.0790969	-1.3928263	-0.6699544	-1.1339651	-0.3641876	-1.8661875	-2.2776663	-1.118597	-1.9010959	-0.34475258
-1.3459932	-1.5603074	-0.7193115	-1.3502172	-1.6676303	-1.5238433	-1.5203352	-1.0367092	-1.4752084	-1.4258566
2.1348646	4.031043	2.1454134	1.5919933	1.5347806	1.184428	3.014866	1.0766561	0.55304986	0.78671235
-1.7326589	-1.5918279	-1.2527612	-1.6495405	-0.09833333	-1.8056086	-2.4362607	-1.4721723	-2.0365465	0.26872715
-2.4585373	-2.3503664	-1.5844928	-2.3632874	-1.6481909	-2.0032666	-2.400455	-0.8301932	-2.5338802	-1.675882
-0.893958	-1.0957582	-0.5682676	-0.92011344	-1.5157008	-1.4115108	-1.412444	-0.5304957	-1.4597996	-1.5170013
-0.013714768	-0.9496281	0.48523808	-0.15680769	-2.60397	-1.5045447	-0.5789257	-0.44243652	-0.10438853	-1.7253973
-2.4173803	-2.3451843	-1.6114728	-2.341359	-1.6499006	-1.9018136	-2.036458	-1.1631081	-1.3488263	-1.5282263
-2.1400898	-2.0653393	-1.35952	-2.0586722	-0.9007883	-1.4884738	-1.8287624	-1.2532458	-1.5882162	-1.967932
-0.7906124	-1.4558494	-0.27706233	-0.7791699	-2.250828	-1.0550629	-1.2587634	-0.23096785	-0.8761909	-2.4920917
-1.88905	-1.9782481	-1.2107596	-1.7070583	0.5791782	-2.0276072	-1.57531	-2.158524	-2.5070584	-0.32526705
-1.5574168	-1.7220185	-1.0404851	-1.5991412	-1.5345607	-1.6732157	-1.5890388	-0.73965085	-1.7221835	-1.7525944
0.4137365	-0.3574083	0.9048705	0.24921872	-2.112763	-0.14322376	-1.2620088	0.6428195	-0.3267427	-2.6273577
-1.9750996	-2.0444775	-1.2343961	-1.9458516	-1.3832874	-1.4894649	-1.6512215	-0.45675254	-1.884822	-2.1514823
-1.8410965	-1.8812599	-1.1157044	-1.8031043	-1.2255185	-1.8339416	-0.88575923	-1.1333662	-1.7146305	0.11957669
-1.6320863	-1.8053632	-1.0116996	-1.633154	-2.0175319	-1.6620988	-1.8948522	-0.9257006	-1.4050642	-2.5130832
0.29917508	-0.20834698	0.64046717	0.122725055	-1.817248	0.5576138	0.8065375	0.9265525	-0.9831548	-1.7892463
-2.0700986	-2.1493547	-1.4009088	-1.9835039	-1.5148237	-2.2004979	-1.8273977	-1.749953	-2.3268266	-1.9434514
0.1571522	-0.22092876	0.5872581	-0.061377637	-1.7340616	0.616277	-0.094328806	1.2009418	0.61375594	-1.751157
-0.35843623	-0.9626688	0.0837111	-0.5493935	-1.9376187	-0.56097937	-0.8766809	-0.21290922	-0.8102861	-1.4494598
0.4495773	-0.16960983	0.62048644	0.27198678	-1.5422101	3.7010643	1.189272	3.6825879	3.33846	-0.3466376
-0.4136988	1.2156359	0.0044223517	-0.5607558	-0.46645114	0.8838668	3.1882632	1.1939126	1.0526361	0.4882142
-0.18200323	-0.6636191	0.30233595	-0.19665612	-1.0977585	-0.4638183	-1.1571974	-0.3514408	-0.8762446	-0.8686068
-1.1828188	-0.85522664	-0.68654644	-1.2283596	-0.016647816	-1.1445912	-0.4602308	-0.24012545	-0.5740289	-0.12605664
-0.40698883	-0.42811224	0.6021838	-0.42989314	-0.30463842	0.10548838	-0.1670443	0.84881824	0.28826138	-0.4172884
-4.32859	-3.577393	-2.7439215	-3.8487153	-0.09969416	-2.8955007	-2.259856	-1.0916041	-1.9226744	-0.762835
0.8710474	0.47757092	1.1889418	0.59891284	-0.7782005	0.8439936	0.14603168	1.4917123	0.61165863	0.047149315
1.4799386	2.8954985	1.0401384	1.2965202	1.2043146	1.9643092	3.47136	1.406986	2.1387737	0.6318927
-0.11777129	1.5243145	0.5191538	-0.418531	-0.86943316	-0.18610615	1.2067379	0.057434317	-1.3681461	-1.4059881
-1.2959478	-1.7575113	-0.8137052	-1.2843269	-1.8491689	-0.9437859	-1.2547258	-0.85339797	-1.1519719	-2.056778
-2.458046	-2.0137827	-1.7048509	-2.3061867	-0.3100986	-2.2923152	-2.2357733	-1.7244267	-1.7098364	-1.1388911
-1.9667461	-2.047735	-1.2720379	-1.8855422	-1.0484241	-1.8622346	-1.8030035	-1.3907634	-1.673341	0.07067547
-1.3038522	-1.457994	-0.8481052	-1.3438809	-1.2899235	-1.289	-1.6500953	-1.0657916	-1.1044676	-1.6833422
-1.919758	-1.4043566	-1.2650018	-1.7853396	2.140664	-1.965383	-0.70492923	-1.7265953	-2.3573692	1.1222888
-0.7738234	-0.5317804	-0.2895194	-0.83915776	-1.2370734	-0.3732032	0.0029693595	-0.1722359	-2.1297245	-0.774731
-1.113313	-1.157449	-0.6729431	-1.1237746	-0.9788672	-1.2779742	-1.5803858	-1.08988	-1.1876367	-0.97673786
0.15595138	-0.6272683	0.55018175	-0.036695078	-1.8417299	-0.23189795	-0.90602934	0.2824601	-0.27333254	-1.4988312
-1.736175	-1.8534172	-1.0300959	-1.7231733	1.2335801	-0.9548321	-1.4421432	-0.8860182	-1.6616805	0.3685974
-1.5762292	-1.8210922	-1.0028261	-1.4562048	-1.3892866	-1.1730995	-1.3628739	-0.5019531	-1.4912331	-0.31987295
-1.5897102	-1.6950208	-1.0629915	-1.5312598	-0.5405242	-2.772567	-2.7375505	-0.73847884	-2.6062741	-0.49401847
-1.4386334	-1.3250644	-0.7866614	-1.4038023	1.1032398	-0.6265439	-0.23629749	0.04608679	-0.53887725	2.398218
1.8221762	0.0055803806	1.8176727	1.5216852	-0.9082637	2.058521	0.75244504	2.072753	2.2594962	-0.8571531
-2.165728	-1.946845	-1.3566909	-2.0166998	0.002191484	-2.3152559	-2.1826072	-1.2005829	-2.4789543	0.7178408
-0.54078585	-1.2068444	-0.1032522	-0.62031263	-0.64768505	0.664981	-0.017097048	1.2138466	-0.34738687	0.9177543
-2.4461374	-2.3881333	-1.6121587	-2.3574786	-1.777794	-2.2180805	-2.2141712	-2.0314012	-2.370444	-0.5308942
-1.7974283	-1.7824268	-1.292558	-1.7245407	-0.25761458	-1.9795552	-2.3648229	-1.59359	-2.7938848	-0.77878356
-1.3827807	-0.84850657	-1.1052336	-1.3339347	-2.2816763	-1.8250436	0.01650756	-1.2566793	-1.7286079	0.87097657
-2.064282	-2.1819499	-1.4246812	-1.9636012	-1.3537368	-1.7600805	-2.693037	-0.58278084	-1.6201302	-0.57028794
-0.2547024	-0.77998304	0.2601084	-0.3187828	-1.1058996	0.040327348	0.0032257866	0.5894407	1.0998498	0.034484617
-2.2746766	-2.1718848	-1.4421289	-2.177713	-1.1035434	-1.8435358	-1.6295052	-0.6747954	-1.7377158	-0.50954485
-1.7316383	-1.8073162	-1.0275856	-1.6088859	-1.0766503	-1.3246701	-1.6475781	-0.3180166	-1.137671	-1.1108593
-0.7771593	-1.0960096	-0.34338412	-0.8342196	-0.78780186	-0.9487358	-0.7785496	-0.36392853	-1.0372349	-1.5513556
0.5191302	-0.23665693	1.0836078	0.30833918	-1.2642293	0.11778285	-0.9620078	0.50715315	-0.21768059	-1.5828578
-1.4447901	-1.8406223	-1.0217798	-1.2889673	-0.58866996	-1.0503951	-1.9819694	-0.72168785	-1.2381518	-0.39856622
-1.4719055	-1.9749377	-0.89424753	-1.4345459	-1.5942262	-1.531339	-2.2235518	-0.9338043	-2.0921214	-1.8007078
-1.9324971	-2.053935	-1.2478772	-1.8340605	-0.8396044	-1.9355717	-1.2636237	-1.2677826	-2.4312885	-1.264139
-0.769831	-1.0720209	-0.31970605	-0.8143285	-0.064023525	0.15766619	-0.12832443	1.1752304	0.11635858	-0.6267824
-0.06502209	-0.38413787	0.43643987	-0.29688254	-2.3391092	0.24652046	0.19734477	0.6764903	-1.0969305	-2.6329713
-1.0598009	-0.94870055	-0.8213887	-1.0807889	-0.06143582	-1.0171303	-1.4223124	-1.0159177	-0.8994347	-0.4637958
-0.6505601	-0.5917144	-0.27545914	-0.7618962	-1.2441343	-0.26410964	0.015419162	-0.11623592	-0.10197207	-1.2353772
-1.4746841	-1.6922332	-0.969874	-1.340779	-0.5574274	-2.8688254	-1.1918921	-1.2644122	-0.69379693	-0.5298168
-1.3685036	-1.7176656	-0.98660576	-1.2406495	-1.1251833	-1.1682414	-2.044866	-0.37477043	-0.72277576	-0.69810253
-1.6352049	-1.8550152	-1.0570731	-1.4836785	-0.97619176	-1.5531598	-1.5607084	-1.2165915	-2.328926	-0.71142226
-2.301231	-2.226992	-1.4595413	-2.183311	-0.8637674	-2.3244383	-2.336857	-1.869227	-2.2222404	-0.8651579
-1.929455	-1.6374614	-1.3322275	-1.8606077	-0.008660167	-2.1094894	-1.4326777	-1.6094096	-1.4276724	1.2882468
0.30471972	1.0773382	0.9805043	0.09513609	-1.0186344	-0.5035814	-0.2756131	0.41395274	-0.006000073	-2.4432378
-2.2401953	-0.57657623	-1.634096	-2.1229367	2.088813	-2.180077	3.1949174	-1.7840353	-3.347126	3.4009588
-2.2983756	-2.2604587	-1.5431918	-2.2198477	-2.0672956	-2.4926085	-1.9784037	-1.630267	-2.0174122	-2.1152718
-0.26240134	-0.6960728	0.23245503	-0.40075392	-1.9832603	-1.2064633	-1.3625	-1.0518578	-0.95721877	-1.4501566
-1.2320832	-1.4656326	-0.6920872	-1.1945908	-1.1849053	-1.2951745	-1.6336973	-0.96057695	-0.8751688	-0.4940215
-1.5933955	-1.3926226	-1.0887241	-1.5128095	0.45767674	-2.0649047	-2.0523682	-1.2571379	-1.7209129	-0.92421526
-1.6217133	-1.9825914	-1.1710922	-1.5137773	-1.0286754	-2.1119587	-2.0492277	-1.3560718	-1.9944699	-0.32664376
-1.7461233	-2.038239	-1.1143531	-1.6973219	-1.3829415	-1.6288033	-2.885682	-1.354248	-2.1400404	-1.1380512
-2.136332	-1.9614987	-1.4383625	-2.0640233	-1.0223655	-2.6611185	-2.3592267	-1.6388183	-2.5370882	0.4349137
-0.90965337	-1.4206002	-0.7601	-0.9140234	-1.9478155	-1.2752582	-0.70433176	-0.05901456	-1.598048	-1.3783935
-2.0692341	-2.115942	-1.4219308	-1.975523	-1.4603009	-1.8380789	-2.1778097	-1.52654	-2.806543	-1.9413735
0.6306285	-0.7190844	0.9808388	0.49859595	-0.29117522	2.127552	0.58952284	1.2448292	1.6939032	-0.99854213
-0.33662796	-0.7020191	0.038912833	-0.4006564	-1.494113	0.05524047	-0.3527963	0.50858474	-0.38257954	-0.778334
-1.8222828	-1.8320769	-1.1670704	-1.7018108	-0.15886423	-2.3687835	-2.3977003	-0.72791153	-0.9892465	1.3885978
-1.9103705	-1.7831783	-1.320064	-1.7908157	-1.4987744	-2.1473045	-1.9726989	-1.0909051	-1.4011725	-0.74661523
-1.6234939	-1.4156724	-1.1766303	-1.6517198	-1.1661413	-1.4945219	-1.7123337	-0.57946414	-1.0095675	-1.4345998
-2.884042	-2.723066	-1.8073072	-2.74664	-1.4325037	-2.348219	-2.3965967	-1.0953914	-2.4525266	-1.035731
-0.62732047	-0.15210202	-0.37653092	-0.6423252	-0.47416732	-1.071468	-0.5081933	-0.6060224	-1.6014315	-0.27506408
0.24454409	-0.26325694	0.64490104	0.103306815	-1.6472237	0.19540307	-0.8578863	0.95769095	-0.22659935	-2.1037333
0.2051399	-0.7397003	0.6924311	0.018671557	-2.109308	0.5152898	-0.2634182	0.6014825	0.30835626	-0.7952286
-0.10461517	-0.71622205	0.19248047	-0.15751947	-2.173116	-0.22744307	-0.96156365	0.43132657	0.087352544	-0.5684215
-2.1588848	-2.0609436	-1.3823292	-2.0717776	-0.59612197	-2.967592	-2.529571	-1.5756468	-3.0250263	-0.58754206
-0.4555202	-1.0651566	0.03760448	-0.58185816	-1.5892092	-0.82698345	-1.7258401	-0.2918484	-1.7739985	-1.9301575
-1.1586245	-1.5249918	-0.54684615	-1.0802804	-0.032917857	-0.95161515	-1.2066015	-0.1365402	-0.7448987	-0.06568149
-1.2318096	-1.622435	-0.6062827	-1.1264462	0.025063753	-0.70063174	-1.711986	-0.31968236	-0.95759386	0.9396394
-0.18845594	0.53792	0.5949505	-0.42530134	-1.7352027	-0.7156463	0.16563301	0.41805518	-0.54934037	-1.3773006
-1.3977334	-1.5442386	-0.8744503	-1.3627092	-1.4046673	-1.726859	-1.9232414	-0.9002214	-1.8570671	-2.2789297
0.6650171	0.1739867	0.92224276	0.530355	-0.8726225	2.5574832	1.155429	2.2520382	1.9079491	0.2455844
-0.5019181	-0.71046567	-0.20865268	-0.4748732	-0.07881537	-0.41814792	-0.9095573	0.01986966	-0.6718845	-0.87936014
-0.77218336	-1.3740915	-0.4900879	-0.77734375	-1.1669927	-1.4598264	-1.6614833	-1.2469245	-1.6679622	-1.2690749
-0.90133214	-0.97296286	-0.32514665	-0.9514687	-0.92939377	-0.12821496	0.08142271	0.30196232	-0.10874682	-0.50433666
0.40577266	-0.19982255	0.8945608	0.31333077	-1.4385467	0.69518524	0.0033348917	1.3597932	0.9230249	-0.9646731
-1.9961705	-2.1298702	-1.3855237	-1.9568659	-2.371571	-2.455299	-1.72653	-2.2947247	-2.3405752	-2.2902672
-0.39214584	-1.0523825	0.086500674	-0.5290951	-2.674928	-1.0228308	-1.7473682	-0.2471704	-1.0677891	-2.7579937
-1.6049696	-1.8092713	-0.9871093	-1.5561407	-1.3173898	-2.0186806	-1.7098507	-1.5007536	-0.86965847	-1.1093392
-0.5865788	-1.3025718	0.16144034	-0.49057436	0.16127458	-0.250905	-1.5656762	0.5093094	-0.20764719	1.810823
-0.860204	-0.6322427	-0.73971176	-0.88301075	-1.8546087	-1.4829632	-1.4644063	-1.3523935	-1.6256232	-1.8016905
-1.3942583	-1.6437807	-1.0056577	-1.3980789	-1.6142826	-1.4222028	-1.1141204	0.23951986	-1.529017	1.6406422
0.32535008	-0.32554346	0.67396426	0.13612859	-1.8136458	1.2989883	0.27363122	1.5267965	1.0090146	-1.6691377
-0.17592165	-0.98697364	0.3259157	-0.3284024	-2.419678	0.2520428	-0.73257023	0.5413797	0.27681285	-2.5976202
1.6203133	1.2469352	1.5795579	1.3449042	-0.7456579	-0.81583714	-1.4889324	-1.7900761	-0.8923645	-0.43856016
-1.7738959	-2.0239484	-1.157922	-1.8402562	-2.0032113	-2.4477472	-2.4618137	-1.0144014	-2.6960435	-2.225482
-0.3027313	-0.2705325	0.08408311	-0.44734174	-1.316937	-1.1028707	0.025064006	-1.0835339	-1.4844763	-1.720627
-1.9373804	-2.0210788	-1.2738302	-1.9237328	-0.7126007	-2.154333	-2.085311	-1.857607	-2.5464718	-1.0869329
-0.05165959	0.23550925	0.1953328	-0.23783241	0.020553678	1.7080323	-0.15429388	0.57349724	1.3549705	-0.1465917
1.0113173	0.25826862	1.1848862	0.876577	-1.6447679	1.6074041	0.43171257	1.8421371	1.3376737	-1.1593039
-0.6299041	-1.0674739	-0.17186698	-0.65689534	-1.6166759	-1.3304781	-1.1371759	-0.67034554	-1.0229661	-1.7091706
-1.90269	-1.7461922	-1.2296343	-1.842944	-0.7792312	-2.099005	-2.110505	-1.7310292	-2.10439	-0.7375607
0.7626901	0.16476306	1.4146498	0.50686413	-2.5144017	0.42979994	-0.12911908	1.2984537	0.8823658	-2.9366302
-1.236905	-1.4821814	-0.7053046	-1.2280953	-0.3347715	-1.5077527	-2.2023141	-1.1821765	-2.5008557	0.8065548
-1.5539143	-1.3233364	-1.119488	-1.4488178	0.2554228	-0.3624118	-0.59192336	0.4433269	-0.75102746	1.4669174
-1.2378626	-0.7096092	-0.908308	-1.3107456	0.6504562	-2.6276684	-1.844581	-1.4445062	-3.0044322	-1.9316112
-0.9988734	-1.2515522	-0.601763	-1.065511	-2.317269	-2.2723982	-2.4321566	-0.9750881	-2.0076594	-2.1070368
-2.0319562	-1.9477744	-1.2696686	-1.915109	1.2540947	-2.476123	-2.2438092	-1.9059811	-2.3100195	1.9739333
0.19789895	1.2629791	0.6761887	0.08946888	0.5999893	0.5334529	3.318375	1.4431853	0.4098457	1.1395004
-1.7313637	-2.0065503	-1.1142508	-1.6991127	-1.3426281	-1.8289397	-1.7199169	-0.73616195	-1.5981139	0.34595713
0.18053606	0.617838	0.6617844	-0.026662186	-1.6209476	0.28404218	1.1720725	0.6089979	-0.16839741	-0.7071517
-2.1723306	-2.1341448	-1.4102541	-2.077936	-1.112729	-2.1393347	-2.0011003	-1.0888203	-2.5353956	-1.0752826
0.20576048	-0.1517899	0.53685546	0.122391805	-1.1781521	-0.5125922	-0.774843	0.35098705	-0.6161739	-1.1366689
-0.9770232	0.108146936	-0.569044	-1.051947	-0.36361256	-1.1360359	-1.3437359	-0.39607894	-0.45214754	0.14256585
-2.1434202	-2.1062956	-1.3844012	-2.061498	-1.2594806	-1.3746258	-0.025731599	-0.13152009	-1.4637338	-1.2232987
-0.8954907	-1.2710987	-0.38824275	-0.8693135	-1.5387217	-0.75582176	-0.86605155	-0.5333176	-0.0154609075	-1.310488
0.9737293	0.3542525	1.2284377	0.8168771	-0.5953077	1.9480755	0.9688579	2.309606	2.213248	-0.21336432
-0.96165514	-1.1697416	-0.6673497	-0.87067914	0.4904028	-0.8963128	-0.54882836	0.21461748	-0.4125108	2.7028375
-2.2680576	-2.3476198	-1.538409	-2.14594	-0.93249536	-1.7233766	-1.8953944	-1.2107294	-1.2450311	0.109051384
-0.33113468	-0.61168766	-0.024851233	-0.4262855	-1.4849689	-0.45682982	-0.6268361	0.1346125	-1.0246546	-0.78446335
-0.009580929	-0.5931072	0.4023702	-0.17395869	-1.9948057	0.3841322	-0.26866746	0.78772646	-0.19777606	-1.6305827
-0.70551175	-1.2187713	-0.2965974	-0.7483827	-1.1651853	-0.68736786	-2.0853462	-0.7759713	-1.0413189	-2.0033329
-1.5872204	-1.8032596	-1.016707	-1.5630196	-1.1908776	-2.0751967	-2.5078692	-1.5509294	-1.3806685	-2.2066028
-1.3560429	-1.5846516	-0.8602303	-1.2726852	0.22183177	-1.1597065	-1.3322338	-0.43943298	-1.3054123	0.41954586
-1.9426522	-1.9589585	-1.2136801	-1.8226267	0.75052214	-0.90649354	-0.036951568	-0.5607311	-0.90725857	1.6761022
-1.9593791	-1.9899524	-1.2912465	-1.8638887	-0.9573152	-2.5898697	-2.4448524	-1.3645519	-2.6960886	-1.009391
-1.3863189	-1.6155204	-0.8786987	-1.3621125	-1.3207237	-1.1147625	-1.623678	-1.0742981	-1.0813477	0.28994167
-1.528258	-1.3523635	-0.978655	-1.4507856	0.5379025	-1.3229324	-1.477959	-0.86671185	-1.9708791	1.0098821
-2.1276593	-2.1538246	-1.3719534	-2.0010517	-0.22560531	-1.3221223	-1.5266513	-1.0153538	-1.7245743	0.5512182
0.74014896	2.943815	1.0140135	0.5168751	1.3617703	0.76951617	5.368109	1.4344748	0.48490494	3.7229385
-0.6013243	-1.5631257	-0.4012241	-0.5273028	-1.7886454	-0.32982796	-0.99206054	-0.2959955	-0.5497227	-2.3260093
0.045528397	-0.5620352	0.4478437	-0.201495	-2.2431974	-0.049032383	0.4117664	0.83410364	0.8441121	-1.9221406
-1.3331636	-1.2935386	-0.76370716	-1.2520928	1.1066587	-1.2572957	-0.5696758	-0.90463334	-1.3292775	1.8977746
-1.2261224	-1.3448863	-0.8010881	-1.1695948	-0.8040084	-1.7066134	-2.0043144	-1.0549151	-2.1859972	-1.1363162
-2.2338529	-2.3002756	-1.4818141	-2.1616368	-2.31625	-1.9158684	-2.5578582	-1.5126264	-2.2241116	-1.963386
-0.500525	-1.0644944	-0.07041603	-0.5041583	-0.5424311	-0.5826682	-0.87086624	-0.36606956	-0.6081081	0.050033357
-2.123288	-2.3086784	-1.4356492	-2.0456135	-2.5078945	-2.1148648	-1.7758149	-1.697303	-1.7480748	-1.012339
-1.4604756	-0.61466336	-0.9730804	-1.5073245	1.2559965	-1.2934955	-1.4115899	-0.9981908	-1.4783809	0.48542157
-0.6402912	-0.81300557	-0.31887338	-0.6271238	-1.0772121	-0.6075469	-0.6676282	0.06375184	-0.16006859	0.28200957
-2.2262795	-1.7024456	-1.3717554	-2.1677396	0.22755823	-3.0746155	-2.1541882	-1.8626233	-3.525728	-1.5535612
-0.20801017	-0.14802793	0.086708516	-0.28004846	-0.4773237	-0.48117486	-0.53564245	-0.11749784	0.003668654	-0.31223455
-2.3719347	-2.3210812	-1.5609603	-2.314709	-1.8485116	-3.0738397	-3.3348897	-1.2067215	-3.3163936	-1.186781
-0.83193624	-0.52240443	-0.33197543	-0.84331256	1.9813927	-1.2630804	-1.6152345	-0.8094897	-0.955396	1.7645825
-0.49127522	-0.46946618	0.08193606	-0.58333397	-1.707343	-1.3213949	-1.5234191	-0.3173908	-0.9746733	-1.3427471
-1.0733136	-1.4788419	-0.60729015	-0.9917375	-0.5806359	-1.1423497	-1.6032865	-1.7824086	-1.1240692	-0.289714
-1.321233	-1.744527	-0.9083874	-1.2814265	-1.476849	-1.1368921	-1.0568855	-0.6781787	-1.1091287	0.40013644
-0.87908	-1.2602397	-0.39925972	-0.8793888	-0.46027797	-0.757873	-1.5104744	-0.6112116	-1.1298841	-0.29550081
-1.0415308	-1.4774151	-0.5998906	-0.9952411	-1.20302	-0.7533856	-1.3993366	-0.39391422	-1.1739054	-0.89855844
0.95685226	0.83811927	0.94271064	0.81734025	-1.2382644	0.009747938	0.8849574	-0.39396203	-0.32053125	-1.740732
-0.14058748	-0.5649649	0.31260937	-0.3264063	-1.6318061	-0.16475904	-0.86955273	0.039030746	0.050772592	-2.079554
-2.1112113	-2.1134214	-1.3526088	-2.1485727	-1.3283333	-0.6034149	-1.9792664	-0.40042314	-2.2284834	-0.4601262
3.556355	3.4920073	3.2724707	3.0853906	-0.44021478	2.9247668	3.119568	2.6738517	2.1198866	-1.2786574
-1.4812664	-1.7211437	-0.9999399	-1.4609174	-1.3511643	-2.2478871	-2.6625779	-1.3956614	-1.8292534	-2.6400044
0.4757494	-0.24975692	0.8324102	0.27817583	-1.8469816	0.39397573	0.19550748	1.2761197	0.091322534	-1.3844502
-2.1933532	-2.162945	-1.562902	-2.1090858	-0.29689342	-2.36276	-2.1872692	-2.0289948	-1.2047023	-0.97090954
-1.1657754	-1.7313045	-0.7778821	-1.2169999	-0.05810979	-1.1157081	-1.2987373	-0.6249508	-1.1492062	0.47957933
1.2725054	4.631976	1.2529376	0.622256	0.35380116	0.9751423	3.8687522	0.82741874	0.40232667	0.32462978
-0.35870624	0.8855237	-0.5661348	-0.37747708	2.1018429	-2.049228	-0.046582017	-1.96559	-1.1473536	2.395091
-2.3715453	-2.3489015	-1.4916544	-2.2958143	-2.3565242	-3.5015306	-2.5118144	-2.2296274	-2.7642965	-4.4709663
-0.5181784	-0.9230561	-0.08362457	-0.49285847	-0.94423294	-0.6707313	-1.0692405	-0.45080313	-0.62082046	0.26754707
-1.3950561	-1.8700485	-0.9071491	-1.3639573	-1.2371798	-2.014249	-2.165965	-1.5143393	-1.7685183	-1.0206748
-1.2063165	-1.5286123	-0.7030494	-1.1954907	-1.6041776	-1.7614734	-1.6904821	-0.2978631	-0.6997335	-2.538812
-0.5951524	-0.9338305	-0.07936427	-0.64787334	-1.4656614	-0.51120454	-0.376007	-0.17778835	-0.79579985	-1.64019
-0.62614185	-0.74043894	-0.2946169	-0.65226644	-0.059628934	-0.9140224	-1.4539185	-0.46330377	-1.107322	0.020486452
-1.6885095	-1.3539124	-1.1910939	-1.591057	-0.105629355	-1.9092603	-2.6502228	-1.4543654	-1.7057261	-1.6202686
0.7278272	-0.017518878	0.9453815	0.57789016	-1.2099735	-0.16861916	-0.64136946	0.13401368	-0.71787465	-0.45953915
-0.41170952	-0.17217663	-0.01289472	-0.52729017	-0.8842515	0.7479073	1.08474	1.0827605	0.64586145	-0.879837
-0.5772786	-0.1812488	-0.27384177	-0.657899	-1.1053678	1.8225296	0.25537756	1.7369001	1.2293339	-0.8616776
0.31684753	0.020575017	0.49495468	0.28081352	-0.5337322	1.6202204	0.92373383	0.40732935	1.5546756	0.3322674
-2.0393121	-1.7616174	-1.320812	-2.0156488	-0.5797234	-1.4454265	-1.3811947	-1.2878046	-1.2279816	-0.4439726
-2.1541255	-2.1549156	-1.4285097	-1.9959965	-0.5322574	-1.5402598	-1.700675	-2.1886983	-2.1525152	-0.7064605
-0.8143198	-1.232084	-0.38898394	-0.91574985	-3.1050868	-1.3140107	-2.1122355	-0.81437457	-1.294203	-1.916164
-1.2327535	-1.2871572	-0.88743997	-1.0752637	-0.39593294	-1.6865172	-3.1340785	-1.0638676	-0.90286565	-0.62297493
-0.6337093	-1.0951978	-0.064175665	-0.71924126	-1.7953159	-1.3435225	-1.4800364	-0.5791305	-1.2012676	-2.0664012
-2.1044736	-2.0773063	-1.1612778	-1.9752214	-0.39029038	-2.606803	-2.9986908	-1.2607418	-2.6890945	-0.81199986
-1.9383461	-1.920503	-1.3543271	-1.8568407	-0.8588662	-1.6491538	-1.7248703	-1.2560521	-1.7740685	-1.2539792
-0.21737587	-0.37171906	0.0434763	-0.29787624	-1.0642915	-0.49643895	-1.1069052	-0.2662548	-0.49668857	-0.9146871
-2.3198068	-2.3629475	-1.6678051	-2.1496642	-2.0356822	-2.5973315	-2.412249	-1.4392833	-1.8831381	-2.0614002
-1.9074011	-1.1385677	-1.2406964	-1.9542775	-0.5959849	-2.1840177	-2.014531	-0.67538995	-2.8147497	-1.0928634
-1.6430825	-1.8045168	-1.1252398	-1.5274069	0.18037918	-2.265444	-1.929803	-1.5841105	-2.694076	-0.54852426
-0.6630501	-0.95475817	-0.2873099	-0.79860514	-1.9131484	0.06314753	-0.5532956	0.1546457	0.023924071	-1.5880262
-1.3881289	-2.0447185	-0.7407783	-1.3073622	-1.0794849	-1.1313764	-1.6860418	-0.37751684	-1.4290211	-0.7158769
-1.4851083	-2.137194	-0.8301611	-1.4581081	-0.8617526	-0.21767475	-1.593689	-0.18061024	-0.58676916	-0.5492699
0.35422823	-0.7968123	0.81641734	0.17917968	-2.1737242	0.56432575	-0.84463066	0.86807966	0.2750855	-1.9680059
0.9140422	-0.36710942	1.20291	0.73762107	-1.9629173	-0.51979184	-1.866484	0.13428152	-0.35494033	-1.9024867
-0.34987742	-0.6206529	0.006510496	-0.38616598	2.1343784	0.33265826	-1.0587229	0.056100905	-0.803043	-0.33832353
-1.2129116	-0.22644757	-1.0020092	-1.2947758	0.99371135	-0.76131916	2.495522	-0.96096736	-1.0861609	1.798234
-0.7387344	-1.1470923	-0.37243024	-0.81464976	-1.1034981	-0.59040266	-1.5982515	-0.8397252	-0.8981355	-0.72209126
-2.1789565	-2.1218479	-1.4177237	-2.0369754	-1.2381114	-2.0666878	-1.8422085	-1.1587065	-2.103664	0.10957629
3.489617	3.3611794	3.3205826	2.7564485	0.109546036	2.78436	5.2684264	1.2303125	2.6786206	0.8942676
-1.9023634	-1.8830913	-1.2721324	-1.8168952	-1.4773501	-2.059794	-2.160335	-1.7281672	-2.1175392	-1.6907451
-2.4143898	-2.267898	-1.5706912	-2.3000739	-1.2817079	-2.4069796	-2.0739663	-1.3523434	-1.9302967	-0.033779208
-0.620532	-0.8496976	-0.25406826	-0.6428974	-1.4054005	-0.5686705	0.3148918	1.3586575	-0.52256507	-1.0175467
-0.8975524	-1.1105165	-0.49530408	-0.87131506	-0.55230576	-0.952948	-1.7861342	-0.5354853	-0.968407	-2.9131918
-1.0004164	-0.8211659	-0.6227664	-1.0268484	-0.472954	-1.0343616	-1.4430816	-0.97674125	-1.491352	0.0765346
-0.115569085	-0.97103536	0.4550252	-0.2364354	-2.0169127	-0.27713716	-0.10557763	0.837489	-0.7548992	-1.7740719
-1.4588716	-1.1135149	-0.9581772	-1.4252746	0.19644812	-1.1607699	-0.21734251	-0.37039036	-1.8331544	0.9129975
-1.9816264	-2.1814091	-1.3120866	-1.7243383	-1.5975554	-1.1635237	-0.680997	-0.6471637	-1.734018	-0.9847011
-1.2320222	-1.4003248	-0.8077059	-1.2452028	-0.75557756	0.30175796	-0.08597362	0.6118304	-0.19989184	-1.7130257
-2.2119677	-2.156773	-1.4630903	-2.1669621	-1.3891767	-2.6130333	-1.8591462	-1.2462023	-2.7669733	-1.298682
-0.87344533	-1.3973764	-0.5665226	-0.9288069	0.52903306	-1.1981982	-1.3143531	-1.0389411	-0.89405656	1.1943438
-1.6615194	-1.8513569	-1.0181551	-1.6417247	-1.1964226	-1.2994841	-1.433133	-1.1600244	-1.4103245	-1.3924433
-1.6376776	-1.7314072	-1.0990787	-1.613928	-0.82546437	-1.7177895	-2.0276508	-1.4431115	-1.861741	-1.847109
-1.9810324	-2.0675654	-1.3830305	-1.873116	-1.5153685	-0.6176525	-1.8500081	-0.8289026	-0.3806287	-0.8652732
-0.8443471	-1.4573689	-0.32500437	-0.9834709	-3.3766713	-1.0211484	-2.2824244	0.07773746	-0.97630715	-2.8143373
-0.55677474	-0.99685514	-0.13870424	-0.73200786	-1.8634064	-0.46533835	-0.90336835	-0.14038992	-0.2531764	-0.88931817
-0.5427528	-1.0255451	-0.1829522	-0.6706603	-1.6390843	-0.6286442	-1.9227055	0.20828456	-1.3634771	-1.8916497
0.6068484	1.1765025	0.82986283	0.37056017	-0.52509344	-0.7469414	0.01617428	-0.81574327	-0.72562665	-0.6753902
-1.0522035	-1.2143974	-0.67634475	-1.056458	-0.21677278	-1.0520419	-1.183251	-0.7909622	-1.4208783	-0.63290316
-0.09125702	-0.17778714	-0.25241765	-0.18290538	-0.25935462	3.2570267	1.4380056	2.5088055	3.150535	0.7098681
-1.6308591	-1.6947179	-1.0684226	-1.5851592	-0.6611234	-1.9707929	-2.8453066	-1.4820639	-2.2361906	-1.2238269
-1.3763657	-1.5113752	-0.8322214	-1.2590272	0.6026354	-1.4946501	-0.8711685	-0.28348154	-1.2038502	-0.45267805
-2.1690972	-2.0092702	-1.4725875	-2.0702221	-0.7219013	-2.2668138	-1.3432717	-1.2850927	-2.2110498	0.05276537
-1.5721687	-0.7025324	-1.0148429	-1.4575168	-0.42015633	-1.5912274	-0.81419975	-2.6551483	-1.3842317	0.2837446
0.36864883	0.1161412	0.6460632	0.06637232	-2.032514	0.07559525	-0.6998347	0.36716402	-0.37492964	-1.1932292
-1.5740585	-1.7305675	-1.020707	-1.5178864	0.8258941	-1.9289695	-1.9846612	-1.5208949	-1.5352077	1.0172706
-1.8105203	-1.9059811	-1.2019826	-1.7723209	-1.0813904	-1.7844806	-2.0889134	-1.1966363	-2.379795	-1.3901811
-1.7689831	-2.0378006	-1.1626748	-1.7231182	-1.2457095	-2.1057994	-1.9755864	-0.76063126	-2.1502106	-1.5078298
-0.16663817	-0.60496664	0.11224341	-0.34229702	-1.535119	0.020398846	-0.18195055	0.26925105	0.06941488	-1.160072
1.2019844	0.57912564	1.126878	0.91233444	-0.9770087	1.2547259	0.061511528	0.8917539	0.5785078	-0.847081
0.6659634	1.1623982	1.095197	0.43145305	0.038696617	0.7879642	1.1118733	1.2124437	0.43551576	0.2164907
-0.97267854	-0.9904852	-0.703568	-0.97341514	-0.059084624	0.0015943432	-0.4565663	-0.75244534	-0.27943933	-0.22029534
1.8276452	1.7530131	1.8296541	1.4706788	-1.2008481	1.7024496	1.0160959	2.2009885	1.2329985	-2.1875062
-0.4446892	-0.40210232	0.08939201	-0.5989052	-1.5508685	-1.2323062	-1.2789054	-0.7390412	-1.2785742	-2.4163272
-1.6921093	-1.3913118	-1.0723182	-1.7147281	-0.8201882	-1.7969644	-1.1658925	-1.2690192	-1.8410685	0.22320753
-2.2301621	-2.1324277	-1.5765189	-2.1825602	-1.4395442	-2.2957385	-2.570775	-1.7640213	-2.6986458	-1.0823344
-1.8261157	-2.0041876	-1.2493248	-1.7373704	-1.2490561	-1.6265792	-1.7568215	-0.723406	-2.9833071	-2.1737022
-1.6363202	-2.132324	-1.058665	-1.5520304	-1.8063134	-1.9051237	-1.7106612	-1.6875893	-0.7419245	-1.7688217
-2.060124	-1.9570562	-1.2663873	-1.86989	0.43968865	-1.991147	-1.7704821	-1.4553583	-1.229379	3.1564076
-0.2655089	-0.22593068	0.07274884	-0.43923122	-1.0175444	-0.22009191	-0.32695833	0.3368772	-0.6730662	-0.95436656
-1.1083288	-1.4872324	-0.7875335	-1.1135465	-0.48019665	0.06738961	-0.79979885	-0.54842263	-0.19988786	-0.94153863
0.373623	1.6095805	0.373141	0.13606004	1.5723058	-0.11932847	-0.25581378	-0.04660488	-0.50882816	1.3322296
-1.066095	-1.380683	-0.64277923	-0.98497224	-0.2955261	-1.4752562	-2.16155	-1.0971842	-0.9900033	0.9337471
-1.027854	-1.1625549	-0.71637344	-1.0853673	-0.88366544	-1.2510539	-1.808291	-1.3465399	-2.042656	-0.8764089
-1.248352	-1.4799631	-0.5994613	-1.3060793	-1.6876559	-0.65000767	-1.0926635	-0.48940912	-0.90644526	-1.6678206
1.5431727	1.9134381	1.6661966	1.2542851	-0.96351826	0.4614215	0.25245163	0.91254866	0.5992119	-1.7466685
2.6963265	1.4238589	2.5221224	2.3657665	-1.0406195	2.4414303	0.963715	2.4836345	2.1946337	-2.2735338
-2.1920002	-1.673185	-1.5430471	-2.1564867	-1.6670302	-3.3300245	-1.8083327	-2.1950145	-1.7871963	-1.0539582
-0.43217683	-0.9523399	0.020669281	-0.57877666	-2.256533	-1.0716038	-1.2028896	-0.31560868	-1.8079054	-2.6347637
0.11305585	-0.18864888	0.48018324	0.13371412	1.0542254	-1.6876153	-2.5256915	0.25013304	-1.4819967	-0.081983484
-2.1309254	-2.0559244	-1.3449589	-2.1007388	0.42373648	-2.0063863	-2.0644362	-1.6758047	-3.3573692	0.4962539
-1.7157388	-1.8139944	-1.2678897	-1.6174392	0.16876277	-2.2350183	-2.5330007	-2.6673985	-1.8130717	0.6065131
0.19936797	-0.1732746	0.594411	0.1028717	-0.6343626	-0.0994788	-0.8434989	0.19940272	-0.29305583	-0.6008267
-1.8324236	-2.1628609	-1.2081105	-1.7181087	-1.9500116	-1.173772	-1.7573326	-0.733705	-1.5371728	-1.9240144
-2.7359176	-2.369849	-1.6038773	-2.6331358	-1.3982328	-2.630015	-2.362115	-1.483403	-2.444503	-1.2087582
-0.3169972	-0.98870885	-0.16293234	-0.3502528	-0.86650527	0.90383273	-0.58716434	2.0359156	0.79568547	-2.1966746
-0.5476457	-0.9181279	-0.11606285	-0.6925101	-1.5942914	-0.18896084	-0.9269557	0.12005041	-0.32386664	-1.7290273
0.57881874	-0.52017665	0.6504431	0.42294836	-0.39928067	4.0101037	-0.9590789	2.0338643	3.1461632	-0.056808934
-0.19734877	0.24064246	0.49084473	-0.4291975	-0.7938564	-0.89835876	0.013440653	0.49541628	-1.0687046	-1.6878684
-1.6284885	-1.4143217	-1.042453	-1.637202	-0.31097636	-1.951177	-1.5787094	-0.99173164	-1.6616547	-0.26107648
-2.0554533	-2.0263658	-1.307873	-2.0230243	-0.85093707	-2.228306	-2.3233936	-1.0106273	-2.1236546	-1.0674188
-0.47667855	-0.43376434	-0.039233834	-0.5396828	-1.3848977	-0.4644681	0.20526136	-0.4617884	-0.31102243	-0.7256351
-1.5817757	-1.0225905	-1.1178093	-1.6403046	-1.2841444	-1.9350647	-1.5979933	-1.0323645	-1.4358885	-1.2095245
-1.6119124	-1.5672963	-1.1105075	-1.4970738	0.2739826	-1.2270095	-1.5761364	-0.6703235	-0.67386335	-0.16643164
-2.2453647	-2.3405366	-1.4611884	-2.0787334	-2.0733535	-2.3377104	-2.2776933	-0.9804082	-1.853613	-2.2286987
-2.5608573	-2.2523804	-1.5542622	-2.5016642	-1.3229662	-2.5633266	-3.8080115	-1.2543854	-2.9977047	-0.7683233
-2.1775627	-2.0061097	-1.5685452	-2.0660505	-1.1053929	-2.109782	-2.164658	-1.3592285	-2.747382	-1.7719998
-2.525712	-2.3833182	-1.5969391	-2.3743541	-1.6249012	-2.1618814	-2.1945	-1.6654993	-2.335343	-1.6456827
-2.0359075	-2.0325813	-1.4182897	-1.9225657	-1.7826378	-2.201324	-2.3780365	-1.076553	-0.02166158	-2.1921916
0.5313164	2.0064027	0.39977857	0.28094482	0.13252857	0.8802156	0.99389416	0.30429852	-0.035100482	-0.2728687
-1.7092667	-1.5236275	-1.1857058	-1.7047467	-1.1856142	-1.9325356	-1.6743094	-1.2848904	-2.3772104	-1.7574694
-0.26848447	-0.89601517	0.09301679	-0.43922734	-2.5089378	-0.34879845	-0.887674	0.22926413	-0.4693288	-2.1204784
-1.1591967	0.06189367	-0.8785043	-1.3358428	-1.0518297	-2.748266	-1.0680299	-1.0082278	-2.599721	-1.7559836
-2.3224714	-2.2101011	-1.5157202	-2.216113	-1.7367729	-2.2470086	-1.9338058	-1.2901634	-1.84128	-1.9757733
-1.2005858	-1.3765554	-0.7429174	-1.2626257	-1.5183847	-1.8119316	-1.3011626	-1.7633312	-1.9435391	-1.4347248
0.70261407	0.3862159	1.2821312	0.5621305	-0.10353896	0.38356486	0.71611243	1.3807921	-0.2194867	-1.0673363
-0.87033445	-0.48781335	-0.6060753	-0.8384189	0.14260909	-1.2722121	-1.1677939	-0.55307615	-1.3454939	-0.32268986
-2.2768483	-2.1919112	-1.4148664	-2.2051837	-1.4644942	-1.9302859	-2.5211964	-1.0900693	-1.6997335	-2.50731
-1.7468892	-1.5867699	-1.2844669	-1.700837	-1.3908634	-1.9931138	-1.9826032	-1.2350777	-2.2774305	-2.0300233
0.31198177	-0.10459681	0.8113383	0.16137974	-1.4071841	-0.18233757	-0.5139656	0.32080996	-0.9364066	-1.5891064
-0.7916188	-1.2312524	-0.38842073	-0.7635585	-0.90734553	-1.3737813	-1.5556036	-0.76719576	-1.4065554	-0.6907562
-0.27330026	0.2162413	0.21037649	-0.41118068	-1.2682275	-1.5155094	-0.14402644	-0.10276382	-1.5458245	-1.4324561
-0.9510137	-1.0180258	-0.570313	-0.90154356	-0.65701073	0.6415067	0.53114814	1.4622416	0.60650235	0.67397183
0.457827	1.1952614	1.0232861	0.31609106	-1.2601329	0.07193852	0.14697327	0.5988331	0.14680707	-1.4718192
-0.5147391	0.30001065	-0.047369897	-0.7334193	-1.2331077	-1.1420655	0.1473139	-0.5372183	-1.1949841	-0.95782495
-0.51173675	-0.7177131	-0.27422526	-0.55408853	-0.6117165	-0.51304585	-0.8005217	-0.560013	-0.5594224	-1.0582938
-0.38335428	-0.52421606	-0.011262611	-0.46945828	-1.177113	-1.4491347	-1.4676785	-0.92923737	-0.8153458	-0.8363552
-1.1653856	-1.3687509	-0.671299	-1.2053248	-1.7517891	-1.2646016	-1.7769556	-1.3695015	-2.20822	-2.0839157
-2.3721373	-2.2961164	-1.6241995	-2.282985	-2.039577	-2.9220066	-2.9294608	-1.4054871	-2.7950132	-1.4950804
-0.95521355	-1.2399114	-0.5947932	-0.9636998	-1.3192526	-0.5169706	-0.6910629	-0.2282787	-0.65991426	1.0692778
-1.964573	-1.8808883	-1.3751103	-1.8101009	-0.22142574	-2.1089966	-1.8694285	-1.3631045	-2.0402396	-0.09287985
0.2391541	0.507604	0.82183075	0.09672324	-1.0968373	0.21780354	0.4948763	-0.031378943	-0.57995677	-0.6290922
-0.4196864	-0.407867	-0.14151046	-0.514215	-1.162474	0.34413427	1.2908161	-0.25942233	0.055467833	-1.289151
-2.0772092	-2.000477	-1.2856562	-2.0273247	-1.0585883	-2.040075	-2.1258645	-1.1023718	-2.3073287	-1.3957895
-2.4968836	-2.2107081	-1.5723022	-2.3992653	-1.1340773	-2.3198047	-2.3411818	-0.8329627	-2.3986716	-1.5141977
-0.4048752	-0.3253237	0.048373953	-0.5825389	-1.763958	-0.20140983	0.086554885	0.4035836	-0.97455454	-2.197531
-1.0188581	-0.58143663	-0.58294106	-1.132003	-1.2589197	-1.3321106	-1.3416564	-0.51486355	-2.0289354	-2.6702313
-1.6966361	-1.8520954	-1.0573378	-1.7129236	-1.3273259	-1.3608915	-1.4702405	-0.99604714	-2.4282026	-2.1375618
-0.8355368	-1.5866358	-0.55284	-0.82855743	-3.508769	-0.7328199	-1.8329725	-0.6122291	-0.91851026	-4.1217265
-2.087501	-2.2035258	-1.3400233	-1.9998538	-1.6996101	-2.338688	-2.6989791	-1.7141515	-2.0099254	-1.7571048
-0.27938747	-0.5339124	0.22557622	-0.43971843	-1.4650056	0.08181617	0.24389946	0.35418126	-1.0799568	-1.8368952
-0.33181396	-0.61502945	0.13487421	-0.45643866	-1.5120043	-0.5119838	-1.0710421	0.05776656	-0.39703417	-2.0322433
-1.4420254	-1.6002343	-0.9690534	-1.4139675	-1.5154482	-2.0656826	-1.7660297	-1.8762527	-2.2868726	-2.0014648
0.4977148	0.5385796	0.7521949	0.31517816	-1.3715209	0.117310576	1.8622912	1.0731865	-0.073504865	-2.345844
0.6915225	-1.0117221	0.7297436	0.59273213	-1.3521968	-0.9769034	-1.8565698	-0.44728044	-0.7696508	-1.7170961
-1.7539041	-1.7655419	-1.095772	-1.7370318	-1.4078186	-2.0323722	-2.883263	-0.96138006	-3.3881235	-1.3852221
0.22095153	0.117002875	0.6231291	0.053061426	-1.3757426	0.71730894	-0.83747745	1.0207922	0.1971279	-2.0370069
-1.5699991	-1.1109996	-1.1270795	-1.610542	-1.5720203	-1.327251	-0.9971442	-0.3845019	-0.02166158	-1.0680746
0.42804453	0.88546824	0.70543605	0.1474608	-1.5048035	-0.08407499	0.45887145	0.15577528	-0.62076366	-1.4482094
-2.3390393	-2.2397745	-1.4733478	-2.3067663	-0.72138333	-2.6945443	-2.2134585	-1.0383716	-1.7960123	-0.89421606
-0.3241004	-0.4460377	-0.22207734	-0.3100201	-0.6427202	-0.6879453	-0.96512854	-0.26395753	-0.55911875	-1.0489361
-1.9902247	-1.9243491	-1.3326176	-1.9202447	-0.78725165	-2.138873	-2.087439	-1.6326973	-1.9273133	-1.5669571
-0.7972124	-0.5464061	-0.4840016	-0.87333256	-1.1372794	-1.2114	-0.9936091	-0.9669306	-1.6493287	-0.501257
-0.91682607	-1.2493325	-0.48018047	-1.0207855	-1.1581906	-0.76476526	-0.76752335	-0.7301692	-1.2587084	-1.6284844
-1.3911564	-0.8582392	-1.0090364	-1.4032147	-1.3033422	-1.1889595	-1.9558836	-1.2159569	-1.7180995	-1.989228
-1.4657198	-1.8918562	-1.0473696	-1.4395933	-1.5561705	-1.87284	-2.231751	-0.8365521	-2.6540475	-1.9219095
-2.0278177	-2.0641565	-1.3628095	-1.9959861	-1.7575132	-1.8404526	-2.440896	-1.5815146	-1.6867989	-1.2792268
-1.9627957	-1.9327967	-1.2609192	-1.9032307	-1.3266053	-1.7704955	-1.6622074	-1.1880294	-0.9627679	-1.5631771
-0.60471183	-0.508626	-0.38734916	-0.636446	-0.22760126	-0.61467606	-0.23148924	-0.18463142	-0.1891406	1.4836076
-0.54410225	-1.0535449	-0.08311954	-0.6041372	-1.205812	-0.41453683	-1.3557653	-0.12571761	-0.3974291	-2.6919665
-1.0084859	-1.586582	-0.6616019	-1.0352854	-1.5770506	-0.2215366	1.3188584	0.6302392	-0.80573845	-1.7711996
-1.1445936	-1.9693309	-0.77599466	-1.0874971	-2.429799	-1.277919	-2.420774	-0.70173734	-2.2177439	-2.3043652
-2.0554943	-2.0099597	-1.2537024	-1.9738796	-1.0025175	-2.1696362	-2.148353	-1.4151237	-2.4190068	-0.6431097
-2.3053722	-2.1784174	-1.5273404	-2.2197602	-1.1326635	-2.3343403	-2.0336769	-1.381595	-1.8167462	-1.7367828
-2.0104282	-2.04287	-1.4230821	-1.8872015	-1.6584626	-1.926933	-1.0813435	-1.1269813	-1.3718688	-2.418866
-1.3908123	-1.2107611	-0.8765502	-1.4151162	-1.4268785	-1.8539827	-1.4532906	-1.1017957	-1.9709835	-1.6007334
-1.3788393	-1.5621012	-0.95582974	-1.3454891	-1.4371095	-1.819708	-2.098537	-1.396064	-1.5931038	-1.3279788
-0.3042712	-0.6547159	0.0105192065	-0.37586725	-0.83088386	-0.2656461	-0.44907674	0.16566883	-0.9607898	-0.7969451
-2.417308	-2.1686902	-1.5097454	-2.3079178	-1.215527	-3.0416002	-2.2638566	-2.085693	-3.467243	-1.2981683
-0.9466147	-0.91983354	-0.70623195	-0.86558735	-0.26357704	-1.205307	-1.2125428	-1.3544743	-1.7404964	0.7209377
-2.158285	-2.116362	-1.4430947	-2.1074595	-1.487957	-1.8837136	-1.5261803	-0.862235	-1.9949943	-1.3961371
-1.1308419	-1.2135082	-0.7204925	-1.1017873	-1.4647791	-1.0217642	-0.7794138	-0.46843037	-1.8979377	-1.2737086
-0.53262126	-0.9197787	-0.1566459	-0.5866954	0.09059307	-1.1017026	0.09507226	-0.6203663	-0.9907635	-0.20052642
-1.2025168	-0.64284647	-1.1668218	-1.1376973	-0.7791825	-1.3988076	-0.27489844	-0.212552	-1.8077965	-2.399027
-0.85447496	-0.7751683	-0.5612457	-0.9355815	-1.0227286	-1.0476248	-1.3103533	-0.48792502	-1.1724904	-1.8855989
-1.7267541	-1.7098868	-1.1050993	-1.7290001	-1.4532657	-2.0461419	-2.492304	-1.748627	-2.5193105	-1.8435256
-2.0695822	-2.022982	-1.3432285	-1.9978254	-0.98980904	-2.289563	-2.9719665	-1.31129	-2.673456	-1.7542087
-1.2817959	-1.5551108	-0.794103	-1.2126914	-0.8304143	-1.0184569	-0.9995739	-1.3839287	-1.0237505	-1.0667788
-2.057272	-1.9970635	-1.368206	-1.9582673	-1.6258692	-2.2750926	-1.9617954	-1.1300532	-1.3758439	-1.1067917
-2.3757627	-2.222334	-1.6830103	-2.2359912	-1.1082121	-2.4952414	-2.791623	-1.9665543	-2.887885	-1.7391365
2.8540232	3.328935	2.4075298	2.4629197	0.7496966	1.055124	0.08377833	2.26463	0.76998115	-0.51908594
-2.0416777	-1.0587759	-1.3418916	-1.9299738	1.8444082	-2.6673315	-1.8567553	-1.6432942	-0.9627679	2.8014963
0.0925389	1.5398915	0.2838588	-0.24591553	-0.42890388	-1.1152134	0.8342968	-0.5886175	-1.2270896	-0.75258243
-0.20155779	-0.58355594	0.029026672	-0.3642074	-1.1117905	-1.1441928	-0.77436346	-0.8233615	-1.831412	-0.9830693
-1.5149754	-1.5001147	-0.9642309	-1.5497868	-1.7274038	-2.3805466	-2.6511776	-2.580658	-2.3574407	-1.8499085
-1.050768	-1.2967589	-0.4218764	-1.0902643	-1.5366384	-0.28226885	-2.089927	0.73944837	-0.3422702	-1.3592433
0.30522245	0.09039274	0.7464907	0.16937087	-1.1128763	-0.52426416	-0.8209398	-0.4553113	-0.5176995	-2.0229313
-2.4017494	-2.3461885	-1.4940293	-2.3124983	-1.6595057	-2.362851	-3.0536697	-1.4621695	-1.2469176	-1.4970702
-1.6597126	-1.6113338	-1.1454865	-1.6094927	-0.41654688	-1.8982707	-1.9470112	-0.91990215	-1.3683051	0.01217054
-1.855615	-1.9087889	-1.2034032	-1.751214	-1.0710752	-1.3297642	-2.119408	-1.5721365	-1.3620931	-2.863203
-1.6706487	-1.82166	-1.1776785	-1.6323937	-1.4310986	-1.7411362	-1.7560115	-1.6242031	-1.8365144	-1.1085281
-1.4025215	-1.6427426	-0.89520955	-1.4004531	-1.7209908	-1.4421508	-1.7980127	-1.2606553	-1.087627	-2.211751
-0.39649898	-0.82608354	0.028008431	-0.48139328	-1.3600107	-0.37310392	-0.4847155	0.031119915	-0.73788226	-1.5644113
-1.0490209	-1.0480794	-0.6758343	-1.0776826	-1.3769553	-1.8721538	-2.2943916	-1.3053193	-1.9744599	-1.895776
-0.74193877	0.08252612	-0.4396015	-0.9176699	-1.2827204	-0.35625446	0.24845617	-0.42848244	-0.25228086	-0.937208
-0.2786781	-0.6187227	0.121067256	-0.4524318	-1.4099855	-0.3702466	0.3832687	1.3252261	-1.2170862	-0.43483624
-0.5582706	-1.3019006	-0.33062097	-0.61071724	-1.7300427	-0.4000837	-1.0299648	-0.07211677	-0.19171105	-1.0123075
-2.0581079	-2.075533	-1.4071965	-1.9799632	-1.1719422	-2.12303	-1.5062561	0.25174907	-2.9597995	-1.4032093
-1.7540185	-1.2971998	-1.2355788	-1.7998179	-0.77112854	-1.82993	-1.3935348	-1.0047361	-1.5824358	-0.8171786
-2.5152164	-2.4006226	-1.7016358	-2.4303043	-2.1089365	-2.3693845	-1.9564033	-2.2114565	-1.8696585	-1.6488527
-1.4026965	-1.528368	-0.96415734	-1.3553344	-0.38023165	-2.3005118	-2.646085	-1.5663134	-2.214429	-1.0698518
-0.8361391	-0.9274204	-0.36449483	-0.8935696	-1.236271	-0.693551	-0.6201254	-0.67480695	-0.9647435	-1.3859701
0.60938233	0.4854755	1.2935879	0.38217336	-1.1090877	0.37505764	-0.32133013	1.0444666	0.38107362	-1.2890142
-2.0493624	-1.7598382	-1.2774282	-1.9123548	1.0381296	-1.6434067	-2.828438	-0.8489173	-1.5077618	1.3230988
0.057028346	0.76282156	0.3713628	-0.14313558	-0.53474987	0.15989006	1.615235	0.36409837	-0.21986574	0.3186507
1.616824	0.20444483	1.3004525	1.3996603	-0.5339316	-1.1124436	-0.19085282	-0.83543575	-1.2878504	-0.99134976
0.0513727	0.8678018	0.39928597	-0.15997769	-1.012031	1.5703291	1.8134078	1.333029	0.91836584	-1.5740485
-2.1836097	-2.0973675	-1.3733665	-2.1038637	-0.78072494	-2.0645216	-2.6174145	-1.4469002	-1.5697066	-0.61843336
-2.1685565	-2.0979977	-1.4253272	-2.099871	-1.1605706	-2.2001412	-1.820742	-1.4128842	-1.6717191	-1.5003663
-1.6157866	-1.7567145	-1.1187172	-1.5633643	-1.3397715	-2.2561018	-2.0204244	-1.2965676	-1.8368722	-1.4251053
-1.4960732	-1.6385584	-1.0341954	-1.4700098	-2.0574763	-2.1997135	-1.7094641	-1.490192	-1.5822784	-1.8339415
-1.8248454	-1.9247538	-1.3549916	-1.7859145	-1.0439191	-1.5987965	-2.6736293	-1.1444252	-1.6337731	0.8917014
-1.1255004	-1.592223	-0.73507345	-1.1694158	-0.971534	-1.0531849	-1.3780366	-0.35294858	-1.6476296	-1.7415125
0.114048086	-0.853757	0.6953292	-0.02103576	-1.9168335	-0.79591364	-1.7404008	0.33732897	-0.92601514	-1.3370403
-0.6227413	-1.0612798	-0.40316126	-0.6240463	-0.51392406	-1.635685	-1.3022743	-1.1910563	-1.9389658	-0.052542113
-1.8094375	-1.6181939	-1.2322159	-1.7914667	-1.2305133	-0.918109	-0.8235109	-0.70933163	-2.0614538	-1.011775
-0.7955613	-1.067383	-0.25273612	-0.8780905	-0.93379307	-1.0314386	-1.1712408	-0.017530955	-0.9738068	-0.3715608
-0.89340544	-1.0401003	-0.37987587	-0.93299466	-0.69630444	-2.3562906	-2.948275	-3.581037	-0.9627679	-0.22938465
0.51742285	0.2139236	0.61885655	0.37476325	-1.1794083	1.2763333	0.41593328	1.2481036	0.95205593	-1.2354838
-2.5847516	-2.4708753	-1.7356074	-2.562458	-1.9433795	-3.8172183	-1.732229	-2.0940113	-1.7992692	-0.23541807
-1.9090253	-2.0060022	-1.3203305	-1.8626934	-1.5811453	-2.3744788	-1.4733455	-1.2972956	-1.9930098	-2.3265088
-0.7036372	-0.8307314	-0.42985633	-0.748499	-1.2921741	-0.47146028	-0.16292343	-0.5251987	-1.3923348	-0.4668095
-1.5617577	-1.7669834	-1.1653686	-1.538147	-1.3366866	-2.2080646	-2.2975223	-1.6932764	-1.8007798	-1.0167559
-0.10854537	-0.9335562	0.15844613	-0.3092534	-0.04689336	-0.9507615	-1.4379604	-0.0040830094	-0.29883558	-0.8698581
-1.3053741	-1.5219173	-0.82773554	-1.280037	-1.0719709	-1.2631899	0.134162	-0.9813291	-1.8039248	-1.5295867
-1.3918928	-1.2207631	-0.84041154	-1.4399903	-1.5751134	-1.7399086	-1.7849755	-0.71810746	-1.5757926	-1.3047584
-0.5054332	-0.7208998	0.039285526	-0.6400655	-0.95068717	-0.98293585	-1.3374839	-0.8311384	-0.8055458	-0.7806653
-0.573486	-0.9077591	-0.26033604	-0.64362377	-1.2696183	-0.72793424	-0.4364177	-1.0279772	-0.36534566	-1.3034766
-0.12011748	-0.56586945	0.30413964	-0.24555346	-1.1860063	0.07012602	-0.35375583	0.68536305	-0.17845206	-0.833239
-1.5188632	-1.5989982	-1.0583299	-1.4632785	-1.6943021	-1.6158797	-1.9661068	-1.5900884	-1.44008	-1.4290739
-2.0694034	-2.2016819	-1.3888793	-1.9586236	-0.9394275	-2.4939184	-2.3701506	-1.4266603	-3.2198658	-2.1370482
-0.340919	-0.37517896	-0.116196096	-0.39853686	-1.0580885	-1.6155413	-1.8542861	-1.107886	-1.7752749	-1.3891839
-1.1175207	-1.184995	-0.67454267	-1.1335901	-0.47252932	-1.9379733	-2.0967164	-0.9657818	-1.6691496	-0.8684109
-0.5561586	-1.2102998	-0.31694755	-0.60096467	-0.7106216	1.2296734	-1.0643656	0.4537658	1.2996422	-1.4758704
-1.4208682	-1.82763	-1.1076049	-1.4863708	-2.5999157	1.2349731	-0.25251782	-0.03923784	1.1754264	-1.7585351
0.28936553	-0.50177217	0.6088426	0.18419765	-1.2691505	0.020866865	-0.42667866	1.0354244	0.06546127	-1.6387115
-0.080701984	-0.077034	0.30755788	-0.21280397	-1.3068209	-0.12085508	0.6895547	0.31672826	-0.072132304	-0.8453071
-0.78585315	-1.1797022	-0.41804352	-0.8220744	-1.990821	-0.97063154	-2.1263797	-0.38787434	-1.1464174	-1.2417134
-1.6035843	-1.8620021	-1.1044014	-1.5568237	-1.3302821	-1.6693918	-1.9400852	-1.2255359	-2.4624782	-2.296459
1.5807198	3.0220168	1.705015	1.2384028	0.96460783	0.64532477	2.3866162	0.10851787	-1.9275295	0.21839495
